Dynamical matrix file
                                                                           
  1    2  2 10.3160000  0.0000000  0.0000000  0.0000000  0.0000000  0.0000000
           1  'Si  '    25598.822984527003     
    1    1      0.0000000000      0.0000000000      0.0000000000
    2    1      0.2500000000      0.2500000000      0.2500000000

     Dynamical  Matrix in cartesian axes

     q = (    0.750000000  -0.250000000   0.750000000 ) 

    1    1
  0.24870525  0.00000000   -0.00637557  0.00772481    0.00595344  0.00000000
 -0.00637557 -0.00772481    0.30019291  0.00000000   -0.00637557 -0.00772481
  0.00595344  0.00000000   -0.00637557  0.00772481    0.24870525  0.00000000
    1    2
 -0.06100279  0.06213981   -0.04166492  0.04409401   -0.04203513 -0.13773360
 -0.04166492  0.04409401   -0.05935785  0.08061532   -0.04166492  0.04409401
 -0.04203513 -0.13773360   -0.04166492  0.04409401   -0.06100279  0.06213981
    2    1
 -0.06100279 -0.06213981   -0.04166492 -0.04409401   -0.04203513  0.13773360
 -0.04166492 -0.04409401   -0.05935785 -0.08061532   -0.04166492 -0.04409401
 -0.04203513  0.13773360   -0.04166492 -0.04409401   -0.06100279 -0.06213981
    2    2
  0.24870525  0.00000000   -0.00637557 -0.00772481    0.00595344  0.00000000
 -0.00637557  0.00772481    0.30019291  0.00000000   -0.00637557  0.00772481
  0.00595344  0.00000000   -0.00637557 -0.00772481    0.24870525  0.00000000

     Dynamical  Matrix in cartesian axes

     q = (    0.750000000  -0.250000000  -0.750000000 ) 

    1    1
  0.24870525  0.00000000   -0.00637557 -0.00772481   -0.00595344  0.00000000
 -0.00637557  0.00772481    0.30019291  0.00000000    0.00637557 -0.00772481
 -0.00595344  0.00000000    0.00637557  0.00772481    0.24870525  0.00000000
    1    2
 -0.06213981  0.06100279   -0.04409401  0.04166492   -0.13773360 -0.04203513
 -0.04409401  0.04166492   -0.08061532  0.05935785    0.04409401 -0.04166492
 -0.13773360 -0.04203513    0.04409401 -0.04166492   -0.06213981  0.06100279
    2    1
 -0.06213981 -0.06100279   -0.04409401 -0.04166492   -0.13773360  0.04203513
 -0.04409401 -0.04166492   -0.08061532 -0.05935785    0.04409401  0.04166492
 -0.13773360  0.04203513    0.04409401  0.04166492   -0.06213981 -0.06100279
    2    2
  0.24870525  0.00000000   -0.00637557  0.00772481   -0.00595344  0.00000000
 -0.00637557 -0.00772481    0.30019291  0.00000000    0.00637557  0.00772481
 -0.00595344  0.00000000    0.00637557 -0.00772481    0.24870525  0.00000000

     Dynamical  Matrix in cartesian axes

     q = (   -0.750000000  -0.250000000  -0.750000000 ) 

    1    1
  0.24870525  0.00000000    0.00637557 -0.00772481    0.00595344  0.00000000
  0.00637557  0.00772481    0.30019291  0.00000000    0.00637557  0.00772481
  0.00595344  0.00000000    0.00637557 -0.00772481    0.24870525  0.00000000
    1    2
  0.06213981  0.06100279   -0.04409401 -0.04166492   -0.13773360  0.04203513
 -0.04409401 -0.04166492    0.08061532  0.05935785   -0.04409401 -0.04166492
 -0.13773360  0.04203513   -0.04409401 -0.04166492    0.06213981  0.06100279
    2    1
  0.06213981 -0.06100279   -0.04409401  0.04166492   -0.13773360 -0.04203513
 -0.04409401  0.04166492    0.08061532 -0.05935785   -0.04409401  0.04166492
 -0.13773360 -0.04203513   -0.04409401  0.04166492    0.06213981 -0.06100279
    2    2
  0.24870525  0.00000000    0.00637557  0.00772481    0.00595344  0.00000000
  0.00637557 -0.00772481    0.30019291  0.00000000    0.00637557 -0.00772481
  0.00595344  0.00000000    0.00637557  0.00772481    0.24870525  0.00000000

     Dynamical  Matrix in cartesian axes

     q = (   -0.750000000  -0.250000000   0.750000000 ) 

    1    1
  0.24870525  0.00000000    0.00637557  0.00772481   -0.00595344  0.00000000
  0.00637557 -0.00772481    0.30019291  0.00000000   -0.00637557  0.00772481
 -0.00595344  0.00000000   -0.00637557 -0.00772481    0.24870525  0.00000000
    1    2
 -0.06213981  0.06100279    0.04409401 -0.04166492   -0.13773360 -0.04203513
  0.04409401 -0.04166492   -0.08061532  0.05935785   -0.04409401  0.04166492
 -0.13773360 -0.04203513   -0.04409401  0.04166492   -0.06213981  0.06100279
    2    1
 -0.06213981 -0.06100279    0.04409401  0.04166492   -0.13773360  0.04203513
  0.04409401  0.04166492   -0.08061532 -0.05935785   -0.04409401 -0.04166492
 -0.13773360  0.04203513   -0.04409401 -0.04166492   -0.06213981 -0.06100279
    2    2
  0.24870525  0.00000000    0.00637557 -0.00772481   -0.00595344  0.00000000
  0.00637557  0.00772481    0.30019291  0.00000000   -0.00637557 -0.00772481
 -0.00595344  0.00000000   -0.00637557  0.00772481    0.24870525  0.00000000

     Dynamical  Matrix in cartesian axes

     q = (   -0.750000000   0.250000000  -0.750000000 ) 

    1    1
  0.24870525  0.00000000   -0.00637557 -0.00772481    0.00595344  0.00000000
 -0.00637557  0.00772481    0.30019291  0.00000000   -0.00637557  0.00772481
  0.00595344  0.00000000   -0.00637557 -0.00772481    0.24870525  0.00000000
    1    2
 -0.06100279 -0.06213981   -0.04166492 -0.04409401   -0.04203513  0.13773360
 -0.04166492 -0.04409401   -0.05935785 -0.08061532   -0.04166492 -0.04409401
 -0.04203513  0.13773360   -0.04166492 -0.04409401   -0.06100279 -0.06213981
    2    1
 -0.06100279  0.06213981   -0.04166492  0.04409401   -0.04203513 -0.13773360
 -0.04166492  0.04409401   -0.05935785  0.08061532   -0.04166492  0.04409401
 -0.04203513 -0.13773360   -0.04166492  0.04409401   -0.06100279  0.06213981
    2    2
  0.24870525  0.00000000   -0.00637557  0.00772481    0.00595344  0.00000000
 -0.00637557 -0.00772481    0.30019291  0.00000000   -0.00637557 -0.00772481
  0.00595344  0.00000000   -0.00637557  0.00772481    0.24870525  0.00000000

     Dynamical  Matrix in cartesian axes

     q = (   -0.250000000   0.750000000  -0.750000000 ) 

    1    1
  0.30019291  0.00000000   -0.00637557  0.00772481    0.00637557 -0.00772481
 -0.00637557 -0.00772481    0.24870525  0.00000000   -0.00595344  0.00000000
  0.00637557  0.00772481   -0.00595344  0.00000000    0.24870525  0.00000000
    1    2
 -0.08061532  0.05935785   -0.04409401  0.04166492    0.04409401 -0.04166492
 -0.04409401  0.04166492   -0.06213981  0.06100279   -0.13773360 -0.04203513
  0.04409401 -0.04166492   -0.13773360 -0.04203513   -0.06213981  0.06100279
    2    1
 -0.08061532 -0.05935785   -0.04409401 -0.04166492    0.04409401  0.04166492
 -0.04409401 -0.04166492   -0.06213981 -0.06100279   -0.13773360  0.04203513
  0.04409401  0.04166492   -0.13773360  0.04203513   -0.06213981 -0.06100279
    2    2
  0.30019291  0.00000000   -0.00637557 -0.00772481    0.00637557  0.00772481
 -0.00637557  0.00772481    0.24870525  0.00000000   -0.00595344  0.00000000
  0.00637557 -0.00772481   -0.00595344  0.00000000    0.24870525  0.00000000

     Dynamical  Matrix in cartesian axes

     q = (   -0.750000000   0.750000000  -0.250000000 ) 

    1    1
  0.24870525  0.00000000   -0.00595344  0.00000000    0.00637557  0.00772481
 -0.00595344  0.00000000    0.24870525  0.00000000   -0.00637557 -0.00772481
  0.00637557 -0.00772481   -0.00637557  0.00772481    0.30019291  0.00000000
    1    2
 -0.06213981  0.06100279   -0.13773360 -0.04203513    0.04409401 -0.04166492
 -0.13773360 -0.04203513   -0.06213981  0.06100279   -0.04409401  0.04166492
  0.04409401 -0.04166492   -0.04409401  0.04166492   -0.08061532  0.05935785
    2    1
 -0.06213981 -0.06100279   -0.13773360  0.04203513    0.04409401  0.04166492
 -0.13773360  0.04203513   -0.06213981 -0.06100279   -0.04409401 -0.04166492
  0.04409401  0.04166492   -0.04409401 -0.04166492   -0.08061532 -0.05935785
    2    2
  0.24870525  0.00000000   -0.00595344  0.00000000    0.00637557 -0.00772481
 -0.00595344  0.00000000    0.24870525  0.00000000   -0.00637557  0.00772481
  0.00637557  0.00772481   -0.00637557 -0.00772481    0.30019291  0.00000000

     Dynamical  Matrix in cartesian axes

     q = (    0.750000000   0.250000000   0.750000000 ) 

    1    1
  0.24870525  0.00000000    0.00637557  0.00772481    0.00595344  0.00000000
  0.00637557 -0.00772481    0.30019291  0.00000000    0.00637557 -0.00772481
  0.00595344  0.00000000    0.00637557  0.00772481    0.24870525  0.00000000
    1    2
  0.06213981 -0.06100279   -0.04409401  0.04166492   -0.13773360 -0.04203513
 -0.04409401  0.04166492    0.08061532 -0.05935785   -0.04409401  0.04166492
 -0.13773360 -0.04203513   -0.04409401  0.04166492    0.06213981 -0.06100279
    2    1
  0.06213981  0.06100279   -0.04409401 -0.04166492   -0.13773360  0.04203513
 -0.04409401 -0.04166492    0.08061532  0.05935785   -0.04409401 -0.04166492
 -0.13773360  0.04203513   -0.04409401 -0.04166492    0.06213981  0.06100279
    2    2
  0.24870525  0.00000000    0.00637557 -0.00772481    0.00595344  0.00000000
  0.00637557  0.00772481    0.30019291  0.00000000    0.00637557  0.00772481
  0.00595344  0.00000000    0.00637557 -0.00772481    0.24870525  0.00000000

     Dynamical  Matrix in cartesian axes

     q = (   -0.750000000   0.250000000   0.750000000 ) 

    1    1
  0.24870525  0.00000000   -0.00637557  0.00772481   -0.00595344  0.00000000
 -0.00637557 -0.00772481    0.30019291  0.00000000    0.00637557  0.00772481
 -0.00595344  0.00000000    0.00637557 -0.00772481    0.24870525  0.00000000
    1    2
 -0.06213981 -0.06100279   -0.04409401 -0.04166492   -0.13773360  0.04203513
 -0.04409401 -0.04166492   -0.08061532 -0.05935785    0.04409401  0.04166492
 -0.13773360  0.04203513    0.04409401  0.04166492   -0.06213981 -0.06100279
    2    1
 -0.06213981  0.06100279   -0.04409401  0.04166492   -0.13773360 -0.04203513
 -0.04409401  0.04166492   -0.08061532  0.05935785    0.04409401 -0.04166492
 -0.13773360 -0.04203513    0.04409401 -0.04166492   -0.06213981  0.06100279
    2    2
  0.24870525  0.00000000   -0.00637557 -0.00772481   -0.00595344  0.00000000
 -0.00637557  0.00772481    0.30019291  0.00000000    0.00637557 -0.00772481
 -0.00595344  0.00000000    0.00637557  0.00772481    0.24870525  0.00000000

     Dynamical  Matrix in cartesian axes

     q = (    0.750000000   0.250000000  -0.750000000 ) 

    1    1
  0.24870525  0.00000000    0.00637557 -0.00772481   -0.00595344  0.00000000
  0.00637557  0.00772481    0.30019291  0.00000000   -0.00637557 -0.00772481
 -0.00595344  0.00000000   -0.00637557  0.00772481    0.24870525  0.00000000
    1    2
 -0.06213981 -0.06100279    0.04409401  0.04166492   -0.13773360  0.04203513
  0.04409401  0.04166492   -0.08061532 -0.05935785   -0.04409401 -0.04166492
 -0.13773360  0.04203513   -0.04409401 -0.04166492   -0.06213981 -0.06100279
    2    1
 -0.06213981  0.06100279    0.04409401 -0.04166492   -0.13773360 -0.04203513
  0.04409401 -0.04166492   -0.08061532  0.05935785   -0.04409401  0.04166492
 -0.13773360 -0.04203513   -0.04409401  0.04166492   -0.06213981  0.06100279
    2    2
  0.24870525  0.00000000    0.00637557  0.00772481   -0.00595344  0.00000000
  0.00637557 -0.00772481    0.30019291  0.00000000   -0.00637557  0.00772481
 -0.00595344  0.00000000   -0.00637557 -0.00772481    0.24870525  0.00000000

     Dynamical  Matrix in cartesian axes

     q = (   -0.750000000   0.750000000   0.250000000 ) 

    1    1
  0.24870525  0.00000000   -0.00595344  0.00000000   -0.00637557  0.00772481
 -0.00595344  0.00000000    0.24870525  0.00000000    0.00637557 -0.00772481
 -0.00637557 -0.00772481    0.00637557  0.00772481    0.30019291  0.00000000
    1    2
 -0.06213981 -0.06100279   -0.13773360  0.04203513   -0.04409401 -0.04166492
 -0.13773360  0.04203513   -0.06213981 -0.06100279    0.04409401  0.04166492
 -0.04409401 -0.04166492    0.04409401  0.04166492   -0.08061532 -0.05935785
    2    1
 -0.06213981  0.06100279   -0.13773360 -0.04203513   -0.04409401  0.04166492
 -0.13773360 -0.04203513   -0.06213981  0.06100279    0.04409401 -0.04166492
 -0.04409401  0.04166492    0.04409401 -0.04166492   -0.08061532  0.05935785
    2    2
  0.24870525  0.00000000   -0.00595344  0.00000000   -0.00637557 -0.00772481
 -0.00595344  0.00000000    0.24870525  0.00000000    0.00637557  0.00772481
 -0.00637557  0.00772481    0.00637557 -0.00772481    0.30019291  0.00000000

     Dynamical  Matrix in cartesian axes

     q = (   -0.250000000   0.750000000   0.750000000 ) 

    1    1
  0.30019291  0.00000000   -0.00637557 -0.00772481   -0.00637557 -0.00772481
 -0.00637557  0.00772481    0.24870525  0.00000000    0.00595344  0.00000000
 -0.00637557  0.00772481    0.00595344  0.00000000    0.24870525  0.00000000
    1    2
 -0.05935785  0.08061532   -0.04166492  0.04409401   -0.04166492  0.04409401
 -0.04166492  0.04409401   -0.06100279  0.06213981   -0.04203513 -0.13773360
 -0.04166492  0.04409401   -0.04203513 -0.13773360   -0.06100279  0.06213981
    2    1
 -0.05935785 -0.08061532   -0.04166492 -0.04409401   -0.04166492 -0.04409401
 -0.04166492 -0.04409401   -0.06100279 -0.06213981   -0.04203513  0.13773360
 -0.04166492 -0.04409401   -0.04203513  0.13773360   -0.06100279 -0.06213981
    2    2
  0.30019291  0.00000000   -0.00637557  0.00772481   -0.00637557  0.00772481
 -0.00637557 -0.00772481    0.24870525  0.00000000    0.00595344  0.00000000
 -0.00637557 -0.00772481    0.00595344  0.00000000    0.24870525  0.00000000

     Dynamical  Matrix in cartesian axes

     q = (    0.250000000   0.750000000  -0.750000000 ) 

    1    1
  0.30019291  0.00000000    0.00637557  0.00772481   -0.00637557 -0.00772481
  0.00637557 -0.00772481    0.24870525  0.00000000   -0.00595344  0.00000000
 -0.00637557  0.00772481   -0.00595344  0.00000000    0.24870525  0.00000000
    1    2
 -0.08061532 -0.05935785    0.04409401  0.04166492   -0.04409401 -0.04166492
  0.04409401  0.04166492   -0.06213981 -0.06100279   -0.13773360  0.04203513
 -0.04409401 -0.04166492   -0.13773360  0.04203513   -0.06213981 -0.06100279
    2    1
 -0.08061532  0.05935785    0.04409401 -0.04166492   -0.04409401  0.04166492
  0.04409401 -0.04166492   -0.06213981  0.06100279   -0.13773360 -0.04203513
 -0.04409401  0.04166492   -0.13773360 -0.04203513   -0.06213981  0.06100279
    2    2
  0.30019291  0.00000000    0.00637557 -0.00772481   -0.00637557  0.00772481
  0.00637557  0.00772481    0.24870525  0.00000000   -0.00595344  0.00000000
 -0.00637557 -0.00772481   -0.00595344  0.00000000    0.24870525  0.00000000

     Dynamical  Matrix in cartesian axes

     q = (   -0.250000000  -0.750000000  -0.750000000 ) 

    1    1
  0.30019291  0.00000000    0.00637557  0.00772481    0.00637557  0.00772481
  0.00637557 -0.00772481    0.24870525  0.00000000    0.00595344  0.00000000
  0.00637557 -0.00772481    0.00595344  0.00000000    0.24870525  0.00000000
    1    2
  0.08061532  0.05935785   -0.04409401 -0.04166492   -0.04409401 -0.04166492
 -0.04409401 -0.04166492    0.06213981  0.06100279   -0.13773360  0.04203513
 -0.04409401 -0.04166492   -0.13773360  0.04203513    0.06213981  0.06100279
    2    1
  0.08061532 -0.05935785   -0.04409401  0.04166492   -0.04409401  0.04166492
 -0.04409401  0.04166492    0.06213981 -0.06100279   -0.13773360 -0.04203513
 -0.04409401  0.04166492   -0.13773360 -0.04203513    0.06213981 -0.06100279
    2    2
  0.30019291  0.00000000    0.00637557 -0.00772481    0.00637557 -0.00772481
  0.00637557  0.00772481    0.24870525  0.00000000    0.00595344  0.00000000
  0.00637557  0.00772481    0.00595344  0.00000000    0.24870525  0.00000000

     Dynamical  Matrix in cartesian axes

     q = (    0.750000000   0.750000000  -0.250000000 ) 

    1    1
  0.24870525  0.00000000    0.00595344  0.00000000   -0.00637557  0.00772481
  0.00595344  0.00000000    0.24870525  0.00000000   -0.00637557  0.00772481
 -0.00637557 -0.00772481   -0.00637557 -0.00772481    0.30019291  0.00000000
    1    2
 -0.06100279  0.06213981   -0.04203513 -0.13773360   -0.04166492  0.04409401
 -0.04203513 -0.13773360   -0.06100279  0.06213981   -0.04166492  0.04409401
 -0.04166492  0.04409401   -0.04166492  0.04409401   -0.05935785  0.08061532
    2    1
 -0.06100279 -0.06213981   -0.04203513  0.13773360   -0.04166492 -0.04409401
 -0.04203513  0.13773360   -0.06100279 -0.06213981   -0.04166492 -0.04409401
 -0.04166492 -0.04409401   -0.04166492 -0.04409401   -0.05935785 -0.08061532
    2    2
  0.24870525  0.00000000    0.00595344  0.00000000   -0.00637557 -0.00772481
  0.00595344  0.00000000    0.24870525  0.00000000   -0.00637557 -0.00772481
 -0.00637557  0.00772481   -0.00637557  0.00772481    0.30019291  0.00000000

     Dynamical  Matrix in cartesian axes

     q = (    0.750000000  -0.750000000   0.250000000 ) 

    1    1
  0.24870525  0.00000000   -0.00595344  0.00000000    0.00637557 -0.00772481
 -0.00595344  0.00000000    0.24870525  0.00000000   -0.00637557  0.00772481
  0.00637557  0.00772481   -0.00637557 -0.00772481    0.30019291  0.00000000
    1    2
 -0.06213981 -0.06100279   -0.13773360  0.04203513    0.04409401  0.04166492
 -0.13773360  0.04203513   -0.06213981 -0.06100279   -0.04409401 -0.04166492
  0.04409401  0.04166492   -0.04409401 -0.04166492   -0.08061532 -0.05935785
    2    1
 -0.06213981  0.06100279   -0.13773360 -0.04203513    0.04409401 -0.04166492
 -0.13773360 -0.04203513   -0.06213981  0.06100279   -0.04409401  0.04166492
  0.04409401 -0.04166492   -0.04409401  0.04166492   -0.08061532  0.05935785
    2    2
  0.24870525  0.00000000   -0.00595344  0.00000000    0.00637557  0.00772481
 -0.00595344  0.00000000    0.24870525  0.00000000   -0.00637557 -0.00772481
  0.00637557 -0.00772481   -0.00637557  0.00772481    0.30019291  0.00000000

     Dynamical  Matrix in cartesian axes

     q = (   -0.750000000  -0.750000000  -0.250000000 ) 

    1    1
  0.24870525  0.00000000    0.00595344  0.00000000    0.00637557 -0.00772481
  0.00595344  0.00000000    0.24870525  0.00000000    0.00637557 -0.00772481
  0.00637557  0.00772481    0.00637557  0.00772481    0.30019291  0.00000000
    1    2
  0.06213981  0.06100279   -0.13773360  0.04203513   -0.04409401 -0.04166492
 -0.13773360  0.04203513    0.06213981  0.06100279   -0.04409401 -0.04166492
 -0.04409401 -0.04166492   -0.04409401 -0.04166492    0.08061532  0.05935785
    2    1
  0.06213981 -0.06100279   -0.13773360 -0.04203513   -0.04409401  0.04166492
 -0.13773360 -0.04203513    0.06213981 -0.06100279   -0.04409401  0.04166492
 -0.04409401  0.04166492   -0.04409401  0.04166492    0.08061532 -0.05935785
    2    2
  0.24870525  0.00000000    0.00595344  0.00000000    0.00637557  0.00772481
  0.00595344  0.00000000    0.24870525  0.00000000    0.00637557  0.00772481
  0.00637557 -0.00772481    0.00637557 -0.00772481    0.30019291  0.00000000

     Dynamical  Matrix in cartesian axes

     q = (    0.250000000  -0.750000000   0.750000000 ) 

    1    1
  0.30019291  0.00000000   -0.00637557 -0.00772481    0.00637557  0.00772481
 -0.00637557  0.00772481    0.24870525  0.00000000   -0.00595344  0.00000000
  0.00637557 -0.00772481   -0.00595344  0.00000000    0.24870525  0.00000000
    1    2
 -0.08061532 -0.05935785   -0.04409401 -0.04166492    0.04409401  0.04166492
 -0.04409401 -0.04166492   -0.06213981 -0.06100279   -0.13773360  0.04203513
  0.04409401  0.04166492   -0.13773360  0.04203513   -0.06213981 -0.06100279
    2    1
 -0.08061532  0.05935785   -0.04409401  0.04166492    0.04409401 -0.04166492
 -0.04409401  0.04166492   -0.06213981  0.06100279   -0.13773360 -0.04203513
  0.04409401 -0.04166492   -0.13773360 -0.04203513   -0.06213981  0.06100279
    2    2
  0.30019291  0.00000000   -0.00637557  0.00772481    0.00637557 -0.00772481
 -0.00637557 -0.00772481    0.24870525  0.00000000   -0.00595344  0.00000000
  0.00637557  0.00772481   -0.00595344  0.00000000    0.24870525  0.00000000

     Dynamical  Matrix in cartesian axes

     q = (   -0.750000000  -0.750000000   0.250000000 ) 

    1    1
  0.24870525  0.00000000    0.00595344  0.00000000   -0.00637557 -0.00772481
  0.00595344  0.00000000    0.24870525  0.00000000   -0.00637557 -0.00772481
 -0.00637557  0.00772481   -0.00637557  0.00772481    0.30019291  0.00000000
    1    2
 -0.06100279 -0.06213981   -0.04203513  0.13773360   -0.04166492 -0.04409401
 -0.04203513  0.13773360   -0.06100279 -0.06213981   -0.04166492 -0.04409401
 -0.04166492 -0.04409401   -0.04166492 -0.04409401   -0.05935785 -0.08061532
    2    1
 -0.06100279  0.06213981   -0.04203513 -0.13773360   -0.04166492  0.04409401
 -0.04203513 -0.13773360   -0.06100279  0.06213981   -0.04166492  0.04409401
 -0.04166492  0.04409401   -0.04166492  0.04409401   -0.05935785  0.08061532
    2    2
  0.24870525  0.00000000    0.00595344  0.00000000   -0.00637557  0.00772481
  0.00595344  0.00000000    0.24870525  0.00000000   -0.00637557  0.00772481
 -0.00637557 -0.00772481   -0.00637557 -0.00772481    0.30019291  0.00000000

     Dynamical  Matrix in cartesian axes

     q = (    0.250000000   0.750000000   0.750000000 ) 

    1    1
  0.30019291  0.00000000    0.00637557 -0.00772481    0.00637557 -0.00772481
  0.00637557  0.00772481    0.24870525  0.00000000    0.00595344  0.00000000
  0.00637557  0.00772481    0.00595344  0.00000000    0.24870525  0.00000000
    1    2
  0.08061532 -0.05935785   -0.04409401  0.04166492   -0.04409401  0.04166492
 -0.04409401  0.04166492    0.06213981 -0.06100279   -0.13773360 -0.04203513
 -0.04409401  0.04166492   -0.13773360 -0.04203513    0.06213981 -0.06100279
    2    1
  0.08061532  0.05935785   -0.04409401 -0.04166492   -0.04409401 -0.04166492
 -0.04409401 -0.04166492    0.06213981  0.06100279   -0.13773360  0.04203513
 -0.04409401 -0.04166492   -0.13773360  0.04203513    0.06213981  0.06100279
    2    2
  0.30019291  0.00000000    0.00637557  0.00772481    0.00637557  0.00772481
  0.00637557 -0.00772481    0.24870525  0.00000000    0.00595344  0.00000000
  0.00637557 -0.00772481    0.00595344  0.00000000    0.24870525  0.00000000

     Dynamical  Matrix in cartesian axes

     q = (   -0.250000000  -0.750000000   0.750000000 ) 

    1    1
  0.30019291  0.00000000    0.00637557 -0.00772481   -0.00637557  0.00772481
  0.00637557  0.00772481    0.24870525  0.00000000   -0.00595344  0.00000000
 -0.00637557 -0.00772481   -0.00595344  0.00000000    0.24870525  0.00000000
    1    2
 -0.08061532  0.05935785    0.04409401 -0.04166492   -0.04409401  0.04166492
  0.04409401 -0.04166492   -0.06213981  0.06100279   -0.13773360 -0.04203513
 -0.04409401  0.04166492   -0.13773360 -0.04203513   -0.06213981  0.06100279
    2    1
 -0.08061532 -0.05935785    0.04409401  0.04166492   -0.04409401 -0.04166492
  0.04409401  0.04166492   -0.06213981 -0.06100279   -0.13773360  0.04203513
 -0.04409401 -0.04166492   -0.13773360  0.04203513   -0.06213981 -0.06100279
    2    2
  0.30019291  0.00000000    0.00637557  0.00772481   -0.00637557 -0.00772481
  0.00637557 -0.00772481    0.24870525  0.00000000   -0.00595344  0.00000000
 -0.00637557  0.00772481   -0.00595344  0.00000000    0.24870525  0.00000000

     Dynamical  Matrix in cartesian axes

     q = (    0.750000000   0.750000000   0.250000000 ) 

    1    1
  0.24870525  0.00000000    0.00595344  0.00000000    0.00637557  0.00772481
  0.00595344  0.00000000    0.24870525  0.00000000    0.00637557  0.00772481
  0.00637557 -0.00772481    0.00637557 -0.00772481    0.30019291  0.00000000
    1    2
  0.06213981 -0.06100279   -0.13773360 -0.04203513   -0.04409401  0.04166492
 -0.13773360 -0.04203513    0.06213981 -0.06100279   -0.04409401  0.04166492
 -0.04409401  0.04166492   -0.04409401  0.04166492    0.08061532 -0.05935785
    2    1
  0.06213981  0.06100279   -0.13773360  0.04203513   -0.04409401 -0.04166492
 -0.13773360  0.04203513    0.06213981  0.06100279   -0.04409401 -0.04166492
 -0.04409401 -0.04166492   -0.04409401 -0.04166492    0.08061532  0.05935785
    2    2
  0.24870525  0.00000000    0.00595344  0.00000000    0.00637557 -0.00772481
  0.00595344  0.00000000    0.24870525  0.00000000    0.00637557 -0.00772481
  0.00637557  0.00772481    0.00637557  0.00772481    0.30019291  0.00000000

     Dynamical  Matrix in cartesian axes

     q = (    0.250000000  -0.750000000  -0.750000000 ) 

    1    1
  0.30019291  0.00000000   -0.00637557  0.00772481   -0.00637557  0.00772481
 -0.00637557 -0.00772481    0.24870525  0.00000000    0.00595344  0.00000000
 -0.00637557 -0.00772481    0.00595344  0.00000000    0.24870525  0.00000000
    1    2
 -0.05935785 -0.08061532   -0.04166492 -0.04409401   -0.04166492 -0.04409401
 -0.04166492 -0.04409401   -0.06100279 -0.06213981   -0.04203513  0.13773360
 -0.04166492 -0.04409401   -0.04203513  0.13773360   -0.06100279 -0.06213981
    2    1
 -0.05935785  0.08061532   -0.04166492  0.04409401   -0.04166492  0.04409401
 -0.04166492  0.04409401   -0.06100279  0.06213981   -0.04203513 -0.13773360
 -0.04166492  0.04409401   -0.04203513 -0.13773360   -0.06100279  0.06213981
    2    2
  0.30019291  0.00000000   -0.00637557 -0.00772481   -0.00637557 -0.00772481
 -0.00637557  0.00772481    0.24870525  0.00000000    0.00595344  0.00000000
 -0.00637557  0.00772481    0.00595344  0.00000000    0.24870525  0.00000000

     Dynamical  Matrix in cartesian axes

     q = (    0.750000000  -0.750000000  -0.250000000 ) 

    1    1
  0.24870525  0.00000000   -0.00595344  0.00000000   -0.00637557 -0.00772481
 -0.00595344  0.00000000    0.24870525  0.00000000    0.00637557  0.00772481
 -0.00637557  0.00772481    0.00637557 -0.00772481    0.30019291  0.00000000
    1    2
 -0.06213981  0.06100279   -0.13773360 -0.04203513   -0.04409401  0.04166492
 -0.13773360 -0.04203513   -0.06213981  0.06100279    0.04409401 -0.04166492
 -0.04409401  0.04166492    0.04409401 -0.04166492   -0.08061532  0.05935785
    2    1
 -0.06213981 -0.06100279   -0.13773360  0.04203513   -0.04409401 -0.04166492
 -0.13773360  0.04203513   -0.06213981 -0.06100279    0.04409401  0.04166492
 -0.04409401 -0.04166492    0.04409401  0.04166492   -0.08061532 -0.05935785
    2    2
  0.24870525  0.00000000   -0.00595344  0.00000000   -0.00637557  0.00772481
 -0.00595344  0.00000000    0.24870525  0.00000000    0.00637557 -0.00772481
 -0.00637557 -0.00772481    0.00637557  0.00772481    0.30019291  0.00000000

     Diagonalizing the dynamical matrix

     q = (    0.750000000  -0.250000000   0.750000000 ) 

 **************************************************************************
     freq (    1) =       4.212970 [THz] =     140.529566 [cm-1]
 (  0.047237 -0.497764  0.000000 -0.000000 -0.047237  0.497764 ) 
 (  0.500000 -0.000000  0.000000  0.000000 -0.500000  0.000000 ) 
     freq (    2) =       5.874903 [THz] =     195.965674 [cm-1]
 ( -0.389853 -0.164721 -0.343763  0.153590 -0.389853 -0.164721 ) 
 ( -0.423224  0.000000 -0.256880 -0.275275 -0.423224  0.000000 ) 
     freq (    3) =       9.406841 [THz] =     313.778425 [cm-1]
 (  0.117991 -0.287445  0.378005  0.404994  0.117991 -0.287445 ) 
 ( -0.310719  0.000000  0.231116  0.503481 -0.310719  0.000000 ) 
     freq (    4) =      12.152484 [THz] =     405.363216 [cm-1]
 (  0.074752  0.317936 -0.402494 -0.353067  0.074752  0.317936 ) 
 ( -0.326606 -0.000000  0.435816  0.311001 -0.326606  0.000000 ) 
     freq (    5) =      13.693776 [THz] =     456.775189 [cm-1]
 (  0.047237 -0.497764  0.000000  0.000000 -0.047237  0.497764 ) 
 ( -0.500000 -0.000000  0.000000  0.000000  0.500000  0.000000 ) 
     freq (    6) =      14.088691 [THz] =     469.948154 [cm-1]
 ( -0.302950 -0.160889 -0.464962  0.220186 -0.302950 -0.160889 ) 
 (  0.343022  0.000000  0.307370  0.412547  0.343022 -0.000000 ) 
 **************************************************************************
