Dynamical matrix file
                                                                           
  1    2  2 10.3600000  0.0000000  0.0000000  0.0000000  0.0000000  0.0000000
           1  'Si  '    25598.822984527003     
    1    1      0.0000000000      0.0000000000      0.0000000000
    2    1      0.2500000000      0.2500000000      0.2500000000

     Dynamical  Matrix in cartesian axes

     q = (   -0.250000000   0.250000000  -0.250000000 ) 

    1    1
  0.27850471  0.00000000   -0.01070522  0.00000000    0.01070522  0.00000000
 -0.01070522  0.00000000    0.27850471  0.00000000   -0.01070522  0.00000000
  0.01070522  0.00000000   -0.01070522  0.00000000    0.27850471  0.00000000
    1    2
 -0.20378936 -0.06015770   -0.03547809  0.03627629    0.03547809 -0.03627629
 -0.03547809  0.03627629   -0.20378936 -0.06015770   -0.03547809  0.03627629
  0.03547809 -0.03627629   -0.03547809  0.03627629   -0.20378936 -0.06015770
    2    1
 -0.20378936  0.06015770   -0.03547809 -0.03627629    0.03547809  0.03627629
 -0.03547809 -0.03627629   -0.20378936  0.06015770   -0.03547809 -0.03627629
  0.03547809  0.03627629   -0.03547809 -0.03627629   -0.20378936  0.06015770
    2    2
  0.27850471  0.00000000   -0.01070522  0.00000000    0.01070522  0.00000000
 -0.01070522  0.00000000    0.27850471  0.00000000   -0.01070522  0.00000000
  0.01070522  0.00000000   -0.01070522  0.00000000    0.27850471  0.00000000

     Dynamical  Matrix in cartesian axes

     q = (    0.250000000  -0.250000000  -0.250000000 ) 

    1    1
  0.27850471  0.00000000   -0.01070522  0.00000000   -0.01070522  0.00000000
 -0.01070522  0.00000000    0.27850471  0.00000000    0.01070522  0.00000000
 -0.01070522  0.00000000    0.01070522  0.00000000    0.27850471  0.00000000
    1    2
 -0.20378936 -0.06015770   -0.03547809  0.03627629   -0.03547809  0.03627629
 -0.03547809  0.03627629   -0.20378936 -0.06015770    0.03547809 -0.03627629
 -0.03547809  0.03627629    0.03547809 -0.03627629   -0.20378936 -0.06015770
    2    1
 -0.20378936  0.06015770   -0.03547809 -0.03627629   -0.03547809 -0.03627629
 -0.03547809 -0.03627629   -0.20378936  0.06015770    0.03547809  0.03627629
 -0.03547809 -0.03627629    0.03547809  0.03627629   -0.20378936  0.06015770
    2    2
  0.27850471  0.00000000   -0.01070522  0.00000000   -0.01070522  0.00000000
 -0.01070522  0.00000000    0.27850471  0.00000000    0.01070522  0.00000000
 -0.01070522  0.00000000    0.01070522  0.00000000    0.27850471  0.00000000

     Dynamical  Matrix in cartesian axes

     q = (    0.250000000  -0.250000000   0.250000000 ) 

    1    1
  0.27850471  0.00000000   -0.01070522  0.00000000    0.01070522  0.00000000
 -0.01070522  0.00000000    0.27850471  0.00000000   -0.01070522  0.00000000
  0.01070522  0.00000000   -0.01070522  0.00000000    0.27850471  0.00000000
    1    2
 -0.20378936  0.06015770   -0.03547809 -0.03627629    0.03547809  0.03627629
 -0.03547809 -0.03627629   -0.20378936  0.06015770   -0.03547809 -0.03627629
  0.03547809  0.03627629   -0.03547809 -0.03627629   -0.20378936  0.06015770
    2    1
 -0.20378936 -0.06015770   -0.03547809  0.03627629    0.03547809 -0.03627629
 -0.03547809  0.03627629   -0.20378936 -0.06015770   -0.03547809  0.03627629
  0.03547809 -0.03627629   -0.03547809  0.03627629   -0.20378936 -0.06015770
    2    2
  0.27850471  0.00000000   -0.01070522  0.00000000    0.01070522  0.00000000
 -0.01070522  0.00000000    0.27850471  0.00000000   -0.01070522  0.00000000
  0.01070522  0.00000000   -0.01070522  0.00000000    0.27850471  0.00000000

     Dynamical  Matrix in cartesian axes

     q = (    0.250000000   0.250000000   0.250000000 ) 

    1    1
  0.27850471  0.00000000    0.01070522  0.00000000    0.01070522  0.00000000
  0.01070522  0.00000000    0.27850471  0.00000000    0.01070522  0.00000000
  0.01070522  0.00000000    0.01070522  0.00000000    0.27850471  0.00000000
    1    2
 -0.06015770  0.20378936   -0.03627629 -0.03547809   -0.03627629 -0.03547809
 -0.03627629 -0.03547809   -0.06015770  0.20378936   -0.03627629 -0.03547809
 -0.03627629 -0.03547809   -0.03627629 -0.03547809   -0.06015770  0.20378936
    2    1
 -0.06015770 -0.20378936   -0.03627629  0.03547809   -0.03627629  0.03547809
 -0.03627629  0.03547809   -0.06015770 -0.20378936   -0.03627629  0.03547809
 -0.03627629  0.03547809   -0.03627629  0.03547809   -0.06015770 -0.20378936
    2    2
  0.27850471  0.00000000    0.01070522  0.00000000    0.01070522  0.00000000
  0.01070522  0.00000000    0.27850471  0.00000000    0.01070522  0.00000000
  0.01070522  0.00000000    0.01070522  0.00000000    0.27850471  0.00000000

     Dynamical  Matrix in cartesian axes

     q = (   -0.250000000  -0.250000000  -0.250000000 ) 

    1    1
  0.27850471  0.00000000    0.01070522  0.00000000    0.01070522  0.00000000
  0.01070522  0.00000000    0.27850471  0.00000000    0.01070522  0.00000000
  0.01070522  0.00000000    0.01070522  0.00000000    0.27850471  0.00000000
    1    2
 -0.06015770 -0.20378936   -0.03627629  0.03547809   -0.03627629  0.03547809
 -0.03627629  0.03547809   -0.06015770 -0.20378936   -0.03627629  0.03547809
 -0.03627629  0.03547809   -0.03627629  0.03547809   -0.06015770 -0.20378936
    2    1
 -0.06015770  0.20378936   -0.03627629 -0.03547809   -0.03627629 -0.03547809
 -0.03627629 -0.03547809   -0.06015770  0.20378936   -0.03627629 -0.03547809
 -0.03627629 -0.03547809   -0.03627629 -0.03547809   -0.06015770  0.20378936
    2    2
  0.27850471  0.00000000    0.01070522  0.00000000    0.01070522  0.00000000
  0.01070522  0.00000000    0.27850471  0.00000000    0.01070522  0.00000000
  0.01070522  0.00000000    0.01070522  0.00000000    0.27850471  0.00000000

     Dynamical  Matrix in cartesian axes

     q = (   -0.250000000  -0.250000000   0.250000000 ) 

    1    1
  0.27850471  0.00000000    0.01070522  0.00000000   -0.01070522  0.00000000
  0.01070522  0.00000000    0.27850471  0.00000000   -0.01070522  0.00000000
 -0.01070522  0.00000000   -0.01070522  0.00000000    0.27850471  0.00000000
    1    2
 -0.20378936 -0.06015770    0.03547809 -0.03627629   -0.03547809  0.03627629
  0.03547809 -0.03627629   -0.20378936 -0.06015770   -0.03547809  0.03627629
 -0.03547809  0.03627629   -0.03547809  0.03627629   -0.20378936 -0.06015770
    2    1
 -0.20378936  0.06015770    0.03547809  0.03627629   -0.03547809 -0.03627629
  0.03547809  0.03627629   -0.20378936  0.06015770   -0.03547809 -0.03627629
 -0.03547809 -0.03627629   -0.03547809 -0.03627629   -0.20378936  0.06015770
    2    2
  0.27850471  0.00000000    0.01070522  0.00000000   -0.01070522  0.00000000
  0.01070522  0.00000000    0.27850471  0.00000000   -0.01070522  0.00000000
 -0.01070522  0.00000000   -0.01070522  0.00000000    0.27850471  0.00000000

     Dynamical  Matrix in cartesian axes

     q = (   -0.250000000   0.250000000   0.250000000 ) 

    1    1
  0.27850471  0.00000000   -0.01070522  0.00000000   -0.01070522  0.00000000
 -0.01070522  0.00000000    0.27850471  0.00000000    0.01070522  0.00000000
 -0.01070522  0.00000000    0.01070522  0.00000000    0.27850471  0.00000000
    1    2
 -0.20378936  0.06015770   -0.03547809 -0.03627629   -0.03547809 -0.03627629
 -0.03547809 -0.03627629   -0.20378936  0.06015770    0.03547809  0.03627629
 -0.03547809 -0.03627629    0.03547809  0.03627629   -0.20378936  0.06015770
    2    1
 -0.20378936 -0.06015770   -0.03547809  0.03627629   -0.03547809  0.03627629
 -0.03547809  0.03627629   -0.20378936 -0.06015770    0.03547809 -0.03627629
 -0.03547809  0.03627629    0.03547809 -0.03627629   -0.20378936 -0.06015770
    2    2
  0.27850471  0.00000000   -0.01070522  0.00000000   -0.01070522  0.00000000
 -0.01070522  0.00000000    0.27850471  0.00000000    0.01070522  0.00000000
 -0.01070522  0.00000000    0.01070522  0.00000000    0.27850471  0.00000000

     Dynamical  Matrix in cartesian axes

     q = (    0.250000000   0.250000000  -0.250000000 ) 

    1    1
  0.27850471  0.00000000    0.01070522  0.00000000   -0.01070522  0.00000000
  0.01070522  0.00000000    0.27850471  0.00000000   -0.01070522  0.00000000
 -0.01070522  0.00000000   -0.01070522  0.00000000    0.27850471  0.00000000
    1    2
 -0.20378936  0.06015770    0.03547809  0.03627629   -0.03547809 -0.03627629
  0.03547809  0.03627629   -0.20378936  0.06015770   -0.03547809 -0.03627629
 -0.03547809 -0.03627629   -0.03547809 -0.03627629   -0.20378936  0.06015770
    2    1
 -0.20378936 -0.06015770    0.03547809 -0.03627629   -0.03547809  0.03627629
  0.03547809 -0.03627629   -0.20378936 -0.06015770   -0.03547809  0.03627629
 -0.03547809  0.03627629   -0.03547809  0.03627629   -0.20378936 -0.06015770
    2    2
  0.27850471  0.00000000    0.01070522  0.00000000   -0.01070522  0.00000000
  0.01070522  0.00000000    0.27850471  0.00000000   -0.01070522  0.00000000
 -0.01070522  0.00000000   -0.01070522  0.00000000    0.27850471  0.00000000

     Diagonalizing the dynamical matrix

     q = (   -0.250000000   0.250000000  -0.250000000 ) 

 **************************************************************************
     freq (    1) =       3.400083 [THz] =     113.414576 [cm-1]
 ( -0.574404 -0.057065 -0.297289 -0.029406  0.277115  0.027659 ) 
 ( -0.577232  0.000266 -0.298740  0.000266  0.278492  0.000000 ) 
     freq (    2) =       3.400083 [THz] =     113.414576 [cm-1]
 ( -0.011618 -0.001307  0.491624  0.048922  0.503242  0.050229 ) 
 ( -0.011690 -0.000146  0.494052 -0.000146  0.505743  0.000000 ) 
     freq (    3) =       6.885888 [THz] =     229.688486 [cm-1]
 ( -0.288809 -0.288542  0.288809  0.288542 -0.288809 -0.288542 ) 
 ( -0.408248  0.000000  0.408248 -0.000000 -0.408248  0.000000 ) 
     freq (    4) =      14.359315 [THz] =     478.975199 [cm-1]
 ( -0.288809 -0.288542  0.288809  0.288542 -0.288809 -0.288542 ) 
 (  0.408248  0.000000 -0.408248 -0.000000  0.408248  0.000000 ) 
     freq (    5) =      14.659063 [THz] =     488.973705 [cm-1]
 ( -0.401996  0.297792 -0.401240  0.297868  0.000756  0.000076 ) 
 (  0.370433 -0.336245  0.369672 -0.336245 -0.000760  0.000000 ) 
     freq (    6) =      14.659063 [THz] =     488.973705 [cm-1]
 (  0.286719  0.029062 -0.287776 -0.028278 -0.574495 -0.057341 ) 
 ( -0.288188 -0.000443  0.289162 -0.000443  0.577350  0.000000 ) 
 **************************************************************************
