Dynamical matrix file
                                                                           
  1    2  2 10.3560000  0.0000000  0.0000000  0.0000000  0.0000000  0.0000000
           1  'Si  '    25598.822984527003     
    1    1      0.0000000000      0.0000000000      0.0000000000
    2    1      0.2500000000      0.2500000000      0.2500000000

     Dynamical  Matrix in cartesian axes

     q = (   -0.250000000   0.250000000  -0.250000000 ) 

    1    1
  0.27915971  0.00000000   -0.01072826  0.00000000    0.01072826  0.00000000
 -0.01072826  0.00000000    0.27915971  0.00000000   -0.01072826  0.00000000
  0.01072826  0.00000000   -0.01072826  0.00000000    0.27915971  0.00000000
    1    2
 -0.20422649 -0.06029606   -0.03569548  0.03648951    0.03569548 -0.03648951
 -0.03569548  0.03648951   -0.20422649 -0.06029606   -0.03569548  0.03648951
  0.03569548 -0.03648951   -0.03569548  0.03648951   -0.20422649 -0.06029606
    2    1
 -0.20422649  0.06029606   -0.03569548 -0.03648951    0.03569548  0.03648951
 -0.03569548 -0.03648951   -0.20422649  0.06029606   -0.03569548 -0.03648951
  0.03569548  0.03648951   -0.03569548 -0.03648951   -0.20422649  0.06029606
    2    2
  0.27915971  0.00000000   -0.01072826  0.00000000    0.01072826  0.00000000
 -0.01072826  0.00000000    0.27915971  0.00000000   -0.01072826  0.00000000
  0.01072826  0.00000000   -0.01072826  0.00000000    0.27915971  0.00000000

     Dynamical  Matrix in cartesian axes

     q = (    0.250000000  -0.250000000  -0.250000000 ) 

    1    1
  0.27915971  0.00000000   -0.01072826  0.00000000   -0.01072826  0.00000000
 -0.01072826  0.00000000    0.27915971  0.00000000    0.01072826  0.00000000
 -0.01072826  0.00000000    0.01072826  0.00000000    0.27915971  0.00000000
    1    2
 -0.20422649 -0.06029606   -0.03569548  0.03648951   -0.03569548  0.03648951
 -0.03569548  0.03648951   -0.20422649 -0.06029606    0.03569548 -0.03648951
 -0.03569548  0.03648951    0.03569548 -0.03648951   -0.20422649 -0.06029606
    2    1
 -0.20422649  0.06029606   -0.03569548 -0.03648951   -0.03569548 -0.03648951
 -0.03569548 -0.03648951   -0.20422649  0.06029606    0.03569548  0.03648951
 -0.03569548 -0.03648951    0.03569548  0.03648951   -0.20422649  0.06029606
    2    2
  0.27915971  0.00000000   -0.01072826  0.00000000   -0.01072826  0.00000000
 -0.01072826  0.00000000    0.27915971  0.00000000    0.01072826  0.00000000
 -0.01072826  0.00000000    0.01072826  0.00000000    0.27915971  0.00000000

     Dynamical  Matrix in cartesian axes

     q = (    0.250000000  -0.250000000   0.250000000 ) 

    1    1
  0.27915971  0.00000000   -0.01072826  0.00000000    0.01072826  0.00000000
 -0.01072826  0.00000000    0.27915971  0.00000000   -0.01072826  0.00000000
  0.01072826  0.00000000   -0.01072826  0.00000000    0.27915971  0.00000000
    1    2
 -0.20422649  0.06029606   -0.03569548 -0.03648951    0.03569548  0.03648951
 -0.03569548 -0.03648951   -0.20422649  0.06029606   -0.03569548 -0.03648951
  0.03569548  0.03648951   -0.03569548 -0.03648951   -0.20422649  0.06029606
    2    1
 -0.20422649 -0.06029606   -0.03569548  0.03648951    0.03569548 -0.03648951
 -0.03569548  0.03648951   -0.20422649 -0.06029606   -0.03569548  0.03648951
  0.03569548 -0.03648951   -0.03569548  0.03648951   -0.20422649 -0.06029606
    2    2
  0.27915971  0.00000000   -0.01072826  0.00000000    0.01072826  0.00000000
 -0.01072826  0.00000000    0.27915971  0.00000000   -0.01072826  0.00000000
  0.01072826  0.00000000   -0.01072826  0.00000000    0.27915971  0.00000000

     Dynamical  Matrix in cartesian axes

     q = (    0.250000000   0.250000000   0.250000000 ) 

    1    1
  0.27915971  0.00000000    0.01072826  0.00000000    0.01072826  0.00000000
  0.01072826  0.00000000    0.27915971  0.00000000    0.01072826  0.00000000
  0.01072826  0.00000000    0.01072826  0.00000000    0.27915971  0.00000000
    1    2
 -0.06029606  0.20422649   -0.03648951 -0.03569548   -0.03648951 -0.03569548
 -0.03648951 -0.03569548   -0.06029606  0.20422649   -0.03648951 -0.03569548
 -0.03648951 -0.03569548   -0.03648951 -0.03569548   -0.06029606  0.20422649
    2    1
 -0.06029606 -0.20422649   -0.03648951  0.03569548   -0.03648951  0.03569548
 -0.03648951  0.03569548   -0.06029606 -0.20422649   -0.03648951  0.03569548
 -0.03648951  0.03569548   -0.03648951  0.03569548   -0.06029606 -0.20422649
    2    2
  0.27915971  0.00000000    0.01072826  0.00000000    0.01072826  0.00000000
  0.01072826  0.00000000    0.27915971  0.00000000    0.01072826  0.00000000
  0.01072826  0.00000000    0.01072826  0.00000000    0.27915971  0.00000000

     Dynamical  Matrix in cartesian axes

     q = (   -0.250000000  -0.250000000  -0.250000000 ) 

    1    1
  0.27915971  0.00000000    0.01072826  0.00000000    0.01072826  0.00000000
  0.01072826  0.00000000    0.27915971  0.00000000    0.01072826  0.00000000
  0.01072826  0.00000000    0.01072826  0.00000000    0.27915971  0.00000000
    1    2
 -0.06029606 -0.20422649   -0.03648951  0.03569548   -0.03648951  0.03569548
 -0.03648951  0.03569548   -0.06029606 -0.20422649   -0.03648951  0.03569548
 -0.03648951  0.03569548   -0.03648951  0.03569548   -0.06029606 -0.20422649
    2    1
 -0.06029606  0.20422649   -0.03648951 -0.03569548   -0.03648951 -0.03569548
 -0.03648951 -0.03569548   -0.06029606  0.20422649   -0.03648951 -0.03569548
 -0.03648951 -0.03569548   -0.03648951 -0.03569548   -0.06029606  0.20422649
    2    2
  0.27915971  0.00000000    0.01072826  0.00000000    0.01072826  0.00000000
  0.01072826  0.00000000    0.27915971  0.00000000    0.01072826  0.00000000
  0.01072826  0.00000000    0.01072826  0.00000000    0.27915971  0.00000000

     Dynamical  Matrix in cartesian axes

     q = (   -0.250000000  -0.250000000   0.250000000 ) 

    1    1
  0.27915971  0.00000000    0.01072826  0.00000000   -0.01072826  0.00000000
  0.01072826  0.00000000    0.27915971  0.00000000   -0.01072826  0.00000000
 -0.01072826  0.00000000   -0.01072826  0.00000000    0.27915971  0.00000000
    1    2
 -0.20422649 -0.06029606    0.03569548 -0.03648951   -0.03569548  0.03648951
  0.03569548 -0.03648951   -0.20422649 -0.06029606   -0.03569548  0.03648951
 -0.03569548  0.03648951   -0.03569548  0.03648951   -0.20422649 -0.06029606
    2    1
 -0.20422649  0.06029606    0.03569548  0.03648951   -0.03569548 -0.03648951
  0.03569548  0.03648951   -0.20422649  0.06029606   -0.03569548 -0.03648951
 -0.03569548 -0.03648951   -0.03569548 -0.03648951   -0.20422649  0.06029606
    2    2
  0.27915971  0.00000000    0.01072826  0.00000000   -0.01072826  0.00000000
  0.01072826  0.00000000    0.27915971  0.00000000   -0.01072826  0.00000000
 -0.01072826  0.00000000   -0.01072826  0.00000000    0.27915971  0.00000000

     Dynamical  Matrix in cartesian axes

     q = (   -0.250000000   0.250000000   0.250000000 ) 

    1    1
  0.27915971  0.00000000   -0.01072826  0.00000000   -0.01072826  0.00000000
 -0.01072826  0.00000000    0.27915971  0.00000000    0.01072826  0.00000000
 -0.01072826  0.00000000    0.01072826  0.00000000    0.27915971  0.00000000
    1    2
 -0.20422649  0.06029606   -0.03569548 -0.03648951   -0.03569548 -0.03648951
 -0.03569548 -0.03648951   -0.20422649  0.06029606    0.03569548  0.03648951
 -0.03569548 -0.03648951    0.03569548  0.03648951   -0.20422649  0.06029606
    2    1
 -0.20422649 -0.06029606   -0.03569548  0.03648951   -0.03569548  0.03648951
 -0.03569548  0.03648951   -0.20422649 -0.06029606    0.03569548 -0.03648951
 -0.03569548  0.03648951    0.03569548 -0.03648951   -0.20422649 -0.06029606
    2    2
  0.27915971  0.00000000   -0.01072826  0.00000000   -0.01072826  0.00000000
 -0.01072826  0.00000000    0.27915971  0.00000000    0.01072826  0.00000000
 -0.01072826  0.00000000    0.01072826  0.00000000    0.27915971  0.00000000

     Dynamical  Matrix in cartesian axes

     q = (    0.250000000   0.250000000  -0.250000000 ) 

    1    1
  0.27915971  0.00000000    0.01072826  0.00000000   -0.01072826  0.00000000
  0.01072826  0.00000000    0.27915971  0.00000000   -0.01072826  0.00000000
 -0.01072826  0.00000000   -0.01072826  0.00000000    0.27915971  0.00000000
    1    2
 -0.20422649  0.06029606    0.03569548  0.03648951   -0.03569548 -0.03648951
  0.03569548  0.03648951   -0.20422649  0.06029606   -0.03569548 -0.03648951
 -0.03569548 -0.03648951   -0.03569548 -0.03648951   -0.20422649  0.06029606
    2    1
 -0.20422649 -0.06029606    0.03569548 -0.03648951   -0.03569548  0.03648951
  0.03569548 -0.03648951   -0.20422649 -0.06029606   -0.03569548  0.03648951
 -0.03569548  0.03648951   -0.03569548  0.03648951   -0.20422649 -0.06029606
    2    2
  0.27915971  0.00000000    0.01072826  0.00000000   -0.01072826  0.00000000
  0.01072826  0.00000000    0.27915971  0.00000000   -0.01072826  0.00000000
 -0.01072826  0.00000000   -0.01072826  0.00000000    0.27915971  0.00000000

     Diagonalizing the dynamical matrix

     q = (   -0.250000000   0.250000000  -0.250000000 ) 

 **************************************************************************
     freq (    1) =       3.399342 [THz] =     113.389843 [cm-1]
 ( -0.562964 -0.103686 -0.339454 -0.081508  0.223510  0.022178 ) 
 ( -0.570451 -0.047591 -0.345843 -0.047591  0.224608  0.000000 ) 
     freq (    2) =       3.399342 [THz] =     113.389843 [cm-1]
 ( -0.074090  0.012845  0.455180  0.065362  0.529270  0.052517 ) 
 ( -0.072460  0.020098  0.459409  0.020098  0.531869  0.000000 ) 
     freq (    3) =       6.895086 [THz] =     229.995299 [cm-1]
 ( -0.288198 -0.289152  0.288198  0.289152 -0.288198 -0.289152 ) 
 ( -0.408248 -0.000000  0.408248  0.000000 -0.408248  0.000000 ) 
     freq (    4) =      14.375535 [THz] =     479.516238 [cm-1]
 (  0.288198  0.289152 -0.288198 -0.289152  0.288198  0.289152 ) 
 ( -0.408248 -0.000000  0.408248 -0.000000 -0.408248  0.000000 ) 
     freq (    5) =      14.677450 [THz] =     489.587040 [cm-1]
 (  0.094565  0.000929 -0.443121 -0.052423 -0.537686 -0.053353 ) 
 ( -0.094195  0.008413  0.446132  0.008413  0.540326  0.000000 ) 
     freq (    6) =      14.677450 [THz] =     489.587040 [cm-1]
 (  0.564126  0.078431  0.361697  0.058345 -0.202429 -0.020086 ) 
 ( -0.569114 -0.022345 -0.365691 -0.022345  0.203423  0.000000 ) 
 **************************************************************************
