Dynamical matrix file
                                                                           
  1    2  2 10.3560000  0.0000000  0.0000000  0.0000000  0.0000000  0.0000000
           1  'Si  '    25598.822984527003     
    1    1      0.0000000000      0.0000000000      0.0000000000
    2    1      0.2500000000      0.2500000000      0.2500000000

     Dynamical  Matrix in cartesian axes

     q = (    0.750000000  -0.250000000   0.750000000 ) 

    1    1
  0.24170827  0.00000000   -0.00466913  0.00737498    0.00140357  0.00000000
 -0.00466913 -0.00737498    0.29722787 -0.00000000   -0.00466913 -0.00737498
  0.00140357  0.00000000   -0.00466913  0.00737498    0.24170827  0.00000000
    1    2
 -0.05739885  0.06723519   -0.03547463  0.03952050   -0.04033469 -0.12835552
 -0.03547463  0.03952050   -0.05595696  0.08639942   -0.03547463  0.03952050
 -0.04033469 -0.12835552   -0.03547463  0.03952050   -0.05739885  0.06723519
    2    1
 -0.05739885 -0.06723519   -0.03547463 -0.03952050   -0.04033469  0.12835552
 -0.03547463 -0.03952050   -0.05595696 -0.08639942   -0.03547463 -0.03952050
 -0.04033469  0.12835552   -0.03547463 -0.03952050   -0.05739885 -0.06723519
    2    2
  0.24170827 -0.00000000   -0.00466913 -0.00737498    0.00140357 -0.00000000
 -0.00466913  0.00737498    0.29722787  0.00000000   -0.00466913  0.00737498
  0.00140357 -0.00000000   -0.00466913 -0.00737498    0.24170827 -0.00000000

     Dynamical  Matrix in cartesian axes

     q = (    0.750000000  -0.250000000  -0.750000000 ) 

    1    1
  0.24170827 -0.00000000   -0.00466913 -0.00737498   -0.00140357  0.00000000
 -0.00466913  0.00737498    0.29722787  0.00000000    0.00466913 -0.00737498
 -0.00140357  0.00000000    0.00466913  0.00737498    0.24170827 -0.00000000
    1    2
 -0.06723519  0.05739885   -0.03952050  0.03547463   -0.12835552 -0.04033469
 -0.03952050  0.03547463   -0.08639942  0.05595696    0.03952050 -0.03547463
 -0.12835552 -0.04033469    0.03952050 -0.03547463   -0.06723519  0.05739885
    2    1
 -0.06723519 -0.05739885   -0.03952050 -0.03547463   -0.12835552  0.04033469
 -0.03952050 -0.03547463   -0.08639942 -0.05595696    0.03952050  0.03547463
 -0.12835552  0.04033469    0.03952050  0.03547463   -0.06723519 -0.05739885
    2    2
  0.24170827  0.00000000   -0.00466913  0.00737498   -0.00140357 -0.00000000
 -0.00466913 -0.00737498    0.29722787 -0.00000000    0.00466913  0.00737498
 -0.00140357 -0.00000000    0.00466913 -0.00737498    0.24170827  0.00000000

     Dynamical  Matrix in cartesian axes

     q = (   -0.750000000  -0.250000000  -0.750000000 ) 

    1    1
  0.24170827  0.00000000    0.00466913 -0.00737498    0.00140357  0.00000000
  0.00466913  0.00737498    0.29722787 -0.00000000    0.00466913  0.00737498
  0.00140357  0.00000000    0.00466913 -0.00737498    0.24170827  0.00000000
    1    2
  0.06723519  0.05739885   -0.03952050 -0.03547463   -0.12835552  0.04033469
 -0.03952050 -0.03547463    0.08639942  0.05595696   -0.03952050 -0.03547463
 -0.12835552  0.04033469   -0.03952050 -0.03547463    0.06723519  0.05739885
    2    1
  0.06723519 -0.05739885   -0.03952050  0.03547463   -0.12835552 -0.04033469
 -0.03952050  0.03547463    0.08639942 -0.05595696   -0.03952050  0.03547463
 -0.12835552 -0.04033469   -0.03952050  0.03547463    0.06723519 -0.05739885
    2    2
  0.24170827 -0.00000000    0.00466913  0.00737498    0.00140357 -0.00000000
  0.00466913 -0.00737498    0.29722787  0.00000000    0.00466913 -0.00737498
  0.00140357 -0.00000000    0.00466913  0.00737498    0.24170827 -0.00000000

     Dynamical  Matrix in cartesian axes

     q = (   -0.750000000  -0.250000000   0.750000000 ) 

    1    1
  0.24170827 -0.00000000    0.00466913  0.00737498   -0.00140357  0.00000000
  0.00466913 -0.00737498    0.29722787  0.00000000   -0.00466913  0.00737498
 -0.00140357  0.00000000   -0.00466913 -0.00737498    0.24170827 -0.00000000
    1    2
 -0.06723519  0.05739885    0.03952050 -0.03547463   -0.12835552 -0.04033469
  0.03952050 -0.03547463   -0.08639942  0.05595696   -0.03952050  0.03547463
 -0.12835552 -0.04033469   -0.03952050  0.03547463   -0.06723519  0.05739885
    2    1
 -0.06723519 -0.05739885    0.03952050  0.03547463   -0.12835552  0.04033469
  0.03952050  0.03547463   -0.08639942 -0.05595696   -0.03952050 -0.03547463
 -0.12835552  0.04033469   -0.03952050 -0.03547463   -0.06723519 -0.05739885
    2    2
  0.24170827  0.00000000    0.00466913 -0.00737498   -0.00140357 -0.00000000
  0.00466913  0.00737498    0.29722787  0.00000000   -0.00466913 -0.00737498
 -0.00140357 -0.00000000   -0.00466913  0.00737498    0.24170827  0.00000000

     Dynamical  Matrix in cartesian axes

     q = (   -0.750000000   0.250000000  -0.750000000 ) 

    1    1
  0.24170827 -0.00000000   -0.00466913 -0.00737498    0.00140357 -0.00000000
 -0.00466913  0.00737498    0.29722787  0.00000000   -0.00466913  0.00737498
  0.00140357 -0.00000000   -0.00466913 -0.00737498    0.24170827 -0.00000000
    1    2
 -0.05739885 -0.06723519   -0.03547463 -0.03952050   -0.04033469  0.12835552
 -0.03547463 -0.03952050   -0.05595696 -0.08639942   -0.03547463 -0.03952050
 -0.04033469  0.12835552   -0.03547463 -0.03952050   -0.05739885 -0.06723519
    2    1
 -0.05739885  0.06723519   -0.03547463  0.03952050   -0.04033469 -0.12835552
 -0.03547463  0.03952050   -0.05595696  0.08639942   -0.03547463  0.03952050
 -0.04033469 -0.12835552   -0.03547463  0.03952050   -0.05739885  0.06723519
    2    2
  0.24170827  0.00000000   -0.00466913  0.00737498    0.00140357  0.00000000
 -0.00466913 -0.00737498    0.29722787 -0.00000000   -0.00466913 -0.00737498
  0.00140357  0.00000000   -0.00466913  0.00737498    0.24170827  0.00000000

     Dynamical  Matrix in cartesian axes

     q = (   -0.250000000   0.750000000  -0.750000000 ) 

    1    1
  0.29722787  0.00000000   -0.00466913  0.00737498    0.00466913 -0.00737498
 -0.00466913 -0.00737498    0.24170827 -0.00000000   -0.00140357  0.00000000
  0.00466913  0.00737498   -0.00140357  0.00000000    0.24170827 -0.00000000
    1    2
 -0.08639942  0.05595696   -0.03952050  0.03547463    0.03952050 -0.03547463
 -0.03952050  0.03547463   -0.06723519  0.05739885   -0.12835552 -0.04033469
  0.03952050 -0.03547463   -0.12835552 -0.04033469   -0.06723519  0.05739885
    2    1
 -0.08639942 -0.05595696   -0.03952050 -0.03547463    0.03952050  0.03547463
 -0.03952050 -0.03547463   -0.06723519 -0.05739885   -0.12835552  0.04033469
  0.03952050  0.03547463   -0.12835552  0.04033469   -0.06723519 -0.05739885
    2    2
  0.29722787 -0.00000000   -0.00466913 -0.00737498    0.00466913  0.00737498
 -0.00466913  0.00737498    0.24170827  0.00000000   -0.00140357 -0.00000000
  0.00466913 -0.00737498   -0.00140357 -0.00000000    0.24170827  0.00000000

     Dynamical  Matrix in cartesian axes

     q = (   -0.750000000   0.750000000  -0.250000000 ) 

    1    1
  0.24170827 -0.00000000   -0.00140357  0.00000000    0.00466913  0.00737498
 -0.00140357  0.00000000    0.24170827 -0.00000000   -0.00466913 -0.00737498
  0.00466913 -0.00737498   -0.00466913  0.00737498    0.29722787  0.00000000
    1    2
 -0.06723519  0.05739885   -0.12835552 -0.04033469    0.03952050 -0.03547463
 -0.12835552 -0.04033469   -0.06723519  0.05739885   -0.03952050  0.03547463
  0.03952050 -0.03547463   -0.03952050  0.03547463   -0.08639942  0.05595696
    2    1
 -0.06723519 -0.05739885   -0.12835552  0.04033469    0.03952050  0.03547463
 -0.12835552  0.04033469   -0.06723519 -0.05739885   -0.03952050 -0.03547463
  0.03952050  0.03547463   -0.03952050 -0.03547463   -0.08639942 -0.05595696
    2    2
  0.24170827  0.00000000   -0.00140357 -0.00000000    0.00466913 -0.00737498
 -0.00140357 -0.00000000    0.24170827  0.00000000   -0.00466913  0.00737498
  0.00466913  0.00737498   -0.00466913 -0.00737498    0.29722787 -0.00000000

     Dynamical  Matrix in cartesian axes

     q = (    0.750000000   0.250000000   0.750000000 ) 

    1    1
  0.24170827 -0.00000000    0.00466913  0.00737498    0.00140357 -0.00000000
  0.00466913 -0.00737498    0.29722787  0.00000000    0.00466913 -0.00737498
  0.00140357 -0.00000000    0.00466913  0.00737498    0.24170827 -0.00000000
    1    2
  0.06723519 -0.05739885   -0.03952050  0.03547463   -0.12835552 -0.04033469
 -0.03952050  0.03547463    0.08639942 -0.05595696   -0.03952050  0.03547463
 -0.12835552 -0.04033469   -0.03952050  0.03547463    0.06723519 -0.05739885
    2    1
  0.06723519  0.05739885   -0.03952050 -0.03547463   -0.12835552  0.04033469
 -0.03952050 -0.03547463    0.08639942  0.05595696   -0.03952050 -0.03547463
 -0.12835552  0.04033469   -0.03952050 -0.03547463    0.06723519  0.05739885
    2    2
  0.24170827  0.00000000    0.00466913 -0.00737498    0.00140357  0.00000000
  0.00466913  0.00737498    0.29722787 -0.00000000    0.00466913  0.00737498
  0.00140357  0.00000000    0.00466913 -0.00737498    0.24170827  0.00000000

     Dynamical  Matrix in cartesian axes

     q = (   -0.750000000   0.250000000   0.750000000 ) 

    1    1
  0.24170827  0.00000000   -0.00466913  0.00737498   -0.00140357 -0.00000000
 -0.00466913 -0.00737498    0.29722787 -0.00000000    0.00466913  0.00737498
 -0.00140357 -0.00000000    0.00466913 -0.00737498    0.24170827  0.00000000
    1    2
 -0.06723519 -0.05739885   -0.03952050 -0.03547463   -0.12835552  0.04033469
 -0.03952050 -0.03547463   -0.08639942 -0.05595696    0.03952050  0.03547463
 -0.12835552  0.04033469    0.03952050  0.03547463   -0.06723519 -0.05739885
    2    1
 -0.06723519  0.05739885   -0.03952050  0.03547463   -0.12835552 -0.04033469
 -0.03952050  0.03547463   -0.08639942  0.05595696    0.03952050 -0.03547463
 -0.12835552 -0.04033469    0.03952050 -0.03547463   -0.06723519  0.05739885
    2    2
  0.24170827 -0.00000000   -0.00466913 -0.00737498   -0.00140357  0.00000000
 -0.00466913  0.00737498    0.29722787  0.00000000    0.00466913 -0.00737498
 -0.00140357  0.00000000    0.00466913  0.00737498    0.24170827 -0.00000000

     Dynamical  Matrix in cartesian axes

     q = (    0.750000000   0.250000000  -0.750000000 ) 

    1    1
  0.24170827  0.00000000    0.00466913 -0.00737498   -0.00140357 -0.00000000
  0.00466913  0.00737498    0.29722787  0.00000000   -0.00466913 -0.00737498
 -0.00140357 -0.00000000   -0.00466913  0.00737498    0.24170827  0.00000000
    1    2
 -0.06723519 -0.05739885    0.03952050  0.03547463   -0.12835552  0.04033469
  0.03952050  0.03547463   -0.08639942 -0.05595696   -0.03952050 -0.03547463
 -0.12835552  0.04033469   -0.03952050 -0.03547463   -0.06723519 -0.05739885
    2    1
 -0.06723519  0.05739885    0.03952050 -0.03547463   -0.12835552 -0.04033469
  0.03952050 -0.03547463   -0.08639942  0.05595696   -0.03952050  0.03547463
 -0.12835552 -0.04033469   -0.03952050  0.03547463   -0.06723519  0.05739885
    2    2
  0.24170827 -0.00000000    0.00466913  0.00737498   -0.00140357  0.00000000
  0.00466913 -0.00737498    0.29722787  0.00000000   -0.00466913  0.00737498
 -0.00140357  0.00000000   -0.00466913 -0.00737498    0.24170827 -0.00000000

     Dynamical  Matrix in cartesian axes

     q = (   -0.750000000   0.750000000   0.250000000 ) 

    1    1
  0.24170827  0.00000000   -0.00140357 -0.00000000   -0.00466913  0.00737498
 -0.00140357 -0.00000000    0.24170827  0.00000000    0.00466913 -0.00737498
 -0.00466913 -0.00737498    0.00466913  0.00737498    0.29722787 -0.00000000
    1    2
 -0.06723519 -0.05739885   -0.12835552  0.04033469   -0.03952050 -0.03547463
 -0.12835552  0.04033469   -0.06723519 -0.05739885    0.03952050  0.03547463
 -0.03952050 -0.03547463    0.03952050  0.03547463   -0.08639942 -0.05595696
    2    1
 -0.06723519  0.05739885   -0.12835552 -0.04033469   -0.03952050  0.03547463
 -0.12835552 -0.04033469   -0.06723519  0.05739885    0.03952050 -0.03547463
 -0.03952050  0.03547463    0.03952050 -0.03547463   -0.08639942  0.05595696
    2    2
  0.24170827 -0.00000000   -0.00140357  0.00000000   -0.00466913 -0.00737498
 -0.00140357  0.00000000    0.24170827 -0.00000000    0.00466913  0.00737498
 -0.00466913  0.00737498    0.00466913 -0.00737498    0.29722787  0.00000000

     Dynamical  Matrix in cartesian axes

     q = (   -0.250000000   0.750000000   0.750000000 ) 

    1    1
  0.29722787 -0.00000000   -0.00466913 -0.00737498   -0.00466913 -0.00737498
 -0.00466913  0.00737498    0.24170827  0.00000000    0.00140357  0.00000000
 -0.00466913  0.00737498    0.00140357 -0.00000000    0.24170827  0.00000000
    1    2
 -0.05595696  0.08639942   -0.03547463  0.03952050   -0.03547463  0.03952050
 -0.03547463  0.03952050   -0.05739885  0.06723519   -0.04033469 -0.12835552
 -0.03547463  0.03952050   -0.04033469 -0.12835552   -0.05739885  0.06723519
    2    1
 -0.05595696 -0.08639942   -0.03547463 -0.03952050   -0.03547463 -0.03952050
 -0.03547463 -0.03952050   -0.05739885 -0.06723519   -0.04033469  0.12835552
 -0.03547463 -0.03952050   -0.04033469  0.12835552   -0.05739885 -0.06723519
    2    2
  0.29722787  0.00000000   -0.00466913  0.00737498   -0.00466913  0.00737498
 -0.00466913 -0.00737498    0.24170827 -0.00000000    0.00140357 -0.00000000
 -0.00466913 -0.00737498    0.00140357  0.00000000    0.24170827 -0.00000000

     Dynamical  Matrix in cartesian axes

     q = (    0.250000000   0.750000000  -0.750000000 ) 

    1    1
  0.29722787 -0.00000000    0.00466913  0.00737498   -0.00466913 -0.00737498
  0.00466913 -0.00737498    0.24170827  0.00000000   -0.00140357 -0.00000000
 -0.00466913  0.00737498   -0.00140357 -0.00000000    0.24170827  0.00000000
    1    2
 -0.08639942 -0.05595696    0.03952050  0.03547463   -0.03952050 -0.03547463
  0.03952050  0.03547463   -0.06723519 -0.05739885   -0.12835552  0.04033469
 -0.03952050 -0.03547463   -0.12835552  0.04033469   -0.06723519 -0.05739885
    2    1
 -0.08639942  0.05595696    0.03952050 -0.03547463   -0.03952050  0.03547463
  0.03952050 -0.03547463   -0.06723519  0.05739885   -0.12835552 -0.04033469
 -0.03952050  0.03547463   -0.12835552 -0.04033469   -0.06723519  0.05739885
    2    2
  0.29722787  0.00000000    0.00466913 -0.00737498   -0.00466913  0.00737498
  0.00466913  0.00737498    0.24170827 -0.00000000   -0.00140357  0.00000000
 -0.00466913 -0.00737498   -0.00140357  0.00000000    0.24170827 -0.00000000

     Dynamical  Matrix in cartesian axes

     q = (   -0.250000000  -0.750000000  -0.750000000 ) 

    1    1
  0.29722787 -0.00000000    0.00466913  0.00737498    0.00466913  0.00737498
  0.00466913 -0.00737498    0.24170827  0.00000000    0.00140357 -0.00000000
  0.00466913 -0.00737498    0.00140357  0.00000000    0.24170827  0.00000000
    1    2
  0.08639942  0.05595696   -0.03952050 -0.03547463   -0.03952050 -0.03547463
 -0.03952050 -0.03547463    0.06723519  0.05739885   -0.12835552  0.04033469
 -0.03952050 -0.03547463   -0.12835552  0.04033469    0.06723519  0.05739885
    2    1
  0.08639942 -0.05595696   -0.03952050  0.03547463   -0.03952050  0.03547463
 -0.03952050  0.03547463    0.06723519 -0.05739885   -0.12835552 -0.04033469
 -0.03952050  0.03547463   -0.12835552 -0.04033469    0.06723519 -0.05739885
    2    2
  0.29722787  0.00000000    0.00466913 -0.00737498    0.00466913 -0.00737498
  0.00466913  0.00737498    0.24170827 -0.00000000    0.00140357  0.00000000
  0.00466913  0.00737498    0.00140357 -0.00000000    0.24170827 -0.00000000

     Dynamical  Matrix in cartesian axes

     q = (    0.750000000   0.750000000  -0.250000000 ) 

    1    1
  0.24170827  0.00000000    0.00140357  0.00000000   -0.00466913  0.00737498
  0.00140357  0.00000000    0.24170827  0.00000000   -0.00466913  0.00737498
 -0.00466913 -0.00737498   -0.00466913 -0.00737498    0.29722787 -0.00000000
    1    2
 -0.05739885  0.06723519   -0.04033469 -0.12835552   -0.03547463  0.03952050
 -0.04033469 -0.12835552   -0.05739885  0.06723519   -0.03547463  0.03952050
 -0.03547463  0.03952050   -0.03547463  0.03952050   -0.05595696  0.08639942
    2    1
 -0.05739885 -0.06723519   -0.04033469  0.12835552   -0.03547463 -0.03952050
 -0.04033469  0.12835552   -0.05739885 -0.06723519   -0.03547463 -0.03952050
 -0.03547463 -0.03952050   -0.03547463 -0.03952050   -0.05595696 -0.08639942
    2    2
  0.24170827 -0.00000000    0.00140357 -0.00000000   -0.00466913 -0.00737498
  0.00140357 -0.00000000    0.24170827 -0.00000000   -0.00466913 -0.00737498
 -0.00466913  0.00737498   -0.00466913  0.00737498    0.29722787  0.00000000

     Dynamical  Matrix in cartesian axes

     q = (    0.750000000  -0.750000000   0.250000000 ) 

    1    1
  0.24170827  0.00000000   -0.00140357 -0.00000000    0.00466913 -0.00737498
 -0.00140357 -0.00000000    0.24170827  0.00000000   -0.00466913  0.00737498
  0.00466913  0.00737498   -0.00466913 -0.00737498    0.29722787 -0.00000000
    1    2
 -0.06723519 -0.05739885   -0.12835552  0.04033469    0.03952050  0.03547463
 -0.12835552  0.04033469   -0.06723519 -0.05739885   -0.03952050 -0.03547463
  0.03952050  0.03547463   -0.03952050 -0.03547463   -0.08639942 -0.05595696
    2    1
 -0.06723519  0.05739885   -0.12835552 -0.04033469    0.03952050 -0.03547463
 -0.12835552 -0.04033469   -0.06723519  0.05739885   -0.03952050  0.03547463
  0.03952050 -0.03547463   -0.03952050  0.03547463   -0.08639942  0.05595696
    2    2
  0.24170827 -0.00000000   -0.00140357  0.00000000    0.00466913  0.00737498
 -0.00140357  0.00000000    0.24170827 -0.00000000   -0.00466913 -0.00737498
  0.00466913 -0.00737498   -0.00466913  0.00737498    0.29722787  0.00000000

     Dynamical  Matrix in cartesian axes

     q = (   -0.750000000  -0.750000000  -0.250000000 ) 

    1    1
  0.24170827  0.00000000    0.00140357  0.00000000    0.00466913 -0.00737498
  0.00140357  0.00000000    0.24170827  0.00000000    0.00466913 -0.00737498
  0.00466913  0.00737498    0.00466913  0.00737498    0.29722787 -0.00000000
    1    2
  0.06723519  0.05739885   -0.12835552  0.04033469   -0.03952050 -0.03547463
 -0.12835552  0.04033469    0.06723519  0.05739885   -0.03952050 -0.03547463
 -0.03952050 -0.03547463   -0.03952050 -0.03547463    0.08639942  0.05595696
    2    1
  0.06723519 -0.05739885   -0.12835552 -0.04033469   -0.03952050  0.03547463
 -0.12835552 -0.04033469    0.06723519 -0.05739885   -0.03952050  0.03547463
 -0.03952050  0.03547463   -0.03952050  0.03547463    0.08639942 -0.05595696
    2    2
  0.24170827 -0.00000000    0.00140357 -0.00000000    0.00466913  0.00737498
  0.00140357 -0.00000000    0.24170827 -0.00000000    0.00466913  0.00737498
  0.00466913 -0.00737498    0.00466913 -0.00737498    0.29722787  0.00000000

     Dynamical  Matrix in cartesian axes

     q = (    0.250000000  -0.750000000   0.750000000 ) 

    1    1
  0.29722787 -0.00000000   -0.00466913 -0.00737498    0.00466913  0.00737498
 -0.00466913  0.00737498    0.24170827  0.00000000   -0.00140357 -0.00000000
  0.00466913 -0.00737498   -0.00140357 -0.00000000    0.24170827  0.00000000
    1    2
 -0.08639942 -0.05595696   -0.03952050 -0.03547463    0.03952050  0.03547463
 -0.03952050 -0.03547463   -0.06723519 -0.05739885   -0.12835552  0.04033469
  0.03952050  0.03547463   -0.12835552  0.04033469   -0.06723519 -0.05739885
    2    1
 -0.08639942  0.05595696   -0.03952050  0.03547463    0.03952050 -0.03547463
 -0.03952050  0.03547463   -0.06723519  0.05739885   -0.12835552 -0.04033469
  0.03952050 -0.03547463   -0.12835552 -0.04033469   -0.06723519  0.05739885
    2    2
  0.29722787  0.00000000   -0.00466913  0.00737498    0.00466913 -0.00737498
 -0.00466913 -0.00737498    0.24170827 -0.00000000   -0.00140357  0.00000000
  0.00466913  0.00737498   -0.00140357  0.00000000    0.24170827 -0.00000000

     Dynamical  Matrix in cartesian axes

     q = (   -0.750000000  -0.750000000   0.250000000 ) 

    1    1
  0.24170827 -0.00000000    0.00140357 -0.00000000   -0.00466913 -0.00737498
  0.00140357 -0.00000000    0.24170827 -0.00000000   -0.00466913 -0.00737498
 -0.00466913  0.00737498   -0.00466913  0.00737498    0.29722787  0.00000000
    1    2
 -0.05739885 -0.06723519   -0.04033469  0.12835552   -0.03547463 -0.03952050
 -0.04033469  0.12835552   -0.05739885 -0.06723519   -0.03547463 -0.03952050
 -0.03547463 -0.03952050   -0.03547463 -0.03952050   -0.05595696 -0.08639942
    2    1
 -0.05739885  0.06723519   -0.04033469 -0.12835552   -0.03547463  0.03952050
 -0.04033469 -0.12835552   -0.05739885  0.06723519   -0.03547463  0.03952050
 -0.03547463  0.03952050   -0.03547463  0.03952050   -0.05595696  0.08639942
    2    2
  0.24170827  0.00000000    0.00140357  0.00000000   -0.00466913  0.00737498
  0.00140357  0.00000000    0.24170827  0.00000000   -0.00466913  0.00737498
 -0.00466913 -0.00737498   -0.00466913 -0.00737498    0.29722787 -0.00000000

     Dynamical  Matrix in cartesian axes

     q = (    0.250000000   0.750000000   0.750000000 ) 

    1    1
  0.29722787  0.00000000    0.00466913 -0.00737498    0.00466913 -0.00737498
  0.00466913  0.00737498    0.24170827 -0.00000000    0.00140357  0.00000000
  0.00466913  0.00737498    0.00140357 -0.00000000    0.24170827 -0.00000000
    1    2
  0.08639942 -0.05595696   -0.03952050  0.03547463   -0.03952050  0.03547463
 -0.03952050  0.03547463    0.06723519 -0.05739885   -0.12835552 -0.04033469
 -0.03952050  0.03547463   -0.12835552 -0.04033469    0.06723519 -0.05739885
    2    1
  0.08639942  0.05595696   -0.03952050 -0.03547463   -0.03952050 -0.03547463
 -0.03952050 -0.03547463    0.06723519  0.05739885   -0.12835552  0.04033469
 -0.03952050 -0.03547463   -0.12835552  0.04033469    0.06723519  0.05739885
    2    2
  0.29722787 -0.00000000    0.00466913  0.00737498    0.00466913  0.00737498
  0.00466913 -0.00737498    0.24170827  0.00000000    0.00140357 -0.00000000
  0.00466913 -0.00737498    0.00140357  0.00000000    0.24170827  0.00000000

     Dynamical  Matrix in cartesian axes

     q = (   -0.250000000  -0.750000000   0.750000000 ) 

    1    1
  0.29722787  0.00000000    0.00466913 -0.00737498   -0.00466913  0.00737498
  0.00466913  0.00737498    0.24170827 -0.00000000   -0.00140357  0.00000000
 -0.00466913 -0.00737498   -0.00140357  0.00000000    0.24170827 -0.00000000
    1    2
 -0.08639942  0.05595696    0.03952050 -0.03547463   -0.03952050  0.03547463
  0.03952050 -0.03547463   -0.06723519  0.05739885   -0.12835552 -0.04033469
 -0.03952050  0.03547463   -0.12835552 -0.04033469   -0.06723519  0.05739885
    2    1
 -0.08639942 -0.05595696    0.03952050  0.03547463   -0.03952050 -0.03547463
  0.03952050  0.03547463   -0.06723519 -0.05739885   -0.12835552  0.04033469
 -0.03952050 -0.03547463   -0.12835552  0.04033469   -0.06723519 -0.05739885
    2    2
  0.29722787 -0.00000000    0.00466913  0.00737498   -0.00466913 -0.00737498
  0.00466913 -0.00737498    0.24170827  0.00000000   -0.00140357 -0.00000000
 -0.00466913  0.00737498   -0.00140357 -0.00000000    0.24170827  0.00000000

     Dynamical  Matrix in cartesian axes

     q = (    0.750000000   0.750000000   0.250000000 ) 

    1    1
  0.24170827 -0.00000000    0.00140357 -0.00000000    0.00466913  0.00737498
  0.00140357 -0.00000000    0.24170827 -0.00000000    0.00466913  0.00737498
  0.00466913 -0.00737498    0.00466913 -0.00737498    0.29722787  0.00000000
    1    2
  0.06723519 -0.05739885   -0.12835552 -0.04033469   -0.03952050  0.03547463
 -0.12835552 -0.04033469    0.06723519 -0.05739885   -0.03952050  0.03547463
 -0.03952050  0.03547463   -0.03952050  0.03547463    0.08639942 -0.05595696
    2    1
  0.06723519  0.05739885   -0.12835552  0.04033469   -0.03952050 -0.03547463
 -0.12835552  0.04033469    0.06723519  0.05739885   -0.03952050 -0.03547463
 -0.03952050 -0.03547463   -0.03952050 -0.03547463    0.08639942  0.05595696
    2    2
  0.24170827  0.00000000    0.00140357  0.00000000    0.00466913 -0.00737498
  0.00140357  0.00000000    0.24170827  0.00000000    0.00466913 -0.00737498
  0.00466913  0.00737498    0.00466913  0.00737498    0.29722787 -0.00000000

     Dynamical  Matrix in cartesian axes

     q = (    0.250000000  -0.750000000  -0.750000000 ) 

    1    1
  0.29722787  0.00000000   -0.00466913  0.00737498   -0.00466913  0.00737498
 -0.00466913 -0.00737498    0.24170827 -0.00000000    0.00140357 -0.00000000
 -0.00466913 -0.00737498    0.00140357  0.00000000    0.24170827 -0.00000000
    1    2
 -0.05595696 -0.08639942   -0.03547463 -0.03952050   -0.03547463 -0.03952050
 -0.03547463 -0.03952050   -0.05739885 -0.06723519   -0.04033469  0.12835552
 -0.03547463 -0.03952050   -0.04033469  0.12835552   -0.05739885 -0.06723519
    2    1
 -0.05595696  0.08639942   -0.03547463  0.03952050   -0.03547463  0.03952050
 -0.03547463  0.03952050   -0.05739885  0.06723519   -0.04033469 -0.12835552
 -0.03547463  0.03952050   -0.04033469 -0.12835552   -0.05739885  0.06723519
    2    2
  0.29722787 -0.00000000   -0.00466913 -0.00737498   -0.00466913 -0.00737498
 -0.00466913  0.00737498    0.24170827  0.00000000    0.00140357  0.00000000
 -0.00466913  0.00737498    0.00140357 -0.00000000    0.24170827  0.00000000

     Dynamical  Matrix in cartesian axes

     q = (    0.750000000  -0.750000000  -0.250000000 ) 

    1    1
  0.24170827 -0.00000000   -0.00140357  0.00000000   -0.00466913 -0.00737498
 -0.00140357  0.00000000    0.24170827 -0.00000000    0.00466913  0.00737498
 -0.00466913  0.00737498    0.00466913 -0.00737498    0.29722787  0.00000000
    1    2
 -0.06723519  0.05739885   -0.12835552 -0.04033469   -0.03952050  0.03547463
 -0.12835552 -0.04033469   -0.06723519  0.05739885    0.03952050 -0.03547463
 -0.03952050  0.03547463    0.03952050 -0.03547463   -0.08639942  0.05595696
    2    1
 -0.06723519 -0.05739885   -0.12835552  0.04033469   -0.03952050 -0.03547463
 -0.12835552  0.04033469   -0.06723519 -0.05739885    0.03952050  0.03547463
 -0.03952050 -0.03547463    0.03952050  0.03547463   -0.08639942 -0.05595696
    2    2
  0.24170827  0.00000000   -0.00140357 -0.00000000   -0.00466913  0.00737498
 -0.00140357 -0.00000000    0.24170827  0.00000000    0.00466913 -0.00737498
 -0.00466913 -0.00737498    0.00466913  0.00737498    0.29722787 -0.00000000

     Diagonalizing the dynamical matrix

     q = (    0.750000000  -0.250000000   0.750000000 ) 

 **************************************************************************
     freq (    1) =       4.311698 [THz] =     143.822759 [cm-1]
 ( -0.043457  0.498108 -0.000000  0.000000  0.043457 -0.498108 ) 
 ( -0.500000 -0.000000 -0.000000 -0.000000  0.500000  0.000000 ) 
     freq (    2) =       6.146501 [THz] =     205.025212 [cm-1]
 ( -0.400895 -0.142919 -0.333298  0.163177 -0.400895 -0.142919 ) 
 ( -0.425609 -0.000000 -0.259150 -0.265622 -0.425609  0.000000 ) 
     freq (    3) =       9.324949 [THz] =     311.046804 [cm-1]
 ( -0.076780  0.296517 -0.438600 -0.346403 -0.076780  0.296517 ) 
 (  0.306296  0.000000 -0.225399 -0.511430  0.306296  0.000000 ) 
     freq (    4) =      11.883200 [THz] =     396.380887 [cm-1]
 ( -0.167443 -0.322896  0.400166  0.274353 -0.167443 -0.322896 ) 
 (  0.363729 -0.000000 -0.427770 -0.228944  0.363729  0.000000 ) 
     freq (    5) =      13.587076 [THz] =     453.216057 [cm-1]
 ( -0.043457  0.498108  0.000000 -0.000000  0.043457 -0.498108 ) 
 (  0.500000 -0.000000 -0.000000 -0.000000 -0.500000  0.000000 ) 
     freq (    6) =      13.818883 [THz] =     460.948309 [cm-1]
 (  0.283067  0.112312  0.502621 -0.248778  0.283067  0.112312 ) 
 ( -0.304534  0.000000 -0.375440 -0.416608 -0.304534  0.000000 ) 
 **************************************************************************
