Dynamical matrix file
                                                                           
  1    2  2 10.3620000  0.0000000  0.0000000  0.0000000  0.0000000  0.0000000
           1  'Si  '    25598.822984527003     
    1    1      0.0000000000      0.0000000000      0.0000000000
    2    1      0.2500000000      0.2500000000      0.2500000000

     Dynamical  Matrix in cartesian axes

     q = (   -0.250000000   0.250000000  -0.250000000 ) 

    1    1
  0.26470029  0.00000000   -0.01157533  0.00000000    0.01157533  0.00000000
 -0.01157533  0.00000000    0.26470029  0.00000000   -0.01157533  0.00000000
  0.01157533  0.00000000   -0.01157533  0.00000000    0.26470029  0.00000000
    1    2
 -0.19723958 -0.05713490   -0.03652847  0.03828610    0.03652847 -0.03828610
 -0.03652847  0.03828610   -0.19723958 -0.05713490   -0.03652847  0.03828610
  0.03652847 -0.03828610   -0.03652847  0.03828610   -0.19723958 -0.05713490
    2    1
 -0.19723958  0.05713490   -0.03652847 -0.03828610    0.03652847  0.03828610
 -0.03652847 -0.03828610   -0.19723958  0.05713490   -0.03652847 -0.03828610
  0.03652847  0.03828610   -0.03652847 -0.03828610   -0.19723958  0.05713490
    2    2
  0.26470029  0.00000000   -0.01157533  0.00000000    0.01157533  0.00000000
 -0.01157533  0.00000000    0.26470029  0.00000000   -0.01157533  0.00000000
  0.01157533  0.00000000   -0.01157533  0.00000000    0.26470029  0.00000000

     Dynamical  Matrix in cartesian axes

     q = (    0.250000000  -0.250000000  -0.250000000 ) 

    1    1
  0.26470029  0.00000000   -0.01157533  0.00000000   -0.01157533  0.00000000
 -0.01157533  0.00000000    0.26470029  0.00000000    0.01157533  0.00000000
 -0.01157533  0.00000000    0.01157533  0.00000000    0.26470029  0.00000000
    1    2
 -0.19723958 -0.05713490   -0.03652847  0.03828610   -0.03652847  0.03828610
 -0.03652847  0.03828610   -0.19723958 -0.05713490    0.03652847 -0.03828610
 -0.03652847  0.03828610    0.03652847 -0.03828610   -0.19723958 -0.05713490
    2    1
 -0.19723958  0.05713490   -0.03652847 -0.03828610   -0.03652847 -0.03828610
 -0.03652847 -0.03828610   -0.19723958  0.05713490    0.03652847  0.03828610
 -0.03652847 -0.03828610    0.03652847  0.03828610   -0.19723958  0.05713490
    2    2
  0.26470029  0.00000000   -0.01157533  0.00000000   -0.01157533  0.00000000
 -0.01157533  0.00000000    0.26470029  0.00000000    0.01157533  0.00000000
 -0.01157533  0.00000000    0.01157533  0.00000000    0.26470029  0.00000000

     Dynamical  Matrix in cartesian axes

     q = (    0.250000000  -0.250000000   0.250000000 ) 

    1    1
  0.26470029  0.00000000   -0.01157533  0.00000000    0.01157533  0.00000000
 -0.01157533  0.00000000    0.26470029  0.00000000   -0.01157533  0.00000000
  0.01157533  0.00000000   -0.01157533  0.00000000    0.26470029  0.00000000
    1    2
 -0.19723958  0.05713490   -0.03652847 -0.03828610    0.03652847  0.03828610
 -0.03652847 -0.03828610   -0.19723958  0.05713490   -0.03652847 -0.03828610
  0.03652847  0.03828610   -0.03652847 -0.03828610   -0.19723958  0.05713490
    2    1
 -0.19723958 -0.05713490   -0.03652847  0.03828610    0.03652847 -0.03828610
 -0.03652847  0.03828610   -0.19723958 -0.05713490   -0.03652847  0.03828610
  0.03652847 -0.03828610   -0.03652847  0.03828610   -0.19723958 -0.05713490
    2    2
  0.26470029  0.00000000   -0.01157533  0.00000000    0.01157533  0.00000000
 -0.01157533  0.00000000    0.26470029  0.00000000   -0.01157533  0.00000000
  0.01157533  0.00000000   -0.01157533  0.00000000    0.26470029  0.00000000

     Dynamical  Matrix in cartesian axes

     q = (    0.250000000   0.250000000   0.250000000 ) 

    1    1
  0.26470029  0.00000000    0.01157533  0.00000000    0.01157533  0.00000000
  0.01157533  0.00000000    0.26470029  0.00000000    0.01157533  0.00000000
  0.01157533  0.00000000    0.01157533  0.00000000    0.26470029  0.00000000
    1    2
 -0.05713490  0.19723958   -0.03828610 -0.03652847   -0.03828610 -0.03652847
 -0.03828610 -0.03652847   -0.05713490  0.19723958   -0.03828610 -0.03652847
 -0.03828610 -0.03652847   -0.03828610 -0.03652847   -0.05713490  0.19723958
    2    1
 -0.05713490 -0.19723958   -0.03828610  0.03652847   -0.03828610  0.03652847
 -0.03828610  0.03652847   -0.05713490 -0.19723958   -0.03828610  0.03652847
 -0.03828610  0.03652847   -0.03828610  0.03652847   -0.05713490 -0.19723958
    2    2
  0.26470029  0.00000000    0.01157533  0.00000000    0.01157533  0.00000000
  0.01157533  0.00000000    0.26470029  0.00000000    0.01157533  0.00000000
  0.01157533  0.00000000    0.01157533  0.00000000    0.26470029  0.00000000

     Dynamical  Matrix in cartesian axes

     q = (   -0.250000000  -0.250000000  -0.250000000 ) 

    1    1
  0.26470029  0.00000000    0.01157533  0.00000000    0.01157533  0.00000000
  0.01157533  0.00000000    0.26470029  0.00000000    0.01157533  0.00000000
  0.01157533  0.00000000    0.01157533  0.00000000    0.26470029  0.00000000
    1    2
 -0.05713490 -0.19723958   -0.03828610  0.03652847   -0.03828610  0.03652847
 -0.03828610  0.03652847   -0.05713490 -0.19723958   -0.03828610  0.03652847
 -0.03828610  0.03652847   -0.03828610  0.03652847   -0.05713490 -0.19723958
    2    1
 -0.05713490  0.19723958   -0.03828610 -0.03652847   -0.03828610 -0.03652847
 -0.03828610 -0.03652847   -0.05713490  0.19723958   -0.03828610 -0.03652847
 -0.03828610 -0.03652847   -0.03828610 -0.03652847   -0.05713490  0.19723958
    2    2
  0.26470029  0.00000000    0.01157533  0.00000000    0.01157533  0.00000000
  0.01157533  0.00000000    0.26470029  0.00000000    0.01157533  0.00000000
  0.01157533  0.00000000    0.01157533  0.00000000    0.26470029  0.00000000

     Dynamical  Matrix in cartesian axes

     q = (   -0.250000000  -0.250000000   0.250000000 ) 

    1    1
  0.26470029  0.00000000    0.01157533  0.00000000   -0.01157533  0.00000000
  0.01157533  0.00000000    0.26470029  0.00000000   -0.01157533  0.00000000
 -0.01157533  0.00000000   -0.01157533  0.00000000    0.26470029  0.00000000
    1    2
 -0.19723958 -0.05713490    0.03652847 -0.03828610   -0.03652847  0.03828610
  0.03652847 -0.03828610   -0.19723958 -0.05713490   -0.03652847  0.03828610
 -0.03652847  0.03828610   -0.03652847  0.03828610   -0.19723958 -0.05713490
    2    1
 -0.19723958  0.05713490    0.03652847  0.03828610   -0.03652847 -0.03828610
  0.03652847  0.03828610   -0.19723958  0.05713490   -0.03652847 -0.03828610
 -0.03652847 -0.03828610   -0.03652847 -0.03828610   -0.19723958  0.05713490
    2    2
  0.26470029  0.00000000    0.01157533  0.00000000   -0.01157533  0.00000000
  0.01157533  0.00000000    0.26470029  0.00000000   -0.01157533  0.00000000
 -0.01157533  0.00000000   -0.01157533  0.00000000    0.26470029  0.00000000

     Dynamical  Matrix in cartesian axes

     q = (   -0.250000000   0.250000000   0.250000000 ) 

    1    1
  0.26470029  0.00000000   -0.01157533  0.00000000   -0.01157533  0.00000000
 -0.01157533  0.00000000    0.26470029  0.00000000    0.01157533  0.00000000
 -0.01157533  0.00000000    0.01157533  0.00000000    0.26470029  0.00000000
    1    2
 -0.19723958  0.05713490   -0.03652847 -0.03828610   -0.03652847 -0.03828610
 -0.03652847 -0.03828610   -0.19723958  0.05713490    0.03652847  0.03828610
 -0.03652847 -0.03828610    0.03652847  0.03828610   -0.19723958  0.05713490
    2    1
 -0.19723958 -0.05713490   -0.03652847  0.03828610   -0.03652847  0.03828610
 -0.03652847  0.03828610   -0.19723958 -0.05713490    0.03652847 -0.03828610
 -0.03652847  0.03828610    0.03652847 -0.03828610   -0.19723958 -0.05713490
    2    2
  0.26470029  0.00000000   -0.01157533  0.00000000   -0.01157533  0.00000000
 -0.01157533  0.00000000    0.26470029  0.00000000    0.01157533  0.00000000
 -0.01157533  0.00000000    0.01157533  0.00000000    0.26470029  0.00000000

     Dynamical  Matrix in cartesian axes

     q = (    0.250000000   0.250000000  -0.250000000 ) 

    1    1
  0.26470029  0.00000000    0.01157533  0.00000000   -0.01157533  0.00000000
  0.01157533  0.00000000    0.26470029  0.00000000   -0.01157533  0.00000000
 -0.01157533  0.00000000   -0.01157533  0.00000000    0.26470029  0.00000000
    1    2
 -0.19723958  0.05713490    0.03652847  0.03828610   -0.03652847 -0.03828610
  0.03652847  0.03828610   -0.19723958  0.05713490   -0.03652847 -0.03828610
 -0.03652847 -0.03828610   -0.03652847 -0.03828610   -0.19723958  0.05713490
    2    1
 -0.19723958 -0.05713490    0.03652847 -0.03828610   -0.03652847  0.03828610
  0.03652847 -0.03828610   -0.19723958 -0.05713490   -0.03652847  0.03828610
 -0.03652847  0.03828610   -0.03652847  0.03828610   -0.19723958 -0.05713490
    2    2
  0.26470029  0.00000000    0.01157533  0.00000000   -0.01157533  0.00000000
  0.01157533  0.00000000    0.26470029  0.00000000   -0.01157533  0.00000000
 -0.01157533  0.00000000   -0.01157533  0.00000000    0.26470029  0.00000000

     Diagonalizing the dynamical matrix

     q = (   -0.250000000   0.250000000  -0.250000000 ) 

 **************************************************************************
     freq (    1) =       2.804149 [THz] =      93.536329 [cm-1]
 ( -0.515120 -0.090804 -0.465148 -0.086775  0.049972  0.004029 ) 
 ( -0.520751 -0.049111 -0.470618 -0.049111  0.050134  0.000000 ) 
     freq (    2) =       2.804149 [THz] =      93.536329 [cm-1]
 ( -0.243933 -0.015374  0.329376  0.030852  0.573309  0.046226 ) 
 ( -0.244379  0.004281  0.330790  0.004281  0.575169  0.000000 ) 
     freq (    3) =       6.674606 [THz] =     222.640907 [cm-1]
 ( -0.277824 -0.299133  0.277824  0.299133 -0.277824 -0.299133 ) 
 ( -0.408248 -0.000000  0.408248 -0.000000 -0.408248  0.000000 ) 
     freq (    4) =      14.101547 [THz] =     470.376986 [cm-1]
 ( -0.277824 -0.299133  0.277824  0.299133 -0.277824 -0.299133 ) 
 (  0.408248  0.000000 -0.408248  0.000000  0.408248  0.000000 ) 
     freq (    5) =      14.358858 [THz] =     478.959940 [cm-1]
 (  0.238975  0.050386 -0.333089  0.004260 -0.572065 -0.046126 ) 
 ( -0.242252 -0.031017  0.331669 -0.031017  0.573921  0.000000 ) 
     freq (    6) =      14.358858 [THz] =     478.959940 [cm-1]
 ( -0.461142  0.247049 -0.398513  0.252099  0.062629  0.005050 ) 
 (  0.439795 -0.283312  0.376963 -0.283312 -0.062832  0.000000 ) 
 **************************************************************************
