Dynamical matrix file
                                                                           
  1    2  2 10.3460000  0.0000000  0.0000000  0.0000000  0.0000000  0.0000000
           1  'Si  '    25598.822984527003     
    1    1      0.0000000000      0.0000000000      0.0000000000
    2    1      0.2500000000      0.2500000000      0.2500000000

     Dynamical  Matrix in cartesian axes

     q = (    0.750000000  -0.250000000   0.750000000 ) 

    1    1
  0.24364614  0.00000000   -0.00624001  0.00763201    0.00577885  0.00000000
 -0.00624001 -0.00763201    0.29469584  0.00000000   -0.00624001 -0.00763201
  0.00577885  0.00000000   -0.00624001  0.00763201    0.24364614  0.00000000
    1    2
 -0.05985482  0.06094912   -0.04020263  0.04256451   -0.04055418 -0.13308891
 -0.04020263  0.04256451   -0.05826408  0.07939993   -0.04020263  0.04256451
 -0.04055418 -0.13308891   -0.04020263  0.04256451   -0.05985482  0.06094912
    2    1
 -0.05985482 -0.06094912   -0.04020263 -0.04256451   -0.04055418  0.13308891
 -0.04020263 -0.04256451   -0.05826408 -0.07939993   -0.04020263 -0.04256451
 -0.04055418  0.13308891   -0.04020263 -0.04256451   -0.05985482 -0.06094912
    2    2
  0.24364614  0.00000000   -0.00624001 -0.00763201    0.00577885  0.00000000
 -0.00624001  0.00763201    0.29469584  0.00000000   -0.00624001  0.00763201
  0.00577885  0.00000000   -0.00624001 -0.00763201    0.24364614  0.00000000

     Dynamical  Matrix in cartesian axes

     q = (    0.750000000  -0.250000000  -0.750000000 ) 

    1    1
  0.24364614  0.00000000   -0.00624001 -0.00763201   -0.00577885  0.00000000
 -0.00624001  0.00763201    0.29469584  0.00000000    0.00624001 -0.00763201
 -0.00577885  0.00000000    0.00624001  0.00763201    0.24364614  0.00000000
    1    2
 -0.06094912  0.05985482   -0.04256451  0.04020263   -0.13308891 -0.04055418
 -0.04256451  0.04020263   -0.07939993  0.05826408    0.04256451 -0.04020263
 -0.13308891 -0.04055418    0.04256451 -0.04020263   -0.06094912  0.05985482
    2    1
 -0.06094912 -0.05985482   -0.04256451 -0.04020263   -0.13308891  0.04055418
 -0.04256451 -0.04020263   -0.07939993 -0.05826408    0.04256451  0.04020263
 -0.13308891  0.04055418    0.04256451  0.04020263   -0.06094912 -0.05985482
    2    2
  0.24364614  0.00000000   -0.00624001  0.00763201   -0.00577885  0.00000000
 -0.00624001 -0.00763201    0.29469584  0.00000000    0.00624001  0.00763201
 -0.00577885  0.00000000    0.00624001 -0.00763201    0.24364614  0.00000000

     Dynamical  Matrix in cartesian axes

     q = (   -0.750000000  -0.250000000  -0.750000000 ) 

    1    1
  0.24364614  0.00000000    0.00624001 -0.00763201    0.00577885  0.00000000
  0.00624001  0.00763201    0.29469584  0.00000000    0.00624001  0.00763201
  0.00577885  0.00000000    0.00624001 -0.00763201    0.24364614  0.00000000
    1    2
  0.06094912  0.05985482   -0.04256451 -0.04020263   -0.13308891  0.04055418
 -0.04256451 -0.04020263    0.07939993  0.05826408   -0.04256451 -0.04020263
 -0.13308891  0.04055418   -0.04256451 -0.04020263    0.06094912  0.05985482
    2    1
  0.06094912 -0.05985482   -0.04256451  0.04020263   -0.13308891 -0.04055418
 -0.04256451  0.04020263    0.07939993 -0.05826408   -0.04256451  0.04020263
 -0.13308891 -0.04055418   -0.04256451  0.04020263    0.06094912 -0.05985482
    2    2
  0.24364614  0.00000000    0.00624001  0.00763201    0.00577885  0.00000000
  0.00624001 -0.00763201    0.29469584  0.00000000    0.00624001 -0.00763201
  0.00577885  0.00000000    0.00624001  0.00763201    0.24364614  0.00000000

     Dynamical  Matrix in cartesian axes

     q = (   -0.750000000  -0.250000000   0.750000000 ) 

    1    1
  0.24364614  0.00000000    0.00624001  0.00763201   -0.00577885  0.00000000
  0.00624001 -0.00763201    0.29469584  0.00000000   -0.00624001  0.00763201
 -0.00577885  0.00000000   -0.00624001 -0.00763201    0.24364614  0.00000000
    1    2
 -0.06094912  0.05985482    0.04256451 -0.04020263   -0.13308891 -0.04055418
  0.04256451 -0.04020263   -0.07939993  0.05826408   -0.04256451  0.04020263
 -0.13308891 -0.04055418   -0.04256451  0.04020263   -0.06094912  0.05985482
    2    1
 -0.06094912 -0.05985482    0.04256451  0.04020263   -0.13308891  0.04055418
  0.04256451  0.04020263   -0.07939993 -0.05826408   -0.04256451 -0.04020263
 -0.13308891  0.04055418   -0.04256451 -0.04020263   -0.06094912 -0.05985482
    2    2
  0.24364614  0.00000000    0.00624001 -0.00763201   -0.00577885  0.00000000
  0.00624001  0.00763201    0.29469584  0.00000000   -0.00624001 -0.00763201
 -0.00577885  0.00000000   -0.00624001  0.00763201    0.24364614  0.00000000

     Dynamical  Matrix in cartesian axes

     q = (   -0.750000000   0.250000000  -0.750000000 ) 

    1    1
  0.24364614  0.00000000   -0.00624001 -0.00763201    0.00577885  0.00000000
 -0.00624001  0.00763201    0.29469584  0.00000000   -0.00624001  0.00763201
  0.00577885  0.00000000   -0.00624001 -0.00763201    0.24364614  0.00000000
    1    2
 -0.05985482 -0.06094912   -0.04020263 -0.04256451   -0.04055418  0.13308891
 -0.04020263 -0.04256451   -0.05826408 -0.07939993   -0.04020263 -0.04256451
 -0.04055418  0.13308891   -0.04020263 -0.04256451   -0.05985482 -0.06094912
    2    1
 -0.05985482  0.06094912   -0.04020263  0.04256451   -0.04055418 -0.13308891
 -0.04020263  0.04256451   -0.05826408  0.07939993   -0.04020263  0.04256451
 -0.04055418 -0.13308891   -0.04020263  0.04256451   -0.05985482  0.06094912
    2    2
  0.24364614  0.00000000   -0.00624001  0.00763201    0.00577885  0.00000000
 -0.00624001 -0.00763201    0.29469584  0.00000000   -0.00624001 -0.00763201
  0.00577885  0.00000000   -0.00624001  0.00763201    0.24364614  0.00000000

     Dynamical  Matrix in cartesian axes

     q = (   -0.250000000   0.750000000  -0.750000000 ) 

    1    1
  0.29469584  0.00000000   -0.00624001  0.00763201    0.00624001 -0.00763201
 -0.00624001 -0.00763201    0.24364614  0.00000000   -0.00577885  0.00000000
  0.00624001  0.00763201   -0.00577885  0.00000000    0.24364614  0.00000000
    1    2
 -0.07939993  0.05826408   -0.04256451  0.04020263    0.04256451 -0.04020263
 -0.04256451  0.04020263   -0.06094912  0.05985482   -0.13308891 -0.04055418
  0.04256451 -0.04020263   -0.13308891 -0.04055418   -0.06094912  0.05985482
    2    1
 -0.07939993 -0.05826408   -0.04256451 -0.04020263    0.04256451  0.04020263
 -0.04256451 -0.04020263   -0.06094912 -0.05985482   -0.13308891  0.04055418
  0.04256451  0.04020263   -0.13308891  0.04055418   -0.06094912 -0.05985482
    2    2
  0.29469584  0.00000000   -0.00624001 -0.00763201    0.00624001  0.00763201
 -0.00624001  0.00763201    0.24364614  0.00000000   -0.00577885  0.00000000
  0.00624001 -0.00763201   -0.00577885  0.00000000    0.24364614  0.00000000

     Dynamical  Matrix in cartesian axes

     q = (   -0.750000000   0.750000000  -0.250000000 ) 

    1    1
  0.24364614  0.00000000   -0.00577885  0.00000000    0.00624001  0.00763201
 -0.00577885  0.00000000    0.24364614  0.00000000   -0.00624001 -0.00763201
  0.00624001 -0.00763201   -0.00624001  0.00763201    0.29469584  0.00000000
    1    2
 -0.06094912  0.05985482   -0.13308891 -0.04055418    0.04256451 -0.04020263
 -0.13308891 -0.04055418   -0.06094912  0.05985482   -0.04256451  0.04020263
  0.04256451 -0.04020263   -0.04256451  0.04020263   -0.07939993  0.05826408
    2    1
 -0.06094912 -0.05985482   -0.13308891  0.04055418    0.04256451  0.04020263
 -0.13308891  0.04055418   -0.06094912 -0.05985482   -0.04256451 -0.04020263
  0.04256451  0.04020263   -0.04256451 -0.04020263   -0.07939993 -0.05826408
    2    2
  0.24364614  0.00000000   -0.00577885  0.00000000    0.00624001 -0.00763201
 -0.00577885  0.00000000    0.24364614  0.00000000   -0.00624001  0.00763201
  0.00624001  0.00763201   -0.00624001 -0.00763201    0.29469584  0.00000000

     Dynamical  Matrix in cartesian axes

     q = (    0.750000000   0.250000000   0.750000000 ) 

    1    1
  0.24364614  0.00000000    0.00624001  0.00763201    0.00577885  0.00000000
  0.00624001 -0.00763201    0.29469584  0.00000000    0.00624001 -0.00763201
  0.00577885  0.00000000    0.00624001  0.00763201    0.24364614  0.00000000
    1    2
  0.06094912 -0.05985482   -0.04256451  0.04020263   -0.13308891 -0.04055418
 -0.04256451  0.04020263    0.07939993 -0.05826408   -0.04256451  0.04020263
 -0.13308891 -0.04055418   -0.04256451  0.04020263    0.06094912 -0.05985482
    2    1
  0.06094912  0.05985482   -0.04256451 -0.04020263   -0.13308891  0.04055418
 -0.04256451 -0.04020263    0.07939993  0.05826408   -0.04256451 -0.04020263
 -0.13308891  0.04055418   -0.04256451 -0.04020263    0.06094912  0.05985482
    2    2
  0.24364614  0.00000000    0.00624001 -0.00763201    0.00577885  0.00000000
  0.00624001  0.00763201    0.29469584  0.00000000    0.00624001  0.00763201
  0.00577885  0.00000000    0.00624001 -0.00763201    0.24364614  0.00000000

     Dynamical  Matrix in cartesian axes

     q = (   -0.750000000   0.250000000   0.750000000 ) 

    1    1
  0.24364614  0.00000000   -0.00624001  0.00763201   -0.00577885  0.00000000
 -0.00624001 -0.00763201    0.29469584  0.00000000    0.00624001  0.00763201
 -0.00577885  0.00000000    0.00624001 -0.00763201    0.24364614  0.00000000
    1    2
 -0.06094912 -0.05985482   -0.04256451 -0.04020263   -0.13308891  0.04055418
 -0.04256451 -0.04020263   -0.07939993 -0.05826408    0.04256451  0.04020263
 -0.13308891  0.04055418    0.04256451  0.04020263   -0.06094912 -0.05985482
    2    1
 -0.06094912  0.05985482   -0.04256451  0.04020263   -0.13308891 -0.04055418
 -0.04256451  0.04020263   -0.07939993  0.05826408    0.04256451 -0.04020263
 -0.13308891 -0.04055418    0.04256451 -0.04020263   -0.06094912  0.05985482
    2    2
  0.24364614  0.00000000   -0.00624001 -0.00763201   -0.00577885  0.00000000
 -0.00624001  0.00763201    0.29469584  0.00000000    0.00624001 -0.00763201
 -0.00577885  0.00000000    0.00624001  0.00763201    0.24364614  0.00000000

     Dynamical  Matrix in cartesian axes

     q = (    0.750000000   0.250000000  -0.750000000 ) 

    1    1
  0.24364614  0.00000000    0.00624001 -0.00763201   -0.00577885  0.00000000
  0.00624001  0.00763201    0.29469584  0.00000000   -0.00624001 -0.00763201
 -0.00577885  0.00000000   -0.00624001  0.00763201    0.24364614  0.00000000
    1    2
 -0.06094912 -0.05985482    0.04256451  0.04020263   -0.13308891  0.04055418
  0.04256451  0.04020263   -0.07939993 -0.05826408   -0.04256451 -0.04020263
 -0.13308891  0.04055418   -0.04256451 -0.04020263   -0.06094912 -0.05985482
    2    1
 -0.06094912  0.05985482    0.04256451 -0.04020263   -0.13308891 -0.04055418
  0.04256451 -0.04020263   -0.07939993  0.05826408   -0.04256451  0.04020263
 -0.13308891 -0.04055418   -0.04256451  0.04020263   -0.06094912  0.05985482
    2    2
  0.24364614  0.00000000    0.00624001  0.00763201   -0.00577885  0.00000000
  0.00624001 -0.00763201    0.29469584  0.00000000   -0.00624001  0.00763201
 -0.00577885  0.00000000   -0.00624001 -0.00763201    0.24364614  0.00000000

     Dynamical  Matrix in cartesian axes

     q = (   -0.750000000   0.750000000   0.250000000 ) 

    1    1
  0.24364614  0.00000000   -0.00577885  0.00000000   -0.00624001  0.00763201
 -0.00577885  0.00000000    0.24364614  0.00000000    0.00624001 -0.00763201
 -0.00624001 -0.00763201    0.00624001  0.00763201    0.29469584  0.00000000
    1    2
 -0.06094912 -0.05985482   -0.13308891  0.04055418   -0.04256451 -0.04020263
 -0.13308891  0.04055418   -0.06094912 -0.05985482    0.04256451  0.04020263
 -0.04256451 -0.04020263    0.04256451  0.04020263   -0.07939993 -0.05826408
    2    1
 -0.06094912  0.05985482   -0.13308891 -0.04055418   -0.04256451  0.04020263
 -0.13308891 -0.04055418   -0.06094912  0.05985482    0.04256451 -0.04020263
 -0.04256451  0.04020263    0.04256451 -0.04020263   -0.07939993  0.05826408
    2    2
  0.24364614  0.00000000   -0.00577885  0.00000000   -0.00624001 -0.00763201
 -0.00577885  0.00000000    0.24364614  0.00000000    0.00624001  0.00763201
 -0.00624001  0.00763201    0.00624001 -0.00763201    0.29469584  0.00000000

     Dynamical  Matrix in cartesian axes

     q = (   -0.250000000   0.750000000   0.750000000 ) 

    1    1
  0.29469584  0.00000000   -0.00624001 -0.00763201   -0.00624001 -0.00763201
 -0.00624001  0.00763201    0.24364614  0.00000000    0.00577885  0.00000000
 -0.00624001  0.00763201    0.00577885  0.00000000    0.24364614  0.00000000
    1    2
 -0.05826408  0.07939993   -0.04020263  0.04256451   -0.04020263  0.04256451
 -0.04020263  0.04256451   -0.05985482  0.06094912   -0.04055418 -0.13308891
 -0.04020263  0.04256451   -0.04055418 -0.13308891   -0.05985482  0.06094912
    2    1
 -0.05826408 -0.07939993   -0.04020263 -0.04256451   -0.04020263 -0.04256451
 -0.04020263 -0.04256451   -0.05985482 -0.06094912   -0.04055418  0.13308891
 -0.04020263 -0.04256451   -0.04055418  0.13308891   -0.05985482 -0.06094912
    2    2
  0.29469584  0.00000000   -0.00624001  0.00763201   -0.00624001  0.00763201
 -0.00624001 -0.00763201    0.24364614  0.00000000    0.00577885  0.00000000
 -0.00624001 -0.00763201    0.00577885  0.00000000    0.24364614  0.00000000

     Dynamical  Matrix in cartesian axes

     q = (    0.250000000   0.750000000  -0.750000000 ) 

    1    1
  0.29469584  0.00000000    0.00624001  0.00763201   -0.00624001 -0.00763201
  0.00624001 -0.00763201    0.24364614  0.00000000   -0.00577885  0.00000000
 -0.00624001  0.00763201   -0.00577885  0.00000000    0.24364614  0.00000000
    1    2
 -0.07939993 -0.05826408    0.04256451  0.04020263   -0.04256451 -0.04020263
  0.04256451  0.04020263   -0.06094912 -0.05985482   -0.13308891  0.04055418
 -0.04256451 -0.04020263   -0.13308891  0.04055418   -0.06094912 -0.05985482
    2    1
 -0.07939993  0.05826408    0.04256451 -0.04020263   -0.04256451  0.04020263
  0.04256451 -0.04020263   -0.06094912  0.05985482   -0.13308891 -0.04055418
 -0.04256451  0.04020263   -0.13308891 -0.04055418   -0.06094912  0.05985482
    2    2
  0.29469584  0.00000000    0.00624001 -0.00763201   -0.00624001  0.00763201
  0.00624001  0.00763201    0.24364614  0.00000000   -0.00577885  0.00000000
 -0.00624001 -0.00763201   -0.00577885  0.00000000    0.24364614  0.00000000

     Dynamical  Matrix in cartesian axes

     q = (   -0.250000000  -0.750000000  -0.750000000 ) 

    1    1
  0.29469584  0.00000000    0.00624001  0.00763201    0.00624001  0.00763201
  0.00624001 -0.00763201    0.24364614  0.00000000    0.00577885  0.00000000
  0.00624001 -0.00763201    0.00577885  0.00000000    0.24364614  0.00000000
    1    2
  0.07939993  0.05826408   -0.04256451 -0.04020263   -0.04256451 -0.04020263
 -0.04256451 -0.04020263    0.06094912  0.05985482   -0.13308891  0.04055418
 -0.04256451 -0.04020263   -0.13308891  0.04055418    0.06094912  0.05985482
    2    1
  0.07939993 -0.05826408   -0.04256451  0.04020263   -0.04256451  0.04020263
 -0.04256451  0.04020263    0.06094912 -0.05985482   -0.13308891 -0.04055418
 -0.04256451  0.04020263   -0.13308891 -0.04055418    0.06094912 -0.05985482
    2    2
  0.29469584  0.00000000    0.00624001 -0.00763201    0.00624001 -0.00763201
  0.00624001  0.00763201    0.24364614  0.00000000    0.00577885  0.00000000
  0.00624001  0.00763201    0.00577885  0.00000000    0.24364614  0.00000000

     Dynamical  Matrix in cartesian axes

     q = (    0.750000000   0.750000000  -0.250000000 ) 

    1    1
  0.24364614  0.00000000    0.00577885  0.00000000   -0.00624001  0.00763201
  0.00577885  0.00000000    0.24364614  0.00000000   -0.00624001  0.00763201
 -0.00624001 -0.00763201   -0.00624001 -0.00763201    0.29469584  0.00000000
    1    2
 -0.05985482  0.06094912   -0.04055418 -0.13308891   -0.04020263  0.04256451
 -0.04055418 -0.13308891   -0.05985482  0.06094912   -0.04020263  0.04256451
 -0.04020263  0.04256451   -0.04020263  0.04256451   -0.05826408  0.07939993
    2    1
 -0.05985482 -0.06094912   -0.04055418  0.13308891   -0.04020263 -0.04256451
 -0.04055418  0.13308891   -0.05985482 -0.06094912   -0.04020263 -0.04256451
 -0.04020263 -0.04256451   -0.04020263 -0.04256451   -0.05826408 -0.07939993
    2    2
  0.24364614  0.00000000    0.00577885  0.00000000   -0.00624001 -0.00763201
  0.00577885  0.00000000    0.24364614  0.00000000   -0.00624001 -0.00763201
 -0.00624001  0.00763201   -0.00624001  0.00763201    0.29469584  0.00000000

     Dynamical  Matrix in cartesian axes

     q = (    0.750000000  -0.750000000   0.250000000 ) 

    1    1
  0.24364614  0.00000000   -0.00577885  0.00000000    0.00624001 -0.00763201
 -0.00577885  0.00000000    0.24364614  0.00000000   -0.00624001  0.00763201
  0.00624001  0.00763201   -0.00624001 -0.00763201    0.29469584  0.00000000
    1    2
 -0.06094912 -0.05985482   -0.13308891  0.04055418    0.04256451  0.04020263
 -0.13308891  0.04055418   -0.06094912 -0.05985482   -0.04256451 -0.04020263
  0.04256451  0.04020263   -0.04256451 -0.04020263   -0.07939993 -0.05826408
    2    1
 -0.06094912  0.05985482   -0.13308891 -0.04055418    0.04256451 -0.04020263
 -0.13308891 -0.04055418   -0.06094912  0.05985482   -0.04256451  0.04020263
  0.04256451 -0.04020263   -0.04256451  0.04020263   -0.07939993  0.05826408
    2    2
  0.24364614  0.00000000   -0.00577885  0.00000000    0.00624001  0.00763201
 -0.00577885  0.00000000    0.24364614  0.00000000   -0.00624001 -0.00763201
  0.00624001 -0.00763201   -0.00624001  0.00763201    0.29469584  0.00000000

     Dynamical  Matrix in cartesian axes

     q = (   -0.750000000  -0.750000000  -0.250000000 ) 

    1    1
  0.24364614  0.00000000    0.00577885  0.00000000    0.00624001 -0.00763201
  0.00577885  0.00000000    0.24364614  0.00000000    0.00624001 -0.00763201
  0.00624001  0.00763201    0.00624001  0.00763201    0.29469584  0.00000000
    1    2
  0.06094912  0.05985482   -0.13308891  0.04055418   -0.04256451 -0.04020263
 -0.13308891  0.04055418    0.06094912  0.05985482   -0.04256451 -0.04020263
 -0.04256451 -0.04020263   -0.04256451 -0.04020263    0.07939993  0.05826408
    2    1
  0.06094912 -0.05985482   -0.13308891 -0.04055418   -0.04256451  0.04020263
 -0.13308891 -0.04055418    0.06094912 -0.05985482   -0.04256451  0.04020263
 -0.04256451  0.04020263   -0.04256451  0.04020263    0.07939993 -0.05826408
    2    2
  0.24364614  0.00000000    0.00577885  0.00000000    0.00624001  0.00763201
  0.00577885  0.00000000    0.24364614  0.00000000    0.00624001  0.00763201
  0.00624001 -0.00763201    0.00624001 -0.00763201    0.29469584  0.00000000

     Dynamical  Matrix in cartesian axes

     q = (    0.250000000  -0.750000000   0.750000000 ) 

    1    1
  0.29469584  0.00000000   -0.00624001 -0.00763201    0.00624001  0.00763201
 -0.00624001  0.00763201    0.24364614  0.00000000   -0.00577885  0.00000000
  0.00624001 -0.00763201   -0.00577885  0.00000000    0.24364614  0.00000000
    1    2
 -0.07939993 -0.05826408   -0.04256451 -0.04020263    0.04256451  0.04020263
 -0.04256451 -0.04020263   -0.06094912 -0.05985482   -0.13308891  0.04055418
  0.04256451  0.04020263   -0.13308891  0.04055418   -0.06094912 -0.05985482
    2    1
 -0.07939993  0.05826408   -0.04256451  0.04020263    0.04256451 -0.04020263
 -0.04256451  0.04020263   -0.06094912  0.05985482   -0.13308891 -0.04055418
  0.04256451 -0.04020263   -0.13308891 -0.04055418   -0.06094912  0.05985482
    2    2
  0.29469584  0.00000000   -0.00624001  0.00763201    0.00624001 -0.00763201
 -0.00624001 -0.00763201    0.24364614  0.00000000   -0.00577885  0.00000000
  0.00624001  0.00763201   -0.00577885  0.00000000    0.24364614  0.00000000

     Dynamical  Matrix in cartesian axes

     q = (   -0.750000000  -0.750000000   0.250000000 ) 

    1    1
  0.24364614  0.00000000    0.00577885  0.00000000   -0.00624001 -0.00763201
  0.00577885  0.00000000    0.24364614  0.00000000   -0.00624001 -0.00763201
 -0.00624001  0.00763201   -0.00624001  0.00763201    0.29469584  0.00000000
    1    2
 -0.05985482 -0.06094912   -0.04055418  0.13308891   -0.04020263 -0.04256451
 -0.04055418  0.13308891   -0.05985482 -0.06094912   -0.04020263 -0.04256451
 -0.04020263 -0.04256451   -0.04020263 -0.04256451   -0.05826408 -0.07939993
    2    1
 -0.05985482  0.06094912   -0.04055418 -0.13308891   -0.04020263  0.04256451
 -0.04055418 -0.13308891   -0.05985482  0.06094912   -0.04020263  0.04256451
 -0.04020263  0.04256451   -0.04020263  0.04256451   -0.05826408  0.07939993
    2    2
  0.24364614  0.00000000    0.00577885  0.00000000   -0.00624001  0.00763201
  0.00577885  0.00000000    0.24364614  0.00000000   -0.00624001  0.00763201
 -0.00624001 -0.00763201   -0.00624001 -0.00763201    0.29469584  0.00000000

     Dynamical  Matrix in cartesian axes

     q = (    0.250000000   0.750000000   0.750000000 ) 

    1    1
  0.29469584  0.00000000    0.00624001 -0.00763201    0.00624001 -0.00763201
  0.00624001  0.00763201    0.24364614  0.00000000    0.00577885  0.00000000
  0.00624001  0.00763201    0.00577885  0.00000000    0.24364614  0.00000000
    1    2
  0.07939993 -0.05826408   -0.04256451  0.04020263   -0.04256451  0.04020263
 -0.04256451  0.04020263    0.06094912 -0.05985482   -0.13308891 -0.04055418
 -0.04256451  0.04020263   -0.13308891 -0.04055418    0.06094912 -0.05985482
    2    1
  0.07939993  0.05826408   -0.04256451 -0.04020263   -0.04256451 -0.04020263
 -0.04256451 -0.04020263    0.06094912  0.05985482   -0.13308891  0.04055418
 -0.04256451 -0.04020263   -0.13308891  0.04055418    0.06094912  0.05985482
    2    2
  0.29469584  0.00000000    0.00624001  0.00763201    0.00624001  0.00763201
  0.00624001 -0.00763201    0.24364614  0.00000000    0.00577885  0.00000000
  0.00624001 -0.00763201    0.00577885  0.00000000    0.24364614  0.00000000

     Dynamical  Matrix in cartesian axes

     q = (   -0.250000000  -0.750000000   0.750000000 ) 

    1    1
  0.29469584  0.00000000    0.00624001 -0.00763201   -0.00624001  0.00763201
  0.00624001  0.00763201    0.24364614  0.00000000   -0.00577885  0.00000000
 -0.00624001 -0.00763201   -0.00577885  0.00000000    0.24364614  0.00000000
    1    2
 -0.07939993  0.05826408    0.04256451 -0.04020263   -0.04256451  0.04020263
  0.04256451 -0.04020263   -0.06094912  0.05985482   -0.13308891 -0.04055418
 -0.04256451  0.04020263   -0.13308891 -0.04055418   -0.06094912  0.05985482
    2    1
 -0.07939993 -0.05826408    0.04256451  0.04020263   -0.04256451 -0.04020263
  0.04256451  0.04020263   -0.06094912 -0.05985482   -0.13308891  0.04055418
 -0.04256451 -0.04020263   -0.13308891  0.04055418   -0.06094912 -0.05985482
    2    2
  0.29469584  0.00000000    0.00624001  0.00763201   -0.00624001 -0.00763201
  0.00624001 -0.00763201    0.24364614  0.00000000   -0.00577885  0.00000000
 -0.00624001  0.00763201   -0.00577885  0.00000000    0.24364614  0.00000000

     Dynamical  Matrix in cartesian axes

     q = (    0.750000000   0.750000000   0.250000000 ) 

    1    1
  0.24364614  0.00000000    0.00577885  0.00000000    0.00624001  0.00763201
  0.00577885  0.00000000    0.24364614  0.00000000    0.00624001  0.00763201
  0.00624001 -0.00763201    0.00624001 -0.00763201    0.29469584  0.00000000
    1    2
  0.06094912 -0.05985482   -0.13308891 -0.04055418   -0.04256451  0.04020263
 -0.13308891 -0.04055418    0.06094912 -0.05985482   -0.04256451  0.04020263
 -0.04256451  0.04020263   -0.04256451  0.04020263    0.07939993 -0.05826408
    2    1
  0.06094912  0.05985482   -0.13308891  0.04055418   -0.04256451 -0.04020263
 -0.13308891  0.04055418    0.06094912  0.05985482   -0.04256451 -0.04020263
 -0.04256451 -0.04020263   -0.04256451 -0.04020263    0.07939993  0.05826408
    2    2
  0.24364614  0.00000000    0.00577885  0.00000000    0.00624001 -0.00763201
  0.00577885  0.00000000    0.24364614  0.00000000    0.00624001 -0.00763201
  0.00624001  0.00763201    0.00624001  0.00763201    0.29469584  0.00000000

     Dynamical  Matrix in cartesian axes

     q = (    0.250000000  -0.750000000  -0.750000000 ) 

    1    1
  0.29469584  0.00000000   -0.00624001  0.00763201   -0.00624001  0.00763201
 -0.00624001 -0.00763201    0.24364614  0.00000000    0.00577885  0.00000000
 -0.00624001 -0.00763201    0.00577885  0.00000000    0.24364614  0.00000000
    1    2
 -0.05826408 -0.07939993   -0.04020263 -0.04256451   -0.04020263 -0.04256451
 -0.04020263 -0.04256451   -0.05985482 -0.06094912   -0.04055418  0.13308891
 -0.04020263 -0.04256451   -0.04055418  0.13308891   -0.05985482 -0.06094912
    2    1
 -0.05826408  0.07939993   -0.04020263  0.04256451   -0.04020263  0.04256451
 -0.04020263  0.04256451   -0.05985482  0.06094912   -0.04055418 -0.13308891
 -0.04020263  0.04256451   -0.04055418 -0.13308891   -0.05985482  0.06094912
    2    2
  0.29469584  0.00000000   -0.00624001 -0.00763201   -0.00624001 -0.00763201
 -0.00624001  0.00763201    0.24364614  0.00000000    0.00577885  0.00000000
 -0.00624001  0.00763201    0.00577885  0.00000000    0.24364614  0.00000000

     Dynamical  Matrix in cartesian axes

     q = (    0.750000000  -0.750000000  -0.250000000 ) 

    1    1
  0.24364614  0.00000000   -0.00577885  0.00000000   -0.00624001 -0.00763201
 -0.00577885  0.00000000    0.24364614  0.00000000    0.00624001  0.00763201
 -0.00624001  0.00763201    0.00624001 -0.00763201    0.29469584  0.00000000
    1    2
 -0.06094912  0.05985482   -0.13308891 -0.04055418   -0.04256451  0.04020263
 -0.13308891 -0.04055418   -0.06094912  0.05985482    0.04256451 -0.04020263
 -0.04256451  0.04020263    0.04256451 -0.04020263   -0.07939993  0.05826408
    2    1
 -0.06094912 -0.05985482   -0.13308891  0.04055418   -0.04256451 -0.04020263
 -0.13308891  0.04055418   -0.06094912 -0.05985482    0.04256451  0.04020263
 -0.04256451 -0.04020263    0.04256451  0.04020263   -0.07939993 -0.05826408
    2    2
  0.24364614  0.00000000   -0.00577885  0.00000000   -0.00624001  0.00763201
 -0.00577885  0.00000000    0.24364614  0.00000000    0.00624001 -0.00763201
 -0.00624001 -0.00763201    0.00624001  0.00763201    0.29469584  0.00000000

     Diagonalizing the dynamical matrix

     q = (    0.750000000  -0.250000000   0.750000000 ) 

 **************************************************************************
     freq (    1) =       4.257459 [THz] =     142.013562 [cm-1]
 (  0.049490 -0.497545 -0.000000 -0.000000 -0.049490  0.497545 ) 
 (  0.500000 -0.000000  0.000000 -0.000000 -0.500000  0.000000 ) 
     freq (    2) =       5.887080 [THz] =     196.371839 [cm-1]
 ( -0.391320 -0.160013 -0.344610  0.154184 -0.391320 -0.160013 ) 
 ( -0.422771  0.000000 -0.260617 -0.273144 -0.422771  0.000000 ) 
     freq (    3) =       9.328383 [THz] =     311.161367 [cm-1]
 (  0.111727 -0.290798  0.384673  0.397409  0.111727 -0.290798 ) 
 ( -0.311523 -0.000000  0.233008  0.501612 -0.311523  0.000000 ) 
     freq (    4) =      12.019781 [THz] =     400.936745 [cm-1]
 (  0.085985  0.318952 -0.404060 -0.344222  0.085985  0.318952 ) 
 ( -0.330339  0.000000  0.437531  0.300532 -0.330339  0.000000 ) 
     freq (    5) =      13.528206 [THz] =     451.252367 [cm-1]
 (  0.049490 -0.497545 -0.000000 -0.000000 -0.049490  0.497545 ) 
 ( -0.500000  0.000000  0.000000  0.000000  0.500000  0.000000 ) 
     freq (    6) =      13.926657 [THz] =     464.543291 [cm-1]
 ( -0.301333 -0.155861 -0.469656  0.221888 -0.301333 -0.155861 ) 
 (  0.339256 -0.000000  0.315217  0.412855  0.339256 -0.000000 ) 
 **************************************************************************
