Dynamical matrix file
                                                                           
  1    2  2 10.2860000  0.0000000  0.0000000  0.0000000  0.0000000  0.0000000
           1  'Si  '    25598.822984527003     
    1    1      0.0000000000      0.0000000000      0.0000000000
    2    1      0.2500000000      0.2500000000      0.2500000000

     Dynamical  Matrix in cartesian axes

     q = (   -0.250000000   0.250000000  -0.250000000 ) 

    1    1
  0.27715263 -0.00000000   -0.01194875 -0.00000000    0.01194875  0.00000000
 -0.01194875 -0.00000000    0.27715263 -0.00000000   -0.01194875  0.00000000
  0.01194875  0.00000000   -0.01194875  0.00000000    0.27715263 -0.00000000
    1    2
 -0.20606543 -0.05994192   -0.04050142  0.04211255    0.04050142 -0.04211255
 -0.04050142  0.04211255   -0.20606543 -0.05994192   -0.04050142  0.04211255
  0.04050142 -0.04211255   -0.04050142  0.04211255   -0.20606543 -0.05994192
    2    1
 -0.20606543  0.05994192   -0.04050142 -0.04211255    0.04050142  0.04211255
 -0.04050142 -0.04211255   -0.20606543  0.05994192   -0.04050142 -0.04211255
  0.04050142  0.04211255   -0.04050142 -0.04211255   -0.20606543  0.05994192
    2    2
  0.27715263  0.00000000   -0.01194875  0.00000000    0.01194875  0.00000000
 -0.01194875  0.00000000    0.27715263  0.00000000   -0.01194875 -0.00000000
  0.01194875  0.00000000   -0.01194875 -0.00000000    0.27715263  0.00000000

     Dynamical  Matrix in cartesian axes

     q = (    0.250000000  -0.250000000  -0.250000000 ) 

    1    1
  0.27715263  0.00000000   -0.01194875  0.00000000   -0.01194875  0.00000000
 -0.01194875  0.00000000    0.27715263  0.00000000    0.01194875  0.00000000
 -0.01194875  0.00000000    0.01194875  0.00000000    0.27715263  0.00000000
    1    2
 -0.20606543 -0.05994192   -0.04050142  0.04211255   -0.04050142  0.04211255
 -0.04050142  0.04211255   -0.20606543 -0.05994192    0.04050142 -0.04211255
 -0.04050142  0.04211255    0.04050142 -0.04211255   -0.20606543 -0.05994192
    2    1
 -0.20606543  0.05994192   -0.04050142 -0.04211255   -0.04050142 -0.04211255
 -0.04050142 -0.04211255   -0.20606543  0.05994192    0.04050142  0.04211255
 -0.04050142 -0.04211255    0.04050142  0.04211255   -0.20606543  0.05994192
    2    2
  0.27715263  0.00000000   -0.01194875  0.00000000   -0.01194875  0.00000000
 -0.01194875  0.00000000    0.27715263  0.00000000    0.01194875 -0.00000000
 -0.01194875  0.00000000    0.01194875 -0.00000000    0.27715263  0.00000000

     Dynamical  Matrix in cartesian axes

     q = (    0.250000000  -0.250000000   0.250000000 ) 

    1    1
  0.27715263  0.00000000   -0.01194875  0.00000000    0.01194875  0.00000000
 -0.01194875  0.00000000    0.27715263  0.00000000   -0.01194875 -0.00000000
  0.01194875  0.00000000   -0.01194875 -0.00000000    0.27715263  0.00000000
    1    2
 -0.20606543  0.05994192   -0.04050142 -0.04211255    0.04050142  0.04211255
 -0.04050142 -0.04211255   -0.20606543  0.05994192   -0.04050142 -0.04211255
  0.04050142  0.04211255   -0.04050142 -0.04211255   -0.20606543  0.05994192
    2    1
 -0.20606543 -0.05994192   -0.04050142  0.04211255    0.04050142 -0.04211255
 -0.04050142  0.04211255   -0.20606543 -0.05994192   -0.04050142  0.04211255
  0.04050142 -0.04211255   -0.04050142  0.04211255   -0.20606543 -0.05994192
    2    2
  0.27715263 -0.00000000   -0.01194875 -0.00000000    0.01194875  0.00000000
 -0.01194875 -0.00000000    0.27715263 -0.00000000   -0.01194875  0.00000000
  0.01194875  0.00000000   -0.01194875  0.00000000    0.27715263 -0.00000000

     Dynamical  Matrix in cartesian axes

     q = (    0.250000000   0.250000000   0.250000000 ) 

    1    1
  0.27715263 -0.00000000    0.01194875  0.00000000    0.01194875  0.00000000
  0.01194875 -0.00000000    0.27715263 -0.00000000    0.01194875  0.00000000
  0.01194875  0.00000000    0.01194875  0.00000000    0.27715263 -0.00000000
    1    2
 -0.05994192  0.20606543   -0.04211255 -0.04050142   -0.04211255 -0.04050142
 -0.04211255 -0.04050142   -0.05994192  0.20606543   -0.04211255 -0.04050142
 -0.04211255 -0.04050142   -0.04211255 -0.04050142   -0.05994192  0.20606543
    2    1
 -0.05994192 -0.20606543   -0.04211255  0.04050142   -0.04211255  0.04050142
 -0.04211255  0.04050142   -0.05994192 -0.20606543   -0.04211255  0.04050142
 -0.04211255  0.04050142   -0.04211255  0.04050142   -0.05994192 -0.20606543
    2    2
  0.27715263  0.00000000    0.01194875  0.00000000    0.01194875  0.00000000
  0.01194875  0.00000000    0.27715263  0.00000000    0.01194875  0.00000000
  0.01194875  0.00000000    0.01194875  0.00000000    0.27715263  0.00000000

     Dynamical  Matrix in cartesian axes

     q = (   -0.250000000  -0.250000000  -0.250000000 ) 

    1    1
  0.27715263  0.00000000    0.01194875  0.00000000    0.01194875  0.00000000
  0.01194875  0.00000000    0.27715263  0.00000000    0.01194875  0.00000000
  0.01194875  0.00000000    0.01194875  0.00000000    0.27715263  0.00000000
    1    2
 -0.05994192 -0.20606543   -0.04211255  0.04050142   -0.04211255  0.04050142
 -0.04211255  0.04050142   -0.05994192 -0.20606543   -0.04211255  0.04050142
 -0.04211255  0.04050142   -0.04211255  0.04050142   -0.05994192 -0.20606543
    2    1
 -0.05994192  0.20606543   -0.04211255 -0.04050142   -0.04211255 -0.04050142
 -0.04211255 -0.04050142   -0.05994192  0.20606543   -0.04211255 -0.04050142
 -0.04211255 -0.04050142   -0.04211255 -0.04050142   -0.05994192  0.20606543
    2    2
  0.27715263 -0.00000000    0.01194875  0.00000000    0.01194875  0.00000000
  0.01194875 -0.00000000    0.27715263 -0.00000000    0.01194875  0.00000000
  0.01194875  0.00000000    0.01194875  0.00000000    0.27715263 -0.00000000

     Dynamical  Matrix in cartesian axes

     q = (   -0.250000000  -0.250000000   0.250000000 ) 

    1    1
  0.27715263 -0.00000000    0.01194875 -0.00000000   -0.01194875 -0.00000000
  0.01194875  0.00000000    0.27715263 -0.00000000   -0.01194875  0.00000000
 -0.01194875 -0.00000000   -0.01194875 -0.00000000    0.27715263 -0.00000000
    1    2
 -0.20606543 -0.05994192    0.04050142 -0.04211255   -0.04050142  0.04211255
  0.04050142 -0.04211255   -0.20606543 -0.05994192   -0.04050142  0.04211255
 -0.04050142  0.04211255   -0.04050142  0.04211255   -0.20606543 -0.05994192
    2    1
 -0.20606543  0.05994192    0.04050142  0.04211255   -0.04050142 -0.04211255
  0.04050142  0.04211255   -0.20606543  0.05994192   -0.04050142 -0.04211255
 -0.04050142 -0.04211255   -0.04050142 -0.04211255   -0.20606543  0.05994192
    2    2
  0.27715263  0.00000000    0.01194875  0.00000000   -0.01194875  0.00000000
  0.01194875  0.00000000    0.27715263  0.00000000   -0.01194875 -0.00000000
 -0.01194875  0.00000000   -0.01194875 -0.00000000    0.27715263  0.00000000

     Dynamical  Matrix in cartesian axes

     q = (   -0.250000000   0.250000000   0.250000000 ) 

    1    1
  0.27715263  0.00000000   -0.01194875  0.00000000   -0.01194875  0.00000000
 -0.01194875  0.00000000    0.27715263  0.00000000    0.01194875 -0.00000000
 -0.01194875  0.00000000    0.01194875 -0.00000000    0.27715263  0.00000000
    1    2
 -0.20606543  0.05994192   -0.04050142 -0.04211255   -0.04050142 -0.04211255
 -0.04050142 -0.04211255   -0.20606543  0.05994192    0.04050142  0.04211255
 -0.04050142 -0.04211255    0.04050142  0.04211255   -0.20606543  0.05994192
    2    1
 -0.20606543 -0.05994192   -0.04050142  0.04211255   -0.04050142  0.04211255
 -0.04050142  0.04211255   -0.20606543 -0.05994192    0.04050142 -0.04211255
 -0.04050142  0.04211255    0.04050142 -0.04211255   -0.20606543 -0.05994192
    2    2
  0.27715263  0.00000000   -0.01194875  0.00000000   -0.01194875  0.00000000
 -0.01194875  0.00000000    0.27715263  0.00000000    0.01194875  0.00000000
 -0.01194875  0.00000000    0.01194875  0.00000000    0.27715263  0.00000000

     Dynamical  Matrix in cartesian axes

     q = (    0.250000000   0.250000000  -0.250000000 ) 

    1    1
  0.27715263  0.00000000    0.01194875  0.00000000   -0.01194875  0.00000000
  0.01194875  0.00000000    0.27715263  0.00000000   -0.01194875 -0.00000000
 -0.01194875  0.00000000   -0.01194875 -0.00000000    0.27715263  0.00000000
    1    2
 -0.20606543  0.05994192    0.04050142  0.04211255   -0.04050142 -0.04211255
  0.04050142  0.04211255   -0.20606543  0.05994192   -0.04050142 -0.04211255
 -0.04050142 -0.04211255   -0.04050142 -0.04211255   -0.20606543  0.05994192
    2    1
 -0.20606543 -0.05994192    0.04050142 -0.04211255   -0.04050142  0.04211255
  0.04050142 -0.04211255   -0.20606543 -0.05994192   -0.04050142  0.04211255
 -0.04050142  0.04211255   -0.04050142  0.04211255   -0.20606543 -0.05994192
    2    2
  0.27715263 -0.00000000    0.01194875 -0.00000000   -0.01194875 -0.00000000
  0.01194875  0.00000000    0.27715263 -0.00000000   -0.01194875  0.00000000
 -0.01194875 -0.00000000   -0.01194875 -0.00000000    0.27715263 -0.00000000

     Diagonalizing the dynamical matrix

     q = (   -0.250000000   0.250000000  -0.250000000 ) 

 **************************************************************************
     freq (    1) =       2.758162 [THz] =      92.002385 [cm-1]
 (  0.250384  0.007279 -0.323703 -0.034233 -0.574087 -0.041513 ) 
 (  0.250257 -0.010798 -0.325329 -0.010798 -0.575586  0.000000 ) 
     freq (    2) =       2.758162 [THz] =      92.002385 [cm-1]
 ( -0.490350 -0.173623 -0.445367 -0.170370  0.044983  0.003253 ) 
 ( -0.501595 -0.137806 -0.456494 -0.137806  0.045101  0.000000 ) 
     freq (    3) =       6.825754 [THz] =     227.682630 [cm-1]
 ( -0.267518 -0.308384  0.267518  0.308384 -0.267518 -0.308384 ) 
 ( -0.408248 -0.000000  0.408248 -0.000000 -0.408248  0.000000 ) 
     freq (    4) =      14.421311 [THz] =     481.043140 [cm-1]
 (  0.267518  0.308384 -0.267518 -0.308384  0.267518  0.308384 ) 
 ( -0.408248  0.000000  0.408248  0.000000 -0.408248  0.000000 ) 
     freq (    5) =      14.718913 [THz] =     490.970100 [cm-1]
 (  0.322847  0.151729  0.543690  0.167698  0.220843  0.015969 ) 
 ( -0.332949 -0.128049 -0.554369 -0.128049 -0.221420  0.000000 ) 
     freq (    6) =      14.718913 [THz] =     490.970100 [cm-1]
 (  0.445828  0.085551 -0.085987  0.047095 -0.531815 -0.038456 ) 
 ( -0.450837 -0.053174  0.082367 -0.053174  0.533204  0.000000 ) 
 **************************************************************************
