Dynamical matrix file
                                                                           
  1    2  2 10.4060000  0.0000000  0.0000000  0.0000000  0.0000000  0.0000000
           1  'Si  '    25598.822984527003     
    1    1      0.0000000000      0.0000000000      0.0000000000
    2    1      0.2500000000      0.2500000000      0.2500000000

     Dynamical  Matrix in cartesian axes

     q = (   -0.250000000   0.250000000  -0.250000000 ) 

    1    1
  0.28759399  0.00000000   -0.01054018  0.00000000    0.01054018  0.00000000
 -0.01054018  0.00000000    0.28759399  0.00000000   -0.01054018  0.00000000
  0.01054018  0.00000000   -0.01054018  0.00000000    0.28759399  0.00000000
    1    2
 -0.21449827 -0.06511487   -0.03318766  0.03381697    0.03318766 -0.03381697
 -0.03318766  0.03381697   -0.21449827 -0.06511487   -0.03318766  0.03381697
  0.03318766 -0.03381697   -0.03318766  0.03381697   -0.21449827 -0.06511487
    2    1
 -0.21449827  0.06511487   -0.03318766 -0.03381697    0.03318766  0.03381697
 -0.03318766 -0.03381697   -0.21449827  0.06511487   -0.03318766 -0.03381697
  0.03318766  0.03381697   -0.03318766 -0.03381697   -0.21449827  0.06511487
    2    2
  0.28759399  0.00000000   -0.01054018  0.00000000    0.01054018  0.00000000
 -0.01054018  0.00000000    0.28759399  0.00000000   -0.01054018  0.00000000
  0.01054018  0.00000000   -0.01054018  0.00000000    0.28759399  0.00000000

     Dynamical  Matrix in cartesian axes

     q = (    0.250000000  -0.250000000  -0.250000000 ) 

    1    1
  0.28759399  0.00000000   -0.01054018  0.00000000   -0.01054018  0.00000000
 -0.01054018  0.00000000    0.28759399  0.00000000    0.01054018  0.00000000
 -0.01054018  0.00000000    0.01054018  0.00000000    0.28759399  0.00000000
    1    2
 -0.21449827 -0.06511487   -0.03318766  0.03381697   -0.03318766  0.03381697
 -0.03318766  0.03381697   -0.21449827 -0.06511487    0.03318766 -0.03381697
 -0.03318766  0.03381697    0.03318766 -0.03381697   -0.21449827 -0.06511487
    2    1
 -0.21449827  0.06511487   -0.03318766 -0.03381697   -0.03318766 -0.03381697
 -0.03318766 -0.03381697   -0.21449827  0.06511487    0.03318766  0.03381697
 -0.03318766 -0.03381697    0.03318766  0.03381697   -0.21449827  0.06511487
    2    2
  0.28759399  0.00000000   -0.01054018  0.00000000   -0.01054018  0.00000000
 -0.01054018  0.00000000    0.28759399  0.00000000    0.01054018  0.00000000
 -0.01054018  0.00000000    0.01054018  0.00000000    0.28759399  0.00000000

     Dynamical  Matrix in cartesian axes

     q = (    0.250000000  -0.250000000   0.250000000 ) 

    1    1
  0.28759399  0.00000000   -0.01054018  0.00000000    0.01054018  0.00000000
 -0.01054018  0.00000000    0.28759399  0.00000000   -0.01054018  0.00000000
  0.01054018  0.00000000   -0.01054018  0.00000000    0.28759399  0.00000000
    1    2
 -0.21449827  0.06511487   -0.03318766 -0.03381697    0.03318766  0.03381697
 -0.03318766 -0.03381697   -0.21449827  0.06511487   -0.03318766 -0.03381697
  0.03318766  0.03381697   -0.03318766 -0.03381697   -0.21449827  0.06511487
    2    1
 -0.21449827 -0.06511487   -0.03318766  0.03381697    0.03318766 -0.03381697
 -0.03318766  0.03381697   -0.21449827 -0.06511487   -0.03318766  0.03381697
  0.03318766 -0.03381697   -0.03318766  0.03381697   -0.21449827 -0.06511487
    2    2
  0.28759399  0.00000000   -0.01054018  0.00000000    0.01054018  0.00000000
 -0.01054018  0.00000000    0.28759399  0.00000000   -0.01054018  0.00000000
  0.01054018  0.00000000   -0.01054018  0.00000000    0.28759399  0.00000000

     Dynamical  Matrix in cartesian axes

     q = (    0.250000000   0.250000000   0.250000000 ) 

    1    1
  0.28759399  0.00000000    0.01054018  0.00000000    0.01054018  0.00000000
  0.01054018  0.00000000    0.28759399  0.00000000    0.01054018  0.00000000
  0.01054018  0.00000000    0.01054018  0.00000000    0.28759399  0.00000000
    1    2
 -0.06511487  0.21449827   -0.03381697 -0.03318766   -0.03381697 -0.03318766
 -0.03381697 -0.03318766   -0.06511487  0.21449827   -0.03381697 -0.03318766
 -0.03381697 -0.03318766   -0.03381697 -0.03318766   -0.06511487  0.21449827
    2    1
 -0.06511487 -0.21449827   -0.03381697  0.03318766   -0.03381697  0.03318766
 -0.03381697  0.03318766   -0.06511487 -0.21449827   -0.03381697  0.03318766
 -0.03381697  0.03318766   -0.03381697  0.03318766   -0.06511487 -0.21449827
    2    2
  0.28759399  0.00000000    0.01054018  0.00000000    0.01054018  0.00000000
  0.01054018  0.00000000    0.28759399  0.00000000    0.01054018  0.00000000
  0.01054018  0.00000000    0.01054018  0.00000000    0.28759399  0.00000000

     Dynamical  Matrix in cartesian axes

     q = (   -0.250000000  -0.250000000  -0.250000000 ) 

    1    1
  0.28759399  0.00000000    0.01054018  0.00000000    0.01054018  0.00000000
  0.01054018  0.00000000    0.28759399  0.00000000    0.01054018  0.00000000
  0.01054018  0.00000000    0.01054018  0.00000000    0.28759399  0.00000000
    1    2
 -0.06511487 -0.21449827   -0.03381697  0.03318766   -0.03381697  0.03318766
 -0.03381697  0.03318766   -0.06511487 -0.21449827   -0.03381697  0.03318766
 -0.03381697  0.03318766   -0.03381697  0.03318766   -0.06511487 -0.21449827
    2    1
 -0.06511487  0.21449827   -0.03381697 -0.03318766   -0.03381697 -0.03318766
 -0.03381697 -0.03318766   -0.06511487  0.21449827   -0.03381697 -0.03318766
 -0.03381697 -0.03318766   -0.03381697 -0.03318766   -0.06511487  0.21449827
    2    2
  0.28759399  0.00000000    0.01054018  0.00000000    0.01054018  0.00000000
  0.01054018  0.00000000    0.28759399  0.00000000    0.01054018  0.00000000
  0.01054018  0.00000000    0.01054018  0.00000000    0.28759399  0.00000000

     Dynamical  Matrix in cartesian axes

     q = (   -0.250000000  -0.250000000   0.250000000 ) 

    1    1
  0.28759399  0.00000000    0.01054018  0.00000000   -0.01054018  0.00000000
  0.01054018  0.00000000    0.28759399  0.00000000   -0.01054018  0.00000000
 -0.01054018  0.00000000   -0.01054018  0.00000000    0.28759399  0.00000000
    1    2
 -0.21449827 -0.06511487    0.03318766 -0.03381697   -0.03318766  0.03381697
  0.03318766 -0.03381697   -0.21449827 -0.06511487   -0.03318766  0.03381697
 -0.03318766  0.03381697   -0.03318766  0.03381697   -0.21449827 -0.06511487
    2    1
 -0.21449827  0.06511487    0.03318766  0.03381697   -0.03318766 -0.03381697
  0.03318766  0.03381697   -0.21449827  0.06511487   -0.03318766 -0.03381697
 -0.03318766 -0.03381697   -0.03318766 -0.03381697   -0.21449827  0.06511487
    2    2
  0.28759399  0.00000000    0.01054018  0.00000000   -0.01054018  0.00000000
  0.01054018  0.00000000    0.28759399  0.00000000   -0.01054018  0.00000000
 -0.01054018  0.00000000   -0.01054018  0.00000000    0.28759399  0.00000000

     Dynamical  Matrix in cartesian axes

     q = (   -0.250000000   0.250000000   0.250000000 ) 

    1    1
  0.28759399  0.00000000   -0.01054018  0.00000000   -0.01054018  0.00000000
 -0.01054018  0.00000000    0.28759399  0.00000000    0.01054018  0.00000000
 -0.01054018  0.00000000    0.01054018  0.00000000    0.28759399  0.00000000
    1    2
 -0.21449827  0.06511487   -0.03318766 -0.03381697   -0.03318766 -0.03381697
 -0.03318766 -0.03381697   -0.21449827  0.06511487    0.03318766  0.03381697
 -0.03318766 -0.03381697    0.03318766  0.03381697   -0.21449827  0.06511487
    2    1
 -0.21449827 -0.06511487   -0.03318766  0.03381697   -0.03318766  0.03381697
 -0.03318766  0.03381697   -0.21449827 -0.06511487    0.03318766 -0.03381697
 -0.03318766  0.03381697    0.03318766 -0.03381697   -0.21449827 -0.06511487
    2    2
  0.28759399  0.00000000   -0.01054018  0.00000000   -0.01054018  0.00000000
 -0.01054018  0.00000000    0.28759399  0.00000000    0.01054018  0.00000000
 -0.01054018  0.00000000    0.01054018  0.00000000    0.28759399  0.00000000

     Dynamical  Matrix in cartesian axes

     q = (    0.250000000   0.250000000  -0.250000000 ) 

    1    1
  0.28759399  0.00000000    0.01054018  0.00000000   -0.01054018  0.00000000
  0.01054018  0.00000000    0.28759399  0.00000000   -0.01054018  0.00000000
 -0.01054018  0.00000000   -0.01054018  0.00000000    0.28759399  0.00000000
    1    2
 -0.21449827  0.06511487    0.03318766  0.03381697   -0.03318766 -0.03381697
  0.03318766  0.03381697   -0.21449827  0.06511487   -0.03318766 -0.03381697
 -0.03318766 -0.03381697   -0.03318766 -0.03381697   -0.21449827  0.06511487
    2    1
 -0.21449827 -0.06511487    0.03318766 -0.03381697   -0.03318766  0.03381697
  0.03318766 -0.03381697   -0.21449827 -0.06511487   -0.03318766  0.03381697
 -0.03318766  0.03381697   -0.03318766  0.03381697   -0.21449827 -0.06511487
    2    2
  0.28759399  0.00000000    0.01054018  0.00000000   -0.01054018  0.00000000
  0.01054018  0.00000000    0.28759399  0.00000000   -0.01054018  0.00000000
 -0.01054018  0.00000000   -0.01054018  0.00000000    0.28759399  0.00000000

     Diagonalizing the dynamical matrix

     q = (   -0.250000000   0.250000000  -0.250000000 ) 

 **************************************************************************
     freq (    1) =       3.403508 [THz] =     113.528821 [cm-1]
 ( -0.176934 -0.026197  0.383418  0.044610  0.560352  0.070807 ) 
 ( -0.178822 -0.003809  0.385986 -0.003809  0.564808 -0.000000 ) 
     freq (    2) =       3.403508 [THz] =     113.528821 [cm-1]
 ( -0.546576 -0.050949 -0.427833 -0.035945  0.118743  0.015004 ) 
 ( -0.548651  0.017974 -0.428964  0.017974  0.119687  0.000000 ) 
     freq (    3) =       6.812528 [THz] =     227.241461 [cm-1]
 (  0.304021  0.272466 -0.304021 -0.272466  0.304021  0.272466 ) 
 (  0.408248 -0.000000 -0.408248  0.000000  0.408248  0.000000 ) 
     freq (    4) =      14.649285 [THz] =     488.647539 [cm-1]
 (  0.304021  0.272466 -0.304021 -0.272466  0.304021  0.272466 ) 
 ( -0.408248  0.000000  0.408248  0.000000 -0.408248  0.000000 ) 
     freq (    5) =      14.922808 [THz] =     497.771285 [cm-1]
 ( -0.287635 -0.035708  0.285158  0.036670  0.572793  0.072379 ) 
 (  0.289842 -0.000632 -0.287506 -0.000632 -0.577348  0.000000 ) 
     freq (    6) =      14.922808 [THz] =     497.771285 [cm-1]
 ( -0.465314  0.181127 -0.466836  0.180935 -0.001522 -0.000192 ) 
 (  0.438936 -0.238032  0.440470 -0.238032  0.001534  0.000000 ) 
 **************************************************************************
