Dynamical matrix file
                                                                           
  1    2  2 10.4060000  0.0000000  0.0000000  0.0000000  0.0000000  0.0000000
           1  'Si  '    25598.822984527003     
    1    1      0.0000000000      0.0000000000      0.0000000000
    2    1      0.2500000000      0.2500000000      0.2500000000

     Dynamical  Matrix in cartesian axes

     q = (    0.750000000  -0.250000000   0.750000000 ) 

    1    1
  0.25034085  0.00000000   -0.00452203  0.00751039    0.00124465  0.00000000
 -0.00452203 -0.00751039    0.30457498  0.00000000   -0.00452203 -0.00751039
  0.00124465  0.00000000   -0.00452203  0.00751039    0.25034085  0.00000000
    1    2
 -0.04907845  0.08102745   -0.03226595  0.03691535   -0.03850887 -0.12125168
 -0.03226595  0.03691535   -0.04766400  0.10014158   -0.03226595  0.03691535
 -0.03850887 -0.12125168   -0.03226595  0.03691535   -0.04907845  0.08102745
    2    1
 -0.04907845 -0.08102745   -0.03226595 -0.03691535   -0.03850887  0.12125168
 -0.03226595 -0.03691535   -0.04766400 -0.10014158   -0.03226595 -0.03691535
 -0.03850887  0.12125168   -0.03226595 -0.03691535   -0.04907845 -0.08102745
    2    2
  0.25034085  0.00000000   -0.00452203 -0.00751039    0.00124465  0.00000000
 -0.00452203  0.00751039    0.30457498  0.00000000   -0.00452203  0.00751039
  0.00124465  0.00000000   -0.00452203 -0.00751039    0.25034085  0.00000000

     Dynamical  Matrix in cartesian axes

     q = (    0.750000000  -0.250000000  -0.750000000 ) 

    1    1
  0.25034085  0.00000000   -0.00452203 -0.00751039   -0.00124465  0.00000000
 -0.00452203  0.00751039    0.30457498  0.00000000    0.00452203 -0.00751039
 -0.00124465  0.00000000    0.00452203  0.00751039    0.25034085  0.00000000
    1    2
 -0.08102745  0.04907845   -0.03691535  0.03226595   -0.12125168 -0.03850887
 -0.03691535  0.03226595   -0.10014158  0.04766400    0.03691535 -0.03226595
 -0.12125168 -0.03850887    0.03691535 -0.03226595   -0.08102745  0.04907845
    2    1
 -0.08102745 -0.04907845   -0.03691535 -0.03226595   -0.12125168  0.03850887
 -0.03691535 -0.03226595   -0.10014158 -0.04766400    0.03691535  0.03226595
 -0.12125168  0.03850887    0.03691535  0.03226595   -0.08102745 -0.04907845
    2    2
  0.25034085  0.00000000   -0.00452203  0.00751039   -0.00124465  0.00000000
 -0.00452203 -0.00751039    0.30457498  0.00000000    0.00452203  0.00751039
 -0.00124465  0.00000000    0.00452203 -0.00751039    0.25034085  0.00000000

     Dynamical  Matrix in cartesian axes

     q = (   -0.750000000  -0.250000000  -0.750000000 ) 

    1    1
  0.25034085  0.00000000    0.00452203 -0.00751039    0.00124465  0.00000000
  0.00452203  0.00751039    0.30457498  0.00000000    0.00452203  0.00751039
  0.00124465  0.00000000    0.00452203 -0.00751039    0.25034085  0.00000000
    1    2
  0.08102745  0.04907845   -0.03691535 -0.03226595   -0.12125168  0.03850887
 -0.03691535 -0.03226595    0.10014158  0.04766400   -0.03691535 -0.03226595
 -0.12125168  0.03850887   -0.03691535 -0.03226595    0.08102745  0.04907845
    2    1
  0.08102745 -0.04907845   -0.03691535  0.03226595   -0.12125168 -0.03850887
 -0.03691535  0.03226595    0.10014158 -0.04766400   -0.03691535  0.03226595
 -0.12125168 -0.03850887   -0.03691535  0.03226595    0.08102745 -0.04907845
    2    2
  0.25034085  0.00000000    0.00452203  0.00751039    0.00124465  0.00000000
  0.00452203 -0.00751039    0.30457498  0.00000000    0.00452203 -0.00751039
  0.00124465  0.00000000    0.00452203  0.00751039    0.25034085  0.00000000

     Dynamical  Matrix in cartesian axes

     q = (   -0.750000000  -0.250000000   0.750000000 ) 

    1    1
  0.25034085  0.00000000    0.00452203  0.00751039   -0.00124465  0.00000000
  0.00452203 -0.00751039    0.30457498  0.00000000   -0.00452203  0.00751039
 -0.00124465  0.00000000   -0.00452203 -0.00751039    0.25034085  0.00000000
    1    2
 -0.08102745  0.04907845    0.03691535 -0.03226595   -0.12125168 -0.03850887
  0.03691535 -0.03226595   -0.10014158  0.04766400   -0.03691535  0.03226595
 -0.12125168 -0.03850887   -0.03691535  0.03226595   -0.08102745  0.04907845
    2    1
 -0.08102745 -0.04907845    0.03691535  0.03226595   -0.12125168  0.03850887
  0.03691535  0.03226595   -0.10014158 -0.04766400   -0.03691535 -0.03226595
 -0.12125168  0.03850887   -0.03691535 -0.03226595   -0.08102745 -0.04907845
    2    2
  0.25034085  0.00000000    0.00452203 -0.00751039   -0.00124465  0.00000000
  0.00452203  0.00751039    0.30457498  0.00000000   -0.00452203 -0.00751039
 -0.00124465  0.00000000   -0.00452203  0.00751039    0.25034085  0.00000000

     Dynamical  Matrix in cartesian axes

     q = (   -0.750000000   0.250000000  -0.750000000 ) 

    1    1
  0.25034085  0.00000000   -0.00452203 -0.00751039    0.00124465  0.00000000
 -0.00452203  0.00751039    0.30457498  0.00000000   -0.00452203  0.00751039
  0.00124465  0.00000000   -0.00452203 -0.00751039    0.25034085  0.00000000
    1    2
 -0.04907845 -0.08102745   -0.03226595 -0.03691535   -0.03850887  0.12125168
 -0.03226595 -0.03691535   -0.04766400 -0.10014158   -0.03226595 -0.03691535
 -0.03850887  0.12125168   -0.03226595 -0.03691535   -0.04907845 -0.08102745
    2    1
 -0.04907845  0.08102745   -0.03226595  0.03691535   -0.03850887 -0.12125168
 -0.03226595  0.03691535   -0.04766400  0.10014158   -0.03226595  0.03691535
 -0.03850887 -0.12125168   -0.03226595  0.03691535   -0.04907845  0.08102745
    2    2
  0.25034085  0.00000000   -0.00452203  0.00751039    0.00124465  0.00000000
 -0.00452203 -0.00751039    0.30457498  0.00000000   -0.00452203 -0.00751039
  0.00124465  0.00000000   -0.00452203  0.00751039    0.25034085  0.00000000

     Dynamical  Matrix in cartesian axes

     q = (   -0.250000000   0.750000000  -0.750000000 ) 

    1    1
  0.30457498  0.00000000   -0.00452203  0.00751039    0.00452203 -0.00751039
 -0.00452203 -0.00751039    0.25034085  0.00000000   -0.00124465  0.00000000
  0.00452203  0.00751039   -0.00124465  0.00000000    0.25034085  0.00000000
    1    2
 -0.10014158  0.04766400   -0.03691535  0.03226595    0.03691535 -0.03226595
 -0.03691535  0.03226595   -0.08102745  0.04907845   -0.12125168 -0.03850887
  0.03691535 -0.03226595   -0.12125168 -0.03850887   -0.08102745  0.04907845
    2    1
 -0.10014158 -0.04766400   -0.03691535 -0.03226595    0.03691535  0.03226595
 -0.03691535 -0.03226595   -0.08102745 -0.04907845   -0.12125168  0.03850887
  0.03691535  0.03226595   -0.12125168  0.03850887   -0.08102745 -0.04907845
    2    2
  0.30457498  0.00000000   -0.00452203 -0.00751039    0.00452203  0.00751039
 -0.00452203  0.00751039    0.25034085  0.00000000   -0.00124465  0.00000000
  0.00452203 -0.00751039   -0.00124465  0.00000000    0.25034085  0.00000000

     Dynamical  Matrix in cartesian axes

     q = (   -0.750000000   0.750000000  -0.250000000 ) 

    1    1
  0.25034085  0.00000000   -0.00124465  0.00000000    0.00452203  0.00751039
 -0.00124465  0.00000000    0.25034085  0.00000000   -0.00452203 -0.00751039
  0.00452203 -0.00751039   -0.00452203  0.00751039    0.30457498  0.00000000
    1    2
 -0.08102745  0.04907845   -0.12125168 -0.03850887    0.03691535 -0.03226595
 -0.12125168 -0.03850887   -0.08102745  0.04907845   -0.03691535  0.03226595
  0.03691535 -0.03226595   -0.03691535  0.03226595   -0.10014158  0.04766400
    2    1
 -0.08102745 -0.04907845   -0.12125168  0.03850887    0.03691535  0.03226595
 -0.12125168  0.03850887   -0.08102745 -0.04907845   -0.03691535 -0.03226595
  0.03691535  0.03226595   -0.03691535 -0.03226595   -0.10014158 -0.04766400
    2    2
  0.25034085  0.00000000   -0.00124465  0.00000000    0.00452203 -0.00751039
 -0.00124465  0.00000000    0.25034085  0.00000000   -0.00452203  0.00751039
  0.00452203  0.00751039   -0.00452203 -0.00751039    0.30457498  0.00000000

     Dynamical  Matrix in cartesian axes

     q = (    0.750000000   0.250000000   0.750000000 ) 

    1    1
  0.25034085  0.00000000    0.00452203  0.00751039    0.00124465  0.00000000
  0.00452203 -0.00751039    0.30457498  0.00000000    0.00452203 -0.00751039
  0.00124465  0.00000000    0.00452203  0.00751039    0.25034085  0.00000000
    1    2
  0.08102745 -0.04907845   -0.03691535  0.03226595   -0.12125168 -0.03850887
 -0.03691535  0.03226595    0.10014158 -0.04766400   -0.03691535  0.03226595
 -0.12125168 -0.03850887   -0.03691535  0.03226595    0.08102745 -0.04907845
    2    1
  0.08102745  0.04907845   -0.03691535 -0.03226595   -0.12125168  0.03850887
 -0.03691535 -0.03226595    0.10014158  0.04766400   -0.03691535 -0.03226595
 -0.12125168  0.03850887   -0.03691535 -0.03226595    0.08102745  0.04907845
    2    2
  0.25034085  0.00000000    0.00452203 -0.00751039    0.00124465  0.00000000
  0.00452203  0.00751039    0.30457498  0.00000000    0.00452203  0.00751039
  0.00124465  0.00000000    0.00452203 -0.00751039    0.25034085  0.00000000

     Dynamical  Matrix in cartesian axes

     q = (   -0.750000000   0.250000000   0.750000000 ) 

    1    1
  0.25034085  0.00000000   -0.00452203  0.00751039   -0.00124465  0.00000000
 -0.00452203 -0.00751039    0.30457498  0.00000000    0.00452203  0.00751039
 -0.00124465  0.00000000    0.00452203 -0.00751039    0.25034085  0.00000000
    1    2
 -0.08102745 -0.04907845   -0.03691535 -0.03226595   -0.12125168  0.03850887
 -0.03691535 -0.03226595   -0.10014158 -0.04766400    0.03691535  0.03226595
 -0.12125168  0.03850887    0.03691535  0.03226595   -0.08102745 -0.04907845
    2    1
 -0.08102745  0.04907845   -0.03691535  0.03226595   -0.12125168 -0.03850887
 -0.03691535  0.03226595   -0.10014158  0.04766400    0.03691535 -0.03226595
 -0.12125168 -0.03850887    0.03691535 -0.03226595   -0.08102745  0.04907845
    2    2
  0.25034085  0.00000000   -0.00452203 -0.00751039   -0.00124465  0.00000000
 -0.00452203  0.00751039    0.30457498  0.00000000    0.00452203 -0.00751039
 -0.00124465  0.00000000    0.00452203  0.00751039    0.25034085  0.00000000

     Dynamical  Matrix in cartesian axes

     q = (    0.750000000   0.250000000  -0.750000000 ) 

    1    1
  0.25034085  0.00000000    0.00452203 -0.00751039   -0.00124465  0.00000000
  0.00452203  0.00751039    0.30457498  0.00000000   -0.00452203 -0.00751039
 -0.00124465  0.00000000   -0.00452203  0.00751039    0.25034085  0.00000000
    1    2
 -0.08102745 -0.04907845    0.03691535  0.03226595   -0.12125168  0.03850887
  0.03691535  0.03226595   -0.10014158 -0.04766400   -0.03691535 -0.03226595
 -0.12125168  0.03850887   -0.03691535 -0.03226595   -0.08102745 -0.04907845
    2    1
 -0.08102745  0.04907845    0.03691535 -0.03226595   -0.12125168 -0.03850887
  0.03691535 -0.03226595   -0.10014158  0.04766400   -0.03691535  0.03226595
 -0.12125168 -0.03850887   -0.03691535  0.03226595   -0.08102745  0.04907845
    2    2
  0.25034085  0.00000000    0.00452203  0.00751039   -0.00124465  0.00000000
  0.00452203 -0.00751039    0.30457498  0.00000000   -0.00452203  0.00751039
 -0.00124465  0.00000000   -0.00452203 -0.00751039    0.25034085  0.00000000

     Dynamical  Matrix in cartesian axes

     q = (   -0.750000000   0.750000000   0.250000000 ) 

    1    1
  0.25034085  0.00000000   -0.00124465  0.00000000   -0.00452203  0.00751039
 -0.00124465  0.00000000    0.25034085  0.00000000    0.00452203 -0.00751039
 -0.00452203 -0.00751039    0.00452203  0.00751039    0.30457498  0.00000000
    1    2
 -0.08102745 -0.04907845   -0.12125168  0.03850887   -0.03691535 -0.03226595
 -0.12125168  0.03850887   -0.08102745 -0.04907845    0.03691535  0.03226595
 -0.03691535 -0.03226595    0.03691535  0.03226595   -0.10014158 -0.04766400
    2    1
 -0.08102745  0.04907845   -0.12125168 -0.03850887   -0.03691535  0.03226595
 -0.12125168 -0.03850887   -0.08102745  0.04907845    0.03691535 -0.03226595
 -0.03691535  0.03226595    0.03691535 -0.03226595   -0.10014158  0.04766400
    2    2
  0.25034085  0.00000000   -0.00124465  0.00000000   -0.00452203 -0.00751039
 -0.00124465  0.00000000    0.25034085  0.00000000    0.00452203  0.00751039
 -0.00452203  0.00751039    0.00452203 -0.00751039    0.30457498  0.00000000

     Dynamical  Matrix in cartesian axes

     q = (   -0.250000000   0.750000000   0.750000000 ) 

    1    1
  0.30457498  0.00000000   -0.00452203 -0.00751039   -0.00452203 -0.00751039
 -0.00452203  0.00751039    0.25034085  0.00000000    0.00124465  0.00000000
 -0.00452203  0.00751039    0.00124465  0.00000000    0.25034085  0.00000000
    1    2
 -0.04766400  0.10014158   -0.03226595  0.03691535   -0.03226595  0.03691535
 -0.03226595  0.03691535   -0.04907845  0.08102745   -0.03850887 -0.12125168
 -0.03226595  0.03691535   -0.03850887 -0.12125168   -0.04907845  0.08102745
    2    1
 -0.04766400 -0.10014158   -0.03226595 -0.03691535   -0.03226595 -0.03691535
 -0.03226595 -0.03691535   -0.04907845 -0.08102745   -0.03850887  0.12125168
 -0.03226595 -0.03691535   -0.03850887  0.12125168   -0.04907845 -0.08102745
    2    2
  0.30457498  0.00000000   -0.00452203  0.00751039   -0.00452203  0.00751039
 -0.00452203 -0.00751039    0.25034085  0.00000000    0.00124465  0.00000000
 -0.00452203 -0.00751039    0.00124465  0.00000000    0.25034085  0.00000000

     Dynamical  Matrix in cartesian axes

     q = (    0.250000000   0.750000000  -0.750000000 ) 

    1    1
  0.30457498  0.00000000    0.00452203  0.00751039   -0.00452203 -0.00751039
  0.00452203 -0.00751039    0.25034085  0.00000000   -0.00124465  0.00000000
 -0.00452203  0.00751039   -0.00124465  0.00000000    0.25034085  0.00000000
    1    2
 -0.10014158 -0.04766400    0.03691535  0.03226595   -0.03691535 -0.03226595
  0.03691535  0.03226595   -0.08102745 -0.04907845   -0.12125168  0.03850887
 -0.03691535 -0.03226595   -0.12125168  0.03850887   -0.08102745 -0.04907845
    2    1
 -0.10014158  0.04766400    0.03691535 -0.03226595   -0.03691535  0.03226595
  0.03691535 -0.03226595   -0.08102745  0.04907845   -0.12125168 -0.03850887
 -0.03691535  0.03226595   -0.12125168 -0.03850887   -0.08102745  0.04907845
    2    2
  0.30457498  0.00000000    0.00452203 -0.00751039   -0.00452203  0.00751039
  0.00452203  0.00751039    0.25034085  0.00000000   -0.00124465  0.00000000
 -0.00452203 -0.00751039   -0.00124465  0.00000000    0.25034085  0.00000000

     Dynamical  Matrix in cartesian axes

     q = (   -0.250000000  -0.750000000  -0.750000000 ) 

    1    1
  0.30457498  0.00000000    0.00452203  0.00751039    0.00452203  0.00751039
  0.00452203 -0.00751039    0.25034085  0.00000000    0.00124465  0.00000000
  0.00452203 -0.00751039    0.00124465  0.00000000    0.25034085  0.00000000
    1    2
  0.10014158  0.04766400   -0.03691535 -0.03226595   -0.03691535 -0.03226595
 -0.03691535 -0.03226595    0.08102745  0.04907845   -0.12125168  0.03850887
 -0.03691535 -0.03226595   -0.12125168  0.03850887    0.08102745  0.04907845
    2    1
  0.10014158 -0.04766400   -0.03691535  0.03226595   -0.03691535  0.03226595
 -0.03691535  0.03226595    0.08102745 -0.04907845   -0.12125168 -0.03850887
 -0.03691535  0.03226595   -0.12125168 -0.03850887    0.08102745 -0.04907845
    2    2
  0.30457498  0.00000000    0.00452203 -0.00751039    0.00452203 -0.00751039
  0.00452203  0.00751039    0.25034085  0.00000000    0.00124465  0.00000000
  0.00452203  0.00751039    0.00124465  0.00000000    0.25034085  0.00000000

     Dynamical  Matrix in cartesian axes

     q = (    0.750000000   0.750000000  -0.250000000 ) 

    1    1
  0.25034085  0.00000000    0.00124465  0.00000000   -0.00452203  0.00751039
  0.00124465  0.00000000    0.25034085  0.00000000   -0.00452203  0.00751039
 -0.00452203 -0.00751039   -0.00452203 -0.00751039    0.30457498  0.00000000
    1    2
 -0.04907845  0.08102745   -0.03850887 -0.12125168   -0.03226595  0.03691535
 -0.03850887 -0.12125168   -0.04907845  0.08102745   -0.03226595  0.03691535
 -0.03226595  0.03691535   -0.03226595  0.03691535   -0.04766400  0.10014158
    2    1
 -0.04907845 -0.08102745   -0.03850887  0.12125168   -0.03226595 -0.03691535
 -0.03850887  0.12125168   -0.04907845 -0.08102745   -0.03226595 -0.03691535
 -0.03226595 -0.03691535   -0.03226595 -0.03691535   -0.04766400 -0.10014158
    2    2
  0.25034085  0.00000000    0.00124465  0.00000000   -0.00452203 -0.00751039
  0.00124465  0.00000000    0.25034085  0.00000000   -0.00452203 -0.00751039
 -0.00452203  0.00751039   -0.00452203  0.00751039    0.30457498  0.00000000

     Dynamical  Matrix in cartesian axes

     q = (    0.750000000  -0.750000000   0.250000000 ) 

    1    1
  0.25034085  0.00000000   -0.00124465  0.00000000    0.00452203 -0.00751039
 -0.00124465  0.00000000    0.25034085  0.00000000   -0.00452203  0.00751039
  0.00452203  0.00751039   -0.00452203 -0.00751039    0.30457498  0.00000000
    1    2
 -0.08102745 -0.04907845   -0.12125168  0.03850887    0.03691535  0.03226595
 -0.12125168  0.03850887   -0.08102745 -0.04907845   -0.03691535 -0.03226595
  0.03691535  0.03226595   -0.03691535 -0.03226595   -0.10014158 -0.04766400
    2    1
 -0.08102745  0.04907845   -0.12125168 -0.03850887    0.03691535 -0.03226595
 -0.12125168 -0.03850887   -0.08102745  0.04907845   -0.03691535  0.03226595
  0.03691535 -0.03226595   -0.03691535  0.03226595   -0.10014158  0.04766400
    2    2
  0.25034085  0.00000000   -0.00124465  0.00000000    0.00452203  0.00751039
 -0.00124465  0.00000000    0.25034085  0.00000000   -0.00452203 -0.00751039
  0.00452203 -0.00751039   -0.00452203  0.00751039    0.30457498  0.00000000

     Dynamical  Matrix in cartesian axes

     q = (   -0.750000000  -0.750000000  -0.250000000 ) 

    1    1
  0.25034085  0.00000000    0.00124465  0.00000000    0.00452203 -0.00751039
  0.00124465  0.00000000    0.25034085  0.00000000    0.00452203 -0.00751039
  0.00452203  0.00751039    0.00452203  0.00751039    0.30457498  0.00000000
    1    2
  0.08102745  0.04907845   -0.12125168  0.03850887   -0.03691535 -0.03226595
 -0.12125168  0.03850887    0.08102745  0.04907845   -0.03691535 -0.03226595
 -0.03691535 -0.03226595   -0.03691535 -0.03226595    0.10014158  0.04766400
    2    1
  0.08102745 -0.04907845   -0.12125168 -0.03850887   -0.03691535  0.03226595
 -0.12125168 -0.03850887    0.08102745 -0.04907845   -0.03691535  0.03226595
 -0.03691535  0.03226595   -0.03691535  0.03226595    0.10014158 -0.04766400
    2    2
  0.25034085  0.00000000    0.00124465  0.00000000    0.00452203  0.00751039
  0.00124465  0.00000000    0.25034085  0.00000000    0.00452203  0.00751039
  0.00452203 -0.00751039    0.00452203 -0.00751039    0.30457498  0.00000000

     Dynamical  Matrix in cartesian axes

     q = (    0.250000000  -0.750000000   0.750000000 ) 

    1    1
  0.30457498  0.00000000   -0.00452203 -0.00751039    0.00452203  0.00751039
 -0.00452203  0.00751039    0.25034085  0.00000000   -0.00124465  0.00000000
  0.00452203 -0.00751039   -0.00124465  0.00000000    0.25034085  0.00000000
    1    2
 -0.10014158 -0.04766400   -0.03691535 -0.03226595    0.03691535  0.03226595
 -0.03691535 -0.03226595   -0.08102745 -0.04907845   -0.12125168  0.03850887
  0.03691535  0.03226595   -0.12125168  0.03850887   -0.08102745 -0.04907845
    2    1
 -0.10014158  0.04766400   -0.03691535  0.03226595    0.03691535 -0.03226595
 -0.03691535  0.03226595   -0.08102745  0.04907845   -0.12125168 -0.03850887
  0.03691535 -0.03226595   -0.12125168 -0.03850887   -0.08102745  0.04907845
    2    2
  0.30457498  0.00000000   -0.00452203  0.00751039    0.00452203 -0.00751039
 -0.00452203 -0.00751039    0.25034085  0.00000000   -0.00124465  0.00000000
  0.00452203  0.00751039   -0.00124465  0.00000000    0.25034085  0.00000000

     Dynamical  Matrix in cartesian axes

     q = (   -0.750000000  -0.750000000   0.250000000 ) 

    1    1
  0.25034085  0.00000000    0.00124465  0.00000000   -0.00452203 -0.00751039
  0.00124465  0.00000000    0.25034085  0.00000000   -0.00452203 -0.00751039
 -0.00452203  0.00751039   -0.00452203  0.00751039    0.30457498  0.00000000
    1    2
 -0.04907845 -0.08102745   -0.03850887  0.12125168   -0.03226595 -0.03691535
 -0.03850887  0.12125168   -0.04907845 -0.08102745   -0.03226595 -0.03691535
 -0.03226595 -0.03691535   -0.03226595 -0.03691535   -0.04766400 -0.10014158
    2    1
 -0.04907845  0.08102745   -0.03850887 -0.12125168   -0.03226595  0.03691535
 -0.03850887 -0.12125168   -0.04907845  0.08102745   -0.03226595  0.03691535
 -0.03226595  0.03691535   -0.03226595  0.03691535   -0.04766400  0.10014158
    2    2
  0.25034085  0.00000000    0.00124465  0.00000000   -0.00452203  0.00751039
  0.00124465  0.00000000    0.25034085  0.00000000   -0.00452203  0.00751039
 -0.00452203 -0.00751039   -0.00452203 -0.00751039    0.30457498  0.00000000

     Dynamical  Matrix in cartesian axes

     q = (    0.250000000   0.750000000   0.750000000 ) 

    1    1
  0.30457498  0.00000000    0.00452203 -0.00751039    0.00452203 -0.00751039
  0.00452203  0.00751039    0.25034085  0.00000000    0.00124465  0.00000000
  0.00452203  0.00751039    0.00124465  0.00000000    0.25034085  0.00000000
    1    2
  0.10014158 -0.04766400   -0.03691535  0.03226595   -0.03691535  0.03226595
 -0.03691535  0.03226595    0.08102745 -0.04907845   -0.12125168 -0.03850887
 -0.03691535  0.03226595   -0.12125168 -0.03850887    0.08102745 -0.04907845
    2    1
  0.10014158  0.04766400   -0.03691535 -0.03226595   -0.03691535 -0.03226595
 -0.03691535 -0.03226595    0.08102745  0.04907845   -0.12125168  0.03850887
 -0.03691535 -0.03226595   -0.12125168  0.03850887    0.08102745  0.04907845
    2    2
  0.30457498  0.00000000    0.00452203  0.00751039    0.00452203  0.00751039
  0.00452203 -0.00751039    0.25034085  0.00000000    0.00124465  0.00000000
  0.00452203 -0.00751039    0.00124465  0.00000000    0.25034085  0.00000000

     Dynamical  Matrix in cartesian axes

     q = (   -0.250000000  -0.750000000   0.750000000 ) 

    1    1
  0.30457498  0.00000000    0.00452203 -0.00751039   -0.00452203  0.00751039
  0.00452203  0.00751039    0.25034085  0.00000000   -0.00124465  0.00000000
 -0.00452203 -0.00751039   -0.00124465  0.00000000    0.25034085  0.00000000
    1    2
 -0.10014158  0.04766400    0.03691535 -0.03226595   -0.03691535  0.03226595
  0.03691535 -0.03226595   -0.08102745  0.04907845   -0.12125168 -0.03850887
 -0.03691535  0.03226595   -0.12125168 -0.03850887   -0.08102745  0.04907845
    2    1
 -0.10014158 -0.04766400    0.03691535  0.03226595   -0.03691535 -0.03226595
  0.03691535  0.03226595   -0.08102745 -0.04907845   -0.12125168  0.03850887
 -0.03691535 -0.03226595   -0.12125168  0.03850887   -0.08102745 -0.04907845
    2    2
  0.30457498  0.00000000    0.00452203  0.00751039   -0.00452203 -0.00751039
  0.00452203 -0.00751039    0.25034085  0.00000000   -0.00124465  0.00000000
 -0.00452203  0.00751039   -0.00124465  0.00000000    0.25034085  0.00000000

     Dynamical  Matrix in cartesian axes

     q = (    0.750000000   0.750000000   0.250000000 ) 

    1    1
  0.25034085  0.00000000    0.00124465  0.00000000    0.00452203  0.00751039
  0.00124465  0.00000000    0.25034085  0.00000000    0.00452203  0.00751039
  0.00452203 -0.00751039    0.00452203 -0.00751039    0.30457498  0.00000000
    1    2
  0.08102745 -0.04907845   -0.12125168 -0.03850887   -0.03691535  0.03226595
 -0.12125168 -0.03850887    0.08102745 -0.04907845   -0.03691535  0.03226595
 -0.03691535  0.03226595   -0.03691535  0.03226595    0.10014158 -0.04766400
    2    1
  0.08102745  0.04907845   -0.12125168  0.03850887   -0.03691535 -0.03226595
 -0.12125168  0.03850887    0.08102745  0.04907845   -0.03691535 -0.03226595
 -0.03691535 -0.03226595   -0.03691535 -0.03226595    0.10014158  0.04766400
    2    2
  0.25034085  0.00000000    0.00124465  0.00000000    0.00452203 -0.00751039
  0.00124465  0.00000000    0.25034085  0.00000000    0.00452203 -0.00751039
  0.00452203  0.00751039    0.00452203  0.00751039    0.30457498  0.00000000

     Dynamical  Matrix in cartesian axes

     q = (    0.250000000  -0.750000000  -0.750000000 ) 

    1    1
  0.30457498  0.00000000   -0.00452203  0.00751039   -0.00452203  0.00751039
 -0.00452203 -0.00751039    0.25034085  0.00000000    0.00124465  0.00000000
 -0.00452203 -0.00751039    0.00124465  0.00000000    0.25034085  0.00000000
    1    2
 -0.04766400 -0.10014158   -0.03226595 -0.03691535   -0.03226595 -0.03691535
 -0.03226595 -0.03691535   -0.04907845 -0.08102745   -0.03850887  0.12125168
 -0.03226595 -0.03691535   -0.03850887  0.12125168   -0.04907845 -0.08102745
    2    1
 -0.04766400  0.10014158   -0.03226595  0.03691535   -0.03226595  0.03691535
 -0.03226595  0.03691535   -0.04907845  0.08102745   -0.03850887 -0.12125168
 -0.03226595  0.03691535   -0.03850887 -0.12125168   -0.04907845  0.08102745
    2    2
  0.30457498  0.00000000   -0.00452203 -0.00751039   -0.00452203 -0.00751039
 -0.00452203  0.00751039    0.25034085  0.00000000    0.00124465  0.00000000
 -0.00452203  0.00751039    0.00124465  0.00000000    0.25034085  0.00000000

     Dynamical  Matrix in cartesian axes

     q = (    0.750000000  -0.750000000  -0.250000000 ) 

    1    1
  0.25034085  0.00000000   -0.00124465  0.00000000   -0.00452203 -0.00751039
 -0.00124465  0.00000000    0.25034085  0.00000000    0.00452203  0.00751039
 -0.00452203  0.00751039    0.00452203 -0.00751039    0.30457498  0.00000000
    1    2
 -0.08102745  0.04907845   -0.12125168 -0.03850887   -0.03691535  0.03226595
 -0.12125168 -0.03850887   -0.08102745  0.04907845    0.03691535 -0.03226595
 -0.03691535  0.03226595    0.03691535 -0.03226595   -0.10014158  0.04766400
    2    1
 -0.08102745 -0.04907845   -0.12125168  0.03850887   -0.03691535 -0.03226595
 -0.12125168  0.03850887   -0.08102745 -0.04907845    0.03691535  0.03226595
 -0.03691535 -0.03226595    0.03691535  0.03226595   -0.10014158 -0.04766400
    2    2
  0.25034085  0.00000000   -0.00124465  0.00000000   -0.00452203  0.00751039
 -0.00124465  0.00000000    0.25034085  0.00000000    0.00452203 -0.00751039
 -0.00452203 -0.00751039    0.00452203  0.00751039    0.30457498  0.00000000

     Diagonalizing the dynamical matrix

     q = (    0.750000000  -0.250000000   0.750000000 ) 

 **************************************************************************
     freq (    1) =       4.435918 [THz] =     147.966286 [cm-1]
 (  0.026091 -0.499319  0.000000  0.000000 -0.026091  0.499319 ) 
 (  0.500000 -0.000000 -0.000000  0.000000 -0.500000  0.000000 ) 
     freq (    2) =       6.822073 [THz] =     227.559863 [cm-1]
 ( -0.393014 -0.064042 -0.367347  0.218938 -0.393014 -0.064042 ) 
 ( -0.398198 -0.000000 -0.327353 -0.275168 -0.398198  0.000000 ) 
     freq (    3) =       9.630662 [THz] =     321.244318 [cm-1]
 (  0.030275  0.337157 -0.475944 -0.210462  0.030275  0.337157 ) 
 (  0.338514 -0.000000 -0.252185 -0.455214  0.338514  0.000000 ) 
     freq (    4) =      11.747078 [THz] =     391.840345 [cm-1]
 ( -0.249685 -0.306742  0.384726  0.197786 -0.249685 -0.306742 ) 
 (  0.395517 -0.000000 -0.396265 -0.173513  0.395517  0.000000 ) 
     freq (    5) =      13.818683 [THz] =     460.941660 [cm-1]
 ( -0.026091  0.499319 -0.000000  0.000000  0.026091 -0.499319 ) 
 (  0.500000 -0.000000  0.000000  0.000000 -0.500000  0.000000 ) 
     freq (    6) =      13.892437 [THz] =     463.401817 [cm-1]
 ( -0.256225 -0.069010 -0.517525  0.302225 -0.256225 -0.069010 ) 
 (  0.265356 -0.000000  0.421119  0.426417  0.265356  0.000000 ) 
 **************************************************************************
