Dynamical matrix file
                                                                           
  1    2  2 10.3380000  0.0000000  0.0000000  0.0000000  0.0000000  0.0000000
           1  'Si  '    25598.822984527003     
    1    1      0.0000000000      0.0000000000      0.0000000000
    2    1      0.2500000000      0.2500000000      0.2500000000

     Dynamical  Matrix in cartesian axes

     q = (    0.750000000  -0.250000000   0.750000000 ) 

    1    1
  0.23241342  0.00000000   -0.00486850  0.00742795    0.00212652  0.00000000
 -0.00486850 -0.00742795    0.28792084  0.00000000   -0.00486850 -0.00742795
  0.00212652  0.00000000   -0.00486850  0.00742795    0.23241342  0.00000000
    1    2
 -0.06344799  0.05469849   -0.03622876  0.04045883   -0.04137345 -0.13142131
 -0.03622876  0.04045883   -0.06218464  0.07358152   -0.03622876  0.04045883
 -0.04137345 -0.13142131   -0.03622876  0.04045883   -0.06344799  0.05469849
    2    1
 -0.06344799 -0.05469849   -0.03622876 -0.04045883   -0.04137345  0.13142131
 -0.03622876 -0.04045883   -0.06218464 -0.07358152   -0.03622876 -0.04045883
 -0.04137345  0.13142131   -0.03622876 -0.04045883   -0.06344799 -0.05469849
    2    2
  0.23241342  0.00000000   -0.00486850 -0.00742795    0.00212652  0.00000000
 -0.00486850  0.00742795    0.28792084  0.00000000   -0.00486850  0.00742795
  0.00212652  0.00000000   -0.00486850 -0.00742795    0.23241342  0.00000000

     Dynamical  Matrix in cartesian axes

     q = (    0.750000000  -0.250000000  -0.750000000 ) 

    1    1
  0.23241342  0.00000000   -0.00486850 -0.00742795   -0.00212652  0.00000000
 -0.00486850  0.00742795    0.28792084  0.00000000    0.00486850 -0.00742795
 -0.00212652  0.00000000    0.00486850  0.00742795    0.23241342  0.00000000
    1    2
 -0.05469849  0.06344799   -0.04045883  0.03622876   -0.13142131 -0.04137345
 -0.04045883  0.03622876   -0.07358152  0.06218464    0.04045883 -0.03622876
 -0.13142131 -0.04137345    0.04045883 -0.03622876   -0.05469849  0.06344799
    2    1
 -0.05469849 -0.06344799   -0.04045883 -0.03622876   -0.13142131  0.04137345
 -0.04045883 -0.03622876   -0.07358152 -0.06218464    0.04045883  0.03622876
 -0.13142131  0.04137345    0.04045883  0.03622876   -0.05469849 -0.06344799
    2    2
  0.23241342  0.00000000   -0.00486850  0.00742795   -0.00212652  0.00000000
 -0.00486850 -0.00742795    0.28792084  0.00000000    0.00486850  0.00742795
 -0.00212652  0.00000000    0.00486850 -0.00742795    0.23241342  0.00000000

     Dynamical  Matrix in cartesian axes

     q = (   -0.750000000  -0.250000000  -0.750000000 ) 

    1    1
  0.23241342  0.00000000    0.00486850 -0.00742795    0.00212652  0.00000000
  0.00486850  0.00742795    0.28792084  0.00000000    0.00486850  0.00742795
  0.00212652  0.00000000    0.00486850 -0.00742795    0.23241342  0.00000000
    1    2
  0.05469849  0.06344799   -0.04045883 -0.03622876   -0.13142131  0.04137345
 -0.04045883 -0.03622876    0.07358152  0.06218464   -0.04045883 -0.03622876
 -0.13142131  0.04137345   -0.04045883 -0.03622876    0.05469849  0.06344799
    2    1
  0.05469849 -0.06344799   -0.04045883  0.03622876   -0.13142131 -0.04137345
 -0.04045883  0.03622876    0.07358152 -0.06218464   -0.04045883  0.03622876
 -0.13142131 -0.04137345   -0.04045883  0.03622876    0.05469849 -0.06344799
    2    2
  0.23241342  0.00000000    0.00486850  0.00742795    0.00212652  0.00000000
  0.00486850 -0.00742795    0.28792084  0.00000000    0.00486850 -0.00742795
  0.00212652  0.00000000    0.00486850  0.00742795    0.23241342  0.00000000

     Dynamical  Matrix in cartesian axes

     q = (   -0.750000000  -0.250000000   0.750000000 ) 

    1    1
  0.23241342  0.00000000    0.00486850  0.00742795   -0.00212652  0.00000000
  0.00486850 -0.00742795    0.28792084  0.00000000   -0.00486850  0.00742795
 -0.00212652  0.00000000   -0.00486850 -0.00742795    0.23241342  0.00000000
    1    2
 -0.05469849  0.06344799    0.04045883 -0.03622876   -0.13142131 -0.04137345
  0.04045883 -0.03622876   -0.07358152  0.06218464   -0.04045883  0.03622876
 -0.13142131 -0.04137345   -0.04045883  0.03622876   -0.05469849  0.06344799
    2    1
 -0.05469849 -0.06344799    0.04045883  0.03622876   -0.13142131  0.04137345
  0.04045883  0.03622876   -0.07358152 -0.06218464   -0.04045883 -0.03622876
 -0.13142131  0.04137345   -0.04045883 -0.03622876   -0.05469849 -0.06344799
    2    2
  0.23241342  0.00000000    0.00486850 -0.00742795   -0.00212652  0.00000000
  0.00486850  0.00742795    0.28792084  0.00000000   -0.00486850 -0.00742795
 -0.00212652  0.00000000   -0.00486850  0.00742795    0.23241342  0.00000000

     Dynamical  Matrix in cartesian axes

     q = (   -0.750000000   0.250000000  -0.750000000 ) 

    1    1
  0.23241342  0.00000000   -0.00486850 -0.00742795    0.00212652  0.00000000
 -0.00486850  0.00742795    0.28792084  0.00000000   -0.00486850  0.00742795
  0.00212652  0.00000000   -0.00486850 -0.00742795    0.23241342  0.00000000
    1    2
 -0.06344799 -0.05469849   -0.03622876 -0.04045883   -0.04137345  0.13142131
 -0.03622876 -0.04045883   -0.06218464 -0.07358152   -0.03622876 -0.04045883
 -0.04137345  0.13142131   -0.03622876 -0.04045883   -0.06344799 -0.05469849
    2    1
 -0.06344799  0.05469849   -0.03622876  0.04045883   -0.04137345 -0.13142131
 -0.03622876  0.04045883   -0.06218464  0.07358152   -0.03622876  0.04045883
 -0.04137345 -0.13142131   -0.03622876  0.04045883   -0.06344799  0.05469849
    2    2
  0.23241342  0.00000000   -0.00486850  0.00742795    0.00212652  0.00000000
 -0.00486850 -0.00742795    0.28792084  0.00000000   -0.00486850 -0.00742795
  0.00212652  0.00000000   -0.00486850  0.00742795    0.23241342  0.00000000

     Dynamical  Matrix in cartesian axes

     q = (   -0.250000000   0.750000000  -0.750000000 ) 

    1    1
  0.28792084  0.00000000   -0.00486850  0.00742795    0.00486850 -0.00742795
 -0.00486850 -0.00742795    0.23241342  0.00000000   -0.00212652  0.00000000
  0.00486850  0.00742795   -0.00212652  0.00000000    0.23241342  0.00000000
    1    2
 -0.07358152  0.06218464   -0.04045883  0.03622876    0.04045883 -0.03622876
 -0.04045883  0.03622876   -0.05469849  0.06344799   -0.13142131 -0.04137345
  0.04045883 -0.03622876   -0.13142131 -0.04137345   -0.05469849  0.06344799
    2    1
 -0.07358152 -0.06218464   -0.04045883 -0.03622876    0.04045883  0.03622876
 -0.04045883 -0.03622876   -0.05469849 -0.06344799   -0.13142131  0.04137345
  0.04045883  0.03622876   -0.13142131  0.04137345   -0.05469849 -0.06344799
    2    2
  0.28792084  0.00000000   -0.00486850 -0.00742795    0.00486850  0.00742795
 -0.00486850  0.00742795    0.23241342  0.00000000   -0.00212652  0.00000000
  0.00486850 -0.00742795   -0.00212652  0.00000000    0.23241342  0.00000000

     Dynamical  Matrix in cartesian axes

     q = (   -0.750000000   0.750000000  -0.250000000 ) 

    1    1
  0.23241342  0.00000000   -0.00212652  0.00000000    0.00486850  0.00742795
 -0.00212652  0.00000000    0.23241342  0.00000000   -0.00486850 -0.00742795
  0.00486850 -0.00742795   -0.00486850  0.00742795    0.28792084  0.00000000
    1    2
 -0.05469849  0.06344799   -0.13142131 -0.04137345    0.04045883 -0.03622876
 -0.13142131 -0.04137345   -0.05469849  0.06344799   -0.04045883  0.03622876
  0.04045883 -0.03622876   -0.04045883  0.03622876   -0.07358152  0.06218464
    2    1
 -0.05469849 -0.06344799   -0.13142131  0.04137345    0.04045883  0.03622876
 -0.13142131  0.04137345   -0.05469849 -0.06344799   -0.04045883 -0.03622876
  0.04045883  0.03622876   -0.04045883 -0.03622876   -0.07358152 -0.06218464
    2    2
  0.23241342  0.00000000   -0.00212652  0.00000000    0.00486850 -0.00742795
 -0.00212652  0.00000000    0.23241342  0.00000000   -0.00486850  0.00742795
  0.00486850  0.00742795   -0.00486850 -0.00742795    0.28792084  0.00000000

     Dynamical  Matrix in cartesian axes

     q = (    0.750000000   0.250000000   0.750000000 ) 

    1    1
  0.23241342  0.00000000    0.00486850  0.00742795    0.00212652  0.00000000
  0.00486850 -0.00742795    0.28792084  0.00000000    0.00486850 -0.00742795
  0.00212652  0.00000000    0.00486850  0.00742795    0.23241342  0.00000000
    1    2
  0.05469849 -0.06344799   -0.04045883  0.03622876   -0.13142131 -0.04137345
 -0.04045883  0.03622876    0.07358152 -0.06218464   -0.04045883  0.03622876
 -0.13142131 -0.04137345   -0.04045883  0.03622876    0.05469849 -0.06344799
    2    1
  0.05469849  0.06344799   -0.04045883 -0.03622876   -0.13142131  0.04137345
 -0.04045883 -0.03622876    0.07358152  0.06218464   -0.04045883 -0.03622876
 -0.13142131  0.04137345   -0.04045883 -0.03622876    0.05469849  0.06344799
    2    2
  0.23241342  0.00000000    0.00486850 -0.00742795    0.00212652  0.00000000
  0.00486850  0.00742795    0.28792084  0.00000000    0.00486850  0.00742795
  0.00212652  0.00000000    0.00486850 -0.00742795    0.23241342  0.00000000

     Dynamical  Matrix in cartesian axes

     q = (   -0.750000000   0.250000000   0.750000000 ) 

    1    1
  0.23241342  0.00000000   -0.00486850  0.00742795   -0.00212652  0.00000000
 -0.00486850 -0.00742795    0.28792084  0.00000000    0.00486850  0.00742795
 -0.00212652  0.00000000    0.00486850 -0.00742795    0.23241342  0.00000000
    1    2
 -0.05469849 -0.06344799   -0.04045883 -0.03622876   -0.13142131  0.04137345
 -0.04045883 -0.03622876   -0.07358152 -0.06218464    0.04045883  0.03622876
 -0.13142131  0.04137345    0.04045883  0.03622876   -0.05469849 -0.06344799
    2    1
 -0.05469849  0.06344799   -0.04045883  0.03622876   -0.13142131 -0.04137345
 -0.04045883  0.03622876   -0.07358152  0.06218464    0.04045883 -0.03622876
 -0.13142131 -0.04137345    0.04045883 -0.03622876   -0.05469849  0.06344799
    2    2
  0.23241342  0.00000000   -0.00486850 -0.00742795   -0.00212652  0.00000000
 -0.00486850  0.00742795    0.28792084  0.00000000    0.00486850 -0.00742795
 -0.00212652  0.00000000    0.00486850  0.00742795    0.23241342  0.00000000

     Dynamical  Matrix in cartesian axes

     q = (    0.750000000   0.250000000  -0.750000000 ) 

    1    1
  0.23241342  0.00000000    0.00486850 -0.00742795   -0.00212652  0.00000000
  0.00486850  0.00742795    0.28792084  0.00000000   -0.00486850 -0.00742795
 -0.00212652  0.00000000   -0.00486850  0.00742795    0.23241342  0.00000000
    1    2
 -0.05469849 -0.06344799    0.04045883  0.03622876   -0.13142131  0.04137345
  0.04045883  0.03622876   -0.07358152 -0.06218464   -0.04045883 -0.03622876
 -0.13142131  0.04137345   -0.04045883 -0.03622876   -0.05469849 -0.06344799
    2    1
 -0.05469849  0.06344799    0.04045883 -0.03622876   -0.13142131 -0.04137345
  0.04045883 -0.03622876   -0.07358152  0.06218464   -0.04045883  0.03622876
 -0.13142131 -0.04137345   -0.04045883  0.03622876   -0.05469849  0.06344799
    2    2
  0.23241342  0.00000000    0.00486850  0.00742795   -0.00212652  0.00000000
  0.00486850 -0.00742795    0.28792084  0.00000000   -0.00486850  0.00742795
 -0.00212652  0.00000000   -0.00486850 -0.00742795    0.23241342  0.00000000

     Dynamical  Matrix in cartesian axes

     q = (   -0.750000000   0.750000000   0.250000000 ) 

    1    1
  0.23241342  0.00000000   -0.00212652  0.00000000   -0.00486850  0.00742795
 -0.00212652  0.00000000    0.23241342  0.00000000    0.00486850 -0.00742795
 -0.00486850 -0.00742795    0.00486850  0.00742795    0.28792084  0.00000000
    1    2
 -0.05469849 -0.06344799   -0.13142131  0.04137345   -0.04045883 -0.03622876
 -0.13142131  0.04137345   -0.05469849 -0.06344799    0.04045883  0.03622876
 -0.04045883 -0.03622876    0.04045883  0.03622876   -0.07358152 -0.06218464
    2    1
 -0.05469849  0.06344799   -0.13142131 -0.04137345   -0.04045883  0.03622876
 -0.13142131 -0.04137345   -0.05469849  0.06344799    0.04045883 -0.03622876
 -0.04045883  0.03622876    0.04045883 -0.03622876   -0.07358152  0.06218464
    2    2
  0.23241342  0.00000000   -0.00212652  0.00000000   -0.00486850 -0.00742795
 -0.00212652  0.00000000    0.23241342  0.00000000    0.00486850  0.00742795
 -0.00486850  0.00742795    0.00486850 -0.00742795    0.28792084  0.00000000

     Dynamical  Matrix in cartesian axes

     q = (   -0.250000000   0.750000000   0.750000000 ) 

    1    1
  0.28792084  0.00000000   -0.00486850 -0.00742795   -0.00486850 -0.00742795
 -0.00486850  0.00742795    0.23241342  0.00000000    0.00212652  0.00000000
 -0.00486850  0.00742795    0.00212652  0.00000000    0.23241342  0.00000000
    1    2
 -0.06218464  0.07358152   -0.03622876  0.04045883   -0.03622876  0.04045883
 -0.03622876  0.04045883   -0.06344799  0.05469849   -0.04137345 -0.13142131
 -0.03622876  0.04045883   -0.04137345 -0.13142131   -0.06344799  0.05469849
    2    1
 -0.06218464 -0.07358152   -0.03622876 -0.04045883   -0.03622876 -0.04045883
 -0.03622876 -0.04045883   -0.06344799 -0.05469849   -0.04137345  0.13142131
 -0.03622876 -0.04045883   -0.04137345  0.13142131   -0.06344799 -0.05469849
    2    2
  0.28792084  0.00000000   -0.00486850  0.00742795   -0.00486850  0.00742795
 -0.00486850 -0.00742795    0.23241342  0.00000000    0.00212652  0.00000000
 -0.00486850 -0.00742795    0.00212652  0.00000000    0.23241342  0.00000000

     Dynamical  Matrix in cartesian axes

     q = (    0.250000000   0.750000000  -0.750000000 ) 

    1    1
  0.28792084  0.00000000    0.00486850  0.00742795   -0.00486850 -0.00742795
  0.00486850 -0.00742795    0.23241342  0.00000000   -0.00212652  0.00000000
 -0.00486850  0.00742795   -0.00212652  0.00000000    0.23241342  0.00000000
    1    2
 -0.07358152 -0.06218464    0.04045883  0.03622876   -0.04045883 -0.03622876
  0.04045883  0.03622876   -0.05469849 -0.06344799   -0.13142131  0.04137345
 -0.04045883 -0.03622876   -0.13142131  0.04137345   -0.05469849 -0.06344799
    2    1
 -0.07358152  0.06218464    0.04045883 -0.03622876   -0.04045883  0.03622876
  0.04045883 -0.03622876   -0.05469849  0.06344799   -0.13142131 -0.04137345
 -0.04045883  0.03622876   -0.13142131 -0.04137345   -0.05469849  0.06344799
    2    2
  0.28792084  0.00000000    0.00486850 -0.00742795   -0.00486850  0.00742795
  0.00486850  0.00742795    0.23241342  0.00000000   -0.00212652  0.00000000
 -0.00486850 -0.00742795   -0.00212652  0.00000000    0.23241342  0.00000000

     Dynamical  Matrix in cartesian axes

     q = (   -0.250000000  -0.750000000  -0.750000000 ) 

    1    1
  0.28792084  0.00000000    0.00486850  0.00742795    0.00486850  0.00742795
  0.00486850 -0.00742795    0.23241342  0.00000000    0.00212652  0.00000000
  0.00486850 -0.00742795    0.00212652  0.00000000    0.23241342  0.00000000
    1    2
  0.07358152  0.06218464   -0.04045883 -0.03622876   -0.04045883 -0.03622876
 -0.04045883 -0.03622876    0.05469849  0.06344799   -0.13142131  0.04137345
 -0.04045883 -0.03622876   -0.13142131  0.04137345    0.05469849  0.06344799
    2    1
  0.07358152 -0.06218464   -0.04045883  0.03622876   -0.04045883  0.03622876
 -0.04045883  0.03622876    0.05469849 -0.06344799   -0.13142131 -0.04137345
 -0.04045883  0.03622876   -0.13142131 -0.04137345    0.05469849 -0.06344799
    2    2
  0.28792084  0.00000000    0.00486850 -0.00742795    0.00486850 -0.00742795
  0.00486850  0.00742795    0.23241342  0.00000000    0.00212652  0.00000000
  0.00486850  0.00742795    0.00212652  0.00000000    0.23241342  0.00000000

     Dynamical  Matrix in cartesian axes

     q = (    0.750000000   0.750000000  -0.250000000 ) 

    1    1
  0.23241342  0.00000000    0.00212652  0.00000000   -0.00486850  0.00742795
  0.00212652  0.00000000    0.23241342  0.00000000   -0.00486850  0.00742795
 -0.00486850 -0.00742795   -0.00486850 -0.00742795    0.28792084  0.00000000
    1    2
 -0.06344799  0.05469849   -0.04137345 -0.13142131   -0.03622876  0.04045883
 -0.04137345 -0.13142131   -0.06344799  0.05469849   -0.03622876  0.04045883
 -0.03622876  0.04045883   -0.03622876  0.04045883   -0.06218464  0.07358152
    2    1
 -0.06344799 -0.05469849   -0.04137345  0.13142131   -0.03622876 -0.04045883
 -0.04137345  0.13142131   -0.06344799 -0.05469849   -0.03622876 -0.04045883
 -0.03622876 -0.04045883   -0.03622876 -0.04045883   -0.06218464 -0.07358152
    2    2
  0.23241342  0.00000000    0.00212652  0.00000000   -0.00486850 -0.00742795
  0.00212652  0.00000000    0.23241342  0.00000000   -0.00486850 -0.00742795
 -0.00486850  0.00742795   -0.00486850  0.00742795    0.28792084  0.00000000

     Dynamical  Matrix in cartesian axes

     q = (    0.750000000  -0.750000000   0.250000000 ) 

    1    1
  0.23241342  0.00000000   -0.00212652  0.00000000    0.00486850 -0.00742795
 -0.00212652  0.00000000    0.23241342  0.00000000   -0.00486850  0.00742795
  0.00486850  0.00742795   -0.00486850 -0.00742795    0.28792084  0.00000000
    1    2
 -0.05469849 -0.06344799   -0.13142131  0.04137345    0.04045883  0.03622876
 -0.13142131  0.04137345   -0.05469849 -0.06344799   -0.04045883 -0.03622876
  0.04045883  0.03622876   -0.04045883 -0.03622876   -0.07358152 -0.06218464
    2    1
 -0.05469849  0.06344799   -0.13142131 -0.04137345    0.04045883 -0.03622876
 -0.13142131 -0.04137345   -0.05469849  0.06344799   -0.04045883  0.03622876
  0.04045883 -0.03622876   -0.04045883  0.03622876   -0.07358152  0.06218464
    2    2
  0.23241342  0.00000000   -0.00212652  0.00000000    0.00486850  0.00742795
 -0.00212652  0.00000000    0.23241342  0.00000000   -0.00486850 -0.00742795
  0.00486850 -0.00742795   -0.00486850  0.00742795    0.28792084  0.00000000

     Dynamical  Matrix in cartesian axes

     q = (   -0.750000000  -0.750000000  -0.250000000 ) 

    1    1
  0.23241342  0.00000000    0.00212652  0.00000000    0.00486850 -0.00742795
  0.00212652  0.00000000    0.23241342  0.00000000    0.00486850 -0.00742795
  0.00486850  0.00742795    0.00486850  0.00742795    0.28792084  0.00000000
    1    2
  0.05469849  0.06344799   -0.13142131  0.04137345   -0.04045883 -0.03622876
 -0.13142131  0.04137345    0.05469849  0.06344799   -0.04045883 -0.03622876
 -0.04045883 -0.03622876   -0.04045883 -0.03622876    0.07358152  0.06218464
    2    1
  0.05469849 -0.06344799   -0.13142131 -0.04137345   -0.04045883  0.03622876
 -0.13142131 -0.04137345    0.05469849 -0.06344799   -0.04045883  0.03622876
 -0.04045883  0.03622876   -0.04045883  0.03622876    0.07358152 -0.06218464
    2    2
  0.23241342  0.00000000    0.00212652  0.00000000    0.00486850  0.00742795
  0.00212652  0.00000000    0.23241342  0.00000000    0.00486850  0.00742795
  0.00486850 -0.00742795    0.00486850 -0.00742795    0.28792084  0.00000000

     Dynamical  Matrix in cartesian axes

     q = (    0.250000000  -0.750000000   0.750000000 ) 

    1    1
  0.28792084  0.00000000   -0.00486850 -0.00742795    0.00486850  0.00742795
 -0.00486850  0.00742795    0.23241342  0.00000000   -0.00212652  0.00000000
  0.00486850 -0.00742795   -0.00212652  0.00000000    0.23241342  0.00000000
    1    2
 -0.07358152 -0.06218464   -0.04045883 -0.03622876    0.04045883  0.03622876
 -0.04045883 -0.03622876   -0.05469849 -0.06344799   -0.13142131  0.04137345
  0.04045883  0.03622876   -0.13142131  0.04137345   -0.05469849 -0.06344799
    2    1
 -0.07358152  0.06218464   -0.04045883  0.03622876    0.04045883 -0.03622876
 -0.04045883  0.03622876   -0.05469849  0.06344799   -0.13142131 -0.04137345
  0.04045883 -0.03622876   -0.13142131 -0.04137345   -0.05469849  0.06344799
    2    2
  0.28792084  0.00000000   -0.00486850  0.00742795    0.00486850 -0.00742795
 -0.00486850 -0.00742795    0.23241342  0.00000000   -0.00212652  0.00000000
  0.00486850  0.00742795   -0.00212652  0.00000000    0.23241342  0.00000000

     Dynamical  Matrix in cartesian axes

     q = (   -0.750000000  -0.750000000   0.250000000 ) 

    1    1
  0.23241342  0.00000000    0.00212652  0.00000000   -0.00486850 -0.00742795
  0.00212652  0.00000000    0.23241342  0.00000000   -0.00486850 -0.00742795
 -0.00486850  0.00742795   -0.00486850  0.00742795    0.28792084  0.00000000
    1    2
 -0.06344799 -0.05469849   -0.04137345  0.13142131   -0.03622876 -0.04045883
 -0.04137345  0.13142131   -0.06344799 -0.05469849   -0.03622876 -0.04045883
 -0.03622876 -0.04045883   -0.03622876 -0.04045883   -0.06218464 -0.07358152
    2    1
 -0.06344799  0.05469849   -0.04137345 -0.13142131   -0.03622876  0.04045883
 -0.04137345 -0.13142131   -0.06344799  0.05469849   -0.03622876  0.04045883
 -0.03622876  0.04045883   -0.03622876  0.04045883   -0.06218464  0.07358152
    2    2
  0.23241342  0.00000000    0.00212652  0.00000000   -0.00486850  0.00742795
  0.00212652  0.00000000    0.23241342  0.00000000   -0.00486850  0.00742795
 -0.00486850 -0.00742795   -0.00486850 -0.00742795    0.28792084  0.00000000

     Dynamical  Matrix in cartesian axes

     q = (    0.250000000   0.750000000   0.750000000 ) 

    1    1
  0.28792084  0.00000000    0.00486850 -0.00742795    0.00486850 -0.00742795
  0.00486850  0.00742795    0.23241342  0.00000000    0.00212652  0.00000000
  0.00486850  0.00742795    0.00212652  0.00000000    0.23241342  0.00000000
    1    2
  0.07358152 -0.06218464   -0.04045883  0.03622876   -0.04045883  0.03622876
 -0.04045883  0.03622876    0.05469849 -0.06344799   -0.13142131 -0.04137345
 -0.04045883  0.03622876   -0.13142131 -0.04137345    0.05469849 -0.06344799
    2    1
  0.07358152  0.06218464   -0.04045883 -0.03622876   -0.04045883 -0.03622876
 -0.04045883 -0.03622876    0.05469849  0.06344799   -0.13142131  0.04137345
 -0.04045883 -0.03622876   -0.13142131  0.04137345    0.05469849  0.06344799
    2    2
  0.28792084  0.00000000    0.00486850  0.00742795    0.00486850  0.00742795
  0.00486850 -0.00742795    0.23241342  0.00000000    0.00212652  0.00000000
  0.00486850 -0.00742795    0.00212652  0.00000000    0.23241342  0.00000000

     Dynamical  Matrix in cartesian axes

     q = (   -0.250000000  -0.750000000   0.750000000 ) 

    1    1
  0.28792084  0.00000000    0.00486850 -0.00742795   -0.00486850  0.00742795
  0.00486850  0.00742795    0.23241342  0.00000000   -0.00212652  0.00000000
 -0.00486850 -0.00742795   -0.00212652  0.00000000    0.23241342  0.00000000
    1    2
 -0.07358152  0.06218464    0.04045883 -0.03622876   -0.04045883  0.03622876
  0.04045883 -0.03622876   -0.05469849  0.06344799   -0.13142131 -0.04137345
 -0.04045883  0.03622876   -0.13142131 -0.04137345   -0.05469849  0.06344799
    2    1
 -0.07358152 -0.06218464    0.04045883  0.03622876   -0.04045883 -0.03622876
  0.04045883  0.03622876   -0.05469849 -0.06344799   -0.13142131  0.04137345
 -0.04045883 -0.03622876   -0.13142131  0.04137345   -0.05469849 -0.06344799
    2    2
  0.28792084  0.00000000    0.00486850  0.00742795   -0.00486850 -0.00742795
  0.00486850 -0.00742795    0.23241342  0.00000000   -0.00212652  0.00000000
 -0.00486850  0.00742795   -0.00212652  0.00000000    0.23241342  0.00000000

     Dynamical  Matrix in cartesian axes

     q = (    0.750000000   0.750000000   0.250000000 ) 

    1    1
  0.23241342  0.00000000    0.00212652  0.00000000    0.00486850  0.00742795
  0.00212652  0.00000000    0.23241342  0.00000000    0.00486850  0.00742795
  0.00486850 -0.00742795    0.00486850 -0.00742795    0.28792084  0.00000000
    1    2
  0.05469849 -0.06344799   -0.13142131 -0.04137345   -0.04045883  0.03622876
 -0.13142131 -0.04137345    0.05469849 -0.06344799   -0.04045883  0.03622876
 -0.04045883  0.03622876   -0.04045883  0.03622876    0.07358152 -0.06218464
    2    1
  0.05469849  0.06344799   -0.13142131  0.04137345   -0.04045883 -0.03622876
 -0.13142131  0.04137345    0.05469849  0.06344799   -0.04045883 -0.03622876
 -0.04045883 -0.03622876   -0.04045883 -0.03622876    0.07358152  0.06218464
    2    2
  0.23241342  0.00000000    0.00212652  0.00000000    0.00486850 -0.00742795
  0.00212652  0.00000000    0.23241342  0.00000000    0.00486850 -0.00742795
  0.00486850  0.00742795    0.00486850  0.00742795    0.28792084  0.00000000

     Dynamical  Matrix in cartesian axes

     q = (    0.250000000  -0.750000000  -0.750000000 ) 

    1    1
  0.28792084  0.00000000   -0.00486850  0.00742795   -0.00486850  0.00742795
 -0.00486850 -0.00742795    0.23241342  0.00000000    0.00212652  0.00000000
 -0.00486850 -0.00742795    0.00212652  0.00000000    0.23241342  0.00000000
    1    2
 -0.06218464 -0.07358152   -0.03622876 -0.04045883   -0.03622876 -0.04045883
 -0.03622876 -0.04045883   -0.06344799 -0.05469849   -0.04137345  0.13142131
 -0.03622876 -0.04045883   -0.04137345  0.13142131   -0.06344799 -0.05469849
    2    1
 -0.06218464  0.07358152   -0.03622876  0.04045883   -0.03622876  0.04045883
 -0.03622876  0.04045883   -0.06344799  0.05469849   -0.04137345 -0.13142131
 -0.03622876  0.04045883   -0.04137345 -0.13142131   -0.06344799  0.05469849
    2    2
  0.28792084  0.00000000   -0.00486850 -0.00742795   -0.00486850 -0.00742795
 -0.00486850  0.00742795    0.23241342  0.00000000    0.00212652  0.00000000
 -0.00486850  0.00742795    0.00212652  0.00000000    0.23241342  0.00000000

     Dynamical  Matrix in cartesian axes

     q = (    0.750000000  -0.750000000  -0.250000000 ) 

    1    1
  0.23241342  0.00000000   -0.00212652  0.00000000   -0.00486850 -0.00742795
 -0.00212652  0.00000000    0.23241342  0.00000000    0.00486850  0.00742795
 -0.00486850  0.00742795    0.00486850 -0.00742795    0.28792084  0.00000000
    1    2
 -0.05469849  0.06344799   -0.13142131 -0.04137345   -0.04045883  0.03622876
 -0.13142131 -0.04137345   -0.05469849  0.06344799    0.04045883 -0.03622876
 -0.04045883  0.03622876    0.04045883 -0.03622876   -0.07358152  0.06218464
    2    1
 -0.05469849 -0.06344799   -0.13142131  0.04137345   -0.04045883 -0.03622876
 -0.13142131  0.04137345   -0.05469849 -0.06344799    0.04045883  0.03622876
 -0.04045883 -0.03622876    0.04045883  0.03622876   -0.07358152 -0.06218464
    2    2
  0.23241342  0.00000000   -0.00212652  0.00000000   -0.00486850  0.00742795
 -0.00212652  0.00000000    0.23241342  0.00000000    0.00486850 -0.00742795
 -0.00486850 -0.00742795    0.00486850  0.00742795    0.28792084  0.00000000

     Diagonalizing the dynamical matrix

     q = (    0.750000000  -0.250000000   0.750000000 ) 

 **************************************************************************
     freq (    1) =       4.257007 [THz] =     141.998455 [cm-1]
 (  0.058889 -0.496520  0.000000  0.000000 -0.058889  0.496520 ) 
 (  0.500000  0.000000  0.000000  0.000000 -0.500000  0.000000 ) 
     freq (    2) =       5.523365 [THz] =     184.239619 [cm-1]
 ( -0.398461 -0.194704 -0.299314  0.130575 -0.398461 -0.194704 ) 
 ( -0.443487 -0.000000 -0.211599 -0.248726 -0.443487  0.000000 ) 
     freq (    3) =       9.015759 [THz] =     300.733353 [cm-1]
 (  0.129152 -0.247646  0.394846  0.433681  0.129152 -0.247646 ) 
 ( -0.279301 -0.000000  0.201949  0.550635 -0.279301  0.000000 ) 
     freq (    4) =      11.943896 [THz] =     398.405489 [cm-1]
 (  0.116063  0.312644 -0.415738 -0.323618  0.116063  0.312644 ) 
 ( -0.333492  0.000000  0.448074  0.277121 -0.333492  0.000000 ) 
     freq (    5) =      13.289330 [THz] =     443.284341 [cm-1]
 (  0.058889 -0.496520 -0.000000  0.000000 -0.058889  0.496520 ) 
 ( -0.500000 -0.000000  0.000000 -0.000000  0.500000  0.000000 ) 
     freq (    6) =      13.687210 [THz] =     456.556181 [cm-1]
 ( -0.301779 -0.151733 -0.476960  0.210529 -0.301779 -0.151733 ) 
 (  0.337777  0.000000  0.331556  0.402348  0.337777 -0.000000 ) 
 **************************************************************************
