Dynamical matrix file
                                                                           
  1    2  2 10.3380000  0.0000000  0.0000000  0.0000000  0.0000000  0.0000000
           1  'Si  '    25598.822984527003     
    1    1      0.0000000000      0.0000000000      0.0000000000
    2    1      0.2500000000      0.2500000000      0.2500000000

     Dynamical  Matrix in cartesian axes

     q = (   -0.250000000   0.250000000  -0.250000000 ) 

    1    1
  0.26888672  0.00000000   -0.01091308  0.00000000    0.01091308  0.00000000
 -0.01091308  0.00000000    0.26888672  0.00000000   -0.01091308  0.00000000
  0.01091308  0.00000000   -0.01091308  0.00000000    0.26888672  0.00000000
    1    2
 -0.19337588 -0.05555889   -0.03659686  0.03732469    0.03659686 -0.03732469
 -0.03659686  0.03732469   -0.19337588 -0.05555889   -0.03659686  0.03732469
  0.03659686 -0.03732469   -0.03659686  0.03732469   -0.19337588 -0.05555889
    2    1
 -0.19337588  0.05555889   -0.03659686 -0.03732469    0.03659686  0.03732469
 -0.03659686 -0.03732469   -0.19337588  0.05555889   -0.03659686 -0.03732469
  0.03659686  0.03732469   -0.03659686 -0.03732469   -0.19337588  0.05555889
    2    2
  0.26888672  0.00000000   -0.01091308  0.00000000    0.01091308  0.00000000
 -0.01091308  0.00000000    0.26888672  0.00000000   -0.01091308  0.00000000
  0.01091308  0.00000000   -0.01091308  0.00000000    0.26888672  0.00000000

     Dynamical  Matrix in cartesian axes

     q = (    0.250000000  -0.250000000  -0.250000000 ) 

    1    1
  0.26888672  0.00000000   -0.01091308  0.00000000   -0.01091308  0.00000000
 -0.01091308  0.00000000    0.26888672  0.00000000    0.01091308  0.00000000
 -0.01091308  0.00000000    0.01091308  0.00000000    0.26888672  0.00000000
    1    2
 -0.19337588 -0.05555889   -0.03659686  0.03732469   -0.03659686  0.03732469
 -0.03659686  0.03732469   -0.19337588 -0.05555889    0.03659686 -0.03732469
 -0.03659686  0.03732469    0.03659686 -0.03732469   -0.19337588 -0.05555889
    2    1
 -0.19337588  0.05555889   -0.03659686 -0.03732469   -0.03659686 -0.03732469
 -0.03659686 -0.03732469   -0.19337588  0.05555889    0.03659686  0.03732469
 -0.03659686 -0.03732469    0.03659686  0.03732469   -0.19337588  0.05555889
    2    2
  0.26888672  0.00000000   -0.01091308  0.00000000   -0.01091308  0.00000000
 -0.01091308  0.00000000    0.26888672  0.00000000    0.01091308  0.00000000
 -0.01091308  0.00000000    0.01091308  0.00000000    0.26888672  0.00000000

     Dynamical  Matrix in cartesian axes

     q = (    0.250000000  -0.250000000   0.250000000 ) 

    1    1
  0.26888672  0.00000000   -0.01091308  0.00000000    0.01091308  0.00000000
 -0.01091308  0.00000000    0.26888672  0.00000000   -0.01091308  0.00000000
  0.01091308  0.00000000   -0.01091308  0.00000000    0.26888672  0.00000000
    1    2
 -0.19337588  0.05555889   -0.03659686 -0.03732469    0.03659686  0.03732469
 -0.03659686 -0.03732469   -0.19337588  0.05555889   -0.03659686 -0.03732469
  0.03659686  0.03732469   -0.03659686 -0.03732469   -0.19337588  0.05555889
    2    1
 -0.19337588 -0.05555889   -0.03659686  0.03732469    0.03659686 -0.03732469
 -0.03659686  0.03732469   -0.19337588 -0.05555889   -0.03659686  0.03732469
  0.03659686 -0.03732469   -0.03659686  0.03732469   -0.19337588 -0.05555889
    2    2
  0.26888672  0.00000000   -0.01091308  0.00000000    0.01091308  0.00000000
 -0.01091308  0.00000000    0.26888672  0.00000000   -0.01091308  0.00000000
  0.01091308  0.00000000   -0.01091308  0.00000000    0.26888672  0.00000000

     Dynamical  Matrix in cartesian axes

     q = (    0.250000000   0.250000000   0.250000000 ) 

    1    1
  0.26888672  0.00000000    0.01091308  0.00000000    0.01091308  0.00000000
  0.01091308  0.00000000    0.26888672  0.00000000    0.01091308  0.00000000
  0.01091308  0.00000000    0.01091308  0.00000000    0.26888672  0.00000000
    1    2
 -0.05555889  0.19337588   -0.03732469 -0.03659686   -0.03732469 -0.03659686
 -0.03732469 -0.03659686   -0.05555889  0.19337588   -0.03732469 -0.03659686
 -0.03732469 -0.03659686   -0.03732469 -0.03659686   -0.05555889  0.19337588
    2    1
 -0.05555889 -0.19337588   -0.03732469  0.03659686   -0.03732469  0.03659686
 -0.03732469  0.03659686   -0.05555889 -0.19337588   -0.03732469  0.03659686
 -0.03732469  0.03659686   -0.03732469  0.03659686   -0.05555889 -0.19337588
    2    2
  0.26888672  0.00000000    0.01091308  0.00000000    0.01091308  0.00000000
  0.01091308  0.00000000    0.26888672  0.00000000    0.01091308  0.00000000
  0.01091308  0.00000000    0.01091308  0.00000000    0.26888672  0.00000000

     Dynamical  Matrix in cartesian axes

     q = (   -0.250000000  -0.250000000  -0.250000000 ) 

    1    1
  0.26888672  0.00000000    0.01091308  0.00000000    0.01091308  0.00000000
  0.01091308  0.00000000    0.26888672  0.00000000    0.01091308  0.00000000
  0.01091308  0.00000000    0.01091308  0.00000000    0.26888672  0.00000000
    1    2
 -0.05555889 -0.19337588   -0.03732469  0.03659686   -0.03732469  0.03659686
 -0.03732469  0.03659686   -0.05555889 -0.19337588   -0.03732469  0.03659686
 -0.03732469  0.03659686   -0.03732469  0.03659686   -0.05555889 -0.19337588
    2    1
 -0.05555889  0.19337588   -0.03732469 -0.03659686   -0.03732469 -0.03659686
 -0.03732469 -0.03659686   -0.05555889  0.19337588   -0.03732469 -0.03659686
 -0.03732469 -0.03659686   -0.03732469 -0.03659686   -0.05555889  0.19337588
    2    2
  0.26888672  0.00000000    0.01091308  0.00000000    0.01091308  0.00000000
  0.01091308  0.00000000    0.26888672  0.00000000    0.01091308  0.00000000
  0.01091308  0.00000000    0.01091308  0.00000000    0.26888672  0.00000000

     Dynamical  Matrix in cartesian axes

     q = (   -0.250000000  -0.250000000   0.250000000 ) 

    1    1
  0.26888672  0.00000000    0.01091308  0.00000000   -0.01091308  0.00000000
  0.01091308  0.00000000    0.26888672  0.00000000   -0.01091308  0.00000000
 -0.01091308  0.00000000   -0.01091308  0.00000000    0.26888672  0.00000000
    1    2
 -0.19337588 -0.05555889    0.03659686 -0.03732469   -0.03659686  0.03732469
  0.03659686 -0.03732469   -0.19337588 -0.05555889   -0.03659686  0.03732469
 -0.03659686  0.03732469   -0.03659686  0.03732469   -0.19337588 -0.05555889
    2    1
 -0.19337588  0.05555889    0.03659686  0.03732469   -0.03659686 -0.03732469
  0.03659686  0.03732469   -0.19337588  0.05555889   -0.03659686 -0.03732469
 -0.03659686 -0.03732469   -0.03659686 -0.03732469   -0.19337588  0.05555889
    2    2
  0.26888672  0.00000000    0.01091308  0.00000000   -0.01091308  0.00000000
  0.01091308  0.00000000    0.26888672  0.00000000   -0.01091308  0.00000000
 -0.01091308  0.00000000   -0.01091308  0.00000000    0.26888672  0.00000000

     Dynamical  Matrix in cartesian axes

     q = (   -0.250000000   0.250000000   0.250000000 ) 

    1    1
  0.26888672  0.00000000   -0.01091308  0.00000000   -0.01091308  0.00000000
 -0.01091308  0.00000000    0.26888672  0.00000000    0.01091308  0.00000000
 -0.01091308  0.00000000    0.01091308  0.00000000    0.26888672  0.00000000
    1    2
 -0.19337588  0.05555889   -0.03659686 -0.03732469   -0.03659686 -0.03732469
 -0.03659686 -0.03732469   -0.19337588  0.05555889    0.03659686  0.03732469
 -0.03659686 -0.03732469    0.03659686  0.03732469   -0.19337588  0.05555889
    2    1
 -0.19337588 -0.05555889   -0.03659686  0.03732469   -0.03659686  0.03732469
 -0.03659686  0.03732469   -0.19337588 -0.05555889    0.03659686 -0.03732469
 -0.03659686  0.03732469    0.03659686 -0.03732469   -0.19337588 -0.05555889
    2    2
  0.26888672  0.00000000   -0.01091308  0.00000000   -0.01091308  0.00000000
 -0.01091308  0.00000000    0.26888672  0.00000000    0.01091308  0.00000000
 -0.01091308  0.00000000    0.01091308  0.00000000    0.26888672  0.00000000

     Dynamical  Matrix in cartesian axes

     q = (    0.250000000   0.250000000  -0.250000000 ) 

    1    1
  0.26888672  0.00000000    0.01091308  0.00000000   -0.01091308  0.00000000
  0.01091308  0.00000000    0.26888672  0.00000000   -0.01091308  0.00000000
 -0.01091308  0.00000000   -0.01091308  0.00000000    0.26888672  0.00000000
    1    2
 -0.19337588  0.05555889    0.03659686  0.03732469   -0.03659686 -0.03732469
  0.03659686  0.03732469   -0.19337588  0.05555889   -0.03659686 -0.03732469
 -0.03659686 -0.03732469   -0.03659686 -0.03732469   -0.19337588  0.05555889
    2    1
 -0.19337588 -0.05555889    0.03659686 -0.03732469   -0.03659686  0.03732469
  0.03659686 -0.03732469   -0.19337588 -0.05555889   -0.03659686  0.03732469
 -0.03659686  0.03732469   -0.03659686  0.03732469   -0.19337588 -0.05555889
    2    2
  0.26888672  0.00000000    0.01091308  0.00000000   -0.01091308  0.00000000
  0.01091308  0.00000000    0.26888672  0.00000000   -0.01091308  0.00000000
 -0.01091308  0.00000000   -0.01091308  0.00000000    0.26888672  0.00000000

     Diagonalizing the dynamical matrix

     q = (   -0.250000000   0.250000000  -0.250000000 ) 

 **************************************************************************
     freq (    1) =       3.396100 [THz] =     113.281705 [cm-1]
 ( -0.322727  0.054195  0.244212  0.099146  0.566939  0.044952 ) 
 ( -0.317434  0.079534  0.251284  0.079534  0.568718 -0.000000 ) 
     freq (    2) =       3.396100 [THz] =     113.281705 [cm-1]
 (  0.174898 -0.442328  0.274049 -0.434466  0.099151  0.007862 ) 
 (  0.139389 -0.454768  0.238851 -0.454768  0.099462  0.000000 ) 
     freq (    3) =       6.927840 [THz] =     231.087862 [cm-1]
 (  0.276894  0.299994 -0.276894 -0.299994  0.276894  0.299994 ) 
 (  0.408248  0.000000 -0.408248  0.000000  0.408248  0.000000 ) 
     freq (    4) =      14.065172 [THz] =     469.163649 [cm-1]
 (  0.276894  0.299994 -0.276894 -0.299994  0.276894  0.299994 ) 
 ( -0.408248  0.000000  0.408248 -0.000000 -0.408248  0.000000 ) 
     freq (    5) =      14.373815 [THz] =     479.458848 [cm-1]
 (  0.287858  0.022811 -0.287686 -0.022823 -0.575544 -0.045634 ) 
 ( -0.288760  0.000013  0.288590  0.000013  0.577350  0.000000 ) 
     freq (    6) =      14.373815 [THz] =     479.458848 [cm-1]
 (  0.498617 -0.036495  0.498716 -0.036487  0.000099  0.000008 ) 
 ( -0.494173  0.075792 -0.494272  0.075792 -0.000099  0.000000 ) 
 **************************************************************************
