Dynamical matrix file
                                                                           
  1    2  2 10.3680000  0.0000000  0.0000000  0.0000000  0.0000000  0.0000000
           1  'Si  '    25598.822984527003     
    1    1      0.0000000000      0.0000000000      0.0000000000
    2    1      0.2500000000      0.2500000000      0.2500000000

     Dynamical  Matrix in cartesian axes

     q = (   -0.250000000   0.250000000  -0.250000000 ) 

    1    1
  0.26368659  0.00000000   -0.01154687  0.00000000    0.01154687  0.00000000
 -0.01154687  0.00000000    0.26368659  0.00000000   -0.01154687  0.00000000
  0.01154687  0.00000000   -0.01154687  0.00000000    0.26368659  0.00000000
    1    2
 -0.19655806 -0.05692176   -0.03622584  0.03799652    0.03622584 -0.03799652
 -0.03622584  0.03799652   -0.19655806 -0.05692176   -0.03622584  0.03799652
  0.03622584 -0.03799652   -0.03622584  0.03799652   -0.19655806 -0.05692176
    2    1
 -0.19655806  0.05692176   -0.03622584 -0.03799652    0.03622584  0.03799652
 -0.03622584 -0.03799652   -0.19655806  0.05692176   -0.03622584 -0.03799652
  0.03622584  0.03799652   -0.03622584 -0.03799652   -0.19655806  0.05692176
    2    2
  0.26368659  0.00000000   -0.01154687  0.00000000    0.01154687  0.00000000
 -0.01154687  0.00000000    0.26368659  0.00000000   -0.01154687  0.00000000
  0.01154687  0.00000000   -0.01154687  0.00000000    0.26368659  0.00000000

     Dynamical  Matrix in cartesian axes

     q = (    0.250000000  -0.250000000  -0.250000000 ) 

    1    1
  0.26368659  0.00000000   -0.01154687  0.00000000   -0.01154687  0.00000000
 -0.01154687  0.00000000    0.26368659  0.00000000    0.01154687  0.00000000
 -0.01154687  0.00000000    0.01154687  0.00000000    0.26368659  0.00000000
    1    2
 -0.19655806 -0.05692176   -0.03622584  0.03799652   -0.03622584  0.03799652
 -0.03622584  0.03799652   -0.19655806 -0.05692176    0.03622584 -0.03799652
 -0.03622584  0.03799652    0.03622584 -0.03799652   -0.19655806 -0.05692176
    2    1
 -0.19655806  0.05692176   -0.03622584 -0.03799652   -0.03622584 -0.03799652
 -0.03622584 -0.03799652   -0.19655806  0.05692176    0.03622584  0.03799652
 -0.03622584 -0.03799652    0.03622584  0.03799652   -0.19655806  0.05692176
    2    2
  0.26368659  0.00000000   -0.01154687  0.00000000   -0.01154687  0.00000000
 -0.01154687  0.00000000    0.26368659  0.00000000    0.01154687  0.00000000
 -0.01154687  0.00000000    0.01154687  0.00000000    0.26368659  0.00000000

     Dynamical  Matrix in cartesian axes

     q = (    0.250000000  -0.250000000   0.250000000 ) 

    1    1
  0.26368659  0.00000000   -0.01154687  0.00000000    0.01154687  0.00000000
 -0.01154687  0.00000000    0.26368659  0.00000000   -0.01154687  0.00000000
  0.01154687  0.00000000   -0.01154687  0.00000000    0.26368659  0.00000000
    1    2
 -0.19655806  0.05692176   -0.03622584 -0.03799652    0.03622584  0.03799652
 -0.03622584 -0.03799652   -0.19655806  0.05692176   -0.03622584 -0.03799652
  0.03622584  0.03799652   -0.03622584 -0.03799652   -0.19655806  0.05692176
    2    1
 -0.19655806 -0.05692176   -0.03622584  0.03799652    0.03622584 -0.03799652
 -0.03622584  0.03799652   -0.19655806 -0.05692176   -0.03622584  0.03799652
  0.03622584 -0.03799652   -0.03622584  0.03799652   -0.19655806 -0.05692176
    2    2
  0.26368659  0.00000000   -0.01154687  0.00000000    0.01154687  0.00000000
 -0.01154687  0.00000000    0.26368659  0.00000000   -0.01154687  0.00000000
  0.01154687  0.00000000   -0.01154687  0.00000000    0.26368659  0.00000000

     Dynamical  Matrix in cartesian axes

     q = (    0.250000000   0.250000000   0.250000000 ) 

    1    1
  0.26368659  0.00000000    0.01154687  0.00000000    0.01154687  0.00000000
  0.01154687  0.00000000    0.26368659  0.00000000    0.01154687  0.00000000
  0.01154687  0.00000000    0.01154687  0.00000000    0.26368659  0.00000000
    1    2
 -0.05692176  0.19655806   -0.03799652 -0.03622584   -0.03799652 -0.03622584
 -0.03799652 -0.03622584   -0.05692176  0.19655806   -0.03799652 -0.03622584
 -0.03799652 -0.03622584   -0.03799652 -0.03622584   -0.05692176  0.19655806
    2    1
 -0.05692176 -0.19655806   -0.03799652  0.03622584   -0.03799652  0.03622584
 -0.03799652  0.03622584   -0.05692176 -0.19655806   -0.03799652  0.03622584
 -0.03799652  0.03622584   -0.03799652  0.03622584   -0.05692176 -0.19655806
    2    2
  0.26368659  0.00000000    0.01154687  0.00000000    0.01154687  0.00000000
  0.01154687  0.00000000    0.26368659  0.00000000    0.01154687  0.00000000
  0.01154687  0.00000000    0.01154687  0.00000000    0.26368659  0.00000000

     Dynamical  Matrix in cartesian axes

     q = (   -0.250000000  -0.250000000  -0.250000000 ) 

    1    1
  0.26368659  0.00000000    0.01154687  0.00000000    0.01154687  0.00000000
  0.01154687  0.00000000    0.26368659  0.00000000    0.01154687  0.00000000
  0.01154687  0.00000000    0.01154687  0.00000000    0.26368659  0.00000000
    1    2
 -0.05692176 -0.19655806   -0.03799652  0.03622584   -0.03799652  0.03622584
 -0.03799652  0.03622584   -0.05692176 -0.19655806   -0.03799652  0.03622584
 -0.03799652  0.03622584   -0.03799652  0.03622584   -0.05692176 -0.19655806
    2    1
 -0.05692176  0.19655806   -0.03799652 -0.03622584   -0.03799652 -0.03622584
 -0.03799652 -0.03622584   -0.05692176  0.19655806   -0.03799652 -0.03622584
 -0.03799652 -0.03622584   -0.03799652 -0.03622584   -0.05692176  0.19655806
    2    2
  0.26368659  0.00000000    0.01154687  0.00000000    0.01154687  0.00000000
  0.01154687  0.00000000    0.26368659  0.00000000    0.01154687  0.00000000
  0.01154687  0.00000000    0.01154687  0.00000000    0.26368659  0.00000000

     Dynamical  Matrix in cartesian axes

     q = (   -0.250000000  -0.250000000   0.250000000 ) 

    1    1
  0.26368659  0.00000000    0.01154687  0.00000000   -0.01154687  0.00000000
  0.01154687  0.00000000    0.26368659  0.00000000   -0.01154687  0.00000000
 -0.01154687  0.00000000   -0.01154687  0.00000000    0.26368659  0.00000000
    1    2
 -0.19655806 -0.05692176    0.03622584 -0.03799652   -0.03622584  0.03799652
  0.03622584 -0.03799652   -0.19655806 -0.05692176   -0.03622584  0.03799652
 -0.03622584  0.03799652   -0.03622584  0.03799652   -0.19655806 -0.05692176
    2    1
 -0.19655806  0.05692176    0.03622584  0.03799652   -0.03622584 -0.03799652
  0.03622584  0.03799652   -0.19655806  0.05692176   -0.03622584 -0.03799652
 -0.03622584 -0.03799652   -0.03622584 -0.03799652   -0.19655806  0.05692176
    2    2
  0.26368659  0.00000000    0.01154687  0.00000000   -0.01154687  0.00000000
  0.01154687  0.00000000    0.26368659  0.00000000   -0.01154687  0.00000000
 -0.01154687  0.00000000   -0.01154687  0.00000000    0.26368659  0.00000000

     Dynamical  Matrix in cartesian axes

     q = (   -0.250000000   0.250000000   0.250000000 ) 

    1    1
  0.26368659  0.00000000   -0.01154687  0.00000000   -0.01154687  0.00000000
 -0.01154687  0.00000000    0.26368659  0.00000000    0.01154687  0.00000000
 -0.01154687  0.00000000    0.01154687  0.00000000    0.26368659  0.00000000
    1    2
 -0.19655806  0.05692176   -0.03622584 -0.03799652   -0.03622584 -0.03799652
 -0.03622584 -0.03799652   -0.19655806  0.05692176    0.03622584  0.03799652
 -0.03622584 -0.03799652    0.03622584  0.03799652   -0.19655806  0.05692176
    2    1
 -0.19655806 -0.05692176   -0.03622584  0.03799652   -0.03622584  0.03799652
 -0.03622584  0.03799652   -0.19655806 -0.05692176    0.03622584 -0.03799652
 -0.03622584  0.03799652    0.03622584 -0.03799652   -0.19655806 -0.05692176
    2    2
  0.26368659  0.00000000   -0.01154687  0.00000000   -0.01154687  0.00000000
 -0.01154687  0.00000000    0.26368659  0.00000000    0.01154687  0.00000000
 -0.01154687  0.00000000    0.01154687  0.00000000    0.26368659  0.00000000

     Dynamical  Matrix in cartesian axes

     q = (    0.250000000   0.250000000  -0.250000000 ) 

    1    1
  0.26368659  0.00000000    0.01154687  0.00000000   -0.01154687  0.00000000
  0.01154687  0.00000000    0.26368659  0.00000000   -0.01154687  0.00000000
 -0.01154687  0.00000000   -0.01154687  0.00000000    0.26368659  0.00000000
    1    2
 -0.19655806  0.05692176    0.03622584  0.03799652   -0.03622584 -0.03799652
  0.03622584  0.03799652   -0.19655806  0.05692176   -0.03622584 -0.03799652
 -0.03622584 -0.03799652   -0.03622584 -0.03799652   -0.19655806  0.05692176
    2    1
 -0.19655806 -0.05692176    0.03622584 -0.03799652   -0.03622584  0.03799652
  0.03622584 -0.03799652   -0.19655806 -0.05692176   -0.03622584  0.03799652
 -0.03622584  0.03799652   -0.03622584  0.03799652   -0.19655806 -0.05692176
    2    2
  0.26368659  0.00000000    0.01154687  0.00000000   -0.01154687  0.00000000
  0.01154687  0.00000000    0.26368659  0.00000000   -0.01154687  0.00000000
 -0.01154687  0.00000000   -0.01154687  0.00000000    0.26368659  0.00000000

     Diagonalizing the dynamical matrix

     q = (   -0.250000000   0.250000000  -0.250000000 ) 

 **************************************************************************
     freq (    1) =       2.803359 [THz] =      93.510000 [cm-1]
 ( -0.567916 -0.011866 -0.372837  0.003994  0.195079  0.015860 ) 
 ( -0.567010  0.034192 -0.371287  0.034192  0.195723  0.000000 ) 
     freq (    2) =       2.803359 [THz] =      93.510000 [cm-1]
 ( -0.101193 -0.020588  0.440183  0.023425  0.541377  0.044014 ) 
 ( -0.102529 -0.012321  0.440634 -0.012321  0.543163  0.000000 ) 
     freq (    3) =       6.660694 [THz] =     222.176823 [cm-1]
 ( -0.278618 -0.298393  0.278618  0.298393 -0.278618 -0.298393 ) 
 ( -0.408248  0.000000  0.408248 -0.000000 -0.408248  0.000000 ) 
     freq (    4) =      14.076003 [THz] =     469.524936 [cm-1]
 ( -0.278618 -0.298393  0.278618  0.298393 -0.278618 -0.298393 ) 
 (  0.408248  0.000000 -0.408248 -0.000000  0.408248  0.000000 ) 
     freq (    5) =      14.329973 [THz] =     477.996432 [cm-1]
 (  0.437909 -0.102503  0.529401 -0.095065  0.091492  0.007438 ) 
 ( -0.428163  0.137651 -0.519957  0.137651 -0.091794  0.000000 ) 
     freq (    6) =      14.329973 [THz] =     477.996432 [cm-1]
 (  0.361954  0.007186 -0.206178 -0.039003 -0.568132 -0.046189 ) 
 ( -0.361346  0.022167  0.208660  0.022167  0.570006  0.000000 ) 
 **************************************************************************
