Dynamical matrix file
                                                                           
  1    2  2 10.3960000  0.0000000  0.0000000  0.0000000  0.0000000  0.0000000
           1  'Si  '    25598.822984527003     
    1    1      0.0000000000      0.0000000000      0.0000000000
    2    1      0.2500000000      0.2500000000      0.2500000000

     Dynamical  Matrix in cartesian axes

     q = (   -0.250000000   0.250000000  -0.250000000 ) 

    1    1
  0.28892682  0.00000000   -0.01036329  0.00000000    0.01036329  0.00000000
 -0.01036329  0.00000000    0.28892682  0.00000000   -0.01036329  0.00000000
  0.01036329  0.00000000   -0.01036329  0.00000000    0.28892682  0.00000000
    1    2
 -0.21560160 -0.06537416   -0.03349534  0.03429681    0.03349534 -0.03429681
 -0.03349534  0.03429681   -0.21560160 -0.06537416   -0.03349534  0.03429681
  0.03349534 -0.03429681   -0.03349534  0.03429681   -0.21560160 -0.06537416
    2    1
 -0.21560160  0.06537416   -0.03349534 -0.03429681    0.03349534  0.03429681
 -0.03349534 -0.03429681   -0.21560160  0.06537416   -0.03349534 -0.03429681
  0.03349534  0.03429681   -0.03349534 -0.03429681   -0.21560160  0.06537416
    2    2
  0.28892682  0.00000000   -0.01036329  0.00000000    0.01036329  0.00000000
 -0.01036329  0.00000000    0.28892682  0.00000000   -0.01036329  0.00000000
  0.01036329  0.00000000   -0.01036329  0.00000000    0.28892682  0.00000000

     Dynamical  Matrix in cartesian axes

     q = (    0.250000000  -0.250000000  -0.250000000 ) 

    1    1
  0.28892682  0.00000000   -0.01036329  0.00000000   -0.01036329  0.00000000
 -0.01036329  0.00000000    0.28892682  0.00000000    0.01036329  0.00000000
 -0.01036329  0.00000000    0.01036329  0.00000000    0.28892682  0.00000000
    1    2
 -0.21560160 -0.06537416   -0.03349534  0.03429681   -0.03349534  0.03429681
 -0.03349534  0.03429681   -0.21560160 -0.06537416    0.03349534 -0.03429681
 -0.03349534  0.03429681    0.03349534 -0.03429681   -0.21560160 -0.06537416
    2    1
 -0.21560160  0.06537416   -0.03349534 -0.03429681   -0.03349534 -0.03429681
 -0.03349534 -0.03429681   -0.21560160  0.06537416    0.03349534  0.03429681
 -0.03349534 -0.03429681    0.03349534  0.03429681   -0.21560160  0.06537416
    2    2
  0.28892682  0.00000000   -0.01036329  0.00000000   -0.01036329  0.00000000
 -0.01036329  0.00000000    0.28892682  0.00000000    0.01036329  0.00000000
 -0.01036329  0.00000000    0.01036329  0.00000000    0.28892682  0.00000000

     Dynamical  Matrix in cartesian axes

     q = (    0.250000000  -0.250000000   0.250000000 ) 

    1    1
  0.28892682  0.00000000   -0.01036329  0.00000000    0.01036329  0.00000000
 -0.01036329  0.00000000    0.28892682  0.00000000   -0.01036329  0.00000000
  0.01036329  0.00000000   -0.01036329  0.00000000    0.28892682  0.00000000
    1    2
 -0.21560160  0.06537416   -0.03349534 -0.03429681    0.03349534  0.03429681
 -0.03349534 -0.03429681   -0.21560160  0.06537416   -0.03349534 -0.03429681
  0.03349534  0.03429681   -0.03349534 -0.03429681   -0.21560160  0.06537416
    2    1
 -0.21560160 -0.06537416   -0.03349534  0.03429681    0.03349534 -0.03429681
 -0.03349534  0.03429681   -0.21560160 -0.06537416   -0.03349534  0.03429681
  0.03349534 -0.03429681   -0.03349534  0.03429681   -0.21560160 -0.06537416
    2    2
  0.28892682  0.00000000   -0.01036329  0.00000000    0.01036329  0.00000000
 -0.01036329  0.00000000    0.28892682  0.00000000   -0.01036329  0.00000000
  0.01036329  0.00000000   -0.01036329  0.00000000    0.28892682  0.00000000

     Dynamical  Matrix in cartesian axes

     q = (    0.250000000   0.250000000   0.250000000 ) 

    1    1
  0.28892682  0.00000000    0.01036329  0.00000000    0.01036329  0.00000000
  0.01036329  0.00000000    0.28892682  0.00000000    0.01036329  0.00000000
  0.01036329  0.00000000    0.01036329  0.00000000    0.28892682  0.00000000
    1    2
 -0.06537416  0.21560160   -0.03429681 -0.03349534   -0.03429681 -0.03349534
 -0.03429681 -0.03349534   -0.06537416  0.21560160   -0.03429681 -0.03349534
 -0.03429681 -0.03349534   -0.03429681 -0.03349534   -0.06537416  0.21560160
    2    1
 -0.06537416 -0.21560160   -0.03429681  0.03349534   -0.03429681  0.03349534
 -0.03429681  0.03349534   -0.06537416 -0.21560160   -0.03429681  0.03349534
 -0.03429681  0.03349534   -0.03429681  0.03349534   -0.06537416 -0.21560160
    2    2
  0.28892682  0.00000000    0.01036329  0.00000000    0.01036329  0.00000000
  0.01036329  0.00000000    0.28892682  0.00000000    0.01036329  0.00000000
  0.01036329  0.00000000    0.01036329  0.00000000    0.28892682  0.00000000

     Dynamical  Matrix in cartesian axes

     q = (   -0.250000000  -0.250000000  -0.250000000 ) 

    1    1
  0.28892682  0.00000000    0.01036329  0.00000000    0.01036329  0.00000000
  0.01036329  0.00000000    0.28892682  0.00000000    0.01036329  0.00000000
  0.01036329  0.00000000    0.01036329  0.00000000    0.28892682  0.00000000
    1    2
 -0.06537416 -0.21560160   -0.03429681  0.03349534   -0.03429681  0.03349534
 -0.03429681  0.03349534   -0.06537416 -0.21560160   -0.03429681  0.03349534
 -0.03429681  0.03349534   -0.03429681  0.03349534   -0.06537416 -0.21560160
    2    1
 -0.06537416  0.21560160   -0.03429681 -0.03349534   -0.03429681 -0.03349534
 -0.03429681 -0.03349534   -0.06537416  0.21560160   -0.03429681 -0.03349534
 -0.03429681 -0.03349534   -0.03429681 -0.03349534   -0.06537416  0.21560160
    2    2
  0.28892682  0.00000000    0.01036329  0.00000000    0.01036329  0.00000000
  0.01036329  0.00000000    0.28892682  0.00000000    0.01036329  0.00000000
  0.01036329  0.00000000    0.01036329  0.00000000    0.28892682  0.00000000

     Dynamical  Matrix in cartesian axes

     q = (   -0.250000000  -0.250000000   0.250000000 ) 

    1    1
  0.28892682  0.00000000    0.01036329  0.00000000   -0.01036329  0.00000000
  0.01036329  0.00000000    0.28892682  0.00000000   -0.01036329  0.00000000
 -0.01036329  0.00000000   -0.01036329  0.00000000    0.28892682  0.00000000
    1    2
 -0.21560160 -0.06537416    0.03349534 -0.03429681   -0.03349534  0.03429681
  0.03349534 -0.03429681   -0.21560160 -0.06537416   -0.03349534  0.03429681
 -0.03349534  0.03429681   -0.03349534  0.03429681   -0.21560160 -0.06537416
    2    1
 -0.21560160  0.06537416    0.03349534  0.03429681   -0.03349534 -0.03429681
  0.03349534  0.03429681   -0.21560160  0.06537416   -0.03349534 -0.03429681
 -0.03349534 -0.03429681   -0.03349534 -0.03429681   -0.21560160  0.06537416
    2    2
  0.28892682  0.00000000    0.01036329  0.00000000   -0.01036329  0.00000000
  0.01036329  0.00000000    0.28892682  0.00000000   -0.01036329  0.00000000
 -0.01036329  0.00000000   -0.01036329  0.00000000    0.28892682  0.00000000

     Dynamical  Matrix in cartesian axes

     q = (   -0.250000000   0.250000000   0.250000000 ) 

    1    1
  0.28892682  0.00000000   -0.01036329  0.00000000   -0.01036329  0.00000000
 -0.01036329  0.00000000    0.28892682  0.00000000    0.01036329  0.00000000
 -0.01036329  0.00000000    0.01036329  0.00000000    0.28892682  0.00000000
    1    2
 -0.21560160  0.06537416   -0.03349534 -0.03429681   -0.03349534 -0.03429681
 -0.03349534 -0.03429681   -0.21560160  0.06537416    0.03349534  0.03429681
 -0.03349534 -0.03429681    0.03349534  0.03429681   -0.21560160  0.06537416
    2    1
 -0.21560160 -0.06537416   -0.03349534  0.03429681   -0.03349534  0.03429681
 -0.03349534  0.03429681   -0.21560160 -0.06537416    0.03349534 -0.03429681
 -0.03349534  0.03429681    0.03349534 -0.03429681   -0.21560160 -0.06537416
    2    2
  0.28892682  0.00000000   -0.01036329  0.00000000   -0.01036329  0.00000000
 -0.01036329  0.00000000    0.28892682  0.00000000    0.01036329  0.00000000
 -0.01036329  0.00000000    0.01036329  0.00000000    0.28892682  0.00000000

     Dynamical  Matrix in cartesian axes

     q = (    0.250000000   0.250000000  -0.250000000 ) 

    1    1
  0.28892682  0.00000000    0.01036329  0.00000000   -0.01036329  0.00000000
  0.01036329  0.00000000    0.28892682  0.00000000   -0.01036329  0.00000000
 -0.01036329  0.00000000   -0.01036329  0.00000000    0.28892682  0.00000000
    1    2
 -0.21560160  0.06537416    0.03349534  0.03429681   -0.03349534 -0.03429681
  0.03349534  0.03429681   -0.21560160  0.06537416   -0.03349534 -0.03429681
 -0.03349534 -0.03429681   -0.03349534 -0.03429681   -0.21560160  0.06537416
    2    1
 -0.21560160 -0.06537416    0.03349534 -0.03429681   -0.03349534  0.03429681
  0.03349534 -0.03429681   -0.21560160 -0.06537416   -0.03349534  0.03429681
 -0.03349534  0.03429681   -0.03349534  0.03429681   -0.21560160 -0.06537416
    2    2
  0.28892682  0.00000000    0.01036329  0.00000000   -0.01036329  0.00000000
  0.01036329  0.00000000    0.28892682  0.00000000   -0.01036329  0.00000000
 -0.01036329  0.00000000   -0.01036329  0.00000000    0.28892682  0.00000000

     Diagonalizing the dynamical matrix

     q = (   -0.250000000   0.250000000  -0.250000000 ) 

 **************************************************************************
     freq (    1) =       3.412018 [THz] =     113.812680 [cm-1]
 (  0.401696 -0.252801  0.459382 -0.245604  0.057685  0.007197 ) 
 (  0.367309 -0.300586  0.425442 -0.300586  0.058133  0.000000 ) 
     freq (    2) =       3.412018 [THz] =     113.812680 [cm-1]
 ( -0.328570 -0.010336  0.241427  0.060776  0.569997  0.071113 ) 
 ( -0.327322  0.030420  0.247094  0.030420  0.574416  0.000000 ) 
     freq (    3) =       6.806358 [THz] =     227.035664 [cm-1]
 ( -0.303227 -0.273349  0.303227  0.273349 -0.303227 -0.273349 ) 
 ( -0.408248 -0.000000  0.408248  0.000000 -0.408248  0.000000 ) 
     freq (    4) =      14.680376 [THz] =     489.684643 [cm-1]
 (  0.303227  0.273349 -0.303227 -0.273349  0.303227  0.273349 ) 
 ( -0.408248 -0.000000  0.408248 -0.000000 -0.408248  0.000000 ) 
     freq (    5) =      14.963582 [THz] =     499.131383 [cm-1]
 (  0.078689  0.182503 -0.429269  0.119130 -0.507958 -0.063373 ) 
 ( -0.100678 -0.171357  0.411218 -0.171357  0.511896  0.000000 ) 
     freq (    6) =      14.963582 [THz] =     499.131383 [cm-1]
 (  0.468531 -0.272604  0.203572 -0.305661 -0.264959 -0.033056 ) 
 ( -0.431178  0.328512 -0.164165  0.328512  0.267013  0.000000 ) 
 **************************************************************************
