Dynamical matrix file
                                                                           
  1    2  2 10.3960000  0.0000000  0.0000000  0.0000000  0.0000000  0.0000000
           1  'Si  '    25598.822984527003     
    1    1      0.0000000000      0.0000000000      0.0000000000
    2    1      0.2500000000      0.2500000000      0.2500000000

     Dynamical  Matrix in cartesian axes

     q = (    0.750000000  -0.250000000   0.750000000 ) 

    1    1
  0.25103816  0.00000000   -0.00417420  0.00702180    0.00041245  0.00000000
 -0.00417420 -0.00702180    0.30569502  0.00000000   -0.00417420 -0.00702180
  0.00041245  0.00000000   -0.00417420  0.00702180    0.25103816  0.00000000
    1    2
 -0.04937136  0.08202317   -0.03240254  0.03694808   -0.03880155 -0.12191774
 -0.03240254  0.03694808   -0.04844962  0.10048125   -0.03240254  0.03694808
 -0.03880155 -0.12191774   -0.03240254  0.03694808   -0.04937136  0.08202317
    2    1
 -0.04937136 -0.08202317   -0.03240254 -0.03694808   -0.03880155  0.12191774
 -0.03240254 -0.03694808   -0.04844962 -0.10048125   -0.03240254 -0.03694808
 -0.03880155  0.12191774   -0.03240254 -0.03694808   -0.04937136 -0.08202317
    2    2
  0.25103816  0.00000000   -0.00417420 -0.00702180    0.00041245  0.00000000
 -0.00417420  0.00702180    0.30569502  0.00000000   -0.00417420  0.00702180
  0.00041245  0.00000000   -0.00417420 -0.00702180    0.25103816  0.00000000

     Dynamical  Matrix in cartesian axes

     q = (    0.750000000  -0.250000000  -0.750000000 ) 

    1    1
  0.25103816  0.00000000   -0.00417420 -0.00702180   -0.00041245  0.00000000
 -0.00417420  0.00702180    0.30569502  0.00000000    0.00417420 -0.00702180
 -0.00041245  0.00000000    0.00417420  0.00702180    0.25103816  0.00000000
    1    2
 -0.08202317  0.04937136   -0.03694808  0.03240254   -0.12191774 -0.03880155
 -0.03694808  0.03240254   -0.10048125  0.04844962    0.03694808 -0.03240254
 -0.12191774 -0.03880155    0.03694808 -0.03240254   -0.08202317  0.04937136
    2    1
 -0.08202317 -0.04937136   -0.03694808 -0.03240254   -0.12191774  0.03880155
 -0.03694808 -0.03240254   -0.10048125 -0.04844962    0.03694808  0.03240254
 -0.12191774  0.03880155    0.03694808  0.03240254   -0.08202317 -0.04937136
    2    2
  0.25103816  0.00000000   -0.00417420  0.00702180   -0.00041245  0.00000000
 -0.00417420 -0.00702180    0.30569502  0.00000000    0.00417420  0.00702180
 -0.00041245  0.00000000    0.00417420 -0.00702180    0.25103816  0.00000000

     Dynamical  Matrix in cartesian axes

     q = (   -0.750000000  -0.250000000  -0.750000000 ) 

    1    1
  0.25103816  0.00000000    0.00417420 -0.00702180    0.00041245  0.00000000
  0.00417420  0.00702180    0.30569502  0.00000000    0.00417420  0.00702180
  0.00041245  0.00000000    0.00417420 -0.00702180    0.25103816  0.00000000
    1    2
  0.08202317  0.04937136   -0.03694808 -0.03240254   -0.12191774  0.03880155
 -0.03694808 -0.03240254    0.10048125  0.04844962   -0.03694808 -0.03240254
 -0.12191774  0.03880155   -0.03694808 -0.03240254    0.08202317  0.04937136
    2    1
  0.08202317 -0.04937136   -0.03694808  0.03240254   -0.12191774 -0.03880155
 -0.03694808  0.03240254    0.10048125 -0.04844962   -0.03694808  0.03240254
 -0.12191774 -0.03880155   -0.03694808  0.03240254    0.08202317 -0.04937136
    2    2
  0.25103816  0.00000000    0.00417420  0.00702180    0.00041245  0.00000000
  0.00417420 -0.00702180    0.30569502  0.00000000    0.00417420 -0.00702180
  0.00041245  0.00000000    0.00417420  0.00702180    0.25103816  0.00000000

     Dynamical  Matrix in cartesian axes

     q = (   -0.750000000  -0.250000000   0.750000000 ) 

    1    1
  0.25103816  0.00000000    0.00417420  0.00702180   -0.00041245  0.00000000
  0.00417420 -0.00702180    0.30569502  0.00000000   -0.00417420  0.00702180
 -0.00041245  0.00000000   -0.00417420 -0.00702180    0.25103816  0.00000000
    1    2
 -0.08202317  0.04937136    0.03694808 -0.03240254   -0.12191774 -0.03880155
  0.03694808 -0.03240254   -0.10048125  0.04844962   -0.03694808  0.03240254
 -0.12191774 -0.03880155   -0.03694808  0.03240254   -0.08202317  0.04937136
    2    1
 -0.08202317 -0.04937136    0.03694808  0.03240254   -0.12191774  0.03880155
  0.03694808  0.03240254   -0.10048125 -0.04844962   -0.03694808 -0.03240254
 -0.12191774  0.03880155   -0.03694808 -0.03240254   -0.08202317 -0.04937136
    2    2
  0.25103816  0.00000000    0.00417420 -0.00702180   -0.00041245  0.00000000
  0.00417420  0.00702180    0.30569502  0.00000000   -0.00417420 -0.00702180
 -0.00041245  0.00000000   -0.00417420  0.00702180    0.25103816  0.00000000

     Dynamical  Matrix in cartesian axes

     q = (   -0.750000000   0.250000000  -0.750000000 ) 

    1    1
  0.25103816  0.00000000   -0.00417420 -0.00702180    0.00041245  0.00000000
 -0.00417420  0.00702180    0.30569502  0.00000000   -0.00417420  0.00702180
  0.00041245  0.00000000   -0.00417420 -0.00702180    0.25103816  0.00000000
    1    2
 -0.04937136 -0.08202317   -0.03240254 -0.03694808   -0.03880155  0.12191774
 -0.03240254 -0.03694808   -0.04844962 -0.10048125   -0.03240254 -0.03694808
 -0.03880155  0.12191774   -0.03240254 -0.03694808   -0.04937136 -0.08202317
    2    1
 -0.04937136  0.08202317   -0.03240254  0.03694808   -0.03880155 -0.12191774
 -0.03240254  0.03694808   -0.04844962  0.10048125   -0.03240254  0.03694808
 -0.03880155 -0.12191774   -0.03240254  0.03694808   -0.04937136  0.08202317
    2    2
  0.25103816  0.00000000   -0.00417420  0.00702180    0.00041245  0.00000000
 -0.00417420 -0.00702180    0.30569502  0.00000000   -0.00417420 -0.00702180
  0.00041245  0.00000000   -0.00417420  0.00702180    0.25103816  0.00000000

     Dynamical  Matrix in cartesian axes

     q = (   -0.250000000   0.750000000  -0.750000000 ) 

    1    1
  0.30569502  0.00000000   -0.00417420  0.00702180    0.00417420 -0.00702180
 -0.00417420 -0.00702180    0.25103816  0.00000000   -0.00041245  0.00000000
  0.00417420  0.00702180   -0.00041245  0.00000000    0.25103816  0.00000000
    1    2
 -0.10048125  0.04844962   -0.03694808  0.03240254    0.03694808 -0.03240254
 -0.03694808  0.03240254   -0.08202317  0.04937136   -0.12191774 -0.03880155
  0.03694808 -0.03240254   -0.12191774 -0.03880155   -0.08202317  0.04937136
    2    1
 -0.10048125 -0.04844962   -0.03694808 -0.03240254    0.03694808  0.03240254
 -0.03694808 -0.03240254   -0.08202317 -0.04937136   -0.12191774  0.03880155
  0.03694808  0.03240254   -0.12191774  0.03880155   -0.08202317 -0.04937136
    2    2
  0.30569502  0.00000000   -0.00417420 -0.00702180    0.00417420  0.00702180
 -0.00417420  0.00702180    0.25103816  0.00000000   -0.00041245  0.00000000
  0.00417420 -0.00702180   -0.00041245  0.00000000    0.25103816  0.00000000

     Dynamical  Matrix in cartesian axes

     q = (   -0.750000000   0.750000000  -0.250000000 ) 

    1    1
  0.25103816  0.00000000   -0.00041245  0.00000000    0.00417420  0.00702180
 -0.00041245  0.00000000    0.25103816  0.00000000   -0.00417420 -0.00702180
  0.00417420 -0.00702180   -0.00417420  0.00702180    0.30569502  0.00000000
    1    2
 -0.08202317  0.04937136   -0.12191774 -0.03880155    0.03694808 -0.03240254
 -0.12191774 -0.03880155   -0.08202317  0.04937136   -0.03694808  0.03240254
  0.03694808 -0.03240254   -0.03694808  0.03240254   -0.10048125  0.04844962
    2    1
 -0.08202317 -0.04937136   -0.12191774  0.03880155    0.03694808  0.03240254
 -0.12191774  0.03880155   -0.08202317 -0.04937136   -0.03694808 -0.03240254
  0.03694808  0.03240254   -0.03694808 -0.03240254   -0.10048125 -0.04844962
    2    2
  0.25103816  0.00000000   -0.00041245  0.00000000    0.00417420 -0.00702180
 -0.00041245  0.00000000    0.25103816  0.00000000   -0.00417420  0.00702180
  0.00417420  0.00702180   -0.00417420 -0.00702180    0.30569502  0.00000000

     Dynamical  Matrix in cartesian axes

     q = (    0.750000000   0.250000000   0.750000000 ) 

    1    1
  0.25103816  0.00000000    0.00417420  0.00702180    0.00041245  0.00000000
  0.00417420 -0.00702180    0.30569502  0.00000000    0.00417420 -0.00702180
  0.00041245  0.00000000    0.00417420  0.00702180    0.25103816  0.00000000
    1    2
  0.08202317 -0.04937136   -0.03694808  0.03240254   -0.12191774 -0.03880155
 -0.03694808  0.03240254    0.10048125 -0.04844962   -0.03694808  0.03240254
 -0.12191774 -0.03880155   -0.03694808  0.03240254    0.08202317 -0.04937136
    2    1
  0.08202317  0.04937136   -0.03694808 -0.03240254   -0.12191774  0.03880155
 -0.03694808 -0.03240254    0.10048125  0.04844962   -0.03694808 -0.03240254
 -0.12191774  0.03880155   -0.03694808 -0.03240254    0.08202317  0.04937136
    2    2
  0.25103816  0.00000000    0.00417420 -0.00702180    0.00041245  0.00000000
  0.00417420  0.00702180    0.30569502  0.00000000    0.00417420  0.00702180
  0.00041245  0.00000000    0.00417420 -0.00702180    0.25103816  0.00000000

     Dynamical  Matrix in cartesian axes

     q = (   -0.750000000   0.250000000   0.750000000 ) 

    1    1
  0.25103816  0.00000000   -0.00417420  0.00702180   -0.00041245  0.00000000
 -0.00417420 -0.00702180    0.30569502  0.00000000    0.00417420  0.00702180
 -0.00041245  0.00000000    0.00417420 -0.00702180    0.25103816  0.00000000
    1    2
 -0.08202317 -0.04937136   -0.03694808 -0.03240254   -0.12191774  0.03880155
 -0.03694808 -0.03240254   -0.10048125 -0.04844962    0.03694808  0.03240254
 -0.12191774  0.03880155    0.03694808  0.03240254   -0.08202317 -0.04937136
    2    1
 -0.08202317  0.04937136   -0.03694808  0.03240254   -0.12191774 -0.03880155
 -0.03694808  0.03240254   -0.10048125  0.04844962    0.03694808 -0.03240254
 -0.12191774 -0.03880155    0.03694808 -0.03240254   -0.08202317  0.04937136
    2    2
  0.25103816  0.00000000   -0.00417420 -0.00702180   -0.00041245  0.00000000
 -0.00417420  0.00702180    0.30569502  0.00000000    0.00417420 -0.00702180
 -0.00041245  0.00000000    0.00417420  0.00702180    0.25103816  0.00000000

     Dynamical  Matrix in cartesian axes

     q = (    0.750000000   0.250000000  -0.750000000 ) 

    1    1
  0.25103816  0.00000000    0.00417420 -0.00702180   -0.00041245  0.00000000
  0.00417420  0.00702180    0.30569502  0.00000000   -0.00417420 -0.00702180
 -0.00041245  0.00000000   -0.00417420  0.00702180    0.25103816  0.00000000
    1    2
 -0.08202317 -0.04937136    0.03694808  0.03240254   -0.12191774  0.03880155
  0.03694808  0.03240254   -0.10048125 -0.04844962   -0.03694808 -0.03240254
 -0.12191774  0.03880155   -0.03694808 -0.03240254   -0.08202317 -0.04937136
    2    1
 -0.08202317  0.04937136    0.03694808 -0.03240254   -0.12191774 -0.03880155
  0.03694808 -0.03240254   -0.10048125  0.04844962   -0.03694808  0.03240254
 -0.12191774 -0.03880155   -0.03694808  0.03240254   -0.08202317  0.04937136
    2    2
  0.25103816  0.00000000    0.00417420  0.00702180   -0.00041245  0.00000000
  0.00417420 -0.00702180    0.30569502  0.00000000   -0.00417420  0.00702180
 -0.00041245  0.00000000   -0.00417420 -0.00702180    0.25103816  0.00000000

     Dynamical  Matrix in cartesian axes

     q = (   -0.750000000   0.750000000   0.250000000 ) 

    1    1
  0.25103816  0.00000000   -0.00041245  0.00000000   -0.00417420  0.00702180
 -0.00041245  0.00000000    0.25103816  0.00000000    0.00417420 -0.00702180
 -0.00417420 -0.00702180    0.00417420  0.00702180    0.30569502  0.00000000
    1    2
 -0.08202317 -0.04937136   -0.12191774  0.03880155   -0.03694808 -0.03240254
 -0.12191774  0.03880155   -0.08202317 -0.04937136    0.03694808  0.03240254
 -0.03694808 -0.03240254    0.03694808  0.03240254   -0.10048125 -0.04844962
    2    1
 -0.08202317  0.04937136   -0.12191774 -0.03880155   -0.03694808  0.03240254
 -0.12191774 -0.03880155   -0.08202317  0.04937136    0.03694808 -0.03240254
 -0.03694808  0.03240254    0.03694808 -0.03240254   -0.10048125  0.04844962
    2    2
  0.25103816  0.00000000   -0.00041245  0.00000000   -0.00417420 -0.00702180
 -0.00041245  0.00000000    0.25103816  0.00000000    0.00417420  0.00702180
 -0.00417420  0.00702180    0.00417420 -0.00702180    0.30569502  0.00000000

     Dynamical  Matrix in cartesian axes

     q = (   -0.250000000   0.750000000   0.750000000 ) 

    1    1
  0.30569502  0.00000000   -0.00417420 -0.00702180   -0.00417420 -0.00702180
 -0.00417420  0.00702180    0.25103816  0.00000000    0.00041245  0.00000000
 -0.00417420  0.00702180    0.00041245  0.00000000    0.25103816  0.00000000
    1    2
 -0.04844962  0.10048125   -0.03240254  0.03694808   -0.03240254  0.03694808
 -0.03240254  0.03694808   -0.04937136  0.08202317   -0.03880155 -0.12191774
 -0.03240254  0.03694808   -0.03880155 -0.12191774   -0.04937136  0.08202317
    2    1
 -0.04844962 -0.10048125   -0.03240254 -0.03694808   -0.03240254 -0.03694808
 -0.03240254 -0.03694808   -0.04937136 -0.08202317   -0.03880155  0.12191774
 -0.03240254 -0.03694808   -0.03880155  0.12191774   -0.04937136 -0.08202317
    2    2
  0.30569502  0.00000000   -0.00417420  0.00702180   -0.00417420  0.00702180
 -0.00417420 -0.00702180    0.25103816  0.00000000    0.00041245  0.00000000
 -0.00417420 -0.00702180    0.00041245  0.00000000    0.25103816  0.00000000

     Dynamical  Matrix in cartesian axes

     q = (    0.250000000   0.750000000  -0.750000000 ) 

    1    1
  0.30569502  0.00000000    0.00417420  0.00702180   -0.00417420 -0.00702180
  0.00417420 -0.00702180    0.25103816  0.00000000   -0.00041245  0.00000000
 -0.00417420  0.00702180   -0.00041245  0.00000000    0.25103816  0.00000000
    1    2
 -0.10048125 -0.04844962    0.03694808  0.03240254   -0.03694808 -0.03240254
  0.03694808  0.03240254   -0.08202317 -0.04937136   -0.12191774  0.03880155
 -0.03694808 -0.03240254   -0.12191774  0.03880155   -0.08202317 -0.04937136
    2    1
 -0.10048125  0.04844962    0.03694808 -0.03240254   -0.03694808  0.03240254
  0.03694808 -0.03240254   -0.08202317  0.04937136   -0.12191774 -0.03880155
 -0.03694808  0.03240254   -0.12191774 -0.03880155   -0.08202317  0.04937136
    2    2
  0.30569502  0.00000000    0.00417420 -0.00702180   -0.00417420  0.00702180
  0.00417420  0.00702180    0.25103816  0.00000000   -0.00041245  0.00000000
 -0.00417420 -0.00702180   -0.00041245  0.00000000    0.25103816  0.00000000

     Dynamical  Matrix in cartesian axes

     q = (   -0.250000000  -0.750000000  -0.750000000 ) 

    1    1
  0.30569502  0.00000000    0.00417420  0.00702180    0.00417420  0.00702180
  0.00417420 -0.00702180    0.25103816  0.00000000    0.00041245  0.00000000
  0.00417420 -0.00702180    0.00041245  0.00000000    0.25103816  0.00000000
    1    2
  0.10048125  0.04844962   -0.03694808 -0.03240254   -0.03694808 -0.03240254
 -0.03694808 -0.03240254    0.08202317  0.04937136   -0.12191774  0.03880155
 -0.03694808 -0.03240254   -0.12191774  0.03880155    0.08202317  0.04937136
    2    1
  0.10048125 -0.04844962   -0.03694808  0.03240254   -0.03694808  0.03240254
 -0.03694808  0.03240254    0.08202317 -0.04937136   -0.12191774 -0.03880155
 -0.03694808  0.03240254   -0.12191774 -0.03880155    0.08202317 -0.04937136
    2    2
  0.30569502  0.00000000    0.00417420 -0.00702180    0.00417420 -0.00702180
  0.00417420  0.00702180    0.25103816  0.00000000    0.00041245  0.00000000
  0.00417420  0.00702180    0.00041245  0.00000000    0.25103816  0.00000000

     Dynamical  Matrix in cartesian axes

     q = (    0.750000000   0.750000000  -0.250000000 ) 

    1    1
  0.25103816  0.00000000    0.00041245  0.00000000   -0.00417420  0.00702180
  0.00041245  0.00000000    0.25103816  0.00000000   -0.00417420  0.00702180
 -0.00417420 -0.00702180   -0.00417420 -0.00702180    0.30569502  0.00000000
    1    2
 -0.04937136  0.08202317   -0.03880155 -0.12191774   -0.03240254  0.03694808
 -0.03880155 -0.12191774   -0.04937136  0.08202317   -0.03240254  0.03694808
 -0.03240254  0.03694808   -0.03240254  0.03694808   -0.04844962  0.10048125
    2    1
 -0.04937136 -0.08202317   -0.03880155  0.12191774   -0.03240254 -0.03694808
 -0.03880155  0.12191774   -0.04937136 -0.08202317   -0.03240254 -0.03694808
 -0.03240254 -0.03694808   -0.03240254 -0.03694808   -0.04844962 -0.10048125
    2    2
  0.25103816  0.00000000    0.00041245  0.00000000   -0.00417420 -0.00702180
  0.00041245  0.00000000    0.25103816  0.00000000   -0.00417420 -0.00702180
 -0.00417420  0.00702180   -0.00417420  0.00702180    0.30569502  0.00000000

     Dynamical  Matrix in cartesian axes

     q = (    0.750000000  -0.750000000   0.250000000 ) 

    1    1
  0.25103816  0.00000000   -0.00041245  0.00000000    0.00417420 -0.00702180
 -0.00041245  0.00000000    0.25103816  0.00000000   -0.00417420  0.00702180
  0.00417420  0.00702180   -0.00417420 -0.00702180    0.30569502  0.00000000
    1    2
 -0.08202317 -0.04937136   -0.12191774  0.03880155    0.03694808  0.03240254
 -0.12191774  0.03880155   -0.08202317 -0.04937136   -0.03694808 -0.03240254
  0.03694808  0.03240254   -0.03694808 -0.03240254   -0.10048125 -0.04844962
    2    1
 -0.08202317  0.04937136   -0.12191774 -0.03880155    0.03694808 -0.03240254
 -0.12191774 -0.03880155   -0.08202317  0.04937136   -0.03694808  0.03240254
  0.03694808 -0.03240254   -0.03694808  0.03240254   -0.10048125  0.04844962
    2    2
  0.25103816  0.00000000   -0.00041245  0.00000000    0.00417420  0.00702180
 -0.00041245  0.00000000    0.25103816  0.00000000   -0.00417420 -0.00702180
  0.00417420 -0.00702180   -0.00417420  0.00702180    0.30569502  0.00000000

     Dynamical  Matrix in cartesian axes

     q = (   -0.750000000  -0.750000000  -0.250000000 ) 

    1    1
  0.25103816  0.00000000    0.00041245  0.00000000    0.00417420 -0.00702180
  0.00041245  0.00000000    0.25103816  0.00000000    0.00417420 -0.00702180
  0.00417420  0.00702180    0.00417420  0.00702180    0.30569502  0.00000000
    1    2
  0.08202317  0.04937136   -0.12191774  0.03880155   -0.03694808 -0.03240254
 -0.12191774  0.03880155    0.08202317  0.04937136   -0.03694808 -0.03240254
 -0.03694808 -0.03240254   -0.03694808 -0.03240254    0.10048125  0.04844962
    2    1
  0.08202317 -0.04937136   -0.12191774 -0.03880155   -0.03694808  0.03240254
 -0.12191774 -0.03880155    0.08202317 -0.04937136   -0.03694808  0.03240254
 -0.03694808  0.03240254   -0.03694808  0.03240254    0.10048125 -0.04844962
    2    2
  0.25103816  0.00000000    0.00041245  0.00000000    0.00417420  0.00702180
  0.00041245  0.00000000    0.25103816  0.00000000    0.00417420  0.00702180
  0.00417420 -0.00702180    0.00417420 -0.00702180    0.30569502  0.00000000

     Dynamical  Matrix in cartesian axes

     q = (    0.250000000  -0.750000000   0.750000000 ) 

    1    1
  0.30569502  0.00000000   -0.00417420 -0.00702180    0.00417420  0.00702180
 -0.00417420  0.00702180    0.25103816  0.00000000   -0.00041245  0.00000000
  0.00417420 -0.00702180   -0.00041245  0.00000000    0.25103816  0.00000000
    1    2
 -0.10048125 -0.04844962   -0.03694808 -0.03240254    0.03694808  0.03240254
 -0.03694808 -0.03240254   -0.08202317 -0.04937136   -0.12191774  0.03880155
  0.03694808  0.03240254   -0.12191774  0.03880155   -0.08202317 -0.04937136
    2    1
 -0.10048125  0.04844962   -0.03694808  0.03240254    0.03694808 -0.03240254
 -0.03694808  0.03240254   -0.08202317  0.04937136   -0.12191774 -0.03880155
  0.03694808 -0.03240254   -0.12191774 -0.03880155   -0.08202317  0.04937136
    2    2
  0.30569502  0.00000000   -0.00417420  0.00702180    0.00417420 -0.00702180
 -0.00417420 -0.00702180    0.25103816  0.00000000   -0.00041245  0.00000000
  0.00417420  0.00702180   -0.00041245  0.00000000    0.25103816  0.00000000

     Dynamical  Matrix in cartesian axes

     q = (   -0.750000000  -0.750000000   0.250000000 ) 

    1    1
  0.25103816  0.00000000    0.00041245  0.00000000   -0.00417420 -0.00702180
  0.00041245  0.00000000    0.25103816  0.00000000   -0.00417420 -0.00702180
 -0.00417420  0.00702180   -0.00417420  0.00702180    0.30569502  0.00000000
    1    2
 -0.04937136 -0.08202317   -0.03880155  0.12191774   -0.03240254 -0.03694808
 -0.03880155  0.12191774   -0.04937136 -0.08202317   -0.03240254 -0.03694808
 -0.03240254 -0.03694808   -0.03240254 -0.03694808   -0.04844962 -0.10048125
    2    1
 -0.04937136  0.08202317   -0.03880155 -0.12191774   -0.03240254  0.03694808
 -0.03880155 -0.12191774   -0.04937136  0.08202317   -0.03240254  0.03694808
 -0.03240254  0.03694808   -0.03240254  0.03694808   -0.04844962  0.10048125
    2    2
  0.25103816  0.00000000    0.00041245  0.00000000   -0.00417420  0.00702180
  0.00041245  0.00000000    0.25103816  0.00000000   -0.00417420  0.00702180
 -0.00417420 -0.00702180   -0.00417420 -0.00702180    0.30569502  0.00000000

     Dynamical  Matrix in cartesian axes

     q = (    0.250000000   0.750000000   0.750000000 ) 

    1    1
  0.30569502  0.00000000    0.00417420 -0.00702180    0.00417420 -0.00702180
  0.00417420  0.00702180    0.25103816  0.00000000    0.00041245  0.00000000
  0.00417420  0.00702180    0.00041245  0.00000000    0.25103816  0.00000000
    1    2
  0.10048125 -0.04844962   -0.03694808  0.03240254   -0.03694808  0.03240254
 -0.03694808  0.03240254    0.08202317 -0.04937136   -0.12191774 -0.03880155
 -0.03694808  0.03240254   -0.12191774 -0.03880155    0.08202317 -0.04937136
    2    1
  0.10048125  0.04844962   -0.03694808 -0.03240254   -0.03694808 -0.03240254
 -0.03694808 -0.03240254    0.08202317  0.04937136   -0.12191774  0.03880155
 -0.03694808 -0.03240254   -0.12191774  0.03880155    0.08202317  0.04937136
    2    2
  0.30569502  0.00000000    0.00417420  0.00702180    0.00417420  0.00702180
  0.00417420 -0.00702180    0.25103816  0.00000000    0.00041245  0.00000000
  0.00417420 -0.00702180    0.00041245  0.00000000    0.25103816  0.00000000

     Dynamical  Matrix in cartesian axes

     q = (   -0.250000000  -0.750000000   0.750000000 ) 

    1    1
  0.30569502  0.00000000    0.00417420 -0.00702180   -0.00417420  0.00702180
  0.00417420  0.00702180    0.25103816  0.00000000   -0.00041245  0.00000000
 -0.00417420 -0.00702180   -0.00041245  0.00000000    0.25103816  0.00000000
    1    2
 -0.10048125  0.04844962    0.03694808 -0.03240254   -0.03694808  0.03240254
  0.03694808 -0.03240254   -0.08202317  0.04937136   -0.12191774 -0.03880155
 -0.03694808  0.03240254   -0.12191774 -0.03880155   -0.08202317  0.04937136
    2    1
 -0.10048125 -0.04844962    0.03694808  0.03240254   -0.03694808 -0.03240254
  0.03694808  0.03240254   -0.08202317 -0.04937136   -0.12191774  0.03880155
 -0.03694808 -0.03240254   -0.12191774  0.03880155   -0.08202317 -0.04937136
    2    2
  0.30569502  0.00000000    0.00417420  0.00702180   -0.00417420 -0.00702180
  0.00417420 -0.00702180    0.25103816  0.00000000   -0.00041245  0.00000000
 -0.00417420  0.00702180   -0.00041245  0.00000000    0.25103816  0.00000000

     Dynamical  Matrix in cartesian axes

     q = (    0.750000000   0.750000000   0.250000000 ) 

    1    1
  0.25103816  0.00000000    0.00041245  0.00000000    0.00417420  0.00702180
  0.00041245  0.00000000    0.25103816  0.00000000    0.00417420  0.00702180
  0.00417420 -0.00702180    0.00417420 -0.00702180    0.30569502  0.00000000
    1    2
  0.08202317 -0.04937136   -0.12191774 -0.03880155   -0.03694808  0.03240254
 -0.12191774 -0.03880155    0.08202317 -0.04937136   -0.03694808  0.03240254
 -0.03694808  0.03240254   -0.03694808  0.03240254    0.10048125 -0.04844962
    2    1
  0.08202317  0.04937136   -0.12191774  0.03880155   -0.03694808 -0.03240254
 -0.12191774  0.03880155    0.08202317  0.04937136   -0.03694808 -0.03240254
 -0.03694808 -0.03240254   -0.03694808 -0.03240254    0.10048125  0.04844962
    2    2
  0.25103816  0.00000000    0.00041245  0.00000000    0.00417420 -0.00702180
  0.00041245  0.00000000    0.25103816  0.00000000    0.00417420 -0.00702180
  0.00417420  0.00702180    0.00417420  0.00702180    0.30569502  0.00000000

     Dynamical  Matrix in cartesian axes

     q = (    0.250000000  -0.750000000  -0.750000000 ) 

    1    1
  0.30569502  0.00000000   -0.00417420  0.00702180   -0.00417420  0.00702180
 -0.00417420 -0.00702180    0.25103816  0.00000000    0.00041245  0.00000000
 -0.00417420 -0.00702180    0.00041245  0.00000000    0.25103816  0.00000000
    1    2
 -0.04844962 -0.10048125   -0.03240254 -0.03694808   -0.03240254 -0.03694808
 -0.03240254 -0.03694808   -0.04937136 -0.08202317   -0.03880155  0.12191774
 -0.03240254 -0.03694808   -0.03880155  0.12191774   -0.04937136 -0.08202317
    2    1
 -0.04844962  0.10048125   -0.03240254  0.03694808   -0.03240254  0.03694808
 -0.03240254  0.03694808   -0.04937136  0.08202317   -0.03880155 -0.12191774
 -0.03240254  0.03694808   -0.03880155 -0.12191774   -0.04937136  0.08202317
    2    2
  0.30569502  0.00000000   -0.00417420 -0.00702180   -0.00417420 -0.00702180
 -0.00417420  0.00702180    0.25103816  0.00000000    0.00041245  0.00000000
 -0.00417420  0.00702180    0.00041245  0.00000000    0.25103816  0.00000000

     Dynamical  Matrix in cartesian axes

     q = (    0.750000000  -0.750000000  -0.250000000 ) 

    1    1
  0.25103816  0.00000000   -0.00041245  0.00000000   -0.00417420 -0.00702180
 -0.00041245  0.00000000    0.25103816  0.00000000    0.00417420  0.00702180
 -0.00417420  0.00702180    0.00417420 -0.00702180    0.30569502  0.00000000
    1    2
 -0.08202317  0.04937136   -0.12191774 -0.03880155   -0.03694808  0.03240254
 -0.12191774 -0.03880155   -0.08202317  0.04937136    0.03694808 -0.03240254
 -0.03694808  0.03240254    0.03694808 -0.03240254   -0.10048125  0.04844962
    2    1
 -0.08202317 -0.04937136   -0.12191774  0.03880155   -0.03694808 -0.03240254
 -0.12191774  0.03880155   -0.08202317 -0.04937136    0.03694808  0.03240254
 -0.03694808 -0.03240254    0.03694808  0.03240254   -0.10048125 -0.04844962
    2    2
  0.25103816  0.00000000   -0.00041245  0.00000000   -0.00417420  0.00702180
 -0.00041245  0.00000000    0.25103816  0.00000000    0.00417420 -0.00702180
 -0.00417420 -0.00702180    0.00417420  0.00702180    0.30569502  0.00000000

     Diagonalizing the dynamical matrix

     q = (    0.750000000  -0.250000000   0.750000000 ) 

 **************************************************************************
     freq (    1) =       4.429715 [THz] =     147.759401 [cm-1]
 (  0.025879 -0.499330  0.000000 -0.000000 -0.025879  0.499330 ) 
 (  0.500000 -0.000000  0.000000  0.000000 -0.500000  0.000000 ) 
     freq (    2) =       6.807434 [THz] =     227.071549 [cm-1]
 ( -0.394048 -0.066406 -0.365123  0.217526 -0.394048 -0.066406 ) 
 ( -0.399604  0.000000 -0.323898 -0.275178 -0.399604  0.000000 ) 
     freq (    3) =       9.646934 [THz] =     321.787067 [cm-1]
 (  0.030906  0.334515 -0.478953 -0.211881  0.030906  0.334515 ) 
 (  0.335939  0.000000 -0.255046 -0.457429  0.335939  0.000000 ) 
     freq (    4) =      11.753713 [THz] =     392.061670 [cm-1]
 ( -0.253324 -0.306880  0.380471  0.196330 -0.253324 -0.306880 ) 
 (  0.397930  0.000000 -0.393617 -0.168432  0.397930  0.000000 ) 
     freq (    5) =      13.867383 [THz] =     462.566120 [cm-1]
 ( -0.025879  0.499330 -0.000000 -0.000000  0.025879 -0.499330 ) 
 (  0.500000  0.000000 -0.000000  0.000000 -0.500000  0.000000 ) 
     freq (    6) =      13.912684 [THz] =     464.077179 [cm-1]
 ( -0.255012 -0.063889 -0.518867  0.304223 -0.255012 -0.063889 ) 
 (  0.262893  0.000000  0.429378  0.421199  0.262893  0.000000 ) 
 **************************************************************************
