Dynamical matrix file
                                                                           
  1    2  2 10.3520000  0.0000000  0.0000000  0.0000000  0.0000000  0.0000000
           1  'Si  '    25598.822984527003     
    1    1      0.0000000000      0.0000000000      0.0000000000
    2    1      0.2500000000      0.2500000000      0.2500000000

     Dynamical  Matrix in cartesian axes

     q = (    0.750000000  -0.250000000   0.750000000 ) 

    1    1
  0.24263743  0.00000000   -0.00621002  0.00761379    0.00573647  0.00000000
 -0.00621002 -0.00761379    0.29361035  0.00000000   -0.00621002 -0.00761379
  0.00573647  0.00000000   -0.00621002  0.00761379    0.24263743  0.00000000
    1    2
 -0.05962623  0.06071933   -0.03991509  0.04226373   -0.04026220 -0.13217242
 -0.03991509  0.04226373   -0.05804487  0.07916220   -0.03991509  0.04226373
 -0.04026220 -0.13217242   -0.03991509  0.04226373   -0.05962623  0.06071933
    2    1
 -0.05962623 -0.06071933   -0.03991509 -0.04226373   -0.04026220  0.13217242
 -0.03991509 -0.04226373   -0.05804487 -0.07916220   -0.03991509 -0.04226373
 -0.04026220  0.13217242   -0.03991509 -0.04226373   -0.05962623 -0.06071933
    2    2
  0.24263743  0.00000000   -0.00621002 -0.00761379    0.00573647  0.00000000
 -0.00621002  0.00761379    0.29361035  0.00000000   -0.00621002  0.00761379
  0.00573647  0.00000000   -0.00621002 -0.00761379    0.24263743  0.00000000

     Dynamical  Matrix in cartesian axes

     q = (    0.750000000  -0.250000000  -0.750000000 ) 

    1    1
  0.24263743  0.00000000   -0.00621002 -0.00761379   -0.00573647  0.00000000
 -0.00621002  0.00761379    0.29361035  0.00000000    0.00621002 -0.00761379
 -0.00573647  0.00000000    0.00621002  0.00761379    0.24263743  0.00000000
    1    2
 -0.06071933  0.05962623   -0.04226373  0.03991509   -0.13217242 -0.04026220
 -0.04226373  0.03991509   -0.07916220  0.05804487    0.04226373 -0.03991509
 -0.13217242 -0.04026220    0.04226373 -0.03991509   -0.06071933  0.05962623
    2    1
 -0.06071933 -0.05962623   -0.04226373 -0.03991509   -0.13217242  0.04026220
 -0.04226373 -0.03991509   -0.07916220 -0.05804487    0.04226373  0.03991509
 -0.13217242  0.04026220    0.04226373  0.03991509   -0.06071933 -0.05962623
    2    2
  0.24263743  0.00000000   -0.00621002  0.00761379   -0.00573647  0.00000000
 -0.00621002 -0.00761379    0.29361035  0.00000000    0.00621002  0.00761379
 -0.00573647  0.00000000    0.00621002 -0.00761379    0.24263743  0.00000000

     Dynamical  Matrix in cartesian axes

     q = (   -0.750000000  -0.250000000  -0.750000000 ) 

    1    1
  0.24263743  0.00000000    0.00621002 -0.00761379    0.00573647  0.00000000
  0.00621002  0.00761379    0.29361035  0.00000000    0.00621002  0.00761379
  0.00573647  0.00000000    0.00621002 -0.00761379    0.24263743  0.00000000
    1    2
  0.06071933  0.05962623   -0.04226373 -0.03991509   -0.13217242  0.04026220
 -0.04226373 -0.03991509    0.07916220  0.05804487   -0.04226373 -0.03991509
 -0.13217242  0.04026220   -0.04226373 -0.03991509    0.06071933  0.05962623
    2    1
  0.06071933 -0.05962623   -0.04226373  0.03991509   -0.13217242 -0.04026220
 -0.04226373  0.03991509    0.07916220 -0.05804487   -0.04226373  0.03991509
 -0.13217242 -0.04026220   -0.04226373  0.03991509    0.06071933 -0.05962623
    2    2
  0.24263743  0.00000000    0.00621002  0.00761379    0.00573647  0.00000000
  0.00621002 -0.00761379    0.29361035  0.00000000    0.00621002 -0.00761379
  0.00573647  0.00000000    0.00621002  0.00761379    0.24263743  0.00000000

     Dynamical  Matrix in cartesian axes

     q = (   -0.750000000  -0.250000000   0.750000000 ) 

    1    1
  0.24263743  0.00000000    0.00621002  0.00761379   -0.00573647  0.00000000
  0.00621002 -0.00761379    0.29361035  0.00000000   -0.00621002  0.00761379
 -0.00573647  0.00000000   -0.00621002 -0.00761379    0.24263743  0.00000000
    1    2
 -0.06071933  0.05962623    0.04226373 -0.03991509   -0.13217242 -0.04026220
  0.04226373 -0.03991509   -0.07916220  0.05804487   -0.04226373  0.03991509
 -0.13217242 -0.04026220   -0.04226373  0.03991509   -0.06071933  0.05962623
    2    1
 -0.06071933 -0.05962623    0.04226373  0.03991509   -0.13217242  0.04026220
  0.04226373  0.03991509   -0.07916220 -0.05804487   -0.04226373 -0.03991509
 -0.13217242  0.04026220   -0.04226373 -0.03991509   -0.06071933 -0.05962623
    2    2
  0.24263743  0.00000000    0.00621002 -0.00761379   -0.00573647  0.00000000
  0.00621002  0.00761379    0.29361035  0.00000000   -0.00621002 -0.00761379
 -0.00573647  0.00000000   -0.00621002  0.00761379    0.24263743  0.00000000

     Dynamical  Matrix in cartesian axes

     q = (   -0.750000000   0.250000000  -0.750000000 ) 

    1    1
  0.24263743  0.00000000   -0.00621002 -0.00761379    0.00573647  0.00000000
 -0.00621002  0.00761379    0.29361035  0.00000000   -0.00621002  0.00761379
  0.00573647  0.00000000   -0.00621002 -0.00761379    0.24263743  0.00000000
    1    2
 -0.05962623 -0.06071933   -0.03991509 -0.04226373   -0.04026220  0.13217242
 -0.03991509 -0.04226373   -0.05804487 -0.07916220   -0.03991509 -0.04226373
 -0.04026220  0.13217242   -0.03991509 -0.04226373   -0.05962623 -0.06071933
    2    1
 -0.05962623  0.06071933   -0.03991509  0.04226373   -0.04026220 -0.13217242
 -0.03991509  0.04226373   -0.05804487  0.07916220   -0.03991509  0.04226373
 -0.04026220 -0.13217242   -0.03991509  0.04226373   -0.05962623  0.06071933
    2    2
  0.24263743  0.00000000   -0.00621002  0.00761379    0.00573647  0.00000000
 -0.00621002 -0.00761379    0.29361035  0.00000000   -0.00621002 -0.00761379
  0.00573647  0.00000000   -0.00621002  0.00761379    0.24263743  0.00000000

     Dynamical  Matrix in cartesian axes

     q = (   -0.250000000   0.750000000  -0.750000000 ) 

    1    1
  0.29361035  0.00000000   -0.00621002  0.00761379    0.00621002 -0.00761379
 -0.00621002 -0.00761379    0.24263743  0.00000000   -0.00573647  0.00000000
  0.00621002  0.00761379   -0.00573647  0.00000000    0.24263743  0.00000000
    1    2
 -0.07916220  0.05804487   -0.04226373  0.03991509    0.04226373 -0.03991509
 -0.04226373  0.03991509   -0.06071933  0.05962623   -0.13217242 -0.04026220
  0.04226373 -0.03991509   -0.13217242 -0.04026220   -0.06071933  0.05962623
    2    1
 -0.07916220 -0.05804487   -0.04226373 -0.03991509    0.04226373  0.03991509
 -0.04226373 -0.03991509   -0.06071933 -0.05962623   -0.13217242  0.04026220
  0.04226373  0.03991509   -0.13217242  0.04026220   -0.06071933 -0.05962623
    2    2
  0.29361035  0.00000000   -0.00621002 -0.00761379    0.00621002  0.00761379
 -0.00621002  0.00761379    0.24263743  0.00000000   -0.00573647  0.00000000
  0.00621002 -0.00761379   -0.00573647  0.00000000    0.24263743  0.00000000

     Dynamical  Matrix in cartesian axes

     q = (   -0.750000000   0.750000000  -0.250000000 ) 

    1    1
  0.24263743  0.00000000   -0.00573647  0.00000000    0.00621002  0.00761379
 -0.00573647  0.00000000    0.24263743  0.00000000   -0.00621002 -0.00761379
  0.00621002 -0.00761379   -0.00621002  0.00761379    0.29361035  0.00000000
    1    2
 -0.06071933  0.05962623   -0.13217242 -0.04026220    0.04226373 -0.03991509
 -0.13217242 -0.04026220   -0.06071933  0.05962623   -0.04226373  0.03991509
  0.04226373 -0.03991509   -0.04226373  0.03991509   -0.07916220  0.05804487
    2    1
 -0.06071933 -0.05962623   -0.13217242  0.04026220    0.04226373  0.03991509
 -0.13217242  0.04026220   -0.06071933 -0.05962623   -0.04226373 -0.03991509
  0.04226373  0.03991509   -0.04226373 -0.03991509   -0.07916220 -0.05804487
    2    2
  0.24263743  0.00000000   -0.00573647  0.00000000    0.00621002 -0.00761379
 -0.00573647  0.00000000    0.24263743  0.00000000   -0.00621002  0.00761379
  0.00621002  0.00761379   -0.00621002 -0.00761379    0.29361035  0.00000000

     Dynamical  Matrix in cartesian axes

     q = (    0.750000000   0.250000000   0.750000000 ) 

    1    1
  0.24263743  0.00000000    0.00621002  0.00761379    0.00573647  0.00000000
  0.00621002 -0.00761379    0.29361035  0.00000000    0.00621002 -0.00761379
  0.00573647  0.00000000    0.00621002  0.00761379    0.24263743  0.00000000
    1    2
  0.06071933 -0.05962623   -0.04226373  0.03991509   -0.13217242 -0.04026220
 -0.04226373  0.03991509    0.07916220 -0.05804487   -0.04226373  0.03991509
 -0.13217242 -0.04026220   -0.04226373  0.03991509    0.06071933 -0.05962623
    2    1
  0.06071933  0.05962623   -0.04226373 -0.03991509   -0.13217242  0.04026220
 -0.04226373 -0.03991509    0.07916220  0.05804487   -0.04226373 -0.03991509
 -0.13217242  0.04026220   -0.04226373 -0.03991509    0.06071933  0.05962623
    2    2
  0.24263743  0.00000000    0.00621002 -0.00761379    0.00573647  0.00000000
  0.00621002  0.00761379    0.29361035  0.00000000    0.00621002  0.00761379
  0.00573647  0.00000000    0.00621002 -0.00761379    0.24263743  0.00000000

     Dynamical  Matrix in cartesian axes

     q = (   -0.750000000   0.250000000   0.750000000 ) 

    1    1
  0.24263743  0.00000000   -0.00621002  0.00761379   -0.00573647  0.00000000
 -0.00621002 -0.00761379    0.29361035  0.00000000    0.00621002  0.00761379
 -0.00573647  0.00000000    0.00621002 -0.00761379    0.24263743  0.00000000
    1    2
 -0.06071933 -0.05962623   -0.04226373 -0.03991509   -0.13217242  0.04026220
 -0.04226373 -0.03991509   -0.07916220 -0.05804487    0.04226373  0.03991509
 -0.13217242  0.04026220    0.04226373  0.03991509   -0.06071933 -0.05962623
    2    1
 -0.06071933  0.05962623   -0.04226373  0.03991509   -0.13217242 -0.04026220
 -0.04226373  0.03991509   -0.07916220  0.05804487    0.04226373 -0.03991509
 -0.13217242 -0.04026220    0.04226373 -0.03991509   -0.06071933  0.05962623
    2    2
  0.24263743  0.00000000   -0.00621002 -0.00761379   -0.00573647  0.00000000
 -0.00621002  0.00761379    0.29361035  0.00000000    0.00621002 -0.00761379
 -0.00573647  0.00000000    0.00621002  0.00761379    0.24263743  0.00000000

     Dynamical  Matrix in cartesian axes

     q = (    0.750000000   0.250000000  -0.750000000 ) 

    1    1
  0.24263743  0.00000000    0.00621002 -0.00761379   -0.00573647  0.00000000
  0.00621002  0.00761379    0.29361035  0.00000000   -0.00621002 -0.00761379
 -0.00573647  0.00000000   -0.00621002  0.00761379    0.24263743  0.00000000
    1    2
 -0.06071933 -0.05962623    0.04226373  0.03991509   -0.13217242  0.04026220
  0.04226373  0.03991509   -0.07916220 -0.05804487   -0.04226373 -0.03991509
 -0.13217242  0.04026220   -0.04226373 -0.03991509   -0.06071933 -0.05962623
    2    1
 -0.06071933  0.05962623    0.04226373 -0.03991509   -0.13217242 -0.04026220
  0.04226373 -0.03991509   -0.07916220  0.05804487   -0.04226373  0.03991509
 -0.13217242 -0.04026220   -0.04226373  0.03991509   -0.06071933  0.05962623
    2    2
  0.24263743  0.00000000    0.00621002  0.00761379   -0.00573647  0.00000000
  0.00621002 -0.00761379    0.29361035  0.00000000   -0.00621002  0.00761379
 -0.00573647  0.00000000   -0.00621002 -0.00761379    0.24263743  0.00000000

     Dynamical  Matrix in cartesian axes

     q = (   -0.750000000   0.750000000   0.250000000 ) 

    1    1
  0.24263743  0.00000000   -0.00573647  0.00000000   -0.00621002  0.00761379
 -0.00573647  0.00000000    0.24263743  0.00000000    0.00621002 -0.00761379
 -0.00621002 -0.00761379    0.00621002  0.00761379    0.29361035  0.00000000
    1    2
 -0.06071933 -0.05962623   -0.13217242  0.04026220   -0.04226373 -0.03991509
 -0.13217242  0.04026220   -0.06071933 -0.05962623    0.04226373  0.03991509
 -0.04226373 -0.03991509    0.04226373  0.03991509   -0.07916220 -0.05804487
    2    1
 -0.06071933  0.05962623   -0.13217242 -0.04026220   -0.04226373  0.03991509
 -0.13217242 -0.04026220   -0.06071933  0.05962623    0.04226373 -0.03991509
 -0.04226373  0.03991509    0.04226373 -0.03991509   -0.07916220  0.05804487
    2    2
  0.24263743  0.00000000   -0.00573647  0.00000000   -0.00621002 -0.00761379
 -0.00573647  0.00000000    0.24263743  0.00000000    0.00621002  0.00761379
 -0.00621002  0.00761379    0.00621002 -0.00761379    0.29361035  0.00000000

     Dynamical  Matrix in cartesian axes

     q = (   -0.250000000   0.750000000   0.750000000 ) 

    1    1
  0.29361035  0.00000000   -0.00621002 -0.00761379   -0.00621002 -0.00761379
 -0.00621002  0.00761379    0.24263743  0.00000000    0.00573647  0.00000000
 -0.00621002  0.00761379    0.00573647  0.00000000    0.24263743  0.00000000
    1    2
 -0.05804487  0.07916220   -0.03991509  0.04226373   -0.03991509  0.04226373
 -0.03991509  0.04226373   -0.05962623  0.06071933   -0.04026220 -0.13217242
 -0.03991509  0.04226373   -0.04026220 -0.13217242   -0.05962623  0.06071933
    2    1
 -0.05804487 -0.07916220   -0.03991509 -0.04226373   -0.03991509 -0.04226373
 -0.03991509 -0.04226373   -0.05962623 -0.06071933   -0.04026220  0.13217242
 -0.03991509 -0.04226373   -0.04026220  0.13217242   -0.05962623 -0.06071933
    2    2
  0.29361035  0.00000000   -0.00621002  0.00761379   -0.00621002  0.00761379
 -0.00621002 -0.00761379    0.24263743  0.00000000    0.00573647  0.00000000
 -0.00621002 -0.00761379    0.00573647  0.00000000    0.24263743  0.00000000

     Dynamical  Matrix in cartesian axes

     q = (    0.250000000   0.750000000  -0.750000000 ) 

    1    1
  0.29361035  0.00000000    0.00621002  0.00761379   -0.00621002 -0.00761379
  0.00621002 -0.00761379    0.24263743  0.00000000   -0.00573647  0.00000000
 -0.00621002  0.00761379   -0.00573647  0.00000000    0.24263743  0.00000000
    1    2
 -0.07916220 -0.05804487    0.04226373  0.03991509   -0.04226373 -0.03991509
  0.04226373  0.03991509   -0.06071933 -0.05962623   -0.13217242  0.04026220
 -0.04226373 -0.03991509   -0.13217242  0.04026220   -0.06071933 -0.05962623
    2    1
 -0.07916220  0.05804487    0.04226373 -0.03991509   -0.04226373  0.03991509
  0.04226373 -0.03991509   -0.06071933  0.05962623   -0.13217242 -0.04026220
 -0.04226373  0.03991509   -0.13217242 -0.04026220   -0.06071933  0.05962623
    2    2
  0.29361035  0.00000000    0.00621002 -0.00761379   -0.00621002  0.00761379
  0.00621002  0.00761379    0.24263743  0.00000000   -0.00573647  0.00000000
 -0.00621002 -0.00761379   -0.00573647  0.00000000    0.24263743  0.00000000

     Dynamical  Matrix in cartesian axes

     q = (   -0.250000000  -0.750000000  -0.750000000 ) 

    1    1
  0.29361035  0.00000000    0.00621002  0.00761379    0.00621002  0.00761379
  0.00621002 -0.00761379    0.24263743  0.00000000    0.00573647  0.00000000
  0.00621002 -0.00761379    0.00573647  0.00000000    0.24263743  0.00000000
    1    2
  0.07916220  0.05804487   -0.04226373 -0.03991509   -0.04226373 -0.03991509
 -0.04226373 -0.03991509    0.06071933  0.05962623   -0.13217242  0.04026220
 -0.04226373 -0.03991509   -0.13217242  0.04026220    0.06071933  0.05962623
    2    1
  0.07916220 -0.05804487   -0.04226373  0.03991509   -0.04226373  0.03991509
 -0.04226373  0.03991509    0.06071933 -0.05962623   -0.13217242 -0.04026220
 -0.04226373  0.03991509   -0.13217242 -0.04026220    0.06071933 -0.05962623
    2    2
  0.29361035  0.00000000    0.00621002 -0.00761379    0.00621002 -0.00761379
  0.00621002  0.00761379    0.24263743  0.00000000    0.00573647  0.00000000
  0.00621002  0.00761379    0.00573647  0.00000000    0.24263743  0.00000000

     Dynamical  Matrix in cartesian axes

     q = (    0.750000000   0.750000000  -0.250000000 ) 

    1    1
  0.24263743  0.00000000    0.00573647  0.00000000   -0.00621002  0.00761379
  0.00573647  0.00000000    0.24263743  0.00000000   -0.00621002  0.00761379
 -0.00621002 -0.00761379   -0.00621002 -0.00761379    0.29361035  0.00000000
    1    2
 -0.05962623  0.06071933   -0.04026220 -0.13217242   -0.03991509  0.04226373
 -0.04026220 -0.13217242   -0.05962623  0.06071933   -0.03991509  0.04226373
 -0.03991509  0.04226373   -0.03991509  0.04226373   -0.05804487  0.07916220
    2    1
 -0.05962623 -0.06071933   -0.04026220  0.13217242   -0.03991509 -0.04226373
 -0.04026220  0.13217242   -0.05962623 -0.06071933   -0.03991509 -0.04226373
 -0.03991509 -0.04226373   -0.03991509 -0.04226373   -0.05804487 -0.07916220
    2    2
  0.24263743  0.00000000    0.00573647  0.00000000   -0.00621002 -0.00761379
  0.00573647  0.00000000    0.24263743  0.00000000   -0.00621002 -0.00761379
 -0.00621002  0.00761379   -0.00621002  0.00761379    0.29361035  0.00000000

     Dynamical  Matrix in cartesian axes

     q = (    0.750000000  -0.750000000   0.250000000 ) 

    1    1
  0.24263743  0.00000000   -0.00573647  0.00000000    0.00621002 -0.00761379
 -0.00573647  0.00000000    0.24263743  0.00000000   -0.00621002  0.00761379
  0.00621002  0.00761379   -0.00621002 -0.00761379    0.29361035  0.00000000
    1    2
 -0.06071933 -0.05962623   -0.13217242  0.04026220    0.04226373  0.03991509
 -0.13217242  0.04026220   -0.06071933 -0.05962623   -0.04226373 -0.03991509
  0.04226373  0.03991509   -0.04226373 -0.03991509   -0.07916220 -0.05804487
    2    1
 -0.06071933  0.05962623   -0.13217242 -0.04026220    0.04226373 -0.03991509
 -0.13217242 -0.04026220   -0.06071933  0.05962623   -0.04226373  0.03991509
  0.04226373 -0.03991509   -0.04226373  0.03991509   -0.07916220  0.05804487
    2    2
  0.24263743  0.00000000   -0.00573647  0.00000000    0.00621002  0.00761379
 -0.00573647  0.00000000    0.24263743  0.00000000   -0.00621002 -0.00761379
  0.00621002 -0.00761379   -0.00621002  0.00761379    0.29361035  0.00000000

     Dynamical  Matrix in cartesian axes

     q = (   -0.750000000  -0.750000000  -0.250000000 ) 

    1    1
  0.24263743  0.00000000    0.00573647  0.00000000    0.00621002 -0.00761379
  0.00573647  0.00000000    0.24263743  0.00000000    0.00621002 -0.00761379
  0.00621002  0.00761379    0.00621002  0.00761379    0.29361035  0.00000000
    1    2
  0.06071933  0.05962623   -0.13217242  0.04026220   -0.04226373 -0.03991509
 -0.13217242  0.04026220    0.06071933  0.05962623   -0.04226373 -0.03991509
 -0.04226373 -0.03991509   -0.04226373 -0.03991509    0.07916220  0.05804487
    2    1
  0.06071933 -0.05962623   -0.13217242 -0.04026220   -0.04226373  0.03991509
 -0.13217242 -0.04026220    0.06071933 -0.05962623   -0.04226373  0.03991509
 -0.04226373  0.03991509   -0.04226373  0.03991509    0.07916220 -0.05804487
    2    2
  0.24263743  0.00000000    0.00573647  0.00000000    0.00621002  0.00761379
  0.00573647  0.00000000    0.24263743  0.00000000    0.00621002  0.00761379
  0.00621002 -0.00761379    0.00621002 -0.00761379    0.29361035  0.00000000

     Dynamical  Matrix in cartesian axes

     q = (    0.250000000  -0.750000000   0.750000000 ) 

    1    1
  0.29361035  0.00000000   -0.00621002 -0.00761379    0.00621002  0.00761379
 -0.00621002  0.00761379    0.24263743  0.00000000   -0.00573647  0.00000000
  0.00621002 -0.00761379   -0.00573647  0.00000000    0.24263743  0.00000000
    1    2
 -0.07916220 -0.05804487   -0.04226373 -0.03991509    0.04226373  0.03991509
 -0.04226373 -0.03991509   -0.06071933 -0.05962623   -0.13217242  0.04026220
  0.04226373  0.03991509   -0.13217242  0.04026220   -0.06071933 -0.05962623
    2    1
 -0.07916220  0.05804487   -0.04226373  0.03991509    0.04226373 -0.03991509
 -0.04226373  0.03991509   -0.06071933  0.05962623   -0.13217242 -0.04026220
  0.04226373 -0.03991509   -0.13217242 -0.04026220   -0.06071933  0.05962623
    2    2
  0.29361035  0.00000000   -0.00621002  0.00761379    0.00621002 -0.00761379
 -0.00621002 -0.00761379    0.24263743  0.00000000   -0.00573647  0.00000000
  0.00621002  0.00761379   -0.00573647  0.00000000    0.24263743  0.00000000

     Dynamical  Matrix in cartesian axes

     q = (   -0.750000000  -0.750000000   0.250000000 ) 

    1    1
  0.24263743  0.00000000    0.00573647  0.00000000   -0.00621002 -0.00761379
  0.00573647  0.00000000    0.24263743  0.00000000   -0.00621002 -0.00761379
 -0.00621002  0.00761379   -0.00621002  0.00761379    0.29361035  0.00000000
    1    2
 -0.05962623 -0.06071933   -0.04026220  0.13217242   -0.03991509 -0.04226373
 -0.04026220  0.13217242   -0.05962623 -0.06071933   -0.03991509 -0.04226373
 -0.03991509 -0.04226373   -0.03991509 -0.04226373   -0.05804487 -0.07916220
    2    1
 -0.05962623  0.06071933   -0.04026220 -0.13217242   -0.03991509  0.04226373
 -0.04026220 -0.13217242   -0.05962623  0.06071933   -0.03991509  0.04226373
 -0.03991509  0.04226373   -0.03991509  0.04226373   -0.05804487  0.07916220
    2    2
  0.24263743  0.00000000    0.00573647  0.00000000   -0.00621002  0.00761379
  0.00573647  0.00000000    0.24263743  0.00000000   -0.00621002  0.00761379
 -0.00621002 -0.00761379   -0.00621002 -0.00761379    0.29361035  0.00000000

     Dynamical  Matrix in cartesian axes

     q = (    0.250000000   0.750000000   0.750000000 ) 

    1    1
  0.29361035  0.00000000    0.00621002 -0.00761379    0.00621002 -0.00761379
  0.00621002  0.00761379    0.24263743  0.00000000    0.00573647  0.00000000
  0.00621002  0.00761379    0.00573647  0.00000000    0.24263743  0.00000000
    1    2
  0.07916220 -0.05804487   -0.04226373  0.03991509   -0.04226373  0.03991509
 -0.04226373  0.03991509    0.06071933 -0.05962623   -0.13217242 -0.04026220
 -0.04226373  0.03991509   -0.13217242 -0.04026220    0.06071933 -0.05962623
    2    1
  0.07916220  0.05804487   -0.04226373 -0.03991509   -0.04226373 -0.03991509
 -0.04226373 -0.03991509    0.06071933  0.05962623   -0.13217242  0.04026220
 -0.04226373 -0.03991509   -0.13217242  0.04026220    0.06071933  0.05962623
    2    2
  0.29361035  0.00000000    0.00621002  0.00761379    0.00621002  0.00761379
  0.00621002 -0.00761379    0.24263743  0.00000000    0.00573647  0.00000000
  0.00621002 -0.00761379    0.00573647  0.00000000    0.24263743  0.00000000

     Dynamical  Matrix in cartesian axes

     q = (   -0.250000000  -0.750000000   0.750000000 ) 

    1    1
  0.29361035  0.00000000    0.00621002 -0.00761379   -0.00621002  0.00761379
  0.00621002  0.00761379    0.24263743  0.00000000   -0.00573647  0.00000000
 -0.00621002 -0.00761379   -0.00573647  0.00000000    0.24263743  0.00000000
    1    2
 -0.07916220  0.05804487    0.04226373 -0.03991509   -0.04226373  0.03991509
  0.04226373 -0.03991509   -0.06071933  0.05962623   -0.13217242 -0.04026220
 -0.04226373  0.03991509   -0.13217242 -0.04026220   -0.06071933  0.05962623
    2    1
 -0.07916220 -0.05804487    0.04226373  0.03991509   -0.04226373 -0.03991509
  0.04226373  0.03991509   -0.06071933 -0.05962623   -0.13217242  0.04026220
 -0.04226373 -0.03991509   -0.13217242  0.04026220   -0.06071933 -0.05962623
    2    2
  0.29361035  0.00000000    0.00621002  0.00761379   -0.00621002 -0.00761379
  0.00621002 -0.00761379    0.24263743  0.00000000   -0.00573647  0.00000000
 -0.00621002  0.00761379   -0.00573647  0.00000000    0.24263743  0.00000000

     Dynamical  Matrix in cartesian axes

     q = (    0.750000000   0.750000000   0.250000000 ) 

    1    1
  0.24263743  0.00000000    0.00573647  0.00000000    0.00621002  0.00761379
  0.00573647  0.00000000    0.24263743  0.00000000    0.00621002  0.00761379
  0.00621002 -0.00761379    0.00621002 -0.00761379    0.29361035  0.00000000
    1    2
  0.06071933 -0.05962623   -0.13217242 -0.04026220   -0.04226373  0.03991509
 -0.13217242 -0.04026220    0.06071933 -0.05962623   -0.04226373  0.03991509
 -0.04226373  0.03991509   -0.04226373  0.03991509    0.07916220 -0.05804487
    2    1
  0.06071933  0.05962623   -0.13217242  0.04026220   -0.04226373 -0.03991509
 -0.13217242  0.04026220    0.06071933  0.05962623   -0.04226373 -0.03991509
 -0.04226373 -0.03991509   -0.04226373 -0.03991509    0.07916220  0.05804487
    2    2
  0.24263743  0.00000000    0.00573647  0.00000000    0.00621002 -0.00761379
  0.00573647  0.00000000    0.24263743  0.00000000    0.00621002 -0.00761379
  0.00621002  0.00761379    0.00621002  0.00761379    0.29361035  0.00000000

     Dynamical  Matrix in cartesian axes

     q = (    0.250000000  -0.750000000  -0.750000000 ) 

    1    1
  0.29361035  0.00000000   -0.00621002  0.00761379   -0.00621002  0.00761379
 -0.00621002 -0.00761379    0.24263743  0.00000000    0.00573647  0.00000000
 -0.00621002 -0.00761379    0.00573647  0.00000000    0.24263743  0.00000000
    1    2
 -0.05804487 -0.07916220   -0.03991509 -0.04226373   -0.03991509 -0.04226373
 -0.03991509 -0.04226373   -0.05962623 -0.06071933   -0.04026220  0.13217242
 -0.03991509 -0.04226373   -0.04026220  0.13217242   -0.05962623 -0.06071933
    2    1
 -0.05804487  0.07916220   -0.03991509  0.04226373   -0.03991509  0.04226373
 -0.03991509  0.04226373   -0.05962623  0.06071933   -0.04026220 -0.13217242
 -0.03991509  0.04226373   -0.04026220 -0.13217242   -0.05962623  0.06071933
    2    2
  0.29361035  0.00000000   -0.00621002 -0.00761379   -0.00621002 -0.00761379
 -0.00621002  0.00761379    0.24263743  0.00000000    0.00573647  0.00000000
 -0.00621002  0.00761379    0.00573647  0.00000000    0.24263743  0.00000000

     Dynamical  Matrix in cartesian axes

     q = (    0.750000000  -0.750000000  -0.250000000 ) 

    1    1
  0.24263743  0.00000000   -0.00573647  0.00000000   -0.00621002 -0.00761379
 -0.00573647  0.00000000    0.24263743  0.00000000    0.00621002  0.00761379
 -0.00621002  0.00761379    0.00621002 -0.00761379    0.29361035  0.00000000
    1    2
 -0.06071933  0.05962623   -0.13217242 -0.04026220   -0.04226373  0.03991509
 -0.13217242 -0.04026220   -0.06071933  0.05962623    0.04226373 -0.03991509
 -0.04226373  0.03991509    0.04226373 -0.03991509   -0.07916220  0.05804487
    2    1
 -0.06071933 -0.05962623   -0.13217242  0.04026220   -0.04226373 -0.03991509
 -0.13217242  0.04026220   -0.06071933 -0.05962623    0.04226373  0.03991509
 -0.04226373 -0.03991509    0.04226373  0.03991509   -0.07916220 -0.05804487
    2    2
  0.24263743  0.00000000   -0.00573647  0.00000000   -0.00621002  0.00761379
 -0.00573647  0.00000000    0.24263743  0.00000000    0.00621002 -0.00761379
 -0.00621002 -0.00761379    0.00621002  0.00761379    0.29361035  0.00000000

     Diagonalizing the dynamical matrix

     q = (    0.750000000  -0.250000000   0.750000000 ) 

 **************************************************************************
     freq (    1) =       4.265792 [THz] =     142.291490 [cm-1]
 (  0.049943 -0.497499  0.000000 -0.000000 -0.049943  0.497499 ) 
 (  0.500000 -0.000000  0.000000 -0.000000 -0.500000  0.000000 ) 
     freq (    2) =       5.889073 [THz] =     196.438328 [cm-1]
 ( -0.391623 -0.159062 -0.344747  0.154311 -0.391623 -0.159062 ) 
 ( -0.422692  0.000000 -0.261338 -0.272699 -0.422692  0.000000 ) 
     freq (    3) =       9.312642 [THz] =     310.636305 [cm-1]
 (  0.110484 -0.291432  0.385995  0.395890  0.110484 -0.291432 ) 
 ( -0.311672 -0.000000  0.233351  0.501267 -0.311672  0.000000 ) 
     freq (    4) =      11.993106 [THz] =     400.046953 [cm-1]
 (  0.088293  0.319134 -0.404292 -0.342438  0.088293  0.319134 ) 
 ( -0.331123 -0.000000  0.437843  0.298344 -0.331123  0.000000 ) 
     freq (    5) =      13.495340 [THz] =     450.156104 [cm-1]
 (  0.049943 -0.497499 -0.000000  0.000000 -0.049943  0.497499 ) 
 ( -0.500000 -0.000000  0.000000  0.000000  0.500000  0.000000 ) 
     freq (    6) =      13.894446 [THz] =     463.468831 [cm-1]
 ( -0.300974 -0.154803 -0.470638  0.222263 -0.300974 -0.154803 ) 
 (  0.338452  0.000000  0.316864  0.412914  0.338452 -0.000000 ) 
 **************************************************************************
