Dynamical matrix file
                                                                           
  1    2  2 10.3520000  0.0000000  0.0000000  0.0000000  0.0000000  0.0000000
           1  'Si  '    25598.822984527003     
    1    1      0.0000000000      0.0000000000      0.0000000000
    2    1      0.2500000000      0.2500000000      0.2500000000

     Dynamical  Matrix in cartesian axes

     q = (   -0.250000000   0.250000000  -0.250000000 ) 

    1    1
  0.26626119  0.00000000   -0.01162267  0.00000000    0.01162267  0.00000000
 -0.01162267  0.00000000    0.26626119  0.00000000   -0.01162267  0.00000000
  0.01162267  0.00000000   -0.01162267  0.00000000    0.26626119  0.00000000
    1    2
 -0.19837552 -0.05749716   -0.03703494  0.03877551    0.03703494 -0.03877551
 -0.03703494  0.03877551   -0.19837552 -0.05749716   -0.03703494  0.03877551
  0.03703494 -0.03877551   -0.03703494  0.03877551   -0.19837552 -0.05749716
    2    1
 -0.19837552  0.05749716   -0.03703494 -0.03877551    0.03703494  0.03877551
 -0.03703494 -0.03877551   -0.19837552  0.05749716   -0.03703494 -0.03877551
  0.03703494  0.03877551   -0.03703494 -0.03877551   -0.19837552  0.05749716
    2    2
  0.26626119  0.00000000   -0.01162267  0.00000000    0.01162267  0.00000000
 -0.01162267  0.00000000    0.26626119  0.00000000   -0.01162267  0.00000000
  0.01162267  0.00000000   -0.01162267  0.00000000    0.26626119  0.00000000

     Dynamical  Matrix in cartesian axes

     q = (    0.250000000  -0.250000000  -0.250000000 ) 

    1    1
  0.26626119  0.00000000   -0.01162267  0.00000000   -0.01162267  0.00000000
 -0.01162267  0.00000000    0.26626119  0.00000000    0.01162267  0.00000000
 -0.01162267  0.00000000    0.01162267  0.00000000    0.26626119  0.00000000
    1    2
 -0.19837552 -0.05749716   -0.03703494  0.03877551   -0.03703494  0.03877551
 -0.03703494  0.03877551   -0.19837552 -0.05749716    0.03703494 -0.03877551
 -0.03703494  0.03877551    0.03703494 -0.03877551   -0.19837552 -0.05749716
    2    1
 -0.19837552  0.05749716   -0.03703494 -0.03877551   -0.03703494 -0.03877551
 -0.03703494 -0.03877551   -0.19837552  0.05749716    0.03703494  0.03877551
 -0.03703494 -0.03877551    0.03703494  0.03877551   -0.19837552  0.05749716
    2    2
  0.26626119  0.00000000   -0.01162267  0.00000000   -0.01162267  0.00000000
 -0.01162267  0.00000000    0.26626119  0.00000000    0.01162267  0.00000000
 -0.01162267  0.00000000    0.01162267  0.00000000    0.26626119  0.00000000

     Dynamical  Matrix in cartesian axes

     q = (    0.250000000  -0.250000000   0.250000000 ) 

    1    1
  0.26626119  0.00000000   -0.01162267  0.00000000    0.01162267  0.00000000
 -0.01162267  0.00000000    0.26626119  0.00000000   -0.01162267  0.00000000
  0.01162267  0.00000000   -0.01162267  0.00000000    0.26626119  0.00000000
    1    2
 -0.19837552  0.05749716   -0.03703494 -0.03877551    0.03703494  0.03877551
 -0.03703494 -0.03877551   -0.19837552  0.05749716   -0.03703494 -0.03877551
  0.03703494  0.03877551   -0.03703494 -0.03877551   -0.19837552  0.05749716
    2    1
 -0.19837552 -0.05749716   -0.03703494  0.03877551    0.03703494 -0.03877551
 -0.03703494  0.03877551   -0.19837552 -0.05749716   -0.03703494  0.03877551
  0.03703494 -0.03877551   -0.03703494  0.03877551   -0.19837552 -0.05749716
    2    2
  0.26626119  0.00000000   -0.01162267  0.00000000    0.01162267  0.00000000
 -0.01162267  0.00000000    0.26626119  0.00000000   -0.01162267  0.00000000
  0.01162267  0.00000000   -0.01162267  0.00000000    0.26626119  0.00000000

     Dynamical  Matrix in cartesian axes

     q = (    0.250000000   0.250000000   0.250000000 ) 

    1    1
  0.26626119  0.00000000    0.01162267  0.00000000    0.01162267  0.00000000
  0.01162267  0.00000000    0.26626119  0.00000000    0.01162267  0.00000000
  0.01162267  0.00000000    0.01162267  0.00000000    0.26626119  0.00000000
    1    2
 -0.05749716  0.19837552   -0.03877551 -0.03703494   -0.03877551 -0.03703494
 -0.03877551 -0.03703494   -0.05749716  0.19837552   -0.03877551 -0.03703494
 -0.03877551 -0.03703494   -0.03877551 -0.03703494   -0.05749716  0.19837552
    2    1
 -0.05749716 -0.19837552   -0.03877551  0.03703494   -0.03877551  0.03703494
 -0.03877551  0.03703494   -0.05749716 -0.19837552   -0.03877551  0.03703494
 -0.03877551  0.03703494   -0.03877551  0.03703494   -0.05749716 -0.19837552
    2    2
  0.26626119  0.00000000    0.01162267  0.00000000    0.01162267  0.00000000
  0.01162267  0.00000000    0.26626119  0.00000000    0.01162267  0.00000000
  0.01162267  0.00000000    0.01162267  0.00000000    0.26626119  0.00000000

     Dynamical  Matrix in cartesian axes

     q = (   -0.250000000  -0.250000000  -0.250000000 ) 

    1    1
  0.26626119  0.00000000    0.01162267  0.00000000    0.01162267  0.00000000
  0.01162267  0.00000000    0.26626119  0.00000000    0.01162267  0.00000000
  0.01162267  0.00000000    0.01162267  0.00000000    0.26626119  0.00000000
    1    2
 -0.05749716 -0.19837552   -0.03877551  0.03703494   -0.03877551  0.03703494
 -0.03877551  0.03703494   -0.05749716 -0.19837552   -0.03877551  0.03703494
 -0.03877551  0.03703494   -0.03877551  0.03703494   -0.05749716 -0.19837552
    2    1
 -0.05749716  0.19837552   -0.03877551 -0.03703494   -0.03877551 -0.03703494
 -0.03877551 -0.03703494   -0.05749716  0.19837552   -0.03877551 -0.03703494
 -0.03877551 -0.03703494   -0.03877551 -0.03703494   -0.05749716  0.19837552
    2    2
  0.26626119  0.00000000    0.01162267  0.00000000    0.01162267  0.00000000
  0.01162267  0.00000000    0.26626119  0.00000000    0.01162267  0.00000000
  0.01162267  0.00000000    0.01162267  0.00000000    0.26626119  0.00000000

     Dynamical  Matrix in cartesian axes

     q = (   -0.250000000  -0.250000000   0.250000000 ) 

    1    1
  0.26626119  0.00000000    0.01162267  0.00000000   -0.01162267  0.00000000
  0.01162267  0.00000000    0.26626119  0.00000000   -0.01162267  0.00000000
 -0.01162267  0.00000000   -0.01162267  0.00000000    0.26626119  0.00000000
    1    2
 -0.19837552 -0.05749716    0.03703494 -0.03877551   -0.03703494  0.03877551
  0.03703494 -0.03877551   -0.19837552 -0.05749716   -0.03703494  0.03877551
 -0.03703494  0.03877551   -0.03703494  0.03877551   -0.19837552 -0.05749716
    2    1
 -0.19837552  0.05749716    0.03703494  0.03877551   -0.03703494 -0.03877551
  0.03703494  0.03877551   -0.19837552  0.05749716   -0.03703494 -0.03877551
 -0.03703494 -0.03877551   -0.03703494 -0.03877551   -0.19837552  0.05749716
    2    2
  0.26626119  0.00000000    0.01162267  0.00000000   -0.01162267  0.00000000
  0.01162267  0.00000000    0.26626119  0.00000000   -0.01162267  0.00000000
 -0.01162267  0.00000000   -0.01162267  0.00000000    0.26626119  0.00000000

     Dynamical  Matrix in cartesian axes

     q = (   -0.250000000   0.250000000   0.250000000 ) 

    1    1
  0.26626119  0.00000000   -0.01162267  0.00000000   -0.01162267  0.00000000
 -0.01162267  0.00000000    0.26626119  0.00000000    0.01162267  0.00000000
 -0.01162267  0.00000000    0.01162267  0.00000000    0.26626119  0.00000000
    1    2
 -0.19837552  0.05749716   -0.03703494 -0.03877551   -0.03703494 -0.03877551
 -0.03703494 -0.03877551   -0.19837552  0.05749716    0.03703494  0.03877551
 -0.03703494 -0.03877551    0.03703494  0.03877551   -0.19837552  0.05749716
    2    1
 -0.19837552 -0.05749716   -0.03703494  0.03877551   -0.03703494  0.03877551
 -0.03703494  0.03877551   -0.19837552 -0.05749716    0.03703494 -0.03877551
 -0.03703494  0.03877551    0.03703494 -0.03877551   -0.19837552 -0.05749716
    2    2
  0.26626119  0.00000000   -0.01162267  0.00000000   -0.01162267  0.00000000
 -0.01162267  0.00000000    0.26626119  0.00000000    0.01162267  0.00000000
 -0.01162267  0.00000000    0.01162267  0.00000000    0.26626119  0.00000000

     Dynamical  Matrix in cartesian axes

     q = (    0.250000000   0.250000000  -0.250000000 ) 

    1    1
  0.26626119  0.00000000    0.01162267  0.00000000   -0.01162267  0.00000000
  0.01162267  0.00000000    0.26626119  0.00000000   -0.01162267  0.00000000
 -0.01162267  0.00000000   -0.01162267  0.00000000    0.26626119  0.00000000
    1    2
 -0.19837552  0.05749716    0.03703494  0.03877551   -0.03703494 -0.03877551
  0.03703494  0.03877551   -0.19837552  0.05749716   -0.03703494 -0.03877551
 -0.03703494 -0.03877551   -0.03703494 -0.03877551   -0.19837552  0.05749716
    2    1
 -0.19837552 -0.05749716    0.03703494 -0.03877551   -0.03703494  0.03877551
  0.03703494 -0.03877551   -0.19837552 -0.05749716   -0.03703494  0.03877551
 -0.03703494  0.03877551   -0.03703494  0.03877551   -0.19837552 -0.05749716
    2    2
  0.26626119  0.00000000    0.01162267  0.00000000   -0.01162267  0.00000000
  0.01162267  0.00000000    0.26626119  0.00000000   -0.01162267  0.00000000
 -0.01162267  0.00000000   -0.01162267  0.00000000    0.26626119  0.00000000

     Diagonalizing the dynamical matrix

     q = (   -0.250000000   0.250000000  -0.250000000 ) 

 **************************************************************************
     freq (    1) =       2.795582 [THz] =      93.250589 [cm-1]
 ( -0.300453  0.081044 -0.570950  0.059532 -0.270497 -0.021512 ) 
 ( -0.293083  0.104608 -0.564434  0.104608 -0.271351  0.000000 ) 
     freq (    2) =       2.795582 [THz] =      93.250589 [cm-1]
 (  0.486000 -0.017226 -0.022005 -0.057626 -0.508006 -0.040401 ) 
 (  0.483105 -0.055700 -0.026504 -0.055700 -0.509609  0.000000 ) 
     freq (    3) =       6.693185 [THz] =     223.260621 [cm-1]
 (  0.276481  0.300375 -0.276481 -0.300375  0.276481  0.300375 ) 
 (  0.408248 -0.000000 -0.408248  0.000000  0.408248  0.000000 ) 
     freq (    4) =      14.142321 [THz] =     471.737044 [cm-1]
 (  0.276481  0.300375 -0.276481 -0.300375  0.276481  0.300375 ) 
 ( -0.408248  0.000000  0.408248  0.000000 -0.408248  0.000000 ) 
     freq (    5) =      14.405021 [THz] =     480.499764 [cm-1]
 ( -0.199542  0.082963  0.355902  0.127136  0.555445  0.044173 ) 
 (  0.192337 -0.098521 -0.364861 -0.098521 -0.557198  0.000000 ) 
     freq (    6) =      14.405021 [THz] =     480.499764 [cm-1]
 (  0.363460  0.393103  0.212730  0.381116 -0.150730 -0.011987 ) 
 ( -0.393480 -0.363052 -0.242274 -0.363052  0.151206  0.000000 ) 
 **************************************************************************
