Dynamical matrix file
                                                                           
  1    2  2 10.3260000  0.0000000  0.0000000  0.0000000  0.0000000  0.0000000
           1  'Si  '    25598.822984527003     
    1    1      0.0000000000      0.0000000000      0.0000000000
    2    1      0.2500000000      0.2500000000      0.2500000000

     Dynamical  Matrix in cartesian axes

     q = (   -0.250000000   0.250000000  -0.250000000 ) 

    1    1
  0.27048880  0.00000000   -0.01174605  0.00000000    0.01174605  0.00000000
 -0.01174605  0.00000000    0.27048880  0.00000000   -0.01174605  0.00000000
  0.01174605  0.00000000   -0.01174605  0.00000000    0.27048880  0.00000000
    1    2
 -0.20136906 -0.05844884   -0.03837291  0.04006760    0.03837291 -0.04006760
 -0.03837291  0.04006760   -0.20136906 -0.05844884   -0.03837291  0.04006760
  0.03837291 -0.04006760   -0.03837291  0.04006760   -0.20136906 -0.05844884
    2    1
 -0.20136906  0.05844884   -0.03837291 -0.04006760    0.03837291  0.04006760
 -0.03837291 -0.04006760   -0.20136906  0.05844884   -0.03837291 -0.04006760
  0.03837291  0.04006760   -0.03837291 -0.04006760   -0.20136906  0.05844884
    2    2
  0.27048880  0.00000000   -0.01174605  0.00000000    0.01174605  0.00000000
 -0.01174605  0.00000000    0.27048880  0.00000000   -0.01174605  0.00000000
  0.01174605  0.00000000   -0.01174605  0.00000000    0.27048880  0.00000000

     Dynamical  Matrix in cartesian axes

     q = (    0.250000000  -0.250000000  -0.250000000 ) 

    1    1
  0.27048880  0.00000000   -0.01174605  0.00000000   -0.01174605  0.00000000
 -0.01174605  0.00000000    0.27048880  0.00000000    0.01174605  0.00000000
 -0.01174605  0.00000000    0.01174605  0.00000000    0.27048880  0.00000000
    1    2
 -0.20136906 -0.05844884   -0.03837291  0.04006760   -0.03837291  0.04006760
 -0.03837291  0.04006760   -0.20136906 -0.05844884    0.03837291 -0.04006760
 -0.03837291  0.04006760    0.03837291 -0.04006760   -0.20136906 -0.05844884
    2    1
 -0.20136906  0.05844884   -0.03837291 -0.04006760   -0.03837291 -0.04006760
 -0.03837291 -0.04006760   -0.20136906  0.05844884    0.03837291  0.04006760
 -0.03837291 -0.04006760    0.03837291  0.04006760   -0.20136906  0.05844884
    2    2
  0.27048880  0.00000000   -0.01174605  0.00000000   -0.01174605  0.00000000
 -0.01174605  0.00000000    0.27048880  0.00000000    0.01174605  0.00000000
 -0.01174605  0.00000000    0.01174605  0.00000000    0.27048880  0.00000000

     Dynamical  Matrix in cartesian axes

     q = (    0.250000000  -0.250000000   0.250000000 ) 

    1    1
  0.27048880  0.00000000   -0.01174605  0.00000000    0.01174605  0.00000000
 -0.01174605  0.00000000    0.27048880  0.00000000   -0.01174605  0.00000000
  0.01174605  0.00000000   -0.01174605  0.00000000    0.27048880  0.00000000
    1    2
 -0.20136906  0.05844884   -0.03837291 -0.04006760    0.03837291  0.04006760
 -0.03837291 -0.04006760   -0.20136906  0.05844884   -0.03837291 -0.04006760
  0.03837291  0.04006760   -0.03837291 -0.04006760   -0.20136906  0.05844884
    2    1
 -0.20136906 -0.05844884   -0.03837291  0.04006760    0.03837291 -0.04006760
 -0.03837291  0.04006760   -0.20136906 -0.05844884   -0.03837291  0.04006760
  0.03837291 -0.04006760   -0.03837291  0.04006760   -0.20136906 -0.05844884
    2    2
  0.27048880  0.00000000   -0.01174605  0.00000000    0.01174605  0.00000000
 -0.01174605  0.00000000    0.27048880  0.00000000   -0.01174605  0.00000000
  0.01174605  0.00000000   -0.01174605  0.00000000    0.27048880  0.00000000

     Dynamical  Matrix in cartesian axes

     q = (    0.250000000   0.250000000   0.250000000 ) 

    1    1
  0.27048880  0.00000000    0.01174605  0.00000000    0.01174605  0.00000000
  0.01174605  0.00000000    0.27048880  0.00000000    0.01174605  0.00000000
  0.01174605  0.00000000    0.01174605  0.00000000    0.27048880  0.00000000
    1    2
 -0.05844884  0.20136906   -0.04006760 -0.03837291   -0.04006760 -0.03837291
 -0.04006760 -0.03837291   -0.05844884  0.20136906   -0.04006760 -0.03837291
 -0.04006760 -0.03837291   -0.04006760 -0.03837291   -0.05844884  0.20136906
    2    1
 -0.05844884 -0.20136906   -0.04006760  0.03837291   -0.04006760  0.03837291
 -0.04006760  0.03837291   -0.05844884 -0.20136906   -0.04006760  0.03837291
 -0.04006760  0.03837291   -0.04006760  0.03837291   -0.05844884 -0.20136906
    2    2
  0.27048880  0.00000000    0.01174605  0.00000000    0.01174605  0.00000000
  0.01174605  0.00000000    0.27048880  0.00000000    0.01174605  0.00000000
  0.01174605  0.00000000    0.01174605  0.00000000    0.27048880  0.00000000

     Dynamical  Matrix in cartesian axes

     q = (   -0.250000000  -0.250000000  -0.250000000 ) 

    1    1
  0.27048880  0.00000000    0.01174605  0.00000000    0.01174605  0.00000000
  0.01174605  0.00000000    0.27048880  0.00000000    0.01174605  0.00000000
  0.01174605  0.00000000    0.01174605  0.00000000    0.27048880  0.00000000
    1    2
 -0.05844884 -0.20136906   -0.04006760  0.03837291   -0.04006760  0.03837291
 -0.04006760  0.03837291   -0.05844884 -0.20136906   -0.04006760  0.03837291
 -0.04006760  0.03837291   -0.04006760  0.03837291   -0.05844884 -0.20136906
    2    1
 -0.05844884  0.20136906   -0.04006760 -0.03837291   -0.04006760 -0.03837291
 -0.04006760 -0.03837291   -0.05844884  0.20136906   -0.04006760 -0.03837291
 -0.04006760 -0.03837291   -0.04006760 -0.03837291   -0.05844884  0.20136906
    2    2
  0.27048880  0.00000000    0.01174605  0.00000000    0.01174605  0.00000000
  0.01174605  0.00000000    0.27048880  0.00000000    0.01174605  0.00000000
  0.01174605  0.00000000    0.01174605  0.00000000    0.27048880  0.00000000

     Dynamical  Matrix in cartesian axes

     q = (   -0.250000000  -0.250000000   0.250000000 ) 

    1    1
  0.27048880  0.00000000    0.01174605  0.00000000   -0.01174605  0.00000000
  0.01174605  0.00000000    0.27048880  0.00000000   -0.01174605  0.00000000
 -0.01174605  0.00000000   -0.01174605  0.00000000    0.27048880  0.00000000
    1    2
 -0.20136906 -0.05844884    0.03837291 -0.04006760   -0.03837291  0.04006760
  0.03837291 -0.04006760   -0.20136906 -0.05844884   -0.03837291  0.04006760
 -0.03837291  0.04006760   -0.03837291  0.04006760   -0.20136906 -0.05844884
    2    1
 -0.20136906  0.05844884    0.03837291  0.04006760   -0.03837291 -0.04006760
  0.03837291  0.04006760   -0.20136906  0.05844884   -0.03837291 -0.04006760
 -0.03837291 -0.04006760   -0.03837291 -0.04006760   -0.20136906  0.05844884
    2    2
  0.27048880  0.00000000    0.01174605  0.00000000   -0.01174605  0.00000000
  0.01174605  0.00000000    0.27048880  0.00000000   -0.01174605  0.00000000
 -0.01174605  0.00000000   -0.01174605  0.00000000    0.27048880  0.00000000

     Dynamical  Matrix in cartesian axes

     q = (   -0.250000000   0.250000000   0.250000000 ) 

    1    1
  0.27048880  0.00000000   -0.01174605  0.00000000   -0.01174605  0.00000000
 -0.01174605  0.00000000    0.27048880  0.00000000    0.01174605  0.00000000
 -0.01174605  0.00000000    0.01174605  0.00000000    0.27048880  0.00000000
    1    2
 -0.20136906  0.05844884   -0.03837291 -0.04006760   -0.03837291 -0.04006760
 -0.03837291 -0.04006760   -0.20136906  0.05844884    0.03837291  0.04006760
 -0.03837291 -0.04006760    0.03837291  0.04006760   -0.20136906  0.05844884
    2    1
 -0.20136906 -0.05844884   -0.03837291  0.04006760   -0.03837291  0.04006760
 -0.03837291  0.04006760   -0.20136906 -0.05844884    0.03837291 -0.04006760
 -0.03837291  0.04006760    0.03837291 -0.04006760   -0.20136906 -0.05844884
    2    2
  0.27048880  0.00000000   -0.01174605  0.00000000   -0.01174605  0.00000000
 -0.01174605  0.00000000    0.27048880  0.00000000    0.01174605  0.00000000
 -0.01174605  0.00000000    0.01174605  0.00000000    0.27048880  0.00000000

     Dynamical  Matrix in cartesian axes

     q = (    0.250000000   0.250000000  -0.250000000 ) 

    1    1
  0.27048880  0.00000000    0.01174605  0.00000000   -0.01174605  0.00000000
  0.01174605  0.00000000    0.27048880  0.00000000   -0.01174605  0.00000000
 -0.01174605  0.00000000   -0.01174605  0.00000000    0.27048880  0.00000000
    1    2
 -0.20136906  0.05844884    0.03837291  0.04006760   -0.03837291 -0.04006760
  0.03837291  0.04006760   -0.20136906  0.05844884   -0.03837291 -0.04006760
 -0.03837291 -0.04006760   -0.03837291 -0.04006760   -0.20136906  0.05844884
    2    1
 -0.20136906 -0.05844884    0.03837291 -0.04006760   -0.03837291  0.04006760
  0.03837291 -0.04006760   -0.20136906 -0.05844884   -0.03837291  0.04006760
 -0.03837291  0.04006760   -0.03837291  0.04006760   -0.20136906 -0.05844884
    2    2
  0.27048880  0.00000000    0.01174605  0.00000000   -0.01174605  0.00000000
  0.01174605  0.00000000    0.27048880  0.00000000   -0.01174605  0.00000000
 -0.01174605  0.00000000   -0.01174605  0.00000000    0.27048880  0.00000000

     Diagonalizing the dynamical matrix

     q = (   -0.250000000   0.250000000  -0.250000000 ) 

 **************************************************************************
     freq (    1) =       2.781358 [THz] =      92.776110 [cm-1]
 ( -0.198936 -0.086413 -0.557421 -0.113898 -0.358485 -0.027485 ) 
 ( -0.204960 -0.070952 -0.564497 -0.070952 -0.359537  0.000000 ) 
     freq (    2) =       2.781358 [THz] =      92.776110 [cm-1]
 (  0.526199  0.096980  0.075784  0.062447 -0.450415 -0.034534 ) 
 (  0.532073  0.056470  0.080336  0.056470 -0.451737  0.000000 ) 
     freq (    3) =       6.744946 [THz] =     224.987184 [cm-1]
 (  0.272980  0.303560 -0.272980 -0.303560  0.272980  0.303560 ) 
 (  0.408248  0.000000 -0.408248  0.000000  0.408248  0.000000 ) 
     freq (    4) =      14.251075 [THz] =     475.364706 [cm-1]
 (  0.272980  0.303560 -0.272980 -0.303560  0.272980  0.303560 ) 
 ( -0.408248 -0.000000  0.408248  0.000000 -0.408248  0.000000 ) 
     freq (    5) =      14.527713 [THz] =     484.592346 [cm-1]
 ( -0.383241 -0.018860  0.180450  0.024359  0.563691  0.043219 ) 
 (  0.383561 -0.010493 -0.181784 -0.010493 -0.565345  0.000000 ) 
     freq (    6) =      14.527713 [THz] =     484.592346 [cm-1]
 ( -0.431032  0.017749 -0.547814  0.008796 -0.116782 -0.008954 ) 
 (  0.428414 -0.050648  0.545539 -0.050648  0.117124  0.000000 ) 
 **************************************************************************
