Dynamical matrix file
                                                                           
  1    2  2 10.3260000  0.0000000  0.0000000  0.0000000  0.0000000  0.0000000
           1  'Si  '    25598.822984527003     
    1    1      0.0000000000      0.0000000000      0.0000000000
    2    1      0.2500000000      0.2500000000      0.2500000000

     Dynamical  Matrix in cartesian axes

     q = (    0.750000000  -0.250000000   0.750000000 ) 

    1    1
  0.24699349  0.00000000   -0.00632850  0.00769366    0.00589277  0.00000000
 -0.00632850 -0.00769366    0.29834155  0.00000000   -0.00632850 -0.00769366
  0.00589277  0.00000000   -0.00632850  0.00769366    0.24699349  0.00000000
    1    2
 -0.06061970  0.06173708   -0.04117113  0.04357837   -0.04153829 -0.13617036
 -0.04117113  0.04357837   -0.05899043  0.08020056   -0.04117113  0.04357837
 -0.04153829 -0.13617036   -0.04117113  0.04357837   -0.06061970  0.06173708
    2    1
 -0.06061970 -0.06173708   -0.04117113 -0.04357837   -0.04153829  0.13617036
 -0.04117113 -0.04357837   -0.05899043 -0.08020056   -0.04117113 -0.04357837
 -0.04153829  0.13617036   -0.04117113 -0.04357837   -0.06061970 -0.06173708
    2    2
  0.24699349  0.00000000   -0.00632850 -0.00769366    0.00589277  0.00000000
 -0.00632850  0.00769366    0.29834155  0.00000000   -0.00632850  0.00769366
  0.00589277  0.00000000   -0.00632850 -0.00769366    0.24699349  0.00000000

     Dynamical  Matrix in cartesian axes

     q = (    0.750000000  -0.250000000  -0.750000000 ) 

    1    1
  0.24699349  0.00000000   -0.00632850 -0.00769366   -0.00589277  0.00000000
 -0.00632850  0.00769366    0.29834155  0.00000000    0.00632850 -0.00769366
 -0.00589277  0.00000000    0.00632850  0.00769366    0.24699349  0.00000000
    1    2
 -0.06173708  0.06061970   -0.04357837  0.04117113   -0.13617036 -0.04153829
 -0.04357837  0.04117113   -0.08020056  0.05899043    0.04357837 -0.04117113
 -0.13617036 -0.04153829    0.04357837 -0.04117113   -0.06173708  0.06061970
    2    1
 -0.06173708 -0.06061970   -0.04357837 -0.04117113   -0.13617036  0.04153829
 -0.04357837 -0.04117113   -0.08020056 -0.05899043    0.04357837  0.04117113
 -0.13617036  0.04153829    0.04357837  0.04117113   -0.06173708 -0.06061970
    2    2
  0.24699349  0.00000000   -0.00632850  0.00769366   -0.00589277  0.00000000
 -0.00632850 -0.00769366    0.29834155  0.00000000    0.00632850  0.00769366
 -0.00589277  0.00000000    0.00632850 -0.00769366    0.24699349  0.00000000

     Dynamical  Matrix in cartesian axes

     q = (   -0.750000000  -0.250000000  -0.750000000 ) 

    1    1
  0.24699349  0.00000000    0.00632850 -0.00769366    0.00589277  0.00000000
  0.00632850  0.00769366    0.29834155  0.00000000    0.00632850  0.00769366
  0.00589277  0.00000000    0.00632850 -0.00769366    0.24699349  0.00000000
    1    2
  0.06173708  0.06061970   -0.04357837 -0.04117113   -0.13617036  0.04153829
 -0.04357837 -0.04117113    0.08020056  0.05899043   -0.04357837 -0.04117113
 -0.13617036  0.04153829   -0.04357837 -0.04117113    0.06173708  0.06061970
    2    1
  0.06173708 -0.06061970   -0.04357837  0.04117113   -0.13617036 -0.04153829
 -0.04357837  0.04117113    0.08020056 -0.05899043   -0.04357837  0.04117113
 -0.13617036 -0.04153829   -0.04357837  0.04117113    0.06173708 -0.06061970
    2    2
  0.24699349  0.00000000    0.00632850  0.00769366    0.00589277  0.00000000
  0.00632850 -0.00769366    0.29834155  0.00000000    0.00632850 -0.00769366
  0.00589277  0.00000000    0.00632850  0.00769366    0.24699349  0.00000000

     Dynamical  Matrix in cartesian axes

     q = (   -0.750000000  -0.250000000   0.750000000 ) 

    1    1
  0.24699349  0.00000000    0.00632850  0.00769366   -0.00589277  0.00000000
  0.00632850 -0.00769366    0.29834155  0.00000000   -0.00632850  0.00769366
 -0.00589277  0.00000000   -0.00632850 -0.00769366    0.24699349  0.00000000
    1    2
 -0.06173708  0.06061970    0.04357837 -0.04117113   -0.13617036 -0.04153829
  0.04357837 -0.04117113   -0.08020056  0.05899043   -0.04357837  0.04117113
 -0.13617036 -0.04153829   -0.04357837  0.04117113   -0.06173708  0.06061970
    2    1
 -0.06173708 -0.06061970    0.04357837  0.04117113   -0.13617036  0.04153829
  0.04357837  0.04117113   -0.08020056 -0.05899043   -0.04357837 -0.04117113
 -0.13617036  0.04153829   -0.04357837 -0.04117113   -0.06173708 -0.06061970
    2    2
  0.24699349  0.00000000    0.00632850 -0.00769366   -0.00589277  0.00000000
  0.00632850  0.00769366    0.29834155  0.00000000   -0.00632850 -0.00769366
 -0.00589277  0.00000000   -0.00632850  0.00769366    0.24699349  0.00000000

     Dynamical  Matrix in cartesian axes

     q = (   -0.750000000   0.250000000  -0.750000000 ) 

    1    1
  0.24699349  0.00000000   -0.00632850 -0.00769366    0.00589277  0.00000000
 -0.00632850  0.00769366    0.29834155  0.00000000   -0.00632850  0.00769366
  0.00589277  0.00000000   -0.00632850 -0.00769366    0.24699349  0.00000000
    1    2
 -0.06061970 -0.06173708   -0.04117113 -0.04357837   -0.04153829  0.13617036
 -0.04117113 -0.04357837   -0.05899043 -0.08020056   -0.04117113 -0.04357837
 -0.04153829  0.13617036   -0.04117113 -0.04357837   -0.06061970 -0.06173708
    2    1
 -0.06061970  0.06173708   -0.04117113  0.04357837   -0.04153829 -0.13617036
 -0.04117113  0.04357837   -0.05899043  0.08020056   -0.04117113  0.04357837
 -0.04153829 -0.13617036   -0.04117113  0.04357837   -0.06061970  0.06173708
    2    2
  0.24699349  0.00000000   -0.00632850  0.00769366    0.00589277  0.00000000
 -0.00632850 -0.00769366    0.29834155  0.00000000   -0.00632850 -0.00769366
  0.00589277  0.00000000   -0.00632850  0.00769366    0.24699349  0.00000000

     Dynamical  Matrix in cartesian axes

     q = (   -0.250000000   0.750000000  -0.750000000 ) 

    1    1
  0.29834155  0.00000000   -0.00632850  0.00769366    0.00632850 -0.00769366
 -0.00632850 -0.00769366    0.24699349  0.00000000   -0.00589277  0.00000000
  0.00632850  0.00769366   -0.00589277  0.00000000    0.24699349  0.00000000
    1    2
 -0.08020056  0.05899043   -0.04357837  0.04117113    0.04357837 -0.04117113
 -0.04357837  0.04117113   -0.06173708  0.06061970   -0.13617036 -0.04153829
  0.04357837 -0.04117113   -0.13617036 -0.04153829   -0.06173708  0.06061970
    2    1
 -0.08020056 -0.05899043   -0.04357837 -0.04117113    0.04357837  0.04117113
 -0.04357837 -0.04117113   -0.06173708 -0.06061970   -0.13617036  0.04153829
  0.04357837  0.04117113   -0.13617036  0.04153829   -0.06173708 -0.06061970
    2    2
  0.29834155  0.00000000   -0.00632850 -0.00769366    0.00632850  0.00769366
 -0.00632850  0.00769366    0.24699349  0.00000000   -0.00589277  0.00000000
  0.00632850 -0.00769366   -0.00589277  0.00000000    0.24699349  0.00000000

     Dynamical  Matrix in cartesian axes

     q = (   -0.750000000   0.750000000  -0.250000000 ) 

    1    1
  0.24699349  0.00000000   -0.00589277  0.00000000    0.00632850  0.00769366
 -0.00589277  0.00000000    0.24699349  0.00000000   -0.00632850 -0.00769366
  0.00632850 -0.00769366   -0.00632850  0.00769366    0.29834155  0.00000000
    1    2
 -0.06173708  0.06061970   -0.13617036 -0.04153829    0.04357837 -0.04117113
 -0.13617036 -0.04153829   -0.06173708  0.06061970   -0.04357837  0.04117113
  0.04357837 -0.04117113   -0.04357837  0.04117113   -0.08020056  0.05899043
    2    1
 -0.06173708 -0.06061970   -0.13617036  0.04153829    0.04357837  0.04117113
 -0.13617036  0.04153829   -0.06173708 -0.06061970   -0.04357837 -0.04117113
  0.04357837  0.04117113   -0.04357837 -0.04117113   -0.08020056 -0.05899043
    2    2
  0.24699349  0.00000000   -0.00589277  0.00000000    0.00632850 -0.00769366
 -0.00589277  0.00000000    0.24699349  0.00000000   -0.00632850  0.00769366
  0.00632850  0.00769366   -0.00632850 -0.00769366    0.29834155  0.00000000

     Dynamical  Matrix in cartesian axes

     q = (    0.750000000   0.250000000   0.750000000 ) 

    1    1
  0.24699349  0.00000000    0.00632850  0.00769366    0.00589277  0.00000000
  0.00632850 -0.00769366    0.29834155  0.00000000    0.00632850 -0.00769366
  0.00589277  0.00000000    0.00632850  0.00769366    0.24699349  0.00000000
    1    2
  0.06173708 -0.06061970   -0.04357837  0.04117113   -0.13617036 -0.04153829
 -0.04357837  0.04117113    0.08020056 -0.05899043   -0.04357837  0.04117113
 -0.13617036 -0.04153829   -0.04357837  0.04117113    0.06173708 -0.06061970
    2    1
  0.06173708  0.06061970   -0.04357837 -0.04117113   -0.13617036  0.04153829
 -0.04357837 -0.04117113    0.08020056  0.05899043   -0.04357837 -0.04117113
 -0.13617036  0.04153829   -0.04357837 -0.04117113    0.06173708  0.06061970
    2    2
  0.24699349  0.00000000    0.00632850 -0.00769366    0.00589277  0.00000000
  0.00632850  0.00769366    0.29834155  0.00000000    0.00632850  0.00769366
  0.00589277  0.00000000    0.00632850 -0.00769366    0.24699349  0.00000000

     Dynamical  Matrix in cartesian axes

     q = (   -0.750000000   0.250000000   0.750000000 ) 

    1    1
  0.24699349  0.00000000   -0.00632850  0.00769366   -0.00589277  0.00000000
 -0.00632850 -0.00769366    0.29834155  0.00000000    0.00632850  0.00769366
 -0.00589277  0.00000000    0.00632850 -0.00769366    0.24699349  0.00000000
    1    2
 -0.06173708 -0.06061970   -0.04357837 -0.04117113   -0.13617036  0.04153829
 -0.04357837 -0.04117113   -0.08020056 -0.05899043    0.04357837  0.04117113
 -0.13617036  0.04153829    0.04357837  0.04117113   -0.06173708 -0.06061970
    2    1
 -0.06173708  0.06061970   -0.04357837  0.04117113   -0.13617036 -0.04153829
 -0.04357837  0.04117113   -0.08020056  0.05899043    0.04357837 -0.04117113
 -0.13617036 -0.04153829    0.04357837 -0.04117113   -0.06173708  0.06061970
    2    2
  0.24699349  0.00000000   -0.00632850 -0.00769366   -0.00589277  0.00000000
 -0.00632850  0.00769366    0.29834155  0.00000000    0.00632850 -0.00769366
 -0.00589277  0.00000000    0.00632850  0.00769366    0.24699349  0.00000000

     Dynamical  Matrix in cartesian axes

     q = (    0.750000000   0.250000000  -0.750000000 ) 

    1    1
  0.24699349  0.00000000    0.00632850 -0.00769366   -0.00589277  0.00000000
  0.00632850  0.00769366    0.29834155  0.00000000   -0.00632850 -0.00769366
 -0.00589277  0.00000000   -0.00632850  0.00769366    0.24699349  0.00000000
    1    2
 -0.06173708 -0.06061970    0.04357837  0.04117113   -0.13617036  0.04153829
  0.04357837  0.04117113   -0.08020056 -0.05899043   -0.04357837 -0.04117113
 -0.13617036  0.04153829   -0.04357837 -0.04117113   -0.06173708 -0.06061970
    2    1
 -0.06173708  0.06061970    0.04357837 -0.04117113   -0.13617036 -0.04153829
  0.04357837 -0.04117113   -0.08020056  0.05899043   -0.04357837  0.04117113
 -0.13617036 -0.04153829   -0.04357837  0.04117113   -0.06173708  0.06061970
    2    2
  0.24699349  0.00000000    0.00632850  0.00769366   -0.00589277  0.00000000
  0.00632850 -0.00769366    0.29834155  0.00000000   -0.00632850  0.00769366
 -0.00589277  0.00000000   -0.00632850 -0.00769366    0.24699349  0.00000000

     Dynamical  Matrix in cartesian axes

     q = (   -0.750000000   0.750000000   0.250000000 ) 

    1    1
  0.24699349  0.00000000   -0.00589277  0.00000000   -0.00632850  0.00769366
 -0.00589277  0.00000000    0.24699349  0.00000000    0.00632850 -0.00769366
 -0.00632850 -0.00769366    0.00632850  0.00769366    0.29834155  0.00000000
    1    2
 -0.06173708 -0.06061970   -0.13617036  0.04153829   -0.04357837 -0.04117113
 -0.13617036  0.04153829   -0.06173708 -0.06061970    0.04357837  0.04117113
 -0.04357837 -0.04117113    0.04357837  0.04117113   -0.08020056 -0.05899043
    2    1
 -0.06173708  0.06061970   -0.13617036 -0.04153829   -0.04357837  0.04117113
 -0.13617036 -0.04153829   -0.06173708  0.06061970    0.04357837 -0.04117113
 -0.04357837  0.04117113    0.04357837 -0.04117113   -0.08020056  0.05899043
    2    2
  0.24699349  0.00000000   -0.00589277  0.00000000   -0.00632850 -0.00769366
 -0.00589277  0.00000000    0.24699349  0.00000000    0.00632850  0.00769366
 -0.00632850  0.00769366    0.00632850 -0.00769366    0.29834155  0.00000000

     Dynamical  Matrix in cartesian axes

     q = (   -0.250000000   0.750000000   0.750000000 ) 

    1    1
  0.29834155  0.00000000   -0.00632850 -0.00769366   -0.00632850 -0.00769366
 -0.00632850  0.00769366    0.24699349  0.00000000    0.00589277  0.00000000
 -0.00632850  0.00769366    0.00589277  0.00000000    0.24699349  0.00000000
    1    2
 -0.05899043  0.08020056   -0.04117113  0.04357837   -0.04117113  0.04357837
 -0.04117113  0.04357837   -0.06061970  0.06173708   -0.04153829 -0.13617036
 -0.04117113  0.04357837   -0.04153829 -0.13617036   -0.06061970  0.06173708
    2    1
 -0.05899043 -0.08020056   -0.04117113 -0.04357837   -0.04117113 -0.04357837
 -0.04117113 -0.04357837   -0.06061970 -0.06173708   -0.04153829  0.13617036
 -0.04117113 -0.04357837   -0.04153829  0.13617036   -0.06061970 -0.06173708
    2    2
  0.29834155  0.00000000   -0.00632850  0.00769366   -0.00632850  0.00769366
 -0.00632850 -0.00769366    0.24699349  0.00000000    0.00589277  0.00000000
 -0.00632850 -0.00769366    0.00589277  0.00000000    0.24699349  0.00000000

     Dynamical  Matrix in cartesian axes

     q = (    0.250000000   0.750000000  -0.750000000 ) 

    1    1
  0.29834155  0.00000000    0.00632850  0.00769366   -0.00632850 -0.00769366
  0.00632850 -0.00769366    0.24699349  0.00000000   -0.00589277  0.00000000
 -0.00632850  0.00769366   -0.00589277  0.00000000    0.24699349  0.00000000
    1    2
 -0.08020056 -0.05899043    0.04357837  0.04117113   -0.04357837 -0.04117113
  0.04357837  0.04117113   -0.06173708 -0.06061970   -0.13617036  0.04153829
 -0.04357837 -0.04117113   -0.13617036  0.04153829   -0.06173708 -0.06061970
    2    1
 -0.08020056  0.05899043    0.04357837 -0.04117113   -0.04357837  0.04117113
  0.04357837 -0.04117113   -0.06173708  0.06061970   -0.13617036 -0.04153829
 -0.04357837  0.04117113   -0.13617036 -0.04153829   -0.06173708  0.06061970
    2    2
  0.29834155  0.00000000    0.00632850 -0.00769366   -0.00632850  0.00769366
  0.00632850  0.00769366    0.24699349  0.00000000   -0.00589277  0.00000000
 -0.00632850 -0.00769366   -0.00589277  0.00000000    0.24699349  0.00000000

     Dynamical  Matrix in cartesian axes

     q = (   -0.250000000  -0.750000000  -0.750000000 ) 

    1    1
  0.29834155  0.00000000    0.00632850  0.00769366    0.00632850  0.00769366
  0.00632850 -0.00769366    0.24699349  0.00000000    0.00589277  0.00000000
  0.00632850 -0.00769366    0.00589277  0.00000000    0.24699349  0.00000000
    1    2
  0.08020056  0.05899043   -0.04357837 -0.04117113   -0.04357837 -0.04117113
 -0.04357837 -0.04117113    0.06173708  0.06061970   -0.13617036  0.04153829
 -0.04357837 -0.04117113   -0.13617036  0.04153829    0.06173708  0.06061970
    2    1
  0.08020056 -0.05899043   -0.04357837  0.04117113   -0.04357837  0.04117113
 -0.04357837  0.04117113    0.06173708 -0.06061970   -0.13617036 -0.04153829
 -0.04357837  0.04117113   -0.13617036 -0.04153829    0.06173708 -0.06061970
    2    2
  0.29834155  0.00000000    0.00632850 -0.00769366    0.00632850 -0.00769366
  0.00632850  0.00769366    0.24699349  0.00000000    0.00589277  0.00000000
  0.00632850  0.00769366    0.00589277  0.00000000    0.24699349  0.00000000

     Dynamical  Matrix in cartesian axes

     q = (    0.750000000   0.750000000  -0.250000000 ) 

    1    1
  0.24699349  0.00000000    0.00589277  0.00000000   -0.00632850  0.00769366
  0.00589277  0.00000000    0.24699349  0.00000000   -0.00632850  0.00769366
 -0.00632850 -0.00769366   -0.00632850 -0.00769366    0.29834155  0.00000000
    1    2
 -0.06061970  0.06173708   -0.04153829 -0.13617036   -0.04117113  0.04357837
 -0.04153829 -0.13617036   -0.06061970  0.06173708   -0.04117113  0.04357837
 -0.04117113  0.04357837   -0.04117113  0.04357837   -0.05899043  0.08020056
    2    1
 -0.06061970 -0.06173708   -0.04153829  0.13617036   -0.04117113 -0.04357837
 -0.04153829  0.13617036   -0.06061970 -0.06173708   -0.04117113 -0.04357837
 -0.04117113 -0.04357837   -0.04117113 -0.04357837   -0.05899043 -0.08020056
    2    2
  0.24699349  0.00000000    0.00589277  0.00000000   -0.00632850 -0.00769366
  0.00589277  0.00000000    0.24699349  0.00000000   -0.00632850 -0.00769366
 -0.00632850  0.00769366   -0.00632850  0.00769366    0.29834155  0.00000000

     Dynamical  Matrix in cartesian axes

     q = (    0.750000000  -0.750000000   0.250000000 ) 

    1    1
  0.24699349  0.00000000   -0.00589277  0.00000000    0.00632850 -0.00769366
 -0.00589277  0.00000000    0.24699349  0.00000000   -0.00632850  0.00769366
  0.00632850  0.00769366   -0.00632850 -0.00769366    0.29834155  0.00000000
    1    2
 -0.06173708 -0.06061970   -0.13617036  0.04153829    0.04357837  0.04117113
 -0.13617036  0.04153829   -0.06173708 -0.06061970   -0.04357837 -0.04117113
  0.04357837  0.04117113   -0.04357837 -0.04117113   -0.08020056 -0.05899043
    2    1
 -0.06173708  0.06061970   -0.13617036 -0.04153829    0.04357837 -0.04117113
 -0.13617036 -0.04153829   -0.06173708  0.06061970   -0.04357837  0.04117113
  0.04357837 -0.04117113   -0.04357837  0.04117113   -0.08020056  0.05899043
    2    2
  0.24699349  0.00000000   -0.00589277  0.00000000    0.00632850  0.00769366
 -0.00589277  0.00000000    0.24699349  0.00000000   -0.00632850 -0.00769366
  0.00632850 -0.00769366   -0.00632850  0.00769366    0.29834155  0.00000000

     Dynamical  Matrix in cartesian axes

     q = (   -0.750000000  -0.750000000  -0.250000000 ) 

    1    1
  0.24699349  0.00000000    0.00589277  0.00000000    0.00632850 -0.00769366
  0.00589277  0.00000000    0.24699349  0.00000000    0.00632850 -0.00769366
  0.00632850  0.00769366    0.00632850  0.00769366    0.29834155  0.00000000
    1    2
  0.06173708  0.06061970   -0.13617036  0.04153829   -0.04357837 -0.04117113
 -0.13617036  0.04153829    0.06173708  0.06061970   -0.04357837 -0.04117113
 -0.04357837 -0.04117113   -0.04357837 -0.04117113    0.08020056  0.05899043
    2    1
  0.06173708 -0.06061970   -0.13617036 -0.04153829   -0.04357837  0.04117113
 -0.13617036 -0.04153829    0.06173708 -0.06061970   -0.04357837  0.04117113
 -0.04357837  0.04117113   -0.04357837  0.04117113    0.08020056 -0.05899043
    2    2
  0.24699349  0.00000000    0.00589277  0.00000000    0.00632850  0.00769366
  0.00589277  0.00000000    0.24699349  0.00000000    0.00632850  0.00769366
  0.00632850 -0.00769366    0.00632850 -0.00769366    0.29834155  0.00000000

     Dynamical  Matrix in cartesian axes

     q = (    0.250000000  -0.750000000   0.750000000 ) 

    1    1
  0.29834155  0.00000000   -0.00632850 -0.00769366    0.00632850  0.00769366
 -0.00632850  0.00769366    0.24699349  0.00000000   -0.00589277  0.00000000
  0.00632850 -0.00769366   -0.00589277  0.00000000    0.24699349  0.00000000
    1    2
 -0.08020056 -0.05899043   -0.04357837 -0.04117113    0.04357837  0.04117113
 -0.04357837 -0.04117113   -0.06173708 -0.06061970   -0.13617036  0.04153829
  0.04357837  0.04117113   -0.13617036  0.04153829   -0.06173708 -0.06061970
    2    1
 -0.08020056  0.05899043   -0.04357837  0.04117113    0.04357837 -0.04117113
 -0.04357837  0.04117113   -0.06173708  0.06061970   -0.13617036 -0.04153829
  0.04357837 -0.04117113   -0.13617036 -0.04153829   -0.06173708  0.06061970
    2    2
  0.29834155  0.00000000   -0.00632850  0.00769366    0.00632850 -0.00769366
 -0.00632850 -0.00769366    0.24699349  0.00000000   -0.00589277  0.00000000
  0.00632850  0.00769366   -0.00589277  0.00000000    0.24699349  0.00000000

     Dynamical  Matrix in cartesian axes

     q = (   -0.750000000  -0.750000000   0.250000000 ) 

    1    1
  0.24699349  0.00000000    0.00589277  0.00000000   -0.00632850 -0.00769366
  0.00589277  0.00000000    0.24699349  0.00000000   -0.00632850 -0.00769366
 -0.00632850  0.00769366   -0.00632850  0.00769366    0.29834155  0.00000000
    1    2
 -0.06061970 -0.06173708   -0.04153829  0.13617036   -0.04117113 -0.04357837
 -0.04153829  0.13617036   -0.06061970 -0.06173708   -0.04117113 -0.04357837
 -0.04117113 -0.04357837   -0.04117113 -0.04357837   -0.05899043 -0.08020056
    2    1
 -0.06061970  0.06173708   -0.04153829 -0.13617036   -0.04117113  0.04357837
 -0.04153829 -0.13617036   -0.06061970  0.06173708   -0.04117113  0.04357837
 -0.04117113  0.04357837   -0.04117113  0.04357837   -0.05899043  0.08020056
    2    2
  0.24699349  0.00000000    0.00589277  0.00000000   -0.00632850  0.00769366
  0.00589277  0.00000000    0.24699349  0.00000000   -0.00632850  0.00769366
 -0.00632850 -0.00769366   -0.00632850 -0.00769366    0.29834155  0.00000000

     Dynamical  Matrix in cartesian axes

     q = (    0.250000000   0.750000000   0.750000000 ) 

    1    1
  0.29834155  0.00000000    0.00632850 -0.00769366    0.00632850 -0.00769366
  0.00632850  0.00769366    0.24699349  0.00000000    0.00589277  0.00000000
  0.00632850  0.00769366    0.00589277  0.00000000    0.24699349  0.00000000
    1    2
  0.08020056 -0.05899043   -0.04357837  0.04117113   -0.04357837  0.04117113
 -0.04357837  0.04117113    0.06173708 -0.06061970   -0.13617036 -0.04153829
 -0.04357837  0.04117113   -0.13617036 -0.04153829    0.06173708 -0.06061970
    2    1
  0.08020056  0.05899043   -0.04357837 -0.04117113   -0.04357837 -0.04117113
 -0.04357837 -0.04117113    0.06173708  0.06061970   -0.13617036  0.04153829
 -0.04357837 -0.04117113   -0.13617036  0.04153829    0.06173708  0.06061970
    2    2
  0.29834155  0.00000000    0.00632850  0.00769366    0.00632850  0.00769366
  0.00632850 -0.00769366    0.24699349  0.00000000    0.00589277  0.00000000
  0.00632850 -0.00769366    0.00589277  0.00000000    0.24699349  0.00000000

     Dynamical  Matrix in cartesian axes

     q = (   -0.250000000  -0.750000000   0.750000000 ) 

    1    1
  0.29834155  0.00000000    0.00632850 -0.00769366   -0.00632850  0.00769366
  0.00632850  0.00769366    0.24699349  0.00000000   -0.00589277  0.00000000
 -0.00632850 -0.00769366   -0.00589277  0.00000000    0.24699349  0.00000000
    1    2
 -0.08020056  0.05899043    0.04357837 -0.04117113   -0.04357837  0.04117113
  0.04357837 -0.04117113   -0.06173708  0.06061970   -0.13617036 -0.04153829
 -0.04357837  0.04117113   -0.13617036 -0.04153829   -0.06173708  0.06061970
    2    1
 -0.08020056 -0.05899043    0.04357837  0.04117113   -0.04357837 -0.04117113
  0.04357837  0.04117113   -0.06173708 -0.06061970   -0.13617036  0.04153829
 -0.04357837 -0.04117113   -0.13617036  0.04153829   -0.06173708 -0.06061970
    2    2
  0.29834155  0.00000000    0.00632850  0.00769366   -0.00632850 -0.00769366
  0.00632850 -0.00769366    0.24699349  0.00000000   -0.00589277  0.00000000
 -0.00632850  0.00769366   -0.00589277  0.00000000    0.24699349  0.00000000

     Dynamical  Matrix in cartesian axes

     q = (    0.750000000   0.750000000   0.250000000 ) 

    1    1
  0.24699349  0.00000000    0.00589277  0.00000000    0.00632850  0.00769366
  0.00589277  0.00000000    0.24699349  0.00000000    0.00632850  0.00769366
  0.00632850 -0.00769366    0.00632850 -0.00769366    0.29834155  0.00000000
    1    2
  0.06173708 -0.06061970   -0.13617036 -0.04153829   -0.04357837  0.04117113
 -0.13617036 -0.04153829    0.06173708 -0.06061970   -0.04357837  0.04117113
 -0.04357837  0.04117113   -0.04357837  0.04117113    0.08020056 -0.05899043
    2    1
  0.06173708  0.06061970   -0.13617036  0.04153829   -0.04357837 -0.04117113
 -0.13617036  0.04153829    0.06173708  0.06061970   -0.04357837 -0.04117113
 -0.04357837 -0.04117113   -0.04357837 -0.04117113    0.08020056  0.05899043
    2    2
  0.24699349  0.00000000    0.00589277  0.00000000    0.00632850 -0.00769366
  0.00589277  0.00000000    0.24699349  0.00000000    0.00632850 -0.00769366
  0.00632850  0.00769366    0.00632850  0.00769366    0.29834155  0.00000000

     Dynamical  Matrix in cartesian axes

     q = (    0.250000000  -0.750000000  -0.750000000 ) 

    1    1
  0.29834155  0.00000000   -0.00632850  0.00769366   -0.00632850  0.00769366
 -0.00632850 -0.00769366    0.24699349  0.00000000    0.00589277  0.00000000
 -0.00632850 -0.00769366    0.00589277  0.00000000    0.24699349  0.00000000
    1    2
 -0.05899043 -0.08020056   -0.04117113 -0.04357837   -0.04117113 -0.04357837
 -0.04117113 -0.04357837   -0.06061970 -0.06173708   -0.04153829  0.13617036
 -0.04117113 -0.04357837   -0.04153829  0.13617036   -0.06061970 -0.06173708
    2    1
 -0.05899043  0.08020056   -0.04117113  0.04357837   -0.04117113  0.04357837
 -0.04117113  0.04357837   -0.06061970  0.06173708   -0.04153829 -0.13617036
 -0.04117113  0.04357837   -0.04153829 -0.13617036   -0.06061970  0.06173708
    2    2
  0.29834155  0.00000000   -0.00632850 -0.00769366   -0.00632850 -0.00769366
 -0.00632850  0.00769366    0.24699349  0.00000000    0.00589277  0.00000000
 -0.00632850  0.00769366    0.00589277  0.00000000    0.24699349  0.00000000

     Dynamical  Matrix in cartesian axes

     q = (    0.750000000  -0.750000000  -0.250000000 ) 

    1    1
  0.24699349  0.00000000   -0.00589277  0.00000000   -0.00632850 -0.00769366
 -0.00589277  0.00000000    0.24699349  0.00000000    0.00632850  0.00769366
 -0.00632850  0.00769366    0.00632850 -0.00769366    0.29834155  0.00000000
    1    2
 -0.06173708  0.06061970   -0.13617036 -0.04153829   -0.04357837  0.04117113
 -0.13617036 -0.04153829   -0.06173708  0.06061970    0.04357837 -0.04117113
 -0.04357837  0.04117113    0.04357837 -0.04117113   -0.08020056  0.05899043
    2    1
 -0.06173708 -0.06061970   -0.13617036  0.04153829   -0.04357837 -0.04117113
 -0.13617036  0.04153829   -0.06173708 -0.06061970    0.04357837  0.04117113
 -0.04357837 -0.04117113    0.04357837  0.04117113   -0.08020056 -0.05899043
    2    2
  0.24699349  0.00000000   -0.00589277  0.00000000   -0.00632850  0.00769366
 -0.00589277  0.00000000    0.24699349  0.00000000    0.00632850 -0.00769366
 -0.00632850 -0.00769366    0.00632850  0.00769366    0.29834155  0.00000000

     Diagonalizing the dynamical matrix

     q = (    0.750000000  -0.250000000   0.750000000 ) 

 **************************************************************************
     freq (    1) =       4.227753 [THz] =     141.022658 [cm-1]
 (  0.047985 -0.497692  0.000000 -0.000000 -0.047985  0.497692 ) 
 (  0.500000 -0.000000  0.000000 -0.000000 -0.500000  0.000000 ) 
     freq (    2) =       5.878812 [THz] =     196.096075 [cm-1]
 ( -0.390353 -0.163194 -0.344008  0.153765 -0.390353 -0.163194 ) 
 ( -0.423093  0.000000 -0.258078 -0.274555 -0.423093  0.000000 ) 
     freq (    3) =       9.380405 [THz] =     312.896625 [cm-1]
 (  0.115962 -0.288534  0.380217  0.402538  0.115962 -0.288534 ) 
 ( -0.310965  0.000000  0.231715  0.502901 -0.310965  0.000000 ) 
     freq (    4) =      12.107928 [THz] =     403.877018 [cm-1]
 (  0.078483  0.318306 -0.403052 -0.350132  0.078483  0.318306 ) 
 ( -0.327839 -0.000000  0.436439  0.307513 -0.327839  0.000000 ) 
     freq (    5) =      13.638130 [THz] =     454.919034 [cm-1]
 (  0.047985 -0.497692  0.000000 -0.000000 -0.047985  0.497692 ) 
 ( -0.500000  0.000000 -0.000000 -0.000000  0.500000  0.000000 ) 
     freq (    6) =      14.034194 [THz] =     468.130332 [cm-1]
 ( -0.302432 -0.159216 -0.466523  0.220740 -0.302432 -0.159216 ) 
 (  0.341782 -0.000000  0.309982  0.412652  0.341782 -0.000000 ) 
 **************************************************************************
