Dynamical matrix file
                                                                           
  1    2  2 10.3400000  0.0000000  0.0000000  0.0000000  0.0000000  0.0000000
           1  'Si  '    25598.822984527003     
    1    1      0.0000000000      0.0000000000      0.0000000000
    2    1      0.2500000000      0.2500000000      0.2500000000

     Dynamical  Matrix in cartesian axes

     q = (   -0.250000000   0.250000000  -0.250000000 ) 

    1    1
  0.26855232  0.00000000   -0.01090505  0.00000000    0.01090505  0.00000000
 -0.01090505  0.00000000    0.26855232  0.00000000   -0.01090505  0.00000000
  0.01090505  0.00000000   -0.01090505  0.00000000    0.26855232  0.00000000
    1    2
 -0.19312686 -0.05547933   -0.03649307  0.03722409    0.03649307 -0.03722409
 -0.03649307  0.03722409   -0.19312686 -0.05547933   -0.03649307  0.03722409
  0.03649307 -0.03722409   -0.03649307  0.03722409   -0.19312686 -0.05547933
    2    1
 -0.19312686  0.05547933   -0.03649307 -0.03722409    0.03649307  0.03722409
 -0.03649307 -0.03722409   -0.19312686  0.05547933   -0.03649307 -0.03722409
  0.03649307  0.03722409   -0.03649307 -0.03722409   -0.19312686  0.05547933
    2    2
  0.26855232  0.00000000   -0.01090505  0.00000000    0.01090505  0.00000000
 -0.01090505  0.00000000    0.26855232  0.00000000   -0.01090505  0.00000000
  0.01090505  0.00000000   -0.01090505  0.00000000    0.26855232  0.00000000

     Dynamical  Matrix in cartesian axes

     q = (    0.250000000  -0.250000000  -0.250000000 ) 

    1    1
  0.26855232  0.00000000   -0.01090505  0.00000000   -0.01090505  0.00000000
 -0.01090505  0.00000000    0.26855232  0.00000000    0.01090505  0.00000000
 -0.01090505  0.00000000    0.01090505  0.00000000    0.26855232  0.00000000
    1    2
 -0.19312686 -0.05547933   -0.03649307  0.03722409   -0.03649307  0.03722409
 -0.03649307  0.03722409   -0.19312686 -0.05547933    0.03649307 -0.03722409
 -0.03649307  0.03722409    0.03649307 -0.03722409   -0.19312686 -0.05547933
    2    1
 -0.19312686  0.05547933   -0.03649307 -0.03722409   -0.03649307 -0.03722409
 -0.03649307 -0.03722409   -0.19312686  0.05547933    0.03649307  0.03722409
 -0.03649307 -0.03722409    0.03649307  0.03722409   -0.19312686  0.05547933
    2    2
  0.26855232  0.00000000   -0.01090505  0.00000000   -0.01090505  0.00000000
 -0.01090505  0.00000000    0.26855232  0.00000000    0.01090505  0.00000000
 -0.01090505  0.00000000    0.01090505  0.00000000    0.26855232  0.00000000

     Dynamical  Matrix in cartesian axes

     q = (    0.250000000  -0.250000000   0.250000000 ) 

    1    1
  0.26855232  0.00000000   -0.01090505  0.00000000    0.01090505  0.00000000
 -0.01090505  0.00000000    0.26855232  0.00000000   -0.01090505  0.00000000
  0.01090505  0.00000000   -0.01090505  0.00000000    0.26855232  0.00000000
    1    2
 -0.19312686  0.05547933   -0.03649307 -0.03722409    0.03649307  0.03722409
 -0.03649307 -0.03722409   -0.19312686  0.05547933   -0.03649307 -0.03722409
  0.03649307  0.03722409   -0.03649307 -0.03722409   -0.19312686  0.05547933
    2    1
 -0.19312686 -0.05547933   -0.03649307  0.03722409    0.03649307 -0.03722409
 -0.03649307  0.03722409   -0.19312686 -0.05547933   -0.03649307  0.03722409
  0.03649307 -0.03722409   -0.03649307  0.03722409   -0.19312686 -0.05547933
    2    2
  0.26855232  0.00000000   -0.01090505  0.00000000    0.01090505  0.00000000
 -0.01090505  0.00000000    0.26855232  0.00000000   -0.01090505  0.00000000
  0.01090505  0.00000000   -0.01090505  0.00000000    0.26855232  0.00000000

     Dynamical  Matrix in cartesian axes

     q = (    0.250000000   0.250000000   0.250000000 ) 

    1    1
  0.26855232  0.00000000    0.01090505  0.00000000    0.01090505  0.00000000
  0.01090505  0.00000000    0.26855232  0.00000000    0.01090505  0.00000000
  0.01090505  0.00000000    0.01090505  0.00000000    0.26855232  0.00000000
    1    2
 -0.05547933  0.19312686   -0.03722409 -0.03649307   -0.03722409 -0.03649307
 -0.03722409 -0.03649307   -0.05547933  0.19312686   -0.03722409 -0.03649307
 -0.03722409 -0.03649307   -0.03722409 -0.03649307   -0.05547933  0.19312686
    2    1
 -0.05547933 -0.19312686   -0.03722409  0.03649307   -0.03722409  0.03649307
 -0.03722409  0.03649307   -0.05547933 -0.19312686   -0.03722409  0.03649307
 -0.03722409  0.03649307   -0.03722409  0.03649307   -0.05547933 -0.19312686
    2    2
  0.26855232  0.00000000    0.01090505  0.00000000    0.01090505  0.00000000
  0.01090505  0.00000000    0.26855232  0.00000000    0.01090505  0.00000000
  0.01090505  0.00000000    0.01090505  0.00000000    0.26855232  0.00000000

     Dynamical  Matrix in cartesian axes

     q = (   -0.250000000  -0.250000000  -0.250000000 ) 

    1    1
  0.26855232  0.00000000    0.01090505  0.00000000    0.01090505  0.00000000
  0.01090505  0.00000000    0.26855232  0.00000000    0.01090505  0.00000000
  0.01090505  0.00000000    0.01090505  0.00000000    0.26855232  0.00000000
    1    2
 -0.05547933 -0.19312686   -0.03722409  0.03649307   -0.03722409  0.03649307
 -0.03722409  0.03649307   -0.05547933 -0.19312686   -0.03722409  0.03649307
 -0.03722409  0.03649307   -0.03722409  0.03649307   -0.05547933 -0.19312686
    2    1
 -0.05547933  0.19312686   -0.03722409 -0.03649307   -0.03722409 -0.03649307
 -0.03722409 -0.03649307   -0.05547933  0.19312686   -0.03722409 -0.03649307
 -0.03722409 -0.03649307   -0.03722409 -0.03649307   -0.05547933  0.19312686
    2    2
  0.26855232  0.00000000    0.01090505  0.00000000    0.01090505  0.00000000
  0.01090505  0.00000000    0.26855232  0.00000000    0.01090505  0.00000000
  0.01090505  0.00000000    0.01090505  0.00000000    0.26855232  0.00000000

     Dynamical  Matrix in cartesian axes

     q = (   -0.250000000  -0.250000000   0.250000000 ) 

    1    1
  0.26855232  0.00000000    0.01090505  0.00000000   -0.01090505  0.00000000
  0.01090505  0.00000000    0.26855232  0.00000000   -0.01090505  0.00000000
 -0.01090505  0.00000000   -0.01090505  0.00000000    0.26855232  0.00000000
    1    2
 -0.19312686 -0.05547933    0.03649307 -0.03722409   -0.03649307  0.03722409
  0.03649307 -0.03722409   -0.19312686 -0.05547933   -0.03649307  0.03722409
 -0.03649307  0.03722409   -0.03649307  0.03722409   -0.19312686 -0.05547933
    2    1
 -0.19312686  0.05547933    0.03649307  0.03722409   -0.03649307 -0.03722409
  0.03649307  0.03722409   -0.19312686  0.05547933   -0.03649307 -0.03722409
 -0.03649307 -0.03722409   -0.03649307 -0.03722409   -0.19312686  0.05547933
    2    2
  0.26855232  0.00000000    0.01090505  0.00000000   -0.01090505  0.00000000
  0.01090505  0.00000000    0.26855232  0.00000000   -0.01090505  0.00000000
 -0.01090505  0.00000000   -0.01090505  0.00000000    0.26855232  0.00000000

     Dynamical  Matrix in cartesian axes

     q = (   -0.250000000   0.250000000   0.250000000 ) 

    1    1
  0.26855232  0.00000000   -0.01090505  0.00000000   -0.01090505  0.00000000
 -0.01090505  0.00000000    0.26855232  0.00000000    0.01090505  0.00000000
 -0.01090505  0.00000000    0.01090505  0.00000000    0.26855232  0.00000000
    1    2
 -0.19312686  0.05547933   -0.03649307 -0.03722409   -0.03649307 -0.03722409
 -0.03649307 -0.03722409   -0.19312686  0.05547933    0.03649307  0.03722409
 -0.03649307 -0.03722409    0.03649307  0.03722409   -0.19312686  0.05547933
    2    1
 -0.19312686 -0.05547933   -0.03649307  0.03722409   -0.03649307  0.03722409
 -0.03649307  0.03722409   -0.19312686 -0.05547933    0.03649307 -0.03722409
 -0.03649307  0.03722409    0.03649307 -0.03722409   -0.19312686 -0.05547933
    2    2
  0.26855232  0.00000000   -0.01090505  0.00000000   -0.01090505  0.00000000
 -0.01090505  0.00000000    0.26855232  0.00000000    0.01090505  0.00000000
 -0.01090505  0.00000000    0.01090505  0.00000000    0.26855232  0.00000000

     Dynamical  Matrix in cartesian axes

     q = (    0.250000000   0.250000000  -0.250000000 ) 

    1    1
  0.26855232  0.00000000    0.01090505  0.00000000   -0.01090505  0.00000000
  0.01090505  0.00000000    0.26855232  0.00000000   -0.01090505  0.00000000
 -0.01090505  0.00000000   -0.01090505  0.00000000    0.26855232  0.00000000
    1    2
 -0.19312686  0.05547933    0.03649307  0.03722409   -0.03649307 -0.03722409
  0.03649307  0.03722409   -0.19312686  0.05547933   -0.03649307 -0.03722409
 -0.03649307 -0.03722409   -0.03649307 -0.03722409   -0.19312686  0.05547933
    2    1
 -0.19312686 -0.05547933    0.03649307 -0.03722409   -0.03649307  0.03722409
  0.03649307 -0.03722409   -0.19312686 -0.05547933   -0.03649307  0.03722409
 -0.03649307  0.03722409   -0.03649307  0.03722409   -0.19312686 -0.05547933
    2    2
  0.26855232  0.00000000    0.01090505  0.00000000   -0.01090505  0.00000000
  0.01090505  0.00000000    0.26855232  0.00000000   -0.01090505  0.00000000
 -0.01090505  0.00000000   -0.01090505  0.00000000    0.26855232  0.00000000

     Diagonalizing the dynamical matrix

     q = (   -0.250000000   0.250000000  -0.250000000 ) 

 **************************************************************************
     freq (    1) =       3.397573 [THz] =     113.330824 [cm-1]
 (  0.001980  0.001933 -0.497501 -0.037777 -0.499481 -0.039710 ) 
 (  0.002127  0.001770 -0.498930  0.001770 -0.501057  0.000000 ) 
     freq (    2) =       3.397573 [THz] =     113.330824 [cm-1]
 (  0.575764  0.042673  0.289830  0.019940 -0.285934 -0.022732 ) 
 (  0.577335 -0.003092  0.290499 -0.003092 -0.286837  0.000000 ) 
     freq (    3) =       6.924296 [THz] =     230.969640 [cm-1]
 ( -0.277165 -0.299743  0.277165  0.299743 -0.277165 -0.299743 ) 
 ( -0.408248 -0.000000  0.408248  0.000000 -0.408248  0.000000 ) 
     freq (    4) =      14.056380 [THz] =     468.870362 [cm-1]
 ( -0.277165 -0.299743  0.277165  0.299743 -0.277165 -0.299743 ) 
 (  0.408248 -0.000000 -0.408248  0.000000  0.408248  0.000000 ) 
     freq (    5) =      14.363863 [THz] =     479.126909 [cm-1]
 ( -0.287549 -0.022918  0.287985  0.022839  0.575534  0.045756 ) 
 (  0.288461  0.000057 -0.288889  0.000057 -0.577350  0.000000 ) 
     freq (    6) =      14.363863 [THz] =     479.126909 [cm-1]
 ( -0.492100  0.089227 -0.491845  0.089247  0.000255  0.000020 ) 
 (  0.483480 -0.127946  0.483225 -0.127946 -0.000256  0.000000 ) 
 **************************************************************************
