Dynamical matrix file
                                                                           
  1    2  2 10.2960000  0.0000000  0.0000000  0.0000000  0.0000000  0.0000000
           1  'Si  '    25598.822984527003     
    1    1      0.0000000000      0.0000000000      0.0000000000
    2    1      0.2500000000      0.2500000000      0.2500000000

     Dynamical  Matrix in cartesian axes

     q = (   -0.250000000   0.250000000  -0.250000000 ) 

    1    1
  0.27548889  0.00000000   -0.01190136  0.00000000    0.01190136  0.00000000
 -0.01190136  0.00000000    0.27548889  0.00000000   -0.01190136  0.00000000
  0.01190136  0.00000000   -0.01190136  0.00000000    0.27548889  0.00000000
    1    2
 -0.20488624 -0.05956986   -0.03996621  0.04159412    0.03996621 -0.04159412
 -0.03996621  0.04159412   -0.20488624 -0.05956986   -0.03996621  0.04159412
  0.03996621 -0.04159412   -0.03996621  0.04159412   -0.20488624 -0.05956986
    2    1
 -0.20488624  0.05956986   -0.03996621 -0.04159412    0.03996621  0.04159412
 -0.03996621 -0.04159412   -0.20488624  0.05956986   -0.03996621 -0.04159412
  0.03996621  0.04159412   -0.03996621 -0.04159412   -0.20488624  0.05956986
    2    2
  0.27548889  0.00000000   -0.01190136  0.00000000    0.01190136  0.00000000
 -0.01190136  0.00000000    0.27548889  0.00000000   -0.01190136  0.00000000
  0.01190136  0.00000000   -0.01190136  0.00000000    0.27548889  0.00000000

     Dynamical  Matrix in cartesian axes

     q = (    0.250000000  -0.250000000  -0.250000000 ) 

    1    1
  0.27548889  0.00000000   -0.01190136  0.00000000   -0.01190136  0.00000000
 -0.01190136  0.00000000    0.27548889  0.00000000    0.01190136  0.00000000
 -0.01190136  0.00000000    0.01190136  0.00000000    0.27548889  0.00000000
    1    2
 -0.20488624 -0.05956986   -0.03996621  0.04159412   -0.03996621  0.04159412
 -0.03996621  0.04159412   -0.20488624 -0.05956986    0.03996621 -0.04159412
 -0.03996621  0.04159412    0.03996621 -0.04159412   -0.20488624 -0.05956986
    2    1
 -0.20488624  0.05956986   -0.03996621 -0.04159412   -0.03996621 -0.04159412
 -0.03996621 -0.04159412   -0.20488624  0.05956986    0.03996621  0.04159412
 -0.03996621 -0.04159412    0.03996621  0.04159412   -0.20488624  0.05956986
    2    2
  0.27548889  0.00000000   -0.01190136  0.00000000   -0.01190136  0.00000000
 -0.01190136  0.00000000    0.27548889  0.00000000    0.01190136  0.00000000
 -0.01190136  0.00000000    0.01190136  0.00000000    0.27548889  0.00000000

     Dynamical  Matrix in cartesian axes

     q = (    0.250000000  -0.250000000   0.250000000 ) 

    1    1
  0.27548889  0.00000000   -0.01190136  0.00000000    0.01190136  0.00000000
 -0.01190136  0.00000000    0.27548889  0.00000000   -0.01190136  0.00000000
  0.01190136  0.00000000   -0.01190136  0.00000000    0.27548889  0.00000000
    1    2
 -0.20488624  0.05956986   -0.03996621 -0.04159412    0.03996621  0.04159412
 -0.03996621 -0.04159412   -0.20488624  0.05956986   -0.03996621 -0.04159412
  0.03996621  0.04159412   -0.03996621 -0.04159412   -0.20488624  0.05956986
    2    1
 -0.20488624 -0.05956986   -0.03996621  0.04159412    0.03996621 -0.04159412
 -0.03996621  0.04159412   -0.20488624 -0.05956986   -0.03996621  0.04159412
  0.03996621 -0.04159412   -0.03996621  0.04159412   -0.20488624 -0.05956986
    2    2
  0.27548889  0.00000000   -0.01190136  0.00000000    0.01190136  0.00000000
 -0.01190136  0.00000000    0.27548889  0.00000000   -0.01190136  0.00000000
  0.01190136  0.00000000   -0.01190136  0.00000000    0.27548889  0.00000000

     Dynamical  Matrix in cartesian axes

     q = (    0.250000000   0.250000000   0.250000000 ) 

    1    1
  0.27548889  0.00000000    0.01190136  0.00000000    0.01190136  0.00000000
  0.01190136  0.00000000    0.27548889  0.00000000    0.01190136  0.00000000
  0.01190136  0.00000000    0.01190136  0.00000000    0.27548889  0.00000000
    1    2
 -0.05956986  0.20488624   -0.04159412 -0.03996621   -0.04159412 -0.03996621
 -0.04159412 -0.03996621   -0.05956986  0.20488624   -0.04159412 -0.03996621
 -0.04159412 -0.03996621   -0.04159412 -0.03996621   -0.05956986  0.20488624
    2    1
 -0.05956986 -0.20488624   -0.04159412  0.03996621   -0.04159412  0.03996621
 -0.04159412  0.03996621   -0.05956986 -0.20488624   -0.04159412  0.03996621
 -0.04159412  0.03996621   -0.04159412  0.03996621   -0.05956986 -0.20488624
    2    2
  0.27548889  0.00000000    0.01190136  0.00000000    0.01190136  0.00000000
  0.01190136  0.00000000    0.27548889  0.00000000    0.01190136  0.00000000
  0.01190136  0.00000000    0.01190136  0.00000000    0.27548889  0.00000000

     Dynamical  Matrix in cartesian axes

     q = (   -0.250000000  -0.250000000  -0.250000000 ) 

    1    1
  0.27548889  0.00000000    0.01190136  0.00000000    0.01190136  0.00000000
  0.01190136  0.00000000    0.27548889  0.00000000    0.01190136  0.00000000
  0.01190136  0.00000000    0.01190136  0.00000000    0.27548889  0.00000000
    1    2
 -0.05956986 -0.20488624   -0.04159412  0.03996621   -0.04159412  0.03996621
 -0.04159412  0.03996621   -0.05956986 -0.20488624   -0.04159412  0.03996621
 -0.04159412  0.03996621   -0.04159412  0.03996621   -0.05956986 -0.20488624
    2    1
 -0.05956986  0.20488624   -0.04159412 -0.03996621   -0.04159412 -0.03996621
 -0.04159412 -0.03996621   -0.05956986  0.20488624   -0.04159412 -0.03996621
 -0.04159412 -0.03996621   -0.04159412 -0.03996621   -0.05956986  0.20488624
    2    2
  0.27548889  0.00000000    0.01190136  0.00000000    0.01190136  0.00000000
  0.01190136  0.00000000    0.27548889  0.00000000    0.01190136  0.00000000
  0.01190136  0.00000000    0.01190136  0.00000000    0.27548889  0.00000000

     Dynamical  Matrix in cartesian axes

     q = (   -0.250000000  -0.250000000   0.250000000 ) 

    1    1
  0.27548889  0.00000000    0.01190136  0.00000000   -0.01190136  0.00000000
  0.01190136  0.00000000    0.27548889  0.00000000   -0.01190136  0.00000000
 -0.01190136  0.00000000   -0.01190136  0.00000000    0.27548889  0.00000000
    1    2
 -0.20488624 -0.05956986    0.03996621 -0.04159412   -0.03996621  0.04159412
  0.03996621 -0.04159412   -0.20488624 -0.05956986   -0.03996621  0.04159412
 -0.03996621  0.04159412   -0.03996621  0.04159412   -0.20488624 -0.05956986
    2    1
 -0.20488624  0.05956986    0.03996621  0.04159412   -0.03996621 -0.04159412
  0.03996621  0.04159412   -0.20488624  0.05956986   -0.03996621 -0.04159412
 -0.03996621 -0.04159412   -0.03996621 -0.04159412   -0.20488624  0.05956986
    2    2
  0.27548889  0.00000000    0.01190136  0.00000000   -0.01190136  0.00000000
  0.01190136  0.00000000    0.27548889  0.00000000   -0.01190136  0.00000000
 -0.01190136  0.00000000   -0.01190136  0.00000000    0.27548889  0.00000000

     Dynamical  Matrix in cartesian axes

     q = (   -0.250000000   0.250000000   0.250000000 ) 

    1    1
  0.27548889  0.00000000   -0.01190136  0.00000000   -0.01190136  0.00000000
 -0.01190136  0.00000000    0.27548889  0.00000000    0.01190136  0.00000000
 -0.01190136  0.00000000    0.01190136  0.00000000    0.27548889  0.00000000
    1    2
 -0.20488624  0.05956986   -0.03996621 -0.04159412   -0.03996621 -0.04159412
 -0.03996621 -0.04159412   -0.20488624  0.05956986    0.03996621  0.04159412
 -0.03996621 -0.04159412    0.03996621  0.04159412   -0.20488624  0.05956986
    2    1
 -0.20488624 -0.05956986   -0.03996621  0.04159412   -0.03996621  0.04159412
 -0.03996621  0.04159412   -0.20488624 -0.05956986    0.03996621 -0.04159412
 -0.03996621  0.04159412    0.03996621 -0.04159412   -0.20488624 -0.05956986
    2    2
  0.27548889  0.00000000   -0.01190136  0.00000000   -0.01190136  0.00000000
 -0.01190136  0.00000000    0.27548889  0.00000000    0.01190136  0.00000000
 -0.01190136  0.00000000    0.01190136  0.00000000    0.27548889  0.00000000

     Dynamical  Matrix in cartesian axes

     q = (    0.250000000   0.250000000  -0.250000000 ) 

    1    1
  0.27548889  0.00000000    0.01190136  0.00000000   -0.01190136  0.00000000
  0.01190136  0.00000000    0.27548889  0.00000000   -0.01190136  0.00000000
 -0.01190136  0.00000000   -0.01190136  0.00000000    0.27548889  0.00000000
    1    2
 -0.20488624  0.05956986    0.03996621  0.04159412   -0.03996621 -0.04159412
  0.03996621  0.04159412   -0.20488624  0.05956986   -0.03996621 -0.04159412
 -0.03996621 -0.04159412   -0.03996621 -0.04159412   -0.20488624  0.05956986
    2    1
 -0.20488624 -0.05956986    0.03996621 -0.04159412   -0.03996621  0.04159412
  0.03996621 -0.04159412   -0.20488624 -0.05956986   -0.03996621  0.04159412
 -0.03996621  0.04159412   -0.03996621  0.04159412   -0.20488624 -0.05956986
    2    2
  0.27548889  0.00000000    0.01190136  0.00000000   -0.01190136  0.00000000
  0.01190136  0.00000000    0.27548889  0.00000000   -0.01190136  0.00000000
 -0.01190136  0.00000000   -0.01190136  0.00000000    0.27548889  0.00000000

     Diagonalizing the dynamical matrix

     q = (   -0.250000000   0.250000000  -0.250000000 ) 

 **************************************************************************
     freq (    1) =       2.764507 [THz] =      92.214029 [cm-1]
 ( -0.489307 -0.012652 -0.509706 -0.014149 -0.020399 -0.001498 ) 
 ( -0.488920  0.023208 -0.509374  0.023208 -0.020454  0.000000 ) 
     freq (    2) =       2.764507 [THz] =      92.214029 [cm-1]
 (  0.305427  0.021598 -0.270012 -0.020648 -0.575439 -0.042246 ) 
 (  0.306189 -0.000823 -0.270799 -0.000823 -0.576988  0.000000 ) 
     freq (    3) =       6.806375 [THz] =     227.036218 [cm-1]
 (  0.268883  0.307195 -0.268883 -0.307195  0.268883  0.307195 ) 
 (  0.408248 -0.000000 -0.408248  0.000000  0.408248  0.000000 ) 
     freq (    4) =      14.378852 [THz] =     479.626875 [cm-1]
 (  0.268883  0.307195 -0.268883 -0.307195  0.268883  0.307195 ) 
 ( -0.408248 -0.000000  0.408248  0.000000 -0.408248  0.000000 ) 
     freq (    5) =      14.671217 [THz] =     489.379116 [cm-1]
 ( -0.551391  0.099184 -0.379259  0.111821  0.172132  0.012637 ) 
 (  0.542649 -0.139289  0.370054 -0.139289 -0.172595  0.000000 ) 
     freq (    6) =      14.671217 [THz] =     489.379116 [cm-1]
 (  0.128963  0.053220 -0.420507  0.012881 -0.549470 -0.040339 ) 
 ( -0.132513 -0.043635  0.418435 -0.043635  0.550949  0.000000 ) 
 **************************************************************************
