Dynamical matrix file
                                                                           
  1    2  2 10.3400000  0.0000000  0.0000000  0.0000000  0.0000000  0.0000000
           1  'Si  '    25598.822984527003     
    1    1      0.0000000000      0.0000000000      0.0000000000
    2    1      0.2500000000      0.2500000000      0.2500000000

     Dynamical  Matrix in cartesian axes

     q = (    0.750000000  -0.250000000   0.750000000 ) 

    1    1
  0.24464559  0.00000000   -0.00626513  0.00765157    0.00581140  0.00000000
 -0.00626513 -0.00765157    0.29578916  0.00000000   -0.00626513 -0.00765157
  0.00581140  0.00000000   -0.00626513  0.00765157    0.24464559  0.00000000
    1    2
 -0.06008478  0.06118482   -0.04049044  0.04286584   -0.04084891 -0.13400712
 -0.04049044  0.04286584   -0.05847683  0.07963925   -0.04049044  0.04286584
 -0.04084891 -0.13400712   -0.04049044  0.04286584   -0.06008478  0.06118482
    2    1
 -0.06008478 -0.06118482   -0.04049044 -0.04286584   -0.04084891  0.13400712
 -0.04049044 -0.04286584   -0.05847683 -0.07963925   -0.04049044 -0.04286584
 -0.04084891  0.13400712   -0.04049044 -0.04286584   -0.06008478 -0.06118482
    2    2
  0.24464559  0.00000000   -0.00626513 -0.00765157    0.00581140  0.00000000
 -0.00626513  0.00765157    0.29578916  0.00000000   -0.00626513  0.00765157
  0.00581140  0.00000000   -0.00626513 -0.00765157    0.24464559  0.00000000

     Dynamical  Matrix in cartesian axes

     q = (    0.750000000  -0.250000000  -0.750000000 ) 

    1    1
  0.24464559  0.00000000   -0.00626513 -0.00765157   -0.00581140  0.00000000
 -0.00626513  0.00765157    0.29578916  0.00000000    0.00626513 -0.00765157
 -0.00581140  0.00000000    0.00626513  0.00765157    0.24464559  0.00000000
    1    2
 -0.06118482  0.06008478   -0.04286584  0.04049044   -0.13400712 -0.04084891
 -0.04286584  0.04049044   -0.07963925  0.05847683    0.04286584 -0.04049044
 -0.13400712 -0.04084891    0.04286584 -0.04049044   -0.06118482  0.06008478
    2    1
 -0.06118482 -0.06008478   -0.04286584 -0.04049044   -0.13400712  0.04084891
 -0.04286584 -0.04049044   -0.07963925 -0.05847683    0.04286584  0.04049044
 -0.13400712  0.04084891    0.04286584  0.04049044   -0.06118482 -0.06008478
    2    2
  0.24464559  0.00000000   -0.00626513  0.00765157   -0.00581140  0.00000000
 -0.00626513 -0.00765157    0.29578916  0.00000000    0.00626513  0.00765157
 -0.00581140  0.00000000    0.00626513 -0.00765157    0.24464559  0.00000000

     Dynamical  Matrix in cartesian axes

     q = (   -0.750000000  -0.250000000  -0.750000000 ) 

    1    1
  0.24464559  0.00000000    0.00626513 -0.00765157    0.00581140  0.00000000
  0.00626513  0.00765157    0.29578916  0.00000000    0.00626513  0.00765157
  0.00581140  0.00000000    0.00626513 -0.00765157    0.24464559  0.00000000
    1    2
  0.06118482  0.06008478   -0.04286584 -0.04049044   -0.13400712  0.04084891
 -0.04286584 -0.04049044    0.07963925  0.05847683   -0.04286584 -0.04049044
 -0.13400712  0.04084891   -0.04286584 -0.04049044    0.06118482  0.06008478
    2    1
  0.06118482 -0.06008478   -0.04286584  0.04049044   -0.13400712 -0.04084891
 -0.04286584  0.04049044    0.07963925 -0.05847683   -0.04286584  0.04049044
 -0.13400712 -0.04084891   -0.04286584  0.04049044    0.06118482 -0.06008478
    2    2
  0.24464559  0.00000000    0.00626513  0.00765157    0.00581140  0.00000000
  0.00626513 -0.00765157    0.29578916  0.00000000    0.00626513 -0.00765157
  0.00581140  0.00000000    0.00626513  0.00765157    0.24464559  0.00000000

     Dynamical  Matrix in cartesian axes

     q = (   -0.750000000  -0.250000000   0.750000000 ) 

    1    1
  0.24464559  0.00000000    0.00626513  0.00765157   -0.00581140  0.00000000
  0.00626513 -0.00765157    0.29578916  0.00000000   -0.00626513  0.00765157
 -0.00581140  0.00000000   -0.00626513 -0.00765157    0.24464559  0.00000000
    1    2
 -0.06118482  0.06008478    0.04286584 -0.04049044   -0.13400712 -0.04084891
  0.04286584 -0.04049044   -0.07963925  0.05847683   -0.04286584  0.04049044
 -0.13400712 -0.04084891   -0.04286584  0.04049044   -0.06118482  0.06008478
    2    1
 -0.06118482 -0.06008478    0.04286584  0.04049044   -0.13400712  0.04084891
  0.04286584  0.04049044   -0.07963925 -0.05847683   -0.04286584 -0.04049044
 -0.13400712  0.04084891   -0.04286584 -0.04049044   -0.06118482 -0.06008478
    2    2
  0.24464559  0.00000000    0.00626513 -0.00765157   -0.00581140  0.00000000
  0.00626513  0.00765157    0.29578916  0.00000000   -0.00626513 -0.00765157
 -0.00581140  0.00000000   -0.00626513  0.00765157    0.24464559  0.00000000

     Dynamical  Matrix in cartesian axes

     q = (   -0.750000000   0.250000000  -0.750000000 ) 

    1    1
  0.24464559  0.00000000   -0.00626513 -0.00765157    0.00581140  0.00000000
 -0.00626513  0.00765157    0.29578916  0.00000000   -0.00626513  0.00765157
  0.00581140  0.00000000   -0.00626513 -0.00765157    0.24464559  0.00000000
    1    2
 -0.06008478 -0.06118482   -0.04049044 -0.04286584   -0.04084891  0.13400712
 -0.04049044 -0.04286584   -0.05847683 -0.07963925   -0.04049044 -0.04286584
 -0.04084891  0.13400712   -0.04049044 -0.04286584   -0.06008478 -0.06118482
    2    1
 -0.06008478  0.06118482   -0.04049044  0.04286584   -0.04084891 -0.13400712
 -0.04049044  0.04286584   -0.05847683  0.07963925   -0.04049044  0.04286584
 -0.04084891 -0.13400712   -0.04049044  0.04286584   -0.06008478  0.06118482
    2    2
  0.24464559  0.00000000   -0.00626513  0.00765157    0.00581140  0.00000000
 -0.00626513 -0.00765157    0.29578916  0.00000000   -0.00626513 -0.00765157
  0.00581140  0.00000000   -0.00626513  0.00765157    0.24464559  0.00000000

     Dynamical  Matrix in cartesian axes

     q = (   -0.250000000   0.750000000  -0.750000000 ) 

    1    1
  0.29578916  0.00000000   -0.00626513  0.00765157    0.00626513 -0.00765157
 -0.00626513 -0.00765157    0.24464559  0.00000000   -0.00581140  0.00000000
  0.00626513  0.00765157   -0.00581140  0.00000000    0.24464559  0.00000000
    1    2
 -0.07963925  0.05847683   -0.04286584  0.04049044    0.04286584 -0.04049044
 -0.04286584  0.04049044   -0.06118482  0.06008478   -0.13400712 -0.04084891
  0.04286584 -0.04049044   -0.13400712 -0.04084891   -0.06118482  0.06008478
    2    1
 -0.07963925 -0.05847683   -0.04286584 -0.04049044    0.04286584  0.04049044
 -0.04286584 -0.04049044   -0.06118482 -0.06008478   -0.13400712  0.04084891
  0.04286584  0.04049044   -0.13400712  0.04084891   -0.06118482 -0.06008478
    2    2
  0.29578916  0.00000000   -0.00626513 -0.00765157    0.00626513  0.00765157
 -0.00626513  0.00765157    0.24464559  0.00000000   -0.00581140  0.00000000
  0.00626513 -0.00765157   -0.00581140  0.00000000    0.24464559  0.00000000

     Dynamical  Matrix in cartesian axes

     q = (   -0.750000000   0.750000000  -0.250000000 ) 

    1    1
  0.24464559  0.00000000   -0.00581140  0.00000000    0.00626513  0.00765157
 -0.00581140  0.00000000    0.24464559  0.00000000   -0.00626513 -0.00765157
  0.00626513 -0.00765157   -0.00626513  0.00765157    0.29578916  0.00000000
    1    2
 -0.06118482  0.06008478   -0.13400712 -0.04084891    0.04286584 -0.04049044
 -0.13400712 -0.04084891   -0.06118482  0.06008478   -0.04286584  0.04049044
  0.04286584 -0.04049044   -0.04286584  0.04049044   -0.07963925  0.05847683
    2    1
 -0.06118482 -0.06008478   -0.13400712  0.04084891    0.04286584  0.04049044
 -0.13400712  0.04084891   -0.06118482 -0.06008478   -0.04286584 -0.04049044
  0.04286584  0.04049044   -0.04286584 -0.04049044   -0.07963925 -0.05847683
    2    2
  0.24464559  0.00000000   -0.00581140  0.00000000    0.00626513 -0.00765157
 -0.00581140  0.00000000    0.24464559  0.00000000   -0.00626513  0.00765157
  0.00626513  0.00765157   -0.00626513 -0.00765157    0.29578916  0.00000000

     Dynamical  Matrix in cartesian axes

     q = (    0.750000000   0.250000000   0.750000000 ) 

    1    1
  0.24464559  0.00000000    0.00626513  0.00765157    0.00581140  0.00000000
  0.00626513 -0.00765157    0.29578916  0.00000000    0.00626513 -0.00765157
  0.00581140  0.00000000    0.00626513  0.00765157    0.24464559  0.00000000
    1    2
  0.06118482 -0.06008478   -0.04286584  0.04049044   -0.13400712 -0.04084891
 -0.04286584  0.04049044    0.07963925 -0.05847683   -0.04286584  0.04049044
 -0.13400712 -0.04084891   -0.04286584  0.04049044    0.06118482 -0.06008478
    2    1
  0.06118482  0.06008478   -0.04286584 -0.04049044   -0.13400712  0.04084891
 -0.04286584 -0.04049044    0.07963925  0.05847683   -0.04286584 -0.04049044
 -0.13400712  0.04084891   -0.04286584 -0.04049044    0.06118482  0.06008478
    2    2
  0.24464559  0.00000000    0.00626513 -0.00765157    0.00581140  0.00000000
  0.00626513  0.00765157    0.29578916  0.00000000    0.00626513  0.00765157
  0.00581140  0.00000000    0.00626513 -0.00765157    0.24464559  0.00000000

     Dynamical  Matrix in cartesian axes

     q = (   -0.750000000   0.250000000   0.750000000 ) 

    1    1
  0.24464559  0.00000000   -0.00626513  0.00765157   -0.00581140  0.00000000
 -0.00626513 -0.00765157    0.29578916  0.00000000    0.00626513  0.00765157
 -0.00581140  0.00000000    0.00626513 -0.00765157    0.24464559  0.00000000
    1    2
 -0.06118482 -0.06008478   -0.04286584 -0.04049044   -0.13400712  0.04084891
 -0.04286584 -0.04049044   -0.07963925 -0.05847683    0.04286584  0.04049044
 -0.13400712  0.04084891    0.04286584  0.04049044   -0.06118482 -0.06008478
    2    1
 -0.06118482  0.06008478   -0.04286584  0.04049044   -0.13400712 -0.04084891
 -0.04286584  0.04049044   -0.07963925  0.05847683    0.04286584 -0.04049044
 -0.13400712 -0.04084891    0.04286584 -0.04049044   -0.06118482  0.06008478
    2    2
  0.24464559  0.00000000   -0.00626513 -0.00765157   -0.00581140  0.00000000
 -0.00626513  0.00765157    0.29578916  0.00000000    0.00626513 -0.00765157
 -0.00581140  0.00000000    0.00626513  0.00765157    0.24464559  0.00000000

     Dynamical  Matrix in cartesian axes

     q = (    0.750000000   0.250000000  -0.750000000 ) 

    1    1
  0.24464559  0.00000000    0.00626513 -0.00765157   -0.00581140  0.00000000
  0.00626513  0.00765157    0.29578916  0.00000000   -0.00626513 -0.00765157
 -0.00581140  0.00000000   -0.00626513  0.00765157    0.24464559  0.00000000
    1    2
 -0.06118482 -0.06008478    0.04286584  0.04049044   -0.13400712  0.04084891
  0.04286584  0.04049044   -0.07963925 -0.05847683   -0.04286584 -0.04049044
 -0.13400712  0.04084891   -0.04286584 -0.04049044   -0.06118482 -0.06008478
    2    1
 -0.06118482  0.06008478    0.04286584 -0.04049044   -0.13400712 -0.04084891
  0.04286584 -0.04049044   -0.07963925  0.05847683   -0.04286584  0.04049044
 -0.13400712 -0.04084891   -0.04286584  0.04049044   -0.06118482  0.06008478
    2    2
  0.24464559  0.00000000    0.00626513  0.00765157   -0.00581140  0.00000000
  0.00626513 -0.00765157    0.29578916  0.00000000   -0.00626513  0.00765157
 -0.00581140  0.00000000   -0.00626513 -0.00765157    0.24464559  0.00000000

     Dynamical  Matrix in cartesian axes

     q = (   -0.750000000   0.750000000   0.250000000 ) 

    1    1
  0.24464559  0.00000000   -0.00581140  0.00000000   -0.00626513  0.00765157
 -0.00581140  0.00000000    0.24464559  0.00000000    0.00626513 -0.00765157
 -0.00626513 -0.00765157    0.00626513  0.00765157    0.29578916  0.00000000
    1    2
 -0.06118482 -0.06008478   -0.13400712  0.04084891   -0.04286584 -0.04049044
 -0.13400712  0.04084891   -0.06118482 -0.06008478    0.04286584  0.04049044
 -0.04286584 -0.04049044    0.04286584  0.04049044   -0.07963925 -0.05847683
    2    1
 -0.06118482  0.06008478   -0.13400712 -0.04084891   -0.04286584  0.04049044
 -0.13400712 -0.04084891   -0.06118482  0.06008478    0.04286584 -0.04049044
 -0.04286584  0.04049044    0.04286584 -0.04049044   -0.07963925  0.05847683
    2    2
  0.24464559  0.00000000   -0.00581140  0.00000000   -0.00626513 -0.00765157
 -0.00581140  0.00000000    0.24464559  0.00000000    0.00626513  0.00765157
 -0.00626513  0.00765157    0.00626513 -0.00765157    0.29578916  0.00000000

     Dynamical  Matrix in cartesian axes

     q = (   -0.250000000   0.750000000   0.750000000 ) 

    1    1
  0.29578916  0.00000000   -0.00626513 -0.00765157   -0.00626513 -0.00765157
 -0.00626513  0.00765157    0.24464559  0.00000000    0.00581140  0.00000000
 -0.00626513  0.00765157    0.00581140  0.00000000    0.24464559  0.00000000
    1    2
 -0.05847683  0.07963925   -0.04049044  0.04286584   -0.04049044  0.04286584
 -0.04049044  0.04286584   -0.06008478  0.06118482   -0.04084891 -0.13400712
 -0.04049044  0.04286584   -0.04084891 -0.13400712   -0.06008478  0.06118482
    2    1
 -0.05847683 -0.07963925   -0.04049044 -0.04286584   -0.04049044 -0.04286584
 -0.04049044 -0.04286584   -0.06008478 -0.06118482   -0.04084891  0.13400712
 -0.04049044 -0.04286584   -0.04084891  0.13400712   -0.06008478 -0.06118482
    2    2
  0.29578916  0.00000000   -0.00626513  0.00765157   -0.00626513  0.00765157
 -0.00626513 -0.00765157    0.24464559  0.00000000    0.00581140  0.00000000
 -0.00626513 -0.00765157    0.00581140  0.00000000    0.24464559  0.00000000

     Dynamical  Matrix in cartesian axes

     q = (    0.250000000   0.750000000  -0.750000000 ) 

    1    1
  0.29578916  0.00000000    0.00626513  0.00765157   -0.00626513 -0.00765157
  0.00626513 -0.00765157    0.24464559  0.00000000   -0.00581140  0.00000000
 -0.00626513  0.00765157   -0.00581140  0.00000000    0.24464559  0.00000000
    1    2
 -0.07963925 -0.05847683    0.04286584  0.04049044   -0.04286584 -0.04049044
  0.04286584  0.04049044   -0.06118482 -0.06008478   -0.13400712  0.04084891
 -0.04286584 -0.04049044   -0.13400712  0.04084891   -0.06118482 -0.06008478
    2    1
 -0.07963925  0.05847683    0.04286584 -0.04049044   -0.04286584  0.04049044
  0.04286584 -0.04049044   -0.06118482  0.06008478   -0.13400712 -0.04084891
 -0.04286584  0.04049044   -0.13400712 -0.04084891   -0.06118482  0.06008478
    2    2
  0.29578916  0.00000000    0.00626513 -0.00765157   -0.00626513  0.00765157
  0.00626513  0.00765157    0.24464559  0.00000000   -0.00581140  0.00000000
 -0.00626513 -0.00765157   -0.00581140  0.00000000    0.24464559  0.00000000

     Dynamical  Matrix in cartesian axes

     q = (   -0.250000000  -0.750000000  -0.750000000 ) 

    1    1
  0.29578916  0.00000000    0.00626513  0.00765157    0.00626513  0.00765157
  0.00626513 -0.00765157    0.24464559  0.00000000    0.00581140  0.00000000
  0.00626513 -0.00765157    0.00581140  0.00000000    0.24464559  0.00000000
    1    2
  0.07963925  0.05847683   -0.04286584 -0.04049044   -0.04286584 -0.04049044
 -0.04286584 -0.04049044    0.06118482  0.06008478   -0.13400712  0.04084891
 -0.04286584 -0.04049044   -0.13400712  0.04084891    0.06118482  0.06008478
    2    1
  0.07963925 -0.05847683   -0.04286584  0.04049044   -0.04286584  0.04049044
 -0.04286584  0.04049044    0.06118482 -0.06008478   -0.13400712 -0.04084891
 -0.04286584  0.04049044   -0.13400712 -0.04084891    0.06118482 -0.06008478
    2    2
  0.29578916  0.00000000    0.00626513 -0.00765157    0.00626513 -0.00765157
  0.00626513  0.00765157    0.24464559  0.00000000    0.00581140  0.00000000
  0.00626513  0.00765157    0.00581140  0.00000000    0.24464559  0.00000000

     Dynamical  Matrix in cartesian axes

     q = (    0.750000000   0.750000000  -0.250000000 ) 

    1    1
  0.24464559  0.00000000    0.00581140  0.00000000   -0.00626513  0.00765157
  0.00581140  0.00000000    0.24464559  0.00000000   -0.00626513  0.00765157
 -0.00626513 -0.00765157   -0.00626513 -0.00765157    0.29578916  0.00000000
    1    2
 -0.06008478  0.06118482   -0.04084891 -0.13400712   -0.04049044  0.04286584
 -0.04084891 -0.13400712   -0.06008478  0.06118482   -0.04049044  0.04286584
 -0.04049044  0.04286584   -0.04049044  0.04286584   -0.05847683  0.07963925
    2    1
 -0.06008478 -0.06118482   -0.04084891  0.13400712   -0.04049044 -0.04286584
 -0.04084891  0.13400712   -0.06008478 -0.06118482   -0.04049044 -0.04286584
 -0.04049044 -0.04286584   -0.04049044 -0.04286584   -0.05847683 -0.07963925
    2    2
  0.24464559  0.00000000    0.00581140  0.00000000   -0.00626513 -0.00765157
  0.00581140  0.00000000    0.24464559  0.00000000   -0.00626513 -0.00765157
 -0.00626513  0.00765157   -0.00626513  0.00765157    0.29578916  0.00000000

     Dynamical  Matrix in cartesian axes

     q = (    0.750000000  -0.750000000   0.250000000 ) 

    1    1
  0.24464559  0.00000000   -0.00581140  0.00000000    0.00626513 -0.00765157
 -0.00581140  0.00000000    0.24464559  0.00000000   -0.00626513  0.00765157
  0.00626513  0.00765157   -0.00626513 -0.00765157    0.29578916  0.00000000
    1    2
 -0.06118482 -0.06008478   -0.13400712  0.04084891    0.04286584  0.04049044
 -0.13400712  0.04084891   -0.06118482 -0.06008478   -0.04286584 -0.04049044
  0.04286584  0.04049044   -0.04286584 -0.04049044   -0.07963925 -0.05847683
    2    1
 -0.06118482  0.06008478   -0.13400712 -0.04084891    0.04286584 -0.04049044
 -0.13400712 -0.04084891   -0.06118482  0.06008478   -0.04286584  0.04049044
  0.04286584 -0.04049044   -0.04286584  0.04049044   -0.07963925  0.05847683
    2    2
  0.24464559  0.00000000   -0.00581140  0.00000000    0.00626513  0.00765157
 -0.00581140  0.00000000    0.24464559  0.00000000   -0.00626513 -0.00765157
  0.00626513 -0.00765157   -0.00626513  0.00765157    0.29578916  0.00000000

     Dynamical  Matrix in cartesian axes

     q = (   -0.750000000  -0.750000000  -0.250000000 ) 

    1    1
  0.24464559  0.00000000    0.00581140  0.00000000    0.00626513 -0.00765157
  0.00581140  0.00000000    0.24464559  0.00000000    0.00626513 -0.00765157
  0.00626513  0.00765157    0.00626513  0.00765157    0.29578916  0.00000000
    1    2
  0.06118482  0.06008478   -0.13400712  0.04084891   -0.04286584 -0.04049044
 -0.13400712  0.04084891    0.06118482  0.06008478   -0.04286584 -0.04049044
 -0.04286584 -0.04049044   -0.04286584 -0.04049044    0.07963925  0.05847683
    2    1
  0.06118482 -0.06008478   -0.13400712 -0.04084891   -0.04286584  0.04049044
 -0.13400712 -0.04084891    0.06118482 -0.06008478   -0.04286584  0.04049044
 -0.04286584  0.04049044   -0.04286584  0.04049044    0.07963925 -0.05847683
    2    2
  0.24464559  0.00000000    0.00581140  0.00000000    0.00626513  0.00765157
  0.00581140  0.00000000    0.24464559  0.00000000    0.00626513  0.00765157
  0.00626513 -0.00765157    0.00626513 -0.00765157    0.29578916  0.00000000

     Dynamical  Matrix in cartesian axes

     q = (    0.250000000  -0.750000000   0.750000000 ) 

    1    1
  0.29578916  0.00000000   -0.00626513 -0.00765157    0.00626513  0.00765157
 -0.00626513  0.00765157    0.24464559  0.00000000   -0.00581140  0.00000000
  0.00626513 -0.00765157   -0.00581140  0.00000000    0.24464559  0.00000000
    1    2
 -0.07963925 -0.05847683   -0.04286584 -0.04049044    0.04286584  0.04049044
 -0.04286584 -0.04049044   -0.06118482 -0.06008478   -0.13400712  0.04084891
  0.04286584  0.04049044   -0.13400712  0.04084891   -0.06118482 -0.06008478
    2    1
 -0.07963925  0.05847683   -0.04286584  0.04049044    0.04286584 -0.04049044
 -0.04286584  0.04049044   -0.06118482  0.06008478   -0.13400712 -0.04084891
  0.04286584 -0.04049044   -0.13400712 -0.04084891   -0.06118482  0.06008478
    2    2
  0.29578916  0.00000000   -0.00626513  0.00765157    0.00626513 -0.00765157
 -0.00626513 -0.00765157    0.24464559  0.00000000   -0.00581140  0.00000000
  0.00626513  0.00765157   -0.00581140  0.00000000    0.24464559  0.00000000

     Dynamical  Matrix in cartesian axes

     q = (   -0.750000000  -0.750000000   0.250000000 ) 

    1    1
  0.24464559  0.00000000    0.00581140  0.00000000   -0.00626513 -0.00765157
  0.00581140  0.00000000    0.24464559  0.00000000   -0.00626513 -0.00765157
 -0.00626513  0.00765157   -0.00626513  0.00765157    0.29578916  0.00000000
    1    2
 -0.06008478 -0.06118482   -0.04084891  0.13400712   -0.04049044 -0.04286584
 -0.04084891  0.13400712   -0.06008478 -0.06118482   -0.04049044 -0.04286584
 -0.04049044 -0.04286584   -0.04049044 -0.04286584   -0.05847683 -0.07963925
    2    1
 -0.06008478  0.06118482   -0.04084891 -0.13400712   -0.04049044  0.04286584
 -0.04084891 -0.13400712   -0.06008478  0.06118482   -0.04049044  0.04286584
 -0.04049044  0.04286584   -0.04049044  0.04286584   -0.05847683  0.07963925
    2    2
  0.24464559  0.00000000    0.00581140  0.00000000   -0.00626513  0.00765157
  0.00581140  0.00000000    0.24464559  0.00000000   -0.00626513  0.00765157
 -0.00626513 -0.00765157   -0.00626513 -0.00765157    0.29578916  0.00000000

     Dynamical  Matrix in cartesian axes

     q = (    0.250000000   0.750000000   0.750000000 ) 

    1    1
  0.29578916  0.00000000    0.00626513 -0.00765157    0.00626513 -0.00765157
  0.00626513  0.00765157    0.24464559  0.00000000    0.00581140  0.00000000
  0.00626513  0.00765157    0.00581140  0.00000000    0.24464559  0.00000000
    1    2
  0.07963925 -0.05847683   -0.04286584  0.04049044   -0.04286584  0.04049044
 -0.04286584  0.04049044    0.06118482 -0.06008478   -0.13400712 -0.04084891
 -0.04286584  0.04049044   -0.13400712 -0.04084891    0.06118482 -0.06008478
    2    1
  0.07963925  0.05847683   -0.04286584 -0.04049044   -0.04286584 -0.04049044
 -0.04286584 -0.04049044    0.06118482  0.06008478   -0.13400712  0.04084891
 -0.04286584 -0.04049044   -0.13400712  0.04084891    0.06118482  0.06008478
    2    2
  0.29578916  0.00000000    0.00626513  0.00765157    0.00626513  0.00765157
  0.00626513 -0.00765157    0.24464559  0.00000000    0.00581140  0.00000000
  0.00626513 -0.00765157    0.00581140  0.00000000    0.24464559  0.00000000

     Dynamical  Matrix in cartesian axes

     q = (   -0.250000000  -0.750000000   0.750000000 ) 

    1    1
  0.29578916  0.00000000    0.00626513 -0.00765157   -0.00626513  0.00765157
  0.00626513  0.00765157    0.24464559  0.00000000   -0.00581140  0.00000000
 -0.00626513 -0.00765157   -0.00581140  0.00000000    0.24464559  0.00000000
    1    2
 -0.07963925  0.05847683    0.04286584 -0.04049044   -0.04286584  0.04049044
  0.04286584 -0.04049044   -0.06118482  0.06008478   -0.13400712 -0.04084891
 -0.04286584  0.04049044   -0.13400712 -0.04084891   -0.06118482  0.06008478
    2    1
 -0.07963925 -0.05847683    0.04286584  0.04049044   -0.04286584 -0.04049044
  0.04286584  0.04049044   -0.06118482 -0.06008478   -0.13400712  0.04084891
 -0.04286584 -0.04049044   -0.13400712  0.04084891   -0.06118482 -0.06008478
    2    2
  0.29578916  0.00000000    0.00626513  0.00765157   -0.00626513 -0.00765157
  0.00626513 -0.00765157    0.24464559  0.00000000   -0.00581140  0.00000000
 -0.00626513  0.00765157   -0.00581140  0.00000000    0.24464559  0.00000000

     Dynamical  Matrix in cartesian axes

     q = (    0.750000000   0.750000000   0.250000000 ) 

    1    1
  0.24464559  0.00000000    0.00581140  0.00000000    0.00626513  0.00765157
  0.00581140  0.00000000    0.24464559  0.00000000    0.00626513  0.00765157
  0.00626513 -0.00765157    0.00626513 -0.00765157    0.29578916  0.00000000
    1    2
  0.06118482 -0.06008478   -0.13400712 -0.04084891   -0.04286584  0.04049044
 -0.13400712 -0.04084891    0.06118482 -0.06008478   -0.04286584  0.04049044
 -0.04286584  0.04049044   -0.04286584  0.04049044    0.07963925 -0.05847683
    2    1
  0.06118482  0.06008478   -0.13400712  0.04084891   -0.04286584 -0.04049044
 -0.13400712  0.04084891    0.06118482  0.06008478   -0.04286584 -0.04049044
 -0.04286584 -0.04049044   -0.04286584 -0.04049044    0.07963925  0.05847683
    2    2
  0.24464559  0.00000000    0.00581140  0.00000000    0.00626513 -0.00765157
  0.00581140  0.00000000    0.24464559  0.00000000    0.00626513 -0.00765157
  0.00626513  0.00765157    0.00626513  0.00765157    0.29578916  0.00000000

     Dynamical  Matrix in cartesian axes

     q = (    0.250000000  -0.750000000  -0.750000000 ) 

    1    1
  0.29578916  0.00000000   -0.00626513  0.00765157   -0.00626513  0.00765157
 -0.00626513 -0.00765157    0.24464559  0.00000000    0.00581140  0.00000000
 -0.00626513 -0.00765157    0.00581140  0.00000000    0.24464559  0.00000000
    1    2
 -0.05847683 -0.07963925   -0.04049044 -0.04286584   -0.04049044 -0.04286584
 -0.04049044 -0.04286584   -0.06008478 -0.06118482   -0.04084891  0.13400712
 -0.04049044 -0.04286584   -0.04084891  0.13400712   -0.06008478 -0.06118482
    2    1
 -0.05847683  0.07963925   -0.04049044  0.04286584   -0.04049044  0.04286584
 -0.04049044  0.04286584   -0.06008478  0.06118482   -0.04084891 -0.13400712
 -0.04049044  0.04286584   -0.04084891 -0.13400712   -0.06008478  0.06118482
    2    2
  0.29578916  0.00000000   -0.00626513 -0.00765157   -0.00626513 -0.00765157
 -0.00626513  0.00765157    0.24464559  0.00000000    0.00581140  0.00000000
 -0.00626513  0.00765157    0.00581140  0.00000000    0.24464559  0.00000000

     Dynamical  Matrix in cartesian axes

     q = (    0.750000000  -0.750000000  -0.250000000 ) 

    1    1
  0.24464559  0.00000000   -0.00581140  0.00000000   -0.00626513 -0.00765157
 -0.00581140  0.00000000    0.24464559  0.00000000    0.00626513  0.00765157
 -0.00626513  0.00765157    0.00626513 -0.00765157    0.29578916  0.00000000
    1    2
 -0.06118482  0.06008478   -0.13400712 -0.04084891   -0.04286584  0.04049044
 -0.13400712 -0.04084891   -0.06118482  0.06008478    0.04286584 -0.04049044
 -0.04286584  0.04049044    0.04286584 -0.04049044   -0.07963925  0.05847683
    2    1
 -0.06118482 -0.06008478   -0.13400712  0.04084891   -0.04286584 -0.04049044
 -0.13400712  0.04084891   -0.06118482 -0.06008478    0.04286584  0.04049044
 -0.04286584 -0.04049044    0.04286584  0.04049044   -0.07963925 -0.05847683
    2    2
  0.24464559  0.00000000   -0.00581140  0.00000000   -0.00626513  0.00765157
 -0.00581140  0.00000000    0.24464559  0.00000000    0.00626513 -0.00765157
 -0.00626513 -0.00765157    0.00626513  0.00765157    0.29578916  0.00000000

     Diagonalizing the dynamical matrix

     q = (    0.750000000  -0.250000000   0.750000000 ) 

 **************************************************************************
     freq (    1) =       4.248760 [THz] =     141.723390 [cm-1]
 (  0.049037 -0.497590  0.000000 -0.000000 -0.049037  0.497590 ) 
 (  0.500000 -0.000000  0.000000 -0.000000 -0.500000  0.000000 ) 
     freq (    2) =       5.884784 [THz] =     196.295260 [cm-1]
 ( -0.391038 -0.160984 -0.344406  0.154051 -0.391038 -0.160984 ) 
 ( -0.422879  0.000000 -0.259829 -0.273561 -0.422879  0.000000 ) 
     freq (    3) =       9.344044 [THz] =     311.683760 [cm-1]
 (  0.113021 -0.290106  0.383347  0.398968  0.113021 -0.290106 ) 
 ( -0.311344 -0.000000  0.232594  0.502026 -0.311344  0.000000 ) 
     freq (    4) =      12.046119 [THz] =     401.815289 [cm-1]
 (  0.083744  0.318769 -0.403785 -0.345982  0.083744  0.318769 ) 
 ( -0.329586 -0.000000  0.437225  0.302623 -0.329586  0.000000 ) 
     freq (    5) =      13.561119 [THz] =     452.350236 [cm-1]
 (  0.049037 -0.497590  0.000000 -0.000000 -0.049037  0.497590 ) 
 ( -0.500000 -0.000000 -0.000000 -0.000000  0.500000  0.000000 ) 
     freq (    6) =      13.958858 [THz] =     465.617369 [cm-1]
 ( -0.301670 -0.156866 -0.468715  0.221547 -0.301670 -0.156866 ) 
 (  0.340017 -0.000000  0.313642  0.412802  0.340017 -0.000000 ) 
 **************************************************************************
