Dynamical matrix file
                                                                           
  1    2  2 10.3400000  0.0000000  0.0000000  0.0000000  0.0000000  0.0000000
           1  'Si  '    25598.822984527003     
    1    1      0.0000000000      0.0000000000      0.0000000000
    2    1      0.2500000000      0.2500000000      0.2500000000

     Dynamical  Matrix in cartesian axes

     q = (   -0.250000000   0.250000000  -0.250000000 ) 

    1    1
  0.26820235  0.00000000   -0.01167900  0.00000000    0.01167900  0.00000000
 -0.01167900  0.00000000    0.26820235  0.00000000   -0.01167900  0.00000000
  0.01167900  0.00000000   -0.01167900  0.00000000    0.26820235  0.00000000
    1    2
 -0.19975034 -0.05793404   -0.03764770  0.03936845    0.03764770 -0.03936845
 -0.03764770  0.03936845   -0.19975034 -0.05793404   -0.03764770  0.03936845
  0.03764770 -0.03936845   -0.03764770  0.03936845   -0.19975034 -0.05793404
    2    1
 -0.19975034  0.05793404   -0.03764770 -0.03936845    0.03764770  0.03936845
 -0.03764770 -0.03936845   -0.19975034  0.05793404   -0.03764770 -0.03936845
  0.03764770  0.03936845   -0.03764770 -0.03936845   -0.19975034  0.05793404
    2    2
  0.26820235  0.00000000   -0.01167900  0.00000000    0.01167900  0.00000000
 -0.01167900  0.00000000    0.26820235  0.00000000   -0.01167900  0.00000000
  0.01167900  0.00000000   -0.01167900  0.00000000    0.26820235  0.00000000

     Dynamical  Matrix in cartesian axes

     q = (    0.250000000  -0.250000000  -0.250000000 ) 

    1    1
  0.26820235  0.00000000   -0.01167900  0.00000000   -0.01167900  0.00000000
 -0.01167900  0.00000000    0.26820235  0.00000000    0.01167900  0.00000000
 -0.01167900  0.00000000    0.01167900  0.00000000    0.26820235  0.00000000
    1    2
 -0.19975034 -0.05793404   -0.03764770  0.03936845   -0.03764770  0.03936845
 -0.03764770  0.03936845   -0.19975034 -0.05793404    0.03764770 -0.03936845
 -0.03764770  0.03936845    0.03764770 -0.03936845   -0.19975034 -0.05793404
    2    1
 -0.19975034  0.05793404   -0.03764770 -0.03936845   -0.03764770 -0.03936845
 -0.03764770 -0.03936845   -0.19975034  0.05793404    0.03764770  0.03936845
 -0.03764770 -0.03936845    0.03764770  0.03936845   -0.19975034  0.05793404
    2    2
  0.26820235  0.00000000   -0.01167900  0.00000000   -0.01167900  0.00000000
 -0.01167900  0.00000000    0.26820235  0.00000000    0.01167900  0.00000000
 -0.01167900  0.00000000    0.01167900  0.00000000    0.26820235  0.00000000

     Dynamical  Matrix in cartesian axes

     q = (    0.250000000  -0.250000000   0.250000000 ) 

    1    1
  0.26820235  0.00000000   -0.01167900  0.00000000    0.01167900  0.00000000
 -0.01167900  0.00000000    0.26820235  0.00000000   -0.01167900  0.00000000
  0.01167900  0.00000000   -0.01167900  0.00000000    0.26820235  0.00000000
    1    2
 -0.19975034  0.05793404   -0.03764770 -0.03936845    0.03764770  0.03936845
 -0.03764770 -0.03936845   -0.19975034  0.05793404   -0.03764770 -0.03936845
  0.03764770  0.03936845   -0.03764770 -0.03936845   -0.19975034  0.05793404
    2    1
 -0.19975034 -0.05793404   -0.03764770  0.03936845    0.03764770 -0.03936845
 -0.03764770  0.03936845   -0.19975034 -0.05793404   -0.03764770  0.03936845
  0.03764770 -0.03936845   -0.03764770  0.03936845   -0.19975034 -0.05793404
    2    2
  0.26820235  0.00000000   -0.01167900  0.00000000    0.01167900  0.00000000
 -0.01167900  0.00000000    0.26820235  0.00000000   -0.01167900  0.00000000
  0.01167900  0.00000000   -0.01167900  0.00000000    0.26820235  0.00000000

     Dynamical  Matrix in cartesian axes

     q = (    0.250000000   0.250000000   0.250000000 ) 

    1    1
  0.26820235  0.00000000    0.01167900  0.00000000    0.01167900  0.00000000
  0.01167900  0.00000000    0.26820235  0.00000000    0.01167900  0.00000000
  0.01167900  0.00000000    0.01167900  0.00000000    0.26820235  0.00000000
    1    2
 -0.05793404  0.19975034   -0.03936845 -0.03764770   -0.03936845 -0.03764770
 -0.03936845 -0.03764770   -0.05793404  0.19975034   -0.03936845 -0.03764770
 -0.03936845 -0.03764770   -0.03936845 -0.03764770   -0.05793404  0.19975034
    2    1
 -0.05793404 -0.19975034   -0.03936845  0.03764770   -0.03936845  0.03764770
 -0.03936845  0.03764770   -0.05793404 -0.19975034   -0.03936845  0.03764770
 -0.03936845  0.03764770   -0.03936845  0.03764770   -0.05793404 -0.19975034
    2    2
  0.26820235  0.00000000    0.01167900  0.00000000    0.01167900  0.00000000
  0.01167900  0.00000000    0.26820235  0.00000000    0.01167900  0.00000000
  0.01167900  0.00000000    0.01167900  0.00000000    0.26820235  0.00000000

     Dynamical  Matrix in cartesian axes

     q = (   -0.250000000  -0.250000000  -0.250000000 ) 

    1    1
  0.26820235  0.00000000    0.01167900  0.00000000    0.01167900  0.00000000
  0.01167900  0.00000000    0.26820235  0.00000000    0.01167900  0.00000000
  0.01167900  0.00000000    0.01167900  0.00000000    0.26820235  0.00000000
    1    2
 -0.05793404 -0.19975034   -0.03936845  0.03764770   -0.03936845  0.03764770
 -0.03936845  0.03764770   -0.05793404 -0.19975034   -0.03936845  0.03764770
 -0.03936845  0.03764770   -0.03936845  0.03764770   -0.05793404 -0.19975034
    2    1
 -0.05793404  0.19975034   -0.03936845 -0.03764770   -0.03936845 -0.03764770
 -0.03936845 -0.03764770   -0.05793404  0.19975034   -0.03936845 -0.03764770
 -0.03936845 -0.03764770   -0.03936845 -0.03764770   -0.05793404  0.19975034
    2    2
  0.26820235  0.00000000    0.01167900  0.00000000    0.01167900  0.00000000
  0.01167900  0.00000000    0.26820235  0.00000000    0.01167900  0.00000000
  0.01167900  0.00000000    0.01167900  0.00000000    0.26820235  0.00000000

     Dynamical  Matrix in cartesian axes

     q = (   -0.250000000  -0.250000000   0.250000000 ) 

    1    1
  0.26820235  0.00000000    0.01167900  0.00000000   -0.01167900  0.00000000
  0.01167900  0.00000000    0.26820235  0.00000000   -0.01167900  0.00000000
 -0.01167900  0.00000000   -0.01167900  0.00000000    0.26820235  0.00000000
    1    2
 -0.19975034 -0.05793404    0.03764770 -0.03936845   -0.03764770  0.03936845
  0.03764770 -0.03936845   -0.19975034 -0.05793404   -0.03764770  0.03936845
 -0.03764770  0.03936845   -0.03764770  0.03936845   -0.19975034 -0.05793404
    2    1
 -0.19975034  0.05793404    0.03764770  0.03936845   -0.03764770 -0.03936845
  0.03764770  0.03936845   -0.19975034  0.05793404   -0.03764770 -0.03936845
 -0.03764770 -0.03936845   -0.03764770 -0.03936845   -0.19975034  0.05793404
    2    2
  0.26820235  0.00000000    0.01167900  0.00000000   -0.01167900  0.00000000
  0.01167900  0.00000000    0.26820235  0.00000000   -0.01167900  0.00000000
 -0.01167900  0.00000000   -0.01167900  0.00000000    0.26820235  0.00000000

     Dynamical  Matrix in cartesian axes

     q = (   -0.250000000   0.250000000   0.250000000 ) 

    1    1
  0.26820235  0.00000000   -0.01167900  0.00000000   -0.01167900  0.00000000
 -0.01167900  0.00000000    0.26820235  0.00000000    0.01167900  0.00000000
 -0.01167900  0.00000000    0.01167900  0.00000000    0.26820235  0.00000000
    1    2
 -0.19975034  0.05793404   -0.03764770 -0.03936845   -0.03764770 -0.03936845
 -0.03764770 -0.03936845   -0.19975034  0.05793404    0.03764770  0.03936845
 -0.03764770 -0.03936845    0.03764770  0.03936845   -0.19975034  0.05793404
    2    1
 -0.19975034 -0.05793404   -0.03764770  0.03936845   -0.03764770  0.03936845
 -0.03764770  0.03936845   -0.19975034 -0.05793404    0.03764770 -0.03936845
 -0.03764770  0.03936845    0.03764770 -0.03936845   -0.19975034 -0.05793404
    2    2
  0.26820235  0.00000000   -0.01167900  0.00000000   -0.01167900  0.00000000
 -0.01167900  0.00000000    0.26820235  0.00000000    0.01167900  0.00000000
 -0.01167900  0.00000000    0.01167900  0.00000000    0.26820235  0.00000000

     Dynamical  Matrix in cartesian axes

     q = (    0.250000000   0.250000000  -0.250000000 ) 

    1    1
  0.26820235  0.00000000    0.01167900  0.00000000   -0.01167900  0.00000000
  0.01167900  0.00000000    0.26820235  0.00000000   -0.01167900  0.00000000
 -0.01167900  0.00000000   -0.01167900  0.00000000    0.26820235  0.00000000
    1    2
 -0.19975034  0.05793404    0.03764770  0.03936845   -0.03764770 -0.03936845
  0.03764770  0.03936845   -0.19975034  0.05793404   -0.03764770 -0.03936845
 -0.03764770 -0.03936845   -0.03764770 -0.03936845   -0.19975034  0.05793404
    2    1
 -0.19975034 -0.05793404    0.03764770 -0.03936845   -0.03764770  0.03936845
  0.03764770 -0.03936845   -0.19975034 -0.05793404   -0.03764770  0.03936845
 -0.03764770  0.03936845   -0.03764770  0.03936845   -0.19975034 -0.05793404
    2    2
  0.26820235  0.00000000    0.01167900  0.00000000   -0.01167900  0.00000000
  0.01167900  0.00000000    0.26820235  0.00000000   -0.01167900  0.00000000
 -0.01167900  0.00000000   -0.01167900  0.00000000    0.26820235  0.00000000

     Diagonalizing the dynamical matrix

     q = (   -0.250000000   0.250000000  -0.250000000 ) 

 **************************************************************************
     freq (    1) =       2.789198 [THz] =      93.037640 [cm-1]
 (  0.524626 -0.003549  0.057139 -0.040108 -0.467487 -0.036560 ) 
 (  0.522753 -0.044441  0.053838 -0.044441 -0.468915  0.000000 ) 
     freq (    2) =       2.789198 [THz] =      93.037640 [cm-1]
 ( -0.237053  0.043519 -0.572854  0.017258 -0.335801 -0.026261 ) 
 ( -0.232938  0.061869 -0.569765  0.061869 -0.336827  0.000000 ) 
     freq (    3) =       6.717023 [THz] =     224.055776 [cm-1]
 ( -0.274870 -0.301850  0.274870  0.301850 -0.274870 -0.301850 ) 
 ( -0.408248 -0.000000  0.408248 -0.000000 -0.408248  0.000000 ) 
     freq (    4) =      14.192331 [THz] =     473.405199 [cm-1]
 ( -0.274870 -0.301850  0.274870  0.301850 -0.274870 -0.301850 ) 
 (  0.408248  0.000000 -0.408248  0.000000  0.408248  0.000000 ) 
     freq (    5) =      14.461468 [THz] =     482.382659 [cm-1]
 (  0.166016  0.481377  0.032942  0.470970 -0.133075 -0.010407 ) 
 ( -0.203042 -0.466968 -0.069561 -0.466968  0.133481  0.000000 ) 
     freq (    6) =      14.461468 [THz] =     482.382659 [cm-1]
 (  0.256360 -0.091258 -0.303639 -0.135052 -0.559998 -0.043794 ) 
 ( -0.248464  0.110967  0.313244  0.110967  0.561708  0.000000 ) 
 **************************************************************************
