Dynamical matrix file
                                                                           
  1    2  2 10.3440000  0.0000000  0.0000000  0.0000000  0.0000000  0.0000000
           1  'Si  '    25598.822984527003     
    1    1      0.0000000000      0.0000000000      0.0000000000
    2    1      0.2500000000      0.2500000000      0.2500000000

     Dynamical  Matrix in cartesian axes

     q = (    0.750000000  -0.250000000   0.750000000 ) 

    1    1
  0.24397827  0.00000000   -0.00624855  0.00763828    0.00579005  0.00000000
 -0.00624855 -0.00763828    0.29505928  0.00000000   -0.00624855 -0.00763828
  0.00579005  0.00000000   -0.00624855  0.00763828    0.24397827  0.00000000
    1    2
 -0.05993115  0.06102764   -0.04029879  0.04266431   -0.04065176 -0.13339388
 -0.04029879  0.04266431   -0.05833457  0.07948035   -0.04029879  0.04266431
 -0.04065176 -0.13339388   -0.04029879  0.04266431   -0.05993115  0.06102764
    2    1
 -0.05993115 -0.06102764   -0.04029879 -0.04266431   -0.04065176  0.13339388
 -0.04029879 -0.04266431   -0.05833457 -0.07948035   -0.04029879 -0.04266431
 -0.04065176  0.13339388   -0.04029879 -0.04266431   -0.05993115 -0.06102764
    2    2
  0.24397827  0.00000000   -0.00624855 -0.00763828    0.00579005  0.00000000
 -0.00624855  0.00763828    0.29505928  0.00000000   -0.00624855  0.00763828
  0.00579005  0.00000000   -0.00624855 -0.00763828    0.24397827  0.00000000

     Dynamical  Matrix in cartesian axes

     q = (    0.750000000  -0.250000000  -0.750000000 ) 

    1    1
  0.24397827  0.00000000   -0.00624855 -0.00763828   -0.00579005  0.00000000
 -0.00624855  0.00763828    0.29505928  0.00000000    0.00624855 -0.00763828
 -0.00579005  0.00000000    0.00624855  0.00763828    0.24397827  0.00000000
    1    2
 -0.06102764  0.05993115   -0.04266431  0.04029879   -0.13339388 -0.04065176
 -0.04266431  0.04029879   -0.07948035  0.05833457    0.04266431 -0.04029879
 -0.13339388 -0.04065176    0.04266431 -0.04029879   -0.06102764  0.05993115
    2    1
 -0.06102764 -0.05993115   -0.04266431 -0.04029879   -0.13339388  0.04065176
 -0.04266431 -0.04029879   -0.07948035 -0.05833457    0.04266431  0.04029879
 -0.13339388  0.04065176    0.04266431  0.04029879   -0.06102764 -0.05993115
    2    2
  0.24397827  0.00000000   -0.00624855  0.00763828   -0.00579005  0.00000000
 -0.00624855 -0.00763828    0.29505928  0.00000000    0.00624855  0.00763828
 -0.00579005  0.00000000    0.00624855 -0.00763828    0.24397827  0.00000000

     Dynamical  Matrix in cartesian axes

     q = (   -0.750000000  -0.250000000  -0.750000000 ) 

    1    1
  0.24397827  0.00000000    0.00624855 -0.00763828    0.00579005  0.00000000
  0.00624855  0.00763828    0.29505928  0.00000000    0.00624855  0.00763828
  0.00579005  0.00000000    0.00624855 -0.00763828    0.24397827  0.00000000
    1    2
  0.06102764  0.05993115   -0.04266431 -0.04029879   -0.13339388  0.04065176
 -0.04266431 -0.04029879    0.07948035  0.05833457   -0.04266431 -0.04029879
 -0.13339388  0.04065176   -0.04266431 -0.04029879    0.06102764  0.05993115
    2    1
  0.06102764 -0.05993115   -0.04266431  0.04029879   -0.13339388 -0.04065176
 -0.04266431  0.04029879    0.07948035 -0.05833457   -0.04266431  0.04029879
 -0.13339388 -0.04065176   -0.04266431  0.04029879    0.06102764 -0.05993115
    2    2
  0.24397827  0.00000000    0.00624855  0.00763828    0.00579005  0.00000000
  0.00624855 -0.00763828    0.29505928  0.00000000    0.00624855 -0.00763828
  0.00579005  0.00000000    0.00624855  0.00763828    0.24397827  0.00000000

     Dynamical  Matrix in cartesian axes

     q = (   -0.750000000  -0.250000000   0.750000000 ) 

    1    1
  0.24397827  0.00000000    0.00624855  0.00763828   -0.00579005  0.00000000
  0.00624855 -0.00763828    0.29505928  0.00000000   -0.00624855  0.00763828
 -0.00579005  0.00000000   -0.00624855 -0.00763828    0.24397827  0.00000000
    1    2
 -0.06102764  0.05993115    0.04266431 -0.04029879   -0.13339388 -0.04065176
  0.04266431 -0.04029879   -0.07948035  0.05833457   -0.04266431  0.04029879
 -0.13339388 -0.04065176   -0.04266431  0.04029879   -0.06102764  0.05993115
    2    1
 -0.06102764 -0.05993115    0.04266431  0.04029879   -0.13339388  0.04065176
  0.04266431  0.04029879   -0.07948035 -0.05833457   -0.04266431 -0.04029879
 -0.13339388  0.04065176   -0.04266431 -0.04029879   -0.06102764 -0.05993115
    2    2
  0.24397827  0.00000000    0.00624855 -0.00763828   -0.00579005  0.00000000
  0.00624855  0.00763828    0.29505928  0.00000000   -0.00624855 -0.00763828
 -0.00579005  0.00000000   -0.00624855  0.00763828    0.24397827  0.00000000

     Dynamical  Matrix in cartesian axes

     q = (   -0.750000000   0.250000000  -0.750000000 ) 

    1    1
  0.24397827  0.00000000   -0.00624855 -0.00763828    0.00579005  0.00000000
 -0.00624855  0.00763828    0.29505928  0.00000000   -0.00624855  0.00763828
  0.00579005  0.00000000   -0.00624855 -0.00763828    0.24397827  0.00000000
    1    2
 -0.05993115 -0.06102764   -0.04029879 -0.04266431   -0.04065176  0.13339388
 -0.04029879 -0.04266431   -0.05833457 -0.07948035   -0.04029879 -0.04266431
 -0.04065176  0.13339388   -0.04029879 -0.04266431   -0.05993115 -0.06102764
    2    1
 -0.05993115  0.06102764   -0.04029879  0.04266431   -0.04065176 -0.13339388
 -0.04029879  0.04266431   -0.05833457  0.07948035   -0.04029879  0.04266431
 -0.04065176 -0.13339388   -0.04029879  0.04266431   -0.05993115  0.06102764
    2    2
  0.24397827  0.00000000   -0.00624855  0.00763828    0.00579005  0.00000000
 -0.00624855 -0.00763828    0.29505928  0.00000000   -0.00624855 -0.00763828
  0.00579005  0.00000000   -0.00624855  0.00763828    0.24397827  0.00000000

     Dynamical  Matrix in cartesian axes

     q = (   -0.250000000   0.750000000  -0.750000000 ) 

    1    1
  0.29505928  0.00000000   -0.00624855  0.00763828    0.00624855 -0.00763828
 -0.00624855 -0.00763828    0.24397827  0.00000000   -0.00579005  0.00000000
  0.00624855  0.00763828   -0.00579005  0.00000000    0.24397827  0.00000000
    1    2
 -0.07948035  0.05833457   -0.04266431  0.04029879    0.04266431 -0.04029879
 -0.04266431  0.04029879   -0.06102764  0.05993115   -0.13339388 -0.04065176
  0.04266431 -0.04029879   -0.13339388 -0.04065176   -0.06102764  0.05993115
    2    1
 -0.07948035 -0.05833457   -0.04266431 -0.04029879    0.04266431  0.04029879
 -0.04266431 -0.04029879   -0.06102764 -0.05993115   -0.13339388  0.04065176
  0.04266431  0.04029879   -0.13339388  0.04065176   -0.06102764 -0.05993115
    2    2
  0.29505928  0.00000000   -0.00624855 -0.00763828    0.00624855  0.00763828
 -0.00624855  0.00763828    0.24397827  0.00000000   -0.00579005  0.00000000
  0.00624855 -0.00763828   -0.00579005  0.00000000    0.24397827  0.00000000

     Dynamical  Matrix in cartesian axes

     q = (   -0.750000000   0.750000000  -0.250000000 ) 

    1    1
  0.24397827  0.00000000   -0.00579005  0.00000000    0.00624855  0.00763828
 -0.00579005  0.00000000    0.24397827  0.00000000   -0.00624855 -0.00763828
  0.00624855 -0.00763828   -0.00624855  0.00763828    0.29505928  0.00000000
    1    2
 -0.06102764  0.05993115   -0.13339388 -0.04065176    0.04266431 -0.04029879
 -0.13339388 -0.04065176   -0.06102764  0.05993115   -0.04266431  0.04029879
  0.04266431 -0.04029879   -0.04266431  0.04029879   -0.07948035  0.05833457
    2    1
 -0.06102764 -0.05993115   -0.13339388  0.04065176    0.04266431  0.04029879
 -0.13339388  0.04065176   -0.06102764 -0.05993115   -0.04266431 -0.04029879
  0.04266431  0.04029879   -0.04266431 -0.04029879   -0.07948035 -0.05833457
    2    2
  0.24397827  0.00000000   -0.00579005  0.00000000    0.00624855 -0.00763828
 -0.00579005  0.00000000    0.24397827  0.00000000   -0.00624855  0.00763828
  0.00624855  0.00763828   -0.00624855 -0.00763828    0.29505928  0.00000000

     Dynamical  Matrix in cartesian axes

     q = (    0.750000000   0.250000000   0.750000000 ) 

    1    1
  0.24397827  0.00000000    0.00624855  0.00763828    0.00579005  0.00000000
  0.00624855 -0.00763828    0.29505928  0.00000000    0.00624855 -0.00763828
  0.00579005  0.00000000    0.00624855  0.00763828    0.24397827  0.00000000
    1    2
  0.06102764 -0.05993115   -0.04266431  0.04029879   -0.13339388 -0.04065176
 -0.04266431  0.04029879    0.07948035 -0.05833457   -0.04266431  0.04029879
 -0.13339388 -0.04065176   -0.04266431  0.04029879    0.06102764 -0.05993115
    2    1
  0.06102764  0.05993115   -0.04266431 -0.04029879   -0.13339388  0.04065176
 -0.04266431 -0.04029879    0.07948035  0.05833457   -0.04266431 -0.04029879
 -0.13339388  0.04065176   -0.04266431 -0.04029879    0.06102764  0.05993115
    2    2
  0.24397827  0.00000000    0.00624855 -0.00763828    0.00579005  0.00000000
  0.00624855  0.00763828    0.29505928  0.00000000    0.00624855  0.00763828
  0.00579005  0.00000000    0.00624855 -0.00763828    0.24397827  0.00000000

     Dynamical  Matrix in cartesian axes

     q = (   -0.750000000   0.250000000   0.750000000 ) 

    1    1
  0.24397827  0.00000000   -0.00624855  0.00763828   -0.00579005  0.00000000
 -0.00624855 -0.00763828    0.29505928  0.00000000    0.00624855  0.00763828
 -0.00579005  0.00000000    0.00624855 -0.00763828    0.24397827  0.00000000
    1    2
 -0.06102764 -0.05993115   -0.04266431 -0.04029879   -0.13339388  0.04065176
 -0.04266431 -0.04029879   -0.07948035 -0.05833457    0.04266431  0.04029879
 -0.13339388  0.04065176    0.04266431  0.04029879   -0.06102764 -0.05993115
    2    1
 -0.06102764  0.05993115   -0.04266431  0.04029879   -0.13339388 -0.04065176
 -0.04266431  0.04029879   -0.07948035  0.05833457    0.04266431 -0.04029879
 -0.13339388 -0.04065176    0.04266431 -0.04029879   -0.06102764  0.05993115
    2    2
  0.24397827  0.00000000   -0.00624855 -0.00763828   -0.00579005  0.00000000
 -0.00624855  0.00763828    0.29505928  0.00000000    0.00624855 -0.00763828
 -0.00579005  0.00000000    0.00624855  0.00763828    0.24397827  0.00000000

     Dynamical  Matrix in cartesian axes

     q = (    0.750000000   0.250000000  -0.750000000 ) 

    1    1
  0.24397827  0.00000000    0.00624855 -0.00763828   -0.00579005  0.00000000
  0.00624855  0.00763828    0.29505928  0.00000000   -0.00624855 -0.00763828
 -0.00579005  0.00000000   -0.00624855  0.00763828    0.24397827  0.00000000
    1    2
 -0.06102764 -0.05993115    0.04266431  0.04029879   -0.13339388  0.04065176
  0.04266431  0.04029879   -0.07948035 -0.05833457   -0.04266431 -0.04029879
 -0.13339388  0.04065176   -0.04266431 -0.04029879   -0.06102764 -0.05993115
    2    1
 -0.06102764  0.05993115    0.04266431 -0.04029879   -0.13339388 -0.04065176
  0.04266431 -0.04029879   -0.07948035  0.05833457   -0.04266431  0.04029879
 -0.13339388 -0.04065176   -0.04266431  0.04029879   -0.06102764  0.05993115
    2    2
  0.24397827  0.00000000    0.00624855  0.00763828   -0.00579005  0.00000000
  0.00624855 -0.00763828    0.29505928  0.00000000   -0.00624855  0.00763828
 -0.00579005  0.00000000   -0.00624855 -0.00763828    0.24397827  0.00000000

     Dynamical  Matrix in cartesian axes

     q = (   -0.750000000   0.750000000   0.250000000 ) 

    1    1
  0.24397827  0.00000000   -0.00579005  0.00000000   -0.00624855  0.00763828
 -0.00579005  0.00000000    0.24397827  0.00000000    0.00624855 -0.00763828
 -0.00624855 -0.00763828    0.00624855  0.00763828    0.29505928  0.00000000
    1    2
 -0.06102764 -0.05993115   -0.13339388  0.04065176   -0.04266431 -0.04029879
 -0.13339388  0.04065176   -0.06102764 -0.05993115    0.04266431  0.04029879
 -0.04266431 -0.04029879    0.04266431  0.04029879   -0.07948035 -0.05833457
    2    1
 -0.06102764  0.05993115   -0.13339388 -0.04065176   -0.04266431  0.04029879
 -0.13339388 -0.04065176   -0.06102764  0.05993115    0.04266431 -0.04029879
 -0.04266431  0.04029879    0.04266431 -0.04029879   -0.07948035  0.05833457
    2    2
  0.24397827  0.00000000   -0.00579005  0.00000000   -0.00624855 -0.00763828
 -0.00579005  0.00000000    0.24397827  0.00000000    0.00624855  0.00763828
 -0.00624855  0.00763828    0.00624855 -0.00763828    0.29505928  0.00000000

     Dynamical  Matrix in cartesian axes

     q = (   -0.250000000   0.750000000   0.750000000 ) 

    1    1
  0.29505928  0.00000000   -0.00624855 -0.00763828   -0.00624855 -0.00763828
 -0.00624855  0.00763828    0.24397827  0.00000000    0.00579005  0.00000000
 -0.00624855  0.00763828    0.00579005  0.00000000    0.24397827  0.00000000
    1    2
 -0.05833457  0.07948035   -0.04029879  0.04266431   -0.04029879  0.04266431
 -0.04029879  0.04266431   -0.05993115  0.06102764   -0.04065176 -0.13339388
 -0.04029879  0.04266431   -0.04065176 -0.13339388   -0.05993115  0.06102764
    2    1
 -0.05833457 -0.07948035   -0.04029879 -0.04266431   -0.04029879 -0.04266431
 -0.04029879 -0.04266431   -0.05993115 -0.06102764   -0.04065176  0.13339388
 -0.04029879 -0.04266431   -0.04065176  0.13339388   -0.05993115 -0.06102764
    2    2
  0.29505928  0.00000000   -0.00624855  0.00763828   -0.00624855  0.00763828
 -0.00624855 -0.00763828    0.24397827  0.00000000    0.00579005  0.00000000
 -0.00624855 -0.00763828    0.00579005  0.00000000    0.24397827  0.00000000

     Dynamical  Matrix in cartesian axes

     q = (    0.250000000   0.750000000  -0.750000000 ) 

    1    1
  0.29505928  0.00000000    0.00624855  0.00763828   -0.00624855 -0.00763828
  0.00624855 -0.00763828    0.24397827  0.00000000   -0.00579005  0.00000000
 -0.00624855  0.00763828   -0.00579005  0.00000000    0.24397827  0.00000000
    1    2
 -0.07948035 -0.05833457    0.04266431  0.04029879   -0.04266431 -0.04029879
  0.04266431  0.04029879   -0.06102764 -0.05993115   -0.13339388  0.04065176
 -0.04266431 -0.04029879   -0.13339388  0.04065176   -0.06102764 -0.05993115
    2    1
 -0.07948035  0.05833457    0.04266431 -0.04029879   -0.04266431  0.04029879
  0.04266431 -0.04029879   -0.06102764  0.05993115   -0.13339388 -0.04065176
 -0.04266431  0.04029879   -0.13339388 -0.04065176   -0.06102764  0.05993115
    2    2
  0.29505928  0.00000000    0.00624855 -0.00763828   -0.00624855  0.00763828
  0.00624855  0.00763828    0.24397827  0.00000000   -0.00579005  0.00000000
 -0.00624855 -0.00763828   -0.00579005  0.00000000    0.24397827  0.00000000

     Dynamical  Matrix in cartesian axes

     q = (   -0.250000000  -0.750000000  -0.750000000 ) 

    1    1
  0.29505928  0.00000000    0.00624855  0.00763828    0.00624855  0.00763828
  0.00624855 -0.00763828    0.24397827  0.00000000    0.00579005  0.00000000
  0.00624855 -0.00763828    0.00579005  0.00000000    0.24397827  0.00000000
    1    2
  0.07948035  0.05833457   -0.04266431 -0.04029879   -0.04266431 -0.04029879
 -0.04266431 -0.04029879    0.06102764  0.05993115   -0.13339388  0.04065176
 -0.04266431 -0.04029879   -0.13339388  0.04065176    0.06102764  0.05993115
    2    1
  0.07948035 -0.05833457   -0.04266431  0.04029879   -0.04266431  0.04029879
 -0.04266431  0.04029879    0.06102764 -0.05993115   -0.13339388 -0.04065176
 -0.04266431  0.04029879   -0.13339388 -0.04065176    0.06102764 -0.05993115
    2    2
  0.29505928  0.00000000    0.00624855 -0.00763828    0.00624855 -0.00763828
  0.00624855  0.00763828    0.24397827  0.00000000    0.00579005  0.00000000
  0.00624855  0.00763828    0.00579005  0.00000000    0.24397827  0.00000000

     Dynamical  Matrix in cartesian axes

     q = (    0.750000000   0.750000000  -0.250000000 ) 

    1    1
  0.24397827  0.00000000    0.00579005  0.00000000   -0.00624855  0.00763828
  0.00579005  0.00000000    0.24397827  0.00000000   -0.00624855  0.00763828
 -0.00624855 -0.00763828   -0.00624855 -0.00763828    0.29505928  0.00000000
    1    2
 -0.05993115  0.06102764   -0.04065176 -0.13339388   -0.04029879  0.04266431
 -0.04065176 -0.13339388   -0.05993115  0.06102764   -0.04029879  0.04266431
 -0.04029879  0.04266431   -0.04029879  0.04266431   -0.05833457  0.07948035
    2    1
 -0.05993115 -0.06102764   -0.04065176  0.13339388   -0.04029879 -0.04266431
 -0.04065176  0.13339388   -0.05993115 -0.06102764   -0.04029879 -0.04266431
 -0.04029879 -0.04266431   -0.04029879 -0.04266431   -0.05833457 -0.07948035
    2    2
  0.24397827  0.00000000    0.00579005  0.00000000   -0.00624855 -0.00763828
  0.00579005  0.00000000    0.24397827  0.00000000   -0.00624855 -0.00763828
 -0.00624855  0.00763828   -0.00624855  0.00763828    0.29505928  0.00000000

     Dynamical  Matrix in cartesian axes

     q = (    0.750000000  -0.750000000   0.250000000 ) 

    1    1
  0.24397827  0.00000000   -0.00579005  0.00000000    0.00624855 -0.00763828
 -0.00579005  0.00000000    0.24397827  0.00000000   -0.00624855  0.00763828
  0.00624855  0.00763828   -0.00624855 -0.00763828    0.29505928  0.00000000
    1    2
 -0.06102764 -0.05993115   -0.13339388  0.04065176    0.04266431  0.04029879
 -0.13339388  0.04065176   -0.06102764 -0.05993115   -0.04266431 -0.04029879
  0.04266431  0.04029879   -0.04266431 -0.04029879   -0.07948035 -0.05833457
    2    1
 -0.06102764  0.05993115   -0.13339388 -0.04065176    0.04266431 -0.04029879
 -0.13339388 -0.04065176   -0.06102764  0.05993115   -0.04266431  0.04029879
  0.04266431 -0.04029879   -0.04266431  0.04029879   -0.07948035  0.05833457
    2    2
  0.24397827  0.00000000   -0.00579005  0.00000000    0.00624855  0.00763828
 -0.00579005  0.00000000    0.24397827  0.00000000   -0.00624855 -0.00763828
  0.00624855 -0.00763828   -0.00624855  0.00763828    0.29505928  0.00000000

     Dynamical  Matrix in cartesian axes

     q = (   -0.750000000  -0.750000000  -0.250000000 ) 

    1    1
  0.24397827  0.00000000    0.00579005  0.00000000    0.00624855 -0.00763828
  0.00579005  0.00000000    0.24397827  0.00000000    0.00624855 -0.00763828
  0.00624855  0.00763828    0.00624855  0.00763828    0.29505928  0.00000000
    1    2
  0.06102764  0.05993115   -0.13339388  0.04065176   -0.04266431 -0.04029879
 -0.13339388  0.04065176    0.06102764  0.05993115   -0.04266431 -0.04029879
 -0.04266431 -0.04029879   -0.04266431 -0.04029879    0.07948035  0.05833457
    2    1
  0.06102764 -0.05993115   -0.13339388 -0.04065176   -0.04266431  0.04029879
 -0.13339388 -0.04065176    0.06102764 -0.05993115   -0.04266431  0.04029879
 -0.04266431  0.04029879   -0.04266431  0.04029879    0.07948035 -0.05833457
    2    2
  0.24397827  0.00000000    0.00579005  0.00000000    0.00624855  0.00763828
  0.00579005  0.00000000    0.24397827  0.00000000    0.00624855  0.00763828
  0.00624855 -0.00763828    0.00624855 -0.00763828    0.29505928  0.00000000

     Dynamical  Matrix in cartesian axes

     q = (    0.250000000  -0.750000000   0.750000000 ) 

    1    1
  0.29505928  0.00000000   -0.00624855 -0.00763828    0.00624855  0.00763828
 -0.00624855  0.00763828    0.24397827  0.00000000   -0.00579005  0.00000000
  0.00624855 -0.00763828   -0.00579005  0.00000000    0.24397827  0.00000000
    1    2
 -0.07948035 -0.05833457   -0.04266431 -0.04029879    0.04266431  0.04029879
 -0.04266431 -0.04029879   -0.06102764 -0.05993115   -0.13339388  0.04065176
  0.04266431  0.04029879   -0.13339388  0.04065176   -0.06102764 -0.05993115
    2    1
 -0.07948035  0.05833457   -0.04266431  0.04029879    0.04266431 -0.04029879
 -0.04266431  0.04029879   -0.06102764  0.05993115   -0.13339388 -0.04065176
  0.04266431 -0.04029879   -0.13339388 -0.04065176   -0.06102764  0.05993115
    2    2
  0.29505928  0.00000000   -0.00624855  0.00763828    0.00624855 -0.00763828
 -0.00624855 -0.00763828    0.24397827  0.00000000   -0.00579005  0.00000000
  0.00624855  0.00763828   -0.00579005  0.00000000    0.24397827  0.00000000

     Dynamical  Matrix in cartesian axes

     q = (   -0.750000000  -0.750000000   0.250000000 ) 

    1    1
  0.24397827  0.00000000    0.00579005  0.00000000   -0.00624855 -0.00763828
  0.00579005  0.00000000    0.24397827  0.00000000   -0.00624855 -0.00763828
 -0.00624855  0.00763828   -0.00624855  0.00763828    0.29505928  0.00000000
    1    2
 -0.05993115 -0.06102764   -0.04065176  0.13339388   -0.04029879 -0.04266431
 -0.04065176  0.13339388   -0.05993115 -0.06102764   -0.04029879 -0.04266431
 -0.04029879 -0.04266431   -0.04029879 -0.04266431   -0.05833457 -0.07948035
    2    1
 -0.05993115  0.06102764   -0.04065176 -0.13339388   -0.04029879  0.04266431
 -0.04065176 -0.13339388   -0.05993115  0.06102764   -0.04029879  0.04266431
 -0.04029879  0.04266431   -0.04029879  0.04266431   -0.05833457  0.07948035
    2    2
  0.24397827  0.00000000    0.00579005  0.00000000   -0.00624855  0.00763828
  0.00579005  0.00000000    0.24397827  0.00000000   -0.00624855  0.00763828
 -0.00624855 -0.00763828   -0.00624855 -0.00763828    0.29505928  0.00000000

     Dynamical  Matrix in cartesian axes

     q = (    0.250000000   0.750000000   0.750000000 ) 

    1    1
  0.29505928  0.00000000    0.00624855 -0.00763828    0.00624855 -0.00763828
  0.00624855  0.00763828    0.24397827  0.00000000    0.00579005  0.00000000
  0.00624855  0.00763828    0.00579005  0.00000000    0.24397827  0.00000000
    1    2
  0.07948035 -0.05833457   -0.04266431  0.04029879   -0.04266431  0.04029879
 -0.04266431  0.04029879    0.06102764 -0.05993115   -0.13339388 -0.04065176
 -0.04266431  0.04029879   -0.13339388 -0.04065176    0.06102764 -0.05993115
    2    1
  0.07948035  0.05833457   -0.04266431 -0.04029879   -0.04266431 -0.04029879
 -0.04266431 -0.04029879    0.06102764  0.05993115   -0.13339388  0.04065176
 -0.04266431 -0.04029879   -0.13339388  0.04065176    0.06102764  0.05993115
    2    2
  0.29505928  0.00000000    0.00624855  0.00763828    0.00624855  0.00763828
  0.00624855 -0.00763828    0.24397827  0.00000000    0.00579005  0.00000000
  0.00624855 -0.00763828    0.00579005  0.00000000    0.24397827  0.00000000

     Dynamical  Matrix in cartesian axes

     q = (   -0.250000000  -0.750000000   0.750000000 ) 

    1    1
  0.29505928  0.00000000    0.00624855 -0.00763828   -0.00624855  0.00763828
  0.00624855  0.00763828    0.24397827  0.00000000   -0.00579005  0.00000000
 -0.00624855 -0.00763828   -0.00579005  0.00000000    0.24397827  0.00000000
    1    2
 -0.07948035  0.05833457    0.04266431 -0.04029879   -0.04266431  0.04029879
  0.04266431 -0.04029879   -0.06102764  0.05993115   -0.13339388 -0.04065176
 -0.04266431  0.04029879   -0.13339388 -0.04065176   -0.06102764  0.05993115
    2    1
 -0.07948035 -0.05833457    0.04266431  0.04029879   -0.04266431 -0.04029879
  0.04266431  0.04029879   -0.06102764 -0.05993115   -0.13339388  0.04065176
 -0.04266431 -0.04029879   -0.13339388  0.04065176   -0.06102764 -0.05993115
    2    2
  0.29505928  0.00000000    0.00624855  0.00763828   -0.00624855 -0.00763828
  0.00624855 -0.00763828    0.24397827  0.00000000   -0.00579005  0.00000000
 -0.00624855  0.00763828   -0.00579005  0.00000000    0.24397827  0.00000000

     Dynamical  Matrix in cartesian axes

     q = (    0.750000000   0.750000000   0.250000000 ) 

    1    1
  0.24397827  0.00000000    0.00579005  0.00000000    0.00624855  0.00763828
  0.00579005  0.00000000    0.24397827  0.00000000    0.00624855  0.00763828
  0.00624855 -0.00763828    0.00624855 -0.00763828    0.29505928  0.00000000
    1    2
  0.06102764 -0.05993115   -0.13339388 -0.04065176   -0.04266431  0.04029879
 -0.13339388 -0.04065176    0.06102764 -0.05993115   -0.04266431  0.04029879
 -0.04266431  0.04029879   -0.04266431  0.04029879    0.07948035 -0.05833457
    2    1
  0.06102764  0.05993115   -0.13339388  0.04065176   -0.04266431 -0.04029879
 -0.13339388  0.04065176    0.06102764  0.05993115   -0.04266431 -0.04029879
 -0.04266431 -0.04029879   -0.04266431 -0.04029879    0.07948035  0.05833457
    2    2
  0.24397827  0.00000000    0.00579005  0.00000000    0.00624855 -0.00763828
  0.00579005  0.00000000    0.24397827  0.00000000    0.00624855 -0.00763828
  0.00624855  0.00763828    0.00624855  0.00763828    0.29505928  0.00000000

     Dynamical  Matrix in cartesian axes

     q = (    0.250000000  -0.750000000  -0.750000000 ) 

    1    1
  0.29505928  0.00000000   -0.00624855  0.00763828   -0.00624855  0.00763828
 -0.00624855 -0.00763828    0.24397827  0.00000000    0.00579005  0.00000000
 -0.00624855 -0.00763828    0.00579005  0.00000000    0.24397827  0.00000000
    1    2
 -0.05833457 -0.07948035   -0.04029879 -0.04266431   -0.04029879 -0.04266431
 -0.04029879 -0.04266431   -0.05993115 -0.06102764   -0.04065176  0.13339388
 -0.04029879 -0.04266431   -0.04065176  0.13339388   -0.05993115 -0.06102764
    2    1
 -0.05833457  0.07948035   -0.04029879  0.04266431   -0.04029879  0.04266431
 -0.04029879  0.04266431   -0.05993115  0.06102764   -0.04065176 -0.13339388
 -0.04029879  0.04266431   -0.04065176 -0.13339388   -0.05993115  0.06102764
    2    2
  0.29505928  0.00000000   -0.00624855 -0.00763828   -0.00624855 -0.00763828
 -0.00624855  0.00763828    0.24397827  0.00000000    0.00579005  0.00000000
 -0.00624855  0.00763828    0.00579005  0.00000000    0.24397827  0.00000000

     Dynamical  Matrix in cartesian axes

     q = (    0.750000000  -0.750000000  -0.250000000 ) 

    1    1
  0.24397827  0.00000000   -0.00579005  0.00000000   -0.00624855 -0.00763828
 -0.00579005  0.00000000    0.24397827  0.00000000    0.00624855  0.00763828
 -0.00624855  0.00763828    0.00624855 -0.00763828    0.29505928  0.00000000
    1    2
 -0.06102764  0.05993115   -0.13339388 -0.04065176   -0.04266431  0.04029879
 -0.13339388 -0.04065176   -0.06102764  0.05993115    0.04266431 -0.04029879
 -0.04266431  0.04029879    0.04266431 -0.04029879   -0.07948035  0.05833457
    2    1
 -0.06102764 -0.05993115   -0.13339388  0.04065176   -0.04266431 -0.04029879
 -0.13339388  0.04065176   -0.06102764 -0.05993115    0.04266431  0.04029879
 -0.04266431 -0.04029879    0.04266431  0.04029879   -0.07948035 -0.05833457
    2    2
  0.24397827  0.00000000   -0.00579005  0.00000000   -0.00624855  0.00763828
 -0.00579005  0.00000000    0.24397827  0.00000000    0.00624855 -0.00763828
 -0.00624855 -0.00763828    0.00624855  0.00763828    0.29505928  0.00000000

     Diagonalizing the dynamical matrix

     q = (    0.750000000  -0.250000000   0.750000000 ) 

 **************************************************************************
     freq (    1) =       4.254550 [THz] =     141.916501 [cm-1]
 (  0.049339 -0.497560 -0.000000  0.000000 -0.049339  0.497560 ) 
 (  0.500000 -0.000000 -0.000000 -0.000000 -0.500000  0.000000 ) 
     freq (    2) =       5.886308 [THz] =     196.346084 [cm-1]
 ( -0.391225 -0.160335 -0.344546  0.154140 -0.391225 -0.160335 ) 
 ( -0.422805  0.000000 -0.260359 -0.273285 -0.422805  0.000000 ) 
     freq (    3) =       9.333625 [THz] =     311.336207 [cm-1]
 (  0.112156 -0.290572  0.384233  0.397924  0.112156 -0.290572 ) 
 ( -0.311465  0.000000  0.232872  0.501746 -0.311465  0.000000 ) 
     freq (    4) =      12.028531 [THz] =     401.228591 [cm-1]
 (  0.085239  0.318894 -0.403968 -0.344807  0.085239  0.318894 ) 
 ( -0.330089 -0.000000  0.437428  0.301228 -0.330089  0.000000 ) 
     freq (    5) =      13.539147 [THz] =     451.617319 [cm-1]
 (  0.049339 -0.497560 -0.000000  0.000000 -0.049339  0.497560 ) 
 ( -0.500000  0.000000  0.000000  0.000000  0.500000  0.000000 ) 
     freq (    6) =      13.937371 [THz] =     464.900647 [cm-1]
 ( -0.301444 -0.156197 -0.469345  0.221774 -0.301444 -0.156197 ) 
 (  0.339509 -0.000000  0.314693  0.412839  0.339509 -0.000000 ) 
 **************************************************************************
