Dynamical matrix file
                                                                           
  1    2  2 10.3180000  0.0000000  0.0000000  0.0000000  0.0000000  0.0000000
           1  'Si  '    25598.822984527003     
    1    1      0.0000000000      0.0000000000      0.0000000000
    2    1      0.2500000000      0.2500000000      0.2500000000

     Dynamical  Matrix in cartesian axes

     q = (   -0.250000000   0.250000000  -0.250000000 ) 

    1    1
  0.27183003  0.00000000   -0.01179670  0.00000000    0.01179670  0.00000000
 -0.01179670  0.00000000    0.27183003  0.00000000   -0.01179670  0.00000000
  0.01179670  0.00000000   -0.01179670  0.00000000    0.27183003  0.00000000
    1    2
 -0.20229686 -0.05874232   -0.03880230  0.04046641    0.03880230 -0.04046641
 -0.03880230  0.04046641   -0.20229686 -0.05874232   -0.03880230  0.04046641
  0.03880230 -0.04046641   -0.03880230  0.04046641   -0.20229686 -0.05874232
    2    1
 -0.20229686  0.05874232   -0.03880230 -0.04046641    0.03880230  0.04046641
 -0.03880230 -0.04046641   -0.20229686  0.05874232   -0.03880230 -0.04046641
  0.03880230  0.04046641   -0.03880230 -0.04046641   -0.20229686  0.05874232
    2    2
  0.27183003  0.00000000   -0.01179670  0.00000000    0.01179670  0.00000000
 -0.01179670  0.00000000    0.27183003  0.00000000   -0.01179670  0.00000000
  0.01179670  0.00000000   -0.01179670  0.00000000    0.27183003  0.00000000

     Dynamical  Matrix in cartesian axes

     q = (    0.250000000  -0.250000000  -0.250000000 ) 

    1    1
  0.27183003  0.00000000   -0.01179670  0.00000000   -0.01179670  0.00000000
 -0.01179670  0.00000000    0.27183003  0.00000000    0.01179670  0.00000000
 -0.01179670  0.00000000    0.01179670  0.00000000    0.27183003  0.00000000
    1    2
 -0.20229686 -0.05874232   -0.03880230  0.04046641   -0.03880230  0.04046641
 -0.03880230  0.04046641   -0.20229686 -0.05874232    0.03880230 -0.04046641
 -0.03880230  0.04046641    0.03880230 -0.04046641   -0.20229686 -0.05874232
    2    1
 -0.20229686  0.05874232   -0.03880230 -0.04046641   -0.03880230 -0.04046641
 -0.03880230 -0.04046641   -0.20229686  0.05874232    0.03880230  0.04046641
 -0.03880230 -0.04046641    0.03880230  0.04046641   -0.20229686  0.05874232
    2    2
  0.27183003  0.00000000   -0.01179670  0.00000000   -0.01179670  0.00000000
 -0.01179670  0.00000000    0.27183003  0.00000000    0.01179670  0.00000000
 -0.01179670  0.00000000    0.01179670  0.00000000    0.27183003  0.00000000

     Dynamical  Matrix in cartesian axes

     q = (    0.250000000  -0.250000000   0.250000000 ) 

    1    1
  0.27183003  0.00000000   -0.01179670  0.00000000    0.01179670  0.00000000
 -0.01179670  0.00000000    0.27183003  0.00000000   -0.01179670  0.00000000
  0.01179670  0.00000000   -0.01179670  0.00000000    0.27183003  0.00000000
    1    2
 -0.20229686  0.05874232   -0.03880230 -0.04046641    0.03880230  0.04046641
 -0.03880230 -0.04046641   -0.20229686  0.05874232   -0.03880230 -0.04046641
  0.03880230  0.04046641   -0.03880230 -0.04046641   -0.20229686  0.05874232
    2    1
 -0.20229686 -0.05874232   -0.03880230  0.04046641    0.03880230 -0.04046641
 -0.03880230  0.04046641   -0.20229686 -0.05874232   -0.03880230  0.04046641
  0.03880230 -0.04046641   -0.03880230  0.04046641   -0.20229686 -0.05874232
    2    2
  0.27183003  0.00000000   -0.01179670  0.00000000    0.01179670  0.00000000
 -0.01179670  0.00000000    0.27183003  0.00000000   -0.01179670  0.00000000
  0.01179670  0.00000000   -0.01179670  0.00000000    0.27183003  0.00000000

     Dynamical  Matrix in cartesian axes

     q = (    0.250000000   0.250000000   0.250000000 ) 

    1    1
  0.27183003  0.00000000    0.01179670  0.00000000    0.01179670  0.00000000
  0.01179670  0.00000000    0.27183003  0.00000000    0.01179670  0.00000000
  0.01179670  0.00000000    0.01179670  0.00000000    0.27183003  0.00000000
    1    2
 -0.05874232  0.20229686   -0.04046641 -0.03880230   -0.04046641 -0.03880230
 -0.04046641 -0.03880230   -0.05874232  0.20229686   -0.04046641 -0.03880230
 -0.04046641 -0.03880230   -0.04046641 -0.03880230   -0.05874232  0.20229686
    2    1
 -0.05874232 -0.20229686   -0.04046641  0.03880230   -0.04046641  0.03880230
 -0.04046641  0.03880230   -0.05874232 -0.20229686   -0.04046641  0.03880230
 -0.04046641  0.03880230   -0.04046641  0.03880230   -0.05874232 -0.20229686
    2    2
  0.27183003  0.00000000    0.01179670  0.00000000    0.01179670  0.00000000
  0.01179670  0.00000000    0.27183003  0.00000000    0.01179670  0.00000000
  0.01179670  0.00000000    0.01179670  0.00000000    0.27183003  0.00000000

     Dynamical  Matrix in cartesian axes

     q = (   -0.250000000  -0.250000000  -0.250000000 ) 

    1    1
  0.27183003  0.00000000    0.01179670  0.00000000    0.01179670  0.00000000
  0.01179670  0.00000000    0.27183003  0.00000000    0.01179670  0.00000000
  0.01179670  0.00000000    0.01179670  0.00000000    0.27183003  0.00000000
    1    2
 -0.05874232 -0.20229686   -0.04046641  0.03880230   -0.04046641  0.03880230
 -0.04046641  0.03880230   -0.05874232 -0.20229686   -0.04046641  0.03880230
 -0.04046641  0.03880230   -0.04046641  0.03880230   -0.05874232 -0.20229686
    2    1
 -0.05874232  0.20229686   -0.04046641 -0.03880230   -0.04046641 -0.03880230
 -0.04046641 -0.03880230   -0.05874232  0.20229686   -0.04046641 -0.03880230
 -0.04046641 -0.03880230   -0.04046641 -0.03880230   -0.05874232  0.20229686
    2    2
  0.27183003  0.00000000    0.01179670  0.00000000    0.01179670  0.00000000
  0.01179670  0.00000000    0.27183003  0.00000000    0.01179670  0.00000000
  0.01179670  0.00000000    0.01179670  0.00000000    0.27183003  0.00000000

     Dynamical  Matrix in cartesian axes

     q = (   -0.250000000  -0.250000000   0.250000000 ) 

    1    1
  0.27183003  0.00000000    0.01179670  0.00000000   -0.01179670  0.00000000
  0.01179670  0.00000000    0.27183003  0.00000000   -0.01179670  0.00000000
 -0.01179670  0.00000000   -0.01179670  0.00000000    0.27183003  0.00000000
    1    2
 -0.20229686 -0.05874232    0.03880230 -0.04046641   -0.03880230  0.04046641
  0.03880230 -0.04046641   -0.20229686 -0.05874232   -0.03880230  0.04046641
 -0.03880230  0.04046641   -0.03880230  0.04046641   -0.20229686 -0.05874232
    2    1
 -0.20229686  0.05874232    0.03880230  0.04046641   -0.03880230 -0.04046641
  0.03880230  0.04046641   -0.20229686  0.05874232   -0.03880230 -0.04046641
 -0.03880230 -0.04046641   -0.03880230 -0.04046641   -0.20229686  0.05874232
    2    2
  0.27183003  0.00000000    0.01179670  0.00000000   -0.01179670  0.00000000
  0.01179670  0.00000000    0.27183003  0.00000000   -0.01179670  0.00000000
 -0.01179670  0.00000000   -0.01179670  0.00000000    0.27183003  0.00000000

     Dynamical  Matrix in cartesian axes

     q = (   -0.250000000   0.250000000   0.250000000 ) 

    1    1
  0.27183003  0.00000000   -0.01179670  0.00000000   -0.01179670  0.00000000
 -0.01179670  0.00000000    0.27183003  0.00000000    0.01179670  0.00000000
 -0.01179670  0.00000000    0.01179670  0.00000000    0.27183003  0.00000000
    1    2
 -0.20229686  0.05874232   -0.03880230 -0.04046641   -0.03880230 -0.04046641
 -0.03880230 -0.04046641   -0.20229686  0.05874232    0.03880230  0.04046641
 -0.03880230 -0.04046641    0.03880230  0.04046641   -0.20229686  0.05874232
    2    1
 -0.20229686 -0.05874232   -0.03880230  0.04046641   -0.03880230  0.04046641
 -0.03880230  0.04046641   -0.20229686 -0.05874232    0.03880230 -0.04046641
 -0.03880230  0.04046641    0.03880230 -0.04046641   -0.20229686 -0.05874232
    2    2
  0.27183003  0.00000000   -0.01179670  0.00000000   -0.01179670  0.00000000
 -0.01179670  0.00000000    0.27183003  0.00000000    0.01179670  0.00000000
 -0.01179670  0.00000000    0.01179670  0.00000000    0.27183003  0.00000000

     Dynamical  Matrix in cartesian axes

     q = (    0.250000000   0.250000000  -0.250000000 ) 

    1    1
  0.27183003  0.00000000    0.01179670  0.00000000   -0.01179670  0.00000000
  0.01179670  0.00000000    0.27183003  0.00000000   -0.01179670  0.00000000
 -0.01179670  0.00000000   -0.01179670  0.00000000    0.27183003  0.00000000
    1    2
 -0.20229686  0.05874232    0.03880230  0.04046641   -0.03880230 -0.04046641
  0.03880230  0.04046641   -0.20229686  0.05874232   -0.03880230 -0.04046641
 -0.03880230 -0.04046641   -0.03880230 -0.04046641   -0.20229686  0.05874232
    2    1
 -0.20229686 -0.05874232    0.03880230 -0.04046641   -0.03880230  0.04046641
  0.03880230 -0.04046641   -0.20229686 -0.05874232   -0.03880230  0.04046641
 -0.03880230  0.04046641   -0.03880230  0.04046641   -0.20229686 -0.05874232
    2    2
  0.27183003  0.00000000    0.01179670  0.00000000   -0.01179670  0.00000000
  0.01179670  0.00000000    0.27183003  0.00000000   -0.01179670  0.00000000
 -0.01179670  0.00000000   -0.01179670  0.00000000    0.27183003  0.00000000

     Diagonalizing the dynamical matrix

     q = (   -0.250000000   0.250000000  -0.250000000 ) 

 **************************************************************************
     freq (    1) =       2.777200 [THz] =      92.637406 [cm-1]
 (  0.320977  0.020932 -0.253405 -0.022608 -0.574382 -0.043540 ) 
 (  0.321641 -0.003389 -0.254389 -0.003389 -0.576030  0.000000 ) 
     freq (    2) =       2.777200 [THz] =      92.637406 [cm-1]
 ( -0.479246  0.013844 -0.518160  0.010894 -0.038913 -0.002950 ) 
 ( -0.476829  0.050028 -0.515854  0.050028 -0.039025  0.000000 ) 
     freq (    3) =       6.763220 [THz] =     225.596750 [cm-1]
 ( -0.271878 -0.304547  0.271878  0.304547 -0.271878 -0.304547 ) 
 ( -0.408248 -0.000000  0.408248 -0.000000 -0.408248  0.000000 ) 
     freq (    4) =      14.285170 [THz] =     476.501975 [cm-1]
 ( -0.271878 -0.304547  0.271878  0.304547 -0.271878 -0.304547 ) 
 (  0.408248 -0.000000 -0.408248 -0.000000  0.408248  0.000000 ) 
     freq (    5) =      14.566018 [THz] =     485.870046 [cm-1]
 ( -0.447236 -0.189224 -0.476126 -0.191414 -0.028890 -0.002190 ) 
 (  0.460259  0.154879  0.489232  0.154879  0.028973  0.000000 ) 
     freq (    6) =      14.566018 [THz] =     485.870046 [cm-1]
 (  0.310684  0.031355 -0.264289 -0.012229 -0.574973 -0.043584 ) 
 ( -0.312165 -0.007782  0.264458 -0.007782  0.576623  0.000000 ) 
 **************************************************************************
