Dynamical matrix file
                                                                           
  1    2  2 10.3180000  0.0000000  0.0000000  0.0000000  0.0000000  0.0000000
           1  'Si  '    25598.822984527003     
    1    1      0.0000000000      0.0000000000      0.0000000000
    2    1      0.2500000000      0.2500000000      0.2500000000

     Dynamical  Matrix in cartesian axes

     q = (    0.750000000  -0.250000000   0.750000000 ) 

    1    1
  0.24836720  0.00000000   -0.00636731  0.00771813    0.00594285  0.00000000
 -0.00636731 -0.00771813    0.29982275  0.00000000   -0.00636731 -0.00771813
  0.00594285  0.00000000   -0.00636731  0.00771813    0.24836720  0.00000000
    1    2
 -0.06092455  0.06205983   -0.04156686  0.04399125   -0.04193438 -0.13742030
 -0.04156686  0.04399125   -0.05928605  0.08053455   -0.04156686  0.04399125
 -0.04193438 -0.13742030   -0.04156686  0.04399125   -0.06092455  0.06205983
    2    1
 -0.06092455 -0.06205983   -0.04156686 -0.04399125   -0.04193438  0.13742030
 -0.04156686 -0.04399125   -0.05928605 -0.08053455   -0.04156686 -0.04399125
 -0.04193438  0.13742030   -0.04156686 -0.04399125   -0.06092455 -0.06205983
    2    2
  0.24836720  0.00000000   -0.00636731 -0.00771813    0.00594285  0.00000000
 -0.00636731  0.00771813    0.29982275  0.00000000   -0.00636731  0.00771813
  0.00594285  0.00000000   -0.00636731 -0.00771813    0.24836720  0.00000000

     Dynamical  Matrix in cartesian axes

     q = (    0.750000000  -0.250000000  -0.750000000 ) 

    1    1
  0.24836720  0.00000000   -0.00636731 -0.00771813   -0.00594285  0.00000000
 -0.00636731  0.00771813    0.29982275  0.00000000    0.00636731 -0.00771813
 -0.00594285  0.00000000    0.00636731  0.00771813    0.24836720  0.00000000
    1    2
 -0.06205983  0.06092455   -0.04399125  0.04156686   -0.13742030 -0.04193438
 -0.04399125  0.04156686   -0.08053455  0.05928605    0.04399125 -0.04156686
 -0.13742030 -0.04193438    0.04399125 -0.04156686   -0.06205983  0.06092455
    2    1
 -0.06205983 -0.06092455   -0.04399125 -0.04156686   -0.13742030  0.04193438
 -0.04399125 -0.04156686   -0.08053455 -0.05928605    0.04399125  0.04156686
 -0.13742030  0.04193438    0.04399125  0.04156686   -0.06205983 -0.06092455
    2    2
  0.24836720  0.00000000   -0.00636731  0.00771813   -0.00594285  0.00000000
 -0.00636731 -0.00771813    0.29982275  0.00000000    0.00636731  0.00771813
 -0.00594285  0.00000000    0.00636731 -0.00771813    0.24836720  0.00000000

     Dynamical  Matrix in cartesian axes

     q = (   -0.750000000  -0.250000000  -0.750000000 ) 

    1    1
  0.24836720  0.00000000    0.00636731 -0.00771813    0.00594285  0.00000000
  0.00636731  0.00771813    0.29982275  0.00000000    0.00636731  0.00771813
  0.00594285  0.00000000    0.00636731 -0.00771813    0.24836720  0.00000000
    1    2
  0.06205983  0.06092455   -0.04399125 -0.04156686   -0.13742030  0.04193438
 -0.04399125 -0.04156686    0.08053455  0.05928605   -0.04399125 -0.04156686
 -0.13742030  0.04193438   -0.04399125 -0.04156686    0.06205983  0.06092455
    2    1
  0.06205983 -0.06092455   -0.04399125  0.04156686   -0.13742030 -0.04193438
 -0.04399125  0.04156686    0.08053455 -0.05928605   -0.04399125  0.04156686
 -0.13742030 -0.04193438   -0.04399125  0.04156686    0.06205983 -0.06092455
    2    2
  0.24836720  0.00000000    0.00636731  0.00771813    0.00594285  0.00000000
  0.00636731 -0.00771813    0.29982275  0.00000000    0.00636731 -0.00771813
  0.00594285  0.00000000    0.00636731  0.00771813    0.24836720  0.00000000

     Dynamical  Matrix in cartesian axes

     q = (   -0.750000000  -0.250000000   0.750000000 ) 

    1    1
  0.24836720  0.00000000    0.00636731  0.00771813   -0.00594285  0.00000000
  0.00636731 -0.00771813    0.29982275  0.00000000   -0.00636731  0.00771813
 -0.00594285  0.00000000   -0.00636731 -0.00771813    0.24836720  0.00000000
    1    2
 -0.06205983  0.06092455    0.04399125 -0.04156686   -0.13742030 -0.04193438
  0.04399125 -0.04156686   -0.08053455  0.05928605   -0.04399125  0.04156686
 -0.13742030 -0.04193438   -0.04399125  0.04156686   -0.06205983  0.06092455
    2    1
 -0.06205983 -0.06092455    0.04399125  0.04156686   -0.13742030  0.04193438
  0.04399125  0.04156686   -0.08053455 -0.05928605   -0.04399125 -0.04156686
 -0.13742030  0.04193438   -0.04399125 -0.04156686   -0.06205983 -0.06092455
    2    2
  0.24836720  0.00000000    0.00636731 -0.00771813   -0.00594285  0.00000000
  0.00636731  0.00771813    0.29982275  0.00000000   -0.00636731 -0.00771813
 -0.00594285  0.00000000   -0.00636731  0.00771813    0.24836720  0.00000000

     Dynamical  Matrix in cartesian axes

     q = (   -0.750000000   0.250000000  -0.750000000 ) 

    1    1
  0.24836720  0.00000000   -0.00636731 -0.00771813    0.00594285  0.00000000
 -0.00636731  0.00771813    0.29982275  0.00000000   -0.00636731  0.00771813
  0.00594285  0.00000000   -0.00636731 -0.00771813    0.24836720  0.00000000
    1    2
 -0.06092455 -0.06205983   -0.04156686 -0.04399125   -0.04193438  0.13742030
 -0.04156686 -0.04399125   -0.05928605 -0.08053455   -0.04156686 -0.04399125
 -0.04193438  0.13742030   -0.04156686 -0.04399125   -0.06092455 -0.06205983
    2    1
 -0.06092455  0.06205983   -0.04156686  0.04399125   -0.04193438 -0.13742030
 -0.04156686  0.04399125   -0.05928605  0.08053455   -0.04156686  0.04399125
 -0.04193438 -0.13742030   -0.04156686  0.04399125   -0.06092455  0.06205983
    2    2
  0.24836720  0.00000000   -0.00636731  0.00771813    0.00594285  0.00000000
 -0.00636731 -0.00771813    0.29982275  0.00000000   -0.00636731 -0.00771813
  0.00594285  0.00000000   -0.00636731  0.00771813    0.24836720  0.00000000

     Dynamical  Matrix in cartesian axes

     q = (   -0.250000000   0.750000000  -0.750000000 ) 

    1    1
  0.29982275  0.00000000   -0.00636731  0.00771813    0.00636731 -0.00771813
 -0.00636731 -0.00771813    0.24836720  0.00000000   -0.00594285  0.00000000
  0.00636731  0.00771813   -0.00594285  0.00000000    0.24836720  0.00000000
    1    2
 -0.08053455  0.05928605   -0.04399125  0.04156686    0.04399125 -0.04156686
 -0.04399125  0.04156686   -0.06205983  0.06092455   -0.13742030 -0.04193438
  0.04399125 -0.04156686   -0.13742030 -0.04193438   -0.06205983  0.06092455
    2    1
 -0.08053455 -0.05928605   -0.04399125 -0.04156686    0.04399125  0.04156686
 -0.04399125 -0.04156686   -0.06205983 -0.06092455   -0.13742030  0.04193438
  0.04399125  0.04156686   -0.13742030  0.04193438   -0.06205983 -0.06092455
    2    2
  0.29982275  0.00000000   -0.00636731 -0.00771813    0.00636731  0.00771813
 -0.00636731  0.00771813    0.24836720  0.00000000   -0.00594285  0.00000000
  0.00636731 -0.00771813   -0.00594285  0.00000000    0.24836720  0.00000000

     Dynamical  Matrix in cartesian axes

     q = (   -0.750000000   0.750000000  -0.250000000 ) 

    1    1
  0.24836720  0.00000000   -0.00594285  0.00000000    0.00636731  0.00771813
 -0.00594285  0.00000000    0.24836720  0.00000000   -0.00636731 -0.00771813
  0.00636731 -0.00771813   -0.00636731  0.00771813    0.29982275  0.00000000
    1    2
 -0.06205983  0.06092455   -0.13742030 -0.04193438    0.04399125 -0.04156686
 -0.13742030 -0.04193438   -0.06205983  0.06092455   -0.04399125  0.04156686
  0.04399125 -0.04156686   -0.04399125  0.04156686   -0.08053455  0.05928605
    2    1
 -0.06205983 -0.06092455   -0.13742030  0.04193438    0.04399125  0.04156686
 -0.13742030  0.04193438   -0.06205983 -0.06092455   -0.04399125 -0.04156686
  0.04399125  0.04156686   -0.04399125 -0.04156686   -0.08053455 -0.05928605
    2    2
  0.24836720  0.00000000   -0.00594285  0.00000000    0.00636731 -0.00771813
 -0.00594285  0.00000000    0.24836720  0.00000000   -0.00636731  0.00771813
  0.00636731  0.00771813   -0.00636731 -0.00771813    0.29982275  0.00000000

     Dynamical  Matrix in cartesian axes

     q = (    0.750000000   0.250000000   0.750000000 ) 

    1    1
  0.24836720  0.00000000    0.00636731  0.00771813    0.00594285  0.00000000
  0.00636731 -0.00771813    0.29982275  0.00000000    0.00636731 -0.00771813
  0.00594285  0.00000000    0.00636731  0.00771813    0.24836720  0.00000000
    1    2
  0.06205983 -0.06092455   -0.04399125  0.04156686   -0.13742030 -0.04193438
 -0.04399125  0.04156686    0.08053455 -0.05928605   -0.04399125  0.04156686
 -0.13742030 -0.04193438   -0.04399125  0.04156686    0.06205983 -0.06092455
    2    1
  0.06205983  0.06092455   -0.04399125 -0.04156686   -0.13742030  0.04193438
 -0.04399125 -0.04156686    0.08053455  0.05928605   -0.04399125 -0.04156686
 -0.13742030  0.04193438   -0.04399125 -0.04156686    0.06205983  0.06092455
    2    2
  0.24836720  0.00000000    0.00636731 -0.00771813    0.00594285  0.00000000
  0.00636731  0.00771813    0.29982275  0.00000000    0.00636731  0.00771813
  0.00594285  0.00000000    0.00636731 -0.00771813    0.24836720  0.00000000

     Dynamical  Matrix in cartesian axes

     q = (   -0.750000000   0.250000000   0.750000000 ) 

    1    1
  0.24836720  0.00000000   -0.00636731  0.00771813   -0.00594285  0.00000000
 -0.00636731 -0.00771813    0.29982275  0.00000000    0.00636731  0.00771813
 -0.00594285  0.00000000    0.00636731 -0.00771813    0.24836720  0.00000000
    1    2
 -0.06205983 -0.06092455   -0.04399125 -0.04156686   -0.13742030  0.04193438
 -0.04399125 -0.04156686   -0.08053455 -0.05928605    0.04399125  0.04156686
 -0.13742030  0.04193438    0.04399125  0.04156686   -0.06205983 -0.06092455
    2    1
 -0.06205983  0.06092455   -0.04399125  0.04156686   -0.13742030 -0.04193438
 -0.04399125  0.04156686   -0.08053455  0.05928605    0.04399125 -0.04156686
 -0.13742030 -0.04193438    0.04399125 -0.04156686   -0.06205983  0.06092455
    2    2
  0.24836720  0.00000000   -0.00636731 -0.00771813   -0.00594285  0.00000000
 -0.00636731  0.00771813    0.29982275  0.00000000    0.00636731 -0.00771813
 -0.00594285  0.00000000    0.00636731  0.00771813    0.24836720  0.00000000

     Dynamical  Matrix in cartesian axes

     q = (    0.750000000   0.250000000  -0.750000000 ) 

    1    1
  0.24836720  0.00000000    0.00636731 -0.00771813   -0.00594285  0.00000000
  0.00636731  0.00771813    0.29982275  0.00000000   -0.00636731 -0.00771813
 -0.00594285  0.00000000   -0.00636731  0.00771813    0.24836720  0.00000000
    1    2
 -0.06205983 -0.06092455    0.04399125  0.04156686   -0.13742030  0.04193438
  0.04399125  0.04156686   -0.08053455 -0.05928605   -0.04399125 -0.04156686
 -0.13742030  0.04193438   -0.04399125 -0.04156686   -0.06205983 -0.06092455
    2    1
 -0.06205983  0.06092455    0.04399125 -0.04156686   -0.13742030 -0.04193438
  0.04399125 -0.04156686   -0.08053455  0.05928605   -0.04399125  0.04156686
 -0.13742030 -0.04193438   -0.04399125  0.04156686   -0.06205983  0.06092455
    2    2
  0.24836720  0.00000000    0.00636731  0.00771813   -0.00594285  0.00000000
  0.00636731 -0.00771813    0.29982275  0.00000000   -0.00636731  0.00771813
 -0.00594285  0.00000000   -0.00636731 -0.00771813    0.24836720  0.00000000

     Dynamical  Matrix in cartesian axes

     q = (   -0.750000000   0.750000000   0.250000000 ) 

    1    1
  0.24836720  0.00000000   -0.00594285  0.00000000   -0.00636731  0.00771813
 -0.00594285  0.00000000    0.24836720  0.00000000    0.00636731 -0.00771813
 -0.00636731 -0.00771813    0.00636731  0.00771813    0.29982275  0.00000000
    1    2
 -0.06205983 -0.06092455   -0.13742030  0.04193438   -0.04399125 -0.04156686
 -0.13742030  0.04193438   -0.06205983 -0.06092455    0.04399125  0.04156686
 -0.04399125 -0.04156686    0.04399125  0.04156686   -0.08053455 -0.05928605
    2    1
 -0.06205983  0.06092455   -0.13742030 -0.04193438   -0.04399125  0.04156686
 -0.13742030 -0.04193438   -0.06205983  0.06092455    0.04399125 -0.04156686
 -0.04399125  0.04156686    0.04399125 -0.04156686   -0.08053455  0.05928605
    2    2
  0.24836720  0.00000000   -0.00594285  0.00000000   -0.00636731 -0.00771813
 -0.00594285  0.00000000    0.24836720  0.00000000    0.00636731  0.00771813
 -0.00636731  0.00771813    0.00636731 -0.00771813    0.29982275  0.00000000

     Dynamical  Matrix in cartesian axes

     q = (   -0.250000000   0.750000000   0.750000000 ) 

    1    1
  0.29982275  0.00000000   -0.00636731 -0.00771813   -0.00636731 -0.00771813
 -0.00636731  0.00771813    0.24836720  0.00000000    0.00594285  0.00000000
 -0.00636731  0.00771813    0.00594285  0.00000000    0.24836720  0.00000000
    1    2
 -0.05928605  0.08053455   -0.04156686  0.04399125   -0.04156686  0.04399125
 -0.04156686  0.04399125   -0.06092455  0.06205983   -0.04193438 -0.13742030
 -0.04156686  0.04399125   -0.04193438 -0.13742030   -0.06092455  0.06205983
    2    1
 -0.05928605 -0.08053455   -0.04156686 -0.04399125   -0.04156686 -0.04399125
 -0.04156686 -0.04399125   -0.06092455 -0.06205983   -0.04193438  0.13742030
 -0.04156686 -0.04399125   -0.04193438  0.13742030   -0.06092455 -0.06205983
    2    2
  0.29982275  0.00000000   -0.00636731  0.00771813   -0.00636731  0.00771813
 -0.00636731 -0.00771813    0.24836720  0.00000000    0.00594285  0.00000000
 -0.00636731 -0.00771813    0.00594285  0.00000000    0.24836720  0.00000000

     Dynamical  Matrix in cartesian axes

     q = (    0.250000000   0.750000000  -0.750000000 ) 

    1    1
  0.29982275  0.00000000    0.00636731  0.00771813   -0.00636731 -0.00771813
  0.00636731 -0.00771813    0.24836720  0.00000000   -0.00594285  0.00000000
 -0.00636731  0.00771813   -0.00594285  0.00000000    0.24836720  0.00000000
    1    2
 -0.08053455 -0.05928605    0.04399125  0.04156686   -0.04399125 -0.04156686
  0.04399125  0.04156686   -0.06205983 -0.06092455   -0.13742030  0.04193438
 -0.04399125 -0.04156686   -0.13742030  0.04193438   -0.06205983 -0.06092455
    2    1
 -0.08053455  0.05928605    0.04399125 -0.04156686   -0.04399125  0.04156686
  0.04399125 -0.04156686   -0.06205983  0.06092455   -0.13742030 -0.04193438
 -0.04399125  0.04156686   -0.13742030 -0.04193438   -0.06205983  0.06092455
    2    2
  0.29982275  0.00000000    0.00636731 -0.00771813   -0.00636731  0.00771813
  0.00636731  0.00771813    0.24836720  0.00000000   -0.00594285  0.00000000
 -0.00636731 -0.00771813   -0.00594285  0.00000000    0.24836720  0.00000000

     Dynamical  Matrix in cartesian axes

     q = (   -0.250000000  -0.750000000  -0.750000000 ) 

    1    1
  0.29982275  0.00000000    0.00636731  0.00771813    0.00636731  0.00771813
  0.00636731 -0.00771813    0.24836720  0.00000000    0.00594285  0.00000000
  0.00636731 -0.00771813    0.00594285  0.00000000    0.24836720  0.00000000
    1    2
  0.08053455  0.05928605   -0.04399125 -0.04156686   -0.04399125 -0.04156686
 -0.04399125 -0.04156686    0.06205983  0.06092455   -0.13742030  0.04193438
 -0.04399125 -0.04156686   -0.13742030  0.04193438    0.06205983  0.06092455
    2    1
  0.08053455 -0.05928605   -0.04399125  0.04156686   -0.04399125  0.04156686
 -0.04399125  0.04156686    0.06205983 -0.06092455   -0.13742030 -0.04193438
 -0.04399125  0.04156686   -0.13742030 -0.04193438    0.06205983 -0.06092455
    2    2
  0.29982275  0.00000000    0.00636731 -0.00771813    0.00636731 -0.00771813
  0.00636731  0.00771813    0.24836720  0.00000000    0.00594285  0.00000000
  0.00636731  0.00771813    0.00594285  0.00000000    0.24836720  0.00000000

     Dynamical  Matrix in cartesian axes

     q = (    0.750000000   0.750000000  -0.250000000 ) 

    1    1
  0.24836720  0.00000000    0.00594285  0.00000000   -0.00636731  0.00771813
  0.00594285  0.00000000    0.24836720  0.00000000   -0.00636731  0.00771813
 -0.00636731 -0.00771813   -0.00636731 -0.00771813    0.29982275  0.00000000
    1    2
 -0.06092455  0.06205983   -0.04193438 -0.13742030   -0.04156686  0.04399125
 -0.04193438 -0.13742030   -0.06092455  0.06205983   -0.04156686  0.04399125
 -0.04156686  0.04399125   -0.04156686  0.04399125   -0.05928605  0.08053455
    2    1
 -0.06092455 -0.06205983   -0.04193438  0.13742030   -0.04156686 -0.04399125
 -0.04193438  0.13742030   -0.06092455 -0.06205983   -0.04156686 -0.04399125
 -0.04156686 -0.04399125   -0.04156686 -0.04399125   -0.05928605 -0.08053455
    2    2
  0.24836720  0.00000000    0.00594285  0.00000000   -0.00636731 -0.00771813
  0.00594285  0.00000000    0.24836720  0.00000000   -0.00636731 -0.00771813
 -0.00636731  0.00771813   -0.00636731  0.00771813    0.29982275  0.00000000

     Dynamical  Matrix in cartesian axes

     q = (    0.750000000  -0.750000000   0.250000000 ) 

    1    1
  0.24836720  0.00000000   -0.00594285  0.00000000    0.00636731 -0.00771813
 -0.00594285  0.00000000    0.24836720  0.00000000   -0.00636731  0.00771813
  0.00636731  0.00771813   -0.00636731 -0.00771813    0.29982275  0.00000000
    1    2
 -0.06205983 -0.06092455   -0.13742030  0.04193438    0.04399125  0.04156686
 -0.13742030  0.04193438   -0.06205983 -0.06092455   -0.04399125 -0.04156686
  0.04399125  0.04156686   -0.04399125 -0.04156686   -0.08053455 -0.05928605
    2    1
 -0.06205983  0.06092455   -0.13742030 -0.04193438    0.04399125 -0.04156686
 -0.13742030 -0.04193438   -0.06205983  0.06092455   -0.04399125  0.04156686
  0.04399125 -0.04156686   -0.04399125  0.04156686   -0.08053455  0.05928605
    2    2
  0.24836720  0.00000000   -0.00594285  0.00000000    0.00636731  0.00771813
 -0.00594285  0.00000000    0.24836720  0.00000000   -0.00636731 -0.00771813
  0.00636731 -0.00771813   -0.00636731  0.00771813    0.29982275  0.00000000

     Dynamical  Matrix in cartesian axes

     q = (   -0.750000000  -0.750000000  -0.250000000 ) 

    1    1
  0.24836720  0.00000000    0.00594285  0.00000000    0.00636731 -0.00771813
  0.00594285  0.00000000    0.24836720  0.00000000    0.00636731 -0.00771813
  0.00636731  0.00771813    0.00636731  0.00771813    0.29982275  0.00000000
    1    2
  0.06205983  0.06092455   -0.13742030  0.04193438   -0.04399125 -0.04156686
 -0.13742030  0.04193438    0.06205983  0.06092455   -0.04399125 -0.04156686
 -0.04399125 -0.04156686   -0.04399125 -0.04156686    0.08053455  0.05928605
    2    1
  0.06205983 -0.06092455   -0.13742030 -0.04193438   -0.04399125  0.04156686
 -0.13742030 -0.04193438    0.06205983 -0.06092455   -0.04399125  0.04156686
 -0.04399125  0.04156686   -0.04399125  0.04156686    0.08053455 -0.05928605
    2    2
  0.24836720  0.00000000    0.00594285  0.00000000    0.00636731  0.00771813
  0.00594285  0.00000000    0.24836720  0.00000000    0.00636731  0.00771813
  0.00636731 -0.00771813    0.00636731 -0.00771813    0.29982275  0.00000000

     Dynamical  Matrix in cartesian axes

     q = (    0.250000000  -0.750000000   0.750000000 ) 

    1    1
  0.29982275  0.00000000   -0.00636731 -0.00771813    0.00636731  0.00771813
 -0.00636731  0.00771813    0.24836720  0.00000000   -0.00594285  0.00000000
  0.00636731 -0.00771813   -0.00594285  0.00000000    0.24836720  0.00000000
    1    2
 -0.08053455 -0.05928605   -0.04399125 -0.04156686    0.04399125  0.04156686
 -0.04399125 -0.04156686   -0.06205983 -0.06092455   -0.13742030  0.04193438
  0.04399125  0.04156686   -0.13742030  0.04193438   -0.06205983 -0.06092455
    2    1
 -0.08053455  0.05928605   -0.04399125  0.04156686    0.04399125 -0.04156686
 -0.04399125  0.04156686   -0.06205983  0.06092455   -0.13742030 -0.04193438
  0.04399125 -0.04156686   -0.13742030 -0.04193438   -0.06205983  0.06092455
    2    2
  0.29982275  0.00000000   -0.00636731  0.00771813    0.00636731 -0.00771813
 -0.00636731 -0.00771813    0.24836720  0.00000000   -0.00594285  0.00000000
  0.00636731  0.00771813   -0.00594285  0.00000000    0.24836720  0.00000000

     Dynamical  Matrix in cartesian axes

     q = (   -0.750000000  -0.750000000   0.250000000 ) 

    1    1
  0.24836720  0.00000000    0.00594285  0.00000000   -0.00636731 -0.00771813
  0.00594285  0.00000000    0.24836720  0.00000000   -0.00636731 -0.00771813
 -0.00636731  0.00771813   -0.00636731  0.00771813    0.29982275  0.00000000
    1    2
 -0.06092455 -0.06205983   -0.04193438  0.13742030   -0.04156686 -0.04399125
 -0.04193438  0.13742030   -0.06092455 -0.06205983   -0.04156686 -0.04399125
 -0.04156686 -0.04399125   -0.04156686 -0.04399125   -0.05928605 -0.08053455
    2    1
 -0.06092455  0.06205983   -0.04193438 -0.13742030   -0.04156686  0.04399125
 -0.04193438 -0.13742030   -0.06092455  0.06205983   -0.04156686  0.04399125
 -0.04156686  0.04399125   -0.04156686  0.04399125   -0.05928605  0.08053455
    2    2
  0.24836720  0.00000000    0.00594285  0.00000000   -0.00636731  0.00771813
  0.00594285  0.00000000    0.24836720  0.00000000   -0.00636731  0.00771813
 -0.00636731 -0.00771813   -0.00636731 -0.00771813    0.29982275  0.00000000

     Dynamical  Matrix in cartesian axes

     q = (    0.250000000   0.750000000   0.750000000 ) 

    1    1
  0.29982275  0.00000000    0.00636731 -0.00771813    0.00636731 -0.00771813
  0.00636731  0.00771813    0.24836720  0.00000000    0.00594285  0.00000000
  0.00636731  0.00771813    0.00594285  0.00000000    0.24836720  0.00000000
    1    2
  0.08053455 -0.05928605   -0.04399125  0.04156686   -0.04399125  0.04156686
 -0.04399125  0.04156686    0.06205983 -0.06092455   -0.13742030 -0.04193438
 -0.04399125  0.04156686   -0.13742030 -0.04193438    0.06205983 -0.06092455
    2    1
  0.08053455  0.05928605   -0.04399125 -0.04156686   -0.04399125 -0.04156686
 -0.04399125 -0.04156686    0.06205983  0.06092455   -0.13742030  0.04193438
 -0.04399125 -0.04156686   -0.13742030  0.04193438    0.06205983  0.06092455
    2    2
  0.29982275  0.00000000    0.00636731  0.00771813    0.00636731  0.00771813
  0.00636731 -0.00771813    0.24836720  0.00000000    0.00594285  0.00000000
  0.00636731 -0.00771813    0.00594285  0.00000000    0.24836720  0.00000000

     Dynamical  Matrix in cartesian axes

     q = (   -0.250000000  -0.750000000   0.750000000 ) 

    1    1
  0.29982275  0.00000000    0.00636731 -0.00771813   -0.00636731  0.00771813
  0.00636731  0.00771813    0.24836720  0.00000000   -0.00594285  0.00000000
 -0.00636731 -0.00771813   -0.00594285  0.00000000    0.24836720  0.00000000
    1    2
 -0.08053455  0.05928605    0.04399125 -0.04156686   -0.04399125  0.04156686
  0.04399125 -0.04156686   -0.06205983  0.06092455   -0.13742030 -0.04193438
 -0.04399125  0.04156686   -0.13742030 -0.04193438   -0.06205983  0.06092455
    2    1
 -0.08053455 -0.05928605    0.04399125  0.04156686   -0.04399125 -0.04156686
  0.04399125  0.04156686   -0.06205983 -0.06092455   -0.13742030  0.04193438
 -0.04399125 -0.04156686   -0.13742030  0.04193438   -0.06205983 -0.06092455
    2    2
  0.29982275  0.00000000    0.00636731  0.00771813   -0.00636731 -0.00771813
  0.00636731 -0.00771813    0.24836720  0.00000000   -0.00594285  0.00000000
 -0.00636731  0.00771813   -0.00594285  0.00000000    0.24836720  0.00000000

     Dynamical  Matrix in cartesian axes

     q = (    0.750000000   0.750000000   0.250000000 ) 

    1    1
  0.24836720  0.00000000    0.00594285  0.00000000    0.00636731  0.00771813
  0.00594285  0.00000000    0.24836720  0.00000000    0.00636731  0.00771813
  0.00636731 -0.00771813    0.00636731 -0.00771813    0.29982275  0.00000000
    1    2
  0.06205983 -0.06092455   -0.13742030 -0.04193438   -0.04399125  0.04156686
 -0.13742030 -0.04193438    0.06205983 -0.06092455   -0.04399125  0.04156686
 -0.04399125  0.04156686   -0.04399125  0.04156686    0.08053455 -0.05928605
    2    1
  0.06205983  0.06092455   -0.13742030  0.04193438   -0.04399125 -0.04156686
 -0.13742030  0.04193438    0.06205983  0.06092455   -0.04399125 -0.04156686
 -0.04399125 -0.04156686   -0.04399125 -0.04156686    0.08053455  0.05928605
    2    2
  0.24836720  0.00000000    0.00594285  0.00000000    0.00636731 -0.00771813
  0.00594285  0.00000000    0.24836720  0.00000000    0.00636731 -0.00771813
  0.00636731  0.00771813    0.00636731  0.00771813    0.29982275  0.00000000

     Dynamical  Matrix in cartesian axes

     q = (    0.250000000  -0.750000000  -0.750000000 ) 

    1    1
  0.29982275  0.00000000   -0.00636731  0.00771813   -0.00636731  0.00771813
 -0.00636731 -0.00771813    0.24836720  0.00000000    0.00594285  0.00000000
 -0.00636731 -0.00771813    0.00594285  0.00000000    0.24836720  0.00000000
    1    2
 -0.05928605 -0.08053455   -0.04156686 -0.04399125   -0.04156686 -0.04399125
 -0.04156686 -0.04399125   -0.06092455 -0.06205983   -0.04193438  0.13742030
 -0.04156686 -0.04399125   -0.04193438  0.13742030   -0.06092455 -0.06205983
    2    1
 -0.05928605  0.08053455   -0.04156686  0.04399125   -0.04156686  0.04399125
 -0.04156686  0.04399125   -0.06092455  0.06205983   -0.04193438 -0.13742030
 -0.04156686  0.04399125   -0.04193438 -0.13742030   -0.06092455  0.06205983
    2    2
  0.29982275  0.00000000   -0.00636731 -0.00771813   -0.00636731 -0.00771813
 -0.00636731  0.00771813    0.24836720  0.00000000    0.00594285  0.00000000
 -0.00636731  0.00771813    0.00594285  0.00000000    0.24836720  0.00000000

     Dynamical  Matrix in cartesian axes

     q = (    0.750000000  -0.750000000  -0.250000000 ) 

    1    1
  0.24836720  0.00000000   -0.00594285  0.00000000   -0.00636731 -0.00771813
 -0.00594285  0.00000000    0.24836720  0.00000000    0.00636731  0.00771813
 -0.00636731  0.00771813    0.00636731 -0.00771813    0.29982275  0.00000000
    1    2
 -0.06205983  0.06092455   -0.13742030 -0.04193438   -0.04399125  0.04156686
 -0.13742030 -0.04193438   -0.06205983  0.06092455    0.04399125 -0.04156686
 -0.04399125  0.04156686    0.04399125 -0.04156686   -0.08053455  0.05928605
    2    1
 -0.06205983 -0.06092455   -0.13742030  0.04193438   -0.04399125 -0.04156686
 -0.13742030  0.04193438   -0.06205983 -0.06092455    0.04399125  0.04156686
 -0.04399125 -0.04156686    0.04399125  0.04156686   -0.08053455 -0.05928605
    2    2
  0.24836720  0.00000000   -0.00594285  0.00000000   -0.00636731  0.00771813
 -0.00594285  0.00000000    0.24836720  0.00000000    0.00636731 -0.00771813
 -0.00636731 -0.00771813    0.00636731  0.00771813    0.29982275  0.00000000

     Diagonalizing the dynamical matrix

     q = (    0.750000000  -0.250000000   0.750000000 ) 

 **************************************************************************
     freq (    1) =       4.216076 [THz] =     140.633173 [cm-1]
 (  0.047385 -0.497750 -0.000000 -0.000000 -0.047385  0.497750 ) 
 (  0.500000 -0.000000  0.000000 -0.000000 -0.500000  0.000000 ) 
     freq (    2) =       5.875811 [THz] =     195.995950 [cm-1]
 ( -0.389947 -0.164402 -0.343837  0.153633 -0.389947 -0.164402 ) 
 ( -0.423186  0.000000 -0.257146 -0.275142 -0.423186  0.000000 ) 
     freq (    3) =       9.401616 [THz] =     313.604165 [cm-1]
 (  0.117571 -0.287685  0.378444  0.404486  0.117571 -0.287685 ) 
 ( -0.310782 -0.000000  0.231257  0.503338 -0.310782  0.000000 ) 
     freq (    4) =      12.143654 [THz] =     405.068708 [cm-1]
 (  0.075484  0.318016 -0.402603 -0.352487  0.075484  0.318016 ) 
 ( -0.326852 -0.000000  0.435936  0.310315 -0.326852  0.000000 ) 
     freq (    5) =      13.682705 [THz] =     456.405911 [cm-1]
 (  0.047385 -0.497750 -0.000000  0.000000 -0.047385  0.497750 ) 
 ( -0.500000 -0.000000  0.000000  0.000000  0.500000  0.000000 ) 
     freq (    6) =      14.077838 [THz] =     469.586118 [cm-1]
 ( -0.302847 -0.160559 -0.465273  0.220294 -0.302847 -0.160559 ) 
 (  0.342776  0.000000  0.307887  0.412570  0.342776 -0.000000 ) 
 **************************************************************************
