Dynamical matrix file
                                                                           
  1    2  2 10.2980000  0.0000000  0.0000000  0.0000000  0.0000000  0.0000000
           1  'Si  '    25598.822984527003     
    1    1      0.0000000000      0.0000000000      0.0000000000
    2    1      0.2500000000      0.2500000000      0.2500000000

     Dynamical  Matrix in cartesian axes

     q = (   -0.250000000   0.250000000  -0.250000000 ) 

    1    1
  0.27515583  0.00000000   -0.01189315  0.00000000    0.01189315  0.00000000
 -0.01189315  0.00000000    0.27515583  0.00000000   -0.01189315  0.00000000
  0.01189315  0.00000000   -0.01189315  0.00000000    0.27515583  0.00000000
    1    2
 -0.20464809 -0.05949297   -0.03986080  0.04149048    0.03986080 -0.04149048
 -0.03986080  0.04149048   -0.20464809 -0.05949297   -0.03986080  0.04149048
  0.03986080 -0.04149048   -0.03986080  0.04149048   -0.20464809 -0.05949297
    2    1
 -0.20464809  0.05949297   -0.03986080 -0.04149048    0.03986080  0.04149048
 -0.03986080 -0.04149048   -0.20464809  0.05949297   -0.03986080 -0.04149048
  0.03986080  0.04149048   -0.03986080 -0.04149048   -0.20464809  0.05949297
    2    2
  0.27515583  0.00000000   -0.01189315  0.00000000    0.01189315  0.00000000
 -0.01189315  0.00000000    0.27515583  0.00000000   -0.01189315  0.00000000
  0.01189315  0.00000000   -0.01189315  0.00000000    0.27515583  0.00000000

     Dynamical  Matrix in cartesian axes

     q = (    0.250000000  -0.250000000  -0.250000000 ) 

    1    1
  0.27515583  0.00000000   -0.01189315  0.00000000   -0.01189315  0.00000000
 -0.01189315  0.00000000    0.27515583  0.00000000    0.01189315  0.00000000
 -0.01189315  0.00000000    0.01189315  0.00000000    0.27515583  0.00000000
    1    2
 -0.20464809 -0.05949297   -0.03986080  0.04149048   -0.03986080  0.04149048
 -0.03986080  0.04149048   -0.20464809 -0.05949297    0.03986080 -0.04149048
 -0.03986080  0.04149048    0.03986080 -0.04149048   -0.20464809 -0.05949297
    2    1
 -0.20464809  0.05949297   -0.03986080 -0.04149048   -0.03986080 -0.04149048
 -0.03986080 -0.04149048   -0.20464809  0.05949297    0.03986080  0.04149048
 -0.03986080 -0.04149048    0.03986080  0.04149048   -0.20464809  0.05949297
    2    2
  0.27515583  0.00000000   -0.01189315  0.00000000   -0.01189315  0.00000000
 -0.01189315  0.00000000    0.27515583  0.00000000    0.01189315  0.00000000
 -0.01189315  0.00000000    0.01189315  0.00000000    0.27515583  0.00000000

     Dynamical  Matrix in cartesian axes

     q = (    0.250000000  -0.250000000   0.250000000 ) 

    1    1
  0.27515583  0.00000000   -0.01189315  0.00000000    0.01189315  0.00000000
 -0.01189315  0.00000000    0.27515583  0.00000000   -0.01189315  0.00000000
  0.01189315  0.00000000   -0.01189315  0.00000000    0.27515583  0.00000000
    1    2
 -0.20464809  0.05949297   -0.03986080 -0.04149048    0.03986080  0.04149048
 -0.03986080 -0.04149048   -0.20464809  0.05949297   -0.03986080 -0.04149048
  0.03986080  0.04149048   -0.03986080 -0.04149048   -0.20464809  0.05949297
    2    1
 -0.20464809 -0.05949297   -0.03986080  0.04149048    0.03986080 -0.04149048
 -0.03986080  0.04149048   -0.20464809 -0.05949297   -0.03986080  0.04149048
  0.03986080 -0.04149048   -0.03986080  0.04149048   -0.20464809 -0.05949297
    2    2
  0.27515583  0.00000000   -0.01189315  0.00000000    0.01189315  0.00000000
 -0.01189315  0.00000000    0.27515583  0.00000000   -0.01189315  0.00000000
  0.01189315  0.00000000   -0.01189315  0.00000000    0.27515583  0.00000000

     Dynamical  Matrix in cartesian axes

     q = (    0.250000000   0.250000000   0.250000000 ) 

    1    1
  0.27515583  0.00000000    0.01189315  0.00000000    0.01189315  0.00000000
  0.01189315  0.00000000    0.27515583  0.00000000    0.01189315  0.00000000
  0.01189315  0.00000000    0.01189315  0.00000000    0.27515583  0.00000000
    1    2
 -0.05949297  0.20464809   -0.04149048 -0.03986080   -0.04149048 -0.03986080
 -0.04149048 -0.03986080   -0.05949297  0.20464809   -0.04149048 -0.03986080
 -0.04149048 -0.03986080   -0.04149048 -0.03986080   -0.05949297  0.20464809
    2    1
 -0.05949297 -0.20464809   -0.04149048  0.03986080   -0.04149048  0.03986080
 -0.04149048  0.03986080   -0.05949297 -0.20464809   -0.04149048  0.03986080
 -0.04149048  0.03986080   -0.04149048  0.03986080   -0.05949297 -0.20464809
    2    2
  0.27515583  0.00000000    0.01189315  0.00000000    0.01189315  0.00000000
  0.01189315  0.00000000    0.27515583  0.00000000    0.01189315  0.00000000
  0.01189315  0.00000000    0.01189315  0.00000000    0.27515583  0.00000000

     Dynamical  Matrix in cartesian axes

     q = (   -0.250000000  -0.250000000  -0.250000000 ) 

    1    1
  0.27515583  0.00000000    0.01189315  0.00000000    0.01189315  0.00000000
  0.01189315  0.00000000    0.27515583  0.00000000    0.01189315  0.00000000
  0.01189315  0.00000000    0.01189315  0.00000000    0.27515583  0.00000000
    1    2
 -0.05949297 -0.20464809   -0.04149048  0.03986080   -0.04149048  0.03986080
 -0.04149048  0.03986080   -0.05949297 -0.20464809   -0.04149048  0.03986080
 -0.04149048  0.03986080   -0.04149048  0.03986080   -0.05949297 -0.20464809
    2    1
 -0.05949297  0.20464809   -0.04149048 -0.03986080   -0.04149048 -0.03986080
 -0.04149048 -0.03986080   -0.05949297  0.20464809   -0.04149048 -0.03986080
 -0.04149048 -0.03986080   -0.04149048 -0.03986080   -0.05949297  0.20464809
    2    2
  0.27515583  0.00000000    0.01189315  0.00000000    0.01189315  0.00000000
  0.01189315  0.00000000    0.27515583  0.00000000    0.01189315  0.00000000
  0.01189315  0.00000000    0.01189315  0.00000000    0.27515583  0.00000000

     Dynamical  Matrix in cartesian axes

     q = (   -0.250000000  -0.250000000   0.250000000 ) 

    1    1
  0.27515583  0.00000000    0.01189315  0.00000000   -0.01189315  0.00000000
  0.01189315  0.00000000    0.27515583  0.00000000   -0.01189315  0.00000000
 -0.01189315  0.00000000   -0.01189315  0.00000000    0.27515583  0.00000000
    1    2
 -0.20464809 -0.05949297    0.03986080 -0.04149048   -0.03986080  0.04149048
  0.03986080 -0.04149048   -0.20464809 -0.05949297   -0.03986080  0.04149048
 -0.03986080  0.04149048   -0.03986080  0.04149048   -0.20464809 -0.05949297
    2    1
 -0.20464809  0.05949297    0.03986080  0.04149048   -0.03986080 -0.04149048
  0.03986080  0.04149048   -0.20464809  0.05949297   -0.03986080 -0.04149048
 -0.03986080 -0.04149048   -0.03986080 -0.04149048   -0.20464809  0.05949297
    2    2
  0.27515583  0.00000000    0.01189315  0.00000000   -0.01189315  0.00000000
  0.01189315  0.00000000    0.27515583  0.00000000   -0.01189315  0.00000000
 -0.01189315  0.00000000   -0.01189315  0.00000000    0.27515583  0.00000000

     Dynamical  Matrix in cartesian axes

     q = (   -0.250000000   0.250000000   0.250000000 ) 

    1    1
  0.27515583  0.00000000   -0.01189315  0.00000000   -0.01189315  0.00000000
 -0.01189315  0.00000000    0.27515583  0.00000000    0.01189315  0.00000000
 -0.01189315  0.00000000    0.01189315  0.00000000    0.27515583  0.00000000
    1    2
 -0.20464809  0.05949297   -0.03986080 -0.04149048   -0.03986080 -0.04149048
 -0.03986080 -0.04149048   -0.20464809  0.05949297    0.03986080  0.04149048
 -0.03986080 -0.04149048    0.03986080  0.04149048   -0.20464809  0.05949297
    2    1
 -0.20464809 -0.05949297   -0.03986080  0.04149048   -0.03986080  0.04149048
 -0.03986080  0.04149048   -0.20464809 -0.05949297    0.03986080 -0.04149048
 -0.03986080  0.04149048    0.03986080 -0.04149048   -0.20464809 -0.05949297
    2    2
  0.27515583  0.00000000   -0.01189315  0.00000000   -0.01189315  0.00000000
 -0.01189315  0.00000000    0.27515583  0.00000000    0.01189315  0.00000000
 -0.01189315  0.00000000    0.01189315  0.00000000    0.27515583  0.00000000

     Dynamical  Matrix in cartesian axes

     q = (    0.250000000   0.250000000  -0.250000000 ) 

    1    1
  0.27515583  0.00000000    0.01189315  0.00000000   -0.01189315  0.00000000
  0.01189315  0.00000000    0.27515583  0.00000000   -0.01189315  0.00000000
 -0.01189315  0.00000000   -0.01189315  0.00000000    0.27515583  0.00000000
    1    2
 -0.20464809  0.05949297    0.03986080  0.04149048   -0.03986080 -0.04149048
  0.03986080  0.04149048   -0.20464809  0.05949297   -0.03986080 -0.04149048
 -0.03986080 -0.04149048   -0.03986080 -0.04149048   -0.20464809  0.05949297
    2    1
 -0.20464809 -0.05949297    0.03986080 -0.04149048   -0.03986080  0.04149048
  0.03986080 -0.04149048   -0.20464809 -0.05949297   -0.03986080  0.04149048
 -0.03986080  0.04149048   -0.03986080  0.04149048   -0.20464809 -0.05949297
    2    2
  0.27515583  0.00000000    0.01189315  0.00000000   -0.01189315  0.00000000
  0.01189315  0.00000000    0.27515583  0.00000000   -0.01189315  0.00000000
 -0.01189315  0.00000000   -0.01189315  0.00000000    0.27515583  0.00000000

     Diagonalizing the dynamical matrix

     q = (   -0.250000000   0.250000000  -0.250000000 ) 

 **************************************************************************
     freq (    1) =       2.765717 [THz] =      92.254374 [cm-1]
 (  0.009527 -0.013633  0.503681  0.022750  0.494154  0.036383 ) 
 (  0.008500 -0.014296  0.503991 -0.014296  0.495491 -0.000000 ) 
     freq (    2) =       2.765717 [THz] =      92.254374 [cm-1]
 ( -0.576814 -0.018502 -0.281267  0.003258  0.295547  0.021760 ) 
 ( -0.576615  0.023902 -0.280268  0.023902  0.296347  0.000000 ) 
     freq (    3) =       6.802717 [THz] =     226.914227 [cm-1]
 (  0.269153  0.306958 -0.269153 -0.306958  0.269153  0.306958 ) 
 (  0.408248 -0.000000 -0.408248  0.000000  0.408248  0.000000 ) 
     freq (    4) =      14.370304 [THz] =     479.341754 [cm-1]
 (  0.269153  0.306958 -0.269153 -0.306958  0.269153  0.306958 ) 
 ( -0.408248 -0.000000  0.408248  0.000000 -0.408248  0.000000 ) 
     freq (    5) =      14.661624 [THz] =     489.059139 [cm-1]
 (  0.457679 -0.257304  0.388046 -0.262431 -0.069633 -0.005127 ) 
 ( -0.437550  0.290216 -0.367729  0.290216  0.069821  0.000000 ) 
     freq (    6) =      14.661624 [THz] =     489.059139 [cm-1]
 ( -0.234266 -0.052700  0.337299 -0.010618  0.571566  0.042083 ) 
 (  0.237504  0.035356 -0.335609  0.035356 -0.573113  0.000000 ) 
 **************************************************************************
