Dynamical matrix file
                                                                           
  1    2  2 10.4500000  0.0000000  0.0000000  0.0000000  0.0000000  0.0000000
           1  'Si  '    25598.822984527003     
    1    1      0.0000000000      0.0000000000      0.0000000000
    2    1      0.2500000000      0.2500000000      0.2500000000

     Dynamical  Matrix in cartesian axes

     q = (    0.750000000  -0.250000000   0.750000000 ) 

    1    1
  0.24378029  0.00000000   -0.00435603  0.00732557    0.00112906  0.00000000
 -0.00435603 -0.00732557    0.29717947  0.00000000   -0.00435603 -0.00732557
  0.00112906  0.00000000   -0.00435603  0.00732557    0.24378029  0.00000000
    1    2
 -0.04705486  0.08039595   -0.03016781  0.03473930   -0.03649651 -0.11482885
 -0.03016781  0.03473930   -0.04574792  0.09944990   -0.03016781  0.03473930
 -0.03649651 -0.11482885   -0.03016781  0.03473930   -0.04705486  0.08039595
    2    1
 -0.04705486 -0.08039595   -0.03016781 -0.03473930   -0.03649651  0.11482885
 -0.03016781 -0.03473930   -0.04574792 -0.09944990   -0.03016781 -0.03473930
 -0.03649651  0.11482885   -0.03016781 -0.03473930   -0.04705486 -0.08039595
    2    2
  0.24378029  0.00000000   -0.00435603 -0.00732557    0.00112906  0.00000000
 -0.00435603  0.00732557    0.29717947  0.00000000   -0.00435603  0.00732557
  0.00112906  0.00000000   -0.00435603 -0.00732557    0.24378029  0.00000000

     Dynamical  Matrix in cartesian axes

     q = (    0.750000000  -0.250000000  -0.750000000 ) 

    1    1
  0.24378029  0.00000000   -0.00435603 -0.00732557   -0.00112906  0.00000000
 -0.00435603  0.00732557    0.29717947  0.00000000    0.00435603 -0.00732557
 -0.00112906  0.00000000    0.00435603  0.00732557    0.24378029  0.00000000
    1    2
 -0.08039595  0.04705486   -0.03473930  0.03016781   -0.11482885 -0.03649651
 -0.03473930  0.03016781   -0.09944990  0.04574792    0.03473930 -0.03016781
 -0.11482885 -0.03649651    0.03473930 -0.03016781   -0.08039595  0.04705486
    2    1
 -0.08039595 -0.04705486   -0.03473930 -0.03016781   -0.11482885  0.03649651
 -0.03473930 -0.03016781   -0.09944990 -0.04574792    0.03473930  0.03016781
 -0.11482885  0.03649651    0.03473930  0.03016781   -0.08039595 -0.04705486
    2    2
  0.24378029  0.00000000   -0.00435603  0.00732557   -0.00112906  0.00000000
 -0.00435603 -0.00732557    0.29717947  0.00000000    0.00435603  0.00732557
 -0.00112906  0.00000000    0.00435603 -0.00732557    0.24378029  0.00000000

     Dynamical  Matrix in cartesian axes

     q = (   -0.750000000  -0.250000000  -0.750000000 ) 

    1    1
  0.24378029  0.00000000    0.00435603 -0.00732557    0.00112906  0.00000000
  0.00435603  0.00732557    0.29717947  0.00000000    0.00435603  0.00732557
  0.00112906  0.00000000    0.00435603 -0.00732557    0.24378029  0.00000000
    1    2
  0.08039595  0.04705486   -0.03473930 -0.03016781   -0.11482885  0.03649651
 -0.03473930 -0.03016781    0.09944990  0.04574792   -0.03473930 -0.03016781
 -0.11482885  0.03649651   -0.03473930 -0.03016781    0.08039595  0.04705486
    2    1
  0.08039595 -0.04705486   -0.03473930  0.03016781   -0.11482885 -0.03649651
 -0.03473930  0.03016781    0.09944990 -0.04574792   -0.03473930  0.03016781
 -0.11482885 -0.03649651   -0.03473930  0.03016781    0.08039595 -0.04705486
    2    2
  0.24378029  0.00000000    0.00435603  0.00732557    0.00112906  0.00000000
  0.00435603 -0.00732557    0.29717947  0.00000000    0.00435603 -0.00732557
  0.00112906  0.00000000    0.00435603  0.00732557    0.24378029  0.00000000

     Dynamical  Matrix in cartesian axes

     q = (   -0.750000000  -0.250000000   0.750000000 ) 

    1    1
  0.24378029  0.00000000    0.00435603  0.00732557   -0.00112906  0.00000000
  0.00435603 -0.00732557    0.29717947  0.00000000   -0.00435603  0.00732557
 -0.00112906  0.00000000   -0.00435603 -0.00732557    0.24378029  0.00000000
    1    2
 -0.08039595  0.04705486    0.03473930 -0.03016781   -0.11482885 -0.03649651
  0.03473930 -0.03016781   -0.09944990  0.04574792   -0.03473930  0.03016781
 -0.11482885 -0.03649651   -0.03473930  0.03016781   -0.08039595  0.04705486
    2    1
 -0.08039595 -0.04705486    0.03473930  0.03016781   -0.11482885  0.03649651
  0.03473930  0.03016781   -0.09944990 -0.04574792   -0.03473930 -0.03016781
 -0.11482885  0.03649651   -0.03473930 -0.03016781   -0.08039595 -0.04705486
    2    2
  0.24378029  0.00000000    0.00435603 -0.00732557   -0.00112906  0.00000000
  0.00435603  0.00732557    0.29717947  0.00000000   -0.00435603 -0.00732557
 -0.00112906  0.00000000   -0.00435603  0.00732557    0.24378029  0.00000000

     Dynamical  Matrix in cartesian axes

     q = (   -0.750000000   0.250000000  -0.750000000 ) 

    1    1
  0.24378029  0.00000000   -0.00435603 -0.00732557    0.00112906  0.00000000
 -0.00435603  0.00732557    0.29717947  0.00000000   -0.00435603  0.00732557
  0.00112906  0.00000000   -0.00435603 -0.00732557    0.24378029  0.00000000
    1    2
 -0.04705486 -0.08039595   -0.03016781 -0.03473930   -0.03649651  0.11482885
 -0.03016781 -0.03473930   -0.04574792 -0.09944990   -0.03016781 -0.03473930
 -0.03649651  0.11482885   -0.03016781 -0.03473930   -0.04705486 -0.08039595
    2    1
 -0.04705486  0.08039595   -0.03016781  0.03473930   -0.03649651 -0.11482885
 -0.03016781  0.03473930   -0.04574792  0.09944990   -0.03016781  0.03473930
 -0.03649651 -0.11482885   -0.03016781  0.03473930   -0.04705486  0.08039595
    2    2
  0.24378029  0.00000000   -0.00435603  0.00732557    0.00112906  0.00000000
 -0.00435603 -0.00732557    0.29717947  0.00000000   -0.00435603 -0.00732557
  0.00112906  0.00000000   -0.00435603  0.00732557    0.24378029  0.00000000

     Dynamical  Matrix in cartesian axes

     q = (   -0.250000000   0.750000000  -0.750000000 ) 

    1    1
  0.29717947  0.00000000   -0.00435603  0.00732557    0.00435603 -0.00732557
 -0.00435603 -0.00732557    0.24378029  0.00000000   -0.00112906  0.00000000
  0.00435603  0.00732557   -0.00112906  0.00000000    0.24378029  0.00000000
    1    2
 -0.09944990  0.04574792   -0.03473930  0.03016781    0.03473930 -0.03016781
 -0.03473930  0.03016781   -0.08039595  0.04705486   -0.11482885 -0.03649651
  0.03473930 -0.03016781   -0.11482885 -0.03649651   -0.08039595  0.04705486
    2    1
 -0.09944990 -0.04574792   -0.03473930 -0.03016781    0.03473930  0.03016781
 -0.03473930 -0.03016781   -0.08039595 -0.04705486   -0.11482885  0.03649651
  0.03473930  0.03016781   -0.11482885  0.03649651   -0.08039595 -0.04705486
    2    2
  0.29717947  0.00000000   -0.00435603 -0.00732557    0.00435603  0.00732557
 -0.00435603  0.00732557    0.24378029  0.00000000   -0.00112906  0.00000000
  0.00435603 -0.00732557   -0.00112906  0.00000000    0.24378029  0.00000000

     Dynamical  Matrix in cartesian axes

     q = (   -0.750000000   0.750000000  -0.250000000 ) 

    1    1
  0.24378029  0.00000000   -0.00112906  0.00000000    0.00435603  0.00732557
 -0.00112906  0.00000000    0.24378029  0.00000000   -0.00435603 -0.00732557
  0.00435603 -0.00732557   -0.00435603  0.00732557    0.29717947  0.00000000
    1    2
 -0.08039595  0.04705486   -0.11482885 -0.03649651    0.03473930 -0.03016781
 -0.11482885 -0.03649651   -0.08039595  0.04705486   -0.03473930  0.03016781
  0.03473930 -0.03016781   -0.03473930  0.03016781   -0.09944990  0.04574792
    2    1
 -0.08039595 -0.04705486   -0.11482885  0.03649651    0.03473930  0.03016781
 -0.11482885  0.03649651   -0.08039595 -0.04705486   -0.03473930 -0.03016781
  0.03473930  0.03016781   -0.03473930 -0.03016781   -0.09944990 -0.04574792
    2    2
  0.24378029  0.00000000   -0.00112906  0.00000000    0.00435603 -0.00732557
 -0.00112906  0.00000000    0.24378029  0.00000000   -0.00435603  0.00732557
  0.00435603  0.00732557   -0.00435603 -0.00732557    0.29717947  0.00000000

     Dynamical  Matrix in cartesian axes

     q = (    0.750000000   0.250000000   0.750000000 ) 

    1    1
  0.24378029  0.00000000    0.00435603  0.00732557    0.00112906  0.00000000
  0.00435603 -0.00732557    0.29717947  0.00000000    0.00435603 -0.00732557
  0.00112906  0.00000000    0.00435603  0.00732557    0.24378029  0.00000000
    1    2
  0.08039595 -0.04705486   -0.03473930  0.03016781   -0.11482885 -0.03649651
 -0.03473930  0.03016781    0.09944990 -0.04574792   -0.03473930  0.03016781
 -0.11482885 -0.03649651   -0.03473930  0.03016781    0.08039595 -0.04705486
    2    1
  0.08039595  0.04705486   -0.03473930 -0.03016781   -0.11482885  0.03649651
 -0.03473930 -0.03016781    0.09944990  0.04574792   -0.03473930 -0.03016781
 -0.11482885  0.03649651   -0.03473930 -0.03016781    0.08039595  0.04705486
    2    2
  0.24378029  0.00000000    0.00435603 -0.00732557    0.00112906  0.00000000
  0.00435603  0.00732557    0.29717947  0.00000000    0.00435603  0.00732557
  0.00112906  0.00000000    0.00435603 -0.00732557    0.24378029  0.00000000

     Dynamical  Matrix in cartesian axes

     q = (   -0.750000000   0.250000000   0.750000000 ) 

    1    1
  0.24378029  0.00000000   -0.00435603  0.00732557   -0.00112906  0.00000000
 -0.00435603 -0.00732557    0.29717947  0.00000000    0.00435603  0.00732557
 -0.00112906  0.00000000    0.00435603 -0.00732557    0.24378029  0.00000000
    1    2
 -0.08039595 -0.04705486   -0.03473930 -0.03016781   -0.11482885  0.03649651
 -0.03473930 -0.03016781   -0.09944990 -0.04574792    0.03473930  0.03016781
 -0.11482885  0.03649651    0.03473930  0.03016781   -0.08039595 -0.04705486
    2    1
 -0.08039595  0.04705486   -0.03473930  0.03016781   -0.11482885 -0.03649651
 -0.03473930  0.03016781   -0.09944990  0.04574792    0.03473930 -0.03016781
 -0.11482885 -0.03649651    0.03473930 -0.03016781   -0.08039595  0.04705486
    2    2
  0.24378029  0.00000000   -0.00435603 -0.00732557   -0.00112906  0.00000000
 -0.00435603  0.00732557    0.29717947  0.00000000    0.00435603 -0.00732557
 -0.00112906  0.00000000    0.00435603  0.00732557    0.24378029  0.00000000

     Dynamical  Matrix in cartesian axes

     q = (    0.750000000   0.250000000  -0.750000000 ) 

    1    1
  0.24378029  0.00000000    0.00435603 -0.00732557   -0.00112906  0.00000000
  0.00435603  0.00732557    0.29717947  0.00000000   -0.00435603 -0.00732557
 -0.00112906  0.00000000   -0.00435603  0.00732557    0.24378029  0.00000000
    1    2
 -0.08039595 -0.04705486    0.03473930  0.03016781   -0.11482885  0.03649651
  0.03473930  0.03016781   -0.09944990 -0.04574792   -0.03473930 -0.03016781
 -0.11482885  0.03649651   -0.03473930 -0.03016781   -0.08039595 -0.04705486
    2    1
 -0.08039595  0.04705486    0.03473930 -0.03016781   -0.11482885 -0.03649651
  0.03473930 -0.03016781   -0.09944990  0.04574792   -0.03473930  0.03016781
 -0.11482885 -0.03649651   -0.03473930  0.03016781   -0.08039595  0.04705486
    2    2
  0.24378029  0.00000000    0.00435603  0.00732557   -0.00112906  0.00000000
  0.00435603 -0.00732557    0.29717947  0.00000000   -0.00435603  0.00732557
 -0.00112906  0.00000000   -0.00435603 -0.00732557    0.24378029  0.00000000

     Dynamical  Matrix in cartesian axes

     q = (   -0.750000000   0.750000000   0.250000000 ) 

    1    1
  0.24378029  0.00000000   -0.00112906  0.00000000   -0.00435603  0.00732557
 -0.00112906  0.00000000    0.24378029  0.00000000    0.00435603 -0.00732557
 -0.00435603 -0.00732557    0.00435603  0.00732557    0.29717947  0.00000000
    1    2
 -0.08039595 -0.04705486   -0.11482885  0.03649651   -0.03473930 -0.03016781
 -0.11482885  0.03649651   -0.08039595 -0.04705486    0.03473930  0.03016781
 -0.03473930 -0.03016781    0.03473930  0.03016781   -0.09944990 -0.04574792
    2    1
 -0.08039595  0.04705486   -0.11482885 -0.03649651   -0.03473930  0.03016781
 -0.11482885 -0.03649651   -0.08039595  0.04705486    0.03473930 -0.03016781
 -0.03473930  0.03016781    0.03473930 -0.03016781   -0.09944990  0.04574792
    2    2
  0.24378029  0.00000000   -0.00112906  0.00000000   -0.00435603 -0.00732557
 -0.00112906  0.00000000    0.24378029  0.00000000    0.00435603  0.00732557
 -0.00435603  0.00732557    0.00435603 -0.00732557    0.29717947  0.00000000

     Dynamical  Matrix in cartesian axes

     q = (   -0.250000000   0.750000000   0.750000000 ) 

    1    1
  0.29717947  0.00000000   -0.00435603 -0.00732557   -0.00435603 -0.00732557
 -0.00435603  0.00732557    0.24378029  0.00000000    0.00112906  0.00000000
 -0.00435603  0.00732557    0.00112906  0.00000000    0.24378029  0.00000000
    1    2
 -0.04574792  0.09944990   -0.03016781  0.03473930   -0.03016781  0.03473930
 -0.03016781  0.03473930   -0.04705486  0.08039595   -0.03649651 -0.11482885
 -0.03016781  0.03473930   -0.03649651 -0.11482885   -0.04705486  0.08039595
    2    1
 -0.04574792 -0.09944990   -0.03016781 -0.03473930   -0.03016781 -0.03473930
 -0.03016781 -0.03473930   -0.04705486 -0.08039595   -0.03649651  0.11482885
 -0.03016781 -0.03473930   -0.03649651  0.11482885   -0.04705486 -0.08039595
    2    2
  0.29717947  0.00000000   -0.00435603  0.00732557   -0.00435603  0.00732557
 -0.00435603 -0.00732557    0.24378029  0.00000000    0.00112906  0.00000000
 -0.00435603 -0.00732557    0.00112906  0.00000000    0.24378029  0.00000000

     Dynamical  Matrix in cartesian axes

     q = (    0.250000000   0.750000000  -0.750000000 ) 

    1    1
  0.29717947  0.00000000    0.00435603  0.00732557   -0.00435603 -0.00732557
  0.00435603 -0.00732557    0.24378029  0.00000000   -0.00112906  0.00000000
 -0.00435603  0.00732557   -0.00112906  0.00000000    0.24378029  0.00000000
    1    2
 -0.09944990 -0.04574792    0.03473930  0.03016781   -0.03473930 -0.03016781
  0.03473930  0.03016781   -0.08039595 -0.04705486   -0.11482885  0.03649651
 -0.03473930 -0.03016781   -0.11482885  0.03649651   -0.08039595 -0.04705486
    2    1
 -0.09944990  0.04574792    0.03473930 -0.03016781   -0.03473930  0.03016781
  0.03473930 -0.03016781   -0.08039595  0.04705486   -0.11482885 -0.03649651
 -0.03473930  0.03016781   -0.11482885 -0.03649651   -0.08039595  0.04705486
    2    2
  0.29717947  0.00000000    0.00435603 -0.00732557   -0.00435603  0.00732557
  0.00435603  0.00732557    0.24378029  0.00000000   -0.00112906  0.00000000
 -0.00435603 -0.00732557   -0.00112906  0.00000000    0.24378029  0.00000000

     Dynamical  Matrix in cartesian axes

     q = (   -0.250000000  -0.750000000  -0.750000000 ) 

    1    1
  0.29717947  0.00000000    0.00435603  0.00732557    0.00435603  0.00732557
  0.00435603 -0.00732557    0.24378029  0.00000000    0.00112906  0.00000000
  0.00435603 -0.00732557    0.00112906  0.00000000    0.24378029  0.00000000
    1    2
  0.09944990  0.04574792   -0.03473930 -0.03016781   -0.03473930 -0.03016781
 -0.03473930 -0.03016781    0.08039595  0.04705486   -0.11482885  0.03649651
 -0.03473930 -0.03016781   -0.11482885  0.03649651    0.08039595  0.04705486
    2    1
  0.09944990 -0.04574792   -0.03473930  0.03016781   -0.03473930  0.03016781
 -0.03473930  0.03016781    0.08039595 -0.04705486   -0.11482885 -0.03649651
 -0.03473930  0.03016781   -0.11482885 -0.03649651    0.08039595 -0.04705486
    2    2
  0.29717947  0.00000000    0.00435603 -0.00732557    0.00435603 -0.00732557
  0.00435603  0.00732557    0.24378029  0.00000000    0.00112906  0.00000000
  0.00435603  0.00732557    0.00112906  0.00000000    0.24378029  0.00000000

     Dynamical  Matrix in cartesian axes

     q = (    0.750000000   0.750000000  -0.250000000 ) 

    1    1
  0.24378029  0.00000000    0.00112906  0.00000000   -0.00435603  0.00732557
  0.00112906  0.00000000    0.24378029  0.00000000   -0.00435603  0.00732557
 -0.00435603 -0.00732557   -0.00435603 -0.00732557    0.29717947  0.00000000
    1    2
 -0.04705486  0.08039595   -0.03649651 -0.11482885   -0.03016781  0.03473930
 -0.03649651 -0.11482885   -0.04705486  0.08039595   -0.03016781  0.03473930
 -0.03016781  0.03473930   -0.03016781  0.03473930   -0.04574792  0.09944990
    2    1
 -0.04705486 -0.08039595   -0.03649651  0.11482885   -0.03016781 -0.03473930
 -0.03649651  0.11482885   -0.04705486 -0.08039595   -0.03016781 -0.03473930
 -0.03016781 -0.03473930   -0.03016781 -0.03473930   -0.04574792 -0.09944990
    2    2
  0.24378029  0.00000000    0.00112906  0.00000000   -0.00435603 -0.00732557
  0.00112906  0.00000000    0.24378029  0.00000000   -0.00435603 -0.00732557
 -0.00435603  0.00732557   -0.00435603  0.00732557    0.29717947  0.00000000

     Dynamical  Matrix in cartesian axes

     q = (    0.750000000  -0.750000000   0.250000000 ) 

    1    1
  0.24378029  0.00000000   -0.00112906  0.00000000    0.00435603 -0.00732557
 -0.00112906  0.00000000    0.24378029  0.00000000   -0.00435603  0.00732557
  0.00435603  0.00732557   -0.00435603 -0.00732557    0.29717947  0.00000000
    1    2
 -0.08039595 -0.04705486   -0.11482885  0.03649651    0.03473930  0.03016781
 -0.11482885  0.03649651   -0.08039595 -0.04705486   -0.03473930 -0.03016781
  0.03473930  0.03016781   -0.03473930 -0.03016781   -0.09944990 -0.04574792
    2    1
 -0.08039595  0.04705486   -0.11482885 -0.03649651    0.03473930 -0.03016781
 -0.11482885 -0.03649651   -0.08039595  0.04705486   -0.03473930  0.03016781
  0.03473930 -0.03016781   -0.03473930  0.03016781   -0.09944990  0.04574792
    2    2
  0.24378029  0.00000000   -0.00112906  0.00000000    0.00435603  0.00732557
 -0.00112906  0.00000000    0.24378029  0.00000000   -0.00435603 -0.00732557
  0.00435603 -0.00732557   -0.00435603  0.00732557    0.29717947  0.00000000

     Dynamical  Matrix in cartesian axes

     q = (   -0.750000000  -0.750000000  -0.250000000 ) 

    1    1
  0.24378029  0.00000000    0.00112906  0.00000000    0.00435603 -0.00732557
  0.00112906  0.00000000    0.24378029  0.00000000    0.00435603 -0.00732557
  0.00435603  0.00732557    0.00435603  0.00732557    0.29717947  0.00000000
    1    2
  0.08039595  0.04705486   -0.11482885  0.03649651   -0.03473930 -0.03016781
 -0.11482885  0.03649651    0.08039595  0.04705486   -0.03473930 -0.03016781
 -0.03473930 -0.03016781   -0.03473930 -0.03016781    0.09944990  0.04574792
    2    1
  0.08039595 -0.04705486   -0.11482885 -0.03649651   -0.03473930  0.03016781
 -0.11482885 -0.03649651    0.08039595 -0.04705486   -0.03473930  0.03016781
 -0.03473930  0.03016781   -0.03473930  0.03016781    0.09944990 -0.04574792
    2    2
  0.24378029  0.00000000    0.00112906  0.00000000    0.00435603  0.00732557
  0.00112906  0.00000000    0.24378029  0.00000000    0.00435603  0.00732557
  0.00435603 -0.00732557    0.00435603 -0.00732557    0.29717947  0.00000000

     Dynamical  Matrix in cartesian axes

     q = (    0.250000000  -0.750000000   0.750000000 ) 

    1    1
  0.29717947  0.00000000   -0.00435603 -0.00732557    0.00435603  0.00732557
 -0.00435603  0.00732557    0.24378029  0.00000000   -0.00112906  0.00000000
  0.00435603 -0.00732557   -0.00112906  0.00000000    0.24378029  0.00000000
    1    2
 -0.09944990 -0.04574792   -0.03473930 -0.03016781    0.03473930  0.03016781
 -0.03473930 -0.03016781   -0.08039595 -0.04705486   -0.11482885  0.03649651
  0.03473930  0.03016781   -0.11482885  0.03649651   -0.08039595 -0.04705486
    2    1
 -0.09944990  0.04574792   -0.03473930  0.03016781    0.03473930 -0.03016781
 -0.03473930  0.03016781   -0.08039595  0.04705486   -0.11482885 -0.03649651
  0.03473930 -0.03016781   -0.11482885 -0.03649651   -0.08039595  0.04705486
    2    2
  0.29717947  0.00000000   -0.00435603  0.00732557    0.00435603 -0.00732557
 -0.00435603 -0.00732557    0.24378029  0.00000000   -0.00112906  0.00000000
  0.00435603  0.00732557   -0.00112906  0.00000000    0.24378029  0.00000000

     Dynamical  Matrix in cartesian axes

     q = (   -0.750000000  -0.750000000   0.250000000 ) 

    1    1
  0.24378029  0.00000000    0.00112906  0.00000000   -0.00435603 -0.00732557
  0.00112906  0.00000000    0.24378029  0.00000000   -0.00435603 -0.00732557
 -0.00435603  0.00732557   -0.00435603  0.00732557    0.29717947  0.00000000
    1    2
 -0.04705486 -0.08039595   -0.03649651  0.11482885   -0.03016781 -0.03473930
 -0.03649651  0.11482885   -0.04705486 -0.08039595   -0.03016781 -0.03473930
 -0.03016781 -0.03473930   -0.03016781 -0.03473930   -0.04574792 -0.09944990
    2    1
 -0.04705486  0.08039595   -0.03649651 -0.11482885   -0.03016781  0.03473930
 -0.03649651 -0.11482885   -0.04705486  0.08039595   -0.03016781  0.03473930
 -0.03016781  0.03473930   -0.03016781  0.03473930   -0.04574792  0.09944990
    2    2
  0.24378029  0.00000000    0.00112906  0.00000000   -0.00435603  0.00732557
  0.00112906  0.00000000    0.24378029  0.00000000   -0.00435603  0.00732557
 -0.00435603 -0.00732557   -0.00435603 -0.00732557    0.29717947  0.00000000

     Dynamical  Matrix in cartesian axes

     q = (    0.250000000   0.750000000   0.750000000 ) 

    1    1
  0.29717947  0.00000000    0.00435603 -0.00732557    0.00435603 -0.00732557
  0.00435603  0.00732557    0.24378029  0.00000000    0.00112906  0.00000000
  0.00435603  0.00732557    0.00112906  0.00000000    0.24378029  0.00000000
    1    2
  0.09944990 -0.04574792   -0.03473930  0.03016781   -0.03473930  0.03016781
 -0.03473930  0.03016781    0.08039595 -0.04705486   -0.11482885 -0.03649651
 -0.03473930  0.03016781   -0.11482885 -0.03649651    0.08039595 -0.04705486
    2    1
  0.09944990  0.04574792   -0.03473930 -0.03016781   -0.03473930 -0.03016781
 -0.03473930 -0.03016781    0.08039595  0.04705486   -0.11482885  0.03649651
 -0.03473930 -0.03016781   -0.11482885  0.03649651    0.08039595  0.04705486
    2    2
  0.29717947  0.00000000    0.00435603  0.00732557    0.00435603  0.00732557
  0.00435603 -0.00732557    0.24378029  0.00000000    0.00112906  0.00000000
  0.00435603 -0.00732557    0.00112906  0.00000000    0.24378029  0.00000000

     Dynamical  Matrix in cartesian axes

     q = (   -0.250000000  -0.750000000   0.750000000 ) 

    1    1
  0.29717947  0.00000000    0.00435603 -0.00732557   -0.00435603  0.00732557
  0.00435603  0.00732557    0.24378029  0.00000000   -0.00112906  0.00000000
 -0.00435603 -0.00732557   -0.00112906  0.00000000    0.24378029  0.00000000
    1    2
 -0.09944990  0.04574792    0.03473930 -0.03016781   -0.03473930  0.03016781
  0.03473930 -0.03016781   -0.08039595  0.04705486   -0.11482885 -0.03649651
 -0.03473930  0.03016781   -0.11482885 -0.03649651   -0.08039595  0.04705486
    2    1
 -0.09944990 -0.04574792    0.03473930  0.03016781   -0.03473930 -0.03016781
  0.03473930  0.03016781   -0.08039595 -0.04705486   -0.11482885  0.03649651
 -0.03473930 -0.03016781   -0.11482885  0.03649651   -0.08039595 -0.04705486
    2    2
  0.29717947  0.00000000    0.00435603  0.00732557   -0.00435603 -0.00732557
  0.00435603 -0.00732557    0.24378029  0.00000000   -0.00112906  0.00000000
 -0.00435603  0.00732557   -0.00112906  0.00000000    0.24378029  0.00000000

     Dynamical  Matrix in cartesian axes

     q = (    0.750000000   0.750000000   0.250000000 ) 

    1    1
  0.24378029  0.00000000    0.00112906  0.00000000    0.00435603  0.00732557
  0.00112906  0.00000000    0.24378029  0.00000000    0.00435603  0.00732557
  0.00435603 -0.00732557    0.00435603 -0.00732557    0.29717947  0.00000000
    1    2
  0.08039595 -0.04705486   -0.11482885 -0.03649651   -0.03473930  0.03016781
 -0.11482885 -0.03649651    0.08039595 -0.04705486   -0.03473930  0.03016781
 -0.03473930  0.03016781   -0.03473930  0.03016781    0.09944990 -0.04574792
    2    1
  0.08039595  0.04705486   -0.11482885  0.03649651   -0.03473930 -0.03016781
 -0.11482885  0.03649651    0.08039595  0.04705486   -0.03473930 -0.03016781
 -0.03473930 -0.03016781   -0.03473930 -0.03016781    0.09944990  0.04574792
    2    2
  0.24378029  0.00000000    0.00112906  0.00000000    0.00435603 -0.00732557
  0.00112906  0.00000000    0.24378029  0.00000000    0.00435603 -0.00732557
  0.00435603  0.00732557    0.00435603  0.00732557    0.29717947  0.00000000

     Dynamical  Matrix in cartesian axes

     q = (    0.250000000  -0.750000000  -0.750000000 ) 

    1    1
  0.29717947  0.00000000   -0.00435603  0.00732557   -0.00435603  0.00732557
 -0.00435603 -0.00732557    0.24378029  0.00000000    0.00112906  0.00000000
 -0.00435603 -0.00732557    0.00112906  0.00000000    0.24378029  0.00000000
    1    2
 -0.04574792 -0.09944990   -0.03016781 -0.03473930   -0.03016781 -0.03473930
 -0.03016781 -0.03473930   -0.04705486 -0.08039595   -0.03649651  0.11482885
 -0.03016781 -0.03473930   -0.03649651  0.11482885   -0.04705486 -0.08039595
    2    1
 -0.04574792  0.09944990   -0.03016781  0.03473930   -0.03016781  0.03473930
 -0.03016781  0.03473930   -0.04705486  0.08039595   -0.03649651 -0.11482885
 -0.03016781  0.03473930   -0.03649651 -0.11482885   -0.04705486  0.08039595
    2    2
  0.29717947  0.00000000   -0.00435603 -0.00732557   -0.00435603 -0.00732557
 -0.00435603  0.00732557    0.24378029  0.00000000    0.00112906  0.00000000
 -0.00435603  0.00732557    0.00112906  0.00000000    0.24378029  0.00000000

     Dynamical  Matrix in cartesian axes

     q = (    0.750000000  -0.750000000  -0.250000000 ) 

    1    1
  0.24378029  0.00000000   -0.00112906  0.00000000   -0.00435603 -0.00732557
 -0.00112906  0.00000000    0.24378029  0.00000000    0.00435603  0.00732557
 -0.00435603  0.00732557    0.00435603 -0.00732557    0.29717947  0.00000000
    1    2
 -0.08039595  0.04705486   -0.11482885 -0.03649651   -0.03473930  0.03016781
 -0.11482885 -0.03649651   -0.08039595  0.04705486    0.03473930 -0.03016781
 -0.03473930  0.03016781    0.03473930 -0.03016781   -0.09944990  0.04574792
    2    1
 -0.08039595 -0.04705486   -0.11482885  0.03649651   -0.03473930 -0.03016781
 -0.11482885  0.03649651   -0.08039595 -0.04705486    0.03473930  0.03016781
 -0.03473930 -0.03016781    0.03473930  0.03016781   -0.09944990 -0.04574792
    2    2
  0.24378029  0.00000000   -0.00112906  0.00000000   -0.00435603  0.00732557
 -0.00112906  0.00000000    0.24378029  0.00000000    0.00435603 -0.00732557
 -0.00435603 -0.00732557    0.00435603  0.00732557    0.29717947  0.00000000

     Diagonalizing the dynamical matrix

     q = (    0.750000000  -0.250000000   0.750000000 ) 

 **************************************************************************
     freq (    1) =       4.464420 [THz] =     148.917012 [cm-1]
 (  0.027002 -0.499270 -0.000000  0.000000 -0.027002  0.499270 ) 
 (  0.500000 -0.000000 -0.000000 -0.000000 -0.500000  0.000000 ) 
     freq (    2) =       6.839522 [THz] =     228.141902 [cm-1]
 ( -0.391349 -0.046139 -0.370068  0.229095 -0.391349 -0.046139 ) 
 ( -0.394059  0.000000 -0.340699 -0.270849 -0.394059  0.000000 ) 
     freq (    3) =       9.528983 [THz] =     317.852654 [cm-1]
 (  0.061275  0.336398 -0.485062 -0.175722  0.061275  0.336398 ) 
 (  0.341933 -0.000000 -0.259802 -0.445720  0.341933  0.000000 ) 
     freq (    4) =      11.548576 [THz] =     385.219018 [cm-1]
 ( -0.277445 -0.293045  0.379075  0.174929 -0.277445 -0.293045 ) 
 (  0.403548 -0.000000 -0.387648 -0.155007  0.403548  0.000000 ) 
     freq (    5) =      13.610750 [THz] =     454.005762 [cm-1]
 ( -0.027002  0.499270 -0.000000  0.000000  0.027002 -0.499270 ) 
 (  0.500000 -0.000000  0.000000  0.000000 -0.500000  0.000000 ) 
     freq (    6) =      13.690688 [THz] =     456.672212 [cm-1]
 ( -0.248006 -0.058661 -0.521661  0.313007 -0.248006 -0.058661 ) 
 (  0.254849 -0.000000  0.435606  0.424677  0.254849  0.000000 ) 
 **************************************************************************
