Dynamical matrix file
                                                                           
  1    2  2 10.4500000  0.0000000  0.0000000  0.0000000  0.0000000  0.0000000
           1  'Si  '    25598.822984527003     
    1    1      0.0000000000      0.0000000000      0.0000000000
    2    1      0.2500000000      0.2500000000      0.2500000000

     Dynamical  Matrix in cartesian axes

     q = (   -0.250000000   0.250000000  -0.250000000 ) 

    1    1
  0.28105381  0.00000000   -0.01032487  0.00000000    0.01032487  0.00000000
 -0.01032487  0.00000000    0.28105381  0.00000000   -0.01032487  0.00000000
  0.01032487  0.00000000   -0.01032487  0.00000000    0.28105381  0.00000000
    1    2
 -0.21066416 -0.06399451   -0.03103289  0.03172721    0.03103289 -0.03172721
 -0.03103289  0.03172721   -0.21066416 -0.06399451   -0.03103289  0.03172721
  0.03103289 -0.03172721   -0.03103289  0.03172721   -0.21066416 -0.06399451
    2    1
 -0.21066416  0.06399451   -0.03103289 -0.03172721    0.03103289  0.03172721
 -0.03103289 -0.03172721   -0.21066416  0.06399451   -0.03103289 -0.03172721
  0.03103289  0.03172721   -0.03103289 -0.03172721   -0.21066416  0.06399451
    2    2
  0.28105381  0.00000000   -0.01032487  0.00000000    0.01032487  0.00000000
 -0.01032487  0.00000000    0.28105381  0.00000000   -0.01032487  0.00000000
  0.01032487  0.00000000   -0.01032487  0.00000000    0.28105381  0.00000000

     Dynamical  Matrix in cartesian axes

     q = (    0.250000000  -0.250000000  -0.250000000 ) 

    1    1
  0.28105381  0.00000000   -0.01032487  0.00000000   -0.01032487  0.00000000
 -0.01032487  0.00000000    0.28105381  0.00000000    0.01032487  0.00000000
 -0.01032487  0.00000000    0.01032487  0.00000000    0.28105381  0.00000000
    1    2
 -0.21066416 -0.06399451   -0.03103289  0.03172721   -0.03103289  0.03172721
 -0.03103289  0.03172721   -0.21066416 -0.06399451    0.03103289 -0.03172721
 -0.03103289  0.03172721    0.03103289 -0.03172721   -0.21066416 -0.06399451
    2    1
 -0.21066416  0.06399451   -0.03103289 -0.03172721   -0.03103289 -0.03172721
 -0.03103289 -0.03172721   -0.21066416  0.06399451    0.03103289  0.03172721
 -0.03103289 -0.03172721    0.03103289  0.03172721   -0.21066416  0.06399451
    2    2
  0.28105381  0.00000000   -0.01032487  0.00000000   -0.01032487  0.00000000
 -0.01032487  0.00000000    0.28105381  0.00000000    0.01032487  0.00000000
 -0.01032487  0.00000000    0.01032487  0.00000000    0.28105381  0.00000000

     Dynamical  Matrix in cartesian axes

     q = (    0.250000000  -0.250000000   0.250000000 ) 

    1    1
  0.28105381  0.00000000   -0.01032487  0.00000000    0.01032487  0.00000000
 -0.01032487  0.00000000    0.28105381  0.00000000   -0.01032487  0.00000000
  0.01032487  0.00000000   -0.01032487  0.00000000    0.28105381  0.00000000
    1    2
 -0.21066416  0.06399451   -0.03103289 -0.03172721    0.03103289  0.03172721
 -0.03103289 -0.03172721   -0.21066416  0.06399451   -0.03103289 -0.03172721
  0.03103289  0.03172721   -0.03103289 -0.03172721   -0.21066416  0.06399451
    2    1
 -0.21066416 -0.06399451   -0.03103289  0.03172721    0.03103289 -0.03172721
 -0.03103289  0.03172721   -0.21066416 -0.06399451   -0.03103289  0.03172721
  0.03103289 -0.03172721   -0.03103289  0.03172721   -0.21066416 -0.06399451
    2    2
  0.28105381  0.00000000   -0.01032487  0.00000000    0.01032487  0.00000000
 -0.01032487  0.00000000    0.28105381  0.00000000   -0.01032487  0.00000000
  0.01032487  0.00000000   -0.01032487  0.00000000    0.28105381  0.00000000

     Dynamical  Matrix in cartesian axes

     q = (    0.250000000   0.250000000   0.250000000 ) 

    1    1
  0.28105381  0.00000000    0.01032487  0.00000000    0.01032487  0.00000000
  0.01032487  0.00000000    0.28105381  0.00000000    0.01032487  0.00000000
  0.01032487  0.00000000    0.01032487  0.00000000    0.28105381  0.00000000
    1    2
 -0.06399451  0.21066416   -0.03172721 -0.03103289   -0.03172721 -0.03103289
 -0.03172721 -0.03103289   -0.06399451  0.21066416   -0.03172721 -0.03103289
 -0.03172721 -0.03103289   -0.03172721 -0.03103289   -0.06399451  0.21066416
    2    1
 -0.06399451 -0.21066416   -0.03172721  0.03103289   -0.03172721  0.03103289
 -0.03172721  0.03103289   -0.06399451 -0.21066416   -0.03172721  0.03103289
 -0.03172721  0.03103289   -0.03172721  0.03103289   -0.06399451 -0.21066416
    2    2
  0.28105381  0.00000000    0.01032487  0.00000000    0.01032487  0.00000000
  0.01032487  0.00000000    0.28105381  0.00000000    0.01032487  0.00000000
  0.01032487  0.00000000    0.01032487  0.00000000    0.28105381  0.00000000

     Dynamical  Matrix in cartesian axes

     q = (   -0.250000000  -0.250000000  -0.250000000 ) 

    1    1
  0.28105381  0.00000000    0.01032487  0.00000000    0.01032487  0.00000000
  0.01032487  0.00000000    0.28105381  0.00000000    0.01032487  0.00000000
  0.01032487  0.00000000    0.01032487  0.00000000    0.28105381  0.00000000
    1    2
 -0.06399451 -0.21066416   -0.03172721  0.03103289   -0.03172721  0.03103289
 -0.03172721  0.03103289   -0.06399451 -0.21066416   -0.03172721  0.03103289
 -0.03172721  0.03103289   -0.03172721  0.03103289   -0.06399451 -0.21066416
    2    1
 -0.06399451  0.21066416   -0.03172721 -0.03103289   -0.03172721 -0.03103289
 -0.03172721 -0.03103289   -0.06399451  0.21066416   -0.03172721 -0.03103289
 -0.03172721 -0.03103289   -0.03172721 -0.03103289   -0.06399451  0.21066416
    2    2
  0.28105381  0.00000000    0.01032487  0.00000000    0.01032487  0.00000000
  0.01032487  0.00000000    0.28105381  0.00000000    0.01032487  0.00000000
  0.01032487  0.00000000    0.01032487  0.00000000    0.28105381  0.00000000

     Dynamical  Matrix in cartesian axes

     q = (   -0.250000000  -0.250000000   0.250000000 ) 

    1    1
  0.28105381  0.00000000    0.01032487  0.00000000   -0.01032487  0.00000000
  0.01032487  0.00000000    0.28105381  0.00000000   -0.01032487  0.00000000
 -0.01032487  0.00000000   -0.01032487  0.00000000    0.28105381  0.00000000
    1    2
 -0.21066416 -0.06399451    0.03103289 -0.03172721   -0.03103289  0.03172721
  0.03103289 -0.03172721   -0.21066416 -0.06399451   -0.03103289  0.03172721
 -0.03103289  0.03172721   -0.03103289  0.03172721   -0.21066416 -0.06399451
    2    1
 -0.21066416  0.06399451    0.03103289  0.03172721   -0.03103289 -0.03172721
  0.03103289  0.03172721   -0.21066416  0.06399451   -0.03103289 -0.03172721
 -0.03103289 -0.03172721   -0.03103289 -0.03172721   -0.21066416  0.06399451
    2    2
  0.28105381  0.00000000    0.01032487  0.00000000   -0.01032487  0.00000000
  0.01032487  0.00000000    0.28105381  0.00000000   -0.01032487  0.00000000
 -0.01032487  0.00000000   -0.01032487  0.00000000    0.28105381  0.00000000

     Dynamical  Matrix in cartesian axes

     q = (   -0.250000000   0.250000000   0.250000000 ) 

    1    1
  0.28105381  0.00000000   -0.01032487  0.00000000   -0.01032487  0.00000000
 -0.01032487  0.00000000    0.28105381  0.00000000    0.01032487  0.00000000
 -0.01032487  0.00000000    0.01032487  0.00000000    0.28105381  0.00000000
    1    2
 -0.21066416  0.06399451   -0.03103289 -0.03172721   -0.03103289 -0.03172721
 -0.03103289 -0.03172721   -0.21066416  0.06399451    0.03103289  0.03172721
 -0.03103289 -0.03172721    0.03103289  0.03172721   -0.21066416  0.06399451
    2    1
 -0.21066416 -0.06399451   -0.03103289  0.03172721   -0.03103289  0.03172721
 -0.03103289  0.03172721   -0.21066416 -0.06399451    0.03103289 -0.03172721
 -0.03103289  0.03172721    0.03103289 -0.03172721   -0.21066416 -0.06399451
    2    2
  0.28105381  0.00000000   -0.01032487  0.00000000   -0.01032487  0.00000000
 -0.01032487  0.00000000    0.28105381  0.00000000    0.01032487  0.00000000
 -0.01032487  0.00000000    0.01032487  0.00000000    0.28105381  0.00000000

     Dynamical  Matrix in cartesian axes

     q = (    0.250000000   0.250000000  -0.250000000 ) 

    1    1
  0.28105381  0.00000000    0.01032487  0.00000000   -0.01032487  0.00000000
  0.01032487  0.00000000    0.28105381  0.00000000   -0.01032487  0.00000000
 -0.01032487  0.00000000   -0.01032487  0.00000000    0.28105381  0.00000000
    1    2
 -0.21066416  0.06399451    0.03103289  0.03172721   -0.03103289 -0.03172721
  0.03103289  0.03172721   -0.21066416  0.06399451   -0.03103289 -0.03172721
 -0.03103289 -0.03172721   -0.03103289 -0.03172721   -0.21066416  0.06399451
    2    1
 -0.21066416 -0.06399451    0.03103289 -0.03172721   -0.03103289  0.03172721
  0.03103289 -0.03172721   -0.21066416 -0.06399451   -0.03103289  0.03172721
 -0.03103289  0.03172721   -0.03103289  0.03172721   -0.21066416 -0.06399451
    2    2
  0.28105381  0.00000000    0.01032487  0.00000000   -0.01032487  0.00000000
  0.01032487  0.00000000    0.28105381  0.00000000   -0.01032487  0.00000000
 -0.01032487  0.00000000   -0.01032487  0.00000000    0.28105381  0.00000000

     Diagonalizing the dynamical matrix

     q = (   -0.250000000   0.250000000  -0.250000000 ) 

 **************************************************************************
     freq (    1) =       3.371633 [THz] =     112.465584 [cm-1]
 (  0.342834 -0.033616  0.572428 -0.002964  0.229594  0.030651 ) 
 (  0.335370 -0.078687  0.567001 -0.078687  0.231631  0.000000 ) 
     freq (    2) =       3.371633 [THz] =     112.465584 [cm-1]
 ( -0.462537 -0.026980  0.061661  0.043002  0.524198  0.069982 ) 
 ( -0.462040  0.034464  0.066809  0.034464  0.528848  0.000000 ) 
     freq (    3) =       6.692494 [THz] =     223.237565 [cm-1]
 ( -0.309884 -0.265779  0.309884  0.265779 -0.309884 -0.265779 ) 
 ( -0.408248  0.000000  0.408248 -0.000000 -0.408248  0.000000 ) 
     freq (    4) =      14.502695 [THz] =     483.757840 [cm-1]
 ( -0.309884 -0.265779  0.309884  0.265779 -0.309884 -0.265779 ) 
 (  0.408248  0.000000 -0.408248  0.000000  0.408248  0.000000 ) 
     freq (    5) =      14.749844 [THz] =     492.001835 [cm-1]
 ( -0.166412 -0.069920  0.390098  0.004376  0.556510  0.074296 ) 
 (  0.174201  0.047284 -0.387246  0.047284 -0.561447  0.000000 ) 
     freq (    6) =      14.749844 [THz] =     492.001835 [cm-1]
 ( -0.533304  0.127821 -0.399912  0.145629  0.133392  0.017808 ) 
 (  0.511700 -0.197268  0.377125 -0.197268 -0.134575  0.000000 ) 
 **************************************************************************
