Dynamical matrix file
                                                                           
  1    2  2 10.3360000  0.0000000  0.0000000  0.0000000  0.0000000  0.0000000
           1  'Si  '    25598.822984527003     
    1    1      0.0000000000      0.0000000000      0.0000000000
    2    1      0.2500000000      0.2500000000      0.2500000000

     Dynamical  Matrix in cartesian axes

     q = (   -0.250000000   0.250000000  -0.250000000 ) 

    1    1
  0.26885513  0.00000000   -0.01169944  0.00000000    0.01169944  0.00000000
 -0.01169944  0.00000000    0.26885513  0.00000000   -0.01169944  0.00000000
  0.01169944  0.00000000   -0.01169944  0.00000000    0.26885513  0.00000000
    1    2
 -0.20021007 -0.05807797   -0.03785579  0.03956549    0.03785579 -0.03956549
 -0.03785579  0.03956549   -0.20021007 -0.05807797   -0.03785579  0.03956549
  0.03785579 -0.03956549   -0.03785579  0.03956549   -0.20021007 -0.05807797
    2    1
 -0.20021007  0.05807797   -0.03785579 -0.03956549    0.03785579  0.03956549
 -0.03785579 -0.03956549   -0.20021007  0.05807797   -0.03785579 -0.03956549
  0.03785579  0.03956549   -0.03785579 -0.03956549   -0.20021007  0.05807797
    2    2
  0.26885513  0.00000000   -0.01169944  0.00000000    0.01169944  0.00000000
 -0.01169944  0.00000000    0.26885513  0.00000000   -0.01169944  0.00000000
  0.01169944  0.00000000   -0.01169944  0.00000000    0.26885513  0.00000000

     Dynamical  Matrix in cartesian axes

     q = (    0.250000000  -0.250000000  -0.250000000 ) 

    1    1
  0.26885513  0.00000000   -0.01169944  0.00000000   -0.01169944  0.00000000
 -0.01169944  0.00000000    0.26885513  0.00000000    0.01169944  0.00000000
 -0.01169944  0.00000000    0.01169944  0.00000000    0.26885513  0.00000000
    1    2
 -0.20021007 -0.05807797   -0.03785579  0.03956549   -0.03785579  0.03956549
 -0.03785579  0.03956549   -0.20021007 -0.05807797    0.03785579 -0.03956549
 -0.03785579  0.03956549    0.03785579 -0.03956549   -0.20021007 -0.05807797
    2    1
 -0.20021007  0.05807797   -0.03785579 -0.03956549   -0.03785579 -0.03956549
 -0.03785579 -0.03956549   -0.20021007  0.05807797    0.03785579  0.03956549
 -0.03785579 -0.03956549    0.03785579  0.03956549   -0.20021007  0.05807797
    2    2
  0.26885513  0.00000000   -0.01169944  0.00000000   -0.01169944  0.00000000
 -0.01169944  0.00000000    0.26885513  0.00000000    0.01169944  0.00000000
 -0.01169944  0.00000000    0.01169944  0.00000000    0.26885513  0.00000000

     Dynamical  Matrix in cartesian axes

     q = (    0.250000000  -0.250000000   0.250000000 ) 

    1    1
  0.26885513  0.00000000   -0.01169944  0.00000000    0.01169944  0.00000000
 -0.01169944  0.00000000    0.26885513  0.00000000   -0.01169944  0.00000000
  0.01169944  0.00000000   -0.01169944  0.00000000    0.26885513  0.00000000
    1    2
 -0.20021007  0.05807797   -0.03785579 -0.03956549    0.03785579  0.03956549
 -0.03785579 -0.03956549   -0.20021007  0.05807797   -0.03785579 -0.03956549
  0.03785579  0.03956549   -0.03785579 -0.03956549   -0.20021007  0.05807797
    2    1
 -0.20021007 -0.05807797   -0.03785579  0.03956549    0.03785579 -0.03956549
 -0.03785579  0.03956549   -0.20021007 -0.05807797   -0.03785579  0.03956549
  0.03785579 -0.03956549   -0.03785579  0.03956549   -0.20021007 -0.05807797
    2    2
  0.26885513  0.00000000   -0.01169944  0.00000000    0.01169944  0.00000000
 -0.01169944  0.00000000    0.26885513  0.00000000   -0.01169944  0.00000000
  0.01169944  0.00000000   -0.01169944  0.00000000    0.26885513  0.00000000

     Dynamical  Matrix in cartesian axes

     q = (    0.250000000   0.250000000   0.250000000 ) 

    1    1
  0.26885513  0.00000000    0.01169944  0.00000000    0.01169944  0.00000000
  0.01169944  0.00000000    0.26885513  0.00000000    0.01169944  0.00000000
  0.01169944  0.00000000    0.01169944  0.00000000    0.26885513  0.00000000
    1    2
 -0.05807797  0.20021007   -0.03956549 -0.03785579   -0.03956549 -0.03785579
 -0.03956549 -0.03785579   -0.05807797  0.20021007   -0.03956549 -0.03785579
 -0.03956549 -0.03785579   -0.03956549 -0.03785579   -0.05807797  0.20021007
    2    1
 -0.05807797 -0.20021007   -0.03956549  0.03785579   -0.03956549  0.03785579
 -0.03956549  0.03785579   -0.05807797 -0.20021007   -0.03956549  0.03785579
 -0.03956549  0.03785579   -0.03956549  0.03785579   -0.05807797 -0.20021007
    2    2
  0.26885513  0.00000000    0.01169944  0.00000000    0.01169944  0.00000000
  0.01169944  0.00000000    0.26885513  0.00000000    0.01169944  0.00000000
  0.01169944  0.00000000    0.01169944  0.00000000    0.26885513  0.00000000

     Dynamical  Matrix in cartesian axes

     q = (   -0.250000000  -0.250000000  -0.250000000 ) 

    1    1
  0.26885513  0.00000000    0.01169944  0.00000000    0.01169944  0.00000000
  0.01169944  0.00000000    0.26885513  0.00000000    0.01169944  0.00000000
  0.01169944  0.00000000    0.01169944  0.00000000    0.26885513  0.00000000
    1    2
 -0.05807797 -0.20021007   -0.03956549  0.03785579   -0.03956549  0.03785579
 -0.03956549  0.03785579   -0.05807797 -0.20021007   -0.03956549  0.03785579
 -0.03956549  0.03785579   -0.03956549  0.03785579   -0.05807797 -0.20021007
    2    1
 -0.05807797  0.20021007   -0.03956549 -0.03785579   -0.03956549 -0.03785579
 -0.03956549 -0.03785579   -0.05807797  0.20021007   -0.03956549 -0.03785579
 -0.03956549 -0.03785579   -0.03956549 -0.03785579   -0.05807797  0.20021007
    2    2
  0.26885513  0.00000000    0.01169944  0.00000000    0.01169944  0.00000000
  0.01169944  0.00000000    0.26885513  0.00000000    0.01169944  0.00000000
  0.01169944  0.00000000    0.01169944  0.00000000    0.26885513  0.00000000

     Dynamical  Matrix in cartesian axes

     q = (   -0.250000000  -0.250000000   0.250000000 ) 

    1    1
  0.26885513  0.00000000    0.01169944  0.00000000   -0.01169944  0.00000000
  0.01169944  0.00000000    0.26885513  0.00000000   -0.01169944  0.00000000
 -0.01169944  0.00000000   -0.01169944  0.00000000    0.26885513  0.00000000
    1    2
 -0.20021007 -0.05807797    0.03785579 -0.03956549   -0.03785579  0.03956549
  0.03785579 -0.03956549   -0.20021007 -0.05807797   -0.03785579  0.03956549
 -0.03785579  0.03956549   -0.03785579  0.03956549   -0.20021007 -0.05807797
    2    1
 -0.20021007  0.05807797    0.03785579  0.03956549   -0.03785579 -0.03956549
  0.03785579  0.03956549   -0.20021007  0.05807797   -0.03785579 -0.03956549
 -0.03785579 -0.03956549   -0.03785579 -0.03956549   -0.20021007  0.05807797
    2    2
  0.26885513  0.00000000    0.01169944  0.00000000   -0.01169944  0.00000000
  0.01169944  0.00000000    0.26885513  0.00000000   -0.01169944  0.00000000
 -0.01169944  0.00000000   -0.01169944  0.00000000    0.26885513  0.00000000

     Dynamical  Matrix in cartesian axes

     q = (   -0.250000000   0.250000000   0.250000000 ) 

    1    1
  0.26885513  0.00000000   -0.01169944  0.00000000   -0.01169944  0.00000000
 -0.01169944  0.00000000    0.26885513  0.00000000    0.01169944  0.00000000
 -0.01169944  0.00000000    0.01169944  0.00000000    0.26885513  0.00000000
    1    2
 -0.20021007  0.05807797   -0.03785579 -0.03956549   -0.03785579 -0.03956549
 -0.03785579 -0.03956549   -0.20021007  0.05807797    0.03785579  0.03956549
 -0.03785579 -0.03956549    0.03785579  0.03956549   -0.20021007  0.05807797
    2    1
 -0.20021007 -0.05807797   -0.03785579  0.03956549   -0.03785579  0.03956549
 -0.03785579  0.03956549   -0.20021007 -0.05807797    0.03785579 -0.03956549
 -0.03785579  0.03956549    0.03785579 -0.03956549   -0.20021007 -0.05807797
    2    2
  0.26885513  0.00000000   -0.01169944  0.00000000   -0.01169944  0.00000000
 -0.01169944  0.00000000    0.26885513  0.00000000    0.01169944  0.00000000
 -0.01169944  0.00000000    0.01169944  0.00000000    0.26885513  0.00000000

     Dynamical  Matrix in cartesian axes

     q = (    0.250000000   0.250000000  -0.250000000 ) 

    1    1
  0.26885513  0.00000000    0.01169944  0.00000000   -0.01169944  0.00000000
  0.01169944  0.00000000    0.26885513  0.00000000   -0.01169944  0.00000000
 -0.01169944  0.00000000   -0.01169944  0.00000000    0.26885513  0.00000000
    1    2
 -0.20021007  0.05807797    0.03785579  0.03956549   -0.03785579 -0.03956549
  0.03785579  0.03956549   -0.20021007  0.05807797   -0.03785579 -0.03956549
 -0.03785579 -0.03956549   -0.03785579 -0.03956549   -0.20021007  0.05807797
    2    1
 -0.20021007 -0.05807797    0.03785579 -0.03956549   -0.03785579  0.03956549
  0.03785579 -0.03956549   -0.20021007 -0.05807797   -0.03785579  0.03956549
 -0.03785579  0.03956549   -0.03785579  0.03956549   -0.20021007 -0.05807797
    2    2
  0.26885513  0.00000000    0.01169944  0.00000000   -0.01169944  0.00000000
  0.01169944  0.00000000    0.26885513  0.00000000   -0.01169944  0.00000000
 -0.01169944  0.00000000   -0.01169944  0.00000000    0.26885513  0.00000000

     Diagonalizing the dynamical matrix

     q = (   -0.250000000   0.250000000  -0.250000000 ) 

 **************************************************************************
     freq (    1) =       2.786975 [THz] =      92.963476 [cm-1]
 ( -0.481015 -0.281583 -0.277679 -0.265771  0.203336  0.015812 ) 
 ( -0.501398 -0.243444 -0.297448 -0.243444  0.203949  0.000000 ) 
     freq (    2) =       2.786975 [THz] =      92.963476 [cm-1]
 ( -0.126012  0.082402  0.412491  0.124277  0.538502  0.041875 ) 
 ( -0.119244  0.091923  0.420884  0.091923  0.540128  0.000000 ) 
     freq (    3) =       6.725397 [THz] =     224.335097 [cm-1]
 ( -0.274332 -0.302339  0.274332  0.302339 -0.274332 -0.302339 ) 
 ( -0.408248  0.000000  0.408248  0.000000 -0.408248  0.000000 ) 
     freq (    4) =      14.209019 [THz] =     473.961867 [cm-1]
 ( -0.274332 -0.302339  0.274332  0.302339 -0.274332 -0.302339 ) 
 (  0.408248 -0.000000 -0.408248  0.000000  0.408248  0.000000 ) 
     freq (    5) =      14.480372 [THz] =     483.013216 [cm-1]
 ( -0.220206  0.048217  0.345149  0.092180  0.565355  0.043963 ) 
 (  0.215805 -0.065144 -0.351257 -0.065144 -0.567062  0.000000 ) 
     freq (    6) =      14.480372 [THz] =     483.013216 [cm-1]
 ( -0.380565 -0.371063 -0.272384 -0.362650  0.108181  0.008412 ) 
 (  0.408188  0.340441  0.299680  0.340441 -0.108508  0.000000 ) 
 **************************************************************************
