Dynamical matrix file
                                                                           
  1    2  2 10.3350000  0.0000000  0.0000000  0.0000000  0.0000000  0.0000000
           1  'Si  '    25598.822984527003     
    1    1      0.0000000000      0.0000000000      0.0000000000
    2    1      0.2500000000      0.2500000000      0.2500000000

     Dynamical  Matrix in cartesian axes

     q = (    0.750000000  -0.250000000   0.750000000 ) 

    1    1
  0.23290677  0.00000000   -0.00487585  0.00743678    0.00212274  0.00000000
 -0.00487585 -0.00743678    0.28847087 -0.00000000   -0.00487585 -0.00743678
  0.00212274  0.00000000   -0.00487585  0.00743678    0.23290677  0.00000000
    1    2
 -0.06354893  0.05484956   -0.03637754  0.04061225   -0.04152019 -0.13188503
 -0.03637754  0.04061225   -0.06228182  0.07373441   -0.03637754  0.04061225
 -0.04152019 -0.13188503   -0.03637754  0.04061225   -0.06354893  0.05484956
    2    1
 -0.06354893 -0.05484956   -0.03637754 -0.04061225   -0.04152019  0.13188503
 -0.03637754 -0.04061225   -0.06228182 -0.07373441   -0.03637754 -0.04061225
 -0.04152019  0.13188503   -0.03637754 -0.04061225   -0.06354893 -0.05484956
    2    2
  0.23290677 -0.00000000   -0.00487585 -0.00743678    0.00212274 -0.00000000
 -0.00487585  0.00743678    0.28847087  0.00000000   -0.00487585  0.00743678
  0.00212274 -0.00000000   -0.00487585 -0.00743678    0.23290677 -0.00000000

     Dynamical  Matrix in cartesian axes

     q = (    0.750000000  -0.250000000  -0.750000000 ) 

    1    1
  0.23290677 -0.00000000   -0.00487585 -0.00743678   -0.00212274  0.00000000
 -0.00487585  0.00743678    0.28847087  0.00000000    0.00487585 -0.00743678
 -0.00212274  0.00000000    0.00487585  0.00743678    0.23290677 -0.00000000
    1    2
 -0.05484956  0.06354893   -0.04061225  0.03637754   -0.13188503 -0.04152019
 -0.04061225  0.03637754   -0.07373441  0.06228182    0.04061225 -0.03637754
 -0.13188503 -0.04152019    0.04061225 -0.03637754   -0.05484956  0.06354893
    2    1
 -0.05484956 -0.06354893   -0.04061225 -0.03637754   -0.13188503  0.04152019
 -0.04061225 -0.03637754   -0.07373441 -0.06228182    0.04061225  0.03637754
 -0.13188503  0.04152019    0.04061225  0.03637754   -0.05484956 -0.06354893
    2    2
  0.23290677  0.00000000   -0.00487585  0.00743678   -0.00212274 -0.00000000
 -0.00487585 -0.00743678    0.28847087  0.00000000    0.00487585  0.00743678
 -0.00212274 -0.00000000    0.00487585 -0.00743678    0.23290677  0.00000000

     Dynamical  Matrix in cartesian axes

     q = (   -0.750000000  -0.250000000  -0.750000000 ) 

    1    1
  0.23290677  0.00000000    0.00487585 -0.00743678    0.00212274  0.00000000
  0.00487585  0.00743678    0.28847087 -0.00000000    0.00487585  0.00743678
  0.00212274  0.00000000    0.00487585 -0.00743678    0.23290677  0.00000000
    1    2
  0.05484956  0.06354893   -0.04061225 -0.03637754   -0.13188503  0.04152019
 -0.04061225 -0.03637754    0.07373441  0.06228182   -0.04061225 -0.03637754
 -0.13188503  0.04152019   -0.04061225 -0.03637754    0.05484956  0.06354893
    2    1
  0.05484956 -0.06354893   -0.04061225  0.03637754   -0.13188503 -0.04152019
 -0.04061225  0.03637754    0.07373441 -0.06228182   -0.04061225  0.03637754
 -0.13188503 -0.04152019   -0.04061225  0.03637754    0.05484956 -0.06354893
    2    2
  0.23290677 -0.00000000    0.00487585  0.00743678    0.00212274 -0.00000000
  0.00487585 -0.00743678    0.28847087  0.00000000    0.00487585 -0.00743678
  0.00212274 -0.00000000    0.00487585  0.00743678    0.23290677 -0.00000000

     Dynamical  Matrix in cartesian axes

     q = (   -0.750000000  -0.250000000   0.750000000 ) 

    1    1
  0.23290677 -0.00000000    0.00487585  0.00743678   -0.00212274  0.00000000
  0.00487585 -0.00743678    0.28847087  0.00000000   -0.00487585  0.00743678
 -0.00212274  0.00000000   -0.00487585 -0.00743678    0.23290677 -0.00000000
    1    2
 -0.05484956  0.06354893    0.04061225 -0.03637754   -0.13188503 -0.04152019
  0.04061225 -0.03637754   -0.07373441  0.06228182   -0.04061225  0.03637754
 -0.13188503 -0.04152019   -0.04061225  0.03637754   -0.05484956  0.06354893
    2    1
 -0.05484956 -0.06354893    0.04061225  0.03637754   -0.13188503  0.04152019
  0.04061225  0.03637754   -0.07373441 -0.06228182   -0.04061225 -0.03637754
 -0.13188503  0.04152019   -0.04061225 -0.03637754   -0.05484956 -0.06354893
    2    2
  0.23290677  0.00000000    0.00487585 -0.00743678   -0.00212274 -0.00000000
  0.00487585  0.00743678    0.28847087 -0.00000000   -0.00487585 -0.00743678
 -0.00212274 -0.00000000   -0.00487585  0.00743678    0.23290677  0.00000000

     Dynamical  Matrix in cartesian axes

     q = (   -0.750000000   0.250000000  -0.750000000 ) 

    1    1
  0.23290677 -0.00000000   -0.00487585 -0.00743678    0.00212274 -0.00000000
 -0.00487585  0.00743678    0.28847087  0.00000000   -0.00487585  0.00743678
  0.00212274 -0.00000000   -0.00487585 -0.00743678    0.23290677 -0.00000000
    1    2
 -0.06354893 -0.05484956   -0.03637754 -0.04061225   -0.04152019  0.13188503
 -0.03637754 -0.04061225   -0.06228182 -0.07373441   -0.03637754 -0.04061225
 -0.04152019  0.13188503   -0.03637754 -0.04061225   -0.06354893 -0.05484956
    2    1
 -0.06354893  0.05484956   -0.03637754  0.04061225   -0.04152019 -0.13188503
 -0.03637754  0.04061225   -0.06228182  0.07373441   -0.03637754  0.04061225
 -0.04152019 -0.13188503   -0.03637754  0.04061225   -0.06354893  0.05484956
    2    2
  0.23290677  0.00000000   -0.00487585  0.00743678    0.00212274  0.00000000
 -0.00487585 -0.00743678    0.28847087 -0.00000000   -0.00487585 -0.00743678
  0.00212274  0.00000000   -0.00487585  0.00743678    0.23290677  0.00000000

     Dynamical  Matrix in cartesian axes

     q = (   -0.250000000   0.750000000  -0.750000000 ) 

    1    1
  0.28847087  0.00000000   -0.00487585  0.00743678    0.00487585 -0.00743678
 -0.00487585 -0.00743678    0.23290677 -0.00000000   -0.00212274  0.00000000
  0.00487585  0.00743678   -0.00212274  0.00000000    0.23290677 -0.00000000
    1    2
 -0.07373441  0.06228182   -0.04061225  0.03637754    0.04061225 -0.03637754
 -0.04061225  0.03637754   -0.05484956  0.06354893   -0.13188503 -0.04152019
  0.04061225 -0.03637754   -0.13188503 -0.04152019   -0.05484956  0.06354893
    2    1
 -0.07373441 -0.06228182   -0.04061225 -0.03637754    0.04061225  0.03637754
 -0.04061225 -0.03637754   -0.05484956 -0.06354893   -0.13188503  0.04152019
  0.04061225  0.03637754   -0.13188503  0.04152019   -0.05484956 -0.06354893
    2    2
  0.28847087 -0.00000000   -0.00487585 -0.00743678    0.00487585  0.00743678
 -0.00487585  0.00743678    0.23290677  0.00000000   -0.00212274 -0.00000000
  0.00487585 -0.00743678   -0.00212274 -0.00000000    0.23290677  0.00000000

     Dynamical  Matrix in cartesian axes

     q = (   -0.750000000   0.750000000  -0.250000000 ) 

    1    1
  0.23290677 -0.00000000   -0.00212274  0.00000000    0.00487585  0.00743678
 -0.00212274  0.00000000    0.23290677 -0.00000000   -0.00487585 -0.00743678
  0.00487585 -0.00743678   -0.00487585  0.00743678    0.28847087  0.00000000
    1    2
 -0.05484956  0.06354893   -0.13188503 -0.04152019    0.04061225 -0.03637754
 -0.13188503 -0.04152019   -0.05484956  0.06354893   -0.04061225  0.03637754
  0.04061225 -0.03637754   -0.04061225  0.03637754   -0.07373441  0.06228182
    2    1
 -0.05484956 -0.06354893   -0.13188503  0.04152019    0.04061225  0.03637754
 -0.13188503  0.04152019   -0.05484956 -0.06354893   -0.04061225 -0.03637754
  0.04061225  0.03637754   -0.04061225 -0.03637754   -0.07373441 -0.06228182
    2    2
  0.23290677  0.00000000   -0.00212274 -0.00000000    0.00487585 -0.00743678
 -0.00212274 -0.00000000    0.23290677  0.00000000   -0.00487585  0.00743678
  0.00487585  0.00743678   -0.00487585 -0.00743678    0.28847087 -0.00000000

     Dynamical  Matrix in cartesian axes

     q = (    0.750000000   0.250000000   0.750000000 ) 

    1    1
  0.23290677 -0.00000000    0.00487585  0.00743678    0.00212274 -0.00000000
  0.00487585 -0.00743678    0.28847087  0.00000000    0.00487585 -0.00743678
  0.00212274 -0.00000000    0.00487585  0.00743678    0.23290677 -0.00000000
    1    2
  0.05484956 -0.06354893   -0.04061225  0.03637754   -0.13188503 -0.04152019
 -0.04061225  0.03637754    0.07373441 -0.06228182   -0.04061225  0.03637754
 -0.13188503 -0.04152019   -0.04061225  0.03637754    0.05484956 -0.06354893
    2    1
  0.05484956  0.06354893   -0.04061225 -0.03637754   -0.13188503  0.04152019
 -0.04061225 -0.03637754    0.07373441  0.06228182   -0.04061225 -0.03637754
 -0.13188503  0.04152019   -0.04061225 -0.03637754    0.05484956  0.06354893
    2    2
  0.23290677  0.00000000    0.00487585 -0.00743678    0.00212274  0.00000000
  0.00487585  0.00743678    0.28847087 -0.00000000    0.00487585  0.00743678
  0.00212274  0.00000000    0.00487585 -0.00743678    0.23290677  0.00000000

     Dynamical  Matrix in cartesian axes

     q = (   -0.750000000   0.250000000   0.750000000 ) 

    1    1
  0.23290677  0.00000000   -0.00487585  0.00743678   -0.00212274 -0.00000000
 -0.00487585 -0.00743678    0.28847087  0.00000000    0.00487585  0.00743678
 -0.00212274 -0.00000000    0.00487585 -0.00743678    0.23290677  0.00000000
    1    2
 -0.05484956 -0.06354893   -0.04061225 -0.03637754   -0.13188503  0.04152019
 -0.04061225 -0.03637754   -0.07373441 -0.06228182    0.04061225  0.03637754
 -0.13188503  0.04152019    0.04061225  0.03637754   -0.05484956 -0.06354893
    2    1
 -0.05484956  0.06354893   -0.04061225  0.03637754   -0.13188503 -0.04152019
 -0.04061225  0.03637754   -0.07373441  0.06228182    0.04061225 -0.03637754
 -0.13188503 -0.04152019    0.04061225 -0.03637754   -0.05484956  0.06354893
    2    2
  0.23290677 -0.00000000   -0.00487585 -0.00743678   -0.00212274  0.00000000
 -0.00487585  0.00743678    0.28847087  0.00000000    0.00487585 -0.00743678
 -0.00212274  0.00000000    0.00487585  0.00743678    0.23290677 -0.00000000

     Dynamical  Matrix in cartesian axes

     q = (    0.750000000   0.250000000  -0.750000000 ) 

    1    1
  0.23290677  0.00000000    0.00487585 -0.00743678   -0.00212274 -0.00000000
  0.00487585  0.00743678    0.28847087 -0.00000000   -0.00487585 -0.00743678
 -0.00212274 -0.00000000   -0.00487585  0.00743678    0.23290677  0.00000000
    1    2
 -0.05484956 -0.06354893    0.04061225  0.03637754   -0.13188503  0.04152019
  0.04061225  0.03637754   -0.07373441 -0.06228182   -0.04061225 -0.03637754
 -0.13188503  0.04152019   -0.04061225 -0.03637754   -0.05484956 -0.06354893
    2    1
 -0.05484956  0.06354893    0.04061225 -0.03637754   -0.13188503 -0.04152019
  0.04061225 -0.03637754   -0.07373441  0.06228182   -0.04061225  0.03637754
 -0.13188503 -0.04152019   -0.04061225  0.03637754   -0.05484956  0.06354893
    2    2
  0.23290677 -0.00000000    0.00487585  0.00743678   -0.00212274  0.00000000
  0.00487585 -0.00743678    0.28847087  0.00000000   -0.00487585  0.00743678
 -0.00212274  0.00000000   -0.00487585 -0.00743678    0.23290677 -0.00000000

     Dynamical  Matrix in cartesian axes

     q = (   -0.750000000   0.750000000   0.250000000 ) 

    1    1
  0.23290677  0.00000000   -0.00212274 -0.00000000   -0.00487585  0.00743678
 -0.00212274 -0.00000000    0.23290677  0.00000000    0.00487585 -0.00743678
 -0.00487585 -0.00743678    0.00487585  0.00743678    0.28847087 -0.00000000
    1    2
 -0.05484956 -0.06354893   -0.13188503  0.04152019   -0.04061225 -0.03637754
 -0.13188503  0.04152019   -0.05484956 -0.06354893    0.04061225  0.03637754
 -0.04061225 -0.03637754    0.04061225  0.03637754   -0.07373441 -0.06228182
    2    1
 -0.05484956  0.06354893   -0.13188503 -0.04152019   -0.04061225  0.03637754
 -0.13188503 -0.04152019   -0.05484956  0.06354893    0.04061225 -0.03637754
 -0.04061225  0.03637754    0.04061225 -0.03637754   -0.07373441  0.06228182
    2    2
  0.23290677 -0.00000000   -0.00212274  0.00000000   -0.00487585 -0.00743678
 -0.00212274  0.00000000    0.23290677 -0.00000000    0.00487585  0.00743678
 -0.00487585  0.00743678    0.00487585 -0.00743678    0.28847087  0.00000000

     Dynamical  Matrix in cartesian axes

     q = (   -0.250000000   0.750000000   0.750000000 ) 

    1    1
  0.28847087 -0.00000000   -0.00487585 -0.00743678   -0.00487585 -0.00743678
 -0.00487585  0.00743678    0.23290677  0.00000000    0.00212274 -0.00000000
 -0.00487585  0.00743678    0.00212274  0.00000000    0.23290677  0.00000000
    1    2
 -0.06228182  0.07373441   -0.03637754  0.04061225   -0.03637754  0.04061225
 -0.03637754  0.04061225   -0.06354893  0.05484956   -0.04152019 -0.13188503
 -0.03637754  0.04061225   -0.04152019 -0.13188503   -0.06354893  0.05484956
    2    1
 -0.06228182 -0.07373441   -0.03637754 -0.04061225   -0.03637754 -0.04061225
 -0.03637754 -0.04061225   -0.06354893 -0.05484956   -0.04152019  0.13188503
 -0.03637754 -0.04061225   -0.04152019  0.13188503   -0.06354893 -0.05484956
    2    2
  0.28847087  0.00000000   -0.00487585  0.00743678   -0.00487585  0.00743678
 -0.00487585 -0.00743678    0.23290677 -0.00000000    0.00212274  0.00000000
 -0.00487585 -0.00743678    0.00212274 -0.00000000    0.23290677 -0.00000000

     Dynamical  Matrix in cartesian axes

     q = (    0.250000000   0.750000000  -0.750000000 ) 

    1    1
  0.28847087 -0.00000000    0.00487585  0.00743678   -0.00487585 -0.00743678
  0.00487585 -0.00743678    0.23290677  0.00000000   -0.00212274 -0.00000000
 -0.00487585  0.00743678   -0.00212274 -0.00000000    0.23290677  0.00000000
    1    2
 -0.07373441 -0.06228182    0.04061225  0.03637754   -0.04061225 -0.03637754
  0.04061225  0.03637754   -0.05484956 -0.06354893   -0.13188503  0.04152019
 -0.04061225 -0.03637754   -0.13188503  0.04152019   -0.05484956 -0.06354893
    2    1
 -0.07373441  0.06228182    0.04061225 -0.03637754   -0.04061225  0.03637754
  0.04061225 -0.03637754   -0.05484956  0.06354893   -0.13188503 -0.04152019
 -0.04061225  0.03637754   -0.13188503 -0.04152019   -0.05484956  0.06354893
    2    2
  0.28847087  0.00000000    0.00487585 -0.00743678   -0.00487585  0.00743678
  0.00487585  0.00743678    0.23290677 -0.00000000   -0.00212274  0.00000000
 -0.00487585 -0.00743678   -0.00212274  0.00000000    0.23290677 -0.00000000

     Dynamical  Matrix in cartesian axes

     q = (   -0.250000000  -0.750000000  -0.750000000 ) 

    1    1
  0.28847087 -0.00000000    0.00487585  0.00743678    0.00487585  0.00743678
  0.00487585 -0.00743678    0.23290677  0.00000000    0.00212274  0.00000000
  0.00487585 -0.00743678    0.00212274 -0.00000000    0.23290677  0.00000000
    1    2
  0.07373441  0.06228182   -0.04061225 -0.03637754   -0.04061225 -0.03637754
 -0.04061225 -0.03637754    0.05484956  0.06354893   -0.13188503  0.04152019
 -0.04061225 -0.03637754   -0.13188503  0.04152019    0.05484956  0.06354893
    2    1
  0.07373441 -0.06228182   -0.04061225  0.03637754   -0.04061225  0.03637754
 -0.04061225  0.03637754    0.05484956 -0.06354893   -0.13188503 -0.04152019
 -0.04061225  0.03637754   -0.13188503 -0.04152019    0.05484956 -0.06354893
    2    2
  0.28847087  0.00000000    0.00487585 -0.00743678    0.00487585 -0.00743678
  0.00487585  0.00743678    0.23290677 -0.00000000    0.00212274 -0.00000000
  0.00487585  0.00743678    0.00212274  0.00000000    0.23290677 -0.00000000

     Dynamical  Matrix in cartesian axes

     q = (    0.750000000   0.750000000  -0.250000000 ) 

    1    1
  0.23290677  0.00000000    0.00212274  0.00000000   -0.00487585  0.00743678
  0.00212274  0.00000000    0.23290677  0.00000000   -0.00487585  0.00743678
 -0.00487585 -0.00743678   -0.00487585 -0.00743678    0.28847087 -0.00000000
    1    2
 -0.06354893  0.05484956   -0.04152019 -0.13188503   -0.03637754  0.04061225
 -0.04152019 -0.13188503   -0.06354893  0.05484956   -0.03637754  0.04061225
 -0.03637754  0.04061225   -0.03637754  0.04061225   -0.06228182  0.07373441
    2    1
 -0.06354893 -0.05484956   -0.04152019  0.13188503   -0.03637754 -0.04061225
 -0.04152019  0.13188503   -0.06354893 -0.05484956   -0.03637754 -0.04061225
 -0.03637754 -0.04061225   -0.03637754 -0.04061225   -0.06228182 -0.07373441
    2    2
  0.23290677 -0.00000000    0.00212274 -0.00000000   -0.00487585 -0.00743678
  0.00212274 -0.00000000    0.23290677 -0.00000000   -0.00487585 -0.00743678
 -0.00487585  0.00743678   -0.00487585  0.00743678    0.28847087  0.00000000

     Dynamical  Matrix in cartesian axes

     q = (    0.750000000  -0.750000000   0.250000000 ) 

    1    1
  0.23290677  0.00000000   -0.00212274 -0.00000000    0.00487585 -0.00743678
 -0.00212274 -0.00000000    0.23290677  0.00000000   -0.00487585  0.00743678
  0.00487585  0.00743678   -0.00487585 -0.00743678    0.28847087 -0.00000000
    1    2
 -0.05484956 -0.06354893   -0.13188503  0.04152019    0.04061225  0.03637754
 -0.13188503  0.04152019   -0.05484956 -0.06354893   -0.04061225 -0.03637754
  0.04061225  0.03637754   -0.04061225 -0.03637754   -0.07373441 -0.06228182
    2    1
 -0.05484956  0.06354893   -0.13188503 -0.04152019    0.04061225 -0.03637754
 -0.13188503 -0.04152019   -0.05484956  0.06354893   -0.04061225  0.03637754
  0.04061225 -0.03637754   -0.04061225  0.03637754   -0.07373441  0.06228182
    2    2
  0.23290677 -0.00000000   -0.00212274  0.00000000    0.00487585  0.00743678
 -0.00212274  0.00000000    0.23290677 -0.00000000   -0.00487585 -0.00743678
  0.00487585 -0.00743678   -0.00487585  0.00743678    0.28847087  0.00000000

     Dynamical  Matrix in cartesian axes

     q = (   -0.750000000  -0.750000000  -0.250000000 ) 

    1    1
  0.23290677  0.00000000    0.00212274  0.00000000    0.00487585 -0.00743678
  0.00212274  0.00000000    0.23290677  0.00000000    0.00487585 -0.00743678
  0.00487585  0.00743678    0.00487585  0.00743678    0.28847087 -0.00000000
    1    2
  0.05484956  0.06354893   -0.13188503  0.04152019   -0.04061225 -0.03637754
 -0.13188503  0.04152019    0.05484956  0.06354893   -0.04061225 -0.03637754
 -0.04061225 -0.03637754   -0.04061225 -0.03637754    0.07373441  0.06228182
    2    1
  0.05484956 -0.06354893   -0.13188503 -0.04152019   -0.04061225  0.03637754
 -0.13188503 -0.04152019    0.05484956 -0.06354893   -0.04061225  0.03637754
 -0.04061225  0.03637754   -0.04061225  0.03637754    0.07373441 -0.06228182
    2    2
  0.23290677 -0.00000000    0.00212274 -0.00000000    0.00487585  0.00743678
  0.00212274 -0.00000000    0.23290677 -0.00000000    0.00487585  0.00743678
  0.00487585 -0.00743678    0.00487585 -0.00743678    0.28847087  0.00000000

     Dynamical  Matrix in cartesian axes

     q = (    0.250000000  -0.750000000   0.750000000 ) 

    1    1
  0.28847087 -0.00000000   -0.00487585 -0.00743678    0.00487585  0.00743678
 -0.00487585  0.00743678    0.23290677  0.00000000   -0.00212274 -0.00000000
  0.00487585 -0.00743678   -0.00212274 -0.00000000    0.23290677  0.00000000
    1    2
 -0.07373441 -0.06228182   -0.04061225 -0.03637754    0.04061225  0.03637754
 -0.04061225 -0.03637754   -0.05484956 -0.06354893   -0.13188503  0.04152019
  0.04061225  0.03637754   -0.13188503  0.04152019   -0.05484956 -0.06354893
    2    1
 -0.07373441  0.06228182   -0.04061225  0.03637754    0.04061225 -0.03637754
 -0.04061225  0.03637754   -0.05484956  0.06354893   -0.13188503 -0.04152019
  0.04061225 -0.03637754   -0.13188503 -0.04152019   -0.05484956  0.06354893
    2    2
  0.28847087  0.00000000   -0.00487585  0.00743678    0.00487585 -0.00743678
 -0.00487585 -0.00743678    0.23290677 -0.00000000   -0.00212274  0.00000000
  0.00487585  0.00743678   -0.00212274  0.00000000    0.23290677 -0.00000000

     Dynamical  Matrix in cartesian axes

     q = (   -0.750000000  -0.750000000   0.250000000 ) 

    1    1
  0.23290677 -0.00000000    0.00212274 -0.00000000   -0.00487585 -0.00743678
  0.00212274 -0.00000000    0.23290677 -0.00000000   -0.00487585 -0.00743678
 -0.00487585  0.00743678   -0.00487585  0.00743678    0.28847087  0.00000000
    1    2
 -0.06354893 -0.05484956   -0.04152019  0.13188503   -0.03637754 -0.04061225
 -0.04152019  0.13188503   -0.06354893 -0.05484956   -0.03637754 -0.04061225
 -0.03637754 -0.04061225   -0.03637754 -0.04061225   -0.06228182 -0.07373441
    2    1
 -0.06354893  0.05484956   -0.04152019 -0.13188503   -0.03637754  0.04061225
 -0.04152019 -0.13188503   -0.06354893  0.05484956   -0.03637754  0.04061225
 -0.03637754  0.04061225   -0.03637754  0.04061225   -0.06228182  0.07373441
    2    2
  0.23290677  0.00000000    0.00212274  0.00000000   -0.00487585  0.00743678
  0.00212274  0.00000000    0.23290677  0.00000000   -0.00487585  0.00743678
 -0.00487585 -0.00743678   -0.00487585 -0.00743678    0.28847087 -0.00000000

     Dynamical  Matrix in cartesian axes

     q = (    0.250000000   0.750000000   0.750000000 ) 

    1    1
  0.28847087  0.00000000    0.00487585 -0.00743678    0.00487585 -0.00743678
  0.00487585  0.00743678    0.23290677 -0.00000000    0.00212274 -0.00000000
  0.00487585  0.00743678    0.00212274  0.00000000    0.23290677 -0.00000000
    1    2
  0.07373441 -0.06228182   -0.04061225  0.03637754   -0.04061225  0.03637754
 -0.04061225  0.03637754    0.05484956 -0.06354893   -0.13188503 -0.04152019
 -0.04061225  0.03637754   -0.13188503 -0.04152019    0.05484956 -0.06354893
    2    1
  0.07373441  0.06228182   -0.04061225 -0.03637754   -0.04061225 -0.03637754
 -0.04061225 -0.03637754    0.05484956  0.06354893   -0.13188503  0.04152019
 -0.04061225 -0.03637754   -0.13188503  0.04152019    0.05484956  0.06354893
    2    2
  0.28847087 -0.00000000    0.00487585  0.00743678    0.00487585  0.00743678
  0.00487585 -0.00743678    0.23290677  0.00000000    0.00212274  0.00000000
  0.00487585 -0.00743678    0.00212274 -0.00000000    0.23290677  0.00000000

     Dynamical  Matrix in cartesian axes

     q = (   -0.250000000  -0.750000000   0.750000000 ) 

    1    1
  0.28847087  0.00000000    0.00487585 -0.00743678   -0.00487585  0.00743678
  0.00487585  0.00743678    0.23290677 -0.00000000   -0.00212274  0.00000000
 -0.00487585 -0.00743678   -0.00212274  0.00000000    0.23290677 -0.00000000
    1    2
 -0.07373441  0.06228182    0.04061225 -0.03637754   -0.04061225  0.03637754
  0.04061225 -0.03637754   -0.05484956  0.06354893   -0.13188503 -0.04152019
 -0.04061225  0.03637754   -0.13188503 -0.04152019   -0.05484956  0.06354893
    2    1
 -0.07373441 -0.06228182    0.04061225  0.03637754   -0.04061225 -0.03637754
  0.04061225  0.03637754   -0.05484956 -0.06354893   -0.13188503  0.04152019
 -0.04061225 -0.03637754   -0.13188503  0.04152019   -0.05484956 -0.06354893
    2    2
  0.28847087 -0.00000000    0.00487585  0.00743678   -0.00487585 -0.00743678
  0.00487585 -0.00743678    0.23290677  0.00000000   -0.00212274 -0.00000000
 -0.00487585  0.00743678   -0.00212274 -0.00000000    0.23290677  0.00000000

     Dynamical  Matrix in cartesian axes

     q = (    0.750000000   0.750000000   0.250000000 ) 

    1    1
  0.23290677 -0.00000000    0.00212274 -0.00000000    0.00487585  0.00743678
  0.00212274 -0.00000000    0.23290677 -0.00000000    0.00487585  0.00743678
  0.00487585 -0.00743678    0.00487585 -0.00743678    0.28847087  0.00000000
    1    2
  0.05484956 -0.06354893   -0.13188503 -0.04152019   -0.04061225  0.03637754
 -0.13188503 -0.04152019    0.05484956 -0.06354893   -0.04061225  0.03637754
 -0.04061225  0.03637754   -0.04061225  0.03637754    0.07373441 -0.06228182
    2    1
  0.05484956  0.06354893   -0.13188503  0.04152019   -0.04061225 -0.03637754
 -0.13188503  0.04152019    0.05484956  0.06354893   -0.04061225 -0.03637754
 -0.04061225 -0.03637754   -0.04061225 -0.03637754    0.07373441  0.06228182
    2    2
  0.23290677  0.00000000    0.00212274  0.00000000    0.00487585 -0.00743678
  0.00212274  0.00000000    0.23290677  0.00000000    0.00487585 -0.00743678
  0.00487585  0.00743678    0.00487585  0.00743678    0.28847087 -0.00000000

     Dynamical  Matrix in cartesian axes

     q = (    0.250000000  -0.750000000  -0.750000000 ) 

    1    1
  0.28847087  0.00000000   -0.00487585  0.00743678   -0.00487585  0.00743678
 -0.00487585 -0.00743678    0.23290677 -0.00000000    0.00212274  0.00000000
 -0.00487585 -0.00743678    0.00212274 -0.00000000    0.23290677 -0.00000000
    1    2
 -0.06228182 -0.07373441   -0.03637754 -0.04061225   -0.03637754 -0.04061225
 -0.03637754 -0.04061225   -0.06354893 -0.05484956   -0.04152019  0.13188503
 -0.03637754 -0.04061225   -0.04152019  0.13188503   -0.06354893 -0.05484956
    2    1
 -0.06228182  0.07373441   -0.03637754  0.04061225   -0.03637754  0.04061225
 -0.03637754  0.04061225   -0.06354893  0.05484956   -0.04152019 -0.13188503
 -0.03637754  0.04061225   -0.04152019 -0.13188503   -0.06354893  0.05484956
    2    2
  0.28847087 -0.00000000   -0.00487585 -0.00743678   -0.00487585 -0.00743678
 -0.00487585  0.00743678    0.23290677  0.00000000    0.00212274 -0.00000000
 -0.00487585  0.00743678    0.00212274  0.00000000    0.23290677  0.00000000

     Dynamical  Matrix in cartesian axes

     q = (    0.750000000  -0.750000000  -0.250000000 ) 

    1    1
  0.23290677 -0.00000000   -0.00212274  0.00000000   -0.00487585 -0.00743678
 -0.00212274  0.00000000    0.23290677 -0.00000000    0.00487585  0.00743678
 -0.00487585  0.00743678    0.00487585 -0.00743678    0.28847087  0.00000000
    1    2
 -0.05484956  0.06354893   -0.13188503 -0.04152019   -0.04061225  0.03637754
 -0.13188503 -0.04152019   -0.05484956  0.06354893    0.04061225 -0.03637754
 -0.04061225  0.03637754    0.04061225 -0.03637754   -0.07373441  0.06228182
    2    1
 -0.05484956 -0.06354893   -0.13188503  0.04152019   -0.04061225 -0.03637754
 -0.13188503  0.04152019   -0.05484956 -0.06354893    0.04061225  0.03637754
 -0.04061225 -0.03637754    0.04061225  0.03637754   -0.07373441 -0.06228182
    2    2
  0.23290677  0.00000000   -0.00212274 -0.00000000   -0.00487585  0.00743678
 -0.00212274 -0.00000000    0.23290677  0.00000000    0.00487585 -0.00743678
 -0.00487585 -0.00743678    0.00487585  0.00743678    0.28847087 -0.00000000

     Diagonalizing the dynamical matrix

     q = (    0.750000000  -0.250000000   0.750000000 ) 

 **************************************************************************
     freq (    1) =       4.251639 [THz] =     141.819415 [cm-1]
 (  0.058578 -0.496557  0.000000  0.000000 -0.058578  0.496557 ) 
 (  0.500000  0.000000 -0.000000  0.000000 -0.500000  0.000000 ) 
     freq (    2) =       5.521655 [THz] =     184.182592 [cm-1]
 ( -0.398268 -0.195006 -0.299389  0.130677 -0.398268 -0.195006 ) 
 ( -0.443447 -0.000000 -0.211422 -0.249020 -0.443447  0.000000 ) 
     freq (    3) =       9.024050 [THz] =     301.009915 [cm-1]
 (  0.129630 -0.247478  0.394157  0.434214  0.129630 -0.247478 ) 
 ( -0.279373  0.000000  0.201750  0.550634 -0.279373  0.000000 ) 
     freq (    4) =      11.956387 [THz] =     398.822148 [cm-1]
 (  0.115009  0.312689 -0.415607 -0.324450  0.115009  0.312689 ) 
 ( -0.333169 -0.000000  0.447973  0.278061 -0.333169  0.000000 ) 
     freq (    5) =      13.306853 [THz] =     443.868839 [cm-1]
 (  0.058578 -0.496557  0.000000 -0.000000 -0.058578  0.496557 ) 
 ( -0.500000 -0.000000  0.000000 -0.000000  0.500000  0.000000 ) 
     freq (    6) =      13.703633 [THz] =     457.104004 [cm-1]
 ( -0.301926 -0.152135 -0.476541  0.210475 -0.301926 -0.152135 ) 
 (  0.338089  0.000000  0.330858  0.402398  0.338089 -0.000000 ) 
 **************************************************************************
