Dynamical matrix file
                                                                           
  1    2  2 10.3350000  0.0000000  0.0000000  0.0000000  0.0000000  0.0000000
           1  'Si  '    25598.822984527003     
    1    1      0.0000000000      0.0000000000      0.0000000000
    2    1      0.2500000000      0.2500000000      0.2500000000

     Dynamical  Matrix in cartesian axes

     q = (   -0.250000000   0.250000000  -0.250000000 ) 

    1    1
  0.26938813  0.00000000   -0.01092457  0.00000000    0.01092457  0.00000000
 -0.01092457  0.00000000    0.26938813  0.00000000   -0.01092457  0.00000000
  0.01092457  0.00000000   -0.01092457  0.00000000    0.26938813  0.00000000
    1    2
 -0.19375079 -0.05568014   -0.03675220  0.03747771    0.03675220 -0.03747771
 -0.03675220  0.03747771   -0.19375079 -0.05568014   -0.03675220  0.03747771
  0.03675220 -0.03747771   -0.03675220  0.03747771   -0.19375079 -0.05568014
    2    1
 -0.19375079  0.05568014   -0.03675220 -0.03747771    0.03675220  0.03747771
 -0.03675220 -0.03747771   -0.19375079  0.05568014   -0.03675220 -0.03747771
  0.03675220  0.03747771   -0.03675220 -0.03747771   -0.19375079  0.05568014
    2    2
  0.26938813  0.00000000   -0.01092457  0.00000000    0.01092457  0.00000000
 -0.01092457  0.00000000    0.26938813  0.00000000   -0.01092457  0.00000000
  0.01092457  0.00000000   -0.01092457  0.00000000    0.26938813  0.00000000

     Dynamical  Matrix in cartesian axes

     q = (    0.250000000  -0.250000000  -0.250000000 ) 

    1    1
  0.26938813  0.00000000   -0.01092457  0.00000000   -0.01092457  0.00000000
 -0.01092457  0.00000000    0.26938813  0.00000000    0.01092457  0.00000000
 -0.01092457  0.00000000    0.01092457  0.00000000    0.26938813  0.00000000
    1    2
 -0.19375079 -0.05568014   -0.03675220  0.03747771   -0.03675220  0.03747771
 -0.03675220  0.03747771   -0.19375079 -0.05568014    0.03675220 -0.03747771
 -0.03675220  0.03747771    0.03675220 -0.03747771   -0.19375079 -0.05568014
    2    1
 -0.19375079  0.05568014   -0.03675220 -0.03747771   -0.03675220 -0.03747771
 -0.03675220 -0.03747771   -0.19375079  0.05568014    0.03675220  0.03747771
 -0.03675220 -0.03747771    0.03675220  0.03747771   -0.19375079  0.05568014
    2    2
  0.26938813  0.00000000   -0.01092457  0.00000000   -0.01092457  0.00000000
 -0.01092457  0.00000000    0.26938813  0.00000000    0.01092457  0.00000000
 -0.01092457  0.00000000    0.01092457  0.00000000    0.26938813  0.00000000

     Dynamical  Matrix in cartesian axes

     q = (    0.250000000  -0.250000000   0.250000000 ) 

    1    1
  0.26938813  0.00000000   -0.01092457  0.00000000    0.01092457  0.00000000
 -0.01092457  0.00000000    0.26938813  0.00000000   -0.01092457  0.00000000
  0.01092457  0.00000000   -0.01092457  0.00000000    0.26938813  0.00000000
    1    2
 -0.19375079  0.05568014   -0.03675220 -0.03747771    0.03675220  0.03747771
 -0.03675220 -0.03747771   -0.19375079  0.05568014   -0.03675220 -0.03747771
  0.03675220  0.03747771   -0.03675220 -0.03747771   -0.19375079  0.05568014
    2    1
 -0.19375079 -0.05568014   -0.03675220  0.03747771    0.03675220 -0.03747771
 -0.03675220  0.03747771   -0.19375079 -0.05568014   -0.03675220  0.03747771
  0.03675220 -0.03747771   -0.03675220  0.03747771   -0.19375079 -0.05568014
    2    2
  0.26938813  0.00000000   -0.01092457  0.00000000    0.01092457  0.00000000
 -0.01092457  0.00000000    0.26938813  0.00000000   -0.01092457  0.00000000
  0.01092457  0.00000000   -0.01092457  0.00000000    0.26938813  0.00000000

     Dynamical  Matrix in cartesian axes

     q = (    0.250000000   0.250000000   0.250000000 ) 

    1    1
  0.26938813  0.00000000    0.01092457  0.00000000    0.01092457  0.00000000
  0.01092457  0.00000000    0.26938813  0.00000000    0.01092457  0.00000000
  0.01092457  0.00000000    0.01092457  0.00000000    0.26938813  0.00000000
    1    2
 -0.05568014  0.19375079   -0.03747771 -0.03675220   -0.03747771 -0.03675220
 -0.03747771 -0.03675220   -0.05568014  0.19375079   -0.03747771 -0.03675220
 -0.03747771 -0.03675220   -0.03747771 -0.03675220   -0.05568014  0.19375079
    2    1
 -0.05568014 -0.19375079   -0.03747771  0.03675220   -0.03747771  0.03675220
 -0.03747771  0.03675220   -0.05568014 -0.19375079   -0.03747771  0.03675220
 -0.03747771  0.03675220   -0.03747771  0.03675220   -0.05568014 -0.19375079
    2    2
  0.26938813  0.00000000    0.01092457  0.00000000    0.01092457  0.00000000
  0.01092457  0.00000000    0.26938813  0.00000000    0.01092457  0.00000000
  0.01092457  0.00000000    0.01092457  0.00000000    0.26938813  0.00000000

     Dynamical  Matrix in cartesian axes

     q = (   -0.250000000  -0.250000000  -0.250000000 ) 

    1    1
  0.26938813  0.00000000    0.01092457  0.00000000    0.01092457  0.00000000
  0.01092457  0.00000000    0.26938813  0.00000000    0.01092457  0.00000000
  0.01092457  0.00000000    0.01092457  0.00000000    0.26938813  0.00000000
    1    2
 -0.05568014 -0.19375079   -0.03747771  0.03675220   -0.03747771  0.03675220
 -0.03747771  0.03675220   -0.05568014 -0.19375079   -0.03747771  0.03675220
 -0.03747771  0.03675220   -0.03747771  0.03675220   -0.05568014 -0.19375079
    2    1
 -0.05568014  0.19375079   -0.03747771 -0.03675220   -0.03747771 -0.03675220
 -0.03747771 -0.03675220   -0.05568014  0.19375079   -0.03747771 -0.03675220
 -0.03747771 -0.03675220   -0.03747771 -0.03675220   -0.05568014  0.19375079
    2    2
  0.26938813  0.00000000    0.01092457  0.00000000    0.01092457  0.00000000
  0.01092457  0.00000000    0.26938813  0.00000000    0.01092457  0.00000000
  0.01092457  0.00000000    0.01092457  0.00000000    0.26938813  0.00000000

     Dynamical  Matrix in cartesian axes

     q = (   -0.250000000  -0.250000000   0.250000000 ) 

    1    1
  0.26938813  0.00000000    0.01092457  0.00000000   -0.01092457  0.00000000
  0.01092457  0.00000000    0.26938813  0.00000000   -0.01092457  0.00000000
 -0.01092457  0.00000000   -0.01092457  0.00000000    0.26938813  0.00000000
    1    2
 -0.19375079 -0.05568014    0.03675220 -0.03747771   -0.03675220  0.03747771
  0.03675220 -0.03747771   -0.19375079 -0.05568014   -0.03675220  0.03747771
 -0.03675220  0.03747771   -0.03675220  0.03747771   -0.19375079 -0.05568014
    2    1
 -0.19375079  0.05568014    0.03675220  0.03747771   -0.03675220 -0.03747771
  0.03675220  0.03747771   -0.19375079  0.05568014   -0.03675220 -0.03747771
 -0.03675220 -0.03747771   -0.03675220 -0.03747771   -0.19375079  0.05568014
    2    2
  0.26938813  0.00000000    0.01092457  0.00000000   -0.01092457  0.00000000
  0.01092457  0.00000000    0.26938813  0.00000000   -0.01092457  0.00000000
 -0.01092457  0.00000000   -0.01092457  0.00000000    0.26938813  0.00000000

     Dynamical  Matrix in cartesian axes

     q = (   -0.250000000   0.250000000   0.250000000 ) 

    1    1
  0.26938813  0.00000000   -0.01092457  0.00000000   -0.01092457  0.00000000
 -0.01092457  0.00000000    0.26938813  0.00000000    0.01092457  0.00000000
 -0.01092457  0.00000000    0.01092457  0.00000000    0.26938813  0.00000000
    1    2
 -0.19375079  0.05568014   -0.03675220 -0.03747771   -0.03675220 -0.03747771
 -0.03675220 -0.03747771   -0.19375079  0.05568014    0.03675220  0.03747771
 -0.03675220 -0.03747771    0.03675220  0.03747771   -0.19375079  0.05568014
    2    1
 -0.19375079 -0.05568014   -0.03675220  0.03747771   -0.03675220  0.03747771
 -0.03675220  0.03747771   -0.19375079 -0.05568014    0.03675220 -0.03747771
 -0.03675220  0.03747771    0.03675220 -0.03747771   -0.19375079 -0.05568014
    2    2
  0.26938813  0.00000000   -0.01092457  0.00000000   -0.01092457  0.00000000
 -0.01092457  0.00000000    0.26938813  0.00000000    0.01092457  0.00000000
 -0.01092457  0.00000000    0.01092457  0.00000000    0.26938813  0.00000000

     Dynamical  Matrix in cartesian axes

     q = (    0.250000000   0.250000000  -0.250000000 ) 

    1    1
  0.26938813  0.00000000    0.01092457  0.00000000   -0.01092457  0.00000000
  0.01092457  0.00000000    0.26938813  0.00000000   -0.01092457  0.00000000
 -0.01092457  0.00000000   -0.01092457  0.00000000    0.26938813  0.00000000
    1    2
 -0.19375079  0.05568014    0.03675220  0.03747771   -0.03675220 -0.03747771
  0.03675220  0.03747771   -0.19375079  0.05568014   -0.03675220 -0.03747771
 -0.03675220 -0.03747771   -0.03675220 -0.03747771   -0.19375079  0.05568014
    2    1
 -0.19375079 -0.05568014    0.03675220 -0.03747771   -0.03675220  0.03747771
  0.03675220 -0.03747771   -0.19375079 -0.05568014   -0.03675220  0.03747771
 -0.03675220  0.03747771   -0.03675220  0.03747771   -0.19375079 -0.05568014
    2    2
  0.26938813  0.00000000    0.01092457  0.00000000   -0.01092457  0.00000000
  0.01092457  0.00000000    0.26938813  0.00000000   -0.01092457  0.00000000
 -0.01092457  0.00000000   -0.01092457  0.00000000    0.26938813  0.00000000

     Diagonalizing the dynamical matrix

     q = (   -0.250000000   0.250000000  -0.250000000 ) 

 **************************************************************************
     freq (    1) =       3.393847 [THz] =     113.206563 [cm-1]
 ( -0.556484 -0.027154 -0.409342 -0.015534  0.147142  0.011620 ) 
 ( -0.556895  0.016739 -0.409294  0.016739  0.147601  0.000000 ) 
     freq (    2) =       3.393847 [THz] =     113.206563 [cm-1]
 ( -0.150515 -0.016326  0.405917  0.027614  0.556432  0.043941 ) 
 ( -0.151333 -0.004426  0.406831 -0.004426  0.558164  0.000000 ) 
     freq (    3) =       6.932924 [THz] =     231.257445 [cm-1]
 ( -0.276484 -0.300372  0.276484  0.300372 -0.276484 -0.300372 ) 
 ( -0.408248 -0.000000  0.408248 -0.000000 -0.408248  0.000000 ) 
     freq (    4) =      14.078424 [THz] =     469.605668 [cm-1]
 (  0.276484  0.300372 -0.276484 -0.300372  0.276484  0.300372 ) 
 ( -0.408248 -0.000000  0.408248  0.000000 -0.408248  0.000000 ) 
     freq (    5) =      14.388750 [THz] =     479.957033 [cm-1]
 (  0.287790  0.022677 -0.287768 -0.022774 -0.575558 -0.045451 ) 
 ( -0.288682  0.000049  0.288668  0.000049  0.577350  0.000000 ) 
     freq (    6) =      14.388750 [THz] =     479.957033 [cm-1]
 ( -0.108869  0.488000 -0.108925  0.487995 -0.000057 -0.000004 ) 
 (  0.070114 -0.495056  0.070171 -0.495056  0.000057  0.000000 ) 
 **************************************************************************
