Dynamical matrix file
                                                                           
  1    2  2 10.3460000  0.0000000  0.0000000  0.0000000  0.0000000  0.0000000
           1  'Si  '    25598.822984527003     
    1    1      0.0000000000      0.0000000000      0.0000000000
    2    1      0.2500000000      0.2500000000      0.2500000000

     Dynamical  Matrix in cartesian axes

     q = (   -0.250000000   0.250000000  -0.250000000 ) 

    1    1
  0.26722853  0.00000000   -0.01165176  0.00000000    0.01165176  0.00000000
 -0.01165176  0.00000000    0.26722853  0.00000000   -0.01165176  0.00000000
  0.01165176  0.00000000   -0.01165176  0.00000000    0.26722853  0.00000000
    1    2
 -0.19905968 -0.05771298   -0.03734146  0.03906997    0.03734146 -0.03906997
 -0.03734146  0.03906997   -0.19905968 -0.05771298   -0.03734146  0.03906997
  0.03734146 -0.03906997   -0.03734146  0.03906997   -0.19905968 -0.05771298
    2    1
 -0.19905968  0.05771298   -0.03734146 -0.03906997    0.03734146  0.03906997
 -0.03734146 -0.03906997   -0.19905968  0.05771298   -0.03734146 -0.03906997
  0.03734146  0.03906997   -0.03734146 -0.03906997   -0.19905968  0.05771298
    2    2
  0.26722853  0.00000000   -0.01165176  0.00000000    0.01165176  0.00000000
 -0.01165176  0.00000000    0.26722853  0.00000000   -0.01165176  0.00000000
  0.01165176  0.00000000   -0.01165176  0.00000000    0.26722853  0.00000000

     Dynamical  Matrix in cartesian axes

     q = (    0.250000000  -0.250000000  -0.250000000 ) 

    1    1
  0.26722853  0.00000000   -0.01165176  0.00000000   -0.01165176  0.00000000
 -0.01165176  0.00000000    0.26722853  0.00000000    0.01165176  0.00000000
 -0.01165176  0.00000000    0.01165176  0.00000000    0.26722853  0.00000000
    1    2
 -0.19905968 -0.05771298   -0.03734146  0.03906997   -0.03734146  0.03906997
 -0.03734146  0.03906997   -0.19905968 -0.05771298    0.03734146 -0.03906997
 -0.03734146  0.03906997    0.03734146 -0.03906997   -0.19905968 -0.05771298
    2    1
 -0.19905968  0.05771298   -0.03734146 -0.03906997   -0.03734146 -0.03906997
 -0.03734146 -0.03906997   -0.19905968  0.05771298    0.03734146  0.03906997
 -0.03734146 -0.03906997    0.03734146  0.03906997   -0.19905968  0.05771298
    2    2
  0.26722853  0.00000000   -0.01165176  0.00000000   -0.01165176  0.00000000
 -0.01165176  0.00000000    0.26722853  0.00000000    0.01165176  0.00000000
 -0.01165176  0.00000000    0.01165176  0.00000000    0.26722853  0.00000000

     Dynamical  Matrix in cartesian axes

     q = (    0.250000000  -0.250000000   0.250000000 ) 

    1    1
  0.26722853  0.00000000   -0.01165176  0.00000000    0.01165176  0.00000000
 -0.01165176  0.00000000    0.26722853  0.00000000   -0.01165176  0.00000000
  0.01165176  0.00000000   -0.01165176  0.00000000    0.26722853  0.00000000
    1    2
 -0.19905968  0.05771298   -0.03734146 -0.03906997    0.03734146  0.03906997
 -0.03734146 -0.03906997   -0.19905968  0.05771298   -0.03734146 -0.03906997
  0.03734146  0.03906997   -0.03734146 -0.03906997   -0.19905968  0.05771298
    2    1
 -0.19905968 -0.05771298   -0.03734146  0.03906997    0.03734146 -0.03906997
 -0.03734146  0.03906997   -0.19905968 -0.05771298   -0.03734146  0.03906997
  0.03734146 -0.03906997   -0.03734146  0.03906997   -0.19905968 -0.05771298
    2    2
  0.26722853  0.00000000   -0.01165176  0.00000000    0.01165176  0.00000000
 -0.01165176  0.00000000    0.26722853  0.00000000   -0.01165176  0.00000000
  0.01165176  0.00000000   -0.01165176  0.00000000    0.26722853  0.00000000

     Dynamical  Matrix in cartesian axes

     q = (    0.250000000   0.250000000   0.250000000 ) 

    1    1
  0.26722853  0.00000000    0.01165176  0.00000000    0.01165176  0.00000000
  0.01165176  0.00000000    0.26722853  0.00000000    0.01165176  0.00000000
  0.01165176  0.00000000    0.01165176  0.00000000    0.26722853  0.00000000
    1    2
 -0.05771298  0.19905968   -0.03906997 -0.03734146   -0.03906997 -0.03734146
 -0.03906997 -0.03734146   -0.05771298  0.19905968   -0.03906997 -0.03734146
 -0.03906997 -0.03734146   -0.03906997 -0.03734146   -0.05771298  0.19905968
    2    1
 -0.05771298 -0.19905968   -0.03906997  0.03734146   -0.03906997  0.03734146
 -0.03906997  0.03734146   -0.05771298 -0.19905968   -0.03906997  0.03734146
 -0.03906997  0.03734146   -0.03906997  0.03734146   -0.05771298 -0.19905968
    2    2
  0.26722853  0.00000000    0.01165176  0.00000000    0.01165176  0.00000000
  0.01165176  0.00000000    0.26722853  0.00000000    0.01165176  0.00000000
  0.01165176  0.00000000    0.01165176  0.00000000    0.26722853  0.00000000

     Dynamical  Matrix in cartesian axes

     q = (   -0.250000000  -0.250000000  -0.250000000 ) 

    1    1
  0.26722853  0.00000000    0.01165176  0.00000000    0.01165176  0.00000000
  0.01165176  0.00000000    0.26722853  0.00000000    0.01165176  0.00000000
  0.01165176  0.00000000    0.01165176  0.00000000    0.26722853  0.00000000
    1    2
 -0.05771298 -0.19905968   -0.03906997  0.03734146   -0.03906997  0.03734146
 -0.03906997  0.03734146   -0.05771298 -0.19905968   -0.03906997  0.03734146
 -0.03906997  0.03734146   -0.03906997  0.03734146   -0.05771298 -0.19905968
    2    1
 -0.05771298  0.19905968   -0.03906997 -0.03734146   -0.03906997 -0.03734146
 -0.03906997 -0.03734146   -0.05771298  0.19905968   -0.03906997 -0.03734146
 -0.03906997 -0.03734146   -0.03906997 -0.03734146   -0.05771298  0.19905968
    2    2
  0.26722853  0.00000000    0.01165176  0.00000000    0.01165176  0.00000000
  0.01165176  0.00000000    0.26722853  0.00000000    0.01165176  0.00000000
  0.01165176  0.00000000    0.01165176  0.00000000    0.26722853  0.00000000

     Dynamical  Matrix in cartesian axes

     q = (   -0.250000000  -0.250000000   0.250000000 ) 

    1    1
  0.26722853  0.00000000    0.01165176  0.00000000   -0.01165176  0.00000000
  0.01165176  0.00000000    0.26722853  0.00000000   -0.01165176  0.00000000
 -0.01165176  0.00000000   -0.01165176  0.00000000    0.26722853  0.00000000
    1    2
 -0.19905968 -0.05771298    0.03734146 -0.03906997   -0.03734146  0.03906997
  0.03734146 -0.03906997   -0.19905968 -0.05771298   -0.03734146  0.03906997
 -0.03734146  0.03906997   -0.03734146  0.03906997   -0.19905968 -0.05771298
    2    1
 -0.19905968  0.05771298    0.03734146  0.03906997   -0.03734146 -0.03906997
  0.03734146  0.03906997   -0.19905968  0.05771298   -0.03734146 -0.03906997
 -0.03734146 -0.03906997   -0.03734146 -0.03906997   -0.19905968  0.05771298
    2    2
  0.26722853  0.00000000    0.01165176  0.00000000   -0.01165176  0.00000000
  0.01165176  0.00000000    0.26722853  0.00000000   -0.01165176  0.00000000
 -0.01165176  0.00000000   -0.01165176  0.00000000    0.26722853  0.00000000

     Dynamical  Matrix in cartesian axes

     q = (   -0.250000000   0.250000000   0.250000000 ) 

    1    1
  0.26722853  0.00000000   -0.01165176  0.00000000   -0.01165176  0.00000000
 -0.01165176  0.00000000    0.26722853  0.00000000    0.01165176  0.00000000
 -0.01165176  0.00000000    0.01165176  0.00000000    0.26722853  0.00000000
    1    2
 -0.19905968  0.05771298   -0.03734146 -0.03906997   -0.03734146 -0.03906997
 -0.03734146 -0.03906997   -0.19905968  0.05771298    0.03734146  0.03906997
 -0.03734146 -0.03906997    0.03734146  0.03906997   -0.19905968  0.05771298
    2    1
 -0.19905968 -0.05771298   -0.03734146  0.03906997   -0.03734146  0.03906997
 -0.03734146  0.03906997   -0.19905968 -0.05771298    0.03734146 -0.03906997
 -0.03734146  0.03906997    0.03734146 -0.03906997   -0.19905968 -0.05771298
    2    2
  0.26722853  0.00000000   -0.01165176  0.00000000   -0.01165176  0.00000000
 -0.01165176  0.00000000    0.26722853  0.00000000    0.01165176  0.00000000
 -0.01165176  0.00000000    0.01165176  0.00000000    0.26722853  0.00000000

     Dynamical  Matrix in cartesian axes

     q = (    0.250000000   0.250000000  -0.250000000 ) 

    1    1
  0.26722853  0.00000000    0.01165176  0.00000000   -0.01165176  0.00000000
  0.01165176  0.00000000    0.26722853  0.00000000   -0.01165176  0.00000000
 -0.01165176  0.00000000   -0.01165176  0.00000000    0.26722853  0.00000000
    1    2
 -0.19905968  0.05771298    0.03734146  0.03906997   -0.03734146 -0.03906997
  0.03734146  0.03906997   -0.19905968  0.05771298   -0.03734146 -0.03906997
 -0.03734146 -0.03906997   -0.03734146 -0.03906997   -0.19905968  0.05771298
    2    1
 -0.19905968 -0.05771298    0.03734146 -0.03906997   -0.03734146  0.03906997
  0.03734146 -0.03906997   -0.19905968 -0.05771298   -0.03734146  0.03906997
 -0.03734146  0.03906997   -0.03734146  0.03906997   -0.19905968 -0.05771298
    2    2
  0.26722853  0.00000000    0.01165176  0.00000000   -0.01165176  0.00000000
  0.01165176  0.00000000    0.26722853  0.00000000   -0.01165176  0.00000000
 -0.01165176  0.00000000   -0.01165176  0.00000000    0.26722853  0.00000000

     Diagonalizing the dynamical matrix

     q = (   -0.250000000   0.250000000  -0.250000000 ) 

 **************************************************************************
     freq (    1) =       2.792319 [THz] =      93.141731 [cm-1]
 (  0.151862  0.032633 -0.404843 -0.011270 -0.556705 -0.043903 ) 
 (  0.153958  0.020592 -0.404476  0.020592 -0.558434  0.000000 ) 
     freq (    2) =       2.792319 [THz] =      93.141731 [cm-1]
 (  0.554965 -0.034931  0.408840 -0.046455 -0.146125 -0.011524 ) 
 (  0.550501 -0.078453  0.403923 -0.078453 -0.146578  0.000000 ) 
     freq (    3) =       6.705321 [THz] =     223.665422 [cm-1]
 ( -0.275677 -0.301113  0.275677  0.301113 -0.275677 -0.301113 ) 
 ( -0.408248  0.000000  0.408248 -0.000000 -0.408248  0.000000 ) 
     freq (    4) =      14.167209 [THz] =     472.567214 [cm-1]
 ( -0.275677 -0.301113  0.275677  0.301113 -0.275677 -0.301113 ) 
 (  0.408248 -0.000000 -0.408248  0.000000  0.408248  0.000000 ) 
     freq (    5) =      14.433164 [THz] =     481.438534 [cm-1]
 (  0.109735  0.099070  0.531059  0.132297  0.421323  0.033226 ) 
 ( -0.117184 -0.090137 -0.539816 -0.090137 -0.422631  0.000000 ) 
     freq (    6) =      14.433164 [THz] =     481.438534 [cm-1]
 (  0.540318  0.139760  0.148196  0.108837 -0.392122 -0.030923 ) 
 ( -0.549633 -0.096849 -0.156294 -0.096849  0.393339  0.000000 ) 
 **************************************************************************
