Dynamical matrix file
                                                                           
  1    2  2 10.3080000  0.0000000  0.0000000  0.0000000  0.0000000  0.0000000
           1  'Si  '    25598.822984527003     
    1    1      0.0000000000      0.0000000000      0.0000000000
    2    1      0.2500000000      0.2500000000      0.2500000000

     Dynamical  Matrix in cartesian axes

     q = (    0.750000000  -0.250000000   0.750000000 ) 

    1    1
  0.25006986  0.00000000   -0.00641147  0.00774862    0.00599989  0.00000000
 -0.00641147 -0.00774862    0.30167667 -0.00000000   -0.00641147 -0.00774862
  0.00599989  0.00000000   -0.00641147  0.00774862    0.25006986  0.00000000
    1    2
 -0.06131412  0.06245922   -0.04206024  0.04451053   -0.04243751 -0.13899365
 -0.04206024  0.04451053   -0.05965826  0.08093508   -0.04206024  0.04451053
 -0.04243751 -0.13899365   -0.04206024  0.04451053   -0.06131412  0.06245922
    2    1
 -0.06131412 -0.06245922   -0.04206024 -0.04451053   -0.04243751  0.13899365
 -0.04206024 -0.04451053   -0.05965826 -0.08093508   -0.04206024 -0.04451053
 -0.04243751  0.13899365   -0.04206024 -0.04451053   -0.06131412 -0.06245922
    2    2
  0.25006986 -0.00000000   -0.00641147 -0.00774862    0.00599989 -0.00000000
 -0.00641147  0.00774862    0.30167667  0.00000000   -0.00641147  0.00774862
  0.00599989 -0.00000000   -0.00641147 -0.00774862    0.25006986 -0.00000000

     Dynamical  Matrix in cartesian axes

     q = (    0.750000000  -0.250000000  -0.750000000 ) 

    1    1
  0.25006986 -0.00000000   -0.00641147 -0.00774862   -0.00599989  0.00000000
 -0.00641147  0.00774862    0.30167667  0.00000000    0.00641147 -0.00774862
 -0.00599989  0.00000000    0.00641147  0.00774862    0.25006986 -0.00000000
    1    2
 -0.06245922  0.06131412   -0.04451053  0.04206024   -0.13899365 -0.04243751
 -0.04451053  0.04206024   -0.08093508  0.05965826    0.04451053 -0.04206024
 -0.13899365 -0.04243751    0.04451053 -0.04206024   -0.06245922  0.06131412
    2    1
 -0.06245922 -0.06131412   -0.04451053 -0.04206024   -0.13899365  0.04243751
 -0.04451053 -0.04206024   -0.08093508 -0.05965826    0.04451053  0.04206024
 -0.13899365  0.04243751    0.04451053  0.04206024   -0.06245922 -0.06131412
    2    2
  0.25006986  0.00000000   -0.00641147  0.00774862   -0.00599989 -0.00000000
 -0.00641147 -0.00774862    0.30167667 -0.00000000    0.00641147  0.00774862
 -0.00599989 -0.00000000    0.00641147 -0.00774862    0.25006986  0.00000000

     Dynamical  Matrix in cartesian axes

     q = (   -0.750000000  -0.250000000  -0.750000000 ) 

    1    1
  0.25006986  0.00000000    0.00641147 -0.00774862    0.00599989  0.00000000
  0.00641147  0.00774862    0.30167667 -0.00000000    0.00641147  0.00774862
  0.00599989  0.00000000    0.00641147 -0.00774862    0.25006986  0.00000000
    1    2
  0.06245922  0.06131412   -0.04451053 -0.04206024   -0.13899365  0.04243751
 -0.04451053 -0.04206024    0.08093508  0.05965826   -0.04451053 -0.04206024
 -0.13899365  0.04243751   -0.04451053 -0.04206024    0.06245922  0.06131412
    2    1
  0.06245922 -0.06131412   -0.04451053  0.04206024   -0.13899365 -0.04243751
 -0.04451053  0.04206024    0.08093508 -0.05965826   -0.04451053  0.04206024
 -0.13899365 -0.04243751   -0.04451053  0.04206024    0.06245922 -0.06131412
    2    2
  0.25006986 -0.00000000    0.00641147  0.00774862    0.00599989 -0.00000000
  0.00641147 -0.00774862    0.30167667  0.00000000    0.00641147 -0.00774862
  0.00599989 -0.00000000    0.00641147  0.00774862    0.25006986 -0.00000000

     Dynamical  Matrix in cartesian axes

     q = (   -0.750000000  -0.250000000   0.750000000 ) 

    1    1
  0.25006986 -0.00000000    0.00641147  0.00774862   -0.00599989  0.00000000
  0.00641147 -0.00774862    0.30167667  0.00000000   -0.00641147  0.00774862
 -0.00599989  0.00000000   -0.00641147 -0.00774862    0.25006986 -0.00000000
    1    2
 -0.06245922  0.06131412    0.04451053 -0.04206024   -0.13899365 -0.04243751
  0.04451053 -0.04206024   -0.08093508  0.05965826   -0.04451053  0.04206024
 -0.13899365 -0.04243751   -0.04451053  0.04206024   -0.06245922  0.06131412
    2    1
 -0.06245922 -0.06131412    0.04451053  0.04206024   -0.13899365  0.04243751
  0.04451053  0.04206024   -0.08093508 -0.05965826   -0.04451053 -0.04206024
 -0.13899365  0.04243751   -0.04451053 -0.04206024   -0.06245922 -0.06131412
    2    2
  0.25006986  0.00000000    0.00641147 -0.00774862   -0.00599989 -0.00000000
  0.00641147  0.00774862    0.30167667  0.00000000   -0.00641147 -0.00774862
 -0.00599989 -0.00000000   -0.00641147  0.00774862    0.25006986  0.00000000

     Dynamical  Matrix in cartesian axes

     q = (   -0.750000000   0.250000000  -0.750000000 ) 

    1    1
  0.25006986 -0.00000000   -0.00641147 -0.00774862    0.00599989 -0.00000000
 -0.00641147  0.00774862    0.30167667  0.00000000   -0.00641147  0.00774862
  0.00599989 -0.00000000   -0.00641147 -0.00774862    0.25006986 -0.00000000
    1    2
 -0.06131412 -0.06245922   -0.04206024 -0.04451053   -0.04243751  0.13899365
 -0.04206024 -0.04451053   -0.05965826 -0.08093508   -0.04206024 -0.04451053
 -0.04243751  0.13899365   -0.04206024 -0.04451053   -0.06131412 -0.06245922
    2    1
 -0.06131412  0.06245922   -0.04206024  0.04451053   -0.04243751 -0.13899365
 -0.04206024  0.04451053   -0.05965826  0.08093508   -0.04206024  0.04451053
 -0.04243751 -0.13899365   -0.04206024  0.04451053   -0.06131412  0.06245922
    2    2
  0.25006986  0.00000000   -0.00641147  0.00774862    0.00599989  0.00000000
 -0.00641147 -0.00774862    0.30167667 -0.00000000   -0.00641147 -0.00774862
  0.00599989  0.00000000   -0.00641147  0.00774862    0.25006986  0.00000000

     Dynamical  Matrix in cartesian axes

     q = (   -0.250000000   0.750000000  -0.750000000 ) 

    1    1
  0.30167667  0.00000000   -0.00641147  0.00774862    0.00641147 -0.00774862
 -0.00641147 -0.00774862    0.25006986 -0.00000000   -0.00599989  0.00000000
  0.00641147  0.00774862   -0.00599989  0.00000000    0.25006986 -0.00000000
    1    2
 -0.08093508  0.05965826   -0.04451053  0.04206024    0.04451053 -0.04206024
 -0.04451053  0.04206024   -0.06245922  0.06131412   -0.13899365 -0.04243751
  0.04451053 -0.04206024   -0.13899365 -0.04243751   -0.06245922  0.06131412
    2    1
 -0.08093508 -0.05965826   -0.04451053 -0.04206024    0.04451053  0.04206024
 -0.04451053 -0.04206024   -0.06245922 -0.06131412   -0.13899365  0.04243751
  0.04451053  0.04206024   -0.13899365  0.04243751   -0.06245922 -0.06131412
    2    2
  0.30167667 -0.00000000   -0.00641147 -0.00774862    0.00641147  0.00774862
 -0.00641147  0.00774862    0.25006986  0.00000000   -0.00599989 -0.00000000
  0.00641147 -0.00774862   -0.00599989 -0.00000000    0.25006986  0.00000000

     Dynamical  Matrix in cartesian axes

     q = (   -0.750000000   0.750000000  -0.250000000 ) 

    1    1
  0.25006986 -0.00000000   -0.00599989  0.00000000    0.00641147  0.00774862
 -0.00599989  0.00000000    0.25006986 -0.00000000   -0.00641147 -0.00774862
  0.00641147 -0.00774862   -0.00641147  0.00774862    0.30167667  0.00000000
    1    2
 -0.06245922  0.06131412   -0.13899365 -0.04243751    0.04451053 -0.04206024
 -0.13899365 -0.04243751   -0.06245922  0.06131412   -0.04451053  0.04206024
  0.04451053 -0.04206024   -0.04451053  0.04206024   -0.08093508  0.05965826
    2    1
 -0.06245922 -0.06131412   -0.13899365  0.04243751    0.04451053  0.04206024
 -0.13899365  0.04243751   -0.06245922 -0.06131412   -0.04451053 -0.04206024
  0.04451053  0.04206024   -0.04451053 -0.04206024   -0.08093508 -0.05965826
    2    2
  0.25006986  0.00000000   -0.00599989 -0.00000000    0.00641147 -0.00774862
 -0.00599989 -0.00000000    0.25006986  0.00000000   -0.00641147  0.00774862
  0.00641147  0.00774862   -0.00641147 -0.00774862    0.30167667 -0.00000000

     Dynamical  Matrix in cartesian axes

     q = (    0.750000000   0.250000000   0.750000000 ) 

    1    1
  0.25006986 -0.00000000    0.00641147  0.00774862    0.00599989 -0.00000000
  0.00641147 -0.00774862    0.30167667  0.00000000    0.00641147 -0.00774862
  0.00599989 -0.00000000    0.00641147  0.00774862    0.25006986 -0.00000000
    1    2
  0.06245922 -0.06131412   -0.04451053  0.04206024   -0.13899365 -0.04243751
 -0.04451053  0.04206024    0.08093508 -0.05965826   -0.04451053  0.04206024
 -0.13899365 -0.04243751   -0.04451053  0.04206024    0.06245922 -0.06131412
    2    1
  0.06245922  0.06131412   -0.04451053 -0.04206024   -0.13899365  0.04243751
 -0.04451053 -0.04206024    0.08093508  0.05965826   -0.04451053 -0.04206024
 -0.13899365  0.04243751   -0.04451053 -0.04206024    0.06245922  0.06131412
    2    2
  0.25006986  0.00000000    0.00641147 -0.00774862    0.00599989  0.00000000
  0.00641147  0.00774862    0.30167667 -0.00000000    0.00641147  0.00774862
  0.00599989  0.00000000    0.00641147 -0.00774862    0.25006986  0.00000000

     Dynamical  Matrix in cartesian axes

     q = (   -0.750000000   0.250000000   0.750000000 ) 

    1    1
  0.25006986  0.00000000   -0.00641147  0.00774862   -0.00599989 -0.00000000
 -0.00641147 -0.00774862    0.30167667 -0.00000000    0.00641147  0.00774862
 -0.00599989 -0.00000000    0.00641147 -0.00774862    0.25006986  0.00000000
    1    2
 -0.06245922 -0.06131412   -0.04451053 -0.04206024   -0.13899365  0.04243751
 -0.04451053 -0.04206024   -0.08093508 -0.05965826    0.04451053  0.04206024
 -0.13899365  0.04243751    0.04451053  0.04206024   -0.06245922 -0.06131412
    2    1
 -0.06245922  0.06131412   -0.04451053  0.04206024   -0.13899365 -0.04243751
 -0.04451053  0.04206024   -0.08093508  0.05965826    0.04451053 -0.04206024
 -0.13899365 -0.04243751    0.04451053 -0.04206024   -0.06245922  0.06131412
    2    2
  0.25006986 -0.00000000   -0.00641147 -0.00774862   -0.00599989  0.00000000
 -0.00641147  0.00774862    0.30167667  0.00000000    0.00641147 -0.00774862
 -0.00599989  0.00000000    0.00641147  0.00774862    0.25006986 -0.00000000

     Dynamical  Matrix in cartesian axes

     q = (    0.750000000   0.250000000  -0.750000000 ) 

    1    1
  0.25006986  0.00000000    0.00641147 -0.00774862   -0.00599989 -0.00000000
  0.00641147  0.00774862    0.30167667  0.00000000   -0.00641147 -0.00774862
 -0.00599989 -0.00000000   -0.00641147  0.00774862    0.25006986  0.00000000
    1    2
 -0.06245922 -0.06131412    0.04451053  0.04206024   -0.13899365  0.04243751
  0.04451053  0.04206024   -0.08093508 -0.05965826   -0.04451053 -0.04206024
 -0.13899365  0.04243751   -0.04451053 -0.04206024   -0.06245922 -0.06131412
    2    1
 -0.06245922  0.06131412    0.04451053 -0.04206024   -0.13899365 -0.04243751
  0.04451053 -0.04206024   -0.08093508  0.05965826   -0.04451053  0.04206024
 -0.13899365 -0.04243751   -0.04451053  0.04206024   -0.06245922  0.06131412
    2    2
  0.25006986 -0.00000000    0.00641147  0.00774862   -0.00599989  0.00000000
  0.00641147 -0.00774862    0.30167667  0.00000000   -0.00641147  0.00774862
 -0.00599989  0.00000000   -0.00641147 -0.00774862    0.25006986 -0.00000000

     Dynamical  Matrix in cartesian axes

     q = (   -0.750000000   0.750000000   0.250000000 ) 

    1    1
  0.25006986  0.00000000   -0.00599989 -0.00000000   -0.00641147  0.00774862
 -0.00599989 -0.00000000    0.25006986  0.00000000    0.00641147 -0.00774862
 -0.00641147 -0.00774862    0.00641147  0.00774862    0.30167667 -0.00000000
    1    2
 -0.06245922 -0.06131412   -0.13899365  0.04243751   -0.04451053 -0.04206024
 -0.13899365  0.04243751   -0.06245922 -0.06131412    0.04451053  0.04206024
 -0.04451053 -0.04206024    0.04451053  0.04206024   -0.08093508 -0.05965826
    2    1
 -0.06245922  0.06131412   -0.13899365 -0.04243751   -0.04451053  0.04206024
 -0.13899365 -0.04243751   -0.06245922  0.06131412    0.04451053 -0.04206024
 -0.04451053  0.04206024    0.04451053 -0.04206024   -0.08093508  0.05965826
    2    2
  0.25006986 -0.00000000   -0.00599989  0.00000000   -0.00641147 -0.00774862
 -0.00599989  0.00000000    0.25006986 -0.00000000    0.00641147  0.00774862
 -0.00641147  0.00774862    0.00641147 -0.00774862    0.30167667  0.00000000

     Dynamical  Matrix in cartesian axes

     q = (   -0.250000000   0.750000000   0.750000000 ) 

    1    1
  0.30167667 -0.00000000   -0.00641147 -0.00774862   -0.00641147 -0.00774862
 -0.00641147  0.00774862    0.25006986  0.00000000    0.00599989  0.00000000
 -0.00641147  0.00774862    0.00599989 -0.00000000    0.25006986  0.00000000
    1    2
 -0.05965826  0.08093508   -0.04206024  0.04451053   -0.04206024  0.04451053
 -0.04206024  0.04451053   -0.06131412  0.06245922   -0.04243751 -0.13899365
 -0.04206024  0.04451053   -0.04243751 -0.13899365   -0.06131412  0.06245922
    2    1
 -0.05965826 -0.08093508   -0.04206024 -0.04451053   -0.04206024 -0.04451053
 -0.04206024 -0.04451053   -0.06131412 -0.06245922   -0.04243751  0.13899365
 -0.04206024 -0.04451053   -0.04243751  0.13899365   -0.06131412 -0.06245922
    2    2
  0.30167667  0.00000000   -0.00641147  0.00774862   -0.00641147  0.00774862
 -0.00641147 -0.00774862    0.25006986 -0.00000000    0.00599989 -0.00000000
 -0.00641147 -0.00774862    0.00599989  0.00000000    0.25006986 -0.00000000

     Dynamical  Matrix in cartesian axes

     q = (    0.250000000   0.750000000  -0.750000000 ) 

    1    1
  0.30167667 -0.00000000    0.00641147  0.00774862   -0.00641147 -0.00774862
  0.00641147 -0.00774862    0.25006986  0.00000000   -0.00599989 -0.00000000
 -0.00641147  0.00774862   -0.00599989 -0.00000000    0.25006986  0.00000000
    1    2
 -0.08093508 -0.05965826    0.04451053  0.04206024   -0.04451053 -0.04206024
  0.04451053  0.04206024   -0.06245922 -0.06131412   -0.13899365  0.04243751
 -0.04451053 -0.04206024   -0.13899365  0.04243751   -0.06245922 -0.06131412
    2    1
 -0.08093508  0.05965826    0.04451053 -0.04206024   -0.04451053  0.04206024
  0.04451053 -0.04206024   -0.06245922  0.06131412   -0.13899365 -0.04243751
 -0.04451053  0.04206024   -0.13899365 -0.04243751   -0.06245922  0.06131412
    2    2
  0.30167667  0.00000000    0.00641147 -0.00774862   -0.00641147  0.00774862
  0.00641147  0.00774862    0.25006986 -0.00000000   -0.00599989  0.00000000
 -0.00641147 -0.00774862   -0.00599989  0.00000000    0.25006986 -0.00000000

     Dynamical  Matrix in cartesian axes

     q = (   -0.250000000  -0.750000000  -0.750000000 ) 

    1    1
  0.30167667 -0.00000000    0.00641147  0.00774862    0.00641147  0.00774862
  0.00641147 -0.00774862    0.25006986  0.00000000    0.00599989 -0.00000000
  0.00641147 -0.00774862    0.00599989  0.00000000    0.25006986  0.00000000
    1    2
  0.08093508  0.05965826   -0.04451053 -0.04206024   -0.04451053 -0.04206024
 -0.04451053 -0.04206024    0.06245922  0.06131412   -0.13899365  0.04243751
 -0.04451053 -0.04206024   -0.13899365  0.04243751    0.06245922  0.06131412
    2    1
  0.08093508 -0.05965826   -0.04451053  0.04206024   -0.04451053  0.04206024
 -0.04451053  0.04206024    0.06245922 -0.06131412   -0.13899365 -0.04243751
 -0.04451053  0.04206024   -0.13899365 -0.04243751    0.06245922 -0.06131412
    2    2
  0.30167667  0.00000000    0.00641147 -0.00774862    0.00641147 -0.00774862
  0.00641147  0.00774862    0.25006986 -0.00000000    0.00599989  0.00000000
  0.00641147  0.00774862    0.00599989 -0.00000000    0.25006986 -0.00000000

     Dynamical  Matrix in cartesian axes

     q = (    0.750000000   0.750000000  -0.250000000 ) 

    1    1
  0.25006986  0.00000000    0.00599989  0.00000000   -0.00641147  0.00774862
  0.00599989  0.00000000    0.25006986  0.00000000   -0.00641147  0.00774862
 -0.00641147 -0.00774862   -0.00641147 -0.00774862    0.30167667 -0.00000000
    1    2
 -0.06131412  0.06245922   -0.04243751 -0.13899365   -0.04206024  0.04451053
 -0.04243751 -0.13899365   -0.06131412  0.06245922   -0.04206024  0.04451053
 -0.04206024  0.04451053   -0.04206024  0.04451053   -0.05965826  0.08093508
    2    1
 -0.06131412 -0.06245922   -0.04243751  0.13899365   -0.04206024 -0.04451053
 -0.04243751  0.13899365   -0.06131412 -0.06245922   -0.04206024 -0.04451053
 -0.04206024 -0.04451053   -0.04206024 -0.04451053   -0.05965826 -0.08093508
    2    2
  0.25006986 -0.00000000    0.00599989 -0.00000000   -0.00641147 -0.00774862
  0.00599989 -0.00000000    0.25006986 -0.00000000   -0.00641147 -0.00774862
 -0.00641147  0.00774862   -0.00641147  0.00774862    0.30167667  0.00000000

     Dynamical  Matrix in cartesian axes

     q = (    0.750000000  -0.750000000   0.250000000 ) 

    1    1
  0.25006986  0.00000000   -0.00599989 -0.00000000    0.00641147 -0.00774862
 -0.00599989 -0.00000000    0.25006986  0.00000000   -0.00641147  0.00774862
  0.00641147  0.00774862   -0.00641147 -0.00774862    0.30167667 -0.00000000
    1    2
 -0.06245922 -0.06131412   -0.13899365  0.04243751    0.04451053  0.04206024
 -0.13899365  0.04243751   -0.06245922 -0.06131412   -0.04451053 -0.04206024
  0.04451053  0.04206024   -0.04451053 -0.04206024   -0.08093508 -0.05965826
    2    1
 -0.06245922  0.06131412   -0.13899365 -0.04243751    0.04451053 -0.04206024
 -0.13899365 -0.04243751   -0.06245922  0.06131412   -0.04451053  0.04206024
  0.04451053 -0.04206024   -0.04451053  0.04206024   -0.08093508  0.05965826
    2    2
  0.25006986 -0.00000000   -0.00599989  0.00000000    0.00641147  0.00774862
 -0.00599989  0.00000000    0.25006986 -0.00000000   -0.00641147 -0.00774862
  0.00641147 -0.00774862   -0.00641147  0.00774862    0.30167667  0.00000000

     Dynamical  Matrix in cartesian axes

     q = (   -0.750000000  -0.750000000  -0.250000000 ) 

    1    1
  0.25006986  0.00000000    0.00599989  0.00000000    0.00641147 -0.00774862
  0.00599989  0.00000000    0.25006986  0.00000000    0.00641147 -0.00774862
  0.00641147  0.00774862    0.00641147  0.00774862    0.30167667 -0.00000000
    1    2
  0.06245922  0.06131412   -0.13899365  0.04243751   -0.04451053 -0.04206024
 -0.13899365  0.04243751    0.06245922  0.06131412   -0.04451053 -0.04206024
 -0.04451053 -0.04206024   -0.04451053 -0.04206024    0.08093508  0.05965826
    2    1
  0.06245922 -0.06131412   -0.13899365 -0.04243751   -0.04451053  0.04206024
 -0.13899365 -0.04243751    0.06245922 -0.06131412   -0.04451053  0.04206024
 -0.04451053  0.04206024   -0.04451053  0.04206024    0.08093508 -0.05965826
    2    2
  0.25006986 -0.00000000    0.00599989 -0.00000000    0.00641147  0.00774862
  0.00599989 -0.00000000    0.25006986 -0.00000000    0.00641147  0.00774862
  0.00641147 -0.00774862    0.00641147 -0.00774862    0.30167667  0.00000000

     Dynamical  Matrix in cartesian axes

     q = (    0.250000000  -0.750000000   0.750000000 ) 

    1    1
  0.30167667 -0.00000000   -0.00641147 -0.00774862    0.00641147  0.00774862
 -0.00641147  0.00774862    0.25006986  0.00000000   -0.00599989 -0.00000000
  0.00641147 -0.00774862   -0.00599989 -0.00000000    0.25006986  0.00000000
    1    2
 -0.08093508 -0.05965826   -0.04451053 -0.04206024    0.04451053  0.04206024
 -0.04451053 -0.04206024   -0.06245922 -0.06131412   -0.13899365  0.04243751
  0.04451053  0.04206024   -0.13899365  0.04243751   -0.06245922 -0.06131412
    2    1
 -0.08093508  0.05965826   -0.04451053  0.04206024    0.04451053 -0.04206024
 -0.04451053  0.04206024   -0.06245922  0.06131412   -0.13899365 -0.04243751
  0.04451053 -0.04206024   -0.13899365 -0.04243751   -0.06245922  0.06131412
    2    2
  0.30167667  0.00000000   -0.00641147  0.00774862    0.00641147 -0.00774862
 -0.00641147 -0.00774862    0.25006986 -0.00000000   -0.00599989  0.00000000
  0.00641147  0.00774862   -0.00599989  0.00000000    0.25006986 -0.00000000

     Dynamical  Matrix in cartesian axes

     q = (   -0.750000000  -0.750000000   0.250000000 ) 

    1    1
  0.25006986 -0.00000000    0.00599989 -0.00000000   -0.00641147 -0.00774862
  0.00599989 -0.00000000    0.25006986 -0.00000000   -0.00641147 -0.00774862
 -0.00641147  0.00774862   -0.00641147  0.00774862    0.30167667  0.00000000
    1    2
 -0.06131412 -0.06245922   -0.04243751  0.13899365   -0.04206024 -0.04451053
 -0.04243751  0.13899365   -0.06131412 -0.06245922   -0.04206024 -0.04451053
 -0.04206024 -0.04451053   -0.04206024 -0.04451053   -0.05965826 -0.08093508
    2    1
 -0.06131412  0.06245922   -0.04243751 -0.13899365   -0.04206024  0.04451053
 -0.04243751 -0.13899365   -0.06131412  0.06245922   -0.04206024  0.04451053
 -0.04206024  0.04451053   -0.04206024  0.04451053   -0.05965826  0.08093508
    2    2
  0.25006986  0.00000000    0.00599989  0.00000000   -0.00641147  0.00774862
  0.00599989  0.00000000    0.25006986  0.00000000   -0.00641147  0.00774862
 -0.00641147 -0.00774862   -0.00641147 -0.00774862    0.30167667 -0.00000000

     Dynamical  Matrix in cartesian axes

     q = (    0.250000000   0.750000000   0.750000000 ) 

    1    1
  0.30167667  0.00000000    0.00641147 -0.00774862    0.00641147 -0.00774862
  0.00641147  0.00774862    0.25006986 -0.00000000    0.00599989  0.00000000
  0.00641147  0.00774862    0.00599989 -0.00000000    0.25006986 -0.00000000
    1    2
  0.08093508 -0.05965826   -0.04451053  0.04206024   -0.04451053  0.04206024
 -0.04451053  0.04206024    0.06245922 -0.06131412   -0.13899365 -0.04243751
 -0.04451053  0.04206024   -0.13899365 -0.04243751    0.06245922 -0.06131412
    2    1
  0.08093508  0.05965826   -0.04451053 -0.04206024   -0.04451053 -0.04206024
 -0.04451053 -0.04206024    0.06245922  0.06131412   -0.13899365  0.04243751
 -0.04451053 -0.04206024   -0.13899365  0.04243751    0.06245922  0.06131412
    2    2
  0.30167667 -0.00000000    0.00641147  0.00774862    0.00641147  0.00774862
  0.00641147 -0.00774862    0.25006986  0.00000000    0.00599989 -0.00000000
  0.00641147 -0.00774862    0.00599989  0.00000000    0.25006986  0.00000000

     Dynamical  Matrix in cartesian axes

     q = (   -0.250000000  -0.750000000   0.750000000 ) 

    1    1
  0.30167667  0.00000000    0.00641147 -0.00774862   -0.00641147  0.00774862
  0.00641147  0.00774862    0.25006986 -0.00000000   -0.00599989  0.00000000
 -0.00641147 -0.00774862   -0.00599989  0.00000000    0.25006986 -0.00000000
    1    2
 -0.08093508  0.05965826    0.04451053 -0.04206024   -0.04451053  0.04206024
  0.04451053 -0.04206024   -0.06245922  0.06131412   -0.13899365 -0.04243751
 -0.04451053  0.04206024   -0.13899365 -0.04243751   -0.06245922  0.06131412
    2    1
 -0.08093508 -0.05965826    0.04451053  0.04206024   -0.04451053 -0.04206024
  0.04451053  0.04206024   -0.06245922 -0.06131412   -0.13899365  0.04243751
 -0.04451053 -0.04206024   -0.13899365  0.04243751   -0.06245922 -0.06131412
    2    2
  0.30167667 -0.00000000    0.00641147  0.00774862   -0.00641147 -0.00774862
  0.00641147 -0.00774862    0.25006986  0.00000000   -0.00599989 -0.00000000
 -0.00641147  0.00774862   -0.00599989 -0.00000000    0.25006986  0.00000000

     Dynamical  Matrix in cartesian axes

     q = (    0.750000000   0.750000000   0.250000000 ) 

    1    1
  0.25006986 -0.00000000    0.00599989 -0.00000000    0.00641147  0.00774862
  0.00599989 -0.00000000    0.25006986 -0.00000000    0.00641147  0.00774862
  0.00641147 -0.00774862    0.00641147 -0.00774862    0.30167667  0.00000000
    1    2
  0.06245922 -0.06131412   -0.13899365 -0.04243751   -0.04451053  0.04206024
 -0.13899365 -0.04243751    0.06245922 -0.06131412   -0.04451053  0.04206024
 -0.04451053  0.04206024   -0.04451053  0.04206024    0.08093508 -0.05965826
    2    1
  0.06245922  0.06131412   -0.13899365  0.04243751   -0.04451053 -0.04206024
 -0.13899365  0.04243751    0.06245922  0.06131412   -0.04451053 -0.04206024
 -0.04451053 -0.04206024   -0.04451053 -0.04206024    0.08093508  0.05965826
    2    2
  0.25006986  0.00000000    0.00599989  0.00000000    0.00641147 -0.00774862
  0.00599989  0.00000000    0.25006986  0.00000000    0.00641147 -0.00774862
  0.00641147  0.00774862    0.00641147  0.00774862    0.30167667 -0.00000000

     Dynamical  Matrix in cartesian axes

     q = (    0.250000000  -0.750000000  -0.750000000 ) 

    1    1
  0.30167667  0.00000000   -0.00641147  0.00774862   -0.00641147  0.00774862
 -0.00641147 -0.00774862    0.25006986 -0.00000000    0.00599989 -0.00000000
 -0.00641147 -0.00774862    0.00599989  0.00000000    0.25006986 -0.00000000
    1    2
 -0.05965826 -0.08093508   -0.04206024 -0.04451053   -0.04206024 -0.04451053
 -0.04206024 -0.04451053   -0.06131412 -0.06245922   -0.04243751  0.13899365
 -0.04206024 -0.04451053   -0.04243751  0.13899365   -0.06131412 -0.06245922
    2    1
 -0.05965826  0.08093508   -0.04206024  0.04451053   -0.04206024  0.04451053
 -0.04206024  0.04451053   -0.06131412  0.06245922   -0.04243751 -0.13899365
 -0.04206024  0.04451053   -0.04243751 -0.13899365   -0.06131412  0.06245922
    2    2
  0.30167667 -0.00000000   -0.00641147 -0.00774862   -0.00641147 -0.00774862
 -0.00641147  0.00774862    0.25006986  0.00000000    0.00599989  0.00000000
 -0.00641147  0.00774862    0.00599989 -0.00000000    0.25006986  0.00000000

     Dynamical  Matrix in cartesian axes

     q = (    0.750000000  -0.750000000  -0.250000000 ) 

    1    1
  0.25006986 -0.00000000   -0.00599989  0.00000000   -0.00641147 -0.00774862
 -0.00599989  0.00000000    0.25006986 -0.00000000    0.00641147  0.00774862
 -0.00641147  0.00774862    0.00641147 -0.00774862    0.30167667  0.00000000
    1    2
 -0.06245922  0.06131412   -0.13899365 -0.04243751   -0.04451053  0.04206024
 -0.13899365 -0.04243751   -0.06245922  0.06131412    0.04451053 -0.04206024
 -0.04451053  0.04206024    0.04451053 -0.04206024   -0.08093508  0.05965826
    2    1
 -0.06245922 -0.06131412   -0.13899365  0.04243751   -0.04451053 -0.04206024
 -0.13899365  0.04243751   -0.06245922 -0.06131412    0.04451053  0.04206024
 -0.04451053 -0.04206024    0.04451053  0.04206024   -0.08093508 -0.05965826
    2    2
  0.25006986  0.00000000   -0.00599989 -0.00000000   -0.00641147  0.00774862
 -0.00599989 -0.00000000    0.25006986  0.00000000    0.00641147 -0.00774862
 -0.00641147 -0.00774862    0.00641147  0.00774862    0.30167667 -0.00000000

     Diagonalizing the dynamical matrix

     q = (    0.750000000  -0.250000000   0.750000000 ) 

 **************************************************************************
     freq (    1) =       4.200620 [THz] =     140.117595 [cm-1]
 (  0.046647 -0.497819 -0.000000 -0.000000 -0.046647  0.497819 ) 
 (  0.500000  0.000000  0.000000 -0.000000 -0.500000  0.000000 ) 
     freq (    2) =       5.871258 [THz] =     195.844098 [cm-1]
 ( -0.389464 -0.165971 -0.343515  0.153432 -0.389464 -0.165971 ) 
 ( -0.423354 -0.000000 -0.255865 -0.275820 -0.423354  0.000000 ) 
     freq (    3) =       9.427716 [THz] =     314.474749 [cm-1]
 (  0.119644 -0.286509  0.376207  0.407018  0.119644 -0.286509 ) 
 ( -0.310487 -0.000000  0.230616  0.503995 -0.310487  0.000000 ) 
     freq (    4) =      12.188194 [THz] =     406.554383 [cm-1]
 (  0.071780  0.317607 -0.402007 -0.355438  0.071780  0.317607 ) 
 ( -0.325618  0.000000  0.435314  0.313764 -0.325618  0.000000 ) 
     freq (    5) =      13.738196 [THz] =     458.256889 [cm-1]
 (  0.046647 -0.497819 -0.000000  0.000000 -0.046647  0.497819 ) 
 ( -0.500000  0.000000  0.000000  0.000000  0.500000  0.000000 ) 
     freq (    6) =      14.132214 [THz] =     471.399929 [cm-1]
 ( -0.303363 -0.162214 -0.463712  0.219741 -0.303363 -0.162214 ) 
 (  0.344009  0.000000  0.305306  0.412436  0.344009 -0.000000 ) 
 **************************************************************************
