Dynamical matrix file
                                                                           
  1    2  2 10.3080000  0.0000000  0.0000000  0.0000000  0.0000000  0.0000000
           1  'Si  '    25598.822984527003     
    1    1      0.0000000000      0.0000000000      0.0000000000
    2    1      0.2500000000      0.2500000000      0.2500000000

     Dynamical  Matrix in cartesian axes

     q = (   -0.250000000   0.250000000  -0.250000000 ) 

    1    1
  0.27349250  0.00000000   -0.01184448  0.00000000    0.01184448  0.00000000
 -0.01184448  0.00000000    0.27349250  0.00000000   -0.01184448  0.00000000
  0.01184448  0.00000000   -0.01184448  0.00000000    0.27349250  0.00000000
    1    2
 -0.20346992 -0.05911518   -0.03933077  0.04097657    0.03933077 -0.04097657
 -0.03933077  0.04097657   -0.20346992 -0.05911518   -0.03933077  0.04097657
  0.03933077 -0.04097657   -0.03933077  0.04097657   -0.20346992 -0.05911518
    2    1
 -0.20346992  0.05911518   -0.03933077 -0.04097657    0.03933077  0.04097657
 -0.03933077 -0.04097657   -0.20346992  0.05911518   -0.03933077 -0.04097657
  0.03933077  0.04097657   -0.03933077 -0.04097657   -0.20346992  0.05911518
    2    2
  0.27349250  0.00000000   -0.01184448  0.00000000    0.01184448  0.00000000
 -0.01184448  0.00000000    0.27349250  0.00000000   -0.01184448  0.00000000
  0.01184448  0.00000000   -0.01184448  0.00000000    0.27349250  0.00000000

     Dynamical  Matrix in cartesian axes

     q = (    0.250000000  -0.250000000  -0.250000000 ) 

    1    1
  0.27349250  0.00000000   -0.01184448  0.00000000   -0.01184448  0.00000000
 -0.01184448  0.00000000    0.27349250  0.00000000    0.01184448  0.00000000
 -0.01184448  0.00000000    0.01184448  0.00000000    0.27349250  0.00000000
    1    2
 -0.20346992 -0.05911518   -0.03933077  0.04097657   -0.03933077  0.04097657
 -0.03933077  0.04097657   -0.20346992 -0.05911518    0.03933077 -0.04097657
 -0.03933077  0.04097657    0.03933077 -0.04097657   -0.20346992 -0.05911518
    2    1
 -0.20346992  0.05911518   -0.03933077 -0.04097657   -0.03933077 -0.04097657
 -0.03933077 -0.04097657   -0.20346992  0.05911518    0.03933077  0.04097657
 -0.03933077 -0.04097657    0.03933077  0.04097657   -0.20346992  0.05911518
    2    2
  0.27349250  0.00000000   -0.01184448  0.00000000   -0.01184448  0.00000000
 -0.01184448  0.00000000    0.27349250  0.00000000    0.01184448  0.00000000
 -0.01184448  0.00000000    0.01184448  0.00000000    0.27349250  0.00000000

     Dynamical  Matrix in cartesian axes

     q = (    0.250000000  -0.250000000   0.250000000 ) 

    1    1
  0.27349250  0.00000000   -0.01184448  0.00000000    0.01184448  0.00000000
 -0.01184448  0.00000000    0.27349250  0.00000000   -0.01184448  0.00000000
  0.01184448  0.00000000   -0.01184448  0.00000000    0.27349250  0.00000000
    1    2
 -0.20346992  0.05911518   -0.03933077 -0.04097657    0.03933077  0.04097657
 -0.03933077 -0.04097657   -0.20346992  0.05911518   -0.03933077 -0.04097657
  0.03933077  0.04097657   -0.03933077 -0.04097657   -0.20346992  0.05911518
    2    1
 -0.20346992 -0.05911518   -0.03933077  0.04097657    0.03933077 -0.04097657
 -0.03933077  0.04097657   -0.20346992 -0.05911518   -0.03933077  0.04097657
  0.03933077 -0.04097657   -0.03933077  0.04097657   -0.20346992 -0.05911518
    2    2
  0.27349250  0.00000000   -0.01184448  0.00000000    0.01184448  0.00000000
 -0.01184448  0.00000000    0.27349250  0.00000000   -0.01184448  0.00000000
  0.01184448  0.00000000   -0.01184448  0.00000000    0.27349250  0.00000000

     Dynamical  Matrix in cartesian axes

     q = (    0.250000000   0.250000000   0.250000000 ) 

    1    1
  0.27349250  0.00000000    0.01184448  0.00000000    0.01184448  0.00000000
  0.01184448  0.00000000    0.27349250  0.00000000    0.01184448  0.00000000
  0.01184448  0.00000000    0.01184448  0.00000000    0.27349250  0.00000000
    1    2
 -0.05911518  0.20346992   -0.04097657 -0.03933077   -0.04097657 -0.03933077
 -0.04097657 -0.03933077   -0.05911518  0.20346992   -0.04097657 -0.03933077
 -0.04097657 -0.03933077   -0.04097657 -0.03933077   -0.05911518  0.20346992
    2    1
 -0.05911518 -0.20346992   -0.04097657  0.03933077   -0.04097657  0.03933077
 -0.04097657  0.03933077   -0.05911518 -0.20346992   -0.04097657  0.03933077
 -0.04097657  0.03933077   -0.04097657  0.03933077   -0.05911518 -0.20346992
    2    2
  0.27349250  0.00000000    0.01184448  0.00000000    0.01184448  0.00000000
  0.01184448  0.00000000    0.27349250  0.00000000    0.01184448  0.00000000
  0.01184448  0.00000000    0.01184448  0.00000000    0.27349250  0.00000000

     Dynamical  Matrix in cartesian axes

     q = (   -0.250000000  -0.250000000  -0.250000000 ) 

    1    1
  0.27349250  0.00000000    0.01184448  0.00000000    0.01184448  0.00000000
  0.01184448  0.00000000    0.27349250  0.00000000    0.01184448  0.00000000
  0.01184448  0.00000000    0.01184448  0.00000000    0.27349250  0.00000000
    1    2
 -0.05911518 -0.20346992   -0.04097657  0.03933077   -0.04097657  0.03933077
 -0.04097657  0.03933077   -0.05911518 -0.20346992   -0.04097657  0.03933077
 -0.04097657  0.03933077   -0.04097657  0.03933077   -0.05911518 -0.20346992
    2    1
 -0.05911518  0.20346992   -0.04097657 -0.03933077   -0.04097657 -0.03933077
 -0.04097657 -0.03933077   -0.05911518  0.20346992   -0.04097657 -0.03933077
 -0.04097657 -0.03933077   -0.04097657 -0.03933077   -0.05911518  0.20346992
    2    2
  0.27349250  0.00000000    0.01184448  0.00000000    0.01184448  0.00000000
  0.01184448  0.00000000    0.27349250  0.00000000    0.01184448  0.00000000
  0.01184448  0.00000000    0.01184448  0.00000000    0.27349250  0.00000000

     Dynamical  Matrix in cartesian axes

     q = (   -0.250000000  -0.250000000   0.250000000 ) 

    1    1
  0.27349250  0.00000000    0.01184448  0.00000000   -0.01184448  0.00000000
  0.01184448  0.00000000    0.27349250  0.00000000   -0.01184448  0.00000000
 -0.01184448  0.00000000   -0.01184448  0.00000000    0.27349250  0.00000000
    1    2
 -0.20346992 -0.05911518    0.03933077 -0.04097657   -0.03933077  0.04097657
  0.03933077 -0.04097657   -0.20346992 -0.05911518   -0.03933077  0.04097657
 -0.03933077  0.04097657   -0.03933077  0.04097657   -0.20346992 -0.05911518
    2    1
 -0.20346992  0.05911518    0.03933077  0.04097657   -0.03933077 -0.04097657
  0.03933077  0.04097657   -0.20346992  0.05911518   -0.03933077 -0.04097657
 -0.03933077 -0.04097657   -0.03933077 -0.04097657   -0.20346992  0.05911518
    2    2
  0.27349250  0.00000000    0.01184448  0.00000000   -0.01184448  0.00000000
  0.01184448  0.00000000    0.27349250  0.00000000   -0.01184448  0.00000000
 -0.01184448  0.00000000   -0.01184448  0.00000000    0.27349250  0.00000000

     Dynamical  Matrix in cartesian axes

     q = (   -0.250000000   0.250000000   0.250000000 ) 

    1    1
  0.27349250  0.00000000   -0.01184448  0.00000000   -0.01184448  0.00000000
 -0.01184448  0.00000000    0.27349250  0.00000000    0.01184448  0.00000000
 -0.01184448  0.00000000    0.01184448  0.00000000    0.27349250  0.00000000
    1    2
 -0.20346992  0.05911518   -0.03933077 -0.04097657   -0.03933077 -0.04097657
 -0.03933077 -0.04097657   -0.20346992  0.05911518    0.03933077  0.04097657
 -0.03933077 -0.04097657    0.03933077  0.04097657   -0.20346992  0.05911518
    2    1
 -0.20346992 -0.05911518   -0.03933077  0.04097657   -0.03933077  0.04097657
 -0.03933077  0.04097657   -0.20346992 -0.05911518    0.03933077 -0.04097657
 -0.03933077  0.04097657    0.03933077 -0.04097657   -0.20346992 -0.05911518
    2    2
  0.27349250  0.00000000   -0.01184448  0.00000000   -0.01184448  0.00000000
 -0.01184448  0.00000000    0.27349250  0.00000000    0.01184448  0.00000000
 -0.01184448  0.00000000    0.01184448  0.00000000    0.27349250  0.00000000

     Dynamical  Matrix in cartesian axes

     q = (    0.250000000   0.250000000  -0.250000000 ) 

    1    1
  0.27349250  0.00000000    0.01184448  0.00000000   -0.01184448  0.00000000
  0.01184448  0.00000000    0.27349250  0.00000000   -0.01184448  0.00000000
 -0.01184448  0.00000000   -0.01184448  0.00000000    0.27349250  0.00000000
    1    2
 -0.20346992  0.05911518    0.03933077  0.04097657   -0.03933077 -0.04097657
  0.03933077  0.04097657   -0.20346992  0.05911518   -0.03933077 -0.04097657
 -0.03933077 -0.04097657   -0.03933077 -0.04097657   -0.20346992  0.05911518
    2    1
 -0.20346992 -0.05911518    0.03933077 -0.04097657   -0.03933077  0.04097657
  0.03933077 -0.04097657   -0.20346992 -0.05911518   -0.03933077  0.04097657
 -0.03933077  0.04097657   -0.03933077  0.04097657   -0.20346992 -0.05911518
    2    2
  0.27349250  0.00000000    0.01184448  0.00000000   -0.01184448  0.00000000
  0.01184448  0.00000000    0.27349250  0.00000000   -0.01184448  0.00000000
 -0.01184448  0.00000000   -0.01184448  0.00000000    0.27349250  0.00000000

     Diagonalizing the dynamical matrix

     q = (   -0.250000000   0.250000000  -0.250000000 ) 

 **************************************************************************
     freq (    1) =       2.771733 [THz] =      92.455074 [cm-1]
 ( -0.179795  0.038287  0.380143  0.080117  0.559938  0.041831 ) 
 ( -0.176443  0.051575  0.385056  0.051575  0.561498 -0.000000 ) 
     freq (    2) =       2.771733 [THz] =      92.455074 [cm-1]
 ( -0.485624 -0.252410 -0.351635 -0.242401  0.133988  0.010010 ) 
 ( -0.503078 -0.215531 -0.368717 -0.215531  0.134362  0.000000 ) 
     freq (    3) =       6.783181 [THz] =     226.262555 [cm-1]
 (  0.270516  0.305758 -0.270516 -0.305758  0.270516  0.305758 ) 
 (  0.408248  0.000000 -0.408248 -0.000000  0.408248  0.000000 ) 
     freq (    4) =      14.327675 [THz] =     477.919794 [cm-1]
 (  0.270516  0.305758 -0.270516 -0.305758  0.270516  0.305758 ) 
 ( -0.408248  0.000000  0.408248  0.000000 -0.408248  0.000000 ) 
     freq (    5) =      14.613848 [THz] =     487.465510 [cm-1]
 ( -0.312316 -0.004025  0.262360  0.038906  0.574676  0.042932 ) 
 (  0.311748 -0.019253 -0.264530 -0.019253 -0.576278  0.000000 ) 
     freq (    6) =      14.613848 [THz] =     487.465510 [cm-1]
 ( -0.391652  0.287027 -0.426731  0.284406 -0.035079 -0.002621 ) 
 (  0.369181 -0.315407  0.404358 -0.315407  0.035177  0.000000 ) 
 **************************************************************************
