Dynamical matrix file
                                                                           
  1    2  2 10.3560000  0.0000000  0.0000000  0.0000000  0.0000000  0.0000000
           1  'Si  '    25598.822984527003     
    1    1      0.0000000000      0.0000000000      0.0000000000
    2    1      0.2500000000      0.2500000000      0.2500000000

     Dynamical  Matrix in cartesian axes

     q = (    0.750000000  -0.250000000   0.750000000 ) 

    1    1
  0.24197497  0.00000000   -0.00619192  0.00760210    0.00571350  0.00000000
 -0.00619192 -0.00760210    0.29288953  0.00000000   -0.00619192 -0.00760210
  0.00571350  0.00000000   -0.00619192  0.00760210    0.24197497  0.00000000
    1    2
 -0.05947550  0.06056398   -0.03972495  0.04206274   -0.04006888 -0.13156573
 -0.03972495  0.04206274   -0.05789793  0.07900770   -0.03972495  0.04206274
 -0.04006888 -0.13156573   -0.03972495  0.04206274   -0.05947550  0.06056398
    2    1
 -0.05947550 -0.06056398   -0.03972495 -0.04206274   -0.04006888  0.13156573
 -0.03972495 -0.04206274   -0.05789793 -0.07900770   -0.03972495 -0.04206274
 -0.04006888  0.13156573   -0.03972495 -0.04206274   -0.05947550 -0.06056398
    2    2
  0.24197497  0.00000000   -0.00619192 -0.00760210    0.00571350  0.00000000
 -0.00619192  0.00760210    0.29288953  0.00000000   -0.00619192  0.00760210
  0.00571350  0.00000000   -0.00619192 -0.00760210    0.24197497  0.00000000

     Dynamical  Matrix in cartesian axes

     q = (    0.750000000  -0.250000000  -0.750000000 ) 

    1    1
  0.24197497  0.00000000   -0.00619192 -0.00760210   -0.00571350  0.00000000
 -0.00619192  0.00760210    0.29288953  0.00000000    0.00619192 -0.00760210
 -0.00571350  0.00000000    0.00619192  0.00760210    0.24197497  0.00000000
    1    2
 -0.06056398  0.05947550   -0.04206274  0.03972495   -0.13156573 -0.04006888
 -0.04206274  0.03972495   -0.07900770  0.05789793    0.04206274 -0.03972495
 -0.13156573 -0.04006888    0.04206274 -0.03972495   -0.06056398  0.05947550
    2    1
 -0.06056398 -0.05947550   -0.04206274 -0.03972495   -0.13156573  0.04006888
 -0.04206274 -0.03972495   -0.07900770 -0.05789793    0.04206274  0.03972495
 -0.13156573  0.04006888    0.04206274  0.03972495   -0.06056398 -0.05947550
    2    2
  0.24197497  0.00000000   -0.00619192  0.00760210   -0.00571350  0.00000000
 -0.00619192 -0.00760210    0.29288953  0.00000000    0.00619192  0.00760210
 -0.00571350  0.00000000    0.00619192 -0.00760210    0.24197497  0.00000000

     Dynamical  Matrix in cartesian axes

     q = (   -0.750000000  -0.250000000  -0.750000000 ) 

    1    1
  0.24197497  0.00000000    0.00619192 -0.00760210    0.00571350  0.00000000
  0.00619192  0.00760210    0.29288953  0.00000000    0.00619192  0.00760210
  0.00571350  0.00000000    0.00619192 -0.00760210    0.24197497  0.00000000
    1    2
  0.06056398  0.05947550   -0.04206274 -0.03972495   -0.13156573  0.04006888
 -0.04206274 -0.03972495    0.07900770  0.05789793   -0.04206274 -0.03972495
 -0.13156573  0.04006888   -0.04206274 -0.03972495    0.06056398  0.05947550
    2    1
  0.06056398 -0.05947550   -0.04206274  0.03972495   -0.13156573 -0.04006888
 -0.04206274  0.03972495    0.07900770 -0.05789793   -0.04206274  0.03972495
 -0.13156573 -0.04006888   -0.04206274  0.03972495    0.06056398 -0.05947550
    2    2
  0.24197497  0.00000000    0.00619192  0.00760210    0.00571350  0.00000000
  0.00619192 -0.00760210    0.29288953  0.00000000    0.00619192 -0.00760210
  0.00571350  0.00000000    0.00619192  0.00760210    0.24197497  0.00000000

     Dynamical  Matrix in cartesian axes

     q = (   -0.750000000  -0.250000000   0.750000000 ) 

    1    1
  0.24197497  0.00000000    0.00619192  0.00760210   -0.00571350  0.00000000
  0.00619192 -0.00760210    0.29288953  0.00000000   -0.00619192  0.00760210
 -0.00571350  0.00000000   -0.00619192 -0.00760210    0.24197497  0.00000000
    1    2
 -0.06056398  0.05947550    0.04206274 -0.03972495   -0.13156573 -0.04006888
  0.04206274 -0.03972495   -0.07900770  0.05789793   -0.04206274  0.03972495
 -0.13156573 -0.04006888   -0.04206274  0.03972495   -0.06056398  0.05947550
    2    1
 -0.06056398 -0.05947550    0.04206274  0.03972495   -0.13156573  0.04006888
  0.04206274  0.03972495   -0.07900770 -0.05789793   -0.04206274 -0.03972495
 -0.13156573  0.04006888   -0.04206274 -0.03972495   -0.06056398 -0.05947550
    2    2
  0.24197497  0.00000000    0.00619192 -0.00760210   -0.00571350  0.00000000
  0.00619192  0.00760210    0.29288953  0.00000000   -0.00619192 -0.00760210
 -0.00571350  0.00000000   -0.00619192  0.00760210    0.24197497  0.00000000

     Dynamical  Matrix in cartesian axes

     q = (   -0.750000000   0.250000000  -0.750000000 ) 

    1    1
  0.24197497  0.00000000   -0.00619192 -0.00760210    0.00571350  0.00000000
 -0.00619192  0.00760210    0.29288953  0.00000000   -0.00619192  0.00760210
  0.00571350  0.00000000   -0.00619192 -0.00760210    0.24197497  0.00000000
    1    2
 -0.05947550 -0.06056398   -0.03972495 -0.04206274   -0.04006888  0.13156573
 -0.03972495 -0.04206274   -0.05789793 -0.07900770   -0.03972495 -0.04206274
 -0.04006888  0.13156573   -0.03972495 -0.04206274   -0.05947550 -0.06056398
    2    1
 -0.05947550  0.06056398   -0.03972495  0.04206274   -0.04006888 -0.13156573
 -0.03972495  0.04206274   -0.05789793  0.07900770   -0.03972495  0.04206274
 -0.04006888 -0.13156573   -0.03972495  0.04206274   -0.05947550  0.06056398
    2    2
  0.24197497  0.00000000   -0.00619192  0.00760210    0.00571350  0.00000000
 -0.00619192 -0.00760210    0.29288953  0.00000000   -0.00619192 -0.00760210
  0.00571350  0.00000000   -0.00619192  0.00760210    0.24197497  0.00000000

     Dynamical  Matrix in cartesian axes

     q = (   -0.250000000   0.750000000  -0.750000000 ) 

    1    1
  0.29288953  0.00000000   -0.00619192  0.00760210    0.00619192 -0.00760210
 -0.00619192 -0.00760210    0.24197497  0.00000000   -0.00571350  0.00000000
  0.00619192  0.00760210   -0.00571350  0.00000000    0.24197497  0.00000000
    1    2
 -0.07900770  0.05789793   -0.04206274  0.03972495    0.04206274 -0.03972495
 -0.04206274  0.03972495   -0.06056398  0.05947550   -0.13156573 -0.04006888
  0.04206274 -0.03972495   -0.13156573 -0.04006888   -0.06056398  0.05947550
    2    1
 -0.07900770 -0.05789793   -0.04206274 -0.03972495    0.04206274  0.03972495
 -0.04206274 -0.03972495   -0.06056398 -0.05947550   -0.13156573  0.04006888
  0.04206274  0.03972495   -0.13156573  0.04006888   -0.06056398 -0.05947550
    2    2
  0.29288953  0.00000000   -0.00619192 -0.00760210    0.00619192  0.00760210
 -0.00619192  0.00760210    0.24197497  0.00000000   -0.00571350  0.00000000
  0.00619192 -0.00760210   -0.00571350  0.00000000    0.24197497  0.00000000

     Dynamical  Matrix in cartesian axes

     q = (   -0.750000000   0.750000000  -0.250000000 ) 

    1    1
  0.24197497  0.00000000   -0.00571350  0.00000000    0.00619192  0.00760210
 -0.00571350  0.00000000    0.24197497  0.00000000   -0.00619192 -0.00760210
  0.00619192 -0.00760210   -0.00619192  0.00760210    0.29288953  0.00000000
    1    2
 -0.06056398  0.05947550   -0.13156573 -0.04006888    0.04206274 -0.03972495
 -0.13156573 -0.04006888   -0.06056398  0.05947550   -0.04206274  0.03972495
  0.04206274 -0.03972495   -0.04206274  0.03972495   -0.07900770  0.05789793
    2    1
 -0.06056398 -0.05947550   -0.13156573  0.04006888    0.04206274  0.03972495
 -0.13156573  0.04006888   -0.06056398 -0.05947550   -0.04206274 -0.03972495
  0.04206274  0.03972495   -0.04206274 -0.03972495   -0.07900770 -0.05789793
    2    2
  0.24197497  0.00000000   -0.00571350  0.00000000    0.00619192 -0.00760210
 -0.00571350  0.00000000    0.24197497  0.00000000   -0.00619192  0.00760210
  0.00619192  0.00760210   -0.00619192 -0.00760210    0.29288953  0.00000000

     Dynamical  Matrix in cartesian axes

     q = (    0.750000000   0.250000000   0.750000000 ) 

    1    1
  0.24197497  0.00000000    0.00619192  0.00760210    0.00571350  0.00000000
  0.00619192 -0.00760210    0.29288953  0.00000000    0.00619192 -0.00760210
  0.00571350  0.00000000    0.00619192  0.00760210    0.24197497  0.00000000
    1    2
  0.06056398 -0.05947550   -0.04206274  0.03972495   -0.13156573 -0.04006888
 -0.04206274  0.03972495    0.07900770 -0.05789793   -0.04206274  0.03972495
 -0.13156573 -0.04006888   -0.04206274  0.03972495    0.06056398 -0.05947550
    2    1
  0.06056398  0.05947550   -0.04206274 -0.03972495   -0.13156573  0.04006888
 -0.04206274 -0.03972495    0.07900770  0.05789793   -0.04206274 -0.03972495
 -0.13156573  0.04006888   -0.04206274 -0.03972495    0.06056398  0.05947550
    2    2
  0.24197497  0.00000000    0.00619192 -0.00760210    0.00571350  0.00000000
  0.00619192  0.00760210    0.29288953  0.00000000    0.00619192  0.00760210
  0.00571350  0.00000000    0.00619192 -0.00760210    0.24197497  0.00000000

     Dynamical  Matrix in cartesian axes

     q = (   -0.750000000   0.250000000   0.750000000 ) 

    1    1
  0.24197497  0.00000000   -0.00619192  0.00760210   -0.00571350  0.00000000
 -0.00619192 -0.00760210    0.29288953  0.00000000    0.00619192  0.00760210
 -0.00571350  0.00000000    0.00619192 -0.00760210    0.24197497  0.00000000
    1    2
 -0.06056398 -0.05947550   -0.04206274 -0.03972495   -0.13156573  0.04006888
 -0.04206274 -0.03972495   -0.07900770 -0.05789793    0.04206274  0.03972495
 -0.13156573  0.04006888    0.04206274  0.03972495   -0.06056398 -0.05947550
    2    1
 -0.06056398  0.05947550   -0.04206274  0.03972495   -0.13156573 -0.04006888
 -0.04206274  0.03972495   -0.07900770  0.05789793    0.04206274 -0.03972495
 -0.13156573 -0.04006888    0.04206274 -0.03972495   -0.06056398  0.05947550
    2    2
  0.24197497  0.00000000   -0.00619192 -0.00760210   -0.00571350  0.00000000
 -0.00619192  0.00760210    0.29288953  0.00000000    0.00619192 -0.00760210
 -0.00571350  0.00000000    0.00619192  0.00760210    0.24197497  0.00000000

     Dynamical  Matrix in cartesian axes

     q = (    0.750000000   0.250000000  -0.750000000 ) 

    1    1
  0.24197497  0.00000000    0.00619192 -0.00760210   -0.00571350  0.00000000
  0.00619192  0.00760210    0.29288953  0.00000000   -0.00619192 -0.00760210
 -0.00571350  0.00000000   -0.00619192  0.00760210    0.24197497  0.00000000
    1    2
 -0.06056398 -0.05947550    0.04206274  0.03972495   -0.13156573  0.04006888
  0.04206274  0.03972495   -0.07900770 -0.05789793   -0.04206274 -0.03972495
 -0.13156573  0.04006888   -0.04206274 -0.03972495   -0.06056398 -0.05947550
    2    1
 -0.06056398  0.05947550    0.04206274 -0.03972495   -0.13156573 -0.04006888
  0.04206274 -0.03972495   -0.07900770  0.05789793   -0.04206274  0.03972495
 -0.13156573 -0.04006888   -0.04206274  0.03972495   -0.06056398  0.05947550
    2    2
  0.24197497  0.00000000    0.00619192  0.00760210   -0.00571350  0.00000000
  0.00619192 -0.00760210    0.29288953  0.00000000   -0.00619192  0.00760210
 -0.00571350  0.00000000   -0.00619192 -0.00760210    0.24197497  0.00000000

     Dynamical  Matrix in cartesian axes

     q = (   -0.750000000   0.750000000   0.250000000 ) 

    1    1
  0.24197497  0.00000000   -0.00571350  0.00000000   -0.00619192  0.00760210
 -0.00571350  0.00000000    0.24197497  0.00000000    0.00619192 -0.00760210
 -0.00619192 -0.00760210    0.00619192  0.00760210    0.29288953  0.00000000
    1    2
 -0.06056398 -0.05947550   -0.13156573  0.04006888   -0.04206274 -0.03972495
 -0.13156573  0.04006888   -0.06056398 -0.05947550    0.04206274  0.03972495
 -0.04206274 -0.03972495    0.04206274  0.03972495   -0.07900770 -0.05789793
    2    1
 -0.06056398  0.05947550   -0.13156573 -0.04006888   -0.04206274  0.03972495
 -0.13156573 -0.04006888   -0.06056398  0.05947550    0.04206274 -0.03972495
 -0.04206274  0.03972495    0.04206274 -0.03972495   -0.07900770  0.05789793
    2    2
  0.24197497  0.00000000   -0.00571350  0.00000000   -0.00619192 -0.00760210
 -0.00571350  0.00000000    0.24197497  0.00000000    0.00619192  0.00760210
 -0.00619192  0.00760210    0.00619192 -0.00760210    0.29288953  0.00000000

     Dynamical  Matrix in cartesian axes

     q = (   -0.250000000   0.750000000   0.750000000 ) 

    1    1
  0.29288953  0.00000000   -0.00619192 -0.00760210   -0.00619192 -0.00760210
 -0.00619192  0.00760210    0.24197497  0.00000000    0.00571350  0.00000000
 -0.00619192  0.00760210    0.00571350  0.00000000    0.24197497  0.00000000
    1    2
 -0.05789793  0.07900770   -0.03972495  0.04206274   -0.03972495  0.04206274
 -0.03972495  0.04206274   -0.05947550  0.06056398   -0.04006888 -0.13156573
 -0.03972495  0.04206274   -0.04006888 -0.13156573   -0.05947550  0.06056398
    2    1
 -0.05789793 -0.07900770   -0.03972495 -0.04206274   -0.03972495 -0.04206274
 -0.03972495 -0.04206274   -0.05947550 -0.06056398   -0.04006888  0.13156573
 -0.03972495 -0.04206274   -0.04006888  0.13156573   -0.05947550 -0.06056398
    2    2
  0.29288953  0.00000000   -0.00619192  0.00760210   -0.00619192  0.00760210
 -0.00619192 -0.00760210    0.24197497  0.00000000    0.00571350  0.00000000
 -0.00619192 -0.00760210    0.00571350  0.00000000    0.24197497  0.00000000

     Dynamical  Matrix in cartesian axes

     q = (    0.250000000   0.750000000  -0.750000000 ) 

    1    1
  0.29288953  0.00000000    0.00619192  0.00760210   -0.00619192 -0.00760210
  0.00619192 -0.00760210    0.24197497  0.00000000   -0.00571350  0.00000000
 -0.00619192  0.00760210   -0.00571350  0.00000000    0.24197497  0.00000000
    1    2
 -0.07900770 -0.05789793    0.04206274  0.03972495   -0.04206274 -0.03972495
  0.04206274  0.03972495   -0.06056398 -0.05947550   -0.13156573  0.04006888
 -0.04206274 -0.03972495   -0.13156573  0.04006888   -0.06056398 -0.05947550
    2    1
 -0.07900770  0.05789793    0.04206274 -0.03972495   -0.04206274  0.03972495
  0.04206274 -0.03972495   -0.06056398  0.05947550   -0.13156573 -0.04006888
 -0.04206274  0.03972495   -0.13156573 -0.04006888   -0.06056398  0.05947550
    2    2
  0.29288953  0.00000000    0.00619192 -0.00760210   -0.00619192  0.00760210
  0.00619192  0.00760210    0.24197497  0.00000000   -0.00571350  0.00000000
 -0.00619192 -0.00760210   -0.00571350  0.00000000    0.24197497  0.00000000

     Dynamical  Matrix in cartesian axes

     q = (   -0.250000000  -0.750000000  -0.750000000 ) 

    1    1
  0.29288953  0.00000000    0.00619192  0.00760210    0.00619192  0.00760210
  0.00619192 -0.00760210    0.24197497  0.00000000    0.00571350  0.00000000
  0.00619192 -0.00760210    0.00571350  0.00000000    0.24197497  0.00000000
    1    2
  0.07900770  0.05789793   -0.04206274 -0.03972495   -0.04206274 -0.03972495
 -0.04206274 -0.03972495    0.06056398  0.05947550   -0.13156573  0.04006888
 -0.04206274 -0.03972495   -0.13156573  0.04006888    0.06056398  0.05947550
    2    1
  0.07900770 -0.05789793   -0.04206274  0.03972495   -0.04206274  0.03972495
 -0.04206274  0.03972495    0.06056398 -0.05947550   -0.13156573 -0.04006888
 -0.04206274  0.03972495   -0.13156573 -0.04006888    0.06056398 -0.05947550
    2    2
  0.29288953  0.00000000    0.00619192 -0.00760210    0.00619192 -0.00760210
  0.00619192  0.00760210    0.24197497  0.00000000    0.00571350  0.00000000
  0.00619192  0.00760210    0.00571350  0.00000000    0.24197497  0.00000000

     Dynamical  Matrix in cartesian axes

     q = (    0.750000000   0.750000000  -0.250000000 ) 

    1    1
  0.24197497  0.00000000    0.00571350  0.00000000   -0.00619192  0.00760210
  0.00571350  0.00000000    0.24197497  0.00000000   -0.00619192  0.00760210
 -0.00619192 -0.00760210   -0.00619192 -0.00760210    0.29288953  0.00000000
    1    2
 -0.05947550  0.06056398   -0.04006888 -0.13156573   -0.03972495  0.04206274
 -0.04006888 -0.13156573   -0.05947550  0.06056398   -0.03972495  0.04206274
 -0.03972495  0.04206274   -0.03972495  0.04206274   -0.05789793  0.07900770
    2    1
 -0.05947550 -0.06056398   -0.04006888  0.13156573   -0.03972495 -0.04206274
 -0.04006888  0.13156573   -0.05947550 -0.06056398   -0.03972495 -0.04206274
 -0.03972495 -0.04206274   -0.03972495 -0.04206274   -0.05789793 -0.07900770
    2    2
  0.24197497  0.00000000    0.00571350  0.00000000   -0.00619192 -0.00760210
  0.00571350  0.00000000    0.24197497  0.00000000   -0.00619192 -0.00760210
 -0.00619192  0.00760210   -0.00619192  0.00760210    0.29288953  0.00000000

     Dynamical  Matrix in cartesian axes

     q = (    0.750000000  -0.750000000   0.250000000 ) 

    1    1
  0.24197497  0.00000000   -0.00571350  0.00000000    0.00619192 -0.00760210
 -0.00571350  0.00000000    0.24197497  0.00000000   -0.00619192  0.00760210
  0.00619192  0.00760210   -0.00619192 -0.00760210    0.29288953  0.00000000
    1    2
 -0.06056398 -0.05947550   -0.13156573  0.04006888    0.04206274  0.03972495
 -0.13156573  0.04006888   -0.06056398 -0.05947550   -0.04206274 -0.03972495
  0.04206274  0.03972495   -0.04206274 -0.03972495   -0.07900770 -0.05789793
    2    1
 -0.06056398  0.05947550   -0.13156573 -0.04006888    0.04206274 -0.03972495
 -0.13156573 -0.04006888   -0.06056398  0.05947550   -0.04206274  0.03972495
  0.04206274 -0.03972495   -0.04206274  0.03972495   -0.07900770  0.05789793
    2    2
  0.24197497  0.00000000   -0.00571350  0.00000000    0.00619192  0.00760210
 -0.00571350  0.00000000    0.24197497  0.00000000   -0.00619192 -0.00760210
  0.00619192 -0.00760210   -0.00619192  0.00760210    0.29288953  0.00000000

     Dynamical  Matrix in cartesian axes

     q = (   -0.750000000  -0.750000000  -0.250000000 ) 

    1    1
  0.24197497  0.00000000    0.00571350  0.00000000    0.00619192 -0.00760210
  0.00571350  0.00000000    0.24197497  0.00000000    0.00619192 -0.00760210
  0.00619192  0.00760210    0.00619192  0.00760210    0.29288953  0.00000000
    1    2
  0.06056398  0.05947550   -0.13156573  0.04006888   -0.04206274 -0.03972495
 -0.13156573  0.04006888    0.06056398  0.05947550   -0.04206274 -0.03972495
 -0.04206274 -0.03972495   -0.04206274 -0.03972495    0.07900770  0.05789793
    2    1
  0.06056398 -0.05947550   -0.13156573 -0.04006888   -0.04206274  0.03972495
 -0.13156573 -0.04006888    0.06056398 -0.05947550   -0.04206274  0.03972495
 -0.04206274  0.03972495   -0.04206274  0.03972495    0.07900770 -0.05789793
    2    2
  0.24197497  0.00000000    0.00571350  0.00000000    0.00619192  0.00760210
  0.00571350  0.00000000    0.24197497  0.00000000    0.00619192  0.00760210
  0.00619192 -0.00760210    0.00619192 -0.00760210    0.29288953  0.00000000

     Dynamical  Matrix in cartesian axes

     q = (    0.250000000  -0.750000000   0.750000000 ) 

    1    1
  0.29288953  0.00000000   -0.00619192 -0.00760210    0.00619192  0.00760210
 -0.00619192  0.00760210    0.24197497  0.00000000   -0.00571350  0.00000000
  0.00619192 -0.00760210   -0.00571350  0.00000000    0.24197497  0.00000000
    1    2
 -0.07900770 -0.05789793   -0.04206274 -0.03972495    0.04206274  0.03972495
 -0.04206274 -0.03972495   -0.06056398 -0.05947550   -0.13156573  0.04006888
  0.04206274  0.03972495   -0.13156573  0.04006888   -0.06056398 -0.05947550
    2    1
 -0.07900770  0.05789793   -0.04206274  0.03972495    0.04206274 -0.03972495
 -0.04206274  0.03972495   -0.06056398  0.05947550   -0.13156573 -0.04006888
  0.04206274 -0.03972495   -0.13156573 -0.04006888   -0.06056398  0.05947550
    2    2
  0.29288953  0.00000000   -0.00619192  0.00760210    0.00619192 -0.00760210
 -0.00619192 -0.00760210    0.24197497  0.00000000   -0.00571350  0.00000000
  0.00619192  0.00760210   -0.00571350  0.00000000    0.24197497  0.00000000

     Dynamical  Matrix in cartesian axes

     q = (   -0.750000000  -0.750000000   0.250000000 ) 

    1    1
  0.24197497  0.00000000    0.00571350  0.00000000   -0.00619192 -0.00760210
  0.00571350  0.00000000    0.24197497  0.00000000   -0.00619192 -0.00760210
 -0.00619192  0.00760210   -0.00619192  0.00760210    0.29288953  0.00000000
    1    2
 -0.05947550 -0.06056398   -0.04006888  0.13156573   -0.03972495 -0.04206274
 -0.04006888  0.13156573   -0.05947550 -0.06056398   -0.03972495 -0.04206274
 -0.03972495 -0.04206274   -0.03972495 -0.04206274   -0.05789793 -0.07900770
    2    1
 -0.05947550  0.06056398   -0.04006888 -0.13156573   -0.03972495  0.04206274
 -0.04006888 -0.13156573   -0.05947550  0.06056398   -0.03972495  0.04206274
 -0.03972495  0.04206274   -0.03972495  0.04206274   -0.05789793  0.07900770
    2    2
  0.24197497  0.00000000    0.00571350  0.00000000   -0.00619192  0.00760210
  0.00571350  0.00000000    0.24197497  0.00000000   -0.00619192  0.00760210
 -0.00619192 -0.00760210   -0.00619192 -0.00760210    0.29288953  0.00000000

     Dynamical  Matrix in cartesian axes

     q = (    0.250000000   0.750000000   0.750000000 ) 

    1    1
  0.29288953  0.00000000    0.00619192 -0.00760210    0.00619192 -0.00760210
  0.00619192  0.00760210    0.24197497  0.00000000    0.00571350  0.00000000
  0.00619192  0.00760210    0.00571350  0.00000000    0.24197497  0.00000000
    1    2
  0.07900770 -0.05789793   -0.04206274  0.03972495   -0.04206274  0.03972495
 -0.04206274  0.03972495    0.06056398 -0.05947550   -0.13156573 -0.04006888
 -0.04206274  0.03972495   -0.13156573 -0.04006888    0.06056398 -0.05947550
    2    1
  0.07900770  0.05789793   -0.04206274 -0.03972495   -0.04206274 -0.03972495
 -0.04206274 -0.03972495    0.06056398  0.05947550   -0.13156573  0.04006888
 -0.04206274 -0.03972495   -0.13156573  0.04006888    0.06056398  0.05947550
    2    2
  0.29288953  0.00000000    0.00619192  0.00760210    0.00619192  0.00760210
  0.00619192 -0.00760210    0.24197497  0.00000000    0.00571350  0.00000000
  0.00619192 -0.00760210    0.00571350  0.00000000    0.24197497  0.00000000

     Dynamical  Matrix in cartesian axes

     q = (   -0.250000000  -0.750000000   0.750000000 ) 

    1    1
  0.29288953  0.00000000    0.00619192 -0.00760210   -0.00619192  0.00760210
  0.00619192  0.00760210    0.24197497  0.00000000   -0.00571350  0.00000000
 -0.00619192 -0.00760210   -0.00571350  0.00000000    0.24197497  0.00000000
    1    2
 -0.07900770  0.05789793    0.04206274 -0.03972495   -0.04206274  0.03972495
  0.04206274 -0.03972495   -0.06056398  0.05947550   -0.13156573 -0.04006888
 -0.04206274  0.03972495   -0.13156573 -0.04006888   -0.06056398  0.05947550
    2    1
 -0.07900770 -0.05789793    0.04206274  0.03972495   -0.04206274 -0.03972495
  0.04206274  0.03972495   -0.06056398 -0.05947550   -0.13156573  0.04006888
 -0.04206274 -0.03972495   -0.13156573  0.04006888   -0.06056398 -0.05947550
    2    2
  0.29288953  0.00000000    0.00619192  0.00760210   -0.00619192 -0.00760210
  0.00619192 -0.00760210    0.24197497  0.00000000   -0.00571350  0.00000000
 -0.00619192  0.00760210   -0.00571350  0.00000000    0.24197497  0.00000000

     Dynamical  Matrix in cartesian axes

     q = (    0.750000000   0.750000000   0.250000000 ) 

    1    1
  0.24197497  0.00000000    0.00571350  0.00000000    0.00619192  0.00760210
  0.00571350  0.00000000    0.24197497  0.00000000    0.00619192  0.00760210
  0.00619192 -0.00760210    0.00619192 -0.00760210    0.29288953  0.00000000
    1    2
  0.06056398 -0.05947550   -0.13156573 -0.04006888   -0.04206274  0.03972495
 -0.13156573 -0.04006888    0.06056398 -0.05947550   -0.04206274  0.03972495
 -0.04206274  0.03972495   -0.04206274  0.03972495    0.07900770 -0.05789793
    2    1
  0.06056398  0.05947550   -0.13156573  0.04006888   -0.04206274 -0.03972495
 -0.13156573  0.04006888    0.06056398  0.05947550   -0.04206274 -0.03972495
 -0.04206274 -0.03972495   -0.04206274 -0.03972495    0.07900770  0.05789793
    2    2
  0.24197497  0.00000000    0.00571350  0.00000000    0.00619192 -0.00760210
  0.00571350  0.00000000    0.24197497  0.00000000    0.00619192 -0.00760210
  0.00619192  0.00760210    0.00619192  0.00760210    0.29288953  0.00000000

     Dynamical  Matrix in cartesian axes

     q = (    0.250000000  -0.750000000  -0.750000000 ) 

    1    1
  0.29288953  0.00000000   -0.00619192  0.00760210   -0.00619192  0.00760210
 -0.00619192 -0.00760210    0.24197497  0.00000000    0.00571350  0.00000000
 -0.00619192 -0.00760210    0.00571350  0.00000000    0.24197497  0.00000000
    1    2
 -0.05789793 -0.07900770   -0.03972495 -0.04206274   -0.03972495 -0.04206274
 -0.03972495 -0.04206274   -0.05947550 -0.06056398   -0.04006888  0.13156573
 -0.03972495 -0.04206274   -0.04006888  0.13156573   -0.05947550 -0.06056398
    2    1
 -0.05789793  0.07900770   -0.03972495  0.04206274   -0.03972495  0.04206274
 -0.03972495  0.04206274   -0.05947550  0.06056398   -0.04006888 -0.13156573
 -0.03972495  0.04206274   -0.04006888 -0.13156573   -0.05947550  0.06056398
    2    2
  0.29288953  0.00000000   -0.00619192 -0.00760210   -0.00619192 -0.00760210
 -0.00619192  0.00760210    0.24197497  0.00000000    0.00571350  0.00000000
 -0.00619192  0.00760210    0.00571350  0.00000000    0.24197497  0.00000000

     Dynamical  Matrix in cartesian axes

     q = (    0.750000000  -0.750000000  -0.250000000 ) 

    1    1
  0.24197497  0.00000000   -0.00571350  0.00000000   -0.00619192 -0.00760210
 -0.00571350  0.00000000    0.24197497  0.00000000    0.00619192  0.00760210
 -0.00619192  0.00760210    0.00619192 -0.00760210    0.29288953  0.00000000
    1    2
 -0.06056398  0.05947550   -0.13156573 -0.04006888   -0.04206274  0.03972495
 -0.13156573 -0.04006888   -0.06056398  0.05947550    0.04206274 -0.03972495
 -0.04206274  0.03972495    0.04206274 -0.03972495   -0.07900770  0.05789793
    2    1
 -0.06056398 -0.05947550   -0.13156573  0.04006888   -0.04206274 -0.03972495
 -0.13156573  0.04006888   -0.06056398 -0.05947550    0.04206274  0.03972495
 -0.04206274 -0.03972495    0.04206274  0.03972495   -0.07900770 -0.05789793
    2    2
  0.24197497  0.00000000   -0.00571350  0.00000000   -0.00619192  0.00760210
 -0.00571350  0.00000000    0.24197497  0.00000000    0.00619192 -0.00760210
 -0.00619192 -0.00760210    0.00619192  0.00760210    0.29288953  0.00000000

     Diagonalizing the dynamical matrix

     q = (    0.750000000  -0.250000000   0.750000000 ) 

 **************************************************************************
     freq (    1) =       4.271459 [THz] =     142.480549 [cm-1]
 ( -0.050248  0.497469 -0.000000 -0.000000  0.050248 -0.497469 ) 
 ( -0.500000 -0.000000 -0.000000 -0.000000  0.500000  0.000000 ) 
     freq (    2) =       5.890542 [THz] =     196.487317 [cm-1]
 ( -0.391814 -0.158420 -0.344863  0.154399 -0.391814 -0.158420 ) 
 ( -0.422629 -0.000000 -0.261843 -0.272411 -0.422629  0.000000 ) 
     freq (    3) =       9.302306 [THz] =     310.291527 [cm-1]
 ( -0.109609  0.291877 -0.386910 -0.394827 -0.109609  0.291877 ) 
 (  0.311779 -0.000000 -0.233602 -0.501017  0.311779  0.000000 ) 
     freq (    4) =      11.975470 [THz] =     399.458674 [cm-1]
 ( -0.089829 -0.319236  0.404480  0.341225 -0.089829 -0.319236 ) 
 (  0.331633 -0.000000 -0.438029 -0.296933  0.331633  0.000000 ) 
     freq (    5) =      13.473495 [THz] =     449.427431 [cm-1]
 ( -0.050248  0.497469 -0.000000  0.000000  0.050248 -0.497469 ) 
 (  0.500000 -0.000000  0.000000  0.000000 -0.500000  0.000000 ) 
     freq (    6) =      13.873152 [THz] =     462.758533 [cm-1]
 (  0.300736  0.154128  0.471272 -0.222502  0.300736  0.154128 ) 
 ( -0.337932  0.000000 -0.317919 -0.412955 -0.337932  0.000000 ) 
 **************************************************************************
