Dynamical matrix file
                                                                           
  1    2  2 10.3560000  0.0000000  0.0000000  0.0000000  0.0000000  0.0000000
           1  'Si  '    25598.822984527003     
    1    1      0.0000000000      0.0000000000      0.0000000000
    2    1      0.2500000000      0.2500000000      0.2500000000

     Dynamical  Matrix in cartesian axes

     q = (   -0.250000000   0.250000000  -0.250000000 ) 

    1    1
  0.26561547  0.00000000   -0.01160313  0.00000000    0.01160313  0.00000000
 -0.01160313  0.00000000    0.26561547  0.00000000   -0.01160313  0.00000000
  0.01160313  0.00000000   -0.01160313  0.00000000    0.26561547  0.00000000
    1    2
 -0.19791944 -0.05735200   -0.03683076  0.03857934    0.03683076 -0.03857934
 -0.03683076  0.03857934   -0.19791944 -0.05735200   -0.03683076  0.03857934
  0.03683076 -0.03857934   -0.03683076  0.03857934   -0.19791944 -0.05735200
    2    1
 -0.19791944  0.05735200   -0.03683076 -0.03857934    0.03683076  0.03857934
 -0.03683076 -0.03857934   -0.19791944  0.05735200   -0.03683076 -0.03857934
  0.03683076  0.03857934   -0.03683076 -0.03857934   -0.19791944  0.05735200
    2    2
  0.26561547  0.00000000   -0.01160313  0.00000000    0.01160313  0.00000000
 -0.01160313  0.00000000    0.26561547  0.00000000   -0.01160313  0.00000000
  0.01160313  0.00000000   -0.01160313  0.00000000    0.26561547  0.00000000

     Dynamical  Matrix in cartesian axes

     q = (    0.250000000  -0.250000000  -0.250000000 ) 

    1    1
  0.26561547  0.00000000   -0.01160313  0.00000000   -0.01160313  0.00000000
 -0.01160313  0.00000000    0.26561547  0.00000000    0.01160313  0.00000000
 -0.01160313  0.00000000    0.01160313  0.00000000    0.26561547  0.00000000
    1    2
 -0.19791944 -0.05735200   -0.03683076  0.03857934   -0.03683076  0.03857934
 -0.03683076  0.03857934   -0.19791944 -0.05735200    0.03683076 -0.03857934
 -0.03683076  0.03857934    0.03683076 -0.03857934   -0.19791944 -0.05735200
    2    1
 -0.19791944  0.05735200   -0.03683076 -0.03857934   -0.03683076 -0.03857934
 -0.03683076 -0.03857934   -0.19791944  0.05735200    0.03683076  0.03857934
 -0.03683076 -0.03857934    0.03683076  0.03857934   -0.19791944  0.05735200
    2    2
  0.26561547  0.00000000   -0.01160313  0.00000000   -0.01160313  0.00000000
 -0.01160313  0.00000000    0.26561547  0.00000000    0.01160313  0.00000000
 -0.01160313  0.00000000    0.01160313  0.00000000    0.26561547  0.00000000

     Dynamical  Matrix in cartesian axes

     q = (    0.250000000  -0.250000000   0.250000000 ) 

    1    1
  0.26561547  0.00000000   -0.01160313  0.00000000    0.01160313  0.00000000
 -0.01160313  0.00000000    0.26561547  0.00000000   -0.01160313  0.00000000
  0.01160313  0.00000000   -0.01160313  0.00000000    0.26561547  0.00000000
    1    2
 -0.19791944  0.05735200   -0.03683076 -0.03857934    0.03683076  0.03857934
 -0.03683076 -0.03857934   -0.19791944  0.05735200   -0.03683076 -0.03857934
  0.03683076  0.03857934   -0.03683076 -0.03857934   -0.19791944  0.05735200
    2    1
 -0.19791944 -0.05735200   -0.03683076  0.03857934    0.03683076 -0.03857934
 -0.03683076  0.03857934   -0.19791944 -0.05735200   -0.03683076  0.03857934
  0.03683076 -0.03857934   -0.03683076  0.03857934   -0.19791944 -0.05735200
    2    2
  0.26561547  0.00000000   -0.01160313  0.00000000    0.01160313  0.00000000
 -0.01160313  0.00000000    0.26561547  0.00000000   -0.01160313  0.00000000
  0.01160313  0.00000000   -0.01160313  0.00000000    0.26561547  0.00000000

     Dynamical  Matrix in cartesian axes

     q = (    0.250000000   0.250000000   0.250000000 ) 

    1    1
  0.26561547  0.00000000    0.01160313  0.00000000    0.01160313  0.00000000
  0.01160313  0.00000000    0.26561547  0.00000000    0.01160313  0.00000000
  0.01160313  0.00000000    0.01160313  0.00000000    0.26561547  0.00000000
    1    2
 -0.05735200  0.19791944   -0.03857934 -0.03683076   -0.03857934 -0.03683076
 -0.03857934 -0.03683076   -0.05735200  0.19791944   -0.03857934 -0.03683076
 -0.03857934 -0.03683076   -0.03857934 -0.03683076   -0.05735200  0.19791944
    2    1
 -0.05735200 -0.19791944   -0.03857934  0.03683076   -0.03857934  0.03683076
 -0.03857934  0.03683076   -0.05735200 -0.19791944   -0.03857934  0.03683076
 -0.03857934  0.03683076   -0.03857934  0.03683076   -0.05735200 -0.19791944
    2    2
  0.26561547  0.00000000    0.01160313  0.00000000    0.01160313  0.00000000
  0.01160313  0.00000000    0.26561547  0.00000000    0.01160313  0.00000000
  0.01160313  0.00000000    0.01160313  0.00000000    0.26561547  0.00000000

     Dynamical  Matrix in cartesian axes

     q = (   -0.250000000  -0.250000000  -0.250000000 ) 

    1    1
  0.26561547  0.00000000    0.01160313  0.00000000    0.01160313  0.00000000
  0.01160313  0.00000000    0.26561547  0.00000000    0.01160313  0.00000000
  0.01160313  0.00000000    0.01160313  0.00000000    0.26561547  0.00000000
    1    2
 -0.05735200 -0.19791944   -0.03857934  0.03683076   -0.03857934  0.03683076
 -0.03857934  0.03683076   -0.05735200 -0.19791944   -0.03857934  0.03683076
 -0.03857934  0.03683076   -0.03857934  0.03683076   -0.05735200 -0.19791944
    2    1
 -0.05735200  0.19791944   -0.03857934 -0.03683076   -0.03857934 -0.03683076
 -0.03857934 -0.03683076   -0.05735200  0.19791944   -0.03857934 -0.03683076
 -0.03857934 -0.03683076   -0.03857934 -0.03683076   -0.05735200  0.19791944
    2    2
  0.26561547  0.00000000    0.01160313  0.00000000    0.01160313  0.00000000
  0.01160313  0.00000000    0.26561547  0.00000000    0.01160313  0.00000000
  0.01160313  0.00000000    0.01160313  0.00000000    0.26561547  0.00000000

     Dynamical  Matrix in cartesian axes

     q = (   -0.250000000  -0.250000000   0.250000000 ) 

    1    1
  0.26561547  0.00000000    0.01160313  0.00000000   -0.01160313  0.00000000
  0.01160313  0.00000000    0.26561547  0.00000000   -0.01160313  0.00000000
 -0.01160313  0.00000000   -0.01160313  0.00000000    0.26561547  0.00000000
    1    2
 -0.19791944 -0.05735200    0.03683076 -0.03857934   -0.03683076  0.03857934
  0.03683076 -0.03857934   -0.19791944 -0.05735200   -0.03683076  0.03857934
 -0.03683076  0.03857934   -0.03683076  0.03857934   -0.19791944 -0.05735200
    2    1
 -0.19791944  0.05735200    0.03683076  0.03857934   -0.03683076 -0.03857934
  0.03683076  0.03857934   -0.19791944  0.05735200   -0.03683076 -0.03857934
 -0.03683076 -0.03857934   -0.03683076 -0.03857934   -0.19791944  0.05735200
    2    2
  0.26561547  0.00000000    0.01160313  0.00000000   -0.01160313  0.00000000
  0.01160313  0.00000000    0.26561547  0.00000000   -0.01160313  0.00000000
 -0.01160313  0.00000000   -0.01160313  0.00000000    0.26561547  0.00000000

     Dynamical  Matrix in cartesian axes

     q = (   -0.250000000   0.250000000   0.250000000 ) 

    1    1
  0.26561547  0.00000000   -0.01160313  0.00000000   -0.01160313  0.00000000
 -0.01160313  0.00000000    0.26561547  0.00000000    0.01160313  0.00000000
 -0.01160313  0.00000000    0.01160313  0.00000000    0.26561547  0.00000000
    1    2
 -0.19791944  0.05735200   -0.03683076 -0.03857934   -0.03683076 -0.03857934
 -0.03683076 -0.03857934   -0.19791944  0.05735200    0.03683076  0.03857934
 -0.03683076 -0.03857934    0.03683076  0.03857934   -0.19791944  0.05735200
    2    1
 -0.19791944 -0.05735200   -0.03683076  0.03857934   -0.03683076  0.03857934
 -0.03683076  0.03857934   -0.19791944 -0.05735200    0.03683076 -0.03857934
 -0.03683076  0.03857934    0.03683076 -0.03857934   -0.19791944 -0.05735200
    2    2
  0.26561547  0.00000000   -0.01160313  0.00000000   -0.01160313  0.00000000
 -0.01160313  0.00000000    0.26561547  0.00000000    0.01160313  0.00000000
 -0.01160313  0.00000000    0.01160313  0.00000000    0.26561547  0.00000000

     Dynamical  Matrix in cartesian axes

     q = (    0.250000000   0.250000000  -0.250000000 ) 

    1    1
  0.26561547  0.00000000    0.01160313  0.00000000   -0.01160313  0.00000000
  0.01160313  0.00000000    0.26561547  0.00000000   -0.01160313  0.00000000
 -0.01160313  0.00000000   -0.01160313  0.00000000    0.26561547  0.00000000
    1    2
 -0.19791944  0.05735200    0.03683076  0.03857934   -0.03683076 -0.03857934
  0.03683076  0.03857934   -0.19791944  0.05735200   -0.03683076 -0.03857934
 -0.03683076 -0.03857934   -0.03683076 -0.03857934   -0.19791944  0.05735200
    2    1
 -0.19791944 -0.05735200    0.03683076 -0.03857934   -0.03683076  0.03857934
  0.03683076 -0.03857934   -0.19791944 -0.05735200   -0.03683076  0.03857934
 -0.03683076  0.03857934   -0.03683076  0.03857934   -0.19791944 -0.05735200
    2    2
  0.26561547  0.00000000    0.01160313  0.00000000   -0.01160313  0.00000000
  0.01160313  0.00000000    0.26561547  0.00000000   -0.01160313  0.00000000
 -0.01160313  0.00000000   -0.01160313  0.00000000    0.26561547  0.00000000

     Diagonalizing the dynamical matrix

     q = (   -0.250000000   0.250000000  -0.250000000 ) 

 **************************************************************************
     freq (    1) =       2.797694 [THz] =      93.321030 [cm-1]
 (  0.462905  0.037722 -0.064653 -0.004466 -0.527557 -0.042188 ) 
 (  0.464439  0.000702 -0.064803  0.000702 -0.529241  0.000000 ) 
     freq (    2) =       2.797694 [THz] =      93.321030 [cm-1]
 ( -0.341748 -0.028945 -0.571745 -0.047338 -0.229997 -0.018393 ) 
 ( -0.342968 -0.001611 -0.573699 -0.001611 -0.230731  0.000000 ) 
     freq (    3) =       6.685053 [THz] =     222.989369 [cm-1]
 ( -0.277020 -0.299878  0.277020  0.299878 -0.277020 -0.299878 ) 
 ( -0.408248 -0.000000  0.408248  0.000000 -0.408248  0.000000 ) 
     freq (    4) =      14.125684 [THz] =     471.182115 [cm-1]
 ( -0.277020 -0.299878  0.277020  0.299878 -0.277020 -0.299878 ) 
 (  0.408248  0.000000 -0.408248  0.000000  0.408248  0.000000 ) 
     freq (    5) =      14.386220 [THz] =     479.872640 [cm-1]
 ( -0.296645  0.188270 -0.537959  0.168972 -0.241313 -0.019298 ) 
 (  0.280694 -0.211318  0.522777 -0.211318  0.242084 -0.000000 ) 
     freq (    6) =      14.386220 [THz] =     479.872640 [cm-1]
 ( -0.453976  0.061608  0.068502  0.103389  0.522478  0.041782 ) 
 (  0.447620 -0.097600 -0.076526 -0.097600 -0.524146  0.000000 ) 
 **************************************************************************
