Dynamical matrix file
                                                                           
  1    2  2 10.3360000  0.0000000  0.0000000  0.0000000  0.0000000  0.0000000
           1  'Si  '    25598.822984527003     
    1    1      0.0000000000      0.0000000000      0.0000000000
    2    1      0.2500000000      0.2500000000      0.2500000000

     Dynamical  Matrix in cartesian axes

     q = (    0.750000000  -0.250000000   0.750000000 ) 

    1    1
  0.24531523  0.00000000   -0.00628364  0.00766372    0.00583488  0.00000000
 -0.00628364 -0.00766372    0.29651620  0.00000000   -0.00628364 -0.00766372
  0.00583488  0.00000000   -0.00628364  0.00766372    0.24531523  0.00000000
    1    2
 -0.06023688  0.06134123   -0.04068332  0.04307013   -0.04104492 -0.13462326
 -0.04068332  0.04307013   -0.05862574  0.07979634   -0.04068332  0.04307013
 -0.04104492 -0.13462326   -0.04068332  0.04307013   -0.06023688  0.06134123
    2    1
 -0.06023688 -0.06134123   -0.04068332 -0.04307013   -0.04104492  0.13462326
 -0.04068332 -0.04307013   -0.05862574 -0.07979634   -0.04068332 -0.04307013
 -0.04104492  0.13462326   -0.04068332 -0.04307013   -0.06023688 -0.06134123
    2    2
  0.24531523  0.00000000   -0.00628364 -0.00766372    0.00583488  0.00000000
 -0.00628364  0.00766372    0.29651620  0.00000000   -0.00628364  0.00766372
  0.00583488  0.00000000   -0.00628364 -0.00766372    0.24531523  0.00000000

     Dynamical  Matrix in cartesian axes

     q = (    0.750000000  -0.250000000  -0.750000000 ) 

    1    1
  0.24531523  0.00000000   -0.00628364 -0.00766372   -0.00583488  0.00000000
 -0.00628364  0.00766372    0.29651620  0.00000000    0.00628364 -0.00766372
 -0.00583488  0.00000000    0.00628364  0.00766372    0.24531523  0.00000000
    1    2
 -0.06134123  0.06023688   -0.04307013  0.04068332   -0.13462326 -0.04104492
 -0.04307013  0.04068332   -0.07979634  0.05862574    0.04307013 -0.04068332
 -0.13462326 -0.04104492    0.04307013 -0.04068332   -0.06134123  0.06023688
    2    1
 -0.06134123 -0.06023688   -0.04307013 -0.04068332   -0.13462326  0.04104492
 -0.04307013 -0.04068332   -0.07979634 -0.05862574    0.04307013  0.04068332
 -0.13462326  0.04104492    0.04307013  0.04068332   -0.06134123 -0.06023688
    2    2
  0.24531523  0.00000000   -0.00628364  0.00766372   -0.00583488  0.00000000
 -0.00628364 -0.00766372    0.29651620  0.00000000    0.00628364  0.00766372
 -0.00583488  0.00000000    0.00628364 -0.00766372    0.24531523  0.00000000

     Dynamical  Matrix in cartesian axes

     q = (   -0.750000000  -0.250000000  -0.750000000 ) 

    1    1
  0.24531523  0.00000000    0.00628364 -0.00766372    0.00583488  0.00000000
  0.00628364  0.00766372    0.29651620  0.00000000    0.00628364  0.00766372
  0.00583488  0.00000000    0.00628364 -0.00766372    0.24531523  0.00000000
    1    2
  0.06134123  0.06023688   -0.04307013 -0.04068332   -0.13462326  0.04104492
 -0.04307013 -0.04068332    0.07979634  0.05862574   -0.04307013 -0.04068332
 -0.13462326  0.04104492   -0.04307013 -0.04068332    0.06134123  0.06023688
    2    1
  0.06134123 -0.06023688   -0.04307013  0.04068332   -0.13462326 -0.04104492
 -0.04307013  0.04068332    0.07979634 -0.05862574   -0.04307013  0.04068332
 -0.13462326 -0.04104492   -0.04307013  0.04068332    0.06134123 -0.06023688
    2    2
  0.24531523  0.00000000    0.00628364  0.00766372    0.00583488  0.00000000
  0.00628364 -0.00766372    0.29651620  0.00000000    0.00628364 -0.00766372
  0.00583488  0.00000000    0.00628364  0.00766372    0.24531523  0.00000000

     Dynamical  Matrix in cartesian axes

     q = (   -0.750000000  -0.250000000   0.750000000 ) 

    1    1
  0.24531523  0.00000000    0.00628364  0.00766372   -0.00583488  0.00000000
  0.00628364 -0.00766372    0.29651620  0.00000000   -0.00628364  0.00766372
 -0.00583488  0.00000000   -0.00628364 -0.00766372    0.24531523  0.00000000
    1    2
 -0.06134123  0.06023688    0.04307013 -0.04068332   -0.13462326 -0.04104492
  0.04307013 -0.04068332   -0.07979634  0.05862574   -0.04307013  0.04068332
 -0.13462326 -0.04104492   -0.04307013  0.04068332   -0.06134123  0.06023688
    2    1
 -0.06134123 -0.06023688    0.04307013  0.04068332   -0.13462326  0.04104492
  0.04307013  0.04068332   -0.07979634 -0.05862574   -0.04307013 -0.04068332
 -0.13462326  0.04104492   -0.04307013 -0.04068332   -0.06134123 -0.06023688
    2    2
  0.24531523  0.00000000    0.00628364 -0.00766372   -0.00583488  0.00000000
  0.00628364  0.00766372    0.29651620  0.00000000   -0.00628364 -0.00766372
 -0.00583488  0.00000000   -0.00628364  0.00766372    0.24531523  0.00000000

     Dynamical  Matrix in cartesian axes

     q = (   -0.750000000   0.250000000  -0.750000000 ) 

    1    1
  0.24531523  0.00000000   -0.00628364 -0.00766372    0.00583488  0.00000000
 -0.00628364  0.00766372    0.29651620  0.00000000   -0.00628364  0.00766372
  0.00583488  0.00000000   -0.00628364 -0.00766372    0.24531523  0.00000000
    1    2
 -0.06023688 -0.06134123   -0.04068332 -0.04307013   -0.04104492  0.13462326
 -0.04068332 -0.04307013   -0.05862574 -0.07979634   -0.04068332 -0.04307013
 -0.04104492  0.13462326   -0.04068332 -0.04307013   -0.06023688 -0.06134123
    2    1
 -0.06023688  0.06134123   -0.04068332  0.04307013   -0.04104492 -0.13462326
 -0.04068332  0.04307013   -0.05862574  0.07979634   -0.04068332  0.04307013
 -0.04104492 -0.13462326   -0.04068332  0.04307013   -0.06023688  0.06134123
    2    2
  0.24531523  0.00000000   -0.00628364  0.00766372    0.00583488  0.00000000
 -0.00628364 -0.00766372    0.29651620  0.00000000   -0.00628364 -0.00766372
  0.00583488  0.00000000   -0.00628364  0.00766372    0.24531523  0.00000000

     Dynamical  Matrix in cartesian axes

     q = (   -0.250000000   0.750000000  -0.750000000 ) 

    1    1
  0.29651620  0.00000000   -0.00628364  0.00766372    0.00628364 -0.00766372
 -0.00628364 -0.00766372    0.24531523  0.00000000   -0.00583488  0.00000000
  0.00628364  0.00766372   -0.00583488  0.00000000    0.24531523  0.00000000
    1    2
 -0.07979634  0.05862574   -0.04307013  0.04068332    0.04307013 -0.04068332
 -0.04307013  0.04068332   -0.06134123  0.06023688   -0.13462326 -0.04104492
  0.04307013 -0.04068332   -0.13462326 -0.04104492   -0.06134123  0.06023688
    2    1
 -0.07979634 -0.05862574   -0.04307013 -0.04068332    0.04307013  0.04068332
 -0.04307013 -0.04068332   -0.06134123 -0.06023688   -0.13462326  0.04104492
  0.04307013  0.04068332   -0.13462326  0.04104492   -0.06134123 -0.06023688
    2    2
  0.29651620  0.00000000   -0.00628364 -0.00766372    0.00628364  0.00766372
 -0.00628364  0.00766372    0.24531523  0.00000000   -0.00583488  0.00000000
  0.00628364 -0.00766372   -0.00583488  0.00000000    0.24531523  0.00000000

     Dynamical  Matrix in cartesian axes

     q = (   -0.750000000   0.750000000  -0.250000000 ) 

    1    1
  0.24531523  0.00000000   -0.00583488  0.00000000    0.00628364  0.00766372
 -0.00583488  0.00000000    0.24531523  0.00000000   -0.00628364 -0.00766372
  0.00628364 -0.00766372   -0.00628364  0.00766372    0.29651620  0.00000000
    1    2
 -0.06134123  0.06023688   -0.13462326 -0.04104492    0.04307013 -0.04068332
 -0.13462326 -0.04104492   -0.06134123  0.06023688   -0.04307013  0.04068332
  0.04307013 -0.04068332   -0.04307013  0.04068332   -0.07979634  0.05862574
    2    1
 -0.06134123 -0.06023688   -0.13462326  0.04104492    0.04307013  0.04068332
 -0.13462326  0.04104492   -0.06134123 -0.06023688   -0.04307013 -0.04068332
  0.04307013  0.04068332   -0.04307013 -0.04068332   -0.07979634 -0.05862574
    2    2
  0.24531523  0.00000000   -0.00583488  0.00000000    0.00628364 -0.00766372
 -0.00583488  0.00000000    0.24531523  0.00000000   -0.00628364  0.00766372
  0.00628364  0.00766372   -0.00628364 -0.00766372    0.29651620  0.00000000

     Dynamical  Matrix in cartesian axes

     q = (    0.750000000   0.250000000   0.750000000 ) 

    1    1
  0.24531523  0.00000000    0.00628364  0.00766372    0.00583488  0.00000000
  0.00628364 -0.00766372    0.29651620  0.00000000    0.00628364 -0.00766372
  0.00583488  0.00000000    0.00628364  0.00766372    0.24531523  0.00000000
    1    2
  0.06134123 -0.06023688   -0.04307013  0.04068332   -0.13462326 -0.04104492
 -0.04307013  0.04068332    0.07979634 -0.05862574   -0.04307013  0.04068332
 -0.13462326 -0.04104492   -0.04307013  0.04068332    0.06134123 -0.06023688
    2    1
  0.06134123  0.06023688   -0.04307013 -0.04068332   -0.13462326  0.04104492
 -0.04307013 -0.04068332    0.07979634  0.05862574   -0.04307013 -0.04068332
 -0.13462326  0.04104492   -0.04307013 -0.04068332    0.06134123  0.06023688
    2    2
  0.24531523  0.00000000    0.00628364 -0.00766372    0.00583488  0.00000000
  0.00628364  0.00766372    0.29651620  0.00000000    0.00628364  0.00766372
  0.00583488  0.00000000    0.00628364 -0.00766372    0.24531523  0.00000000

     Dynamical  Matrix in cartesian axes

     q = (   -0.750000000   0.250000000   0.750000000 ) 

    1    1
  0.24531523  0.00000000   -0.00628364  0.00766372   -0.00583488  0.00000000
 -0.00628364 -0.00766372    0.29651620  0.00000000    0.00628364  0.00766372
 -0.00583488  0.00000000    0.00628364 -0.00766372    0.24531523  0.00000000
    1    2
 -0.06134123 -0.06023688   -0.04307013 -0.04068332   -0.13462326  0.04104492
 -0.04307013 -0.04068332   -0.07979634 -0.05862574    0.04307013  0.04068332
 -0.13462326  0.04104492    0.04307013  0.04068332   -0.06134123 -0.06023688
    2    1
 -0.06134123  0.06023688   -0.04307013  0.04068332   -0.13462326 -0.04104492
 -0.04307013  0.04068332   -0.07979634  0.05862574    0.04307013 -0.04068332
 -0.13462326 -0.04104492    0.04307013 -0.04068332   -0.06134123  0.06023688
    2    2
  0.24531523  0.00000000   -0.00628364 -0.00766372   -0.00583488  0.00000000
 -0.00628364  0.00766372    0.29651620  0.00000000    0.00628364 -0.00766372
 -0.00583488  0.00000000    0.00628364  0.00766372    0.24531523  0.00000000

     Dynamical  Matrix in cartesian axes

     q = (    0.750000000   0.250000000  -0.750000000 ) 

    1    1
  0.24531523  0.00000000    0.00628364 -0.00766372   -0.00583488  0.00000000
  0.00628364  0.00766372    0.29651620  0.00000000   -0.00628364 -0.00766372
 -0.00583488  0.00000000   -0.00628364  0.00766372    0.24531523  0.00000000
    1    2
 -0.06134123 -0.06023688    0.04307013  0.04068332   -0.13462326  0.04104492
  0.04307013  0.04068332   -0.07979634 -0.05862574   -0.04307013 -0.04068332
 -0.13462326  0.04104492   -0.04307013 -0.04068332   -0.06134123 -0.06023688
    2    1
 -0.06134123  0.06023688    0.04307013 -0.04068332   -0.13462326 -0.04104492
  0.04307013 -0.04068332   -0.07979634  0.05862574   -0.04307013  0.04068332
 -0.13462326 -0.04104492   -0.04307013  0.04068332   -0.06134123  0.06023688
    2    2
  0.24531523  0.00000000    0.00628364  0.00766372   -0.00583488  0.00000000
  0.00628364 -0.00766372    0.29651620  0.00000000   -0.00628364  0.00766372
 -0.00583488  0.00000000   -0.00628364 -0.00766372    0.24531523  0.00000000

     Dynamical  Matrix in cartesian axes

     q = (   -0.750000000   0.750000000   0.250000000 ) 

    1    1
  0.24531523  0.00000000   -0.00583488  0.00000000   -0.00628364  0.00766372
 -0.00583488  0.00000000    0.24531523  0.00000000    0.00628364 -0.00766372
 -0.00628364 -0.00766372    0.00628364  0.00766372    0.29651620  0.00000000
    1    2
 -0.06134123 -0.06023688   -0.13462326  0.04104492   -0.04307013 -0.04068332
 -0.13462326  0.04104492   -0.06134123 -0.06023688    0.04307013  0.04068332
 -0.04307013 -0.04068332    0.04307013  0.04068332   -0.07979634 -0.05862574
    2    1
 -0.06134123  0.06023688   -0.13462326 -0.04104492   -0.04307013  0.04068332
 -0.13462326 -0.04104492   -0.06134123  0.06023688    0.04307013 -0.04068332
 -0.04307013  0.04068332    0.04307013 -0.04068332   -0.07979634  0.05862574
    2    2
  0.24531523  0.00000000   -0.00583488  0.00000000   -0.00628364 -0.00766372
 -0.00583488  0.00000000    0.24531523  0.00000000    0.00628364  0.00766372
 -0.00628364  0.00766372    0.00628364 -0.00766372    0.29651620  0.00000000

     Dynamical  Matrix in cartesian axes

     q = (   -0.250000000   0.750000000   0.750000000 ) 

    1    1
  0.29651620  0.00000000   -0.00628364 -0.00766372   -0.00628364 -0.00766372
 -0.00628364  0.00766372    0.24531523  0.00000000    0.00583488  0.00000000
 -0.00628364  0.00766372    0.00583488  0.00000000    0.24531523  0.00000000
    1    2
 -0.05862574  0.07979634   -0.04068332  0.04307013   -0.04068332  0.04307013
 -0.04068332  0.04307013   -0.06023688  0.06134123   -0.04104492 -0.13462326
 -0.04068332  0.04307013   -0.04104492 -0.13462326   -0.06023688  0.06134123
    2    1
 -0.05862574 -0.07979634   -0.04068332 -0.04307013   -0.04068332 -0.04307013
 -0.04068332 -0.04307013   -0.06023688 -0.06134123   -0.04104492  0.13462326
 -0.04068332 -0.04307013   -0.04104492  0.13462326   -0.06023688 -0.06134123
    2    2
  0.29651620  0.00000000   -0.00628364  0.00766372   -0.00628364  0.00766372
 -0.00628364 -0.00766372    0.24531523  0.00000000    0.00583488  0.00000000
 -0.00628364 -0.00766372    0.00583488  0.00000000    0.24531523  0.00000000

     Dynamical  Matrix in cartesian axes

     q = (    0.250000000   0.750000000  -0.750000000 ) 

    1    1
  0.29651620  0.00000000    0.00628364  0.00766372   -0.00628364 -0.00766372
  0.00628364 -0.00766372    0.24531523  0.00000000   -0.00583488  0.00000000
 -0.00628364  0.00766372   -0.00583488  0.00000000    0.24531523  0.00000000
    1    2
 -0.07979634 -0.05862574    0.04307013  0.04068332   -0.04307013 -0.04068332
  0.04307013  0.04068332   -0.06134123 -0.06023688   -0.13462326  0.04104492
 -0.04307013 -0.04068332   -0.13462326  0.04104492   -0.06134123 -0.06023688
    2    1
 -0.07979634  0.05862574    0.04307013 -0.04068332   -0.04307013  0.04068332
  0.04307013 -0.04068332   -0.06134123  0.06023688   -0.13462326 -0.04104492
 -0.04307013  0.04068332   -0.13462326 -0.04104492   -0.06134123  0.06023688
    2    2
  0.29651620  0.00000000    0.00628364 -0.00766372   -0.00628364  0.00766372
  0.00628364  0.00766372    0.24531523  0.00000000   -0.00583488  0.00000000
 -0.00628364 -0.00766372   -0.00583488  0.00000000    0.24531523  0.00000000

     Dynamical  Matrix in cartesian axes

     q = (   -0.250000000  -0.750000000  -0.750000000 ) 

    1    1
  0.29651620  0.00000000    0.00628364  0.00766372    0.00628364  0.00766372
  0.00628364 -0.00766372    0.24531523  0.00000000    0.00583488  0.00000000
  0.00628364 -0.00766372    0.00583488  0.00000000    0.24531523  0.00000000
    1    2
  0.07979634  0.05862574   -0.04307013 -0.04068332   -0.04307013 -0.04068332
 -0.04307013 -0.04068332    0.06134123  0.06023688   -0.13462326  0.04104492
 -0.04307013 -0.04068332   -0.13462326  0.04104492    0.06134123  0.06023688
    2    1
  0.07979634 -0.05862574   -0.04307013  0.04068332   -0.04307013  0.04068332
 -0.04307013  0.04068332    0.06134123 -0.06023688   -0.13462326 -0.04104492
 -0.04307013  0.04068332   -0.13462326 -0.04104492    0.06134123 -0.06023688
    2    2
  0.29651620  0.00000000    0.00628364 -0.00766372    0.00628364 -0.00766372
  0.00628364  0.00766372    0.24531523  0.00000000    0.00583488  0.00000000
  0.00628364  0.00766372    0.00583488  0.00000000    0.24531523  0.00000000

     Dynamical  Matrix in cartesian axes

     q = (    0.750000000   0.750000000  -0.250000000 ) 

    1    1
  0.24531523  0.00000000    0.00583488  0.00000000   -0.00628364  0.00766372
  0.00583488  0.00000000    0.24531523  0.00000000   -0.00628364  0.00766372
 -0.00628364 -0.00766372   -0.00628364 -0.00766372    0.29651620  0.00000000
    1    2
 -0.06023688  0.06134123   -0.04104492 -0.13462326   -0.04068332  0.04307013
 -0.04104492 -0.13462326   -0.06023688  0.06134123   -0.04068332  0.04307013
 -0.04068332  0.04307013   -0.04068332  0.04307013   -0.05862574  0.07979634
    2    1
 -0.06023688 -0.06134123   -0.04104492  0.13462326   -0.04068332 -0.04307013
 -0.04104492  0.13462326   -0.06023688 -0.06134123   -0.04068332 -0.04307013
 -0.04068332 -0.04307013   -0.04068332 -0.04307013   -0.05862574 -0.07979634
    2    2
  0.24531523  0.00000000    0.00583488  0.00000000   -0.00628364 -0.00766372
  0.00583488  0.00000000    0.24531523  0.00000000   -0.00628364 -0.00766372
 -0.00628364  0.00766372   -0.00628364  0.00766372    0.29651620  0.00000000

     Dynamical  Matrix in cartesian axes

     q = (    0.750000000  -0.750000000   0.250000000 ) 

    1    1
  0.24531523  0.00000000   -0.00583488  0.00000000    0.00628364 -0.00766372
 -0.00583488  0.00000000    0.24531523  0.00000000   -0.00628364  0.00766372
  0.00628364  0.00766372   -0.00628364 -0.00766372    0.29651620  0.00000000
    1    2
 -0.06134123 -0.06023688   -0.13462326  0.04104492    0.04307013  0.04068332
 -0.13462326  0.04104492   -0.06134123 -0.06023688   -0.04307013 -0.04068332
  0.04307013  0.04068332   -0.04307013 -0.04068332   -0.07979634 -0.05862574
    2    1
 -0.06134123  0.06023688   -0.13462326 -0.04104492    0.04307013 -0.04068332
 -0.13462326 -0.04104492   -0.06134123  0.06023688   -0.04307013  0.04068332
  0.04307013 -0.04068332   -0.04307013  0.04068332   -0.07979634  0.05862574
    2    2
  0.24531523  0.00000000   -0.00583488  0.00000000    0.00628364  0.00766372
 -0.00583488  0.00000000    0.24531523  0.00000000   -0.00628364 -0.00766372
  0.00628364 -0.00766372   -0.00628364  0.00766372    0.29651620  0.00000000

     Dynamical  Matrix in cartesian axes

     q = (   -0.750000000  -0.750000000  -0.250000000 ) 

    1    1
  0.24531523  0.00000000    0.00583488  0.00000000    0.00628364 -0.00766372
  0.00583488  0.00000000    0.24531523  0.00000000    0.00628364 -0.00766372
  0.00628364  0.00766372    0.00628364  0.00766372    0.29651620  0.00000000
    1    2
  0.06134123  0.06023688   -0.13462326  0.04104492   -0.04307013 -0.04068332
 -0.13462326  0.04104492    0.06134123  0.06023688   -0.04307013 -0.04068332
 -0.04307013 -0.04068332   -0.04307013 -0.04068332    0.07979634  0.05862574
    2    1
  0.06134123 -0.06023688   -0.13462326 -0.04104492   -0.04307013  0.04068332
 -0.13462326 -0.04104492    0.06134123 -0.06023688   -0.04307013  0.04068332
 -0.04307013  0.04068332   -0.04307013  0.04068332    0.07979634 -0.05862574
    2    2
  0.24531523  0.00000000    0.00583488  0.00000000    0.00628364  0.00766372
  0.00583488  0.00000000    0.24531523  0.00000000    0.00628364  0.00766372
  0.00628364 -0.00766372    0.00628364 -0.00766372    0.29651620  0.00000000

     Dynamical  Matrix in cartesian axes

     q = (    0.250000000  -0.750000000   0.750000000 ) 

    1    1
  0.29651620  0.00000000   -0.00628364 -0.00766372    0.00628364  0.00766372
 -0.00628364  0.00766372    0.24531523  0.00000000   -0.00583488  0.00000000
  0.00628364 -0.00766372   -0.00583488  0.00000000    0.24531523  0.00000000
    1    2
 -0.07979634 -0.05862574   -0.04307013 -0.04068332    0.04307013  0.04068332
 -0.04307013 -0.04068332   -0.06134123 -0.06023688   -0.13462326  0.04104492
  0.04307013  0.04068332   -0.13462326  0.04104492   -0.06134123 -0.06023688
    2    1
 -0.07979634  0.05862574   -0.04307013  0.04068332    0.04307013 -0.04068332
 -0.04307013  0.04068332   -0.06134123  0.06023688   -0.13462326 -0.04104492
  0.04307013 -0.04068332   -0.13462326 -0.04104492   -0.06134123  0.06023688
    2    2
  0.29651620  0.00000000   -0.00628364  0.00766372    0.00628364 -0.00766372
 -0.00628364 -0.00766372    0.24531523  0.00000000   -0.00583488  0.00000000
  0.00628364  0.00766372   -0.00583488  0.00000000    0.24531523  0.00000000

     Dynamical  Matrix in cartesian axes

     q = (   -0.750000000  -0.750000000   0.250000000 ) 

    1    1
  0.24531523  0.00000000    0.00583488  0.00000000   -0.00628364 -0.00766372
  0.00583488  0.00000000    0.24531523  0.00000000   -0.00628364 -0.00766372
 -0.00628364  0.00766372   -0.00628364  0.00766372    0.29651620  0.00000000
    1    2
 -0.06023688 -0.06134123   -0.04104492  0.13462326   -0.04068332 -0.04307013
 -0.04104492  0.13462326   -0.06023688 -0.06134123   -0.04068332 -0.04307013
 -0.04068332 -0.04307013   -0.04068332 -0.04307013   -0.05862574 -0.07979634
    2    1
 -0.06023688  0.06134123   -0.04104492 -0.13462326   -0.04068332  0.04307013
 -0.04104492 -0.13462326   -0.06023688  0.06134123   -0.04068332  0.04307013
 -0.04068332  0.04307013   -0.04068332  0.04307013   -0.05862574  0.07979634
    2    2
  0.24531523  0.00000000    0.00583488  0.00000000   -0.00628364  0.00766372
  0.00583488  0.00000000    0.24531523  0.00000000   -0.00628364  0.00766372
 -0.00628364 -0.00766372   -0.00628364 -0.00766372    0.29651620  0.00000000

     Dynamical  Matrix in cartesian axes

     q = (    0.250000000   0.750000000   0.750000000 ) 

    1    1
  0.29651620  0.00000000    0.00628364 -0.00766372    0.00628364 -0.00766372
  0.00628364  0.00766372    0.24531523  0.00000000    0.00583488  0.00000000
  0.00628364  0.00766372    0.00583488  0.00000000    0.24531523  0.00000000
    1    2
  0.07979634 -0.05862574   -0.04307013  0.04068332   -0.04307013  0.04068332
 -0.04307013  0.04068332    0.06134123 -0.06023688   -0.13462326 -0.04104492
 -0.04307013  0.04068332   -0.13462326 -0.04104492    0.06134123 -0.06023688
    2    1
  0.07979634  0.05862574   -0.04307013 -0.04068332   -0.04307013 -0.04068332
 -0.04307013 -0.04068332    0.06134123  0.06023688   -0.13462326  0.04104492
 -0.04307013 -0.04068332   -0.13462326  0.04104492    0.06134123  0.06023688
    2    2
  0.29651620  0.00000000    0.00628364  0.00766372    0.00628364  0.00766372
  0.00628364 -0.00766372    0.24531523  0.00000000    0.00583488  0.00000000
  0.00628364 -0.00766372    0.00583488  0.00000000    0.24531523  0.00000000

     Dynamical  Matrix in cartesian axes

     q = (   -0.250000000  -0.750000000   0.750000000 ) 

    1    1
  0.29651620  0.00000000    0.00628364 -0.00766372   -0.00628364  0.00766372
  0.00628364  0.00766372    0.24531523  0.00000000   -0.00583488  0.00000000
 -0.00628364 -0.00766372   -0.00583488  0.00000000    0.24531523  0.00000000
    1    2
 -0.07979634  0.05862574    0.04307013 -0.04068332   -0.04307013  0.04068332
  0.04307013 -0.04068332   -0.06134123  0.06023688   -0.13462326 -0.04104492
 -0.04307013  0.04068332   -0.13462326 -0.04104492   -0.06134123  0.06023688
    2    1
 -0.07979634 -0.05862574    0.04307013  0.04068332   -0.04307013 -0.04068332
  0.04307013  0.04068332   -0.06134123 -0.06023688   -0.13462326  0.04104492
 -0.04307013 -0.04068332   -0.13462326  0.04104492   -0.06134123 -0.06023688
    2    2
  0.29651620  0.00000000    0.00628364  0.00766372   -0.00628364 -0.00766372
  0.00628364 -0.00766372    0.24531523  0.00000000   -0.00583488  0.00000000
 -0.00628364  0.00766372   -0.00583488  0.00000000    0.24531523  0.00000000

     Dynamical  Matrix in cartesian axes

     q = (    0.750000000   0.750000000   0.250000000 ) 

    1    1
  0.24531523  0.00000000    0.00583488  0.00000000    0.00628364  0.00766372
  0.00583488  0.00000000    0.24531523  0.00000000    0.00628364  0.00766372
  0.00628364 -0.00766372    0.00628364 -0.00766372    0.29651620  0.00000000
    1    2
  0.06134123 -0.06023688   -0.13462326 -0.04104492   -0.04307013  0.04068332
 -0.13462326 -0.04104492    0.06134123 -0.06023688   -0.04307013  0.04068332
 -0.04307013  0.04068332   -0.04307013  0.04068332    0.07979634 -0.05862574
    2    1
  0.06134123  0.06023688   -0.13462326  0.04104492   -0.04307013 -0.04068332
 -0.13462326  0.04104492    0.06134123  0.06023688   -0.04307013 -0.04068332
 -0.04307013 -0.04068332   -0.04307013 -0.04068332    0.07979634  0.05862574
    2    2
  0.24531523  0.00000000    0.00583488  0.00000000    0.00628364 -0.00766372
  0.00583488  0.00000000    0.24531523  0.00000000    0.00628364 -0.00766372
  0.00628364  0.00766372    0.00628364  0.00766372    0.29651620  0.00000000

     Dynamical  Matrix in cartesian axes

     q = (    0.250000000  -0.750000000  -0.750000000 ) 

    1    1
  0.29651620  0.00000000   -0.00628364  0.00766372   -0.00628364  0.00766372
 -0.00628364 -0.00766372    0.24531523  0.00000000    0.00583488  0.00000000
 -0.00628364 -0.00766372    0.00583488  0.00000000    0.24531523  0.00000000
    1    2
 -0.05862574 -0.07979634   -0.04068332 -0.04307013   -0.04068332 -0.04307013
 -0.04068332 -0.04307013   -0.06023688 -0.06134123   -0.04104492  0.13462326
 -0.04068332 -0.04307013   -0.04104492  0.13462326   -0.06023688 -0.06134123
    2    1
 -0.05862574  0.07979634   -0.04068332  0.04307013   -0.04068332  0.04307013
 -0.04068332  0.04307013   -0.06023688  0.06134123   -0.04104492 -0.13462326
 -0.04068332  0.04307013   -0.04104492 -0.13462326   -0.06023688  0.06134123
    2    2
  0.29651620  0.00000000   -0.00628364 -0.00766372   -0.00628364 -0.00766372
 -0.00628364  0.00766372    0.24531523  0.00000000    0.00583488  0.00000000
 -0.00628364  0.00766372    0.00583488  0.00000000    0.24531523  0.00000000

     Dynamical  Matrix in cartesian axes

     q = (    0.750000000  -0.750000000  -0.250000000 ) 

    1    1
  0.24531523  0.00000000   -0.00583488  0.00000000   -0.00628364 -0.00766372
 -0.00583488  0.00000000    0.24531523  0.00000000    0.00628364  0.00766372
 -0.00628364  0.00766372    0.00628364 -0.00766372    0.29651620  0.00000000
    1    2
 -0.06134123  0.06023688   -0.13462326 -0.04104492   -0.04307013  0.04068332
 -0.13462326 -0.04104492   -0.06134123  0.06023688    0.04307013 -0.04068332
 -0.04307013  0.04068332    0.04307013 -0.04068332   -0.07979634  0.05862574
    2    1
 -0.06134123 -0.06023688   -0.13462326  0.04104492   -0.04307013 -0.04068332
 -0.13462326  0.04104492   -0.06134123 -0.06023688    0.04307013  0.04068332
 -0.04307013 -0.04068332    0.04307013  0.04068332   -0.07979634 -0.05862574
    2    2
  0.24531523  0.00000000   -0.00583488  0.00000000   -0.00628364  0.00766372
 -0.00583488  0.00000000    0.24531523  0.00000000    0.00628364 -0.00766372
 -0.00628364 -0.00766372    0.00628364  0.00766372    0.29651620  0.00000000

     Diagonalizing the dynamical matrix

     q = (    0.750000000  -0.250000000   0.750000000 ) 

 **************************************************************************
     freq (    1) =       4.242865 [THz] =     141.526753 [cm-1]
 (  0.048735 -0.497619 -0.000000  0.000000 -0.048735  0.497619 ) 
 (  0.500000 -0.000000 -0.000000 -0.000000 -0.500000  0.000000 ) 
     freq (    2) =       5.883156 [THz] =     196.240976 [cm-1]
 ( -0.390843 -0.161617 -0.344292  0.153967 -0.390843 -0.161617 ) 
 ( -0.422940  0.000000 -0.259328 -0.273846 -0.422940  0.000000 ) 
     freq (    3) =       9.354351 [THz] =     312.027554 [cm-1]
 (  0.113876 -0.289656  0.382436  0.400008  0.113876 -0.289656 ) 
 ( -0.311237 -0.000000  0.232346  0.502274 -0.311237  0.000000 ) 
     freq (    4) =      12.063851 [THz] =     402.406749 [cm-1]
 (  0.082221  0.318642 -0.403577 -0.347189  0.082221  0.318642 ) 
 ( -0.329079  0.000000  0.437011  0.304031 -0.329079  0.000000 ) 
     freq (    5) =      13.583092 [THz] =     453.083182 [cm-1]
 (  0.048735 -0.497619 -0.000000  0.000000 -0.048735  0.497619 ) 
 ( -0.500000  0.000000 -0.000000  0.000000  0.500000  0.000000 ) 
     freq (    6) =      13.980325 [THz] =     466.333447 [cm-1]
 ( -0.301895 -0.157542 -0.468082  0.221313 -0.301895 -0.157542 ) 
 (  0.340529 -0.000000  0.312588  0.412757  0.340529 -0.000000 ) 
 **************************************************************************
