Dynamical matrix file
                                                                           
  1    2  2 10.3409000  0.0000000  0.0000000  0.0000000  0.0000000  0.0000000
           1  'Si  '    25598.822984527003     
    1    1      0.0000000000      0.0000000000      0.0000000000
    2    1      0.2500000000      0.2500000000      0.2500000000

     Dynamical  Matrix in cartesian axes

     q = (    0.750000000  -0.250000000   0.750000000 ) 

    1    1
  0.24402580  0.00000000   -0.00471250  0.00741210    0.00141864  0.00000000
 -0.00471250 -0.00741210    0.29985720  0.00000000   -0.00471250 -0.00741210
  0.00141864  0.00000000   -0.00471250  0.00741210    0.24402580  0.00000000
    1    2
 -0.05805421  0.06765853   -0.03623148  0.04029152   -0.04107306 -0.13068302
 -0.03623148  0.04029152   -0.05658057  0.08683459   -0.03623148  0.04029152
 -0.04107306 -0.13068302   -0.03623148  0.04029152   -0.05805421  0.06765853
    2    1
 -0.05805421 -0.06765853   -0.03623148 -0.04029152   -0.04107306  0.13068302
 -0.03623148 -0.04029152   -0.05658057 -0.08683459   -0.03623148 -0.04029152
 -0.04107306  0.13068302   -0.03623148 -0.04029152   -0.05805421 -0.06765853
    2    2
  0.24402580  0.00000000   -0.00471250 -0.00741210    0.00141864  0.00000000
 -0.00471250  0.00741210    0.29985720  0.00000000   -0.00471250  0.00741210
  0.00141864  0.00000000   -0.00471250 -0.00741210    0.24402580  0.00000000

     Dynamical  Matrix in cartesian axes

     q = (    0.750000000  -0.250000000  -0.750000000 ) 

    1    1
  0.24402580  0.00000000   -0.00471250 -0.00741210   -0.00141864  0.00000000
 -0.00471250  0.00741210    0.29985720  0.00000000    0.00471250 -0.00741210
 -0.00141864  0.00000000    0.00471250  0.00741210    0.24402580  0.00000000
    1    2
 -0.06765853  0.05805421   -0.04029152  0.03623148   -0.13068302 -0.04107306
 -0.04029152  0.03623148   -0.08683459  0.05658057    0.04029152 -0.03623148
 -0.13068302 -0.04107306    0.04029152 -0.03623148   -0.06765853  0.05805421
    2    1
 -0.06765853 -0.05805421   -0.04029152 -0.03623148   -0.13068302  0.04107306
 -0.04029152 -0.03623148   -0.08683459 -0.05658057    0.04029152  0.03623148
 -0.13068302  0.04107306    0.04029152  0.03623148   -0.06765853 -0.05805421
    2    2
  0.24402580  0.00000000   -0.00471250  0.00741210   -0.00141864  0.00000000
 -0.00471250 -0.00741210    0.29985720  0.00000000    0.00471250  0.00741210
 -0.00141864  0.00000000    0.00471250 -0.00741210    0.24402580  0.00000000

     Dynamical  Matrix in cartesian axes

     q = (   -0.750000000  -0.250000000  -0.750000000 ) 

    1    1
  0.24402580  0.00000000    0.00471250 -0.00741210    0.00141864  0.00000000
  0.00471250  0.00741210    0.29985720  0.00000000    0.00471250  0.00741210
  0.00141864  0.00000000    0.00471250 -0.00741210    0.24402580  0.00000000
    1    2
  0.06765853  0.05805421   -0.04029152 -0.03623148   -0.13068302  0.04107306
 -0.04029152 -0.03623148    0.08683459  0.05658057   -0.04029152 -0.03623148
 -0.13068302  0.04107306   -0.04029152 -0.03623148    0.06765853  0.05805421
    2    1
  0.06765853 -0.05805421   -0.04029152  0.03623148   -0.13068302 -0.04107306
 -0.04029152  0.03623148    0.08683459 -0.05658057   -0.04029152  0.03623148
 -0.13068302 -0.04107306   -0.04029152  0.03623148    0.06765853 -0.05805421
    2    2
  0.24402580  0.00000000    0.00471250  0.00741210    0.00141864  0.00000000
  0.00471250 -0.00741210    0.29985720  0.00000000    0.00471250 -0.00741210
  0.00141864  0.00000000    0.00471250  0.00741210    0.24402580  0.00000000

     Dynamical  Matrix in cartesian axes

     q = (   -0.750000000  -0.250000000   0.750000000 ) 

    1    1
  0.24402580  0.00000000    0.00471250  0.00741210   -0.00141864  0.00000000
  0.00471250 -0.00741210    0.29985720  0.00000000   -0.00471250  0.00741210
 -0.00141864  0.00000000   -0.00471250 -0.00741210    0.24402580  0.00000000
    1    2
 -0.06765853  0.05805421    0.04029152 -0.03623148   -0.13068302 -0.04107306
  0.04029152 -0.03623148   -0.08683459  0.05658057   -0.04029152  0.03623148
 -0.13068302 -0.04107306   -0.04029152  0.03623148   -0.06765853  0.05805421
    2    1
 -0.06765853 -0.05805421    0.04029152  0.03623148   -0.13068302  0.04107306
  0.04029152  0.03623148   -0.08683459 -0.05658057   -0.04029152 -0.03623148
 -0.13068302  0.04107306   -0.04029152 -0.03623148   -0.06765853 -0.05805421
    2    2
  0.24402580  0.00000000    0.00471250 -0.00741210   -0.00141864  0.00000000
  0.00471250  0.00741210    0.29985720  0.00000000   -0.00471250 -0.00741210
 -0.00141864  0.00000000   -0.00471250  0.00741210    0.24402580  0.00000000

     Dynamical  Matrix in cartesian axes

     q = (   -0.750000000   0.250000000  -0.750000000 ) 

    1    1
  0.24402580  0.00000000   -0.00471250 -0.00741210    0.00141864  0.00000000
 -0.00471250  0.00741210    0.29985720  0.00000000   -0.00471250  0.00741210
  0.00141864  0.00000000   -0.00471250 -0.00741210    0.24402580  0.00000000
    1    2
 -0.05805421 -0.06765853   -0.03623148 -0.04029152   -0.04107306  0.13068302
 -0.03623148 -0.04029152   -0.05658057 -0.08683459   -0.03623148 -0.04029152
 -0.04107306  0.13068302   -0.03623148 -0.04029152   -0.05805421 -0.06765853
    2    1
 -0.05805421  0.06765853   -0.03623148  0.04029152   -0.04107306 -0.13068302
 -0.03623148  0.04029152   -0.05658057  0.08683459   -0.03623148  0.04029152
 -0.04107306 -0.13068302   -0.03623148  0.04029152   -0.05805421  0.06765853
    2    2
  0.24402580  0.00000000   -0.00471250  0.00741210    0.00141864  0.00000000
 -0.00471250 -0.00741210    0.29985720  0.00000000   -0.00471250 -0.00741210
  0.00141864  0.00000000   -0.00471250  0.00741210    0.24402580  0.00000000

     Dynamical  Matrix in cartesian axes

     q = (   -0.250000000   0.750000000  -0.750000000 ) 

    1    1
  0.29985720  0.00000000   -0.00471250  0.00741210    0.00471250 -0.00741210
 -0.00471250 -0.00741210    0.24402580  0.00000000   -0.00141864  0.00000000
  0.00471250  0.00741210   -0.00141864  0.00000000    0.24402580  0.00000000
    1    2
 -0.08683459  0.05658057   -0.04029152  0.03623148    0.04029152 -0.03623148
 -0.04029152  0.03623148   -0.06765853  0.05805421   -0.13068302 -0.04107306
  0.04029152 -0.03623148   -0.13068302 -0.04107306   -0.06765853  0.05805421
    2    1
 -0.08683459 -0.05658057   -0.04029152 -0.03623148    0.04029152  0.03623148
 -0.04029152 -0.03623148   -0.06765853 -0.05805421   -0.13068302  0.04107306
  0.04029152  0.03623148   -0.13068302  0.04107306   -0.06765853 -0.05805421
    2    2
  0.29985720  0.00000000   -0.00471250 -0.00741210    0.00471250  0.00741210
 -0.00471250  0.00741210    0.24402580  0.00000000   -0.00141864  0.00000000
  0.00471250 -0.00741210   -0.00141864  0.00000000    0.24402580  0.00000000

     Dynamical  Matrix in cartesian axes

     q = (   -0.750000000   0.750000000  -0.250000000 ) 

    1    1
  0.24402580  0.00000000   -0.00141864  0.00000000    0.00471250  0.00741210
 -0.00141864  0.00000000    0.24402580  0.00000000   -0.00471250 -0.00741210
  0.00471250 -0.00741210   -0.00471250  0.00741210    0.29985720  0.00000000
    1    2
 -0.06765853  0.05805421   -0.13068302 -0.04107306    0.04029152 -0.03623148
 -0.13068302 -0.04107306   -0.06765853  0.05805421   -0.04029152  0.03623148
  0.04029152 -0.03623148   -0.04029152  0.03623148   -0.08683459  0.05658057
    2    1
 -0.06765853 -0.05805421   -0.13068302  0.04107306    0.04029152  0.03623148
 -0.13068302  0.04107306   -0.06765853 -0.05805421   -0.04029152 -0.03623148
  0.04029152  0.03623148   -0.04029152 -0.03623148   -0.08683459 -0.05658057
    2    2
  0.24402580  0.00000000   -0.00141864  0.00000000    0.00471250 -0.00741210
 -0.00141864  0.00000000    0.24402580  0.00000000   -0.00471250  0.00741210
  0.00471250  0.00741210   -0.00471250 -0.00741210    0.29985720  0.00000000

     Dynamical  Matrix in cartesian axes

     q = (    0.750000000   0.250000000   0.750000000 ) 

    1    1
  0.24402580  0.00000000    0.00471250  0.00741210    0.00141864  0.00000000
  0.00471250 -0.00741210    0.29985720  0.00000000    0.00471250 -0.00741210
  0.00141864  0.00000000    0.00471250  0.00741210    0.24402580  0.00000000
    1    2
  0.06765853 -0.05805421   -0.04029152  0.03623148   -0.13068302 -0.04107306
 -0.04029152  0.03623148    0.08683459 -0.05658057   -0.04029152  0.03623148
 -0.13068302 -0.04107306   -0.04029152  0.03623148    0.06765853 -0.05805421
    2    1
  0.06765853  0.05805421   -0.04029152 -0.03623148   -0.13068302  0.04107306
 -0.04029152 -0.03623148    0.08683459  0.05658057   -0.04029152 -0.03623148
 -0.13068302  0.04107306   -0.04029152 -0.03623148    0.06765853  0.05805421
    2    2
  0.24402580  0.00000000    0.00471250 -0.00741210    0.00141864  0.00000000
  0.00471250  0.00741210    0.29985720  0.00000000    0.00471250  0.00741210
  0.00141864  0.00000000    0.00471250 -0.00741210    0.24402580  0.00000000

     Dynamical  Matrix in cartesian axes

     q = (   -0.750000000   0.250000000   0.750000000 ) 

    1    1
  0.24402580  0.00000000   -0.00471250  0.00741210   -0.00141864  0.00000000
 -0.00471250 -0.00741210    0.29985720  0.00000000    0.00471250  0.00741210
 -0.00141864  0.00000000    0.00471250 -0.00741210    0.24402580  0.00000000
    1    2
 -0.06765853 -0.05805421   -0.04029152 -0.03623148   -0.13068302  0.04107306
 -0.04029152 -0.03623148   -0.08683459 -0.05658057    0.04029152  0.03623148
 -0.13068302  0.04107306    0.04029152  0.03623148   -0.06765853 -0.05805421
    2    1
 -0.06765853  0.05805421   -0.04029152  0.03623148   -0.13068302 -0.04107306
 -0.04029152  0.03623148   -0.08683459  0.05658057    0.04029152 -0.03623148
 -0.13068302 -0.04107306    0.04029152 -0.03623148   -0.06765853  0.05805421
    2    2
  0.24402580  0.00000000   -0.00471250 -0.00741210   -0.00141864  0.00000000
 -0.00471250  0.00741210    0.29985720  0.00000000    0.00471250 -0.00741210
 -0.00141864  0.00000000    0.00471250  0.00741210    0.24402580  0.00000000

     Dynamical  Matrix in cartesian axes

     q = (    0.750000000   0.250000000  -0.750000000 ) 

    1    1
  0.24402580  0.00000000    0.00471250 -0.00741210   -0.00141864  0.00000000
  0.00471250  0.00741210    0.29985720  0.00000000   -0.00471250 -0.00741210
 -0.00141864  0.00000000   -0.00471250  0.00741210    0.24402580  0.00000000
    1    2
 -0.06765853 -0.05805421    0.04029152  0.03623148   -0.13068302  0.04107306
  0.04029152  0.03623148   -0.08683459 -0.05658057   -0.04029152 -0.03623148
 -0.13068302  0.04107306   -0.04029152 -0.03623148   -0.06765853 -0.05805421
    2    1
 -0.06765853  0.05805421    0.04029152 -0.03623148   -0.13068302 -0.04107306
  0.04029152 -0.03623148   -0.08683459  0.05658057   -0.04029152  0.03623148
 -0.13068302 -0.04107306   -0.04029152  0.03623148   -0.06765853  0.05805421
    2    2
  0.24402580  0.00000000    0.00471250  0.00741210   -0.00141864  0.00000000
  0.00471250 -0.00741210    0.29985720  0.00000000   -0.00471250  0.00741210
 -0.00141864  0.00000000   -0.00471250 -0.00741210    0.24402580  0.00000000

     Dynamical  Matrix in cartesian axes

     q = (   -0.750000000   0.750000000   0.250000000 ) 

    1    1
  0.24402580  0.00000000   -0.00141864  0.00000000   -0.00471250  0.00741210
 -0.00141864  0.00000000    0.24402580  0.00000000    0.00471250 -0.00741210
 -0.00471250 -0.00741210    0.00471250  0.00741210    0.29985720  0.00000000
    1    2
 -0.06765853 -0.05805421   -0.13068302  0.04107306   -0.04029152 -0.03623148
 -0.13068302  0.04107306   -0.06765853 -0.05805421    0.04029152  0.03623148
 -0.04029152 -0.03623148    0.04029152  0.03623148   -0.08683459 -0.05658057
    2    1
 -0.06765853  0.05805421   -0.13068302 -0.04107306   -0.04029152  0.03623148
 -0.13068302 -0.04107306   -0.06765853  0.05805421    0.04029152 -0.03623148
 -0.04029152  0.03623148    0.04029152 -0.03623148   -0.08683459  0.05658057
    2    2
  0.24402580  0.00000000   -0.00141864  0.00000000   -0.00471250 -0.00741210
 -0.00141864  0.00000000    0.24402580  0.00000000    0.00471250  0.00741210
 -0.00471250  0.00741210    0.00471250 -0.00741210    0.29985720  0.00000000

     Dynamical  Matrix in cartesian axes

     q = (   -0.250000000   0.750000000   0.750000000 ) 

    1    1
  0.29985720  0.00000000   -0.00471250 -0.00741210   -0.00471250 -0.00741210
 -0.00471250  0.00741210    0.24402580  0.00000000    0.00141864  0.00000000
 -0.00471250  0.00741210    0.00141864  0.00000000    0.24402580  0.00000000
    1    2
 -0.05658057  0.08683459   -0.03623148  0.04029152   -0.03623148  0.04029152
 -0.03623148  0.04029152   -0.05805421  0.06765853   -0.04107306 -0.13068302
 -0.03623148  0.04029152   -0.04107306 -0.13068302   -0.05805421  0.06765853
    2    1
 -0.05658057 -0.08683459   -0.03623148 -0.04029152   -0.03623148 -0.04029152
 -0.03623148 -0.04029152   -0.05805421 -0.06765853   -0.04107306  0.13068302
 -0.03623148 -0.04029152   -0.04107306  0.13068302   -0.05805421 -0.06765853
    2    2
  0.29985720  0.00000000   -0.00471250  0.00741210   -0.00471250  0.00741210
 -0.00471250 -0.00741210    0.24402580  0.00000000    0.00141864  0.00000000
 -0.00471250 -0.00741210    0.00141864  0.00000000    0.24402580  0.00000000

     Dynamical  Matrix in cartesian axes

     q = (    0.250000000   0.750000000  -0.750000000 ) 

    1    1
  0.29985720  0.00000000    0.00471250  0.00741210   -0.00471250 -0.00741210
  0.00471250 -0.00741210    0.24402580  0.00000000   -0.00141864  0.00000000
 -0.00471250  0.00741210   -0.00141864  0.00000000    0.24402580  0.00000000
    1    2
 -0.08683459 -0.05658057    0.04029152  0.03623148   -0.04029152 -0.03623148
  0.04029152  0.03623148   -0.06765853 -0.05805421   -0.13068302  0.04107306
 -0.04029152 -0.03623148   -0.13068302  0.04107306   -0.06765853 -0.05805421
    2    1
 -0.08683459  0.05658057    0.04029152 -0.03623148   -0.04029152  0.03623148
  0.04029152 -0.03623148   -0.06765853  0.05805421   -0.13068302 -0.04107306
 -0.04029152  0.03623148   -0.13068302 -0.04107306   -0.06765853  0.05805421
    2    2
  0.29985720  0.00000000    0.00471250 -0.00741210   -0.00471250  0.00741210
  0.00471250  0.00741210    0.24402580  0.00000000   -0.00141864  0.00000000
 -0.00471250 -0.00741210   -0.00141864  0.00000000    0.24402580  0.00000000

     Dynamical  Matrix in cartesian axes

     q = (   -0.250000000  -0.750000000  -0.750000000 ) 

    1    1
  0.29985720  0.00000000    0.00471250  0.00741210    0.00471250  0.00741210
  0.00471250 -0.00741210    0.24402580  0.00000000    0.00141864  0.00000000
  0.00471250 -0.00741210    0.00141864  0.00000000    0.24402580  0.00000000
    1    2
  0.08683459  0.05658057   -0.04029152 -0.03623148   -0.04029152 -0.03623148
 -0.04029152 -0.03623148    0.06765853  0.05805421   -0.13068302  0.04107306
 -0.04029152 -0.03623148   -0.13068302  0.04107306    0.06765853  0.05805421
    2    1
  0.08683459 -0.05658057   -0.04029152  0.03623148   -0.04029152  0.03623148
 -0.04029152  0.03623148    0.06765853 -0.05805421   -0.13068302 -0.04107306
 -0.04029152  0.03623148   -0.13068302 -0.04107306    0.06765853 -0.05805421
    2    2
  0.29985720  0.00000000    0.00471250 -0.00741210    0.00471250 -0.00741210
  0.00471250  0.00741210    0.24402580  0.00000000    0.00141864  0.00000000
  0.00471250  0.00741210    0.00141864  0.00000000    0.24402580  0.00000000

     Dynamical  Matrix in cartesian axes

     q = (    0.750000000   0.750000000  -0.250000000 ) 

    1    1
  0.24402580  0.00000000    0.00141864  0.00000000   -0.00471250  0.00741210
  0.00141864  0.00000000    0.24402580  0.00000000   -0.00471250  0.00741210
 -0.00471250 -0.00741210   -0.00471250 -0.00741210    0.29985720  0.00000000
    1    2
 -0.05805421  0.06765853   -0.04107306 -0.13068302   -0.03623148  0.04029152
 -0.04107306 -0.13068302   -0.05805421  0.06765853   -0.03623148  0.04029152
 -0.03623148  0.04029152   -0.03623148  0.04029152   -0.05658057  0.08683459
    2    1
 -0.05805421 -0.06765853   -0.04107306  0.13068302   -0.03623148 -0.04029152
 -0.04107306  0.13068302   -0.05805421 -0.06765853   -0.03623148 -0.04029152
 -0.03623148 -0.04029152   -0.03623148 -0.04029152   -0.05658057 -0.08683459
    2    2
  0.24402580  0.00000000    0.00141864  0.00000000   -0.00471250 -0.00741210
  0.00141864  0.00000000    0.24402580  0.00000000   -0.00471250 -0.00741210
 -0.00471250  0.00741210   -0.00471250  0.00741210    0.29985720  0.00000000

     Dynamical  Matrix in cartesian axes

     q = (    0.750000000  -0.750000000   0.250000000 ) 

    1    1
  0.24402580  0.00000000   -0.00141864  0.00000000    0.00471250 -0.00741210
 -0.00141864  0.00000000    0.24402580  0.00000000   -0.00471250  0.00741210
  0.00471250  0.00741210   -0.00471250 -0.00741210    0.29985720  0.00000000
    1    2
 -0.06765853 -0.05805421   -0.13068302  0.04107306    0.04029152  0.03623148
 -0.13068302  0.04107306   -0.06765853 -0.05805421   -0.04029152 -0.03623148
  0.04029152  0.03623148   -0.04029152 -0.03623148   -0.08683459 -0.05658057
    2    1
 -0.06765853  0.05805421   -0.13068302 -0.04107306    0.04029152 -0.03623148
 -0.13068302 -0.04107306   -0.06765853  0.05805421   -0.04029152  0.03623148
  0.04029152 -0.03623148   -0.04029152  0.03623148   -0.08683459  0.05658057
    2    2
  0.24402580  0.00000000   -0.00141864  0.00000000    0.00471250  0.00741210
 -0.00141864  0.00000000    0.24402580  0.00000000   -0.00471250 -0.00741210
  0.00471250 -0.00741210   -0.00471250  0.00741210    0.29985720  0.00000000

     Dynamical  Matrix in cartesian axes

     q = (   -0.750000000  -0.750000000  -0.250000000 ) 

    1    1
  0.24402580  0.00000000    0.00141864  0.00000000    0.00471250 -0.00741210
  0.00141864  0.00000000    0.24402580  0.00000000    0.00471250 -0.00741210
  0.00471250  0.00741210    0.00471250  0.00741210    0.29985720  0.00000000
    1    2
  0.06765853  0.05805421   -0.13068302  0.04107306   -0.04029152 -0.03623148
 -0.13068302  0.04107306    0.06765853  0.05805421   -0.04029152 -0.03623148
 -0.04029152 -0.03623148   -0.04029152 -0.03623148    0.08683459  0.05658057
    2    1
  0.06765853 -0.05805421   -0.13068302 -0.04107306   -0.04029152  0.03623148
 -0.13068302 -0.04107306    0.06765853 -0.05805421   -0.04029152  0.03623148
 -0.04029152  0.03623148   -0.04029152  0.03623148    0.08683459 -0.05658057
    2    2
  0.24402580  0.00000000    0.00141864  0.00000000    0.00471250  0.00741210
  0.00141864  0.00000000    0.24402580  0.00000000    0.00471250  0.00741210
  0.00471250 -0.00741210    0.00471250 -0.00741210    0.29985720  0.00000000

     Dynamical  Matrix in cartesian axes

     q = (    0.250000000  -0.750000000   0.750000000 ) 

    1    1
  0.29985720  0.00000000   -0.00471250 -0.00741210    0.00471250  0.00741210
 -0.00471250  0.00741210    0.24402580  0.00000000   -0.00141864  0.00000000
  0.00471250 -0.00741210   -0.00141864  0.00000000    0.24402580  0.00000000
    1    2
 -0.08683459 -0.05658057   -0.04029152 -0.03623148    0.04029152  0.03623148
 -0.04029152 -0.03623148   -0.06765853 -0.05805421   -0.13068302  0.04107306
  0.04029152  0.03623148   -0.13068302  0.04107306   -0.06765853 -0.05805421
    2    1
 -0.08683459  0.05658057   -0.04029152  0.03623148    0.04029152 -0.03623148
 -0.04029152  0.03623148   -0.06765853  0.05805421   -0.13068302 -0.04107306
  0.04029152 -0.03623148   -0.13068302 -0.04107306   -0.06765853  0.05805421
    2    2
  0.29985720  0.00000000   -0.00471250  0.00741210    0.00471250 -0.00741210
 -0.00471250 -0.00741210    0.24402580  0.00000000   -0.00141864  0.00000000
  0.00471250  0.00741210   -0.00141864  0.00000000    0.24402580  0.00000000

     Dynamical  Matrix in cartesian axes

     q = (   -0.750000000  -0.750000000   0.250000000 ) 

    1    1
  0.24402580  0.00000000    0.00141864  0.00000000   -0.00471250 -0.00741210
  0.00141864  0.00000000    0.24402580  0.00000000   -0.00471250 -0.00741210
 -0.00471250  0.00741210   -0.00471250  0.00741210    0.29985720  0.00000000
    1    2
 -0.05805421 -0.06765853   -0.04107306  0.13068302   -0.03623148 -0.04029152
 -0.04107306  0.13068302   -0.05805421 -0.06765853   -0.03623148 -0.04029152
 -0.03623148 -0.04029152   -0.03623148 -0.04029152   -0.05658057 -0.08683459
    2    1
 -0.05805421  0.06765853   -0.04107306 -0.13068302   -0.03623148  0.04029152
 -0.04107306 -0.13068302   -0.05805421  0.06765853   -0.03623148  0.04029152
 -0.03623148  0.04029152   -0.03623148  0.04029152   -0.05658057  0.08683459
    2    2
  0.24402580  0.00000000    0.00141864  0.00000000   -0.00471250  0.00741210
  0.00141864  0.00000000    0.24402580  0.00000000   -0.00471250  0.00741210
 -0.00471250 -0.00741210   -0.00471250 -0.00741210    0.29985720  0.00000000

     Dynamical  Matrix in cartesian axes

     q = (    0.250000000   0.750000000   0.750000000 ) 

    1    1
  0.29985720  0.00000000    0.00471250 -0.00741210    0.00471250 -0.00741210
  0.00471250  0.00741210    0.24402580  0.00000000    0.00141864  0.00000000
  0.00471250  0.00741210    0.00141864  0.00000000    0.24402580  0.00000000
    1    2
  0.08683459 -0.05658057   -0.04029152  0.03623148   -0.04029152  0.03623148
 -0.04029152  0.03623148    0.06765853 -0.05805421   -0.13068302 -0.04107306
 -0.04029152  0.03623148   -0.13068302 -0.04107306    0.06765853 -0.05805421
    2    1
  0.08683459  0.05658057   -0.04029152 -0.03623148   -0.04029152 -0.03623148
 -0.04029152 -0.03623148    0.06765853  0.05805421   -0.13068302  0.04107306
 -0.04029152 -0.03623148   -0.13068302  0.04107306    0.06765853  0.05805421
    2    2
  0.29985720  0.00000000    0.00471250  0.00741210    0.00471250  0.00741210
  0.00471250 -0.00741210    0.24402580  0.00000000    0.00141864  0.00000000
  0.00471250 -0.00741210    0.00141864  0.00000000    0.24402580  0.00000000

     Dynamical  Matrix in cartesian axes

     q = (   -0.250000000  -0.750000000   0.750000000 ) 

    1    1
  0.29985720  0.00000000    0.00471250 -0.00741210   -0.00471250  0.00741210
  0.00471250  0.00741210    0.24402580  0.00000000   -0.00141864  0.00000000
 -0.00471250 -0.00741210   -0.00141864  0.00000000    0.24402580  0.00000000
    1    2
 -0.08683459  0.05658057    0.04029152 -0.03623148   -0.04029152  0.03623148
  0.04029152 -0.03623148   -0.06765853  0.05805421   -0.13068302 -0.04107306
 -0.04029152  0.03623148   -0.13068302 -0.04107306   -0.06765853  0.05805421
    2    1
 -0.08683459 -0.05658057    0.04029152  0.03623148   -0.04029152 -0.03623148
  0.04029152  0.03623148   -0.06765853 -0.05805421   -0.13068302  0.04107306
 -0.04029152 -0.03623148   -0.13068302  0.04107306   -0.06765853 -0.05805421
    2    2
  0.29985720  0.00000000    0.00471250  0.00741210   -0.00471250 -0.00741210
  0.00471250 -0.00741210    0.24402580  0.00000000   -0.00141864  0.00000000
 -0.00471250  0.00741210   -0.00141864  0.00000000    0.24402580  0.00000000

     Dynamical  Matrix in cartesian axes

     q = (    0.750000000   0.750000000   0.250000000 ) 

    1    1
  0.24402580  0.00000000    0.00141864  0.00000000    0.00471250  0.00741210
  0.00141864  0.00000000    0.24402580  0.00000000    0.00471250  0.00741210
  0.00471250 -0.00741210    0.00471250 -0.00741210    0.29985720  0.00000000
    1    2
  0.06765853 -0.05805421   -0.13068302 -0.04107306   -0.04029152  0.03623148
 -0.13068302 -0.04107306    0.06765853 -0.05805421   -0.04029152  0.03623148
 -0.04029152  0.03623148   -0.04029152  0.03623148    0.08683459 -0.05658057
    2    1
  0.06765853  0.05805421   -0.13068302  0.04107306   -0.04029152 -0.03623148
 -0.13068302  0.04107306    0.06765853  0.05805421   -0.04029152 -0.03623148
 -0.04029152 -0.03623148   -0.04029152 -0.03623148    0.08683459  0.05658057
    2    2
  0.24402580  0.00000000    0.00141864  0.00000000    0.00471250 -0.00741210
  0.00141864  0.00000000    0.24402580  0.00000000    0.00471250 -0.00741210
  0.00471250  0.00741210    0.00471250  0.00741210    0.29985720  0.00000000

     Dynamical  Matrix in cartesian axes

     q = (    0.250000000  -0.750000000  -0.750000000 ) 

    1    1
  0.29985720  0.00000000   -0.00471250  0.00741210   -0.00471250  0.00741210
 -0.00471250 -0.00741210    0.24402580  0.00000000    0.00141864  0.00000000
 -0.00471250 -0.00741210    0.00141864  0.00000000    0.24402580  0.00000000
    1    2
 -0.05658057 -0.08683459   -0.03623148 -0.04029152   -0.03623148 -0.04029152
 -0.03623148 -0.04029152   -0.05805421 -0.06765853   -0.04107306  0.13068302
 -0.03623148 -0.04029152   -0.04107306  0.13068302   -0.05805421 -0.06765853
    2    1
 -0.05658057  0.08683459   -0.03623148  0.04029152   -0.03623148  0.04029152
 -0.03623148  0.04029152   -0.05805421  0.06765853   -0.04107306 -0.13068302
 -0.03623148  0.04029152   -0.04107306 -0.13068302   -0.05805421  0.06765853
    2    2
  0.29985720  0.00000000   -0.00471250 -0.00741210   -0.00471250 -0.00741210
 -0.00471250  0.00741210    0.24402580  0.00000000    0.00141864  0.00000000
 -0.00471250  0.00741210    0.00141864  0.00000000    0.24402580  0.00000000

     Dynamical  Matrix in cartesian axes

     q = (    0.750000000  -0.750000000  -0.250000000 ) 

    1    1
  0.24402580  0.00000000   -0.00141864  0.00000000   -0.00471250 -0.00741210
 -0.00141864  0.00000000    0.24402580  0.00000000    0.00471250  0.00741210
 -0.00471250  0.00741210    0.00471250 -0.00741210    0.29985720  0.00000000
    1    2
 -0.06765853  0.05805421   -0.13068302 -0.04107306   -0.04029152  0.03623148
 -0.13068302 -0.04107306   -0.06765853  0.05805421    0.04029152 -0.03623148
 -0.04029152  0.03623148    0.04029152 -0.03623148   -0.08683459  0.05658057
    2    1
 -0.06765853 -0.05805421   -0.13068302  0.04107306   -0.04029152 -0.03623148
 -0.13068302  0.04107306   -0.06765853 -0.05805421    0.04029152  0.03623148
 -0.04029152 -0.03623148    0.04029152  0.03623148   -0.08683459 -0.05658057
    2    2
  0.24402580  0.00000000   -0.00141864  0.00000000   -0.00471250  0.00741210
 -0.00141864  0.00000000    0.24402580  0.00000000    0.00471250 -0.00741210
 -0.00471250 -0.00741210    0.00471250  0.00741210    0.29985720  0.00000000

     Diagonalizing the dynamical matrix

     q = (    0.750000000  -0.250000000   0.750000000 ) 

 **************************************************************************
     freq (    1) =       4.290514 [THz] =     143.116140 [cm-1]
 ( -0.042652  0.498178 -0.000000 -0.000000  0.042652 -0.498178 ) 
 ( -0.500000 -0.000000 -0.000000 -0.000000  0.500000  0.000000 ) 
     freq (    2) =       6.130551 [THz] =     204.493160 [cm-1]
 ( -0.400112 -0.146675 -0.332437  0.162109 -0.400112 -0.146675 ) 
 ( -0.426149 -0.000000 -0.256330 -0.266625 -0.426149  0.000000 ) 
     freq (    3) =       9.361577 [THz] =     312.268580 [cm-1]
 ( -0.082134  0.294406 -0.434100 -0.353152 -0.082134  0.294406 ) 
 (  0.305648 -0.000000 -0.223511 -0.513032  0.305648  0.000000 ) 
     freq (    4) =      11.949528 [THz] =     398.593337 [cm-1]
 ( -0.160242 -0.323847  0.400568  0.280066 -0.160242 -0.323847 ) 
 (  0.361323 -0.000000 -0.428665 -0.234815  0.361323  0.000000 ) 
     freq (    5) =      13.665204 [THz] =     455.822127 [cm-1]
 ( -0.042652  0.498178  0.000000 -0.000000  0.042652 -0.498178 ) 
 (  0.500000  0.000000 -0.000000 -0.000000 -0.500000  0.000000 ) 
     freq (    6) =      13.895607 [THz] =     463.507547 [cm-1]
 (  0.284768  0.115453  0.500259 -0.246772  0.284768  0.115453 ) 
 ( -0.307282 -0.000000 -0.370888 -0.416651 -0.307282  0.000000 ) 
 **************************************************************************
