Dynamical matrix file
                                                                           
  1    2  2 10.3409000  0.0000000  0.0000000  0.0000000  0.0000000  0.0000000
           1  'Si  '    25598.822984527003     
    1    1      0.0000000000      0.0000000000      0.0000000000
    2    1      0.2500000000      0.2500000000      0.2500000000

     Dynamical  Matrix in cartesian axes

     q = (   -0.250000000   0.250000000  -0.250000000 ) 

    1    1
  0.28151528  0.00000000   -0.01079606  0.00000000    0.01079606  0.00000000
 -0.01079606  0.00000000    0.28151528  0.00000000   -0.01079606  0.00000000
  0.01079606  0.00000000   -0.01079606  0.00000000    0.28151528  0.00000000
    1    2
 -0.20579839 -0.06077166   -0.03648189  0.03725675    0.03648189 -0.03725675
 -0.03648189  0.03725675   -0.20579839 -0.06077166   -0.03648189  0.03725675
  0.03648189 -0.03725675   -0.03648189  0.03725675   -0.20579839 -0.06077166
    2    1
 -0.20579839  0.06077166   -0.03648189 -0.03725675    0.03648189  0.03725675
 -0.03648189 -0.03725675   -0.20579839  0.06077166   -0.03648189 -0.03725675
  0.03648189  0.03725675   -0.03648189 -0.03725675   -0.20579839  0.06077166
    2    2
  0.28151528  0.00000000   -0.01079606  0.00000000    0.01079606  0.00000000
 -0.01079606  0.00000000    0.28151528  0.00000000   -0.01079606  0.00000000
  0.01079606  0.00000000   -0.01079606  0.00000000    0.28151528  0.00000000

     Dynamical  Matrix in cartesian axes

     q = (    0.250000000  -0.250000000  -0.250000000 ) 

    1    1
  0.28151528  0.00000000   -0.01079606  0.00000000   -0.01079606  0.00000000
 -0.01079606  0.00000000    0.28151528  0.00000000    0.01079606  0.00000000
 -0.01079606  0.00000000    0.01079606  0.00000000    0.28151528  0.00000000
    1    2
 -0.20579839 -0.06077166   -0.03648189  0.03725675   -0.03648189  0.03725675
 -0.03648189  0.03725675   -0.20579839 -0.06077166    0.03648189 -0.03725675
 -0.03648189  0.03725675    0.03648189 -0.03725675   -0.20579839 -0.06077166
    2    1
 -0.20579839  0.06077166   -0.03648189 -0.03725675   -0.03648189 -0.03725675
 -0.03648189 -0.03725675   -0.20579839  0.06077166    0.03648189  0.03725675
 -0.03648189 -0.03725675    0.03648189  0.03725675   -0.20579839  0.06077166
    2    2
  0.28151528  0.00000000   -0.01079606  0.00000000   -0.01079606  0.00000000
 -0.01079606  0.00000000    0.28151528  0.00000000    0.01079606  0.00000000
 -0.01079606  0.00000000    0.01079606  0.00000000    0.28151528  0.00000000

     Dynamical  Matrix in cartesian axes

     q = (    0.250000000  -0.250000000   0.250000000 ) 

    1    1
  0.28151528  0.00000000   -0.01079606  0.00000000    0.01079606  0.00000000
 -0.01079606  0.00000000    0.28151528  0.00000000   -0.01079606  0.00000000
  0.01079606  0.00000000   -0.01079606  0.00000000    0.28151528  0.00000000
    1    2
 -0.20579839  0.06077166   -0.03648189 -0.03725675    0.03648189  0.03725675
 -0.03648189 -0.03725675   -0.20579839  0.06077166   -0.03648189 -0.03725675
  0.03648189  0.03725675   -0.03648189 -0.03725675   -0.20579839  0.06077166
    2    1
 -0.20579839 -0.06077166   -0.03648189  0.03725675    0.03648189 -0.03725675
 -0.03648189  0.03725675   -0.20579839 -0.06077166   -0.03648189  0.03725675
  0.03648189 -0.03725675   -0.03648189  0.03725675   -0.20579839 -0.06077166
    2    2
  0.28151528  0.00000000   -0.01079606  0.00000000    0.01079606  0.00000000
 -0.01079606  0.00000000    0.28151528  0.00000000   -0.01079606  0.00000000
  0.01079606  0.00000000   -0.01079606  0.00000000    0.28151528  0.00000000

     Dynamical  Matrix in cartesian axes

     q = (    0.250000000   0.250000000   0.250000000 ) 

    1    1
  0.28151528  0.00000000    0.01079606  0.00000000    0.01079606  0.00000000
  0.01079606  0.00000000    0.28151528  0.00000000    0.01079606  0.00000000
  0.01079606  0.00000000    0.01079606  0.00000000    0.28151528  0.00000000
    1    2
 -0.06077166  0.20579839   -0.03725675 -0.03648189   -0.03725675 -0.03648189
 -0.03725675 -0.03648189   -0.06077166  0.20579839   -0.03725675 -0.03648189
 -0.03725675 -0.03648189   -0.03725675 -0.03648189   -0.06077166  0.20579839
    2    1
 -0.06077166 -0.20579839   -0.03725675  0.03648189   -0.03725675  0.03648189
 -0.03725675  0.03648189   -0.06077166 -0.20579839   -0.03725675  0.03648189
 -0.03725675  0.03648189   -0.03725675  0.03648189   -0.06077166 -0.20579839
    2    2
  0.28151528  0.00000000    0.01079606  0.00000000    0.01079606  0.00000000
  0.01079606  0.00000000    0.28151528  0.00000000    0.01079606  0.00000000
  0.01079606  0.00000000    0.01079606  0.00000000    0.28151528  0.00000000

     Dynamical  Matrix in cartesian axes

     q = (   -0.250000000  -0.250000000  -0.250000000 ) 

    1    1
  0.28151528  0.00000000    0.01079606  0.00000000    0.01079606  0.00000000
  0.01079606  0.00000000    0.28151528  0.00000000    0.01079606  0.00000000
  0.01079606  0.00000000    0.01079606  0.00000000    0.28151528  0.00000000
    1    2
 -0.06077166 -0.20579839   -0.03725675  0.03648189   -0.03725675  0.03648189
 -0.03725675  0.03648189   -0.06077166 -0.20579839   -0.03725675  0.03648189
 -0.03725675  0.03648189   -0.03725675  0.03648189   -0.06077166 -0.20579839
    2    1
 -0.06077166  0.20579839   -0.03725675 -0.03648189   -0.03725675 -0.03648189
 -0.03725675 -0.03648189   -0.06077166  0.20579839   -0.03725675 -0.03648189
 -0.03725675 -0.03648189   -0.03725675 -0.03648189   -0.06077166  0.20579839
    2    2
  0.28151528  0.00000000    0.01079606  0.00000000    0.01079606  0.00000000
  0.01079606  0.00000000    0.28151528  0.00000000    0.01079606  0.00000000
  0.01079606  0.00000000    0.01079606  0.00000000    0.28151528  0.00000000

     Dynamical  Matrix in cartesian axes

     q = (   -0.250000000  -0.250000000   0.250000000 ) 

    1    1
  0.28151528  0.00000000    0.01079606  0.00000000   -0.01079606  0.00000000
  0.01079606  0.00000000    0.28151528  0.00000000   -0.01079606  0.00000000
 -0.01079606  0.00000000   -0.01079606  0.00000000    0.28151528  0.00000000
    1    2
 -0.20579839 -0.06077166    0.03648189 -0.03725675   -0.03648189  0.03725675
  0.03648189 -0.03725675   -0.20579839 -0.06077166   -0.03648189  0.03725675
 -0.03648189  0.03725675   -0.03648189  0.03725675   -0.20579839 -0.06077166
    2    1
 -0.20579839  0.06077166    0.03648189  0.03725675   -0.03648189 -0.03725675
  0.03648189  0.03725675   -0.20579839  0.06077166   -0.03648189 -0.03725675
 -0.03648189 -0.03725675   -0.03648189 -0.03725675   -0.20579839  0.06077166
    2    2
  0.28151528  0.00000000    0.01079606  0.00000000   -0.01079606  0.00000000
  0.01079606  0.00000000    0.28151528  0.00000000   -0.01079606  0.00000000
 -0.01079606  0.00000000   -0.01079606  0.00000000    0.28151528  0.00000000

     Dynamical  Matrix in cartesian axes

     q = (   -0.250000000   0.250000000   0.250000000 ) 

    1    1
  0.28151528  0.00000000   -0.01079606  0.00000000   -0.01079606  0.00000000
 -0.01079606  0.00000000    0.28151528  0.00000000    0.01079606  0.00000000
 -0.01079606  0.00000000    0.01079606  0.00000000    0.28151528  0.00000000
    1    2
 -0.20579839  0.06077166   -0.03648189 -0.03725675   -0.03648189 -0.03725675
 -0.03648189 -0.03725675   -0.20579839  0.06077166    0.03648189  0.03725675
 -0.03648189 -0.03725675    0.03648189  0.03725675   -0.20579839  0.06077166
    2    1
 -0.20579839 -0.06077166   -0.03648189  0.03725675   -0.03648189  0.03725675
 -0.03648189  0.03725675   -0.20579839 -0.06077166    0.03648189 -0.03725675
 -0.03648189  0.03725675    0.03648189 -0.03725675   -0.20579839 -0.06077166
    2    2
  0.28151528  0.00000000   -0.01079606  0.00000000   -0.01079606  0.00000000
 -0.01079606  0.00000000    0.28151528  0.00000000    0.01079606  0.00000000
 -0.01079606  0.00000000    0.01079606  0.00000000    0.28151528  0.00000000

     Dynamical  Matrix in cartesian axes

     q = (    0.250000000   0.250000000  -0.250000000 ) 

    1    1
  0.28151528  0.00000000    0.01079606  0.00000000   -0.01079606  0.00000000
  0.01079606  0.00000000    0.28151528  0.00000000   -0.01079606  0.00000000
 -0.01079606  0.00000000   -0.01079606  0.00000000    0.28151528  0.00000000
    1    2
 -0.20579839  0.06077166    0.03648189  0.03725675   -0.03648189 -0.03725675
  0.03648189  0.03725675   -0.20579839  0.06077166   -0.03648189 -0.03725675
 -0.03648189 -0.03725675   -0.03648189 -0.03725675   -0.20579839  0.06077166
    2    1
 -0.20579839 -0.06077166    0.03648189 -0.03725675   -0.03648189  0.03725675
  0.03648189 -0.03725675   -0.20579839 -0.06077166   -0.03648189  0.03725675
 -0.03648189  0.03725675   -0.03648189  0.03725675   -0.20579839 -0.06077166
    2    2
  0.28151528  0.00000000    0.01079606  0.00000000   -0.01079606  0.00000000
  0.01079606  0.00000000    0.28151528  0.00000000   -0.01079606  0.00000000
 -0.01079606  0.00000000   -0.01079606  0.00000000    0.28151528  0.00000000

     Diagonalizing the dynamical matrix

     q = (   -0.250000000   0.250000000  -0.250000000 ) 

 **************************************************************************
     freq (    1) =       3.397427 [THz] =     113.325962 [cm-1]
 (  0.437998  0.321746  0.300871  0.308437 -0.137127 -0.013309 ) 
 (  0.467031  0.277929  0.329259  0.277929 -0.137772  0.000000 ) 
     freq (    2) =       3.397427 [THz] =     113.325962 [cm-1]
 (  0.188245 -0.050345 -0.369804 -0.104507 -0.558049 -0.054162 ) 
 (  0.182501 -0.068295 -0.378170 -0.068295 -0.560671  0.000000 ) 
     freq (    3) =       6.927594 [THz] =     231.079675 [cm-1]
 (  0.286025  0.291301 -0.286025 -0.291301  0.286025  0.291301 ) 
 (  0.408248 -0.000000 -0.408248  0.000000  0.408248  0.000000 ) 
     freq (    4) =      14.433058 [THz] =     481.434998 [cm-1]
 (  0.286025  0.291301 -0.286025 -0.291301  0.286025  0.291301 ) 
 ( -0.408248  0.000000  0.408248  0.000000 -0.408248  0.000000 ) 
     freq (    5) =      14.743645 [THz] =     491.795068 [cm-1]
 (  0.109063  0.136853 -0.421647  0.085344 -0.530710 -0.051509 ) 
 ( -0.121773 -0.125678  0.411431 -0.125678  0.533204  0.000000 ) 
     freq (    6) =      14.743645 [THz] =     491.795068 [cm-1]
 (  0.486560 -0.256844  0.266176 -0.278233 -0.220385 -0.021390 ) 
 ( -0.459473  0.302645 -0.238053  0.302645  0.221420  0.000000 ) 
 **************************************************************************
