Dynamical matrix file
                                                                           
  1    2  2 10.3240000  0.0000000  0.0000000  0.0000000  0.0000000  0.0000000
           1  'Si  '    25598.822984527003     
    1    1      0.0000000000      0.0000000000      0.0000000000
    2    1      0.2500000000      0.2500000000      0.2500000000

     Dynamical  Matrix in cartesian axes

     q = (   -0.250000000   0.250000000  -0.250000000 ) 

    1    1
  0.27125705  0.00000000   -0.01096860  0.00000000    0.01096860  0.00000000
 -0.01096860  0.00000000    0.27125705  0.00000000   -0.01096860  0.00000000
  0.01096860  0.00000000   -0.01096860  0.00000000    0.27125705  0.00000000
    1    2
 -0.19514491 -0.05612581   -0.03733576  0.03804584    0.03733576 -0.03804584
 -0.03733576  0.03804584   -0.19514491 -0.05612581   -0.03733576  0.03804584
  0.03733576 -0.03804584   -0.03733576  0.03804584   -0.19514491 -0.05612581
    2    1
 -0.19514491  0.05612581   -0.03733576 -0.03804584    0.03733576  0.03804584
 -0.03733576 -0.03804584   -0.19514491  0.05612581   -0.03733576 -0.03804584
  0.03733576  0.03804584   -0.03733576 -0.03804584   -0.19514491  0.05612581
    2    2
  0.27125705  0.00000000   -0.01096860  0.00000000    0.01096860  0.00000000
 -0.01096860  0.00000000    0.27125705  0.00000000   -0.01096860  0.00000000
  0.01096860  0.00000000   -0.01096860  0.00000000    0.27125705  0.00000000

     Dynamical  Matrix in cartesian axes

     q = (    0.250000000  -0.250000000  -0.250000000 ) 

    1    1
  0.27125705  0.00000000   -0.01096860  0.00000000   -0.01096860  0.00000000
 -0.01096860  0.00000000    0.27125705  0.00000000    0.01096860  0.00000000
 -0.01096860  0.00000000    0.01096860  0.00000000    0.27125705  0.00000000
    1    2
 -0.19514491 -0.05612581   -0.03733576  0.03804584   -0.03733576  0.03804584
 -0.03733576  0.03804584   -0.19514491 -0.05612581    0.03733576 -0.03804584
 -0.03733576  0.03804584    0.03733576 -0.03804584   -0.19514491 -0.05612581
    2    1
 -0.19514491  0.05612581   -0.03733576 -0.03804584   -0.03733576 -0.03804584
 -0.03733576 -0.03804584   -0.19514491  0.05612581    0.03733576  0.03804584
 -0.03733576 -0.03804584    0.03733576  0.03804584   -0.19514491  0.05612581
    2    2
  0.27125705  0.00000000   -0.01096860  0.00000000   -0.01096860  0.00000000
 -0.01096860  0.00000000    0.27125705  0.00000000    0.01096860  0.00000000
 -0.01096860  0.00000000    0.01096860  0.00000000    0.27125705  0.00000000

     Dynamical  Matrix in cartesian axes

     q = (    0.250000000  -0.250000000   0.250000000 ) 

    1    1
  0.27125705  0.00000000   -0.01096860  0.00000000    0.01096860  0.00000000
 -0.01096860  0.00000000    0.27125705  0.00000000   -0.01096860  0.00000000
  0.01096860  0.00000000   -0.01096860  0.00000000    0.27125705  0.00000000
    1    2
 -0.19514491  0.05612581   -0.03733576 -0.03804584    0.03733576  0.03804584
 -0.03733576 -0.03804584   -0.19514491  0.05612581   -0.03733576 -0.03804584
  0.03733576  0.03804584   -0.03733576 -0.03804584   -0.19514491  0.05612581
    2    1
 -0.19514491 -0.05612581   -0.03733576  0.03804584    0.03733576 -0.03804584
 -0.03733576  0.03804584   -0.19514491 -0.05612581   -0.03733576  0.03804584
  0.03733576 -0.03804584   -0.03733576  0.03804584   -0.19514491 -0.05612581
    2    2
  0.27125705  0.00000000   -0.01096860  0.00000000    0.01096860  0.00000000
 -0.01096860  0.00000000    0.27125705  0.00000000   -0.01096860  0.00000000
  0.01096860  0.00000000   -0.01096860  0.00000000    0.27125705  0.00000000

     Dynamical  Matrix in cartesian axes

     q = (    0.250000000   0.250000000   0.250000000 ) 

    1    1
  0.27125705  0.00000000    0.01096860  0.00000000    0.01096860  0.00000000
  0.01096860  0.00000000    0.27125705  0.00000000    0.01096860  0.00000000
  0.01096860  0.00000000    0.01096860  0.00000000    0.27125705  0.00000000
    1    2
 -0.05612581  0.19514491   -0.03804584 -0.03733576   -0.03804584 -0.03733576
 -0.03804584 -0.03733576   -0.05612581  0.19514491   -0.03804584 -0.03733576
 -0.03804584 -0.03733576   -0.03804584 -0.03733576   -0.05612581  0.19514491
    2    1
 -0.05612581 -0.19514491   -0.03804584  0.03733576   -0.03804584  0.03733576
 -0.03804584  0.03733576   -0.05612581 -0.19514491   -0.03804584  0.03733576
 -0.03804584  0.03733576   -0.03804584  0.03733576   -0.05612581 -0.19514491
    2    2
  0.27125705  0.00000000    0.01096860  0.00000000    0.01096860  0.00000000
  0.01096860  0.00000000    0.27125705  0.00000000    0.01096860  0.00000000
  0.01096860  0.00000000    0.01096860  0.00000000    0.27125705  0.00000000

     Dynamical  Matrix in cartesian axes

     q = (   -0.250000000  -0.250000000  -0.250000000 ) 

    1    1
  0.27125705  0.00000000    0.01096860  0.00000000    0.01096860  0.00000000
  0.01096860  0.00000000    0.27125705  0.00000000    0.01096860  0.00000000
  0.01096860  0.00000000    0.01096860  0.00000000    0.27125705  0.00000000
    1    2
 -0.05612581 -0.19514491   -0.03804584  0.03733576   -0.03804584  0.03733576
 -0.03804584  0.03733576   -0.05612581 -0.19514491   -0.03804584  0.03733576
 -0.03804584  0.03733576   -0.03804584  0.03733576   -0.05612581 -0.19514491
    2    1
 -0.05612581  0.19514491   -0.03804584 -0.03733576   -0.03804584 -0.03733576
 -0.03804584 -0.03733576   -0.05612581  0.19514491   -0.03804584 -0.03733576
 -0.03804584 -0.03733576   -0.03804584 -0.03733576   -0.05612581  0.19514491
    2    2
  0.27125705  0.00000000    0.01096860  0.00000000    0.01096860  0.00000000
  0.01096860  0.00000000    0.27125705  0.00000000    0.01096860  0.00000000
  0.01096860  0.00000000    0.01096860  0.00000000    0.27125705  0.00000000

     Dynamical  Matrix in cartesian axes

     q = (   -0.250000000  -0.250000000   0.250000000 ) 

    1    1
  0.27125705  0.00000000    0.01096860  0.00000000   -0.01096860  0.00000000
  0.01096860  0.00000000    0.27125705  0.00000000   -0.01096860  0.00000000
 -0.01096860  0.00000000   -0.01096860  0.00000000    0.27125705  0.00000000
    1    2
 -0.19514491 -0.05612581    0.03733576 -0.03804584   -0.03733576  0.03804584
  0.03733576 -0.03804584   -0.19514491 -0.05612581   -0.03733576  0.03804584
 -0.03733576  0.03804584   -0.03733576  0.03804584   -0.19514491 -0.05612581
    2    1
 -0.19514491  0.05612581    0.03733576  0.03804584   -0.03733576 -0.03804584
  0.03733576  0.03804584   -0.19514491  0.05612581   -0.03733576 -0.03804584
 -0.03733576 -0.03804584   -0.03733576 -0.03804584   -0.19514491  0.05612581
    2    2
  0.27125705  0.00000000    0.01096860  0.00000000   -0.01096860  0.00000000
  0.01096860  0.00000000    0.27125705  0.00000000   -0.01096860  0.00000000
 -0.01096860  0.00000000   -0.01096860  0.00000000    0.27125705  0.00000000

     Dynamical  Matrix in cartesian axes

     q = (   -0.250000000   0.250000000   0.250000000 ) 

    1    1
  0.27125705  0.00000000   -0.01096860  0.00000000   -0.01096860  0.00000000
 -0.01096860  0.00000000    0.27125705  0.00000000    0.01096860  0.00000000
 -0.01096860  0.00000000    0.01096860  0.00000000    0.27125705  0.00000000
    1    2
 -0.19514491  0.05612581   -0.03733576 -0.03804584   -0.03733576 -0.03804584
 -0.03733576 -0.03804584   -0.19514491  0.05612581    0.03733576  0.03804584
 -0.03733576 -0.03804584    0.03733576  0.03804584   -0.19514491  0.05612581
    2    1
 -0.19514491 -0.05612581   -0.03733576  0.03804584   -0.03733576  0.03804584
 -0.03733576  0.03804584   -0.19514491 -0.05612581    0.03733576 -0.03804584
 -0.03733576  0.03804584    0.03733576 -0.03804584   -0.19514491 -0.05612581
    2    2
  0.27125705  0.00000000   -0.01096860  0.00000000   -0.01096860  0.00000000
 -0.01096860  0.00000000    0.27125705  0.00000000    0.01096860  0.00000000
 -0.01096860  0.00000000    0.01096860  0.00000000    0.27125705  0.00000000

     Dynamical  Matrix in cartesian axes

     q = (    0.250000000   0.250000000  -0.250000000 ) 

    1    1
  0.27125705  0.00000000    0.01096860  0.00000000   -0.01096860  0.00000000
  0.01096860  0.00000000    0.27125705  0.00000000   -0.01096860  0.00000000
 -0.01096860  0.00000000   -0.01096860  0.00000000    0.27125705  0.00000000
    1    2
 -0.19514491  0.05612581    0.03733576  0.03804584   -0.03733576 -0.03804584
  0.03733576  0.03804584   -0.19514491  0.05612581   -0.03733576 -0.03804584
 -0.03733576 -0.03804584   -0.03733576 -0.03804584   -0.19514491  0.05612581
    2    1
 -0.19514491 -0.05612581    0.03733576 -0.03804584   -0.03733576  0.03804584
  0.03733576 -0.03804584   -0.19514491 -0.05612581   -0.03733576  0.03804584
 -0.03733576  0.03804584   -0.03733576  0.03804584   -0.19514491 -0.05612581
    2    2
  0.27125705  0.00000000    0.01096860  0.00000000   -0.01096860  0.00000000
  0.01096860  0.00000000    0.27125705  0.00000000   -0.01096860  0.00000000
 -0.01096860  0.00000000   -0.01096860  0.00000000    0.27125705  0.00000000

     Diagonalizing the dynamical matrix

     q = (   -0.250000000   0.250000000  -0.250000000 ) 

 **************************************************************************
     freq (    1) =       3.385292 [THz] =     112.921194 [cm-1]
 ( -0.267075  0.025118  0.305519  0.069649  0.572594  0.044531 ) 
 ( -0.264324  0.045750  0.309999  0.045750  0.574323  0.000000 ) 
     freq (    2) =       3.385292 [THz] =     112.921194 [cm-1]
 ( -0.216403 -0.463188 -0.157536 -0.458610  0.058866  0.004578 ) 
 ( -0.251665 -0.445015 -0.192621 -0.445015  0.059044  0.000000 ) 
     freq (    3) =       6.952322 [THz] =     231.904487 [cm-1]
 (  0.274962  0.301766 -0.274962 -0.301766  0.274962  0.301766 ) 
 (  0.408248 -0.000000 -0.408248  0.000000  0.408248  0.000000 ) 
     freq (    4) =      14.127544 [THz] =     471.244134 [cm-1]
 ( -0.274962 -0.301766  0.274962  0.301766 -0.274962 -0.301766 ) 
 (  0.408248  0.000000 -0.408248  0.000000  0.408248 -0.000000 ) 
     freq (    5) =      14.444280 [THz] =     481.809318 [cm-1]
 ( -0.261852  0.174657 -0.544968  0.152639 -0.283116 -0.022018 ) 
 (  0.247522 -0.194434  0.531492 -0.194434  0.283971  0.000000 ) 
     freq (    6) =      14.444280 [THz] =     481.809318 [cm-1]
 (  0.478475 -0.072958 -0.022698 -0.111934 -0.501174 -0.038976 ) 
 ( -0.471378  0.109837  0.031309  0.109837  0.502687  0.000000 ) 
 **************************************************************************
