Dynamical matrix file
                                                                           
  1    2  2 10.3240000  0.0000000  0.0000000  0.0000000  0.0000000  0.0000000
           1  'Si  '    25598.822984527003     
    1    1      0.0000000000      0.0000000000      0.0000000000
    2    1      0.2500000000      0.2500000000      0.2500000000

     Dynamical  Matrix in cartesian axes

     q = (    0.750000000  -0.250000000   0.750000000 ) 

    1    1
  0.23473754 -0.00000000   -0.00489683  0.00746628    0.00211082 -0.00000000
 -0.00489683 -0.00746628    0.29052524  0.00000000   -0.00489683 -0.00746628
  0.00211082 -0.00000000   -0.00489683  0.00746628    0.23473754 -0.00000000
    1    2
 -0.06393395  0.05540534   -0.03692853  0.04118261   -0.04207234 -0.13361068
 -0.03692853  0.04118261   -0.06264820  0.07429267   -0.03692853  0.04118261
 -0.04207234 -0.13361068   -0.03692853  0.04118261   -0.06393395  0.05540534
    2    1
 -0.06393395 -0.05540534   -0.03692853 -0.04118261   -0.04207234  0.13361068
 -0.03692853 -0.04118261   -0.06264820 -0.07429267   -0.03692853 -0.04118261
 -0.04207234  0.13361068   -0.03692853 -0.04118261   -0.06393395 -0.05540534
    2    2
  0.23473754  0.00000000   -0.00489683 -0.00746628    0.00211082  0.00000000
 -0.00489683  0.00746628    0.29052524 -0.00000000   -0.00489683  0.00746628
  0.00211082  0.00000000   -0.00489683 -0.00746628    0.23473754  0.00000000

     Dynamical  Matrix in cartesian axes

     q = (    0.750000000  -0.250000000  -0.750000000 ) 

    1    1
  0.23473754  0.00000000   -0.00489683 -0.00746628   -0.00211082 -0.00000000
 -0.00489683  0.00746628    0.29052524  0.00000000    0.00489683 -0.00746628
 -0.00211082 -0.00000000    0.00489683  0.00746628    0.23473754  0.00000000
    1    2
 -0.05540534  0.06393395   -0.04118261  0.03692853   -0.13361068 -0.04207234
 -0.04118261  0.03692853   -0.07429267  0.06264820    0.04118261 -0.03692853
 -0.13361068 -0.04207234    0.04118261 -0.03692853   -0.05540534  0.06393395
    2    1
 -0.05540534 -0.06393395   -0.04118261 -0.03692853   -0.13361068  0.04207234
 -0.04118261 -0.03692853   -0.07429267 -0.06264820    0.04118261  0.03692853
 -0.13361068  0.04207234    0.04118261  0.03692853   -0.05540534 -0.06393395
    2    2
  0.23473754 -0.00000000   -0.00489683  0.00746628   -0.00211082  0.00000000
 -0.00489683 -0.00746628    0.29052524  0.00000000    0.00489683  0.00746628
 -0.00211082  0.00000000    0.00489683 -0.00746628    0.23473754 -0.00000000

     Dynamical  Matrix in cartesian axes

     q = (   -0.750000000  -0.250000000  -0.750000000 ) 

    1    1
  0.23473754 -0.00000000    0.00489683 -0.00746628    0.00211082 -0.00000000
  0.00489683  0.00746628    0.29052524  0.00000000    0.00489683  0.00746628
  0.00211082 -0.00000000    0.00489683 -0.00746628    0.23473754 -0.00000000
    1    2
  0.05540534  0.06393395   -0.04118261 -0.03692853   -0.13361068  0.04207234
 -0.04118261 -0.03692853    0.07429267  0.06264820   -0.04118261 -0.03692853
 -0.13361068  0.04207234   -0.04118261 -0.03692853    0.05540534  0.06393395
    2    1
  0.05540534 -0.06393395   -0.04118261  0.03692853   -0.13361068 -0.04207234
 -0.04118261  0.03692853    0.07429267 -0.06264820   -0.04118261  0.03692853
 -0.13361068 -0.04207234   -0.04118261  0.03692853    0.05540534 -0.06393395
    2    2
  0.23473754  0.00000000    0.00489683  0.00746628    0.00211082  0.00000000
  0.00489683 -0.00746628    0.29052524 -0.00000000    0.00489683 -0.00746628
  0.00211082  0.00000000    0.00489683  0.00746628    0.23473754  0.00000000

     Dynamical  Matrix in cartesian axes

     q = (   -0.750000000  -0.250000000   0.750000000 ) 

    1    1
  0.23473754  0.00000000    0.00489683  0.00746628   -0.00211082 -0.00000000
  0.00489683 -0.00746628    0.29052524 -0.00000000   -0.00489683  0.00746628
 -0.00211082 -0.00000000   -0.00489683 -0.00746628    0.23473754  0.00000000
    1    2
 -0.05540534  0.06393395    0.04118261 -0.03692853   -0.13361068 -0.04207234
  0.04118261 -0.03692853   -0.07429267  0.06264820   -0.04118261  0.03692853
 -0.13361068 -0.04207234   -0.04118261  0.03692853   -0.05540534  0.06393395
    2    1
 -0.05540534 -0.06393395    0.04118261  0.03692853   -0.13361068  0.04207234
  0.04118261  0.03692853   -0.07429267 -0.06264820   -0.04118261 -0.03692853
 -0.13361068  0.04207234   -0.04118261 -0.03692853   -0.05540534 -0.06393395
    2    2
  0.23473754 -0.00000000    0.00489683 -0.00746628   -0.00211082  0.00000000
  0.00489683  0.00746628    0.29052524  0.00000000   -0.00489683 -0.00746628
 -0.00211082  0.00000000   -0.00489683  0.00746628    0.23473754 -0.00000000

     Dynamical  Matrix in cartesian axes

     q = (   -0.750000000   0.250000000  -0.750000000 ) 

    1    1
  0.23473754  0.00000000   -0.00489683 -0.00746628    0.00211082  0.00000000
 -0.00489683  0.00746628    0.29052524 -0.00000000   -0.00489683  0.00746628
  0.00211082  0.00000000   -0.00489683 -0.00746628    0.23473754  0.00000000
    1    2
 -0.06393395 -0.05540534   -0.03692853 -0.04118261   -0.04207234  0.13361068
 -0.03692853 -0.04118261   -0.06264820 -0.07429267   -0.03692853 -0.04118261
 -0.04207234  0.13361068   -0.03692853 -0.04118261   -0.06393395 -0.05540534
    2    1
 -0.06393395  0.05540534   -0.03692853  0.04118261   -0.04207234 -0.13361068
 -0.03692853  0.04118261   -0.06264820  0.07429267   -0.03692853  0.04118261
 -0.04207234 -0.13361068   -0.03692853  0.04118261   -0.06393395  0.05540534
    2    2
  0.23473754 -0.00000000   -0.00489683  0.00746628    0.00211082 -0.00000000
 -0.00489683 -0.00746628    0.29052524  0.00000000   -0.00489683 -0.00746628
  0.00211082 -0.00000000   -0.00489683  0.00746628    0.23473754 -0.00000000

     Dynamical  Matrix in cartesian axes

     q = (   -0.250000000   0.750000000  -0.750000000 ) 

    1    1
  0.29052524 -0.00000000   -0.00489683  0.00746628    0.00489683 -0.00746628
 -0.00489683 -0.00746628    0.23473754  0.00000000   -0.00211082 -0.00000000
  0.00489683  0.00746628   -0.00211082 -0.00000000    0.23473754  0.00000000
    1    2
 -0.07429267  0.06264820   -0.04118261  0.03692853    0.04118261 -0.03692853
 -0.04118261  0.03692853   -0.05540534  0.06393395   -0.13361068 -0.04207234
  0.04118261 -0.03692853   -0.13361068 -0.04207234   -0.05540534  0.06393395
    2    1
 -0.07429267 -0.06264820   -0.04118261 -0.03692853    0.04118261  0.03692853
 -0.04118261 -0.03692853   -0.05540534 -0.06393395   -0.13361068  0.04207234
  0.04118261  0.03692853   -0.13361068  0.04207234   -0.05540534 -0.06393395
    2    2
  0.29052524  0.00000000   -0.00489683 -0.00746628    0.00489683  0.00746628
 -0.00489683  0.00746628    0.23473754 -0.00000000   -0.00211082  0.00000000
  0.00489683 -0.00746628   -0.00211082  0.00000000    0.23473754 -0.00000000

     Dynamical  Matrix in cartesian axes

     q = (   -0.750000000   0.750000000  -0.250000000 ) 

    1    1
  0.23473754  0.00000000   -0.00211082 -0.00000000    0.00489683  0.00746628
 -0.00211082 -0.00000000    0.23473754  0.00000000   -0.00489683 -0.00746628
  0.00489683 -0.00746628   -0.00489683  0.00746628    0.29052524 -0.00000000
    1    2
 -0.05540534  0.06393395   -0.13361068 -0.04207234    0.04118261 -0.03692853
 -0.13361068 -0.04207234   -0.05540534  0.06393395   -0.04118261  0.03692853
  0.04118261 -0.03692853   -0.04118261  0.03692853   -0.07429267  0.06264820
    2    1
 -0.05540534 -0.06393395   -0.13361068  0.04207234    0.04118261  0.03692853
 -0.13361068  0.04207234   -0.05540534 -0.06393395   -0.04118261 -0.03692853
  0.04118261  0.03692853   -0.04118261 -0.03692853   -0.07429267 -0.06264820
    2    2
  0.23473754 -0.00000000   -0.00211082  0.00000000    0.00489683 -0.00746628
 -0.00211082  0.00000000    0.23473754 -0.00000000   -0.00489683  0.00746628
  0.00489683  0.00746628   -0.00489683 -0.00746628    0.29052524  0.00000000

     Dynamical  Matrix in cartesian axes

     q = (    0.750000000   0.250000000   0.750000000 ) 

    1    1
  0.23473754  0.00000000    0.00489683  0.00746628    0.00211082  0.00000000
  0.00489683 -0.00746628    0.29052524 -0.00000000    0.00489683 -0.00746628
  0.00211082  0.00000000    0.00489683  0.00746628    0.23473754  0.00000000
    1    2
  0.05540534 -0.06393395   -0.04118261  0.03692853   -0.13361068 -0.04207234
 -0.04118261  0.03692853    0.07429267 -0.06264820   -0.04118261  0.03692853
 -0.13361068 -0.04207234   -0.04118261  0.03692853    0.05540534 -0.06393395
    2    1
  0.05540534  0.06393395   -0.04118261 -0.03692853   -0.13361068  0.04207234
 -0.04118261 -0.03692853    0.07429267  0.06264820   -0.04118261 -0.03692853
 -0.13361068  0.04207234   -0.04118261 -0.03692853    0.05540534  0.06393395
    2    2
  0.23473754 -0.00000000    0.00489683 -0.00746628    0.00211082 -0.00000000
  0.00489683  0.00746628    0.29052524  0.00000000    0.00489683  0.00746628
  0.00211082 -0.00000000    0.00489683 -0.00746628    0.23473754 -0.00000000

     Dynamical  Matrix in cartesian axes

     q = (   -0.750000000   0.250000000   0.750000000 ) 

    1    1
  0.23473754 -0.00000000   -0.00489683  0.00746628   -0.00211082  0.00000000
 -0.00489683 -0.00746628    0.29052524  0.00000000    0.00489683  0.00746628
 -0.00211082  0.00000000    0.00489683 -0.00746628    0.23473754 -0.00000000
    1    2
 -0.05540534 -0.06393395   -0.04118261 -0.03692853   -0.13361068  0.04207234
 -0.04118261 -0.03692853   -0.07429267 -0.06264820    0.04118261  0.03692853
 -0.13361068  0.04207234    0.04118261  0.03692853   -0.05540534 -0.06393395
    2    1
 -0.05540534  0.06393395   -0.04118261  0.03692853   -0.13361068 -0.04207234
 -0.04118261  0.03692853   -0.07429267  0.06264820    0.04118261 -0.03692853
 -0.13361068 -0.04207234    0.04118261 -0.03692853   -0.05540534  0.06393395
    2    2
  0.23473754  0.00000000   -0.00489683 -0.00746628   -0.00211082 -0.00000000
 -0.00489683  0.00746628    0.29052524  0.00000000    0.00489683 -0.00746628
 -0.00211082 -0.00000000    0.00489683  0.00746628    0.23473754  0.00000000

     Dynamical  Matrix in cartesian axes

     q = (    0.750000000   0.250000000  -0.750000000 ) 

    1    1
  0.23473754 -0.00000000    0.00489683 -0.00746628   -0.00211082  0.00000000
  0.00489683  0.00746628    0.29052524  0.00000000   -0.00489683 -0.00746628
 -0.00211082  0.00000000   -0.00489683  0.00746628    0.23473754 -0.00000000
    1    2
 -0.05540534 -0.06393395    0.04118261  0.03692853   -0.13361068  0.04207234
  0.04118261  0.03692853   -0.07429267 -0.06264820   -0.04118261 -0.03692853
 -0.13361068  0.04207234   -0.04118261 -0.03692853   -0.05540534 -0.06393395
    2    1
 -0.05540534  0.06393395    0.04118261 -0.03692853   -0.13361068 -0.04207234
  0.04118261 -0.03692853   -0.07429267  0.06264820   -0.04118261  0.03692853
 -0.13361068 -0.04207234   -0.04118261  0.03692853   -0.05540534  0.06393395
    2    2
  0.23473754  0.00000000    0.00489683  0.00746628   -0.00211082 -0.00000000
  0.00489683 -0.00746628    0.29052524 -0.00000000   -0.00489683  0.00746628
 -0.00211082 -0.00000000   -0.00489683 -0.00746628    0.23473754  0.00000000

     Dynamical  Matrix in cartesian axes

     q = (   -0.750000000   0.750000000   0.250000000 ) 

    1    1
  0.23473754 -0.00000000   -0.00211082  0.00000000   -0.00489683  0.00746628
 -0.00211082  0.00000000    0.23473754 -0.00000000    0.00489683 -0.00746628
 -0.00489683 -0.00746628    0.00489683  0.00746628    0.29052524  0.00000000
    1    2
 -0.05540534 -0.06393395   -0.13361068  0.04207234   -0.04118261 -0.03692853
 -0.13361068  0.04207234   -0.05540534 -0.06393395    0.04118261  0.03692853
 -0.04118261 -0.03692853    0.04118261  0.03692853   -0.07429267 -0.06264820
    2    1
 -0.05540534  0.06393395   -0.13361068 -0.04207234   -0.04118261  0.03692853
 -0.13361068 -0.04207234   -0.05540534  0.06393395    0.04118261 -0.03692853
 -0.04118261  0.03692853    0.04118261 -0.03692853   -0.07429267  0.06264820
    2    2
  0.23473754  0.00000000   -0.00211082 -0.00000000   -0.00489683 -0.00746628
 -0.00211082 -0.00000000    0.23473754  0.00000000    0.00489683  0.00746628
 -0.00489683  0.00746628    0.00489683 -0.00746628    0.29052524 -0.00000000

     Dynamical  Matrix in cartesian axes

     q = (   -0.250000000   0.750000000   0.750000000 ) 

    1    1
  0.29052524  0.00000000   -0.00489683 -0.00746628   -0.00489683 -0.00746628
 -0.00489683  0.00746628    0.23473754 -0.00000000    0.00211082  0.00000000
 -0.00489683  0.00746628    0.00211082 -0.00000000    0.23473754 -0.00000000
    1    2
 -0.06264820  0.07429267   -0.03692853  0.04118261   -0.03692853  0.04118261
 -0.03692853  0.04118261   -0.06393395  0.05540534   -0.04207234 -0.13361068
 -0.03692853  0.04118261   -0.04207234 -0.13361068   -0.06393395  0.05540534
    2    1
 -0.06264820 -0.07429267   -0.03692853 -0.04118261   -0.03692853 -0.04118261
 -0.03692853 -0.04118261   -0.06393395 -0.05540534   -0.04207234  0.13361068
 -0.03692853 -0.04118261   -0.04207234  0.13361068   -0.06393395 -0.05540534
    2    2
  0.29052524 -0.00000000   -0.00489683  0.00746628   -0.00489683  0.00746628
 -0.00489683 -0.00746628    0.23473754  0.00000000    0.00211082 -0.00000000
 -0.00489683 -0.00746628    0.00211082  0.00000000    0.23473754  0.00000000

     Dynamical  Matrix in cartesian axes

     q = (    0.250000000   0.750000000  -0.750000000 ) 

    1    1
  0.29052524  0.00000000    0.00489683  0.00746628   -0.00489683 -0.00746628
  0.00489683 -0.00746628    0.23473754 -0.00000000   -0.00211082  0.00000000
 -0.00489683  0.00746628   -0.00211082  0.00000000    0.23473754 -0.00000000
    1    2
 -0.07429267 -0.06264820    0.04118261  0.03692853   -0.04118261 -0.03692853
  0.04118261  0.03692853   -0.05540534 -0.06393395   -0.13361068  0.04207234
 -0.04118261 -0.03692853   -0.13361068  0.04207234   -0.05540534 -0.06393395
    2    1
 -0.07429267  0.06264820    0.04118261 -0.03692853   -0.04118261  0.03692853
  0.04118261 -0.03692853   -0.05540534  0.06393395   -0.13361068 -0.04207234
 -0.04118261  0.03692853   -0.13361068 -0.04207234   -0.05540534  0.06393395
    2    2
  0.29052524 -0.00000000    0.00489683 -0.00746628   -0.00489683  0.00746628
  0.00489683  0.00746628    0.23473754  0.00000000   -0.00211082 -0.00000000
 -0.00489683 -0.00746628   -0.00211082 -0.00000000    0.23473754  0.00000000

     Dynamical  Matrix in cartesian axes

     q = (   -0.250000000  -0.750000000  -0.750000000 ) 

    1    1
  0.29052524  0.00000000    0.00489683  0.00746628    0.00489683  0.00746628
  0.00489683 -0.00746628    0.23473754 -0.00000000    0.00211082 -0.00000000
  0.00489683 -0.00746628    0.00211082  0.00000000    0.23473754 -0.00000000
    1    2
  0.07429267  0.06264820   -0.04118261 -0.03692853   -0.04118261 -0.03692853
 -0.04118261 -0.03692853    0.05540534  0.06393395   -0.13361068  0.04207234
 -0.04118261 -0.03692853   -0.13361068  0.04207234    0.05540534  0.06393395
    2    1
  0.07429267 -0.06264820   -0.04118261  0.03692853   -0.04118261  0.03692853
 -0.04118261  0.03692853    0.05540534 -0.06393395   -0.13361068 -0.04207234
 -0.04118261  0.03692853   -0.13361068 -0.04207234    0.05540534 -0.06393395
    2    2
  0.29052524 -0.00000000    0.00489683 -0.00746628    0.00489683 -0.00746628
  0.00489683  0.00746628    0.23473754  0.00000000    0.00211082  0.00000000
  0.00489683  0.00746628    0.00211082 -0.00000000    0.23473754  0.00000000

     Dynamical  Matrix in cartesian axes

     q = (    0.750000000   0.750000000  -0.250000000 ) 

    1    1
  0.23473754 -0.00000000    0.00211082 -0.00000000   -0.00489683  0.00746628
  0.00211082 -0.00000000    0.23473754 -0.00000000   -0.00489683  0.00746628
 -0.00489683 -0.00746628   -0.00489683 -0.00746628    0.29052524  0.00000000
    1    2
 -0.06393395  0.05540534   -0.04207234 -0.13361068   -0.03692853  0.04118261
 -0.04207234 -0.13361068   -0.06393395  0.05540534   -0.03692853  0.04118261
 -0.03692853  0.04118261   -0.03692853  0.04118261   -0.06264820  0.07429267
    2    1
 -0.06393395 -0.05540534   -0.04207234  0.13361068   -0.03692853 -0.04118261
 -0.04207234  0.13361068   -0.06393395 -0.05540534   -0.03692853 -0.04118261
 -0.03692853 -0.04118261   -0.03692853 -0.04118261   -0.06264820 -0.07429267
    2    2
  0.23473754  0.00000000    0.00211082  0.00000000   -0.00489683 -0.00746628
  0.00211082  0.00000000    0.23473754  0.00000000   -0.00489683 -0.00746628
 -0.00489683  0.00746628   -0.00489683  0.00746628    0.29052524 -0.00000000

     Dynamical  Matrix in cartesian axes

     q = (    0.750000000  -0.750000000   0.250000000 ) 

    1    1
  0.23473754 -0.00000000   -0.00211082  0.00000000    0.00489683 -0.00746628
 -0.00211082  0.00000000    0.23473754 -0.00000000   -0.00489683  0.00746628
  0.00489683  0.00746628   -0.00489683 -0.00746628    0.29052524  0.00000000
    1    2
 -0.05540534 -0.06393395   -0.13361068  0.04207234    0.04118261  0.03692853
 -0.13361068  0.04207234   -0.05540534 -0.06393395   -0.04118261 -0.03692853
  0.04118261  0.03692853   -0.04118261 -0.03692853   -0.07429267 -0.06264820
    2    1
 -0.05540534  0.06393395   -0.13361068 -0.04207234    0.04118261 -0.03692853
 -0.13361068 -0.04207234   -0.05540534  0.06393395   -0.04118261  0.03692853
  0.04118261 -0.03692853   -0.04118261  0.03692853   -0.07429267  0.06264820
    2    2
  0.23473754  0.00000000   -0.00211082 -0.00000000    0.00489683  0.00746628
 -0.00211082 -0.00000000    0.23473754  0.00000000   -0.00489683 -0.00746628
  0.00489683 -0.00746628   -0.00489683  0.00746628    0.29052524 -0.00000000

     Dynamical  Matrix in cartesian axes

     q = (   -0.750000000  -0.750000000  -0.250000000 ) 

    1    1
  0.23473754 -0.00000000    0.00211082 -0.00000000    0.00489683 -0.00746628
  0.00211082 -0.00000000    0.23473754 -0.00000000    0.00489683 -0.00746628
  0.00489683  0.00746628    0.00489683  0.00746628    0.29052524  0.00000000
    1    2
  0.05540534  0.06393395   -0.13361068  0.04207234   -0.04118261 -0.03692853
 -0.13361068  0.04207234    0.05540534  0.06393395   -0.04118261 -0.03692853
 -0.04118261 -0.03692853   -0.04118261 -0.03692853    0.07429267  0.06264820
    2    1
  0.05540534 -0.06393395   -0.13361068 -0.04207234   -0.04118261  0.03692853
 -0.13361068 -0.04207234    0.05540534 -0.06393395   -0.04118261  0.03692853
 -0.04118261  0.03692853   -0.04118261  0.03692853    0.07429267 -0.06264820
    2    2
  0.23473754  0.00000000    0.00211082  0.00000000    0.00489683  0.00746628
  0.00211082  0.00000000    0.23473754  0.00000000    0.00489683  0.00746628
  0.00489683 -0.00746628    0.00489683 -0.00746628    0.29052524 -0.00000000

     Dynamical  Matrix in cartesian axes

     q = (    0.250000000  -0.750000000   0.750000000 ) 

    1    1
  0.29052524  0.00000000   -0.00489683 -0.00746628    0.00489683  0.00746628
 -0.00489683  0.00746628    0.23473754 -0.00000000   -0.00211082  0.00000000
  0.00489683 -0.00746628   -0.00211082  0.00000000    0.23473754 -0.00000000
    1    2
 -0.07429267 -0.06264820   -0.04118261 -0.03692853    0.04118261  0.03692853
 -0.04118261 -0.03692853   -0.05540534 -0.06393395   -0.13361068  0.04207234
  0.04118261  0.03692853   -0.13361068  0.04207234   -0.05540534 -0.06393395
    2    1
 -0.07429267  0.06264820   -0.04118261  0.03692853    0.04118261 -0.03692853
 -0.04118261  0.03692853   -0.05540534  0.06393395   -0.13361068 -0.04207234
  0.04118261 -0.03692853   -0.13361068 -0.04207234   -0.05540534  0.06393395
    2    2
  0.29052524 -0.00000000   -0.00489683  0.00746628    0.00489683 -0.00746628
 -0.00489683 -0.00746628    0.23473754  0.00000000   -0.00211082 -0.00000000
  0.00489683  0.00746628   -0.00211082 -0.00000000    0.23473754  0.00000000

     Dynamical  Matrix in cartesian axes

     q = (   -0.750000000  -0.750000000   0.250000000 ) 

    1    1
  0.23473754  0.00000000    0.00211082  0.00000000   -0.00489683 -0.00746628
  0.00211082  0.00000000    0.23473754  0.00000000   -0.00489683 -0.00746628
 -0.00489683  0.00746628   -0.00489683  0.00746628    0.29052524 -0.00000000
    1    2
 -0.06393395 -0.05540534   -0.04207234  0.13361068   -0.03692853 -0.04118261
 -0.04207234  0.13361068   -0.06393395 -0.05540534   -0.03692853 -0.04118261
 -0.03692853 -0.04118261   -0.03692853 -0.04118261   -0.06264820 -0.07429267
    2    1
 -0.06393395  0.05540534   -0.04207234 -0.13361068   -0.03692853  0.04118261
 -0.04207234 -0.13361068   -0.06393395  0.05540534   -0.03692853  0.04118261
 -0.03692853  0.04118261   -0.03692853  0.04118261   -0.06264820  0.07429267
    2    2
  0.23473754 -0.00000000    0.00211082 -0.00000000   -0.00489683  0.00746628
  0.00211082 -0.00000000    0.23473754 -0.00000000   -0.00489683  0.00746628
 -0.00489683 -0.00746628   -0.00489683 -0.00746628    0.29052524  0.00000000

     Dynamical  Matrix in cartesian axes

     q = (    0.250000000   0.750000000   0.750000000 ) 

    1    1
  0.29052524 -0.00000000    0.00489683 -0.00746628    0.00489683 -0.00746628
  0.00489683  0.00746628    0.23473754  0.00000000    0.00211082  0.00000000
  0.00489683  0.00746628    0.00211082 -0.00000000    0.23473754  0.00000000
    1    2
  0.07429267 -0.06264820   -0.04118261  0.03692853   -0.04118261  0.03692853
 -0.04118261  0.03692853    0.05540534 -0.06393395   -0.13361068 -0.04207234
 -0.04118261  0.03692853   -0.13361068 -0.04207234    0.05540534 -0.06393395
    2    1
  0.07429267  0.06264820   -0.04118261 -0.03692853   -0.04118261 -0.03692853
 -0.04118261 -0.03692853    0.05540534  0.06393395   -0.13361068  0.04207234
 -0.04118261 -0.03692853   -0.13361068  0.04207234    0.05540534  0.06393395
    2    2
  0.29052524  0.00000000    0.00489683  0.00746628    0.00489683  0.00746628
  0.00489683 -0.00746628    0.23473754 -0.00000000    0.00211082 -0.00000000
  0.00489683 -0.00746628    0.00211082  0.00000000    0.23473754 -0.00000000

     Dynamical  Matrix in cartesian axes

     q = (   -0.250000000  -0.750000000   0.750000000 ) 

    1    1
  0.29052524 -0.00000000    0.00489683 -0.00746628   -0.00489683  0.00746628
  0.00489683  0.00746628    0.23473754  0.00000000   -0.00211082 -0.00000000
 -0.00489683 -0.00746628   -0.00211082 -0.00000000    0.23473754  0.00000000
    1    2
 -0.07429267  0.06264820    0.04118261 -0.03692853   -0.04118261  0.03692853
  0.04118261 -0.03692853   -0.05540534  0.06393395   -0.13361068 -0.04207234
 -0.04118261  0.03692853   -0.13361068 -0.04207234   -0.05540534  0.06393395
    2    1
 -0.07429267 -0.06264820    0.04118261  0.03692853   -0.04118261 -0.03692853
  0.04118261  0.03692853   -0.05540534 -0.06393395   -0.13361068  0.04207234
 -0.04118261 -0.03692853   -0.13361068  0.04207234   -0.05540534 -0.06393395
    2    2
  0.29052524  0.00000000    0.00489683  0.00746628   -0.00489683 -0.00746628
  0.00489683 -0.00746628    0.23473754 -0.00000000   -0.00211082  0.00000000
 -0.00489683  0.00746628   -0.00211082  0.00000000    0.23473754 -0.00000000

     Dynamical  Matrix in cartesian axes

     q = (    0.750000000   0.750000000   0.250000000 ) 

    1    1
  0.23473754  0.00000000    0.00211082  0.00000000    0.00489683  0.00746628
  0.00211082  0.00000000    0.23473754  0.00000000    0.00489683  0.00746628
  0.00489683 -0.00746628    0.00489683 -0.00746628    0.29052524 -0.00000000
    1    2
  0.05540534 -0.06393395   -0.13361068 -0.04207234   -0.04118261  0.03692853
 -0.13361068 -0.04207234    0.05540534 -0.06393395   -0.04118261  0.03692853
 -0.04118261  0.03692853   -0.04118261  0.03692853    0.07429267 -0.06264820
    2    1
  0.05540534  0.06393395   -0.13361068  0.04207234   -0.04118261 -0.03692853
 -0.13361068  0.04207234    0.05540534  0.06393395   -0.04118261 -0.03692853
 -0.04118261 -0.03692853   -0.04118261 -0.03692853    0.07429267  0.06264820
    2    2
  0.23473754 -0.00000000    0.00211082 -0.00000000    0.00489683 -0.00746628
  0.00211082 -0.00000000    0.23473754 -0.00000000    0.00489683 -0.00746628
  0.00489683  0.00746628    0.00489683  0.00746628    0.29052524  0.00000000

     Dynamical  Matrix in cartesian axes

     q = (    0.250000000  -0.750000000  -0.750000000 ) 

    1    1
  0.29052524 -0.00000000   -0.00489683  0.00746628   -0.00489683  0.00746628
 -0.00489683 -0.00746628    0.23473754  0.00000000    0.00211082 -0.00000000
 -0.00489683 -0.00746628    0.00211082  0.00000000    0.23473754  0.00000000
    1    2
 -0.06264820 -0.07429267   -0.03692853 -0.04118261   -0.03692853 -0.04118261
 -0.03692853 -0.04118261   -0.06393395 -0.05540534   -0.04207234  0.13361068
 -0.03692853 -0.04118261   -0.04207234  0.13361068   -0.06393395 -0.05540534
    2    1
 -0.06264820  0.07429267   -0.03692853  0.04118261   -0.03692853  0.04118261
 -0.03692853  0.04118261   -0.06393395  0.05540534   -0.04207234 -0.13361068
 -0.03692853  0.04118261   -0.04207234 -0.13361068   -0.06393395  0.05540534
    2    2
  0.29052524  0.00000000   -0.00489683 -0.00746628   -0.00489683 -0.00746628
 -0.00489683  0.00746628    0.23473754 -0.00000000    0.00211082  0.00000000
 -0.00489683  0.00746628    0.00211082 -0.00000000    0.23473754 -0.00000000

     Dynamical  Matrix in cartesian axes

     q = (    0.750000000  -0.750000000  -0.250000000 ) 

    1    1
  0.23473754  0.00000000   -0.00211082 -0.00000000   -0.00489683 -0.00746628
 -0.00211082 -0.00000000    0.23473754  0.00000000    0.00489683  0.00746628
 -0.00489683  0.00746628    0.00489683 -0.00746628    0.29052524 -0.00000000
    1    2
 -0.05540534  0.06393395   -0.13361068 -0.04207234   -0.04118261  0.03692853
 -0.13361068 -0.04207234   -0.05540534  0.06393395    0.04118261 -0.03692853
 -0.04118261  0.03692853    0.04118261 -0.03692853   -0.07429267  0.06264820
    2    1
 -0.05540534 -0.06393395   -0.13361068  0.04207234   -0.04118261 -0.03692853
 -0.13361068  0.04207234   -0.05540534 -0.06393395    0.04118261  0.03692853
 -0.04118261 -0.03692853    0.04118261  0.03692853   -0.07429267 -0.06264820
    2    2
  0.23473754 -0.00000000   -0.00211082  0.00000000   -0.00489683  0.00746628
 -0.00211082  0.00000000    0.23473754 -0.00000000    0.00489683 -0.00746628
 -0.00489683 -0.00746628    0.00489683  0.00746628    0.29052524  0.00000000

     Diagonalizing the dynamical matrix

     q = (    0.750000000  -0.250000000   0.750000000 ) 

 **************************************************************************
     freq (    1) =       4.231507 [THz] =     141.147872 [cm-1]
 (  0.057447 -0.496689 -0.000000  0.000000 -0.057447  0.496689 ) 
 (  0.500000 -0.000000 -0.000000 -0.000000 -0.500000  0.000000 ) 
     freq (    2) =       5.514976 [THz] =     183.959807 [cm-1]
 ( -0.397565 -0.196175 -0.299576  0.131032 -0.397565 -0.196175 ) 
 ( -0.443331  0.000000 -0.210668 -0.250068 -0.443331  0.000000 ) 
     freq (    3) =       9.054900 [THz] =     302.038951 [cm-1]
 (  0.131414 -0.246759  0.391608  0.436262  0.131414 -0.246759 ) 
 ( -0.279570  0.000000  0.200983  0.550715 -0.279570  0.000000 ) 
     freq (    4) =      12.002914 [THz] =     400.374101 [cm-1]
 (  0.111152  0.312827 -0.415102 -0.327505  0.111152  0.312827 ) 
 ( -0.331988 -0.000000  0.447582  0.281494 -0.331988  0.000000 ) 
     freq (    5) =      13.371660 [THz] =     446.030555 [cm-1]
 (  0.057447 -0.496689  0.000000 -0.000000 -0.057447  0.496689 ) 
 ( -0.500000  0.000000 -0.000000  0.000000  0.500000  0.000000 ) 
     freq (    6) =      13.764664 [THz] =     459.139760 [cm-1]
 ( -0.302479 -0.153585 -0.475000  0.210262 -0.302479 -0.153585 ) 
 (  0.339238 -0.000000  0.328338  0.402529  0.339238 -0.000000 ) 
 **************************************************************************
