Dynamical matrix file
                                                                           
  1    2  2 10.2920000  0.0000000  0.0000000  0.0000000  0.0000000  0.0000000
           1  'Si  '    25598.822984527003     
    1    1      0.0000000000      0.0000000000      0.0000000000
    2    1      0.2500000000      0.2500000000      0.2500000000

     Dynamical  Matrix in cartesian axes

     q = (   -0.250000000   0.250000000  -0.250000000 ) 

    1    1
  0.27614256  0.00000000   -0.01192184  0.00000000    0.01192184 -0.00000000
 -0.01192184  0.00000000    0.27614256  0.00000000   -0.01192184 -0.00000000
  0.01192184  0.00000000   -0.01192184  0.00000000    0.27614256  0.00000000
    1    2
 -0.20534856 -0.05971600   -0.04018030  0.04180193    0.04018030 -0.04180193
 -0.04018030  0.04180193   -0.20534856 -0.05971600   -0.04018030  0.04180193
  0.04018030 -0.04180193   -0.04018030  0.04180193   -0.20534856 -0.05971600
    2    1
 -0.20534856  0.05971600   -0.04018030 -0.04180193    0.04018030  0.04180193
 -0.04018030 -0.04180193   -0.20534856  0.05971600   -0.04018030 -0.04180193
  0.04018030  0.04180193   -0.04018030 -0.04180193   -0.20534856  0.05971600
    2    2
  0.27614256 -0.00000000   -0.01192184  0.00000000    0.01192184 -0.00000000
 -0.01192184  0.00000000    0.27614256 -0.00000000   -0.01192184  0.00000000
  0.01192184 -0.00000000   -0.01192184  0.00000000    0.27614256 -0.00000000

     Dynamical  Matrix in cartesian axes

     q = (    0.250000000  -0.250000000  -0.250000000 ) 

    1    1
  0.27614256  0.00000000   -0.01192184  0.00000000   -0.01192184  0.00000000
 -0.01192184  0.00000000    0.27614256  0.00000000    0.01192184  0.00000000
 -0.01192184  0.00000000    0.01192184  0.00000000    0.27614256  0.00000000
    1    2
 -0.20534856 -0.05971600   -0.04018030  0.04180193   -0.04018030  0.04180193
 -0.04018030  0.04180193   -0.20534856 -0.05971600    0.04018030 -0.04180193
 -0.04018030  0.04180193    0.04018030 -0.04180193   -0.20534856 -0.05971600
    2    1
 -0.20534856  0.05971600   -0.04018030 -0.04180193   -0.04018030 -0.04180193
 -0.04018030 -0.04180193   -0.20534856  0.05971600    0.04018030  0.04180193
 -0.04018030 -0.04180193    0.04018030  0.04180193   -0.20534856  0.05971600
    2    2
  0.27614256 -0.00000000   -0.01192184 -0.00000000   -0.01192184 -0.00000000
 -0.01192184 -0.00000000    0.27614256 -0.00000000    0.01192184  0.00000000
 -0.01192184 -0.00000000    0.01192184  0.00000000    0.27614256 -0.00000000

     Dynamical  Matrix in cartesian axes

     q = (    0.250000000  -0.250000000   0.250000000 ) 

    1    1
  0.27614256 -0.00000000   -0.01192184  0.00000000    0.01192184 -0.00000000
 -0.01192184  0.00000000    0.27614256 -0.00000000   -0.01192184  0.00000000
  0.01192184 -0.00000000   -0.01192184  0.00000000    0.27614256 -0.00000000
    1    2
 -0.20534856  0.05971600   -0.04018030 -0.04180193    0.04018030  0.04180193
 -0.04018030 -0.04180193   -0.20534856  0.05971600   -0.04018030 -0.04180193
  0.04018030  0.04180193   -0.04018030 -0.04180193   -0.20534856  0.05971600
    2    1
 -0.20534856 -0.05971600   -0.04018030  0.04180193    0.04018030 -0.04180193
 -0.04018030  0.04180193   -0.20534856 -0.05971600   -0.04018030  0.04180193
  0.04018030 -0.04180193   -0.04018030  0.04180193   -0.20534856 -0.05971600
    2    2
  0.27614256  0.00000000   -0.01192184  0.00000000    0.01192184 -0.00000000
 -0.01192184  0.00000000    0.27614256  0.00000000   -0.01192184 -0.00000000
  0.01192184  0.00000000   -0.01192184  0.00000000    0.27614256  0.00000000

     Dynamical  Matrix in cartesian axes

     q = (    0.250000000   0.250000000   0.250000000 ) 

    1    1
  0.27614256  0.00000000    0.01192184  0.00000000    0.01192184  0.00000000
  0.01192184  0.00000000    0.27614256  0.00000000    0.01192184 -0.00000000
  0.01192184 -0.00000000    0.01192184 -0.00000000    0.27614256  0.00000000
    1    2
 -0.05971600  0.20534856   -0.04180193 -0.04018030   -0.04180193 -0.04018030
 -0.04180193 -0.04018030   -0.05971600  0.20534856   -0.04180193 -0.04018030
 -0.04180193 -0.04018030   -0.04180193 -0.04018030   -0.05971600  0.20534856
    2    1
 -0.05971600 -0.20534856   -0.04180193  0.04018030   -0.04180193  0.04018030
 -0.04180193  0.04018030   -0.05971600 -0.20534856   -0.04180193  0.04018030
 -0.04180193  0.04018030   -0.04180193  0.04018030   -0.05971600 -0.20534856
    2    2
  0.27614256 -0.00000000    0.01192184 -0.00000000    0.01192184 -0.00000000
  0.01192184 -0.00000000    0.27614256 -0.00000000    0.01192184  0.00000000
  0.01192184 -0.00000000    0.01192184  0.00000000    0.27614256 -0.00000000

     Dynamical  Matrix in cartesian axes

     q = (   -0.250000000  -0.250000000  -0.250000000 ) 

    1    1
  0.27614256 -0.00000000    0.01192184 -0.00000000    0.01192184 -0.00000000
  0.01192184 -0.00000000    0.27614256 -0.00000000    0.01192184  0.00000000
  0.01192184 -0.00000000    0.01192184  0.00000000    0.27614256 -0.00000000
    1    2
 -0.05971600 -0.20534856   -0.04180193  0.04018030   -0.04180193  0.04018030
 -0.04180193  0.04018030   -0.05971600 -0.20534856   -0.04180193  0.04018030
 -0.04180193  0.04018030   -0.04180193  0.04018030   -0.05971600 -0.20534856
    2    1
 -0.05971600  0.20534856   -0.04180193 -0.04018030   -0.04180193 -0.04018030
 -0.04180193 -0.04018030   -0.05971600  0.20534856   -0.04180193 -0.04018030
 -0.04180193 -0.04018030   -0.04180193 -0.04018030   -0.05971600  0.20534856
    2    2
  0.27614256  0.00000000    0.01192184  0.00000000    0.01192184  0.00000000
  0.01192184  0.00000000    0.27614256  0.00000000    0.01192184 -0.00000000
  0.01192184 -0.00000000    0.01192184 -0.00000000    0.27614256  0.00000000

     Dynamical  Matrix in cartesian axes

     q = (   -0.250000000  -0.250000000   0.250000000 ) 

    1    1
  0.27614256  0.00000000    0.01192184  0.00000000   -0.01192184  0.00000000
  0.01192184  0.00000000    0.27614256  0.00000000   -0.01192184  0.00000000
 -0.01192184  0.00000000   -0.01192184  0.00000000    0.27614256  0.00000000
    1    2
 -0.20534856 -0.05971600    0.04018030 -0.04180193   -0.04018030  0.04180193
  0.04018030 -0.04180193   -0.20534856 -0.05971600   -0.04018030  0.04180193
 -0.04018030  0.04180193   -0.04018030  0.04180193   -0.20534856 -0.05971600
    2    1
 -0.20534856  0.05971600    0.04018030  0.04180193   -0.04018030 -0.04180193
  0.04018030  0.04180193   -0.20534856  0.05971600   -0.04018030 -0.04180193
 -0.04018030 -0.04180193   -0.04018030 -0.04180193   -0.20534856  0.05971600
    2    2
  0.27614256 -0.00000000    0.01192184 -0.00000000   -0.01192184  0.00000000
  0.01192184 -0.00000000    0.27614256 -0.00000000   -0.01192184  0.00000000
 -0.01192184  0.00000000   -0.01192184  0.00000000    0.27614256 -0.00000000

     Dynamical  Matrix in cartesian axes

     q = (   -0.250000000   0.250000000   0.250000000 ) 

    1    1
  0.27614256 -0.00000000   -0.01192184 -0.00000000   -0.01192184 -0.00000000
 -0.01192184 -0.00000000    0.27614256 -0.00000000    0.01192184  0.00000000
 -0.01192184 -0.00000000    0.01192184  0.00000000    0.27614256 -0.00000000
    1    2
 -0.20534856  0.05971600   -0.04018030 -0.04180193   -0.04018030 -0.04180193
 -0.04018030 -0.04180193   -0.20534856  0.05971600    0.04018030  0.04180193
 -0.04018030 -0.04180193    0.04018030  0.04180193   -0.20534856  0.05971600
    2    1
 -0.20534856 -0.05971600   -0.04018030  0.04180193   -0.04018030  0.04180193
 -0.04018030  0.04180193   -0.20534856 -0.05971600    0.04018030 -0.04180193
 -0.04018030  0.04180193    0.04018030 -0.04180193   -0.20534856 -0.05971600
    2    2
  0.27614256  0.00000000   -0.01192184  0.00000000   -0.01192184  0.00000000
 -0.01192184  0.00000000    0.27614256  0.00000000    0.01192184  0.00000000
 -0.01192184  0.00000000    0.01192184  0.00000000    0.27614256  0.00000000

     Dynamical  Matrix in cartesian axes

     q = (    0.250000000   0.250000000  -0.250000000 ) 

    1    1
  0.27614256 -0.00000000    0.01192184 -0.00000000   -0.01192184  0.00000000
  0.01192184 -0.00000000    0.27614256 -0.00000000   -0.01192184  0.00000000
 -0.01192184  0.00000000   -0.01192184  0.00000000    0.27614256 -0.00000000
    1    2
 -0.20534856  0.05971600    0.04018030  0.04180193   -0.04018030 -0.04180193
  0.04018030  0.04180193   -0.20534856  0.05971600   -0.04018030 -0.04180193
 -0.04018030 -0.04180193   -0.04018030 -0.04180193   -0.20534856  0.05971600
    2    1
 -0.20534856 -0.05971600    0.04018030 -0.04180193   -0.04018030  0.04180193
  0.04018030 -0.04180193   -0.20534856 -0.05971600   -0.04018030  0.04180193
 -0.04018030  0.04180193   -0.04018030  0.04180193   -0.20534856 -0.05971600
    2    2
  0.27614256  0.00000000    0.01192184  0.00000000   -0.01192184  0.00000000
  0.01192184  0.00000000    0.27614256  0.00000000   -0.01192184  0.00000000
 -0.01192184  0.00000000   -0.01192184  0.00000000    0.27614256  0.00000000

     Diagonalizing the dynamical matrix

     q = (   -0.250000000   0.250000000  -0.250000000 ) 

 **************************************************************************
     freq (    1) =       2.761684 [THz] =      92.119850 [cm-1]
 (  0.282202  0.214529  0.515673  0.231563  0.233471  0.017034 ) 
 (  0.297065  0.193425  0.531157  0.193425  0.234091  0.000000 ) 
     freq (    2) =       2.761684 [THz] =      92.119850 [cm-1]
 ( -0.440133 -0.118135  0.086232 -0.079731  0.526365  0.038404 ) 
 ( -0.447562 -0.085794  0.080202 -0.085794  0.527764  0.000000 ) 
     freq (    3) =       6.814108 [THz] =     227.294164 [cm-1]
 ( -0.268326 -0.307681  0.268326  0.307681 -0.268326 -0.307681 ) 
 ( -0.408248 -0.000000  0.408248 -0.000000 -0.408248  0.000000 ) 
     freq (    4) =      14.395605 [THz] =     480.185686 [cm-1]
 ( -0.268326 -0.307681  0.268326  0.307681 -0.268326 -0.307681 ) 
 (  0.408248  0.000000 -0.408248  0.000000  0.408248  0.000000 ) 
     freq (    5) =      14.689984 [THz] =     490.005117 [cm-1]
 ( -0.244003  0.427032 -0.276958  0.424628 -0.032954 -0.002404 ) 
 (  0.212282 -0.443656  0.245324 -0.443656  0.033042  0.000000 ) 
     freq (    6) =      14.689984 [THz] =     490.005117 [cm-1]
 ( -0.302370  0.003439  0.272506  0.045382  0.574876  0.041944 ) 
 (  0.301318 -0.025432 -0.275086 -0.025432 -0.576404  0.000000 ) 
 **************************************************************************
