Dynamical matrix file
                                                                           
  1    2  2 10.4020000  0.0000000  0.0000000  0.0000000  0.0000000  0.0000000
           1  'Si  '    25598.822984527003     
    1    1      0.0000000000      0.0000000000      0.0000000000
    2    1      0.2500000000      0.2500000000      0.2500000000

     Dynamical  Matrix in cartesian axes

     q = (   -0.250000000   0.250000000  -0.250000000 ) 

    1    1
  0.28823343  0.00000000   -0.01058538  0.00000000    0.01058538  0.00000000
 -0.01058538  0.00000000    0.28823343  0.00000000   -0.01058538  0.00000000
  0.01058538  0.00000000   -0.01058538  0.00000000    0.28823343  0.00000000
    1    2
 -0.21482451 -0.06521225   -0.03340984  0.03400506    0.03340984 -0.03400506
 -0.03340984  0.03400506   -0.21482451 -0.06521225   -0.03340984  0.03400506
  0.03340984 -0.03400506   -0.03340984  0.03400506   -0.21482451 -0.06521225
    2    1
 -0.21482451  0.06521225   -0.03340984 -0.03400506    0.03340984  0.03400506
 -0.03340984 -0.03400506   -0.21482451  0.06521225   -0.03340984 -0.03400506
  0.03340984  0.03400506   -0.03340984 -0.03400506   -0.21482451  0.06521225
    2    2
  0.28823343  0.00000000   -0.01058538  0.00000000    0.01058538  0.00000000
 -0.01058538  0.00000000    0.28823343  0.00000000   -0.01058538  0.00000000
  0.01058538  0.00000000   -0.01058538  0.00000000    0.28823343  0.00000000

     Dynamical  Matrix in cartesian axes

     q = (    0.250000000  -0.250000000  -0.250000000 ) 

    1    1
  0.28823343  0.00000000   -0.01058538  0.00000000   -0.01058538  0.00000000
 -0.01058538  0.00000000    0.28823343  0.00000000    0.01058538  0.00000000
 -0.01058538  0.00000000    0.01058538  0.00000000    0.28823343  0.00000000
    1    2
 -0.21482451 -0.06521225   -0.03340984  0.03400506   -0.03340984  0.03400506
 -0.03340984  0.03400506   -0.21482451 -0.06521225    0.03340984 -0.03400506
 -0.03340984  0.03400506    0.03340984 -0.03400506   -0.21482451 -0.06521225
    2    1
 -0.21482451  0.06521225   -0.03340984 -0.03400506   -0.03340984 -0.03400506
 -0.03340984 -0.03400506   -0.21482451  0.06521225    0.03340984  0.03400506
 -0.03340984 -0.03400506    0.03340984  0.03400506   -0.21482451  0.06521225
    2    2
  0.28823343  0.00000000   -0.01058538  0.00000000   -0.01058538  0.00000000
 -0.01058538  0.00000000    0.28823343  0.00000000    0.01058538  0.00000000
 -0.01058538  0.00000000    0.01058538  0.00000000    0.28823343  0.00000000

     Dynamical  Matrix in cartesian axes

     q = (    0.250000000  -0.250000000   0.250000000 ) 

    1    1
  0.28823343  0.00000000   -0.01058538  0.00000000    0.01058538  0.00000000
 -0.01058538  0.00000000    0.28823343  0.00000000   -0.01058538  0.00000000
  0.01058538  0.00000000   -0.01058538  0.00000000    0.28823343  0.00000000
    1    2
 -0.21482451  0.06521225   -0.03340984 -0.03400506    0.03340984  0.03400506
 -0.03340984 -0.03400506   -0.21482451  0.06521225   -0.03340984 -0.03400506
  0.03340984  0.03400506   -0.03340984 -0.03400506   -0.21482451  0.06521225
    2    1
 -0.21482451 -0.06521225   -0.03340984  0.03400506    0.03340984 -0.03400506
 -0.03340984  0.03400506   -0.21482451 -0.06521225   -0.03340984  0.03400506
  0.03340984 -0.03400506   -0.03340984  0.03400506   -0.21482451 -0.06521225
    2    2
  0.28823343  0.00000000   -0.01058538  0.00000000    0.01058538  0.00000000
 -0.01058538  0.00000000    0.28823343  0.00000000   -0.01058538  0.00000000
  0.01058538  0.00000000   -0.01058538  0.00000000    0.28823343  0.00000000

     Dynamical  Matrix in cartesian axes

     q = (    0.250000000   0.250000000   0.250000000 ) 

    1    1
  0.28823343  0.00000000    0.01058538  0.00000000    0.01058538  0.00000000
  0.01058538  0.00000000    0.28823343  0.00000000    0.01058538  0.00000000
  0.01058538  0.00000000    0.01058538  0.00000000    0.28823343  0.00000000
    1    2
 -0.06521225  0.21482451   -0.03400506 -0.03340984   -0.03400506 -0.03340984
 -0.03400506 -0.03340984   -0.06521225  0.21482451   -0.03400506 -0.03340984
 -0.03400506 -0.03340984   -0.03400506 -0.03340984   -0.06521225  0.21482451
    2    1
 -0.06521225 -0.21482451   -0.03400506  0.03340984   -0.03400506  0.03340984
 -0.03400506  0.03340984   -0.06521225 -0.21482451   -0.03400506  0.03340984
 -0.03400506  0.03340984   -0.03400506  0.03340984   -0.06521225 -0.21482451
    2    2
  0.28823343  0.00000000    0.01058538  0.00000000    0.01058538  0.00000000
  0.01058538  0.00000000    0.28823343  0.00000000    0.01058538  0.00000000
  0.01058538  0.00000000    0.01058538  0.00000000    0.28823343  0.00000000

     Dynamical  Matrix in cartesian axes

     q = (   -0.250000000  -0.250000000  -0.250000000 ) 

    1    1
  0.28823343  0.00000000    0.01058538  0.00000000    0.01058538  0.00000000
  0.01058538  0.00000000    0.28823343  0.00000000    0.01058538  0.00000000
  0.01058538  0.00000000    0.01058538  0.00000000    0.28823343  0.00000000
    1    2
 -0.06521225 -0.21482451   -0.03400506  0.03340984   -0.03400506  0.03340984
 -0.03400506  0.03340984   -0.06521225 -0.21482451   -0.03400506  0.03340984
 -0.03400506  0.03340984   -0.03400506  0.03340984   -0.06521225 -0.21482451
    2    1
 -0.06521225  0.21482451   -0.03400506 -0.03340984   -0.03400506 -0.03340984
 -0.03400506 -0.03340984   -0.06521225  0.21482451   -0.03400506 -0.03340984
 -0.03400506 -0.03340984   -0.03400506 -0.03340984   -0.06521225  0.21482451
    2    2
  0.28823343  0.00000000    0.01058538  0.00000000    0.01058538  0.00000000
  0.01058538  0.00000000    0.28823343  0.00000000    0.01058538  0.00000000
  0.01058538  0.00000000    0.01058538  0.00000000    0.28823343  0.00000000

     Dynamical  Matrix in cartesian axes

     q = (   -0.250000000  -0.250000000   0.250000000 ) 

    1    1
  0.28823343  0.00000000    0.01058538  0.00000000   -0.01058538  0.00000000
  0.01058538  0.00000000    0.28823343  0.00000000   -0.01058538  0.00000000
 -0.01058538  0.00000000   -0.01058538  0.00000000    0.28823343  0.00000000
    1    2
 -0.21482451 -0.06521225    0.03340984 -0.03400506   -0.03340984  0.03400506
  0.03340984 -0.03400506   -0.21482451 -0.06521225   -0.03340984  0.03400506
 -0.03340984  0.03400506   -0.03340984  0.03400506   -0.21482451 -0.06521225
    2    1
 -0.21482451  0.06521225    0.03340984  0.03400506   -0.03340984 -0.03400506
  0.03340984  0.03400506   -0.21482451  0.06521225   -0.03340984 -0.03400506
 -0.03340984 -0.03400506   -0.03340984 -0.03400506   -0.21482451  0.06521225
    2    2
  0.28823343  0.00000000    0.01058538  0.00000000   -0.01058538  0.00000000
  0.01058538  0.00000000    0.28823343  0.00000000   -0.01058538  0.00000000
 -0.01058538  0.00000000   -0.01058538  0.00000000    0.28823343  0.00000000

     Dynamical  Matrix in cartesian axes

     q = (   -0.250000000   0.250000000   0.250000000 ) 

    1    1
  0.28823343  0.00000000   -0.01058538  0.00000000   -0.01058538  0.00000000
 -0.01058538  0.00000000    0.28823343  0.00000000    0.01058538  0.00000000
 -0.01058538  0.00000000    0.01058538  0.00000000    0.28823343  0.00000000
    1    2
 -0.21482451  0.06521225   -0.03340984 -0.03400506   -0.03340984 -0.03400506
 -0.03340984 -0.03400506   -0.21482451  0.06521225    0.03340984  0.03400506
 -0.03340984 -0.03400506    0.03340984  0.03400506   -0.21482451  0.06521225
    2    1
 -0.21482451 -0.06521225   -0.03340984  0.03400506   -0.03340984  0.03400506
 -0.03340984  0.03400506   -0.21482451 -0.06521225    0.03340984 -0.03400506
 -0.03340984  0.03400506    0.03340984 -0.03400506   -0.21482451 -0.06521225
    2    2
  0.28823343  0.00000000   -0.01058538  0.00000000   -0.01058538  0.00000000
 -0.01058538  0.00000000    0.28823343  0.00000000    0.01058538  0.00000000
 -0.01058538  0.00000000    0.01058538  0.00000000    0.28823343  0.00000000

     Dynamical  Matrix in cartesian axes

     q = (    0.250000000   0.250000000  -0.250000000 ) 

    1    1
  0.28823343  0.00000000    0.01058538  0.00000000   -0.01058538  0.00000000
  0.01058538  0.00000000    0.28823343  0.00000000   -0.01058538  0.00000000
 -0.01058538  0.00000000   -0.01058538  0.00000000    0.28823343  0.00000000
    1    2
 -0.21482451  0.06521225    0.03340984  0.03400506   -0.03340984 -0.03400506
  0.03340984  0.03400506   -0.21482451  0.06521225   -0.03340984 -0.03400506
 -0.03340984 -0.03400506   -0.03340984 -0.03400506   -0.21482451  0.06521225
    2    1
 -0.21482451 -0.06521225    0.03340984 -0.03400506   -0.03340984  0.03400506
  0.03340984 -0.03400506   -0.21482451 -0.06521225   -0.03340984  0.03400506
 -0.03340984  0.03400506   -0.03340984  0.03400506   -0.21482451 -0.06521225
    2    2
  0.28823343  0.00000000    0.01058538  0.00000000   -0.01058538  0.00000000
  0.01058538  0.00000000    0.28823343  0.00000000   -0.01058538  0.00000000
 -0.01058538  0.00000000   -0.01058538  0.00000000    0.28823343  0.00000000

     Diagonalizing the dynamical matrix

     q = (   -0.250000000   0.250000000  -0.250000000 ) 

 **************************************************************************
     freq (    1) =       3.407324 [THz] =     113.656091 [cm-1]
 ( -0.324578 -0.371997 -0.340742 -0.374029 -0.016164 -0.002032 ) 
 ( -0.368444 -0.328605 -0.384735 -0.328605 -0.016291  0.000000 ) 
     freq (    2) =       3.407324 [THz] =     113.656091 [cm-1]
 (  0.295697  0.046523 -0.276916 -0.025464 -0.572613 -0.071987 ) 
 (  0.299191  0.009276 -0.277929  0.009276 -0.577120  0.000000 ) 
     freq (    3) =       6.828065 [THz] =     227.759746 [cm-1]
 ( -0.303430 -0.273124  0.303430  0.273124 -0.303430 -0.273124 ) 
 ( -0.408248  0.000000  0.408248 -0.000000 -0.408248  0.000000 ) 
     freq (    4) =      14.663108 [THz] =     489.108650 [cm-1]
 (  0.303430  0.273124 -0.303430 -0.273124  0.303430  0.273124 ) 
 ( -0.408248  0.000000  0.408248  0.000000 -0.408248  0.000000 ) 
     freq (    5) =      14.938765 [THz] =     498.303547 [cm-1]
 (  0.309567 -0.040357 -0.255798 -0.111433 -0.565365 -0.071076 ) 
 ( -0.302116  0.078656  0.267700  0.078656  0.569815  0.000000 ) 
     freq (    6) =      14.938765 [THz] =     498.303547 [cm-1]
 ( -0.118650  0.470951 -0.210896  0.459354 -0.092246 -0.011597 ) 
 (  0.058979 -0.482073  0.151951 -0.482073  0.092972  0.000000 ) 
 **************************************************************************
