Dynamical matrix file
                                                                           
  1    2  2 10.4020000  0.0000000  0.0000000  0.0000000  0.0000000  0.0000000
           1  'Si  '    25598.822984527003     
    1    1      0.0000000000      0.0000000000      0.0000000000
    2    1      0.2500000000      0.2500000000      0.2500000000

     Dynamical  Matrix in cartesian axes

     q = (    0.750000000  -0.250000000   0.750000000 ) 

    1    1
  0.25104418  0.00000000   -0.00457393  0.00757074    0.00134485  0.00000000
 -0.00457393 -0.00757074    0.30531135  0.00000000   -0.00457393 -0.00757074
  0.00134485  0.00000000   -0.00457393  0.00757074    0.25104418  0.00000000
    1    2
 -0.04927722  0.08100695   -0.03250015  0.03715270   -0.03870751 -0.12191969
 -0.03250015  0.03715270   -0.04780909  0.10020759   -0.03250015  0.03715270
 -0.03870751 -0.12191969   -0.03250015  0.03715270   -0.04927722  0.08100695
    2    1
 -0.04927722 -0.08100695   -0.03250015 -0.03715270   -0.03870751  0.12191969
 -0.03250015 -0.03715270   -0.04780909 -0.10020759   -0.03250015 -0.03715270
 -0.03870751  0.12191969   -0.03250015 -0.03715270   -0.04927722 -0.08100695
    2    2
  0.25104418  0.00000000   -0.00457393 -0.00757074    0.00134485  0.00000000
 -0.00457393  0.00757074    0.30531135  0.00000000   -0.00457393  0.00757074
  0.00134485  0.00000000   -0.00457393 -0.00757074    0.25104418  0.00000000

     Dynamical  Matrix in cartesian axes

     q = (    0.750000000  -0.250000000  -0.750000000 ) 

    1    1
  0.25104418  0.00000000   -0.00457393 -0.00757074   -0.00134485  0.00000000
 -0.00457393  0.00757074    0.30531135  0.00000000    0.00457393 -0.00757074
 -0.00134485  0.00000000    0.00457393  0.00757074    0.25104418  0.00000000
    1    2
 -0.08100695  0.04927722   -0.03715270  0.03250015   -0.12191969 -0.03870751
 -0.03715270  0.03250015   -0.10020759  0.04780909    0.03715270 -0.03250015
 -0.12191969 -0.03870751    0.03715270 -0.03250015   -0.08100695  0.04927722
    2    1
 -0.08100695 -0.04927722   -0.03715270 -0.03250015   -0.12191969  0.03870751
 -0.03715270 -0.03250015   -0.10020759 -0.04780909    0.03715270  0.03250015
 -0.12191969  0.03870751    0.03715270  0.03250015   -0.08100695 -0.04927722
    2    2
  0.25104418  0.00000000   -0.00457393  0.00757074   -0.00134485  0.00000000
 -0.00457393 -0.00757074    0.30531135  0.00000000    0.00457393  0.00757074
 -0.00134485  0.00000000    0.00457393 -0.00757074    0.25104418  0.00000000

     Dynamical  Matrix in cartesian axes

     q = (   -0.750000000  -0.250000000  -0.750000000 ) 

    1    1
  0.25104418  0.00000000    0.00457393 -0.00757074    0.00134485  0.00000000
  0.00457393  0.00757074    0.30531135  0.00000000    0.00457393  0.00757074
  0.00134485  0.00000000    0.00457393 -0.00757074    0.25104418  0.00000000
    1    2
  0.08100695  0.04927722   -0.03715270 -0.03250015   -0.12191969  0.03870751
 -0.03715270 -0.03250015    0.10020759  0.04780909   -0.03715270 -0.03250015
 -0.12191969  0.03870751   -0.03715270 -0.03250015    0.08100695  0.04927722
    2    1
  0.08100695 -0.04927722   -0.03715270  0.03250015   -0.12191969 -0.03870751
 -0.03715270  0.03250015    0.10020759 -0.04780909   -0.03715270  0.03250015
 -0.12191969 -0.03870751   -0.03715270  0.03250015    0.08100695 -0.04927722
    2    2
  0.25104418  0.00000000    0.00457393  0.00757074    0.00134485  0.00000000
  0.00457393 -0.00757074    0.30531135  0.00000000    0.00457393 -0.00757074
  0.00134485  0.00000000    0.00457393  0.00757074    0.25104418  0.00000000

     Dynamical  Matrix in cartesian axes

     q = (   -0.750000000  -0.250000000   0.750000000 ) 

    1    1
  0.25104418  0.00000000    0.00457393  0.00757074   -0.00134485  0.00000000
  0.00457393 -0.00757074    0.30531135  0.00000000   -0.00457393  0.00757074
 -0.00134485  0.00000000   -0.00457393 -0.00757074    0.25104418  0.00000000
    1    2
 -0.08100695  0.04927722    0.03715270 -0.03250015   -0.12191969 -0.03870751
  0.03715270 -0.03250015   -0.10020759  0.04780909   -0.03715270  0.03250015
 -0.12191969 -0.03870751   -0.03715270  0.03250015   -0.08100695  0.04927722
    2    1
 -0.08100695 -0.04927722    0.03715270  0.03250015   -0.12191969  0.03870751
  0.03715270  0.03250015   -0.10020759 -0.04780909   -0.03715270 -0.03250015
 -0.12191969  0.03870751   -0.03715270 -0.03250015   -0.08100695 -0.04927722
    2    2
  0.25104418  0.00000000    0.00457393 -0.00757074   -0.00134485  0.00000000
  0.00457393  0.00757074    0.30531135  0.00000000   -0.00457393 -0.00757074
 -0.00134485  0.00000000   -0.00457393  0.00757074    0.25104418  0.00000000

     Dynamical  Matrix in cartesian axes

     q = (   -0.750000000   0.250000000  -0.750000000 ) 

    1    1
  0.25104418  0.00000000   -0.00457393 -0.00757074    0.00134485  0.00000000
 -0.00457393  0.00757074    0.30531135  0.00000000   -0.00457393  0.00757074
  0.00134485  0.00000000   -0.00457393 -0.00757074    0.25104418  0.00000000
    1    2
 -0.04927722 -0.08100695   -0.03250015 -0.03715270   -0.03870751  0.12191969
 -0.03250015 -0.03715270   -0.04780909 -0.10020759   -0.03250015 -0.03715270
 -0.03870751  0.12191969   -0.03250015 -0.03715270   -0.04927722 -0.08100695
    2    1
 -0.04927722  0.08100695   -0.03250015  0.03715270   -0.03870751 -0.12191969
 -0.03250015  0.03715270   -0.04780909  0.10020759   -0.03250015  0.03715270
 -0.03870751 -0.12191969   -0.03250015  0.03715270   -0.04927722  0.08100695
    2    2
  0.25104418  0.00000000   -0.00457393  0.00757074    0.00134485  0.00000000
 -0.00457393 -0.00757074    0.30531135  0.00000000   -0.00457393 -0.00757074
  0.00134485  0.00000000   -0.00457393  0.00757074    0.25104418  0.00000000

     Dynamical  Matrix in cartesian axes

     q = (   -0.250000000   0.750000000  -0.750000000 ) 

    1    1
  0.30531135  0.00000000   -0.00457393  0.00757074    0.00457393 -0.00757074
 -0.00457393 -0.00757074    0.25104418  0.00000000   -0.00134485  0.00000000
  0.00457393  0.00757074   -0.00134485  0.00000000    0.25104418  0.00000000
    1    2
 -0.10020759  0.04780909   -0.03715270  0.03250015    0.03715270 -0.03250015
 -0.03715270  0.03250015   -0.08100695  0.04927722   -0.12191969 -0.03870751
  0.03715270 -0.03250015   -0.12191969 -0.03870751   -0.08100695  0.04927722
    2    1
 -0.10020759 -0.04780909   -0.03715270 -0.03250015    0.03715270  0.03250015
 -0.03715270 -0.03250015   -0.08100695 -0.04927722   -0.12191969  0.03870751
  0.03715270  0.03250015   -0.12191969  0.03870751   -0.08100695 -0.04927722
    2    2
  0.30531135  0.00000000   -0.00457393 -0.00757074    0.00457393  0.00757074
 -0.00457393  0.00757074    0.25104418  0.00000000   -0.00134485  0.00000000
  0.00457393 -0.00757074   -0.00134485  0.00000000    0.25104418  0.00000000

     Dynamical  Matrix in cartesian axes

     q = (   -0.750000000   0.750000000  -0.250000000 ) 

    1    1
  0.25104418  0.00000000   -0.00134485  0.00000000    0.00457393  0.00757074
 -0.00134485  0.00000000    0.25104418  0.00000000   -0.00457393 -0.00757074
  0.00457393 -0.00757074   -0.00457393  0.00757074    0.30531135  0.00000000
    1    2
 -0.08100695  0.04927722   -0.12191969 -0.03870751    0.03715270 -0.03250015
 -0.12191969 -0.03870751   -0.08100695  0.04927722   -0.03715270  0.03250015
  0.03715270 -0.03250015   -0.03715270  0.03250015   -0.10020759  0.04780909
    2    1
 -0.08100695 -0.04927722   -0.12191969  0.03870751    0.03715270  0.03250015
 -0.12191969  0.03870751   -0.08100695 -0.04927722   -0.03715270 -0.03250015
  0.03715270  0.03250015   -0.03715270 -0.03250015   -0.10020759 -0.04780909
    2    2
  0.25104418  0.00000000   -0.00134485  0.00000000    0.00457393 -0.00757074
 -0.00134485  0.00000000    0.25104418  0.00000000   -0.00457393  0.00757074
  0.00457393  0.00757074   -0.00457393 -0.00757074    0.30531135  0.00000000

     Dynamical  Matrix in cartesian axes

     q = (    0.750000000   0.250000000   0.750000000 ) 

    1    1
  0.25104418  0.00000000    0.00457393  0.00757074    0.00134485  0.00000000
  0.00457393 -0.00757074    0.30531135  0.00000000    0.00457393 -0.00757074
  0.00134485  0.00000000    0.00457393  0.00757074    0.25104418  0.00000000
    1    2
  0.08100695 -0.04927722   -0.03715270  0.03250015   -0.12191969 -0.03870751
 -0.03715270  0.03250015    0.10020759 -0.04780909   -0.03715270  0.03250015
 -0.12191969 -0.03870751   -0.03715270  0.03250015    0.08100695 -0.04927722
    2    1
  0.08100695  0.04927722   -0.03715270 -0.03250015   -0.12191969  0.03870751
 -0.03715270 -0.03250015    0.10020759  0.04780909   -0.03715270 -0.03250015
 -0.12191969  0.03870751   -0.03715270 -0.03250015    0.08100695  0.04927722
    2    2
  0.25104418  0.00000000    0.00457393 -0.00757074    0.00134485  0.00000000
  0.00457393  0.00757074    0.30531135  0.00000000    0.00457393  0.00757074
  0.00134485  0.00000000    0.00457393 -0.00757074    0.25104418  0.00000000

     Dynamical  Matrix in cartesian axes

     q = (   -0.750000000   0.250000000   0.750000000 ) 

    1    1
  0.25104418  0.00000000   -0.00457393  0.00757074   -0.00134485  0.00000000
 -0.00457393 -0.00757074    0.30531135  0.00000000    0.00457393  0.00757074
 -0.00134485  0.00000000    0.00457393 -0.00757074    0.25104418  0.00000000
    1    2
 -0.08100695 -0.04927722   -0.03715270 -0.03250015   -0.12191969  0.03870751
 -0.03715270 -0.03250015   -0.10020759 -0.04780909    0.03715270  0.03250015
 -0.12191969  0.03870751    0.03715270  0.03250015   -0.08100695 -0.04927722
    2    1
 -0.08100695  0.04927722   -0.03715270  0.03250015   -0.12191969 -0.03870751
 -0.03715270  0.03250015   -0.10020759  0.04780909    0.03715270 -0.03250015
 -0.12191969 -0.03870751    0.03715270 -0.03250015   -0.08100695  0.04927722
    2    2
  0.25104418  0.00000000   -0.00457393 -0.00757074   -0.00134485  0.00000000
 -0.00457393  0.00757074    0.30531135  0.00000000    0.00457393 -0.00757074
 -0.00134485  0.00000000    0.00457393  0.00757074    0.25104418  0.00000000

     Dynamical  Matrix in cartesian axes

     q = (    0.750000000   0.250000000  -0.750000000 ) 

    1    1
  0.25104418  0.00000000    0.00457393 -0.00757074   -0.00134485  0.00000000
  0.00457393  0.00757074    0.30531135  0.00000000   -0.00457393 -0.00757074
 -0.00134485  0.00000000   -0.00457393  0.00757074    0.25104418  0.00000000
    1    2
 -0.08100695 -0.04927722    0.03715270  0.03250015   -0.12191969  0.03870751
  0.03715270  0.03250015   -0.10020759 -0.04780909   -0.03715270 -0.03250015
 -0.12191969  0.03870751   -0.03715270 -0.03250015   -0.08100695 -0.04927722
    2    1
 -0.08100695  0.04927722    0.03715270 -0.03250015   -0.12191969 -0.03870751
  0.03715270 -0.03250015   -0.10020759  0.04780909   -0.03715270  0.03250015
 -0.12191969 -0.03870751   -0.03715270  0.03250015   -0.08100695  0.04927722
    2    2
  0.25104418  0.00000000    0.00457393  0.00757074   -0.00134485  0.00000000
  0.00457393 -0.00757074    0.30531135  0.00000000   -0.00457393  0.00757074
 -0.00134485  0.00000000   -0.00457393 -0.00757074    0.25104418  0.00000000

     Dynamical  Matrix in cartesian axes

     q = (   -0.750000000   0.750000000   0.250000000 ) 

    1    1
  0.25104418  0.00000000   -0.00134485  0.00000000   -0.00457393  0.00757074
 -0.00134485  0.00000000    0.25104418  0.00000000    0.00457393 -0.00757074
 -0.00457393 -0.00757074    0.00457393  0.00757074    0.30531135  0.00000000
    1    2
 -0.08100695 -0.04927722   -0.12191969  0.03870751   -0.03715270 -0.03250015
 -0.12191969  0.03870751   -0.08100695 -0.04927722    0.03715270  0.03250015
 -0.03715270 -0.03250015    0.03715270  0.03250015   -0.10020759 -0.04780909
    2    1
 -0.08100695  0.04927722   -0.12191969 -0.03870751   -0.03715270  0.03250015
 -0.12191969 -0.03870751   -0.08100695  0.04927722    0.03715270 -0.03250015
 -0.03715270  0.03250015    0.03715270 -0.03250015   -0.10020759  0.04780909
    2    2
  0.25104418  0.00000000   -0.00134485  0.00000000   -0.00457393 -0.00757074
 -0.00134485  0.00000000    0.25104418  0.00000000    0.00457393  0.00757074
 -0.00457393  0.00757074    0.00457393 -0.00757074    0.30531135  0.00000000

     Dynamical  Matrix in cartesian axes

     q = (   -0.250000000   0.750000000   0.750000000 ) 

    1    1
  0.30531135  0.00000000   -0.00457393 -0.00757074   -0.00457393 -0.00757074
 -0.00457393  0.00757074    0.25104418  0.00000000    0.00134485  0.00000000
 -0.00457393  0.00757074    0.00134485  0.00000000    0.25104418  0.00000000
    1    2
 -0.04780909  0.10020759   -0.03250015  0.03715270   -0.03250015  0.03715270
 -0.03250015  0.03715270   -0.04927722  0.08100695   -0.03870751 -0.12191969
 -0.03250015  0.03715270   -0.03870751 -0.12191969   -0.04927722  0.08100695
    2    1
 -0.04780909 -0.10020759   -0.03250015 -0.03715270   -0.03250015 -0.03715270
 -0.03250015 -0.03715270   -0.04927722 -0.08100695   -0.03870751  0.12191969
 -0.03250015 -0.03715270   -0.03870751  0.12191969   -0.04927722 -0.08100695
    2    2
  0.30531135  0.00000000   -0.00457393  0.00757074   -0.00457393  0.00757074
 -0.00457393 -0.00757074    0.25104418  0.00000000    0.00134485  0.00000000
 -0.00457393 -0.00757074    0.00134485  0.00000000    0.25104418  0.00000000

     Dynamical  Matrix in cartesian axes

     q = (    0.250000000   0.750000000  -0.750000000 ) 

    1    1
  0.30531135  0.00000000    0.00457393  0.00757074   -0.00457393 -0.00757074
  0.00457393 -0.00757074    0.25104418  0.00000000   -0.00134485  0.00000000
 -0.00457393  0.00757074   -0.00134485  0.00000000    0.25104418  0.00000000
    1    2
 -0.10020759 -0.04780909    0.03715270  0.03250015   -0.03715270 -0.03250015
  0.03715270  0.03250015   -0.08100695 -0.04927722   -0.12191969  0.03870751
 -0.03715270 -0.03250015   -0.12191969  0.03870751   -0.08100695 -0.04927722
    2    1
 -0.10020759  0.04780909    0.03715270 -0.03250015   -0.03715270  0.03250015
  0.03715270 -0.03250015   -0.08100695  0.04927722   -0.12191969 -0.03870751
 -0.03715270  0.03250015   -0.12191969 -0.03870751   -0.08100695  0.04927722
    2    2
  0.30531135  0.00000000    0.00457393 -0.00757074   -0.00457393  0.00757074
  0.00457393  0.00757074    0.25104418  0.00000000   -0.00134485  0.00000000
 -0.00457393 -0.00757074   -0.00134485  0.00000000    0.25104418  0.00000000

     Dynamical  Matrix in cartesian axes

     q = (   -0.250000000  -0.750000000  -0.750000000 ) 

    1    1
  0.30531135  0.00000000    0.00457393  0.00757074    0.00457393  0.00757074
  0.00457393 -0.00757074    0.25104418  0.00000000    0.00134485  0.00000000
  0.00457393 -0.00757074    0.00134485  0.00000000    0.25104418  0.00000000
    1    2
  0.10020759  0.04780909   -0.03715270 -0.03250015   -0.03715270 -0.03250015
 -0.03715270 -0.03250015    0.08100695  0.04927722   -0.12191969  0.03870751
 -0.03715270 -0.03250015   -0.12191969  0.03870751    0.08100695  0.04927722
    2    1
  0.10020759 -0.04780909   -0.03715270  0.03250015   -0.03715270  0.03250015
 -0.03715270  0.03250015    0.08100695 -0.04927722   -0.12191969 -0.03870751
 -0.03715270  0.03250015   -0.12191969 -0.03870751    0.08100695 -0.04927722
    2    2
  0.30531135  0.00000000    0.00457393 -0.00757074    0.00457393 -0.00757074
  0.00457393  0.00757074    0.25104418  0.00000000    0.00134485  0.00000000
  0.00457393  0.00757074    0.00134485  0.00000000    0.25104418  0.00000000

     Dynamical  Matrix in cartesian axes

     q = (    0.750000000   0.750000000  -0.250000000 ) 

    1    1
  0.25104418  0.00000000    0.00134485  0.00000000   -0.00457393  0.00757074
  0.00134485  0.00000000    0.25104418  0.00000000   -0.00457393  0.00757074
 -0.00457393 -0.00757074   -0.00457393 -0.00757074    0.30531135  0.00000000
    1    2
 -0.04927722  0.08100695   -0.03870751 -0.12191969   -0.03250015  0.03715270
 -0.03870751 -0.12191969   -0.04927722  0.08100695   -0.03250015  0.03715270
 -0.03250015  0.03715270   -0.03250015  0.03715270   -0.04780909  0.10020759
    2    1
 -0.04927722 -0.08100695   -0.03870751  0.12191969   -0.03250015 -0.03715270
 -0.03870751  0.12191969   -0.04927722 -0.08100695   -0.03250015 -0.03715270
 -0.03250015 -0.03715270   -0.03250015 -0.03715270   -0.04780909 -0.10020759
    2    2
  0.25104418  0.00000000    0.00134485  0.00000000   -0.00457393 -0.00757074
  0.00134485  0.00000000    0.25104418  0.00000000   -0.00457393 -0.00757074
 -0.00457393  0.00757074   -0.00457393  0.00757074    0.30531135  0.00000000

     Dynamical  Matrix in cartesian axes

     q = (    0.750000000  -0.750000000   0.250000000 ) 

    1    1
  0.25104418  0.00000000   -0.00134485  0.00000000    0.00457393 -0.00757074
 -0.00134485  0.00000000    0.25104418  0.00000000   -0.00457393  0.00757074
  0.00457393  0.00757074   -0.00457393 -0.00757074    0.30531135  0.00000000
    1    2
 -0.08100695 -0.04927722   -0.12191969  0.03870751    0.03715270  0.03250015
 -0.12191969  0.03870751   -0.08100695 -0.04927722   -0.03715270 -0.03250015
  0.03715270  0.03250015   -0.03715270 -0.03250015   -0.10020759 -0.04780909
    2    1
 -0.08100695  0.04927722   -0.12191969 -0.03870751    0.03715270 -0.03250015
 -0.12191969 -0.03870751   -0.08100695  0.04927722   -0.03715270  0.03250015
  0.03715270 -0.03250015   -0.03715270  0.03250015   -0.10020759  0.04780909
    2    2
  0.25104418  0.00000000   -0.00134485  0.00000000    0.00457393  0.00757074
 -0.00134485  0.00000000    0.25104418  0.00000000   -0.00457393 -0.00757074
  0.00457393 -0.00757074   -0.00457393  0.00757074    0.30531135  0.00000000

     Dynamical  Matrix in cartesian axes

     q = (   -0.750000000  -0.750000000  -0.250000000 ) 

    1    1
  0.25104418  0.00000000    0.00134485  0.00000000    0.00457393 -0.00757074
  0.00134485  0.00000000    0.25104418  0.00000000    0.00457393 -0.00757074
  0.00457393  0.00757074    0.00457393  0.00757074    0.30531135  0.00000000
    1    2
  0.08100695  0.04927722   -0.12191969  0.03870751   -0.03715270 -0.03250015
 -0.12191969  0.03870751    0.08100695  0.04927722   -0.03715270 -0.03250015
 -0.03715270 -0.03250015   -0.03715270 -0.03250015    0.10020759  0.04780909
    2    1
  0.08100695 -0.04927722   -0.12191969 -0.03870751   -0.03715270  0.03250015
 -0.12191969 -0.03870751    0.08100695 -0.04927722   -0.03715270  0.03250015
 -0.03715270  0.03250015   -0.03715270  0.03250015    0.10020759 -0.04780909
    2    2
  0.25104418  0.00000000    0.00134485  0.00000000    0.00457393  0.00757074
  0.00134485  0.00000000    0.25104418  0.00000000    0.00457393  0.00757074
  0.00457393 -0.00757074    0.00457393 -0.00757074    0.30531135  0.00000000

     Dynamical  Matrix in cartesian axes

     q = (    0.250000000  -0.750000000   0.750000000 ) 

    1    1
  0.30531135  0.00000000   -0.00457393 -0.00757074    0.00457393  0.00757074
 -0.00457393  0.00757074    0.25104418  0.00000000   -0.00134485  0.00000000
  0.00457393 -0.00757074   -0.00134485  0.00000000    0.25104418  0.00000000
    1    2
 -0.10020759 -0.04780909   -0.03715270 -0.03250015    0.03715270  0.03250015
 -0.03715270 -0.03250015   -0.08100695 -0.04927722   -0.12191969  0.03870751
  0.03715270  0.03250015   -0.12191969  0.03870751   -0.08100695 -0.04927722
    2    1
 -0.10020759  0.04780909   -0.03715270  0.03250015    0.03715270 -0.03250015
 -0.03715270  0.03250015   -0.08100695  0.04927722   -0.12191969 -0.03870751
  0.03715270 -0.03250015   -0.12191969 -0.03870751   -0.08100695  0.04927722
    2    2
  0.30531135  0.00000000   -0.00457393  0.00757074    0.00457393 -0.00757074
 -0.00457393 -0.00757074    0.25104418  0.00000000   -0.00134485  0.00000000
  0.00457393  0.00757074   -0.00134485  0.00000000    0.25104418  0.00000000

     Dynamical  Matrix in cartesian axes

     q = (   -0.750000000  -0.750000000   0.250000000 ) 

    1    1
  0.25104418  0.00000000    0.00134485  0.00000000   -0.00457393 -0.00757074
  0.00134485  0.00000000    0.25104418  0.00000000   -0.00457393 -0.00757074
 -0.00457393  0.00757074   -0.00457393  0.00757074    0.30531135  0.00000000
    1    2
 -0.04927722 -0.08100695   -0.03870751  0.12191969   -0.03250015 -0.03715270
 -0.03870751  0.12191969   -0.04927722 -0.08100695   -0.03250015 -0.03715270
 -0.03250015 -0.03715270   -0.03250015 -0.03715270   -0.04780909 -0.10020759
    2    1
 -0.04927722  0.08100695   -0.03870751 -0.12191969   -0.03250015  0.03715270
 -0.03870751 -0.12191969   -0.04927722  0.08100695   -0.03250015  0.03715270
 -0.03250015  0.03715270   -0.03250015  0.03715270   -0.04780909  0.10020759
    2    2
  0.25104418  0.00000000    0.00134485  0.00000000   -0.00457393  0.00757074
  0.00134485  0.00000000    0.25104418  0.00000000   -0.00457393  0.00757074
 -0.00457393 -0.00757074   -0.00457393 -0.00757074    0.30531135  0.00000000

     Dynamical  Matrix in cartesian axes

     q = (    0.250000000   0.750000000   0.750000000 ) 

    1    1
  0.30531135  0.00000000    0.00457393 -0.00757074    0.00457393 -0.00757074
  0.00457393  0.00757074    0.25104418  0.00000000    0.00134485  0.00000000
  0.00457393  0.00757074    0.00134485  0.00000000    0.25104418  0.00000000
    1    2
  0.10020759 -0.04780909   -0.03715270  0.03250015   -0.03715270  0.03250015
 -0.03715270  0.03250015    0.08100695 -0.04927722   -0.12191969 -0.03870751
 -0.03715270  0.03250015   -0.12191969 -0.03870751    0.08100695 -0.04927722
    2    1
  0.10020759  0.04780909   -0.03715270 -0.03250015   -0.03715270 -0.03250015
 -0.03715270 -0.03250015    0.08100695  0.04927722   -0.12191969  0.03870751
 -0.03715270 -0.03250015   -0.12191969  0.03870751    0.08100695  0.04927722
    2    2
  0.30531135  0.00000000    0.00457393  0.00757074    0.00457393  0.00757074
  0.00457393 -0.00757074    0.25104418  0.00000000    0.00134485  0.00000000
  0.00457393 -0.00757074    0.00134485  0.00000000    0.25104418  0.00000000

     Dynamical  Matrix in cartesian axes

     q = (   -0.250000000  -0.750000000   0.750000000 ) 

    1    1
  0.30531135  0.00000000    0.00457393 -0.00757074   -0.00457393  0.00757074
  0.00457393  0.00757074    0.25104418  0.00000000   -0.00134485  0.00000000
 -0.00457393 -0.00757074   -0.00134485  0.00000000    0.25104418  0.00000000
    1    2
 -0.10020759  0.04780909    0.03715270 -0.03250015   -0.03715270  0.03250015
  0.03715270 -0.03250015   -0.08100695  0.04927722   -0.12191969 -0.03870751
 -0.03715270  0.03250015   -0.12191969 -0.03870751   -0.08100695  0.04927722
    2    1
 -0.10020759 -0.04780909    0.03715270  0.03250015   -0.03715270 -0.03250015
  0.03715270  0.03250015   -0.08100695 -0.04927722   -0.12191969  0.03870751
 -0.03715270 -0.03250015   -0.12191969  0.03870751   -0.08100695 -0.04927722
    2    2
  0.30531135  0.00000000    0.00457393  0.00757074   -0.00457393 -0.00757074
  0.00457393 -0.00757074    0.25104418  0.00000000   -0.00134485  0.00000000
 -0.00457393  0.00757074   -0.00134485  0.00000000    0.25104418  0.00000000

     Dynamical  Matrix in cartesian axes

     q = (    0.750000000   0.750000000   0.250000000 ) 

    1    1
  0.25104418  0.00000000    0.00134485  0.00000000    0.00457393  0.00757074
  0.00134485  0.00000000    0.25104418  0.00000000    0.00457393  0.00757074
  0.00457393 -0.00757074    0.00457393 -0.00757074    0.30531135  0.00000000
    1    2
  0.08100695 -0.04927722   -0.12191969 -0.03870751   -0.03715270  0.03250015
 -0.12191969 -0.03870751    0.08100695 -0.04927722   -0.03715270  0.03250015
 -0.03715270  0.03250015   -0.03715270  0.03250015    0.10020759 -0.04780909
    2    1
  0.08100695  0.04927722   -0.12191969  0.03870751   -0.03715270 -0.03250015
 -0.12191969  0.03870751    0.08100695  0.04927722   -0.03715270 -0.03250015
 -0.03715270 -0.03250015   -0.03715270 -0.03250015    0.10020759  0.04780909
    2    2
  0.25104418  0.00000000    0.00134485  0.00000000    0.00457393 -0.00757074
  0.00134485  0.00000000    0.25104418  0.00000000    0.00457393 -0.00757074
  0.00457393  0.00757074    0.00457393  0.00757074    0.30531135  0.00000000

     Dynamical  Matrix in cartesian axes

     q = (    0.250000000  -0.750000000  -0.750000000 ) 

    1    1
  0.30531135  0.00000000   -0.00457393  0.00757074   -0.00457393  0.00757074
 -0.00457393 -0.00757074    0.25104418  0.00000000    0.00134485  0.00000000
 -0.00457393 -0.00757074    0.00134485  0.00000000    0.25104418  0.00000000
    1    2
 -0.04780909 -0.10020759   -0.03250015 -0.03715270   -0.03250015 -0.03715270
 -0.03250015 -0.03715270   -0.04927722 -0.08100695   -0.03870751  0.12191969
 -0.03250015 -0.03715270   -0.03870751  0.12191969   -0.04927722 -0.08100695
    2    1
 -0.04780909  0.10020759   -0.03250015  0.03715270   -0.03250015  0.03715270
 -0.03250015  0.03715270   -0.04927722  0.08100695   -0.03870751 -0.12191969
 -0.03250015  0.03715270   -0.03870751 -0.12191969   -0.04927722  0.08100695
    2    2
  0.30531135  0.00000000   -0.00457393 -0.00757074   -0.00457393 -0.00757074
 -0.00457393  0.00757074    0.25104418  0.00000000    0.00134485  0.00000000
 -0.00457393  0.00757074    0.00134485  0.00000000    0.25104418  0.00000000

     Dynamical  Matrix in cartesian axes

     q = (    0.750000000  -0.750000000  -0.250000000 ) 

    1    1
  0.25104418  0.00000000   -0.00134485  0.00000000   -0.00457393 -0.00757074
 -0.00134485  0.00000000    0.25104418  0.00000000    0.00457393  0.00757074
 -0.00457393  0.00757074    0.00457393 -0.00757074    0.30531135  0.00000000
    1    2
 -0.08100695  0.04927722   -0.12191969 -0.03870751   -0.03715270  0.03250015
 -0.12191969 -0.03870751   -0.08100695  0.04927722    0.03715270 -0.03250015
 -0.03715270  0.03250015    0.03715270 -0.03250015   -0.10020759  0.04780909
    2    1
 -0.08100695 -0.04927722   -0.12191969  0.03870751   -0.03715270 -0.03250015
 -0.12191969  0.03870751   -0.08100695 -0.04927722    0.03715270  0.03250015
 -0.03715270 -0.03250015    0.03715270  0.03250015   -0.10020759 -0.04780909
    2    2
  0.25104418  0.00000000   -0.00134485  0.00000000   -0.00457393  0.00757074
 -0.00134485  0.00000000    0.25104418  0.00000000    0.00457393 -0.00757074
 -0.00457393 -0.00757074    0.00457393  0.00757074    0.30531135  0.00000000

     Diagonalizing the dynamical matrix

     q = (    0.750000000  -0.250000000   0.750000000 ) 

 **************************************************************************
     freq (    1) =       4.433843 [THz] =     147.897095 [cm-1]
 (  0.026008 -0.499323 -0.000000 -0.000000 -0.026008  0.499323 ) 
 (  0.500000 -0.000000  0.000000 -0.000000 -0.500000  0.000000 ) 
     freq (    2) =       6.821401 [THz] =     227.537444 [cm-1]
 ( -0.392983 -0.065756 -0.367338  0.218045 -0.392983 -0.065756 ) 
 ( -0.398446  0.000000 -0.326317 -0.275678 -0.398446  0.000000 ) 
     freq (    3) =       9.641172 [THz] =     321.594873 [cm-1]
 (  0.027134  0.337320 -0.474588 -0.213832  0.027134  0.337320 ) 
 (  0.338410  0.000000 -0.251197 -0.455915  0.338410  0.000000 ) 
     freq (    4) =      11.768962 [THz] =     392.570330 [cm-1]
 ( -0.246324 -0.308041  0.385691  0.200281 -0.246324 -0.308041 ) 
 (  0.394417  0.000000 -0.397295 -0.176145  0.394417  0.000000 ) 
     freq (    5) =      13.837789 [THz] =     461.578957 [cm-1]
 ( -0.026008  0.499323 -0.000000  0.000000  0.026008 -0.499323 ) 
 (  0.500000  0.000000  0.000000  0.000000 -0.500000  0.000000 ) 
     freq (    6) =      13.913804 [THz] =     464.114547 [cm-1]
 ( -0.257211 -0.070687 -0.516902  0.300838 -0.257211 -0.070687 ) 
 (  0.266748  0.000000  0.418701  0.427061  0.266748  0.000000 ) 
 **************************************************************************
