Dynamical matrix file
                                                                           
  1    2  2 10.3230000  0.0000000  0.0000000  0.0000000  0.0000000  0.0000000
           1  'Si  '    25598.822984527003     
    1    1      0.0000000000      0.0000000000      0.0000000000
    2    1      0.2500000000      0.2500000000      0.2500000000

     Dynamical  Matrix in cartesian axes

     q = (   -0.250000000   0.250000000  -0.250000000 ) 

    1    1
  0.27142533  0.00000000   -0.01097281  0.00000000    0.01097281  0.00000000
 -0.01097281  0.00000000    0.27142533  0.00000000   -0.01097281  0.00000000
  0.01097281  0.00000000   -0.01097281  0.00000000    0.27142533  0.00000000
    1    2
 -0.19527032 -0.05616762   -0.03738841  0.03809841    0.03738841 -0.03809841
 -0.03738841  0.03809841   -0.19527032 -0.05616762   -0.03738841  0.03809841
  0.03738841 -0.03809841   -0.03738841  0.03809841   -0.19527032 -0.05616762
    2    1
 -0.19527032  0.05616762   -0.03738841 -0.03809841    0.03738841  0.03809841
 -0.03738841 -0.03809841   -0.19527032  0.05616762   -0.03738841 -0.03809841
  0.03738841  0.03809841   -0.03738841 -0.03809841   -0.19527032  0.05616762
    2    2
  0.27142533  0.00000000   -0.01097281  0.00000000    0.01097281  0.00000000
 -0.01097281  0.00000000    0.27142533  0.00000000   -0.01097281  0.00000000
  0.01097281  0.00000000   -0.01097281  0.00000000    0.27142533  0.00000000

     Dynamical  Matrix in cartesian axes

     q = (    0.250000000  -0.250000000  -0.250000000 ) 

    1    1
  0.27142533  0.00000000   -0.01097281  0.00000000   -0.01097281  0.00000000
 -0.01097281  0.00000000    0.27142533  0.00000000    0.01097281  0.00000000
 -0.01097281  0.00000000    0.01097281  0.00000000    0.27142533  0.00000000
    1    2
 -0.19527032 -0.05616762   -0.03738841  0.03809841   -0.03738841  0.03809841
 -0.03738841  0.03809841   -0.19527032 -0.05616762    0.03738841 -0.03809841
 -0.03738841  0.03809841    0.03738841 -0.03809841   -0.19527032 -0.05616762
    2    1
 -0.19527032  0.05616762   -0.03738841 -0.03809841   -0.03738841 -0.03809841
 -0.03738841 -0.03809841   -0.19527032  0.05616762    0.03738841  0.03809841
 -0.03738841 -0.03809841    0.03738841  0.03809841   -0.19527032  0.05616762
    2    2
  0.27142533  0.00000000   -0.01097281  0.00000000   -0.01097281  0.00000000
 -0.01097281  0.00000000    0.27142533  0.00000000    0.01097281  0.00000000
 -0.01097281  0.00000000    0.01097281  0.00000000    0.27142533  0.00000000

     Dynamical  Matrix in cartesian axes

     q = (    0.250000000  -0.250000000   0.250000000 ) 

    1    1
  0.27142533  0.00000000   -0.01097281  0.00000000    0.01097281  0.00000000
 -0.01097281  0.00000000    0.27142533  0.00000000   -0.01097281  0.00000000
  0.01097281  0.00000000   -0.01097281  0.00000000    0.27142533  0.00000000
    1    2
 -0.19527032  0.05616762   -0.03738841 -0.03809841    0.03738841  0.03809841
 -0.03738841 -0.03809841   -0.19527032  0.05616762   -0.03738841 -0.03809841
  0.03738841  0.03809841   -0.03738841 -0.03809841   -0.19527032  0.05616762
    2    1
 -0.19527032 -0.05616762   -0.03738841  0.03809841    0.03738841 -0.03809841
 -0.03738841  0.03809841   -0.19527032 -0.05616762   -0.03738841  0.03809841
  0.03738841 -0.03809841   -0.03738841  0.03809841   -0.19527032 -0.05616762
    2    2
  0.27142533  0.00000000   -0.01097281  0.00000000    0.01097281  0.00000000
 -0.01097281  0.00000000    0.27142533  0.00000000   -0.01097281  0.00000000
  0.01097281  0.00000000   -0.01097281  0.00000000    0.27142533  0.00000000

     Dynamical  Matrix in cartesian axes

     q = (    0.250000000   0.250000000   0.250000000 ) 

    1    1
  0.27142533  0.00000000    0.01097281  0.00000000    0.01097281  0.00000000
  0.01097281  0.00000000    0.27142533  0.00000000    0.01097281  0.00000000
  0.01097281  0.00000000    0.01097281  0.00000000    0.27142533  0.00000000
    1    2
 -0.05616762  0.19527032   -0.03809841 -0.03738841   -0.03809841 -0.03738841
 -0.03809841 -0.03738841   -0.05616762  0.19527032   -0.03809841 -0.03738841
 -0.03809841 -0.03738841   -0.03809841 -0.03738841   -0.05616762  0.19527032
    2    1
 -0.05616762 -0.19527032   -0.03809841  0.03738841   -0.03809841  0.03738841
 -0.03809841  0.03738841   -0.05616762 -0.19527032   -0.03809841  0.03738841
 -0.03809841  0.03738841   -0.03809841  0.03738841   -0.05616762 -0.19527032
    2    2
  0.27142533  0.00000000    0.01097281  0.00000000    0.01097281  0.00000000
  0.01097281  0.00000000    0.27142533  0.00000000    0.01097281  0.00000000
  0.01097281  0.00000000    0.01097281  0.00000000    0.27142533  0.00000000

     Dynamical  Matrix in cartesian axes

     q = (   -0.250000000  -0.250000000  -0.250000000 ) 

    1    1
  0.27142533  0.00000000    0.01097281  0.00000000    0.01097281  0.00000000
  0.01097281  0.00000000    0.27142533  0.00000000    0.01097281  0.00000000
  0.01097281  0.00000000    0.01097281  0.00000000    0.27142533  0.00000000
    1    2
 -0.05616762 -0.19527032   -0.03809841  0.03738841   -0.03809841  0.03738841
 -0.03809841  0.03738841   -0.05616762 -0.19527032   -0.03809841  0.03738841
 -0.03809841  0.03738841   -0.03809841  0.03738841   -0.05616762 -0.19527032
    2    1
 -0.05616762  0.19527032   -0.03809841 -0.03738841   -0.03809841 -0.03738841
 -0.03809841 -0.03738841   -0.05616762  0.19527032   -0.03809841 -0.03738841
 -0.03809841 -0.03738841   -0.03809841 -0.03738841   -0.05616762  0.19527032
    2    2
  0.27142533  0.00000000    0.01097281  0.00000000    0.01097281  0.00000000
  0.01097281  0.00000000    0.27142533  0.00000000    0.01097281  0.00000000
  0.01097281  0.00000000    0.01097281  0.00000000    0.27142533  0.00000000

     Dynamical  Matrix in cartesian axes

     q = (   -0.250000000  -0.250000000   0.250000000 ) 

    1    1
  0.27142533  0.00000000    0.01097281  0.00000000   -0.01097281  0.00000000
  0.01097281  0.00000000    0.27142533  0.00000000   -0.01097281  0.00000000
 -0.01097281  0.00000000   -0.01097281  0.00000000    0.27142533  0.00000000
    1    2
 -0.19527032 -0.05616762    0.03738841 -0.03809841   -0.03738841  0.03809841
  0.03738841 -0.03809841   -0.19527032 -0.05616762   -0.03738841  0.03809841
 -0.03738841  0.03809841   -0.03738841  0.03809841   -0.19527032 -0.05616762
    2    1
 -0.19527032  0.05616762    0.03738841  0.03809841   -0.03738841 -0.03809841
  0.03738841  0.03809841   -0.19527032  0.05616762   -0.03738841 -0.03809841
 -0.03738841 -0.03809841   -0.03738841 -0.03809841   -0.19527032  0.05616762
    2    2
  0.27142533  0.00000000    0.01097281  0.00000000   -0.01097281  0.00000000
  0.01097281  0.00000000    0.27142533  0.00000000   -0.01097281  0.00000000
 -0.01097281  0.00000000   -0.01097281  0.00000000    0.27142533  0.00000000

     Dynamical  Matrix in cartesian axes

     q = (   -0.250000000   0.250000000   0.250000000 ) 

    1    1
  0.27142533  0.00000000   -0.01097281  0.00000000   -0.01097281  0.00000000
 -0.01097281  0.00000000    0.27142533  0.00000000    0.01097281  0.00000000
 -0.01097281  0.00000000    0.01097281  0.00000000    0.27142533  0.00000000
    1    2
 -0.19527032  0.05616762   -0.03738841 -0.03809841   -0.03738841 -0.03809841
 -0.03738841 -0.03809841   -0.19527032  0.05616762    0.03738841  0.03809841
 -0.03738841 -0.03809841    0.03738841  0.03809841   -0.19527032  0.05616762
    2    1
 -0.19527032 -0.05616762   -0.03738841  0.03809841   -0.03738841  0.03809841
 -0.03738841  0.03809841   -0.19527032 -0.05616762    0.03738841 -0.03809841
 -0.03738841  0.03809841    0.03738841 -0.03809841   -0.19527032 -0.05616762
    2    2
  0.27142533  0.00000000   -0.01097281  0.00000000   -0.01097281  0.00000000
 -0.01097281  0.00000000    0.27142533  0.00000000    0.01097281  0.00000000
 -0.01097281  0.00000000    0.01097281  0.00000000    0.27142533  0.00000000

     Dynamical  Matrix in cartesian axes

     q = (    0.250000000   0.250000000  -0.250000000 ) 

    1    1
  0.27142533  0.00000000    0.01097281  0.00000000   -0.01097281  0.00000000
  0.01097281  0.00000000    0.27142533  0.00000000   -0.01097281  0.00000000
 -0.01097281  0.00000000   -0.01097281  0.00000000    0.27142533  0.00000000
    1    2
 -0.19527032  0.05616762    0.03738841  0.03809841   -0.03738841 -0.03809841
  0.03738841  0.03809841   -0.19527032  0.05616762   -0.03738841 -0.03809841
 -0.03738841 -0.03809841   -0.03738841 -0.03809841   -0.19527032  0.05616762
    2    1
 -0.19527032 -0.05616762    0.03738841 -0.03809841   -0.03738841  0.03809841
  0.03738841 -0.03809841   -0.19527032 -0.05616762   -0.03738841  0.03809841
 -0.03738841  0.03809841   -0.03738841  0.03809841   -0.19527032 -0.05616762
    2    2
  0.27142533  0.00000000    0.01097281  0.00000000   -0.01097281  0.00000000
  0.01097281  0.00000000    0.27142533  0.00000000   -0.01097281  0.00000000
 -0.01097281  0.00000000   -0.01097281  0.00000000    0.27142533  0.00000000

     Diagonalizing the dynamical matrix

     q = (   -0.250000000   0.250000000  -0.250000000 ) 

 **************************************************************************
     freq (    1) =       3.384504 [THz] =     112.894896 [cm-1]
 (  0.543805 -0.153120  0.313089 -0.171039 -0.230717 -0.017918 ) 
 (  0.530316 -0.194768  0.298905 -0.194768 -0.231411  0.000000 ) 
     freq (    2) =       3.384504 [THz] =     112.894896 [cm-1]
 (  0.076234  0.091388 -0.451122  0.050431 -0.527356 -0.040957 ) 
 (  0.083081  0.085210 -0.445863  0.085210 -0.528944  0.000000 ) 
     freq (    3) =       6.953979 [THz] =     231.959755 [cm-1]
 (  0.274820  0.301895 -0.274820 -0.301895  0.274820  0.301895 ) 
 (  0.408248 -0.000000 -0.408248 -0.000000  0.408248  0.000000 ) 
     freq (    4) =      14.132015 [THz] =     471.393282 [cm-1]
 (  0.274820  0.301895 -0.274820 -0.301895  0.274820  0.301895 ) 
 ( -0.408248 -0.000000  0.408248  0.000000 -0.408248  0.000000 ) 
     freq (    5) =      14.449266 [THz] =     481.975646 [cm-1]
 ( -0.471511  0.166103 -0.471701  0.166088 -0.000190 -0.000015 ) 
 (  0.457234 -0.202113  0.457425 -0.202113  0.000191  0.000000 ) 
     freq (    6) =      14.449266 [THz] =     481.975646 [cm-1]
 (  0.287964  0.022297 -0.287652 -0.022407 -0.575617 -0.044705 ) 
 ( -0.288826  0.000067  0.288524  0.000067  0.577350  0.000000 ) 
 **************************************************************************
