Dynamical matrix file
                                                                           
  1    2  2 10.3230000  0.0000000  0.0000000  0.0000000  0.0000000  0.0000000
           1  'Si  '    25598.822984527003     
    1    1      0.0000000000      0.0000000000      0.0000000000
    2    1      0.2500000000      0.2500000000      0.2500000000

     Dynamical  Matrix in cartesian axes

     q = (    0.750000000  -0.250000000   0.750000000 ) 

    1    1
  0.23490382 -0.00000000   -0.00489932  0.00746702    0.00210959 -0.00000000
 -0.00489932 -0.00746702    0.29070850  0.00000000   -0.00489932 -0.00746702
  0.00210959 -0.00000000   -0.00489932  0.00746702    0.23490382 -0.00000000
    1    2
 -0.06396691  0.05545794   -0.03698027  0.04123225   -0.04212100 -0.13376597
 -0.03698027  0.04123225   -0.06268143  0.07434498   -0.03698027  0.04123225
 -0.04212100 -0.13376597   -0.03698027  0.04123225   -0.06396691  0.05545794
    2    1
 -0.06396691 -0.05545794   -0.03698027 -0.04123225   -0.04212100  0.13376597
 -0.03698027 -0.04123225   -0.06268143 -0.07434498   -0.03698027 -0.04123225
 -0.04212100  0.13376597   -0.03698027 -0.04123225   -0.06396691 -0.05545794
    2    2
  0.23490382  0.00000000   -0.00489932 -0.00746702    0.00210959  0.00000000
 -0.00489932  0.00746702    0.29070850 -0.00000000   -0.00489932  0.00746702
  0.00210959  0.00000000   -0.00489932 -0.00746702    0.23490382  0.00000000

     Dynamical  Matrix in cartesian axes

     q = (    0.750000000  -0.250000000  -0.750000000 ) 

    1    1
  0.23490382  0.00000000   -0.00489932 -0.00746702   -0.00210959 -0.00000000
 -0.00489932  0.00746702    0.29070850 -0.00000000    0.00489932 -0.00746702
 -0.00210959 -0.00000000    0.00489932  0.00746702    0.23490382  0.00000000
    1    2
 -0.05545794  0.06396691   -0.04123225  0.03698027   -0.13376597 -0.04212100
 -0.04123225  0.03698027   -0.07434498  0.06268143    0.04123225 -0.03698027
 -0.13376597 -0.04212100    0.04123225 -0.03698027   -0.05545794  0.06396691
    2    1
 -0.05545794 -0.06396691   -0.04123225 -0.03698027   -0.13376597  0.04212100
 -0.04123225 -0.03698027   -0.07434498 -0.06268143    0.04123225  0.03698027
 -0.13376597  0.04212100    0.04123225  0.03698027   -0.05545794 -0.06396691
    2    2
  0.23490382 -0.00000000   -0.00489932  0.00746702   -0.00210959  0.00000000
 -0.00489932 -0.00746702    0.29070850  0.00000000    0.00489932  0.00746702
 -0.00210959  0.00000000    0.00489932 -0.00746702    0.23490382 -0.00000000

     Dynamical  Matrix in cartesian axes

     q = (   -0.750000000  -0.250000000  -0.750000000 ) 

    1    1
  0.23490382 -0.00000000    0.00489932 -0.00746702    0.00210959 -0.00000000
  0.00489932  0.00746702    0.29070850  0.00000000    0.00489932  0.00746702
  0.00210959 -0.00000000    0.00489932 -0.00746702    0.23490382 -0.00000000
    1    2
  0.05545794  0.06396691   -0.04123225 -0.03698027   -0.13376597  0.04212100
 -0.04123225 -0.03698027    0.07434498  0.06268143   -0.04123225 -0.03698027
 -0.13376597  0.04212100   -0.04123225 -0.03698027    0.05545794  0.06396691
    2    1
  0.05545794 -0.06396691   -0.04123225  0.03698027   -0.13376597 -0.04212100
 -0.04123225  0.03698027    0.07434498 -0.06268143   -0.04123225  0.03698027
 -0.13376597 -0.04212100   -0.04123225  0.03698027    0.05545794 -0.06396691
    2    2
  0.23490382  0.00000000    0.00489932  0.00746702    0.00210959  0.00000000
  0.00489932 -0.00746702    0.29070850 -0.00000000    0.00489932 -0.00746702
  0.00210959  0.00000000    0.00489932  0.00746702    0.23490382  0.00000000

     Dynamical  Matrix in cartesian axes

     q = (   -0.750000000  -0.250000000   0.750000000 ) 

    1    1
  0.23490382  0.00000000    0.00489932  0.00746702   -0.00210959 -0.00000000
  0.00489932 -0.00746702    0.29070850 -0.00000000   -0.00489932  0.00746702
 -0.00210959 -0.00000000   -0.00489932 -0.00746702    0.23490382  0.00000000
    1    2
 -0.05545794  0.06396691    0.04123225 -0.03698027   -0.13376597 -0.04212100
  0.04123225 -0.03698027   -0.07434498  0.06268143   -0.04123225  0.03698027
 -0.13376597 -0.04212100   -0.04123225  0.03698027   -0.05545794  0.06396691
    2    1
 -0.05545794 -0.06396691    0.04123225  0.03698027   -0.13376597  0.04212100
  0.04123225  0.03698027   -0.07434498 -0.06268143   -0.04123225 -0.03698027
 -0.13376597  0.04212100   -0.04123225 -0.03698027   -0.05545794 -0.06396691
    2    2
  0.23490382 -0.00000000    0.00489932 -0.00746702   -0.00210959  0.00000000
  0.00489932  0.00746702    0.29070850  0.00000000   -0.00489932 -0.00746702
 -0.00210959  0.00000000   -0.00489932  0.00746702    0.23490382 -0.00000000

     Dynamical  Matrix in cartesian axes

     q = (   -0.750000000   0.250000000  -0.750000000 ) 

    1    1
  0.23490382  0.00000000   -0.00489932 -0.00746702    0.00210959  0.00000000
 -0.00489932  0.00746702    0.29070850 -0.00000000   -0.00489932  0.00746702
  0.00210959  0.00000000   -0.00489932 -0.00746702    0.23490382  0.00000000
    1    2
 -0.06396691 -0.05545794   -0.03698027 -0.04123225   -0.04212100  0.13376597
 -0.03698027 -0.04123225   -0.06268143 -0.07434498   -0.03698027 -0.04123225
 -0.04212100  0.13376597   -0.03698027 -0.04123225   -0.06396691 -0.05545794
    2    1
 -0.06396691  0.05545794   -0.03698027  0.04123225   -0.04212100 -0.13376597
 -0.03698027  0.04123225   -0.06268143  0.07434498   -0.03698027  0.04123225
 -0.04212100 -0.13376597   -0.03698027  0.04123225   -0.06396691  0.05545794
    2    2
  0.23490382 -0.00000000   -0.00489932  0.00746702    0.00210959 -0.00000000
 -0.00489932 -0.00746702    0.29070850  0.00000000   -0.00489932 -0.00746702
  0.00210959 -0.00000000   -0.00489932  0.00746702    0.23490382 -0.00000000

     Dynamical  Matrix in cartesian axes

     q = (   -0.250000000   0.750000000  -0.750000000 ) 

    1    1
  0.29070850 -0.00000000   -0.00489932  0.00746702    0.00489932 -0.00746702
 -0.00489932 -0.00746702    0.23490382  0.00000000   -0.00210959 -0.00000000
  0.00489932  0.00746702   -0.00210959 -0.00000000    0.23490382  0.00000000
    1    2
 -0.07434498  0.06268143   -0.04123225  0.03698027    0.04123225 -0.03698027
 -0.04123225  0.03698027   -0.05545794  0.06396691   -0.13376597 -0.04212100
  0.04123225 -0.03698027   -0.13376597 -0.04212100   -0.05545794  0.06396691
    2    1
 -0.07434498 -0.06268143   -0.04123225 -0.03698027    0.04123225  0.03698027
 -0.04123225 -0.03698027   -0.05545794 -0.06396691   -0.13376597  0.04212100
  0.04123225  0.03698027   -0.13376597  0.04212100   -0.05545794 -0.06396691
    2    2
  0.29070850  0.00000000   -0.00489932 -0.00746702    0.00489932  0.00746702
 -0.00489932  0.00746702    0.23490382 -0.00000000   -0.00210959  0.00000000
  0.00489932 -0.00746702   -0.00210959  0.00000000    0.23490382 -0.00000000

     Dynamical  Matrix in cartesian axes

     q = (   -0.750000000   0.750000000  -0.250000000 ) 

    1    1
  0.23490382  0.00000000   -0.00210959 -0.00000000    0.00489932  0.00746702
 -0.00210959 -0.00000000    0.23490382  0.00000000   -0.00489932 -0.00746702
  0.00489932 -0.00746702   -0.00489932  0.00746702    0.29070850 -0.00000000
    1    2
 -0.05545794  0.06396691   -0.13376597 -0.04212100    0.04123225 -0.03698027
 -0.13376597 -0.04212100   -0.05545794  0.06396691   -0.04123225  0.03698027
  0.04123225 -0.03698027   -0.04123225  0.03698027   -0.07434498  0.06268143
    2    1
 -0.05545794 -0.06396691   -0.13376597  0.04212100    0.04123225  0.03698027
 -0.13376597  0.04212100   -0.05545794 -0.06396691   -0.04123225 -0.03698027
  0.04123225  0.03698027   -0.04123225 -0.03698027   -0.07434498 -0.06268143
    2    2
  0.23490382 -0.00000000   -0.00210959  0.00000000    0.00489932 -0.00746702
 -0.00210959  0.00000000    0.23490382 -0.00000000   -0.00489932  0.00746702
  0.00489932  0.00746702   -0.00489932 -0.00746702    0.29070850  0.00000000

     Dynamical  Matrix in cartesian axes

     q = (    0.750000000   0.250000000   0.750000000 ) 

    1    1
  0.23490382  0.00000000    0.00489932  0.00746702    0.00210959  0.00000000
  0.00489932 -0.00746702    0.29070850 -0.00000000    0.00489932 -0.00746702
  0.00210959  0.00000000    0.00489932  0.00746702    0.23490382  0.00000000
    1    2
  0.05545794 -0.06396691   -0.04123225  0.03698027   -0.13376597 -0.04212100
 -0.04123225  0.03698027    0.07434498 -0.06268143   -0.04123225  0.03698027
 -0.13376597 -0.04212100   -0.04123225  0.03698027    0.05545794 -0.06396691
    2    1
  0.05545794  0.06396691   -0.04123225 -0.03698027   -0.13376597  0.04212100
 -0.04123225 -0.03698027    0.07434498  0.06268143   -0.04123225 -0.03698027
 -0.13376597  0.04212100   -0.04123225 -0.03698027    0.05545794  0.06396691
    2    2
  0.23490382 -0.00000000    0.00489932 -0.00746702    0.00210959 -0.00000000
  0.00489932  0.00746702    0.29070850  0.00000000    0.00489932  0.00746702
  0.00210959 -0.00000000    0.00489932 -0.00746702    0.23490382 -0.00000000

     Dynamical  Matrix in cartesian axes

     q = (   -0.750000000   0.250000000   0.750000000 ) 

    1    1
  0.23490382 -0.00000000   -0.00489932  0.00746702   -0.00210959  0.00000000
 -0.00489932 -0.00746702    0.29070850  0.00000000    0.00489932  0.00746702
 -0.00210959  0.00000000    0.00489932 -0.00746702    0.23490382 -0.00000000
    1    2
 -0.05545794 -0.06396691   -0.04123225 -0.03698027   -0.13376597  0.04212100
 -0.04123225 -0.03698027   -0.07434498 -0.06268143    0.04123225  0.03698027
 -0.13376597  0.04212100    0.04123225  0.03698027   -0.05545794 -0.06396691
    2    1
 -0.05545794  0.06396691   -0.04123225  0.03698027   -0.13376597 -0.04212100
 -0.04123225  0.03698027   -0.07434498  0.06268143    0.04123225 -0.03698027
 -0.13376597 -0.04212100    0.04123225 -0.03698027   -0.05545794  0.06396691
    2    2
  0.23490382  0.00000000   -0.00489932 -0.00746702   -0.00210959 -0.00000000
 -0.00489932  0.00746702    0.29070850 -0.00000000    0.00489932 -0.00746702
 -0.00210959 -0.00000000    0.00489932  0.00746702    0.23490382  0.00000000

     Dynamical  Matrix in cartesian axes

     q = (    0.750000000   0.250000000  -0.750000000 ) 

    1    1
  0.23490382 -0.00000000    0.00489932 -0.00746702   -0.00210959  0.00000000
  0.00489932  0.00746702    0.29070850  0.00000000   -0.00489932 -0.00746702
 -0.00210959  0.00000000   -0.00489932  0.00746702    0.23490382 -0.00000000
    1    2
 -0.05545794 -0.06396691    0.04123225  0.03698027   -0.13376597  0.04212100
  0.04123225  0.03698027   -0.07434498 -0.06268143   -0.04123225 -0.03698027
 -0.13376597  0.04212100   -0.04123225 -0.03698027   -0.05545794 -0.06396691
    2    1
 -0.05545794  0.06396691    0.04123225 -0.03698027   -0.13376597 -0.04212100
  0.04123225 -0.03698027   -0.07434498  0.06268143   -0.04123225  0.03698027
 -0.13376597 -0.04212100   -0.04123225  0.03698027   -0.05545794  0.06396691
    2    2
  0.23490382  0.00000000    0.00489932  0.00746702   -0.00210959 -0.00000000
  0.00489932 -0.00746702    0.29070850 -0.00000000   -0.00489932  0.00746702
 -0.00210959 -0.00000000   -0.00489932 -0.00746702    0.23490382  0.00000000

     Dynamical  Matrix in cartesian axes

     q = (   -0.750000000   0.750000000   0.250000000 ) 

    1    1
  0.23490382 -0.00000000   -0.00210959  0.00000000   -0.00489932  0.00746702
 -0.00210959  0.00000000    0.23490382 -0.00000000    0.00489932 -0.00746702
 -0.00489932 -0.00746702    0.00489932  0.00746702    0.29070850  0.00000000
    1    2
 -0.05545794 -0.06396691   -0.13376597  0.04212100   -0.04123225 -0.03698027
 -0.13376597  0.04212100   -0.05545794 -0.06396691    0.04123225  0.03698027
 -0.04123225 -0.03698027    0.04123225  0.03698027   -0.07434498 -0.06268143
    2    1
 -0.05545794  0.06396691   -0.13376597 -0.04212100   -0.04123225  0.03698027
 -0.13376597 -0.04212100   -0.05545794  0.06396691    0.04123225 -0.03698027
 -0.04123225  0.03698027    0.04123225 -0.03698027   -0.07434498  0.06268143
    2    2
  0.23490382  0.00000000   -0.00210959 -0.00000000   -0.00489932 -0.00746702
 -0.00210959 -0.00000000    0.23490382  0.00000000    0.00489932  0.00746702
 -0.00489932  0.00746702    0.00489932 -0.00746702    0.29070850 -0.00000000

     Dynamical  Matrix in cartesian axes

     q = (   -0.250000000   0.750000000   0.750000000 ) 

    1    1
  0.29070850  0.00000000   -0.00489932 -0.00746702   -0.00489932 -0.00746702
 -0.00489932  0.00746702    0.23490382 -0.00000000    0.00210959 -0.00000000
 -0.00489932  0.00746702    0.00210959 -0.00000000    0.23490382 -0.00000000
    1    2
 -0.06268143  0.07434498   -0.03698027  0.04123225   -0.03698027  0.04123225
 -0.03698027  0.04123225   -0.06396691  0.05545794   -0.04212100 -0.13376597
 -0.03698027  0.04123225   -0.04212100 -0.13376597   -0.06396691  0.05545794
    2    1
 -0.06268143 -0.07434498   -0.03698027 -0.04123225   -0.03698027 -0.04123225
 -0.03698027 -0.04123225   -0.06396691 -0.05545794   -0.04212100  0.13376597
 -0.03698027 -0.04123225   -0.04212100  0.13376597   -0.06396691 -0.05545794
    2    2
  0.29070850 -0.00000000   -0.00489932  0.00746702   -0.00489932  0.00746702
 -0.00489932 -0.00746702    0.23490382  0.00000000    0.00210959  0.00000000
 -0.00489932 -0.00746702    0.00210959  0.00000000    0.23490382  0.00000000

     Dynamical  Matrix in cartesian axes

     q = (    0.250000000   0.750000000  -0.750000000 ) 

    1    1
  0.29070850  0.00000000    0.00489932  0.00746702   -0.00489932 -0.00746702
  0.00489932 -0.00746702    0.23490382 -0.00000000   -0.00210959  0.00000000
 -0.00489932  0.00746702   -0.00210959  0.00000000    0.23490382 -0.00000000
    1    2
 -0.07434498 -0.06268143    0.04123225  0.03698027   -0.04123225 -0.03698027
  0.04123225  0.03698027   -0.05545794 -0.06396691   -0.13376597  0.04212100
 -0.04123225 -0.03698027   -0.13376597  0.04212100   -0.05545794 -0.06396691
    2    1
 -0.07434498  0.06268143    0.04123225 -0.03698027   -0.04123225  0.03698027
  0.04123225 -0.03698027   -0.05545794  0.06396691   -0.13376597 -0.04212100
 -0.04123225  0.03698027   -0.13376597 -0.04212100   -0.05545794  0.06396691
    2    2
  0.29070850 -0.00000000    0.00489932 -0.00746702   -0.00489932  0.00746702
  0.00489932  0.00746702    0.23490382  0.00000000   -0.00210959 -0.00000000
 -0.00489932 -0.00746702   -0.00210959 -0.00000000    0.23490382  0.00000000

     Dynamical  Matrix in cartesian axes

     q = (   -0.250000000  -0.750000000  -0.750000000 ) 

    1    1
  0.29070850  0.00000000    0.00489932  0.00746702    0.00489932  0.00746702
  0.00489932 -0.00746702    0.23490382 -0.00000000    0.00210959 -0.00000000
  0.00489932 -0.00746702    0.00210959 -0.00000000    0.23490382 -0.00000000
    1    2
  0.07434498  0.06268143   -0.04123225 -0.03698027   -0.04123225 -0.03698027
 -0.04123225 -0.03698027    0.05545794  0.06396691   -0.13376597  0.04212100
 -0.04123225 -0.03698027   -0.13376597  0.04212100    0.05545794  0.06396691
    2    1
  0.07434498 -0.06268143   -0.04123225  0.03698027   -0.04123225  0.03698027
 -0.04123225  0.03698027    0.05545794 -0.06396691   -0.13376597 -0.04212100
 -0.04123225  0.03698027   -0.13376597 -0.04212100    0.05545794 -0.06396691
    2    2
  0.29070850 -0.00000000    0.00489932 -0.00746702    0.00489932 -0.00746702
  0.00489932  0.00746702    0.23490382  0.00000000    0.00210959  0.00000000
  0.00489932  0.00746702    0.00210959  0.00000000    0.23490382  0.00000000

     Dynamical  Matrix in cartesian axes

     q = (    0.750000000   0.750000000  -0.250000000 ) 

    1    1
  0.23490382 -0.00000000    0.00210959 -0.00000000   -0.00489932  0.00746702
  0.00210959 -0.00000000    0.23490382 -0.00000000   -0.00489932  0.00746702
 -0.00489932 -0.00746702   -0.00489932 -0.00746702    0.29070850  0.00000000
    1    2
 -0.06396691  0.05545794   -0.04212100 -0.13376597   -0.03698027  0.04123225
 -0.04212100 -0.13376597   -0.06396691  0.05545794   -0.03698027  0.04123225
 -0.03698027  0.04123225   -0.03698027  0.04123225   -0.06268143  0.07434498
    2    1
 -0.06396691 -0.05545794   -0.04212100  0.13376597   -0.03698027 -0.04123225
 -0.04212100  0.13376597   -0.06396691 -0.05545794   -0.03698027 -0.04123225
 -0.03698027 -0.04123225   -0.03698027 -0.04123225   -0.06268143 -0.07434498
    2    2
  0.23490382  0.00000000    0.00210959  0.00000000   -0.00489932 -0.00746702
  0.00210959  0.00000000    0.23490382  0.00000000   -0.00489932 -0.00746702
 -0.00489932  0.00746702   -0.00489932  0.00746702    0.29070850 -0.00000000

     Dynamical  Matrix in cartesian axes

     q = (    0.750000000  -0.750000000   0.250000000 ) 

    1    1
  0.23490382 -0.00000000   -0.00210959  0.00000000    0.00489932 -0.00746702
 -0.00210959  0.00000000    0.23490382 -0.00000000   -0.00489932  0.00746702
  0.00489932  0.00746702   -0.00489932 -0.00746702    0.29070850  0.00000000
    1    2
 -0.05545794 -0.06396691   -0.13376597  0.04212100    0.04123225  0.03698027
 -0.13376597  0.04212100   -0.05545794 -0.06396691   -0.04123225 -0.03698027
  0.04123225  0.03698027   -0.04123225 -0.03698027   -0.07434498 -0.06268143
    2    1
 -0.05545794  0.06396691   -0.13376597 -0.04212100    0.04123225 -0.03698027
 -0.13376597 -0.04212100   -0.05545794  0.06396691   -0.04123225  0.03698027
  0.04123225 -0.03698027   -0.04123225  0.03698027   -0.07434498  0.06268143
    2    2
  0.23490382  0.00000000   -0.00210959 -0.00000000    0.00489932  0.00746702
 -0.00210959 -0.00000000    0.23490382  0.00000000   -0.00489932 -0.00746702
  0.00489932 -0.00746702   -0.00489932  0.00746702    0.29070850 -0.00000000

     Dynamical  Matrix in cartesian axes

     q = (   -0.750000000  -0.750000000  -0.250000000 ) 

    1    1
  0.23490382 -0.00000000    0.00210959 -0.00000000    0.00489932 -0.00746702
  0.00210959 -0.00000000    0.23490382 -0.00000000    0.00489932 -0.00746702
  0.00489932  0.00746702    0.00489932  0.00746702    0.29070850  0.00000000
    1    2
  0.05545794  0.06396691   -0.13376597  0.04212100   -0.04123225 -0.03698027
 -0.13376597  0.04212100    0.05545794  0.06396691   -0.04123225 -0.03698027
 -0.04123225 -0.03698027   -0.04123225 -0.03698027    0.07434498  0.06268143
    2    1
  0.05545794 -0.06396691   -0.13376597 -0.04212100   -0.04123225  0.03698027
 -0.13376597 -0.04212100    0.05545794 -0.06396691   -0.04123225  0.03698027
 -0.04123225  0.03698027   -0.04123225  0.03698027    0.07434498 -0.06268143
    2    2
  0.23490382  0.00000000    0.00210959  0.00000000    0.00489932  0.00746702
  0.00210959  0.00000000    0.23490382  0.00000000    0.00489932  0.00746702
  0.00489932 -0.00746702    0.00489932 -0.00746702    0.29070850 -0.00000000

     Dynamical  Matrix in cartesian axes

     q = (    0.250000000  -0.750000000   0.750000000 ) 

    1    1
  0.29070850  0.00000000   -0.00489932 -0.00746702    0.00489932  0.00746702
 -0.00489932  0.00746702    0.23490382 -0.00000000   -0.00210959  0.00000000
  0.00489932 -0.00746702   -0.00210959  0.00000000    0.23490382 -0.00000000
    1    2
 -0.07434498 -0.06268143   -0.04123225 -0.03698027    0.04123225  0.03698027
 -0.04123225 -0.03698027   -0.05545794 -0.06396691   -0.13376597  0.04212100
  0.04123225  0.03698027   -0.13376597  0.04212100   -0.05545794 -0.06396691
    2    1
 -0.07434498  0.06268143   -0.04123225  0.03698027    0.04123225 -0.03698027
 -0.04123225  0.03698027   -0.05545794  0.06396691   -0.13376597 -0.04212100
  0.04123225 -0.03698027   -0.13376597 -0.04212100   -0.05545794  0.06396691
    2    2
  0.29070850 -0.00000000   -0.00489932  0.00746702    0.00489932 -0.00746702
 -0.00489932 -0.00746702    0.23490382  0.00000000   -0.00210959 -0.00000000
  0.00489932  0.00746702   -0.00210959 -0.00000000    0.23490382  0.00000000

     Dynamical  Matrix in cartesian axes

     q = (   -0.750000000  -0.750000000   0.250000000 ) 

    1    1
  0.23490382  0.00000000    0.00210959  0.00000000   -0.00489932 -0.00746702
  0.00210959  0.00000000    0.23490382  0.00000000   -0.00489932 -0.00746702
 -0.00489932  0.00746702   -0.00489932  0.00746702    0.29070850 -0.00000000
    1    2
 -0.06396691 -0.05545794   -0.04212100  0.13376597   -0.03698027 -0.04123225
 -0.04212100  0.13376597   -0.06396691 -0.05545794   -0.03698027 -0.04123225
 -0.03698027 -0.04123225   -0.03698027 -0.04123225   -0.06268143 -0.07434498
    2    1
 -0.06396691  0.05545794   -0.04212100 -0.13376597   -0.03698027  0.04123225
 -0.04212100 -0.13376597   -0.06396691  0.05545794   -0.03698027  0.04123225
 -0.03698027  0.04123225   -0.03698027  0.04123225   -0.06268143  0.07434498
    2    2
  0.23490382 -0.00000000    0.00210959 -0.00000000   -0.00489932  0.00746702
  0.00210959 -0.00000000    0.23490382 -0.00000000   -0.00489932  0.00746702
 -0.00489932 -0.00746702   -0.00489932 -0.00746702    0.29070850  0.00000000

     Dynamical  Matrix in cartesian axes

     q = (    0.250000000   0.750000000   0.750000000 ) 

    1    1
  0.29070850 -0.00000000    0.00489932 -0.00746702    0.00489932 -0.00746702
  0.00489932  0.00746702    0.23490382  0.00000000    0.00210959  0.00000000
  0.00489932  0.00746702    0.00210959  0.00000000    0.23490382  0.00000000
    1    2
  0.07434498 -0.06268143   -0.04123225  0.03698027   -0.04123225  0.03698027
 -0.04123225  0.03698027    0.05545794 -0.06396691   -0.13376597 -0.04212100
 -0.04123225  0.03698027   -0.13376597 -0.04212100    0.05545794 -0.06396691
    2    1
  0.07434498  0.06268143   -0.04123225 -0.03698027   -0.04123225 -0.03698027
 -0.04123225 -0.03698027    0.05545794  0.06396691   -0.13376597  0.04212100
 -0.04123225 -0.03698027   -0.13376597  0.04212100    0.05545794  0.06396691
    2    2
  0.29070850  0.00000000    0.00489932  0.00746702    0.00489932  0.00746702
  0.00489932 -0.00746702    0.23490382 -0.00000000    0.00210959 -0.00000000
  0.00489932 -0.00746702    0.00210959 -0.00000000    0.23490382 -0.00000000

     Dynamical  Matrix in cartesian axes

     q = (   -0.250000000  -0.750000000   0.750000000 ) 

    1    1
  0.29070850 -0.00000000    0.00489932 -0.00746702   -0.00489932  0.00746702
  0.00489932  0.00746702    0.23490382  0.00000000   -0.00210959 -0.00000000
 -0.00489932 -0.00746702   -0.00210959 -0.00000000    0.23490382  0.00000000
    1    2
 -0.07434498  0.06268143    0.04123225 -0.03698027   -0.04123225  0.03698027
  0.04123225 -0.03698027   -0.05545794  0.06396691   -0.13376597 -0.04212100
 -0.04123225  0.03698027   -0.13376597 -0.04212100   -0.05545794  0.06396691
    2    1
 -0.07434498 -0.06268143    0.04123225  0.03698027   -0.04123225 -0.03698027
  0.04123225  0.03698027   -0.05545794 -0.06396691   -0.13376597  0.04212100
 -0.04123225 -0.03698027   -0.13376597  0.04212100   -0.05545794 -0.06396691
    2    2
  0.29070850  0.00000000    0.00489932  0.00746702   -0.00489932 -0.00746702
  0.00489932 -0.00746702    0.23490382 -0.00000000   -0.00210959  0.00000000
 -0.00489932  0.00746702   -0.00210959  0.00000000    0.23490382 -0.00000000

     Dynamical  Matrix in cartesian axes

     q = (    0.750000000   0.750000000   0.250000000 ) 

    1    1
  0.23490382  0.00000000    0.00210959  0.00000000    0.00489932  0.00746702
  0.00210959  0.00000000    0.23490382  0.00000000    0.00489932  0.00746702
  0.00489932 -0.00746702    0.00489932 -0.00746702    0.29070850 -0.00000000
    1    2
  0.05545794 -0.06396691   -0.13376597 -0.04212100   -0.04123225  0.03698027
 -0.13376597 -0.04212100    0.05545794 -0.06396691   -0.04123225  0.03698027
 -0.04123225  0.03698027   -0.04123225  0.03698027    0.07434498 -0.06268143
    2    1
  0.05545794  0.06396691   -0.13376597  0.04212100   -0.04123225 -0.03698027
 -0.13376597  0.04212100    0.05545794  0.06396691   -0.04123225 -0.03698027
 -0.04123225 -0.03698027   -0.04123225 -0.03698027    0.07434498  0.06268143
    2    2
  0.23490382 -0.00000000    0.00210959 -0.00000000    0.00489932 -0.00746702
  0.00210959 -0.00000000    0.23490382 -0.00000000    0.00489932 -0.00746702
  0.00489932  0.00746702    0.00489932  0.00746702    0.29070850  0.00000000

     Dynamical  Matrix in cartesian axes

     q = (    0.250000000  -0.750000000  -0.750000000 ) 

    1    1
  0.29070850 -0.00000000   -0.00489932  0.00746702   -0.00489932  0.00746702
 -0.00489932 -0.00746702    0.23490382  0.00000000    0.00210959  0.00000000
 -0.00489932 -0.00746702    0.00210959  0.00000000    0.23490382  0.00000000
    1    2
 -0.06268143 -0.07434498   -0.03698027 -0.04123225   -0.03698027 -0.04123225
 -0.03698027 -0.04123225   -0.06396691 -0.05545794   -0.04212100  0.13376597
 -0.03698027 -0.04123225   -0.04212100  0.13376597   -0.06396691 -0.05545794
    2    1
 -0.06268143  0.07434498   -0.03698027  0.04123225   -0.03698027  0.04123225
 -0.03698027  0.04123225   -0.06396691  0.05545794   -0.04212100 -0.13376597
 -0.03698027  0.04123225   -0.04212100 -0.13376597   -0.06396691  0.05545794
    2    2
  0.29070850  0.00000000   -0.00489932 -0.00746702   -0.00489932 -0.00746702
 -0.00489932  0.00746702    0.23490382 -0.00000000    0.00210959 -0.00000000
 -0.00489932  0.00746702    0.00210959 -0.00000000    0.23490382 -0.00000000

     Dynamical  Matrix in cartesian axes

     q = (    0.750000000  -0.750000000  -0.250000000 ) 

    1    1
  0.23490382  0.00000000   -0.00210959 -0.00000000   -0.00489932 -0.00746702
 -0.00210959 -0.00000000    0.23490382  0.00000000    0.00489932  0.00746702
 -0.00489932  0.00746702    0.00489932 -0.00746702    0.29070850 -0.00000000
    1    2
 -0.05545794  0.06396691   -0.13376597 -0.04212100   -0.04123225  0.03698027
 -0.13376597 -0.04212100   -0.05545794  0.06396691    0.04123225 -0.03698027
 -0.04123225  0.03698027    0.04123225 -0.03698027   -0.07434498  0.06268143
    2    1
 -0.05545794 -0.06396691   -0.13376597  0.04212100   -0.04123225 -0.03698027
 -0.13376597  0.04212100   -0.05545794 -0.06396691    0.04123225  0.03698027
 -0.04123225 -0.03698027    0.04123225  0.03698027   -0.07434498 -0.06268143
    2    2
  0.23490382 -0.00000000   -0.00210959  0.00000000   -0.00489932  0.00746702
 -0.00210959  0.00000000    0.23490382 -0.00000000    0.00489932 -0.00746702
 -0.00489932 -0.00746702    0.00489932  0.00746702    0.29070850  0.00000000

     Diagonalizing the dynamical matrix

     q = (    0.750000000  -0.250000000   0.750000000 ) 

 **************************************************************************
     freq (    1) =       4.229648 [THz] =     141.085865 [cm-1]
 (  0.057344 -0.496701  0.000000 -0.000000 -0.057344  0.496701 ) 
 (  0.500000  0.000000  0.000000  0.000000 -0.500000  0.000000 ) 
     freq (    2) =       5.514350 [THz] =     183.938924 [cm-1]
 ( -0.397497 -0.196268 -0.299620  0.131068 -0.397497 -0.196268 ) 
 ( -0.443311 -0.000000 -0.210628 -0.250174 -0.443311  0.000000 ) 
     freq (    3) =       9.057788 [THz] =     302.135278 [cm-1]
 (  0.131549 -0.246720  0.391394  0.436416  0.131549 -0.246720 ) 
 ( -0.279600 -0.000000  0.200948  0.550698 -0.279600  0.000000 ) 
     freq (    4) =      12.007032 [THz] =     400.511462 [cm-1]
 (  0.110811  0.312847 -0.415044 -0.327771  0.110811  0.312847 ) 
 ( -0.331892  0.000000  0.447536  0.281793 -0.331892  0.000000 ) 
     freq (    5) =      13.377543 [THz] =     446.226804 [cm-1]
 (  0.057344 -0.496701 -0.000000  0.000000 -0.057344  0.496701 ) 
 ( -0.500000  0.000000  0.000000  0.000000  0.500000  0.000000 ) 
     freq (    6) =      13.770121 [THz] =     459.321784 [cm-1]
 ( -0.302523 -0.153710 -0.474874  0.210238 -0.302523 -0.153710 ) 
 (  0.339334 -0.000000  0.328128  0.402539  0.339334 -0.000000 ) 
 **************************************************************************
