Dynamical matrix file
                                                                           
  1    2  2 10.3550000  0.0000000  0.0000000  0.0000000  0.0000000  0.0000000
           1  'Si  '    25598.822984527003     
    1    1      0.0000000000      0.0000000000      0.0000000000
    2    1      0.2500000000      0.2500000000      0.2500000000

     Dynamical  Matrix in cartesian axes

     q = (    0.750000000  -0.250000000   0.750000000 ) 

    1    1
  0.24185881  0.00000000   -0.00467132  0.00737823    0.00140375  0.00000000
 -0.00467132 -0.00737823    0.29739976  0.00000000   -0.00467132 -0.00737823
  0.00140375  0.00000000   -0.00467132  0.00737823    0.24185881  0.00000000
    1    2
 -0.05744283  0.06726112   -0.03552198  0.03957324   -0.04038386 -0.12850846
 -0.03552198  0.03957324   -0.05600013  0.08642126   -0.03552198  0.03957324
 -0.04038386 -0.12850846   -0.03552198  0.03957324   -0.05744283  0.06726112
    2    1
 -0.05744283 -0.06726112   -0.03552198 -0.03957324   -0.04038386  0.12850846
 -0.03552198 -0.03957324   -0.05600013 -0.08642126   -0.03552198 -0.03957324
 -0.04038386  0.12850846   -0.03552198 -0.03957324   -0.05744283 -0.06726112
    2    2
  0.24185881  0.00000000   -0.00467132 -0.00737823    0.00140375  0.00000000
 -0.00467132  0.00737823    0.29739976  0.00000000   -0.00467132  0.00737823
  0.00140375  0.00000000   -0.00467132 -0.00737823    0.24185881  0.00000000

     Dynamical  Matrix in cartesian axes

     q = (    0.750000000  -0.250000000  -0.750000000 ) 

    1    1
  0.24185881  0.00000000   -0.00467132 -0.00737823   -0.00140375  0.00000000
 -0.00467132  0.00737823    0.29739976  0.00000000    0.00467132 -0.00737823
 -0.00140375  0.00000000    0.00467132  0.00737823    0.24185881  0.00000000
    1    2
 -0.06726112  0.05744283   -0.03957324  0.03552198   -0.12850846 -0.04038386
 -0.03957324  0.03552198   -0.08642126  0.05600013    0.03957324 -0.03552198
 -0.12850846 -0.04038386    0.03957324 -0.03552198   -0.06726112  0.05744283
    2    1
 -0.06726112 -0.05744283   -0.03957324 -0.03552198   -0.12850846  0.04038386
 -0.03957324 -0.03552198   -0.08642126 -0.05600013    0.03957324  0.03552198
 -0.12850846  0.04038386    0.03957324  0.03552198   -0.06726112 -0.05744283
    2    2
  0.24185881  0.00000000   -0.00467132  0.00737823   -0.00140375  0.00000000
 -0.00467132 -0.00737823    0.29739976  0.00000000    0.00467132  0.00737823
 -0.00140375  0.00000000    0.00467132 -0.00737823    0.24185881  0.00000000

     Dynamical  Matrix in cartesian axes

     q = (   -0.750000000  -0.250000000  -0.750000000 ) 

    1    1
  0.24185881  0.00000000    0.00467132 -0.00737823    0.00140375  0.00000000
  0.00467132  0.00737823    0.29739976  0.00000000    0.00467132  0.00737823
  0.00140375  0.00000000    0.00467132 -0.00737823    0.24185881  0.00000000
    1    2
  0.06726112  0.05744283   -0.03957324 -0.03552198   -0.12850846  0.04038386
 -0.03957324 -0.03552198    0.08642126  0.05600013   -0.03957324 -0.03552198
 -0.12850846  0.04038386   -0.03957324 -0.03552198    0.06726112  0.05744283
    2    1
  0.06726112 -0.05744283   -0.03957324  0.03552198   -0.12850846 -0.04038386
 -0.03957324  0.03552198    0.08642126 -0.05600013   -0.03957324  0.03552198
 -0.12850846 -0.04038386   -0.03957324  0.03552198    0.06726112 -0.05744283
    2    2
  0.24185881  0.00000000    0.00467132  0.00737823    0.00140375  0.00000000
  0.00467132 -0.00737823    0.29739976  0.00000000    0.00467132 -0.00737823
  0.00140375  0.00000000    0.00467132  0.00737823    0.24185881  0.00000000

     Dynamical  Matrix in cartesian axes

     q = (   -0.750000000  -0.250000000   0.750000000 ) 

    1    1
  0.24185881  0.00000000    0.00467132  0.00737823   -0.00140375  0.00000000
  0.00467132 -0.00737823    0.29739976  0.00000000   -0.00467132  0.00737823
 -0.00140375  0.00000000   -0.00467132 -0.00737823    0.24185881  0.00000000
    1    2
 -0.06726112  0.05744283    0.03957324 -0.03552198   -0.12850846 -0.04038386
  0.03957324 -0.03552198   -0.08642126  0.05600013   -0.03957324  0.03552198
 -0.12850846 -0.04038386   -0.03957324  0.03552198   -0.06726112  0.05744283
    2    1
 -0.06726112 -0.05744283    0.03957324  0.03552198   -0.12850846  0.04038386
  0.03957324  0.03552198   -0.08642126 -0.05600013   -0.03957324 -0.03552198
 -0.12850846  0.04038386   -0.03957324 -0.03552198   -0.06726112 -0.05744283
    2    2
  0.24185881  0.00000000    0.00467132 -0.00737823   -0.00140375  0.00000000
  0.00467132  0.00737823    0.29739976  0.00000000   -0.00467132 -0.00737823
 -0.00140375  0.00000000   -0.00467132  0.00737823    0.24185881  0.00000000

     Dynamical  Matrix in cartesian axes

     q = (   -0.750000000   0.250000000  -0.750000000 ) 

    1    1
  0.24185881  0.00000000   -0.00467132 -0.00737823    0.00140375  0.00000000
 -0.00467132  0.00737823    0.29739976  0.00000000   -0.00467132  0.00737823
  0.00140375  0.00000000   -0.00467132 -0.00737823    0.24185881  0.00000000
    1    2
 -0.05744283 -0.06726112   -0.03552198 -0.03957324   -0.04038386  0.12850846
 -0.03552198 -0.03957324   -0.05600013 -0.08642126   -0.03552198 -0.03957324
 -0.04038386  0.12850846   -0.03552198 -0.03957324   -0.05744283 -0.06726112
    2    1
 -0.05744283  0.06726112   -0.03552198  0.03957324   -0.04038386 -0.12850846
 -0.03552198  0.03957324   -0.05600013  0.08642126   -0.03552198  0.03957324
 -0.04038386 -0.12850846   -0.03552198  0.03957324   -0.05744283  0.06726112
    2    2
  0.24185881  0.00000000   -0.00467132  0.00737823    0.00140375  0.00000000
 -0.00467132 -0.00737823    0.29739976  0.00000000   -0.00467132 -0.00737823
  0.00140375  0.00000000   -0.00467132  0.00737823    0.24185881  0.00000000

     Dynamical  Matrix in cartesian axes

     q = (   -0.250000000   0.750000000  -0.750000000 ) 

    1    1
  0.29739976  0.00000000   -0.00467132  0.00737823    0.00467132 -0.00737823
 -0.00467132 -0.00737823    0.24185881  0.00000000   -0.00140375  0.00000000
  0.00467132  0.00737823   -0.00140375  0.00000000    0.24185881  0.00000000
    1    2
 -0.08642126  0.05600013   -0.03957324  0.03552198    0.03957324 -0.03552198
 -0.03957324  0.03552198   -0.06726112  0.05744283   -0.12850846 -0.04038386
  0.03957324 -0.03552198   -0.12850846 -0.04038386   -0.06726112  0.05744283
    2    1
 -0.08642126 -0.05600013   -0.03957324 -0.03552198    0.03957324  0.03552198
 -0.03957324 -0.03552198   -0.06726112 -0.05744283   -0.12850846  0.04038386
  0.03957324  0.03552198   -0.12850846  0.04038386   -0.06726112 -0.05744283
    2    2
  0.29739976  0.00000000   -0.00467132 -0.00737823    0.00467132  0.00737823
 -0.00467132  0.00737823    0.24185881  0.00000000   -0.00140375  0.00000000
  0.00467132 -0.00737823   -0.00140375  0.00000000    0.24185881  0.00000000

     Dynamical  Matrix in cartesian axes

     q = (   -0.750000000   0.750000000  -0.250000000 ) 

    1    1
  0.24185881  0.00000000   -0.00140375  0.00000000    0.00467132  0.00737823
 -0.00140375  0.00000000    0.24185881  0.00000000   -0.00467132 -0.00737823
  0.00467132 -0.00737823   -0.00467132  0.00737823    0.29739976  0.00000000
    1    2
 -0.06726112  0.05744283   -0.12850846 -0.04038386    0.03957324 -0.03552198
 -0.12850846 -0.04038386   -0.06726112  0.05744283   -0.03957324  0.03552198
  0.03957324 -0.03552198   -0.03957324  0.03552198   -0.08642126  0.05600013
    2    1
 -0.06726112 -0.05744283   -0.12850846  0.04038386    0.03957324  0.03552198
 -0.12850846  0.04038386   -0.06726112 -0.05744283   -0.03957324 -0.03552198
  0.03957324  0.03552198   -0.03957324 -0.03552198   -0.08642126 -0.05600013
    2    2
  0.24185881  0.00000000   -0.00140375  0.00000000    0.00467132 -0.00737823
 -0.00140375  0.00000000    0.24185881  0.00000000   -0.00467132  0.00737823
  0.00467132  0.00737823   -0.00467132 -0.00737823    0.29739976  0.00000000

     Dynamical  Matrix in cartesian axes

     q = (    0.750000000   0.250000000   0.750000000 ) 

    1    1
  0.24185881  0.00000000    0.00467132  0.00737823    0.00140375  0.00000000
  0.00467132 -0.00737823    0.29739976  0.00000000    0.00467132 -0.00737823
  0.00140375  0.00000000    0.00467132  0.00737823    0.24185881  0.00000000
    1    2
  0.06726112 -0.05744283   -0.03957324  0.03552198   -0.12850846 -0.04038386
 -0.03957324  0.03552198    0.08642126 -0.05600013   -0.03957324  0.03552198
 -0.12850846 -0.04038386   -0.03957324  0.03552198    0.06726112 -0.05744283
    2    1
  0.06726112  0.05744283   -0.03957324 -0.03552198   -0.12850846  0.04038386
 -0.03957324 -0.03552198    0.08642126  0.05600013   -0.03957324 -0.03552198
 -0.12850846  0.04038386   -0.03957324 -0.03552198    0.06726112  0.05744283
    2    2
  0.24185881  0.00000000    0.00467132 -0.00737823    0.00140375  0.00000000
  0.00467132  0.00737823    0.29739976  0.00000000    0.00467132  0.00737823
  0.00140375  0.00000000    0.00467132 -0.00737823    0.24185881  0.00000000

     Dynamical  Matrix in cartesian axes

     q = (   -0.750000000   0.250000000   0.750000000 ) 

    1    1
  0.24185881  0.00000000   -0.00467132  0.00737823   -0.00140375  0.00000000
 -0.00467132 -0.00737823    0.29739976  0.00000000    0.00467132  0.00737823
 -0.00140375  0.00000000    0.00467132 -0.00737823    0.24185881  0.00000000
    1    2
 -0.06726112 -0.05744283   -0.03957324 -0.03552198   -0.12850846  0.04038386
 -0.03957324 -0.03552198   -0.08642126 -0.05600013    0.03957324  0.03552198
 -0.12850846  0.04038386    0.03957324  0.03552198   -0.06726112 -0.05744283
    2    1
 -0.06726112  0.05744283   -0.03957324  0.03552198   -0.12850846 -0.04038386
 -0.03957324  0.03552198   -0.08642126  0.05600013    0.03957324 -0.03552198
 -0.12850846 -0.04038386    0.03957324 -0.03552198   -0.06726112  0.05744283
    2    2
  0.24185881  0.00000000   -0.00467132 -0.00737823   -0.00140375  0.00000000
 -0.00467132  0.00737823    0.29739976  0.00000000    0.00467132 -0.00737823
 -0.00140375  0.00000000    0.00467132  0.00737823    0.24185881  0.00000000

     Dynamical  Matrix in cartesian axes

     q = (    0.750000000   0.250000000  -0.750000000 ) 

    1    1
  0.24185881  0.00000000    0.00467132 -0.00737823   -0.00140375  0.00000000
  0.00467132  0.00737823    0.29739976  0.00000000   -0.00467132 -0.00737823
 -0.00140375  0.00000000   -0.00467132  0.00737823    0.24185881  0.00000000
    1    2
 -0.06726112 -0.05744283    0.03957324  0.03552198   -0.12850846  0.04038386
  0.03957324  0.03552198   -0.08642126 -0.05600013   -0.03957324 -0.03552198
 -0.12850846  0.04038386   -0.03957324 -0.03552198   -0.06726112 -0.05744283
    2    1
 -0.06726112  0.05744283    0.03957324 -0.03552198   -0.12850846 -0.04038386
  0.03957324 -0.03552198   -0.08642126  0.05600013   -0.03957324  0.03552198
 -0.12850846 -0.04038386   -0.03957324  0.03552198   -0.06726112  0.05744283
    2    2
  0.24185881  0.00000000    0.00467132  0.00737823   -0.00140375  0.00000000
  0.00467132 -0.00737823    0.29739976  0.00000000   -0.00467132  0.00737823
 -0.00140375  0.00000000   -0.00467132 -0.00737823    0.24185881  0.00000000

     Dynamical  Matrix in cartesian axes

     q = (   -0.750000000   0.750000000   0.250000000 ) 

    1    1
  0.24185881  0.00000000   -0.00140375  0.00000000   -0.00467132  0.00737823
 -0.00140375  0.00000000    0.24185881  0.00000000    0.00467132 -0.00737823
 -0.00467132 -0.00737823    0.00467132  0.00737823    0.29739976  0.00000000
    1    2
 -0.06726112 -0.05744283   -0.12850846  0.04038386   -0.03957324 -0.03552198
 -0.12850846  0.04038386   -0.06726112 -0.05744283    0.03957324  0.03552198
 -0.03957324 -0.03552198    0.03957324  0.03552198   -0.08642126 -0.05600013
    2    1
 -0.06726112  0.05744283   -0.12850846 -0.04038386   -0.03957324  0.03552198
 -0.12850846 -0.04038386   -0.06726112  0.05744283    0.03957324 -0.03552198
 -0.03957324  0.03552198    0.03957324 -0.03552198   -0.08642126  0.05600013
    2    2
  0.24185881  0.00000000   -0.00140375  0.00000000   -0.00467132 -0.00737823
 -0.00140375  0.00000000    0.24185881  0.00000000    0.00467132  0.00737823
 -0.00467132  0.00737823    0.00467132 -0.00737823    0.29739976  0.00000000

     Dynamical  Matrix in cartesian axes

     q = (   -0.250000000   0.750000000   0.750000000 ) 

    1    1
  0.29739976  0.00000000   -0.00467132 -0.00737823   -0.00467132 -0.00737823
 -0.00467132  0.00737823    0.24185881  0.00000000    0.00140375  0.00000000
 -0.00467132  0.00737823    0.00140375  0.00000000    0.24185881  0.00000000
    1    2
 -0.05600013  0.08642126   -0.03552198  0.03957324   -0.03552198  0.03957324
 -0.03552198  0.03957324   -0.05744283  0.06726112   -0.04038386 -0.12850846
 -0.03552198  0.03957324   -0.04038386 -0.12850846   -0.05744283  0.06726112
    2    1
 -0.05600013 -0.08642126   -0.03552198 -0.03957324   -0.03552198 -0.03957324
 -0.03552198 -0.03957324   -0.05744283 -0.06726112   -0.04038386  0.12850846
 -0.03552198 -0.03957324   -0.04038386  0.12850846   -0.05744283 -0.06726112
    2    2
  0.29739976  0.00000000   -0.00467132  0.00737823   -0.00467132  0.00737823
 -0.00467132 -0.00737823    0.24185881  0.00000000    0.00140375  0.00000000
 -0.00467132 -0.00737823    0.00140375  0.00000000    0.24185881  0.00000000

     Dynamical  Matrix in cartesian axes

     q = (    0.250000000   0.750000000  -0.750000000 ) 

    1    1
  0.29739976  0.00000000    0.00467132  0.00737823   -0.00467132 -0.00737823
  0.00467132 -0.00737823    0.24185881  0.00000000   -0.00140375  0.00000000
 -0.00467132  0.00737823   -0.00140375  0.00000000    0.24185881  0.00000000
    1    2
 -0.08642126 -0.05600013    0.03957324  0.03552198   -0.03957324 -0.03552198
  0.03957324  0.03552198   -0.06726112 -0.05744283   -0.12850846  0.04038386
 -0.03957324 -0.03552198   -0.12850846  0.04038386   -0.06726112 -0.05744283
    2    1
 -0.08642126  0.05600013    0.03957324 -0.03552198   -0.03957324  0.03552198
  0.03957324 -0.03552198   -0.06726112  0.05744283   -0.12850846 -0.04038386
 -0.03957324  0.03552198   -0.12850846 -0.04038386   -0.06726112  0.05744283
    2    2
  0.29739976  0.00000000    0.00467132 -0.00737823   -0.00467132  0.00737823
  0.00467132  0.00737823    0.24185881  0.00000000   -0.00140375  0.00000000
 -0.00467132 -0.00737823   -0.00140375  0.00000000    0.24185881  0.00000000

     Dynamical  Matrix in cartesian axes

     q = (   -0.250000000  -0.750000000  -0.750000000 ) 

    1    1
  0.29739976  0.00000000    0.00467132  0.00737823    0.00467132  0.00737823
  0.00467132 -0.00737823    0.24185881  0.00000000    0.00140375  0.00000000
  0.00467132 -0.00737823    0.00140375  0.00000000    0.24185881  0.00000000
    1    2
  0.08642126  0.05600013   -0.03957324 -0.03552198   -0.03957324 -0.03552198
 -0.03957324 -0.03552198    0.06726112  0.05744283   -0.12850846  0.04038386
 -0.03957324 -0.03552198   -0.12850846  0.04038386    0.06726112  0.05744283
    2    1
  0.08642126 -0.05600013   -0.03957324  0.03552198   -0.03957324  0.03552198
 -0.03957324  0.03552198    0.06726112 -0.05744283   -0.12850846 -0.04038386
 -0.03957324  0.03552198   -0.12850846 -0.04038386    0.06726112 -0.05744283
    2    2
  0.29739976  0.00000000    0.00467132 -0.00737823    0.00467132 -0.00737823
  0.00467132  0.00737823    0.24185881  0.00000000    0.00140375  0.00000000
  0.00467132  0.00737823    0.00140375  0.00000000    0.24185881  0.00000000

     Dynamical  Matrix in cartesian axes

     q = (    0.750000000   0.750000000  -0.250000000 ) 

    1    1
  0.24185881  0.00000000    0.00140375  0.00000000   -0.00467132  0.00737823
  0.00140375  0.00000000    0.24185881  0.00000000   -0.00467132  0.00737823
 -0.00467132 -0.00737823   -0.00467132 -0.00737823    0.29739976  0.00000000
    1    2
 -0.05744283  0.06726112   -0.04038386 -0.12850846   -0.03552198  0.03957324
 -0.04038386 -0.12850846   -0.05744283  0.06726112   -0.03552198  0.03957324
 -0.03552198  0.03957324   -0.03552198  0.03957324   -0.05600013  0.08642126
    2    1
 -0.05744283 -0.06726112   -0.04038386  0.12850846   -0.03552198 -0.03957324
 -0.04038386  0.12850846   -0.05744283 -0.06726112   -0.03552198 -0.03957324
 -0.03552198 -0.03957324   -0.03552198 -0.03957324   -0.05600013 -0.08642126
    2    2
  0.24185881  0.00000000    0.00140375  0.00000000   -0.00467132 -0.00737823
  0.00140375  0.00000000    0.24185881  0.00000000   -0.00467132 -0.00737823
 -0.00467132  0.00737823   -0.00467132  0.00737823    0.29739976  0.00000000

     Dynamical  Matrix in cartesian axes

     q = (    0.750000000  -0.750000000   0.250000000 ) 

    1    1
  0.24185881  0.00000000   -0.00140375  0.00000000    0.00467132 -0.00737823
 -0.00140375  0.00000000    0.24185881  0.00000000   -0.00467132  0.00737823
  0.00467132  0.00737823   -0.00467132 -0.00737823    0.29739976  0.00000000
    1    2
 -0.06726112 -0.05744283   -0.12850846  0.04038386    0.03957324  0.03552198
 -0.12850846  0.04038386   -0.06726112 -0.05744283   -0.03957324 -0.03552198
  0.03957324  0.03552198   -0.03957324 -0.03552198   -0.08642126 -0.05600013
    2    1
 -0.06726112  0.05744283   -0.12850846 -0.04038386    0.03957324 -0.03552198
 -0.12850846 -0.04038386   -0.06726112  0.05744283   -0.03957324  0.03552198
  0.03957324 -0.03552198   -0.03957324  0.03552198   -0.08642126  0.05600013
    2    2
  0.24185881  0.00000000   -0.00140375  0.00000000    0.00467132  0.00737823
 -0.00140375  0.00000000    0.24185881  0.00000000   -0.00467132 -0.00737823
  0.00467132 -0.00737823   -0.00467132  0.00737823    0.29739976  0.00000000

     Dynamical  Matrix in cartesian axes

     q = (   -0.750000000  -0.750000000  -0.250000000 ) 

    1    1
  0.24185881  0.00000000    0.00140375  0.00000000    0.00467132 -0.00737823
  0.00140375  0.00000000    0.24185881  0.00000000    0.00467132 -0.00737823
  0.00467132  0.00737823    0.00467132  0.00737823    0.29739976  0.00000000
    1    2
  0.06726112  0.05744283   -0.12850846  0.04038386   -0.03957324 -0.03552198
 -0.12850846  0.04038386    0.06726112  0.05744283   -0.03957324 -0.03552198
 -0.03957324 -0.03552198   -0.03957324 -0.03552198    0.08642126  0.05600013
    2    1
  0.06726112 -0.05744283   -0.12850846 -0.04038386   -0.03957324  0.03552198
 -0.12850846 -0.04038386    0.06726112 -0.05744283   -0.03957324  0.03552198
 -0.03957324  0.03552198   -0.03957324  0.03552198    0.08642126 -0.05600013
    2    2
  0.24185881  0.00000000    0.00140375  0.00000000    0.00467132  0.00737823
  0.00140375  0.00000000    0.24185881  0.00000000    0.00467132  0.00737823
  0.00467132 -0.00737823    0.00467132 -0.00737823    0.29739976  0.00000000

     Dynamical  Matrix in cartesian axes

     q = (    0.250000000  -0.750000000   0.750000000 ) 

    1    1
  0.29739976  0.00000000   -0.00467132 -0.00737823    0.00467132  0.00737823
 -0.00467132  0.00737823    0.24185881  0.00000000   -0.00140375  0.00000000
  0.00467132 -0.00737823   -0.00140375  0.00000000    0.24185881  0.00000000
    1    2
 -0.08642126 -0.05600013   -0.03957324 -0.03552198    0.03957324  0.03552198
 -0.03957324 -0.03552198   -0.06726112 -0.05744283   -0.12850846  0.04038386
  0.03957324  0.03552198   -0.12850846  0.04038386   -0.06726112 -0.05744283
    2    1
 -0.08642126  0.05600013   -0.03957324  0.03552198    0.03957324 -0.03552198
 -0.03957324  0.03552198   -0.06726112  0.05744283   -0.12850846 -0.04038386
  0.03957324 -0.03552198   -0.12850846 -0.04038386   -0.06726112  0.05744283
    2    2
  0.29739976  0.00000000   -0.00467132  0.00737823    0.00467132 -0.00737823
 -0.00467132 -0.00737823    0.24185881  0.00000000   -0.00140375  0.00000000
  0.00467132  0.00737823   -0.00140375  0.00000000    0.24185881  0.00000000

     Dynamical  Matrix in cartesian axes

     q = (   -0.750000000  -0.750000000   0.250000000 ) 

    1    1
  0.24185881  0.00000000    0.00140375  0.00000000   -0.00467132 -0.00737823
  0.00140375  0.00000000    0.24185881  0.00000000   -0.00467132 -0.00737823
 -0.00467132  0.00737823   -0.00467132  0.00737823    0.29739976  0.00000000
    1    2
 -0.05744283 -0.06726112   -0.04038386  0.12850846   -0.03552198 -0.03957324
 -0.04038386  0.12850846   -0.05744283 -0.06726112   -0.03552198 -0.03957324
 -0.03552198 -0.03957324   -0.03552198 -0.03957324   -0.05600013 -0.08642126
    2    1
 -0.05744283  0.06726112   -0.04038386 -0.12850846   -0.03552198  0.03957324
 -0.04038386 -0.12850846   -0.05744283  0.06726112   -0.03552198  0.03957324
 -0.03552198  0.03957324   -0.03552198  0.03957324   -0.05600013  0.08642126
    2    2
  0.24185881  0.00000000    0.00140375  0.00000000   -0.00467132  0.00737823
  0.00140375  0.00000000    0.24185881  0.00000000   -0.00467132  0.00737823
 -0.00467132 -0.00737823   -0.00467132 -0.00737823    0.29739976  0.00000000

     Dynamical  Matrix in cartesian axes

     q = (    0.250000000   0.750000000   0.750000000 ) 

    1    1
  0.29739976  0.00000000    0.00467132 -0.00737823    0.00467132 -0.00737823
  0.00467132  0.00737823    0.24185881  0.00000000    0.00140375  0.00000000
  0.00467132  0.00737823    0.00140375  0.00000000    0.24185881  0.00000000
    1    2
  0.08642126 -0.05600013   -0.03957324  0.03552198   -0.03957324  0.03552198
 -0.03957324  0.03552198    0.06726112 -0.05744283   -0.12850846 -0.04038386
 -0.03957324  0.03552198   -0.12850846 -0.04038386    0.06726112 -0.05744283
    2    1
  0.08642126  0.05600013   -0.03957324 -0.03552198   -0.03957324 -0.03552198
 -0.03957324 -0.03552198    0.06726112  0.05744283   -0.12850846  0.04038386
 -0.03957324 -0.03552198   -0.12850846  0.04038386    0.06726112  0.05744283
    2    2
  0.29739976  0.00000000    0.00467132  0.00737823    0.00467132  0.00737823
  0.00467132 -0.00737823    0.24185881  0.00000000    0.00140375  0.00000000
  0.00467132 -0.00737823    0.00140375  0.00000000    0.24185881  0.00000000

     Dynamical  Matrix in cartesian axes

     q = (   -0.250000000  -0.750000000   0.750000000 ) 

    1    1
  0.29739976  0.00000000    0.00467132 -0.00737823   -0.00467132  0.00737823
  0.00467132  0.00737823    0.24185881  0.00000000   -0.00140375  0.00000000
 -0.00467132 -0.00737823   -0.00140375  0.00000000    0.24185881  0.00000000
    1    2
 -0.08642126  0.05600013    0.03957324 -0.03552198   -0.03957324  0.03552198
  0.03957324 -0.03552198   -0.06726112  0.05744283   -0.12850846 -0.04038386
 -0.03957324  0.03552198   -0.12850846 -0.04038386   -0.06726112  0.05744283
    2    1
 -0.08642126 -0.05600013    0.03957324  0.03552198   -0.03957324 -0.03552198
  0.03957324  0.03552198   -0.06726112 -0.05744283   -0.12850846  0.04038386
 -0.03957324 -0.03552198   -0.12850846  0.04038386   -0.06726112 -0.05744283
    2    2
  0.29739976  0.00000000    0.00467132  0.00737823   -0.00467132 -0.00737823
  0.00467132 -0.00737823    0.24185881  0.00000000   -0.00140375  0.00000000
 -0.00467132  0.00737823   -0.00140375  0.00000000    0.24185881  0.00000000

     Dynamical  Matrix in cartesian axes

     q = (    0.750000000   0.750000000   0.250000000 ) 

    1    1
  0.24185881  0.00000000    0.00140375  0.00000000    0.00467132  0.00737823
  0.00140375  0.00000000    0.24185881  0.00000000    0.00467132  0.00737823
  0.00467132 -0.00737823    0.00467132 -0.00737823    0.29739976  0.00000000
    1    2
  0.06726112 -0.05744283   -0.12850846 -0.04038386   -0.03957324  0.03552198
 -0.12850846 -0.04038386    0.06726112 -0.05744283   -0.03957324  0.03552198
 -0.03957324  0.03552198   -0.03957324  0.03552198    0.08642126 -0.05600013
    2    1
  0.06726112  0.05744283   -0.12850846  0.04038386   -0.03957324 -0.03552198
 -0.12850846  0.04038386    0.06726112  0.05744283   -0.03957324 -0.03552198
 -0.03957324 -0.03552198   -0.03957324 -0.03552198    0.08642126  0.05600013
    2    2
  0.24185881  0.00000000    0.00140375  0.00000000    0.00467132 -0.00737823
  0.00140375  0.00000000    0.24185881  0.00000000    0.00467132 -0.00737823
  0.00467132  0.00737823    0.00467132  0.00737823    0.29739976  0.00000000

     Dynamical  Matrix in cartesian axes

     q = (    0.250000000  -0.750000000  -0.750000000 ) 

    1    1
  0.29739976  0.00000000   -0.00467132  0.00737823   -0.00467132  0.00737823
 -0.00467132 -0.00737823    0.24185881  0.00000000    0.00140375  0.00000000
 -0.00467132 -0.00737823    0.00140375  0.00000000    0.24185881  0.00000000
    1    2
 -0.05600013 -0.08642126   -0.03552198 -0.03957324   -0.03552198 -0.03957324
 -0.03552198 -0.03957324   -0.05744283 -0.06726112   -0.04038386  0.12850846
 -0.03552198 -0.03957324   -0.04038386  0.12850846   -0.05744283 -0.06726112
    2    1
 -0.05600013  0.08642126   -0.03552198  0.03957324   -0.03552198  0.03957324
 -0.03552198  0.03957324   -0.05744283  0.06726112   -0.04038386 -0.12850846
 -0.03552198  0.03957324   -0.04038386 -0.12850846   -0.05744283  0.06726112
    2    2
  0.29739976  0.00000000   -0.00467132 -0.00737823   -0.00467132 -0.00737823
 -0.00467132  0.00737823    0.24185881  0.00000000    0.00140375  0.00000000
 -0.00467132  0.00737823    0.00140375  0.00000000    0.24185881  0.00000000

     Dynamical  Matrix in cartesian axes

     q = (    0.750000000  -0.750000000  -0.250000000 ) 

    1    1
  0.24185881  0.00000000   -0.00140375  0.00000000   -0.00467132 -0.00737823
 -0.00140375  0.00000000    0.24185881  0.00000000    0.00467132  0.00737823
 -0.00467132  0.00737823    0.00467132 -0.00737823    0.29739976  0.00000000
    1    2
 -0.06726112  0.05744283   -0.12850846 -0.04038386   -0.03957324  0.03552198
 -0.12850846 -0.04038386   -0.06726112  0.05744283    0.03957324 -0.03552198
 -0.03957324  0.03552198    0.03957324 -0.03552198   -0.08642126  0.05600013
    2    1
 -0.06726112 -0.05744283   -0.12850846  0.04038386   -0.03957324 -0.03552198
 -0.12850846  0.04038386   -0.06726112 -0.05744283    0.03957324  0.03552198
 -0.03957324 -0.03552198    0.03957324  0.03552198   -0.08642126 -0.05600013
    2    2
  0.24185881  0.00000000   -0.00140375  0.00000000   -0.00467132  0.00737823
 -0.00140375  0.00000000    0.24185881  0.00000000    0.00467132 -0.00737823
 -0.00467132 -0.00737823    0.00467132  0.00737823    0.29739976  0.00000000

     Diagonalizing the dynamical matrix

     q = (    0.750000000  -0.250000000   0.750000000 ) 

 **************************************************************************
     freq (    1) =       4.310356 [THz] =     143.777995 [cm-1]
 ( -0.043405  0.498112 -0.000000 -0.000000  0.043405 -0.498112 ) 
 ( -0.500000 -0.000000 -0.000000 -0.000000  0.500000  0.000000 ) 
     freq (    2) =       6.145490 [THz] =     204.991474 [cm-1]
 ( -0.400853 -0.143178 -0.333217  0.163098 -0.400853 -0.143178 ) 
 ( -0.425656 -0.000000 -0.258939 -0.265678 -0.425656  0.000000 ) 
     freq (    3) =       9.327206 [THz] =     311.122102 [cm-1]
 ( -0.077174  0.296359 -0.438280 -0.346903 -0.077174  0.296359 ) 
 (  0.306242 -0.000000 -0.225259 -0.511556  0.306242  0.000000 ) 
     freq (    4) =      11.887641 [THz] =     396.529009 [cm-1]
 ( -0.166950 -0.322961  0.400195  0.274759 -0.166950 -0.322961 ) 
 (  0.363560 -0.000000 -0.427849 -0.229333  0.363560  0.000000 ) 
     freq (    5) =      13.592179 [THz] =     453.386300 [cm-1]
 ( -0.043405  0.498112  0.000000 -0.000000  0.043405 -0.498112 ) 
 (  0.500000 -0.000000 -0.000000 -0.000000 -0.500000  0.000000 ) 
     freq (    6) =      13.823859 [THz] =     461.114302 [cm-1]
 (  0.283191  0.112517  0.502455 -0.248645  0.283191  0.112517 ) 
 ( -0.304725  0.000000 -0.375138 -0.416602 -0.304725  0.000000 ) 
 **************************************************************************
