Dynamical matrix file
                                                                           
  1    2  2 10.3550000  0.0000000  0.0000000  0.0000000  0.0000000  0.0000000
           1  'Si  '    25598.822984527003     
    1    1      0.0000000000      0.0000000000      0.0000000000
    2    1      0.2500000000      0.2500000000      0.2500000000

     Dynamical  Matrix in cartesian axes

     q = (   -0.250000000   0.250000000  -0.250000000 ) 

    1    1
  0.27931260  0.00000000   -0.01073267  0.00000000    0.01073267  0.00000000
 -0.01073267  0.00000000    0.27931260  0.00000000   -0.01073267  0.00000000
  0.01073267  0.00000000   -0.01073267  0.00000000    0.27931260  0.00000000
    1    2
 -0.20432769 -0.06032634   -0.03574675  0.03653885    0.03574675 -0.03653885
 -0.03574675  0.03653885   -0.20432769 -0.06032634   -0.03574675  0.03653885
  0.03574675 -0.03653885   -0.03574675  0.03653885   -0.20432769 -0.06032634
    2    1
 -0.20432769  0.06032634   -0.03574675 -0.03653885    0.03574675  0.03653885
 -0.03574675 -0.03653885   -0.20432769  0.06032634   -0.03574675 -0.03653885
  0.03574675  0.03653885   -0.03574675 -0.03653885   -0.20432769  0.06032634
    2    2
  0.27931260  0.00000000   -0.01073267  0.00000000    0.01073267  0.00000000
 -0.01073267  0.00000000    0.27931260  0.00000000   -0.01073267  0.00000000
  0.01073267  0.00000000   -0.01073267  0.00000000    0.27931260  0.00000000

     Dynamical  Matrix in cartesian axes

     q = (    0.250000000  -0.250000000  -0.250000000 ) 

    1    1
  0.27931260  0.00000000   -0.01073267  0.00000000   -0.01073267  0.00000000
 -0.01073267  0.00000000    0.27931260  0.00000000    0.01073267  0.00000000
 -0.01073267  0.00000000    0.01073267  0.00000000    0.27931260  0.00000000
    1    2
 -0.20432769 -0.06032634   -0.03574675  0.03653885   -0.03574675  0.03653885
 -0.03574675  0.03653885   -0.20432769 -0.06032634    0.03574675 -0.03653885
 -0.03574675  0.03653885    0.03574675 -0.03653885   -0.20432769 -0.06032634
    2    1
 -0.20432769  0.06032634   -0.03574675 -0.03653885   -0.03574675 -0.03653885
 -0.03574675 -0.03653885   -0.20432769  0.06032634    0.03574675  0.03653885
 -0.03574675 -0.03653885    0.03574675  0.03653885   -0.20432769  0.06032634
    2    2
  0.27931260  0.00000000   -0.01073267  0.00000000   -0.01073267  0.00000000
 -0.01073267  0.00000000    0.27931260  0.00000000    0.01073267  0.00000000
 -0.01073267  0.00000000    0.01073267  0.00000000    0.27931260  0.00000000

     Dynamical  Matrix in cartesian axes

     q = (    0.250000000  -0.250000000   0.250000000 ) 

    1    1
  0.27931260  0.00000000   -0.01073267  0.00000000    0.01073267  0.00000000
 -0.01073267  0.00000000    0.27931260  0.00000000   -0.01073267  0.00000000
  0.01073267  0.00000000   -0.01073267  0.00000000    0.27931260  0.00000000
    1    2
 -0.20432769  0.06032634   -0.03574675 -0.03653885    0.03574675  0.03653885
 -0.03574675 -0.03653885   -0.20432769  0.06032634   -0.03574675 -0.03653885
  0.03574675  0.03653885   -0.03574675 -0.03653885   -0.20432769  0.06032634
    2    1
 -0.20432769 -0.06032634   -0.03574675  0.03653885    0.03574675 -0.03653885
 -0.03574675  0.03653885   -0.20432769 -0.06032634   -0.03574675  0.03653885
  0.03574675 -0.03653885   -0.03574675  0.03653885   -0.20432769 -0.06032634
    2    2
  0.27931260  0.00000000   -0.01073267  0.00000000    0.01073267  0.00000000
 -0.01073267  0.00000000    0.27931260  0.00000000   -0.01073267  0.00000000
  0.01073267  0.00000000   -0.01073267  0.00000000    0.27931260  0.00000000

     Dynamical  Matrix in cartesian axes

     q = (    0.250000000   0.250000000   0.250000000 ) 

    1    1
  0.27931260  0.00000000    0.01073267  0.00000000    0.01073267  0.00000000
  0.01073267  0.00000000    0.27931260  0.00000000    0.01073267  0.00000000
  0.01073267  0.00000000    0.01073267  0.00000000    0.27931260  0.00000000
    1    2
 -0.06032634  0.20432769   -0.03653885 -0.03574675   -0.03653885 -0.03574675
 -0.03653885 -0.03574675   -0.06032634  0.20432769   -0.03653885 -0.03574675
 -0.03653885 -0.03574675   -0.03653885 -0.03574675   -0.06032634  0.20432769
    2    1
 -0.06032634 -0.20432769   -0.03653885  0.03574675   -0.03653885  0.03574675
 -0.03653885  0.03574675   -0.06032634 -0.20432769   -0.03653885  0.03574675
 -0.03653885  0.03574675   -0.03653885  0.03574675   -0.06032634 -0.20432769
    2    2
  0.27931260  0.00000000    0.01073267  0.00000000    0.01073267  0.00000000
  0.01073267  0.00000000    0.27931260  0.00000000    0.01073267  0.00000000
  0.01073267  0.00000000    0.01073267  0.00000000    0.27931260  0.00000000

     Dynamical  Matrix in cartesian axes

     q = (   -0.250000000  -0.250000000  -0.250000000 ) 

    1    1
  0.27931260  0.00000000    0.01073267  0.00000000    0.01073267  0.00000000
  0.01073267  0.00000000    0.27931260  0.00000000    0.01073267  0.00000000
  0.01073267  0.00000000    0.01073267  0.00000000    0.27931260  0.00000000
    1    2
 -0.06032634 -0.20432769   -0.03653885  0.03574675   -0.03653885  0.03574675
 -0.03653885  0.03574675   -0.06032634 -0.20432769   -0.03653885  0.03574675
 -0.03653885  0.03574675   -0.03653885  0.03574675   -0.06032634 -0.20432769
    2    1
 -0.06032634  0.20432769   -0.03653885 -0.03574675   -0.03653885 -0.03574675
 -0.03653885 -0.03574675   -0.06032634  0.20432769   -0.03653885 -0.03574675
 -0.03653885 -0.03574675   -0.03653885 -0.03574675   -0.06032634  0.20432769
    2    2
  0.27931260  0.00000000    0.01073267  0.00000000    0.01073267  0.00000000
  0.01073267  0.00000000    0.27931260  0.00000000    0.01073267  0.00000000
  0.01073267  0.00000000    0.01073267  0.00000000    0.27931260  0.00000000

     Dynamical  Matrix in cartesian axes

     q = (   -0.250000000  -0.250000000   0.250000000 ) 

    1    1
  0.27931260  0.00000000    0.01073267  0.00000000   -0.01073267  0.00000000
  0.01073267  0.00000000    0.27931260  0.00000000   -0.01073267  0.00000000
 -0.01073267  0.00000000   -0.01073267  0.00000000    0.27931260  0.00000000
    1    2
 -0.20432769 -0.06032634    0.03574675 -0.03653885   -0.03574675  0.03653885
  0.03574675 -0.03653885   -0.20432769 -0.06032634   -0.03574675  0.03653885
 -0.03574675  0.03653885   -0.03574675  0.03653885   -0.20432769 -0.06032634
    2    1
 -0.20432769  0.06032634    0.03574675  0.03653885   -0.03574675 -0.03653885
  0.03574675  0.03653885   -0.20432769  0.06032634   -0.03574675 -0.03653885
 -0.03574675 -0.03653885   -0.03574675 -0.03653885   -0.20432769  0.06032634
    2    2
  0.27931260  0.00000000    0.01073267  0.00000000   -0.01073267  0.00000000
  0.01073267  0.00000000    0.27931260  0.00000000   -0.01073267  0.00000000
 -0.01073267  0.00000000   -0.01073267  0.00000000    0.27931260  0.00000000

     Dynamical  Matrix in cartesian axes

     q = (   -0.250000000   0.250000000   0.250000000 ) 

    1    1
  0.27931260  0.00000000   -0.01073267  0.00000000   -0.01073267  0.00000000
 -0.01073267  0.00000000    0.27931260  0.00000000    0.01073267  0.00000000
 -0.01073267  0.00000000    0.01073267  0.00000000    0.27931260  0.00000000
    1    2
 -0.20432769  0.06032634   -0.03574675 -0.03653885   -0.03574675 -0.03653885
 -0.03574675 -0.03653885   -0.20432769  0.06032634    0.03574675  0.03653885
 -0.03574675 -0.03653885    0.03574675  0.03653885   -0.20432769  0.06032634
    2    1
 -0.20432769 -0.06032634   -0.03574675  0.03653885   -0.03574675  0.03653885
 -0.03574675  0.03653885   -0.20432769 -0.06032634    0.03574675 -0.03653885
 -0.03574675  0.03653885    0.03574675 -0.03653885   -0.20432769 -0.06032634
    2    2
  0.27931260  0.00000000   -0.01073267  0.00000000   -0.01073267  0.00000000
 -0.01073267  0.00000000    0.27931260  0.00000000    0.01073267  0.00000000
 -0.01073267  0.00000000    0.01073267  0.00000000    0.27931260  0.00000000

     Dynamical  Matrix in cartesian axes

     q = (    0.250000000   0.250000000  -0.250000000 ) 

    1    1
  0.27931260  0.00000000    0.01073267  0.00000000   -0.01073267  0.00000000
  0.01073267  0.00000000    0.27931260  0.00000000   -0.01073267  0.00000000
 -0.01073267  0.00000000   -0.01073267  0.00000000    0.27931260  0.00000000
    1    2
 -0.20432769  0.06032634    0.03574675  0.03653885   -0.03574675 -0.03653885
  0.03574675  0.03653885   -0.20432769  0.06032634   -0.03574675 -0.03653885
 -0.03574675 -0.03653885   -0.03574675 -0.03653885   -0.20432769  0.06032634
    2    1
 -0.20432769 -0.06032634    0.03574675 -0.03653885   -0.03574675  0.03653885
  0.03574675 -0.03653885   -0.20432769 -0.06032634   -0.03574675  0.03653885
 -0.03574675  0.03653885   -0.03574675  0.03653885   -0.20432769 -0.06032634
    2    2
  0.27931260  0.00000000    0.01073267  0.00000000   -0.01073267  0.00000000
  0.01073267  0.00000000    0.27931260  0.00000000   -0.01073267  0.00000000
 -0.01073267  0.00000000   -0.01073267  0.00000000    0.27931260  0.00000000

     Diagonalizing the dynamical matrix

     q = (   -0.250000000   0.250000000  -0.250000000 ) 

 **************************************************************************
     freq (    1) =       3.399257 [THz] =     113.386997 [cm-1]
 ( -0.299293 -0.031489  0.275064  0.025421  0.574358  0.056910 ) 
 ( -0.300940 -0.001825  0.276230 -0.001825  0.577170  0.000000 ) 
     freq (    2) =       3.399257 [THz] =     113.386997 [cm-1]
 (  0.477693  0.120726  0.492043  0.122148  0.014350  0.001422 ) 
 (  0.487269  0.073037  0.501690  0.073037  0.014421  0.000000 ) 
     freq (    3) =       6.897271 [THz] =     230.068202 [cm-1]
 ( -0.288057 -0.289292  0.288057  0.289292 -0.288057 -0.289292 ) 
 ( -0.408248  0.000000  0.408248 -0.000000 -0.408248  0.000000 ) 
     freq (    4) =      14.379242 [THz] =     479.639890 [cm-1]
 (  0.288057  0.289292 -0.288057 -0.289292  0.288057  0.289292 ) 
 ( -0.408248  0.000000  0.408248 -0.000000 -0.408248  0.000000 ) 
     freq (    5) =      14.681746 [THz] =     489.730341 [cm-1]
 (  0.383924  0.013101 -0.178050 -0.042582 -0.561974 -0.055683 ) 
 ( -0.383345  0.024818  0.181381  0.024818  0.564726  0.000000 ) 
     freq (    6) =      14.681746 [THz] =     489.730341 [cm-1]
 ( -0.424384  0.075246 -0.543873  0.063407 -0.119489 -0.011839 ) 
 (  0.414897 -0.116724  0.534971 -0.116724  0.120074  0.000000 ) 
 **************************************************************************
