Dynamical matrix file
                                                                           
  1    2  2 10.4050000  0.0000000  0.0000000  0.0000000  0.0000000  0.0000000
           1  'Si  '    25598.822984527003     
    1    1      0.0000000000      0.0000000000      0.0000000000
    2    1      0.2500000000      0.2500000000      0.2500000000

     Dynamical  Matrix in cartesian axes

     q = (    0.750000000  -0.250000000   0.750000000 ) 

    1    1
  0.25050871  0.00000000   -0.00453348  0.00752062    0.00126287  0.00000000
 -0.00453348 -0.00752062    0.30474838  0.00000000   -0.00453348 -0.00752062
  0.00126287  0.00000000   -0.00453348  0.00752062    0.25050871  0.00000000
    1    2
 -0.04912360  0.08103033   -0.03232401  0.03696906   -0.03855425 -0.12141059
 -0.03232401  0.03696906   -0.04770274  0.10016667   -0.03232401  0.03696906
 -0.03855425 -0.12141059   -0.03232401  0.03696906   -0.04912360  0.08103033
    2    1
 -0.04912360 -0.08103033   -0.03232401 -0.03696906   -0.03855425  0.12141059
 -0.03232401 -0.03696906   -0.04770274 -0.10016667   -0.03232401 -0.03696906
 -0.03855425  0.12141059   -0.03232401 -0.03696906   -0.04912360 -0.08103033
    2    2
  0.25050871  0.00000000   -0.00453348 -0.00752062    0.00126287  0.00000000
 -0.00453348  0.00752062    0.30474838  0.00000000   -0.00453348  0.00752062
  0.00126287  0.00000000   -0.00453348 -0.00752062    0.25050871  0.00000000

     Dynamical  Matrix in cartesian axes

     q = (    0.750000000  -0.250000000  -0.750000000 ) 

    1    1
  0.25050871  0.00000000   -0.00453348 -0.00752062   -0.00126287  0.00000000
 -0.00453348  0.00752062    0.30474838  0.00000000    0.00453348 -0.00752062
 -0.00126287  0.00000000    0.00453348  0.00752062    0.25050871  0.00000000
    1    2
 -0.08103033  0.04912360   -0.03696906  0.03232401   -0.12141059 -0.03855425
 -0.03696906  0.03232401   -0.10016667  0.04770274    0.03696906 -0.03232401
 -0.12141059 -0.03855425    0.03696906 -0.03232401   -0.08103033  0.04912360
    2    1
 -0.08103033 -0.04912360   -0.03696906 -0.03232401   -0.12141059  0.03855425
 -0.03696906 -0.03232401   -0.10016667 -0.04770274    0.03696906  0.03232401
 -0.12141059  0.03855425    0.03696906  0.03232401   -0.08103033 -0.04912360
    2    2
  0.25050871  0.00000000   -0.00453348  0.00752062   -0.00126287  0.00000000
 -0.00453348 -0.00752062    0.30474838  0.00000000    0.00453348  0.00752062
 -0.00126287  0.00000000    0.00453348 -0.00752062    0.25050871  0.00000000

     Dynamical  Matrix in cartesian axes

     q = (   -0.750000000  -0.250000000  -0.750000000 ) 

    1    1
  0.25050871  0.00000000    0.00453348 -0.00752062    0.00126287  0.00000000
  0.00453348  0.00752062    0.30474838  0.00000000    0.00453348  0.00752062
  0.00126287  0.00000000    0.00453348 -0.00752062    0.25050871  0.00000000
    1    2
  0.08103033  0.04912360   -0.03696906 -0.03232401   -0.12141059  0.03855425
 -0.03696906 -0.03232401    0.10016667  0.04770274   -0.03696906 -0.03232401
 -0.12141059  0.03855425   -0.03696906 -0.03232401    0.08103033  0.04912360
    2    1
  0.08103033 -0.04912360   -0.03696906  0.03232401   -0.12141059 -0.03855425
 -0.03696906  0.03232401    0.10016667 -0.04770274   -0.03696906  0.03232401
 -0.12141059 -0.03855425   -0.03696906  0.03232401    0.08103033 -0.04912360
    2    2
  0.25050871  0.00000000    0.00453348  0.00752062    0.00126287  0.00000000
  0.00453348 -0.00752062    0.30474838  0.00000000    0.00453348 -0.00752062
  0.00126287  0.00000000    0.00453348  0.00752062    0.25050871  0.00000000

     Dynamical  Matrix in cartesian axes

     q = (   -0.750000000  -0.250000000   0.750000000 ) 

    1    1
  0.25050871  0.00000000    0.00453348  0.00752062   -0.00126287  0.00000000
  0.00453348 -0.00752062    0.30474838  0.00000000   -0.00453348  0.00752062
 -0.00126287  0.00000000   -0.00453348 -0.00752062    0.25050871  0.00000000
    1    2
 -0.08103033  0.04912360    0.03696906 -0.03232401   -0.12141059 -0.03855425
  0.03696906 -0.03232401   -0.10016667  0.04770274   -0.03696906  0.03232401
 -0.12141059 -0.03855425   -0.03696906  0.03232401   -0.08103033  0.04912360
    2    1
 -0.08103033 -0.04912360    0.03696906  0.03232401   -0.12141059  0.03855425
  0.03696906  0.03232401   -0.10016667 -0.04770274   -0.03696906 -0.03232401
 -0.12141059  0.03855425   -0.03696906 -0.03232401   -0.08103033 -0.04912360
    2    2
  0.25050871  0.00000000    0.00453348 -0.00752062   -0.00126287  0.00000000
  0.00453348  0.00752062    0.30474838  0.00000000   -0.00453348 -0.00752062
 -0.00126287  0.00000000   -0.00453348  0.00752062    0.25050871  0.00000000

     Dynamical  Matrix in cartesian axes

     q = (   -0.750000000   0.250000000  -0.750000000 ) 

    1    1
  0.25050871  0.00000000   -0.00453348 -0.00752062    0.00126287  0.00000000
 -0.00453348  0.00752062    0.30474838  0.00000000   -0.00453348  0.00752062
  0.00126287  0.00000000   -0.00453348 -0.00752062    0.25050871  0.00000000
    1    2
 -0.04912360 -0.08103033   -0.03232401 -0.03696906   -0.03855425  0.12141059
 -0.03232401 -0.03696906   -0.04770274 -0.10016667   -0.03232401 -0.03696906
 -0.03855425  0.12141059   -0.03232401 -0.03696906   -0.04912360 -0.08103033
    2    1
 -0.04912360  0.08103033   -0.03232401  0.03696906   -0.03855425 -0.12141059
 -0.03232401  0.03696906   -0.04770274  0.10016667   -0.03232401  0.03696906
 -0.03855425 -0.12141059   -0.03232401  0.03696906   -0.04912360  0.08103033
    2    2
  0.25050871  0.00000000   -0.00453348  0.00752062    0.00126287  0.00000000
 -0.00453348 -0.00752062    0.30474838  0.00000000   -0.00453348 -0.00752062
  0.00126287  0.00000000   -0.00453348  0.00752062    0.25050871  0.00000000

     Dynamical  Matrix in cartesian axes

     q = (   -0.250000000   0.750000000  -0.750000000 ) 

    1    1
  0.30474838  0.00000000   -0.00453348  0.00752062    0.00453348 -0.00752062
 -0.00453348 -0.00752062    0.25050871  0.00000000   -0.00126287  0.00000000
  0.00453348  0.00752062   -0.00126287  0.00000000    0.25050871  0.00000000
    1    2
 -0.10016667  0.04770274   -0.03696906  0.03232401    0.03696906 -0.03232401
 -0.03696906  0.03232401   -0.08103033  0.04912360   -0.12141059 -0.03855425
  0.03696906 -0.03232401   -0.12141059 -0.03855425   -0.08103033  0.04912360
    2    1
 -0.10016667 -0.04770274   -0.03696906 -0.03232401    0.03696906  0.03232401
 -0.03696906 -0.03232401   -0.08103033 -0.04912360   -0.12141059  0.03855425
  0.03696906  0.03232401   -0.12141059  0.03855425   -0.08103033 -0.04912360
    2    2
  0.30474838  0.00000000   -0.00453348 -0.00752062    0.00453348  0.00752062
 -0.00453348  0.00752062    0.25050871  0.00000000   -0.00126287  0.00000000
  0.00453348 -0.00752062   -0.00126287  0.00000000    0.25050871  0.00000000

     Dynamical  Matrix in cartesian axes

     q = (   -0.750000000   0.750000000  -0.250000000 ) 

    1    1
  0.25050871  0.00000000   -0.00126287  0.00000000    0.00453348  0.00752062
 -0.00126287  0.00000000    0.25050871  0.00000000   -0.00453348 -0.00752062
  0.00453348 -0.00752062   -0.00453348  0.00752062    0.30474838  0.00000000
    1    2
 -0.08103033  0.04912360   -0.12141059 -0.03855425    0.03696906 -0.03232401
 -0.12141059 -0.03855425   -0.08103033  0.04912360   -0.03696906  0.03232401
  0.03696906 -0.03232401   -0.03696906  0.03232401   -0.10016667  0.04770274
    2    1
 -0.08103033 -0.04912360   -0.12141059  0.03855425    0.03696906  0.03232401
 -0.12141059  0.03855425   -0.08103033 -0.04912360   -0.03696906 -0.03232401
  0.03696906  0.03232401   -0.03696906 -0.03232401   -0.10016667 -0.04770274
    2    2
  0.25050871  0.00000000   -0.00126287  0.00000000    0.00453348 -0.00752062
 -0.00126287  0.00000000    0.25050871  0.00000000   -0.00453348  0.00752062
  0.00453348  0.00752062   -0.00453348 -0.00752062    0.30474838  0.00000000

     Dynamical  Matrix in cartesian axes

     q = (    0.750000000   0.250000000   0.750000000 ) 

    1    1
  0.25050871  0.00000000    0.00453348  0.00752062    0.00126287  0.00000000
  0.00453348 -0.00752062    0.30474838  0.00000000    0.00453348 -0.00752062
  0.00126287  0.00000000    0.00453348  0.00752062    0.25050871  0.00000000
    1    2
  0.08103033 -0.04912360   -0.03696906  0.03232401   -0.12141059 -0.03855425
 -0.03696906  0.03232401    0.10016667 -0.04770274   -0.03696906  0.03232401
 -0.12141059 -0.03855425   -0.03696906  0.03232401    0.08103033 -0.04912360
    2    1
  0.08103033  0.04912360   -0.03696906 -0.03232401   -0.12141059  0.03855425
 -0.03696906 -0.03232401    0.10016667  0.04770274   -0.03696906 -0.03232401
 -0.12141059  0.03855425   -0.03696906 -0.03232401    0.08103033  0.04912360
    2    2
  0.25050871  0.00000000    0.00453348 -0.00752062    0.00126287  0.00000000
  0.00453348  0.00752062    0.30474838  0.00000000    0.00453348  0.00752062
  0.00126287  0.00000000    0.00453348 -0.00752062    0.25050871  0.00000000

     Dynamical  Matrix in cartesian axes

     q = (   -0.750000000   0.250000000   0.750000000 ) 

    1    1
  0.25050871  0.00000000   -0.00453348  0.00752062   -0.00126287  0.00000000
 -0.00453348 -0.00752062    0.30474838  0.00000000    0.00453348  0.00752062
 -0.00126287  0.00000000    0.00453348 -0.00752062    0.25050871  0.00000000
    1    2
 -0.08103033 -0.04912360   -0.03696906 -0.03232401   -0.12141059  0.03855425
 -0.03696906 -0.03232401   -0.10016667 -0.04770274    0.03696906  0.03232401
 -0.12141059  0.03855425    0.03696906  0.03232401   -0.08103033 -0.04912360
    2    1
 -0.08103033  0.04912360   -0.03696906  0.03232401   -0.12141059 -0.03855425
 -0.03696906  0.03232401   -0.10016667  0.04770274    0.03696906 -0.03232401
 -0.12141059 -0.03855425    0.03696906 -0.03232401   -0.08103033  0.04912360
    2    2
  0.25050871  0.00000000   -0.00453348 -0.00752062   -0.00126287  0.00000000
 -0.00453348  0.00752062    0.30474838  0.00000000    0.00453348 -0.00752062
 -0.00126287  0.00000000    0.00453348  0.00752062    0.25050871  0.00000000

     Dynamical  Matrix in cartesian axes

     q = (    0.750000000   0.250000000  -0.750000000 ) 

    1    1
  0.25050871  0.00000000    0.00453348 -0.00752062   -0.00126287  0.00000000
  0.00453348  0.00752062    0.30474838  0.00000000   -0.00453348 -0.00752062
 -0.00126287  0.00000000   -0.00453348  0.00752062    0.25050871  0.00000000
    1    2
 -0.08103033 -0.04912360    0.03696906  0.03232401   -0.12141059  0.03855425
  0.03696906  0.03232401   -0.10016667 -0.04770274   -0.03696906 -0.03232401
 -0.12141059  0.03855425   -0.03696906 -0.03232401   -0.08103033 -0.04912360
    2    1
 -0.08103033  0.04912360    0.03696906 -0.03232401   -0.12141059 -0.03855425
  0.03696906 -0.03232401   -0.10016667  0.04770274   -0.03696906  0.03232401
 -0.12141059 -0.03855425   -0.03696906  0.03232401   -0.08103033  0.04912360
    2    2
  0.25050871  0.00000000    0.00453348  0.00752062   -0.00126287  0.00000000
  0.00453348 -0.00752062    0.30474838  0.00000000   -0.00453348  0.00752062
 -0.00126287  0.00000000   -0.00453348 -0.00752062    0.25050871  0.00000000

     Dynamical  Matrix in cartesian axes

     q = (   -0.750000000   0.750000000   0.250000000 ) 

    1    1
  0.25050871  0.00000000   -0.00126287  0.00000000   -0.00453348  0.00752062
 -0.00126287  0.00000000    0.25050871  0.00000000    0.00453348 -0.00752062
 -0.00453348 -0.00752062    0.00453348  0.00752062    0.30474838  0.00000000
    1    2
 -0.08103033 -0.04912360   -0.12141059  0.03855425   -0.03696906 -0.03232401
 -0.12141059  0.03855425   -0.08103033 -0.04912360    0.03696906  0.03232401
 -0.03696906 -0.03232401    0.03696906  0.03232401   -0.10016667 -0.04770274
    2    1
 -0.08103033  0.04912360   -0.12141059 -0.03855425   -0.03696906  0.03232401
 -0.12141059 -0.03855425   -0.08103033  0.04912360    0.03696906 -0.03232401
 -0.03696906  0.03232401    0.03696906 -0.03232401   -0.10016667  0.04770274
    2    2
  0.25050871  0.00000000   -0.00126287  0.00000000   -0.00453348 -0.00752062
 -0.00126287  0.00000000    0.25050871  0.00000000    0.00453348  0.00752062
 -0.00453348  0.00752062    0.00453348 -0.00752062    0.30474838  0.00000000

     Dynamical  Matrix in cartesian axes

     q = (   -0.250000000   0.750000000   0.750000000 ) 

    1    1
  0.30474838  0.00000000   -0.00453348 -0.00752062   -0.00453348 -0.00752062
 -0.00453348  0.00752062    0.25050871  0.00000000    0.00126287  0.00000000
 -0.00453348  0.00752062    0.00126287  0.00000000    0.25050871  0.00000000
    1    2
 -0.04770274  0.10016667   -0.03232401  0.03696906   -0.03232401  0.03696906
 -0.03232401  0.03696906   -0.04912360  0.08103033   -0.03855425 -0.12141059
 -0.03232401  0.03696906   -0.03855425 -0.12141059   -0.04912360  0.08103033
    2    1
 -0.04770274 -0.10016667   -0.03232401 -0.03696906   -0.03232401 -0.03696906
 -0.03232401 -0.03696906   -0.04912360 -0.08103033   -0.03855425  0.12141059
 -0.03232401 -0.03696906   -0.03855425  0.12141059   -0.04912360 -0.08103033
    2    2
  0.30474838  0.00000000   -0.00453348  0.00752062   -0.00453348  0.00752062
 -0.00453348 -0.00752062    0.25050871  0.00000000    0.00126287  0.00000000
 -0.00453348 -0.00752062    0.00126287  0.00000000    0.25050871  0.00000000

     Dynamical  Matrix in cartesian axes

     q = (    0.250000000   0.750000000  -0.750000000 ) 

    1    1
  0.30474838  0.00000000    0.00453348  0.00752062   -0.00453348 -0.00752062
  0.00453348 -0.00752062    0.25050871  0.00000000   -0.00126287  0.00000000
 -0.00453348  0.00752062   -0.00126287  0.00000000    0.25050871  0.00000000
    1    2
 -0.10016667 -0.04770274    0.03696906  0.03232401   -0.03696906 -0.03232401
  0.03696906  0.03232401   -0.08103033 -0.04912360   -0.12141059  0.03855425
 -0.03696906 -0.03232401   -0.12141059  0.03855425   -0.08103033 -0.04912360
    2    1
 -0.10016667  0.04770274    0.03696906 -0.03232401   -0.03696906  0.03232401
  0.03696906 -0.03232401   -0.08103033  0.04912360   -0.12141059 -0.03855425
 -0.03696906  0.03232401   -0.12141059 -0.03855425   -0.08103033  0.04912360
    2    2
  0.30474838  0.00000000    0.00453348 -0.00752062   -0.00453348  0.00752062
  0.00453348  0.00752062    0.25050871  0.00000000   -0.00126287  0.00000000
 -0.00453348 -0.00752062   -0.00126287  0.00000000    0.25050871  0.00000000

     Dynamical  Matrix in cartesian axes

     q = (   -0.250000000  -0.750000000  -0.750000000 ) 

    1    1
  0.30474838  0.00000000    0.00453348  0.00752062    0.00453348  0.00752062
  0.00453348 -0.00752062    0.25050871  0.00000000    0.00126287  0.00000000
  0.00453348 -0.00752062    0.00126287  0.00000000    0.25050871  0.00000000
    1    2
  0.10016667  0.04770274   -0.03696906 -0.03232401   -0.03696906 -0.03232401
 -0.03696906 -0.03232401    0.08103033  0.04912360   -0.12141059  0.03855425
 -0.03696906 -0.03232401   -0.12141059  0.03855425    0.08103033  0.04912360
    2    1
  0.10016667 -0.04770274   -0.03696906  0.03232401   -0.03696906  0.03232401
 -0.03696906  0.03232401    0.08103033 -0.04912360   -0.12141059 -0.03855425
 -0.03696906  0.03232401   -0.12141059 -0.03855425    0.08103033 -0.04912360
    2    2
  0.30474838  0.00000000    0.00453348 -0.00752062    0.00453348 -0.00752062
  0.00453348  0.00752062    0.25050871  0.00000000    0.00126287  0.00000000
  0.00453348  0.00752062    0.00126287  0.00000000    0.25050871  0.00000000

     Dynamical  Matrix in cartesian axes

     q = (    0.750000000   0.750000000  -0.250000000 ) 

    1    1
  0.25050871  0.00000000    0.00126287  0.00000000   -0.00453348  0.00752062
  0.00126287  0.00000000    0.25050871  0.00000000   -0.00453348  0.00752062
 -0.00453348 -0.00752062   -0.00453348 -0.00752062    0.30474838  0.00000000
    1    2
 -0.04912360  0.08103033   -0.03855425 -0.12141059   -0.03232401  0.03696906
 -0.03855425 -0.12141059   -0.04912360  0.08103033   -0.03232401  0.03696906
 -0.03232401  0.03696906   -0.03232401  0.03696906   -0.04770274  0.10016667
    2    1
 -0.04912360 -0.08103033   -0.03855425  0.12141059   -0.03232401 -0.03696906
 -0.03855425  0.12141059   -0.04912360 -0.08103033   -0.03232401 -0.03696906
 -0.03232401 -0.03696906   -0.03232401 -0.03696906   -0.04770274 -0.10016667
    2    2
  0.25050871  0.00000000    0.00126287  0.00000000   -0.00453348 -0.00752062
  0.00126287  0.00000000    0.25050871  0.00000000   -0.00453348 -0.00752062
 -0.00453348  0.00752062   -0.00453348  0.00752062    0.30474838  0.00000000

     Dynamical  Matrix in cartesian axes

     q = (    0.750000000  -0.750000000   0.250000000 ) 

    1    1
  0.25050871  0.00000000   -0.00126287  0.00000000    0.00453348 -0.00752062
 -0.00126287  0.00000000    0.25050871  0.00000000   -0.00453348  0.00752062
  0.00453348  0.00752062   -0.00453348 -0.00752062    0.30474838  0.00000000
    1    2
 -0.08103033 -0.04912360   -0.12141059  0.03855425    0.03696906  0.03232401
 -0.12141059  0.03855425   -0.08103033 -0.04912360   -0.03696906 -0.03232401
  0.03696906  0.03232401   -0.03696906 -0.03232401   -0.10016667 -0.04770274
    2    1
 -0.08103033  0.04912360   -0.12141059 -0.03855425    0.03696906 -0.03232401
 -0.12141059 -0.03855425   -0.08103033  0.04912360   -0.03696906  0.03232401
  0.03696906 -0.03232401   -0.03696906  0.03232401   -0.10016667  0.04770274
    2    2
  0.25050871  0.00000000   -0.00126287  0.00000000    0.00453348  0.00752062
 -0.00126287  0.00000000    0.25050871  0.00000000   -0.00453348 -0.00752062
  0.00453348 -0.00752062   -0.00453348  0.00752062    0.30474838  0.00000000

     Dynamical  Matrix in cartesian axes

     q = (   -0.750000000  -0.750000000  -0.250000000 ) 

    1    1
  0.25050871  0.00000000    0.00126287  0.00000000    0.00453348 -0.00752062
  0.00126287  0.00000000    0.25050871  0.00000000    0.00453348 -0.00752062
  0.00453348  0.00752062    0.00453348  0.00752062    0.30474838  0.00000000
    1    2
  0.08103033  0.04912360   -0.12141059  0.03855425   -0.03696906 -0.03232401
 -0.12141059  0.03855425    0.08103033  0.04912360   -0.03696906 -0.03232401
 -0.03696906 -0.03232401   -0.03696906 -0.03232401    0.10016667  0.04770274
    2    1
  0.08103033 -0.04912360   -0.12141059 -0.03855425   -0.03696906  0.03232401
 -0.12141059 -0.03855425    0.08103033 -0.04912360   -0.03696906  0.03232401
 -0.03696906  0.03232401   -0.03696906  0.03232401    0.10016667 -0.04770274
    2    2
  0.25050871  0.00000000    0.00126287  0.00000000    0.00453348  0.00752062
  0.00126287  0.00000000    0.25050871  0.00000000    0.00453348  0.00752062
  0.00453348 -0.00752062    0.00453348 -0.00752062    0.30474838  0.00000000

     Dynamical  Matrix in cartesian axes

     q = (    0.250000000  -0.750000000   0.750000000 ) 

    1    1
  0.30474838  0.00000000   -0.00453348 -0.00752062    0.00453348  0.00752062
 -0.00453348  0.00752062    0.25050871  0.00000000   -0.00126287  0.00000000
  0.00453348 -0.00752062   -0.00126287  0.00000000    0.25050871  0.00000000
    1    2
 -0.10016667 -0.04770274   -0.03696906 -0.03232401    0.03696906  0.03232401
 -0.03696906 -0.03232401   -0.08103033 -0.04912360   -0.12141059  0.03855425
  0.03696906  0.03232401   -0.12141059  0.03855425   -0.08103033 -0.04912360
    2    1
 -0.10016667  0.04770274   -0.03696906  0.03232401    0.03696906 -0.03232401
 -0.03696906  0.03232401   -0.08103033  0.04912360   -0.12141059 -0.03855425
  0.03696906 -0.03232401   -0.12141059 -0.03855425   -0.08103033  0.04912360
    2    2
  0.30474838  0.00000000   -0.00453348  0.00752062    0.00453348 -0.00752062
 -0.00453348 -0.00752062    0.25050871  0.00000000   -0.00126287  0.00000000
  0.00453348  0.00752062   -0.00126287  0.00000000    0.25050871  0.00000000

     Dynamical  Matrix in cartesian axes

     q = (   -0.750000000  -0.750000000   0.250000000 ) 

    1    1
  0.25050871  0.00000000    0.00126287  0.00000000   -0.00453348 -0.00752062
  0.00126287  0.00000000    0.25050871  0.00000000   -0.00453348 -0.00752062
 -0.00453348  0.00752062   -0.00453348  0.00752062    0.30474838  0.00000000
    1    2
 -0.04912360 -0.08103033   -0.03855425  0.12141059   -0.03232401 -0.03696906
 -0.03855425  0.12141059   -0.04912360 -0.08103033   -0.03232401 -0.03696906
 -0.03232401 -0.03696906   -0.03232401 -0.03696906   -0.04770274 -0.10016667
    2    1
 -0.04912360  0.08103033   -0.03855425 -0.12141059   -0.03232401  0.03696906
 -0.03855425 -0.12141059   -0.04912360  0.08103033   -0.03232401  0.03696906
 -0.03232401  0.03696906   -0.03232401  0.03696906   -0.04770274  0.10016667
    2    2
  0.25050871  0.00000000    0.00126287  0.00000000   -0.00453348  0.00752062
  0.00126287  0.00000000    0.25050871  0.00000000   -0.00453348  0.00752062
 -0.00453348 -0.00752062   -0.00453348 -0.00752062    0.30474838  0.00000000

     Dynamical  Matrix in cartesian axes

     q = (    0.250000000   0.750000000   0.750000000 ) 

    1    1
  0.30474838  0.00000000    0.00453348 -0.00752062    0.00453348 -0.00752062
  0.00453348  0.00752062    0.25050871  0.00000000    0.00126287  0.00000000
  0.00453348  0.00752062    0.00126287  0.00000000    0.25050871  0.00000000
    1    2
  0.10016667 -0.04770274   -0.03696906  0.03232401   -0.03696906  0.03232401
 -0.03696906  0.03232401    0.08103033 -0.04912360   -0.12141059 -0.03855425
 -0.03696906  0.03232401   -0.12141059 -0.03855425    0.08103033 -0.04912360
    2    1
  0.10016667  0.04770274   -0.03696906 -0.03232401   -0.03696906 -0.03232401
 -0.03696906 -0.03232401    0.08103033  0.04912360   -0.12141059  0.03855425
 -0.03696906 -0.03232401   -0.12141059  0.03855425    0.08103033  0.04912360
    2    2
  0.30474838  0.00000000    0.00453348  0.00752062    0.00453348  0.00752062
  0.00453348 -0.00752062    0.25050871  0.00000000    0.00126287  0.00000000
  0.00453348 -0.00752062    0.00126287  0.00000000    0.25050871  0.00000000

     Dynamical  Matrix in cartesian axes

     q = (   -0.250000000  -0.750000000   0.750000000 ) 

    1    1
  0.30474838  0.00000000    0.00453348 -0.00752062   -0.00453348  0.00752062
  0.00453348  0.00752062    0.25050871  0.00000000   -0.00126287  0.00000000
 -0.00453348 -0.00752062   -0.00126287  0.00000000    0.25050871  0.00000000
    1    2
 -0.10016667  0.04770274    0.03696906 -0.03232401   -0.03696906  0.03232401
  0.03696906 -0.03232401   -0.08103033  0.04912360   -0.12141059 -0.03855425
 -0.03696906  0.03232401   -0.12141059 -0.03855425   -0.08103033  0.04912360
    2    1
 -0.10016667 -0.04770274    0.03696906  0.03232401   -0.03696906 -0.03232401
  0.03696906  0.03232401   -0.08103033 -0.04912360   -0.12141059  0.03855425
 -0.03696906 -0.03232401   -0.12141059  0.03855425   -0.08103033 -0.04912360
    2    2
  0.30474838  0.00000000    0.00453348  0.00752062   -0.00453348 -0.00752062
  0.00453348 -0.00752062    0.25050871  0.00000000   -0.00126287  0.00000000
 -0.00453348  0.00752062   -0.00126287  0.00000000    0.25050871  0.00000000

     Dynamical  Matrix in cartesian axes

     q = (    0.750000000   0.750000000   0.250000000 ) 

    1    1
  0.25050871  0.00000000    0.00126287  0.00000000    0.00453348  0.00752062
  0.00126287  0.00000000    0.25050871  0.00000000    0.00453348  0.00752062
  0.00453348 -0.00752062    0.00453348 -0.00752062    0.30474838  0.00000000
    1    2
  0.08103033 -0.04912360   -0.12141059 -0.03855425   -0.03696906  0.03232401
 -0.12141059 -0.03855425    0.08103033 -0.04912360   -0.03696906  0.03232401
 -0.03696906  0.03232401   -0.03696906  0.03232401    0.10016667 -0.04770274
    2    1
  0.08103033  0.04912360   -0.12141059  0.03855425   -0.03696906 -0.03232401
 -0.12141059  0.03855425    0.08103033  0.04912360   -0.03696906 -0.03232401
 -0.03696906 -0.03232401   -0.03696906 -0.03232401    0.10016667  0.04770274
    2    2
  0.25050871  0.00000000    0.00126287  0.00000000    0.00453348 -0.00752062
  0.00126287  0.00000000    0.25050871  0.00000000    0.00453348 -0.00752062
  0.00453348  0.00752062    0.00453348  0.00752062    0.30474838  0.00000000

     Dynamical  Matrix in cartesian axes

     q = (    0.250000000  -0.750000000  -0.750000000 ) 

    1    1
  0.30474838  0.00000000   -0.00453348  0.00752062   -0.00453348  0.00752062
 -0.00453348 -0.00752062    0.25050871  0.00000000    0.00126287  0.00000000
 -0.00453348 -0.00752062    0.00126287  0.00000000    0.25050871  0.00000000
    1    2
 -0.04770274 -0.10016667   -0.03232401 -0.03696906   -0.03232401 -0.03696906
 -0.03232401 -0.03696906   -0.04912360 -0.08103033   -0.03855425  0.12141059
 -0.03232401 -0.03696906   -0.03855425  0.12141059   -0.04912360 -0.08103033
    2    1
 -0.04770274  0.10016667   -0.03232401  0.03696906   -0.03232401  0.03696906
 -0.03232401  0.03696906   -0.04912360  0.08103033   -0.03855425 -0.12141059
 -0.03232401  0.03696906   -0.03855425 -0.12141059   -0.04912360  0.08103033
    2    2
  0.30474838  0.00000000   -0.00453348 -0.00752062   -0.00453348 -0.00752062
 -0.00453348  0.00752062    0.25050871  0.00000000    0.00126287  0.00000000
 -0.00453348  0.00752062    0.00126287  0.00000000    0.25050871  0.00000000

     Dynamical  Matrix in cartesian axes

     q = (    0.750000000  -0.750000000  -0.250000000 ) 

    1    1
  0.25050871  0.00000000   -0.00126287  0.00000000   -0.00453348 -0.00752062
 -0.00126287  0.00000000    0.25050871  0.00000000    0.00453348  0.00752062
 -0.00453348  0.00752062    0.00453348 -0.00752062    0.30474838  0.00000000
    1    2
 -0.08103033  0.04912360   -0.12141059 -0.03855425   -0.03696906  0.03232401
 -0.12141059 -0.03855425   -0.08103033  0.04912360    0.03696906 -0.03232401
 -0.03696906  0.03232401    0.03696906 -0.03232401   -0.10016667  0.04770274
    2    1
 -0.08103033 -0.04912360   -0.12141059  0.03855425   -0.03696906 -0.03232401
 -0.12141059  0.03855425   -0.08103033 -0.04912360    0.03696906  0.03232401
 -0.03696906 -0.03232401    0.03696906  0.03232401   -0.10016667 -0.04770274
    2    2
  0.25050871  0.00000000   -0.00126287  0.00000000   -0.00453348  0.00752062
 -0.00126287  0.00000000    0.25050871  0.00000000    0.00453348 -0.00752062
 -0.00453348 -0.00752062    0.00453348  0.00752062    0.30474838  0.00000000

     Diagonalizing the dynamical matrix

     q = (    0.750000000  -0.250000000   0.750000000 ) 

 **************************************************************************
     freq (    1) =       4.435349 [THz] =     147.947317 [cm-1]
 (  0.026069 -0.499320 -0.000000 -0.000000 -0.026069  0.499320 ) 
 (  0.500000 -0.000000  0.000000 -0.000000 -0.500000  0.000000 ) 
     freq (    2) =       6.821674 [THz] =     227.546567 [cm-1]
 ( -0.392992 -0.064440 -0.367372  0.218741 -0.392992 -0.064440 ) 
 ( -0.398240  0.000000 -0.327135 -0.275304 -0.398240  0.000000 ) 
     freq (    3) =       9.633268 [THz] =     321.331246 [cm-1]
 (  0.029594  0.337203 -0.475636 -0.211206  0.029594  0.337203 ) 
 (  0.338499  0.000000 -0.251980 -0.455349  0.338499  0.000000 ) 
     freq (    4) =      11.752086 [THz] =     392.007405 [cm-1]
 ( -0.248932 -0.307057  0.384914  0.198342 -0.248932 -0.307057 ) 
 (  0.395286  0.000000 -0.396471 -0.174094  0.395286  0.000000 ) 
     freq (    5) =      13.823443 [THz] =     461.100431 [cm-1]
 ( -0.026069  0.499320  0.000000 -0.000000  0.026069 -0.499320 ) 
 (  0.500000  0.000000 -0.000000 -0.000000 -0.500000  0.000000 ) 
     freq (    6) =      13.897530 [THz] =     463.571695 [cm-1]
 ( -0.256436 -0.069376 -0.517405  0.301906 -0.256436 -0.069376 ) 
 (  0.265655  0.000000  0.420607  0.426550  0.265655  0.000000 ) 
 **************************************************************************
