Dynamical matrix file
                                                                           
  1    2  2 10.4050000  0.0000000  0.0000000  0.0000000  0.0000000  0.0000000
           1  'Si  '    25598.822984527003     
    1    1      0.0000000000      0.0000000000      0.0000000000
    2    1      0.2500000000      0.2500000000      0.2500000000

     Dynamical  Matrix in cartesian axes

     q = (   -0.250000000   0.250000000  -0.250000000 ) 

    1    1
  0.28775002  0.00000000   -0.01054899  0.00000000    0.01054899  0.00000000
 -0.01054899  0.00000000    0.28775002  0.00000000   -0.01054899  0.00000000
  0.01054899  0.00000000   -0.01054899  0.00000000    0.28775002  0.00000000
    1    2
 -0.21458185 -0.06513847   -0.03324101  0.03386314    0.03324101 -0.03386314
 -0.03324101  0.03386314   -0.21458185 -0.06513847   -0.03324101  0.03386314
  0.03324101 -0.03386314   -0.03324101  0.03386314   -0.21458185 -0.06513847
    2    1
 -0.21458185  0.06513847   -0.03324101 -0.03386314    0.03324101  0.03386314
 -0.03324101 -0.03386314   -0.21458185  0.06513847   -0.03324101 -0.03386314
  0.03324101  0.03386314   -0.03324101 -0.03386314   -0.21458185  0.06513847
    2    2
  0.28775002  0.00000000   -0.01054899  0.00000000    0.01054899  0.00000000
 -0.01054899  0.00000000    0.28775002  0.00000000   -0.01054899  0.00000000
  0.01054899  0.00000000   -0.01054899  0.00000000    0.28775002  0.00000000

     Dynamical  Matrix in cartesian axes

     q = (    0.250000000  -0.250000000  -0.250000000 ) 

    1    1
  0.28775002  0.00000000   -0.01054899  0.00000000   -0.01054899  0.00000000
 -0.01054899  0.00000000    0.28775002  0.00000000    0.01054899  0.00000000
 -0.01054899  0.00000000    0.01054899  0.00000000    0.28775002  0.00000000
    1    2
 -0.21458185 -0.06513847   -0.03324101  0.03386314   -0.03324101  0.03386314
 -0.03324101  0.03386314   -0.21458185 -0.06513847    0.03324101 -0.03386314
 -0.03324101  0.03386314    0.03324101 -0.03386314   -0.21458185 -0.06513847
    2    1
 -0.21458185  0.06513847   -0.03324101 -0.03386314   -0.03324101 -0.03386314
 -0.03324101 -0.03386314   -0.21458185  0.06513847    0.03324101  0.03386314
 -0.03324101 -0.03386314    0.03324101  0.03386314   -0.21458185  0.06513847
    2    2
  0.28775002  0.00000000   -0.01054899  0.00000000   -0.01054899  0.00000000
 -0.01054899  0.00000000    0.28775002  0.00000000    0.01054899  0.00000000
 -0.01054899  0.00000000    0.01054899  0.00000000    0.28775002  0.00000000

     Dynamical  Matrix in cartesian axes

     q = (    0.250000000  -0.250000000   0.250000000 ) 

    1    1
  0.28775002  0.00000000   -0.01054899  0.00000000    0.01054899  0.00000000
 -0.01054899  0.00000000    0.28775002  0.00000000   -0.01054899  0.00000000
  0.01054899  0.00000000   -0.01054899  0.00000000    0.28775002  0.00000000
    1    2
 -0.21458185  0.06513847   -0.03324101 -0.03386314    0.03324101  0.03386314
 -0.03324101 -0.03386314   -0.21458185  0.06513847   -0.03324101 -0.03386314
  0.03324101  0.03386314   -0.03324101 -0.03386314   -0.21458185  0.06513847
    2    1
 -0.21458185 -0.06513847   -0.03324101  0.03386314    0.03324101 -0.03386314
 -0.03324101  0.03386314   -0.21458185 -0.06513847   -0.03324101  0.03386314
  0.03324101 -0.03386314   -0.03324101  0.03386314   -0.21458185 -0.06513847
    2    2
  0.28775002  0.00000000   -0.01054899  0.00000000    0.01054899  0.00000000
 -0.01054899  0.00000000    0.28775002  0.00000000   -0.01054899  0.00000000
  0.01054899  0.00000000   -0.01054899  0.00000000    0.28775002  0.00000000

     Dynamical  Matrix in cartesian axes

     q = (    0.250000000   0.250000000   0.250000000 ) 

    1    1
  0.28775002  0.00000000    0.01054899  0.00000000    0.01054899  0.00000000
  0.01054899  0.00000000    0.28775002  0.00000000    0.01054899  0.00000000
  0.01054899  0.00000000    0.01054899  0.00000000    0.28775002  0.00000000
    1    2
 -0.06513847  0.21458185   -0.03386314 -0.03324101   -0.03386314 -0.03324101
 -0.03386314 -0.03324101   -0.06513847  0.21458185   -0.03386314 -0.03324101
 -0.03386314 -0.03324101   -0.03386314 -0.03324101   -0.06513847  0.21458185
    2    1
 -0.06513847 -0.21458185   -0.03386314  0.03324101   -0.03386314  0.03324101
 -0.03386314  0.03324101   -0.06513847 -0.21458185   -0.03386314  0.03324101
 -0.03386314  0.03324101   -0.03386314  0.03324101   -0.06513847 -0.21458185
    2    2
  0.28775002  0.00000000    0.01054899  0.00000000    0.01054899  0.00000000
  0.01054899  0.00000000    0.28775002  0.00000000    0.01054899  0.00000000
  0.01054899  0.00000000    0.01054899  0.00000000    0.28775002  0.00000000

     Dynamical  Matrix in cartesian axes

     q = (   -0.250000000  -0.250000000  -0.250000000 ) 

    1    1
  0.28775002  0.00000000    0.01054899  0.00000000    0.01054899  0.00000000
  0.01054899  0.00000000    0.28775002  0.00000000    0.01054899  0.00000000
  0.01054899  0.00000000    0.01054899  0.00000000    0.28775002  0.00000000
    1    2
 -0.06513847 -0.21458185   -0.03386314  0.03324101   -0.03386314  0.03324101
 -0.03386314  0.03324101   -0.06513847 -0.21458185   -0.03386314  0.03324101
 -0.03386314  0.03324101   -0.03386314  0.03324101   -0.06513847 -0.21458185
    2    1
 -0.06513847  0.21458185   -0.03386314 -0.03324101   -0.03386314 -0.03324101
 -0.03386314 -0.03324101   -0.06513847  0.21458185   -0.03386314 -0.03324101
 -0.03386314 -0.03324101   -0.03386314 -0.03324101   -0.06513847  0.21458185
    2    2
  0.28775002  0.00000000    0.01054899  0.00000000    0.01054899  0.00000000
  0.01054899  0.00000000    0.28775002  0.00000000    0.01054899  0.00000000
  0.01054899  0.00000000    0.01054899  0.00000000    0.28775002  0.00000000

     Dynamical  Matrix in cartesian axes

     q = (   -0.250000000  -0.250000000   0.250000000 ) 

    1    1
  0.28775002  0.00000000    0.01054899  0.00000000   -0.01054899  0.00000000
  0.01054899  0.00000000    0.28775002  0.00000000   -0.01054899  0.00000000
 -0.01054899  0.00000000   -0.01054899  0.00000000    0.28775002  0.00000000
    1    2
 -0.21458185 -0.06513847    0.03324101 -0.03386314   -0.03324101  0.03386314
  0.03324101 -0.03386314   -0.21458185 -0.06513847   -0.03324101  0.03386314
 -0.03324101  0.03386314   -0.03324101  0.03386314   -0.21458185 -0.06513847
    2    1
 -0.21458185  0.06513847    0.03324101  0.03386314   -0.03324101 -0.03386314
  0.03324101  0.03386314   -0.21458185  0.06513847   -0.03324101 -0.03386314
 -0.03324101 -0.03386314   -0.03324101 -0.03386314   -0.21458185  0.06513847
    2    2
  0.28775002  0.00000000    0.01054899  0.00000000   -0.01054899  0.00000000
  0.01054899  0.00000000    0.28775002  0.00000000   -0.01054899  0.00000000
 -0.01054899  0.00000000   -0.01054899  0.00000000    0.28775002  0.00000000

     Dynamical  Matrix in cartesian axes

     q = (   -0.250000000   0.250000000   0.250000000 ) 

    1    1
  0.28775002  0.00000000   -0.01054899  0.00000000   -0.01054899  0.00000000
 -0.01054899  0.00000000    0.28775002  0.00000000    0.01054899  0.00000000
 -0.01054899  0.00000000    0.01054899  0.00000000    0.28775002  0.00000000
    1    2
 -0.21458185  0.06513847   -0.03324101 -0.03386314   -0.03324101 -0.03386314
 -0.03324101 -0.03386314   -0.21458185  0.06513847    0.03324101  0.03386314
 -0.03324101 -0.03386314    0.03324101  0.03386314   -0.21458185  0.06513847
    2    1
 -0.21458185 -0.06513847   -0.03324101  0.03386314   -0.03324101  0.03386314
 -0.03324101  0.03386314   -0.21458185 -0.06513847    0.03324101 -0.03386314
 -0.03324101  0.03386314    0.03324101 -0.03386314   -0.21458185 -0.06513847
    2    2
  0.28775002  0.00000000   -0.01054899  0.00000000   -0.01054899  0.00000000
 -0.01054899  0.00000000    0.28775002  0.00000000    0.01054899  0.00000000
 -0.01054899  0.00000000    0.01054899  0.00000000    0.28775002  0.00000000

     Dynamical  Matrix in cartesian axes

     q = (    0.250000000   0.250000000  -0.250000000 ) 

    1    1
  0.28775002  0.00000000    0.01054899  0.00000000   -0.01054899  0.00000000
  0.01054899  0.00000000    0.28775002  0.00000000   -0.01054899  0.00000000
 -0.01054899  0.00000000   -0.01054899  0.00000000    0.28775002  0.00000000
    1    2
 -0.21458185  0.06513847    0.03324101  0.03386314   -0.03324101 -0.03386314
  0.03324101  0.03386314   -0.21458185  0.06513847   -0.03324101 -0.03386314
 -0.03324101 -0.03386314   -0.03324101 -0.03386314   -0.21458185  0.06513847
    2    1
 -0.21458185 -0.06513847    0.03324101 -0.03386314   -0.03324101  0.03386314
  0.03324101 -0.03386314   -0.21458185 -0.06513847   -0.03324101  0.03386314
 -0.03324101  0.03386314   -0.03324101  0.03386314   -0.21458185 -0.06513847
    2    2
  0.28775002  0.00000000    0.01054899  0.00000000   -0.01054899  0.00000000
  0.01054899  0.00000000    0.28775002  0.00000000   -0.01054899  0.00000000
 -0.01054899  0.00000000   -0.01054899  0.00000000    0.28775002  0.00000000

     Diagonalizing the dynamical matrix

     q = (   -0.250000000   0.250000000  -0.250000000 ) 

 **************************************************************************
     freq (    1) =       3.404389 [THz] =     113.558204 [cm-1]
 ( -0.539299 -0.093141 -0.425607 -0.078793  0.113692  0.014348 ) 
 ( -0.546717 -0.024884 -0.432123 -0.024884  0.114594  0.000000 ) 
     freq (    2) =       3.404389 [THz] =     113.558204 [cm-1]
 ( -0.183003 -0.018016  0.378407  0.052834  0.561411  0.070850 ) 
 ( -0.183819  0.005039  0.382045  0.005039  0.565864  0.000000 ) 
     freq (    3) =       6.816048 [THz] =     227.358896 [cm-1]
 ( -0.303882 -0.272621  0.303882  0.272621 -0.303882 -0.272621 ) 
 ( -0.408248 -0.000000  0.408248  0.000000 -0.408248  0.000000 ) 
     freq (    4) =      14.652659 [THz] =     488.760092 [cm-1]
 ( -0.303882 -0.272621  0.303882  0.272621 -0.303882 -0.272621 ) 
 (  0.408248  0.000000 -0.408248  0.000000  0.408248  0.000000 ) 
     freq (    5) =      14.926777 [THz] =     497.903694 [cm-1]
 (  0.286329  0.036923 -0.286477 -0.035366 -0.572806 -0.072288 ) 
 ( -0.288699 -0.000782  0.288650 -0.000782  0.577350  0.000000 ) 
     freq (    6) =      14.926777 [THz] =     497.903694 [cm-1]
 ( -0.047532  0.497721 -0.046636  0.497834  0.000896  0.000113 ) 
 ( -0.015160 -0.499756 -0.016063 -0.499756 -0.000903  0.000000 ) 
 **************************************************************************
