Dynamical matrix file
                                                                           
  1    2  2 10.3580000  0.0000000  0.0000000  0.0000000  0.0000000  0.0000000
           1  'Si  '    25598.822984527003     
    1    1      0.0000000000      0.0000000000      0.0000000000
    2    1      0.2500000000      0.2500000000      0.2500000000

     Dynamical  Matrix in cartesian axes

     q = (   -0.250000000   0.250000000  -0.250000000 ) 

    1    1
  0.26529447  0.00000000   -0.01159307  0.00000000    0.01159307  0.00000000
 -0.01159307  0.00000000    0.26529447  0.00000000   -0.01159307  0.00000000
  0.01159307  0.00000000   -0.01159307  0.00000000    0.26529447  0.00000000
    1    2
 -0.19769367 -0.05728163   -0.03672900  0.03848279    0.03672900 -0.03848279
 -0.03672900  0.03848279   -0.19769367 -0.05728163   -0.03672900  0.03848279
  0.03672900 -0.03848279   -0.03672900  0.03848279   -0.19769367 -0.05728163
    2    1
 -0.19769367  0.05728163   -0.03672900 -0.03848279    0.03672900  0.03848279
 -0.03672900 -0.03848279   -0.19769367  0.05728163   -0.03672900 -0.03848279
  0.03672900  0.03848279   -0.03672900 -0.03848279   -0.19769367  0.05728163
    2    2
  0.26529447  0.00000000   -0.01159307  0.00000000    0.01159307  0.00000000
 -0.01159307  0.00000000    0.26529447  0.00000000   -0.01159307  0.00000000
  0.01159307  0.00000000   -0.01159307  0.00000000    0.26529447  0.00000000

     Dynamical  Matrix in cartesian axes

     q = (    0.250000000  -0.250000000  -0.250000000 ) 

    1    1
  0.26529447  0.00000000   -0.01159307  0.00000000   -0.01159307  0.00000000
 -0.01159307  0.00000000    0.26529447  0.00000000    0.01159307  0.00000000
 -0.01159307  0.00000000    0.01159307  0.00000000    0.26529447  0.00000000
    1    2
 -0.19769367 -0.05728163   -0.03672900  0.03848279   -0.03672900  0.03848279
 -0.03672900  0.03848279   -0.19769367 -0.05728163    0.03672900 -0.03848279
 -0.03672900  0.03848279    0.03672900 -0.03848279   -0.19769367 -0.05728163
    2    1
 -0.19769367  0.05728163   -0.03672900 -0.03848279   -0.03672900 -0.03848279
 -0.03672900 -0.03848279   -0.19769367  0.05728163    0.03672900  0.03848279
 -0.03672900 -0.03848279    0.03672900  0.03848279   -0.19769367  0.05728163
    2    2
  0.26529447  0.00000000   -0.01159307  0.00000000   -0.01159307  0.00000000
 -0.01159307  0.00000000    0.26529447  0.00000000    0.01159307  0.00000000
 -0.01159307  0.00000000    0.01159307  0.00000000    0.26529447  0.00000000

     Dynamical  Matrix in cartesian axes

     q = (    0.250000000  -0.250000000   0.250000000 ) 

    1    1
  0.26529447  0.00000000   -0.01159307  0.00000000    0.01159307  0.00000000
 -0.01159307  0.00000000    0.26529447  0.00000000   -0.01159307  0.00000000
  0.01159307  0.00000000   -0.01159307  0.00000000    0.26529447  0.00000000
    1    2
 -0.19769367  0.05728163   -0.03672900 -0.03848279    0.03672900  0.03848279
 -0.03672900 -0.03848279   -0.19769367  0.05728163   -0.03672900 -0.03848279
  0.03672900  0.03848279   -0.03672900 -0.03848279   -0.19769367  0.05728163
    2    1
 -0.19769367 -0.05728163   -0.03672900  0.03848279    0.03672900 -0.03848279
 -0.03672900  0.03848279   -0.19769367 -0.05728163   -0.03672900  0.03848279
  0.03672900 -0.03848279   -0.03672900  0.03848279   -0.19769367 -0.05728163
    2    2
  0.26529447  0.00000000   -0.01159307  0.00000000    0.01159307  0.00000000
 -0.01159307  0.00000000    0.26529447  0.00000000   -0.01159307  0.00000000
  0.01159307  0.00000000   -0.01159307  0.00000000    0.26529447  0.00000000

     Dynamical  Matrix in cartesian axes

     q = (    0.250000000   0.250000000   0.250000000 ) 

    1    1
  0.26529447  0.00000000    0.01159307  0.00000000    0.01159307  0.00000000
  0.01159307  0.00000000    0.26529447  0.00000000    0.01159307  0.00000000
  0.01159307  0.00000000    0.01159307  0.00000000    0.26529447  0.00000000
    1    2
 -0.05728163  0.19769367   -0.03848279 -0.03672900   -0.03848279 -0.03672900
 -0.03848279 -0.03672900   -0.05728163  0.19769367   -0.03848279 -0.03672900
 -0.03848279 -0.03672900   -0.03848279 -0.03672900   -0.05728163  0.19769367
    2    1
 -0.05728163 -0.19769367   -0.03848279  0.03672900   -0.03848279  0.03672900
 -0.03848279  0.03672900   -0.05728163 -0.19769367   -0.03848279  0.03672900
 -0.03848279  0.03672900   -0.03848279  0.03672900   -0.05728163 -0.19769367
    2    2
  0.26529447  0.00000000    0.01159307  0.00000000    0.01159307  0.00000000
  0.01159307  0.00000000    0.26529447  0.00000000    0.01159307  0.00000000
  0.01159307  0.00000000    0.01159307  0.00000000    0.26529447  0.00000000

     Dynamical  Matrix in cartesian axes

     q = (   -0.250000000  -0.250000000  -0.250000000 ) 

    1    1
  0.26529447  0.00000000    0.01159307  0.00000000    0.01159307  0.00000000
  0.01159307  0.00000000    0.26529447  0.00000000    0.01159307  0.00000000
  0.01159307  0.00000000    0.01159307  0.00000000    0.26529447  0.00000000
    1    2
 -0.05728163 -0.19769367   -0.03848279  0.03672900   -0.03848279  0.03672900
 -0.03848279  0.03672900   -0.05728163 -0.19769367   -0.03848279  0.03672900
 -0.03848279  0.03672900   -0.03848279  0.03672900   -0.05728163 -0.19769367
    2    1
 -0.05728163  0.19769367   -0.03848279 -0.03672900   -0.03848279 -0.03672900
 -0.03848279 -0.03672900   -0.05728163  0.19769367   -0.03848279 -0.03672900
 -0.03848279 -0.03672900   -0.03848279 -0.03672900   -0.05728163  0.19769367
    2    2
  0.26529447  0.00000000    0.01159307  0.00000000    0.01159307  0.00000000
  0.01159307  0.00000000    0.26529447  0.00000000    0.01159307  0.00000000
  0.01159307  0.00000000    0.01159307  0.00000000    0.26529447  0.00000000

     Dynamical  Matrix in cartesian axes

     q = (   -0.250000000  -0.250000000   0.250000000 ) 

    1    1
  0.26529447  0.00000000    0.01159307  0.00000000   -0.01159307  0.00000000
  0.01159307  0.00000000    0.26529447  0.00000000   -0.01159307  0.00000000
 -0.01159307  0.00000000   -0.01159307  0.00000000    0.26529447  0.00000000
    1    2
 -0.19769367 -0.05728163    0.03672900 -0.03848279   -0.03672900  0.03848279
  0.03672900 -0.03848279   -0.19769367 -0.05728163   -0.03672900  0.03848279
 -0.03672900  0.03848279   -0.03672900  0.03848279   -0.19769367 -0.05728163
    2    1
 -0.19769367  0.05728163    0.03672900  0.03848279   -0.03672900 -0.03848279
  0.03672900  0.03848279   -0.19769367  0.05728163   -0.03672900 -0.03848279
 -0.03672900 -0.03848279   -0.03672900 -0.03848279   -0.19769367  0.05728163
    2    2
  0.26529447  0.00000000    0.01159307  0.00000000   -0.01159307  0.00000000
  0.01159307  0.00000000    0.26529447  0.00000000   -0.01159307  0.00000000
 -0.01159307  0.00000000   -0.01159307  0.00000000    0.26529447  0.00000000

     Dynamical  Matrix in cartesian axes

     q = (   -0.250000000   0.250000000   0.250000000 ) 

    1    1
  0.26529447  0.00000000   -0.01159307  0.00000000   -0.01159307  0.00000000
 -0.01159307  0.00000000    0.26529447  0.00000000    0.01159307  0.00000000
 -0.01159307  0.00000000    0.01159307  0.00000000    0.26529447  0.00000000
    1    2
 -0.19769367  0.05728163   -0.03672900 -0.03848279   -0.03672900 -0.03848279
 -0.03672900 -0.03848279   -0.19769367  0.05728163    0.03672900  0.03848279
 -0.03672900 -0.03848279    0.03672900  0.03848279   -0.19769367  0.05728163
    2    1
 -0.19769367 -0.05728163   -0.03672900  0.03848279   -0.03672900  0.03848279
 -0.03672900  0.03848279   -0.19769367 -0.05728163    0.03672900 -0.03848279
 -0.03672900  0.03848279    0.03672900 -0.03848279   -0.19769367 -0.05728163
    2    2
  0.26529447  0.00000000   -0.01159307  0.00000000   -0.01159307  0.00000000
 -0.01159307  0.00000000    0.26529447  0.00000000    0.01159307  0.00000000
 -0.01159307  0.00000000    0.01159307  0.00000000    0.26529447  0.00000000

     Dynamical  Matrix in cartesian axes

     q = (    0.250000000   0.250000000  -0.250000000 ) 

    1    1
  0.26529447  0.00000000    0.01159307  0.00000000   -0.01159307  0.00000000
  0.01159307  0.00000000    0.26529447  0.00000000   -0.01159307  0.00000000
 -0.01159307  0.00000000   -0.01159307  0.00000000    0.26529447  0.00000000
    1    2
 -0.19769367  0.05728163    0.03672900  0.03848279   -0.03672900 -0.03848279
  0.03672900  0.03848279   -0.19769367  0.05728163   -0.03672900 -0.03848279
 -0.03672900 -0.03848279   -0.03672900 -0.03848279   -0.19769367  0.05728163
    2    1
 -0.19769367 -0.05728163    0.03672900 -0.03848279   -0.03672900  0.03848279
  0.03672900 -0.03848279   -0.19769367 -0.05728163   -0.03672900  0.03848279
 -0.03672900  0.03848279   -0.03672900  0.03848279   -0.19769367 -0.05728163
    2    2
  0.26529447  0.00000000    0.01159307  0.00000000   -0.01159307  0.00000000
  0.01159307  0.00000000    0.26529447  0.00000000   -0.01159307  0.00000000
 -0.01159307  0.00000000   -0.01159307  0.00000000    0.26529447  0.00000000

     Diagonalizing the dynamical matrix

     q = (   -0.250000000   0.250000000  -0.250000000 ) 

 **************************************************************************
     freq (    1) =       2.798711 [THz] =      93.354938 [cm-1]
 (  0.396747  0.022221 -0.162782 -0.022649 -0.559530 -0.044870 ) 
 (  0.397254 -0.009565 -0.164072 -0.009565 -0.561326  0.000000 ) 
     freq (    2) =       2.798711 [THz] =      93.354938 [cm-1]
 ( -0.418798  0.006290 -0.553446 -0.004508 -0.134648 -0.010798 ) 
 ( -0.416955  0.039746 -0.552035  0.039746 -0.135080  0.000000 ) 
     freq (    3) =       6.680860 [THz] =     222.849501 [cm-1]
 ( -0.277286 -0.299631  0.277286  0.299631 -0.277286 -0.299631 ) 
 ( -0.408248 -0.000000  0.408248  0.000000 -0.408248  0.000000 ) 
     freq (    4) =      14.117456 [THz] =     470.907637 [cm-1]
 ( -0.277286 -0.299631  0.277286  0.299631 -0.277286 -0.299631 ) 
 (  0.408248  0.000000 -0.408248  0.000000  0.408248  0.000000 ) 
     freq (    5) =      14.376881 [THz] =     479.561124 [cm-1]
 (  0.028791  0.240509 -0.431757  0.203576 -0.460549 -0.036932 ) 
 ( -0.047924 -0.237437  0.414103 -0.237437  0.462027  0.000000 ) 
     freq (    6) =      14.376881 [THz] =     479.561124 [cm-1]
 ( -0.441435  0.282481 -0.096328  0.310156  0.345106  0.027675 ) 
 (  0.417442 -0.316863  0.071228 -0.316863 -0.346214  0.000000 ) 
 **************************************************************************
