Dynamical matrix file
                                                                           
  1    2  2 10.3300000  0.0000000  0.0000000  0.0000000  0.0000000  0.0000000
           1  'Si  '    25598.822984527003     
    1    1      0.0000000000      0.0000000000      0.0000000000
    2    1      0.2500000000      0.2500000000      0.2500000000

     Dynamical  Matrix in cartesian axes

     q = (   -0.250000000   0.250000000  -0.250000000 ) 

    1    1
  0.26983705  0.00000000   -0.01172724  0.00000000    0.01172724  0.00000000
 -0.01172724  0.00000000    0.26983705  0.00000000   -0.01172724  0.00000000
  0.01172724  0.00000000   -0.01172724  0.00000000    0.26983705  0.00000000
    1    2
 -0.20090564 -0.05829847   -0.03816618  0.03986595    0.03816618 -0.03986595
 -0.03816618  0.03986595   -0.20090564 -0.05829847   -0.03816618  0.03986595
  0.03816618 -0.03986595   -0.03816618  0.03986595   -0.20090564 -0.05829847
    2    1
 -0.20090564  0.05829847   -0.03816618 -0.03986595    0.03816618  0.03986595
 -0.03816618 -0.03986595   -0.20090564  0.05829847   -0.03816618 -0.03986595
  0.03816618  0.03986595   -0.03816618 -0.03986595   -0.20090564  0.05829847
    2    2
  0.26983705  0.00000000   -0.01172724  0.00000000    0.01172724  0.00000000
 -0.01172724  0.00000000    0.26983705  0.00000000   -0.01172724  0.00000000
  0.01172724  0.00000000   -0.01172724  0.00000000    0.26983705  0.00000000

     Dynamical  Matrix in cartesian axes

     q = (    0.250000000  -0.250000000  -0.250000000 ) 

    1    1
  0.26983705  0.00000000   -0.01172724  0.00000000   -0.01172724  0.00000000
 -0.01172724  0.00000000    0.26983705  0.00000000    0.01172724  0.00000000
 -0.01172724  0.00000000    0.01172724  0.00000000    0.26983705  0.00000000
    1    2
 -0.20090564 -0.05829847   -0.03816618  0.03986595   -0.03816618  0.03986595
 -0.03816618  0.03986595   -0.20090564 -0.05829847    0.03816618 -0.03986595
 -0.03816618  0.03986595    0.03816618 -0.03986595   -0.20090564 -0.05829847
    2    1
 -0.20090564  0.05829847   -0.03816618 -0.03986595   -0.03816618 -0.03986595
 -0.03816618 -0.03986595   -0.20090564  0.05829847    0.03816618  0.03986595
 -0.03816618 -0.03986595    0.03816618  0.03986595   -0.20090564  0.05829847
    2    2
  0.26983705  0.00000000   -0.01172724  0.00000000   -0.01172724  0.00000000
 -0.01172724  0.00000000    0.26983705  0.00000000    0.01172724  0.00000000
 -0.01172724  0.00000000    0.01172724  0.00000000    0.26983705  0.00000000

     Dynamical  Matrix in cartesian axes

     q = (    0.250000000  -0.250000000   0.250000000 ) 

    1    1
  0.26983705  0.00000000   -0.01172724  0.00000000    0.01172724  0.00000000
 -0.01172724  0.00000000    0.26983705  0.00000000   -0.01172724  0.00000000
  0.01172724  0.00000000   -0.01172724  0.00000000    0.26983705  0.00000000
    1    2
 -0.20090564  0.05829847   -0.03816618 -0.03986595    0.03816618  0.03986595
 -0.03816618 -0.03986595   -0.20090564  0.05829847   -0.03816618 -0.03986595
  0.03816618  0.03986595   -0.03816618 -0.03986595   -0.20090564  0.05829847
    2    1
 -0.20090564 -0.05829847   -0.03816618  0.03986595    0.03816618 -0.03986595
 -0.03816618  0.03986595   -0.20090564 -0.05829847   -0.03816618  0.03986595
  0.03816618 -0.03986595   -0.03816618  0.03986595   -0.20090564 -0.05829847
    2    2
  0.26983705  0.00000000   -0.01172724  0.00000000    0.01172724  0.00000000
 -0.01172724  0.00000000    0.26983705  0.00000000   -0.01172724  0.00000000
  0.01172724  0.00000000   -0.01172724  0.00000000    0.26983705  0.00000000

     Dynamical  Matrix in cartesian axes

     q = (    0.250000000   0.250000000   0.250000000 ) 

    1    1
  0.26983705  0.00000000    0.01172724  0.00000000    0.01172724  0.00000000
  0.01172724  0.00000000    0.26983705  0.00000000    0.01172724  0.00000000
  0.01172724  0.00000000    0.01172724  0.00000000    0.26983705  0.00000000
    1    2
 -0.05829847  0.20090564   -0.03986595 -0.03816618   -0.03986595 -0.03816618
 -0.03986595 -0.03816618   -0.05829847  0.20090564   -0.03986595 -0.03816618
 -0.03986595 -0.03816618   -0.03986595 -0.03816618   -0.05829847  0.20090564
    2    1
 -0.05829847 -0.20090564   -0.03986595  0.03816618   -0.03986595  0.03816618
 -0.03986595  0.03816618   -0.05829847 -0.20090564   -0.03986595  0.03816618
 -0.03986595  0.03816618   -0.03986595  0.03816618   -0.05829847 -0.20090564
    2    2
  0.26983705  0.00000000    0.01172724  0.00000000    0.01172724  0.00000000
  0.01172724  0.00000000    0.26983705  0.00000000    0.01172724  0.00000000
  0.01172724  0.00000000    0.01172724  0.00000000    0.26983705  0.00000000

     Dynamical  Matrix in cartesian axes

     q = (   -0.250000000  -0.250000000  -0.250000000 ) 

    1    1
  0.26983705  0.00000000    0.01172724  0.00000000    0.01172724  0.00000000
  0.01172724  0.00000000    0.26983705  0.00000000    0.01172724  0.00000000
  0.01172724  0.00000000    0.01172724  0.00000000    0.26983705  0.00000000
    1    2
 -0.05829847 -0.20090564   -0.03986595  0.03816618   -0.03986595  0.03816618
 -0.03986595  0.03816618   -0.05829847 -0.20090564   -0.03986595  0.03816618
 -0.03986595  0.03816618   -0.03986595  0.03816618   -0.05829847 -0.20090564
    2    1
 -0.05829847  0.20090564   -0.03986595 -0.03816618   -0.03986595 -0.03816618
 -0.03986595 -0.03816618   -0.05829847  0.20090564   -0.03986595 -0.03816618
 -0.03986595 -0.03816618   -0.03986595 -0.03816618   -0.05829847  0.20090564
    2    2
  0.26983705  0.00000000    0.01172724  0.00000000    0.01172724  0.00000000
  0.01172724  0.00000000    0.26983705  0.00000000    0.01172724  0.00000000
  0.01172724  0.00000000    0.01172724  0.00000000    0.26983705  0.00000000

     Dynamical  Matrix in cartesian axes

     q = (   -0.250000000  -0.250000000   0.250000000 ) 

    1    1
  0.26983705  0.00000000    0.01172724  0.00000000   -0.01172724  0.00000000
  0.01172724  0.00000000    0.26983705  0.00000000   -0.01172724  0.00000000
 -0.01172724  0.00000000   -0.01172724  0.00000000    0.26983705  0.00000000
    1    2
 -0.20090564 -0.05829847    0.03816618 -0.03986595   -0.03816618  0.03986595
  0.03816618 -0.03986595   -0.20090564 -0.05829847   -0.03816618  0.03986595
 -0.03816618  0.03986595   -0.03816618  0.03986595   -0.20090564 -0.05829847
    2    1
 -0.20090564  0.05829847    0.03816618  0.03986595   -0.03816618 -0.03986595
  0.03816618  0.03986595   -0.20090564  0.05829847   -0.03816618 -0.03986595
 -0.03816618 -0.03986595   -0.03816618 -0.03986595   -0.20090564  0.05829847
    2    2
  0.26983705  0.00000000    0.01172724  0.00000000   -0.01172724  0.00000000
  0.01172724  0.00000000    0.26983705  0.00000000   -0.01172724  0.00000000
 -0.01172724  0.00000000   -0.01172724  0.00000000    0.26983705  0.00000000

     Dynamical  Matrix in cartesian axes

     q = (   -0.250000000   0.250000000   0.250000000 ) 

    1    1
  0.26983705  0.00000000   -0.01172724  0.00000000   -0.01172724  0.00000000
 -0.01172724  0.00000000    0.26983705  0.00000000    0.01172724  0.00000000
 -0.01172724  0.00000000    0.01172724  0.00000000    0.26983705  0.00000000
    1    2
 -0.20090564  0.05829847   -0.03816618 -0.03986595   -0.03816618 -0.03986595
 -0.03816618 -0.03986595   -0.20090564  0.05829847    0.03816618  0.03986595
 -0.03816618 -0.03986595    0.03816618  0.03986595   -0.20090564  0.05829847
    2    1
 -0.20090564 -0.05829847   -0.03816618  0.03986595   -0.03816618  0.03986595
 -0.03816618  0.03986595   -0.20090564 -0.05829847    0.03816618 -0.03986595
 -0.03816618  0.03986595    0.03816618 -0.03986595   -0.20090564 -0.05829847
    2    2
  0.26983705  0.00000000   -0.01172724  0.00000000   -0.01172724  0.00000000
 -0.01172724  0.00000000    0.26983705  0.00000000    0.01172724  0.00000000
 -0.01172724  0.00000000    0.01172724  0.00000000    0.26983705  0.00000000

     Dynamical  Matrix in cartesian axes

     q = (    0.250000000   0.250000000  -0.250000000 ) 

    1    1
  0.26983705  0.00000000    0.01172724  0.00000000   -0.01172724  0.00000000
  0.01172724  0.00000000    0.26983705  0.00000000   -0.01172724  0.00000000
 -0.01172724  0.00000000   -0.01172724  0.00000000    0.26983705  0.00000000
    1    2
 -0.20090564  0.05829847    0.03816618  0.03986595   -0.03816618 -0.03986595
  0.03816618  0.03986595   -0.20090564  0.05829847   -0.03816618 -0.03986595
 -0.03816618 -0.03986595   -0.03816618 -0.03986595   -0.20090564  0.05829847
    2    1
 -0.20090564 -0.05829847    0.03816618 -0.03986595   -0.03816618  0.03986595
  0.03816618 -0.03986595   -0.20090564 -0.05829847   -0.03816618  0.03986595
 -0.03816618  0.03986595   -0.03816618  0.03986595   -0.20090564 -0.05829847
    2    2
  0.26983705  0.00000000    0.01172724  0.00000000   -0.01172724  0.00000000
  0.01172724  0.00000000    0.26983705  0.00000000   -0.01172724  0.00000000
 -0.01172724  0.00000000   -0.01172724  0.00000000    0.26983705  0.00000000

     Diagonalizing the dynamical matrix

     q = (   -0.250000000   0.250000000  -0.250000000 ) 

 **************************************************************************
     freq (    1) =       2.783737 [THz] =      92.855458 [cm-1]
 (  0.359947  0.089448  0.558424  0.104751  0.198476  0.015303 ) 
 (  0.365758  0.061514  0.564824  0.061514  0.199065  0.000000 ) 
     freq (    2) =       2.783737 [THz] =      92.855458 [cm-1]
 ( -0.438838 -0.056496  0.101506 -0.014836  0.540343  0.041661 ) 
 ( -0.441882 -0.022595  0.100065 -0.022595  0.541947  0.000000 ) 
     freq (    3) =       6.737276 [THz] =     224.731351 [cm-1]
 ( -0.273523 -0.303071  0.273523  0.303071 -0.273523 -0.303071 ) 
 ( -0.408248  0.000000  0.408248 -0.000000 -0.408248  0.000000 ) 
     freq (    4) =      14.234241 [THz] =     474.803176 [cm-1]
 ( -0.273523 -0.303071  0.273523  0.303071 -0.273523 -0.303071 ) 
 (  0.408248 -0.000000 -0.408248 -0.000000  0.408248  0.000000 ) 
     freq (    5) =      14.508825 [THz] =     483.962311 [cm-1]
 ( -0.415537 -0.133421 -0.526332 -0.141963 -0.110795 -0.008542 ) 
 (  0.424564  0.101083  0.535688  0.101083  0.111123  0.000000 ) 
     freq (    6) =      14.508825 [THz] =     483.962311 [cm-1]
 ( -0.374808 -0.048783  0.190071 -0.005231  0.564879  0.043552 ) 
 (  0.377449  0.019826 -0.189106  0.019826 -0.566555  0.000000 ) 
 **************************************************************************
