Dynamical matrix file
                                                                           
  1    2  2 10.3900000  0.0000000  0.0000000  0.0000000  0.0000000  0.0000000
           1  'Si  '    25598.822984527003     
    1    1      0.0000000000      0.0000000000      0.0000000000
    2    1      0.2500000000      0.2500000000      0.2500000000

     Dynamical  Matrix in cartesian axes

     q = (   -0.250000000   0.250000000  -0.250000000 ) 

    1    1
  0.28981774  0.00000000   -0.01050448  0.00000000    0.01050448  0.00000000
 -0.01050448  0.00000000    0.28981774  0.00000000   -0.01050448  0.00000000
  0.01050448  0.00000000   -0.01050448  0.00000000    0.28981774  0.00000000
    1    2
 -0.21603296 -0.06553482   -0.03389274  0.03459709    0.03389274 -0.03459709
 -0.03389274  0.03459709   -0.21603296 -0.06553482   -0.03389274  0.03459709
  0.03389274 -0.03459709   -0.03389274  0.03459709   -0.21603296 -0.06553482
    2    1
 -0.21603296  0.06553482   -0.03389274 -0.03459709    0.03389274  0.03459709
 -0.03389274 -0.03459709   -0.21603296  0.06553482   -0.03389274 -0.03459709
  0.03389274  0.03459709   -0.03389274 -0.03459709   -0.21603296  0.06553482
    2    2
  0.28981774  0.00000000   -0.01050448  0.00000000    0.01050448  0.00000000
 -0.01050448  0.00000000    0.28981774  0.00000000   -0.01050448  0.00000000
  0.01050448  0.00000000   -0.01050448  0.00000000    0.28981774  0.00000000

     Dynamical  Matrix in cartesian axes

     q = (    0.250000000  -0.250000000  -0.250000000 ) 

    1    1
  0.28981774  0.00000000   -0.01050448  0.00000000   -0.01050448  0.00000000
 -0.01050448  0.00000000    0.28981774  0.00000000    0.01050448  0.00000000
 -0.01050448  0.00000000    0.01050448  0.00000000    0.28981774  0.00000000
    1    2
 -0.21603296 -0.06553482   -0.03389274  0.03459709   -0.03389274  0.03459709
 -0.03389274  0.03459709   -0.21603296 -0.06553482    0.03389274 -0.03459709
 -0.03389274  0.03459709    0.03389274 -0.03459709   -0.21603296 -0.06553482
    2    1
 -0.21603296  0.06553482   -0.03389274 -0.03459709   -0.03389274 -0.03459709
 -0.03389274 -0.03459709   -0.21603296  0.06553482    0.03389274  0.03459709
 -0.03389274 -0.03459709    0.03389274  0.03459709   -0.21603296  0.06553482
    2    2
  0.28981774  0.00000000   -0.01050448  0.00000000   -0.01050448  0.00000000
 -0.01050448  0.00000000    0.28981774  0.00000000    0.01050448  0.00000000
 -0.01050448  0.00000000    0.01050448  0.00000000    0.28981774  0.00000000

     Dynamical  Matrix in cartesian axes

     q = (    0.250000000  -0.250000000   0.250000000 ) 

    1    1
  0.28981774  0.00000000   -0.01050448  0.00000000    0.01050448  0.00000000
 -0.01050448  0.00000000    0.28981774  0.00000000   -0.01050448  0.00000000
  0.01050448  0.00000000   -0.01050448  0.00000000    0.28981774  0.00000000
    1    2
 -0.21603296  0.06553482   -0.03389274 -0.03459709    0.03389274  0.03459709
 -0.03389274 -0.03459709   -0.21603296  0.06553482   -0.03389274 -0.03459709
  0.03389274  0.03459709   -0.03389274 -0.03459709   -0.21603296  0.06553482
    2    1
 -0.21603296 -0.06553482   -0.03389274  0.03459709    0.03389274 -0.03459709
 -0.03389274  0.03459709   -0.21603296 -0.06553482   -0.03389274  0.03459709
  0.03389274 -0.03459709   -0.03389274  0.03459709   -0.21603296 -0.06553482
    2    2
  0.28981774  0.00000000   -0.01050448  0.00000000    0.01050448  0.00000000
 -0.01050448  0.00000000    0.28981774  0.00000000   -0.01050448  0.00000000
  0.01050448  0.00000000   -0.01050448  0.00000000    0.28981774  0.00000000

     Dynamical  Matrix in cartesian axes

     q = (    0.250000000   0.250000000   0.250000000 ) 

    1    1
  0.28981774  0.00000000    0.01050448  0.00000000    0.01050448  0.00000000
  0.01050448  0.00000000    0.28981774  0.00000000    0.01050448  0.00000000
  0.01050448  0.00000000    0.01050448  0.00000000    0.28981774  0.00000000
    1    2
 -0.06553482  0.21603296   -0.03459709 -0.03389274   -0.03459709 -0.03389274
 -0.03459709 -0.03389274   -0.06553482  0.21603296   -0.03459709 -0.03389274
 -0.03459709 -0.03389274   -0.03459709 -0.03389274   -0.06553482  0.21603296
    2    1
 -0.06553482 -0.21603296   -0.03459709  0.03389274   -0.03459709  0.03389274
 -0.03459709  0.03389274   -0.06553482 -0.21603296   -0.03459709  0.03389274
 -0.03459709  0.03389274   -0.03459709  0.03389274   -0.06553482 -0.21603296
    2    2
  0.28981774  0.00000000    0.01050448  0.00000000    0.01050448  0.00000000
  0.01050448  0.00000000    0.28981774  0.00000000    0.01050448  0.00000000
  0.01050448  0.00000000    0.01050448  0.00000000    0.28981774  0.00000000

     Dynamical  Matrix in cartesian axes

     q = (   -0.250000000  -0.250000000  -0.250000000 ) 

    1    1
  0.28981774  0.00000000    0.01050448  0.00000000    0.01050448  0.00000000
  0.01050448  0.00000000    0.28981774  0.00000000    0.01050448  0.00000000
  0.01050448  0.00000000    0.01050448  0.00000000    0.28981774  0.00000000
    1    2
 -0.06553482 -0.21603296   -0.03459709  0.03389274   -0.03459709  0.03389274
 -0.03459709  0.03389274   -0.06553482 -0.21603296   -0.03459709  0.03389274
 -0.03459709  0.03389274   -0.03459709  0.03389274   -0.06553482 -0.21603296
    2    1
 -0.06553482  0.21603296   -0.03459709 -0.03389274   -0.03459709 -0.03389274
 -0.03459709 -0.03389274   -0.06553482  0.21603296   -0.03459709 -0.03389274
 -0.03459709 -0.03389274   -0.03459709 -0.03389274   -0.06553482  0.21603296
    2    2
  0.28981774  0.00000000    0.01050448  0.00000000    0.01050448  0.00000000
  0.01050448  0.00000000    0.28981774  0.00000000    0.01050448  0.00000000
  0.01050448  0.00000000    0.01050448  0.00000000    0.28981774  0.00000000

     Dynamical  Matrix in cartesian axes

     q = (   -0.250000000  -0.250000000   0.250000000 ) 

    1    1
  0.28981774  0.00000000    0.01050448  0.00000000   -0.01050448  0.00000000
  0.01050448  0.00000000    0.28981774  0.00000000   -0.01050448  0.00000000
 -0.01050448  0.00000000   -0.01050448  0.00000000    0.28981774  0.00000000
    1    2
 -0.21603296 -0.06553482    0.03389274 -0.03459709   -0.03389274  0.03459709
  0.03389274 -0.03459709   -0.21603296 -0.06553482   -0.03389274  0.03459709
 -0.03389274  0.03459709   -0.03389274  0.03459709   -0.21603296 -0.06553482
    2    1
 -0.21603296  0.06553482    0.03389274  0.03459709   -0.03389274 -0.03459709
  0.03389274  0.03459709   -0.21603296  0.06553482   -0.03389274 -0.03459709
 -0.03389274 -0.03459709   -0.03389274 -0.03459709   -0.21603296  0.06553482
    2    2
  0.28981774  0.00000000    0.01050448  0.00000000   -0.01050448  0.00000000
  0.01050448  0.00000000    0.28981774  0.00000000   -0.01050448  0.00000000
 -0.01050448  0.00000000   -0.01050448  0.00000000    0.28981774  0.00000000

     Dynamical  Matrix in cartesian axes

     q = (   -0.250000000   0.250000000   0.250000000 ) 

    1    1
  0.28981774  0.00000000   -0.01050448  0.00000000   -0.01050448  0.00000000
 -0.01050448  0.00000000    0.28981774  0.00000000    0.01050448  0.00000000
 -0.01050448  0.00000000    0.01050448  0.00000000    0.28981774  0.00000000
    1    2
 -0.21603296  0.06553482   -0.03389274 -0.03459709   -0.03389274 -0.03459709
 -0.03389274 -0.03459709   -0.21603296  0.06553482    0.03389274  0.03459709
 -0.03389274 -0.03459709    0.03389274  0.03459709   -0.21603296  0.06553482
    2    1
 -0.21603296 -0.06553482   -0.03389274  0.03459709   -0.03389274  0.03459709
 -0.03389274  0.03459709   -0.21603296 -0.06553482    0.03389274 -0.03459709
 -0.03389274  0.03459709    0.03389274 -0.03459709   -0.21603296 -0.06553482
    2    2
  0.28981774  0.00000000   -0.01050448  0.00000000   -0.01050448  0.00000000
 -0.01050448  0.00000000    0.28981774  0.00000000    0.01050448  0.00000000
 -0.01050448  0.00000000    0.01050448  0.00000000    0.28981774  0.00000000

     Dynamical  Matrix in cartesian axes

     q = (    0.250000000   0.250000000  -0.250000000 ) 

    1    1
  0.28981774  0.00000000    0.01050448  0.00000000   -0.01050448  0.00000000
  0.01050448  0.00000000    0.28981774  0.00000000   -0.01050448  0.00000000
 -0.01050448  0.00000000   -0.01050448  0.00000000    0.28981774  0.00000000
    1    2
 -0.21603296  0.06553482    0.03389274  0.03459709   -0.03389274 -0.03459709
  0.03389274  0.03459709   -0.21603296  0.06553482   -0.03389274 -0.03459709
 -0.03389274 -0.03459709   -0.03389274 -0.03459709   -0.21603296  0.06553482
    2    1
 -0.21603296 -0.06553482    0.03389274 -0.03459709   -0.03389274  0.03459709
  0.03389274 -0.03459709   -0.21603296 -0.06553482   -0.03389274  0.03459709
 -0.03389274  0.03459709   -0.03389274  0.03459709   -0.21603296 -0.06553482
    2    2
  0.28981774  0.00000000    0.01050448  0.00000000   -0.01050448  0.00000000
  0.01050448  0.00000000    0.28981774  0.00000000   -0.01050448  0.00000000
 -0.01050448  0.00000000   -0.01050448  0.00000000    0.28981774  0.00000000

     Diagonalizing the dynamical matrix

     q = (   -0.250000000   0.250000000  -0.250000000 ) 

 **************************************************************************
     freq (    1) =       3.408578 [THz] =     113.697932 [cm-1]
 (  0.273438  0.447208  0.154266  0.432456 -0.119172 -0.014752 ) 
 (  0.326307  0.410229  0.206225  0.410229 -0.120082  0.000000 ) 
     freq (    2) =       3.408578 [THz] =     113.697932 [cm-1]
 ( -0.234750  0.058837  0.325696  0.128213  0.560447  0.069376 ) 
 ( -0.225744  0.087230  0.338980  0.087230  0.564724  0.000000 ) 
     freq (    3) =       6.835241 [THz] =     227.999114 [cm-1]
 ( -0.302121 -0.274571  0.302121  0.274571 -0.302121 -0.274571 ) 
 ( -0.408248 -0.000000  0.408248  0.000000 -0.408248  0.000000 ) 
     freq (    4) =      14.700733 [THz] =     490.363683 [cm-1]
 (  0.302121  0.274571 -0.302121 -0.274571  0.302121  0.274571 ) 
 ( -0.408248 -0.000000  0.408248  0.000000 -0.408248  0.000000 ) 
     freq (    5) =      14.985534 [THz] =     499.863593 [cm-1]
 ( -0.510673 -0.098834 -0.467793 -0.093526  0.042880  0.005308 ) 
 (  0.518947  0.035349  0.475740  0.035349 -0.043207  0.000000 ) 
     freq (    6) =      14.985534 [THz] =     499.863593 [cm-1]
 (  0.248970  0.028146 -0.322401 -0.042582 -0.571370 -0.070729 ) 
 ( -0.250541  0.002653  0.325190  0.002653  0.575731  0.000000 ) 
 **************************************************************************
