Dynamical matrix file
                                                                           
  1    2  2 10.3400000  0.0000000  0.0000000  0.0000000  0.0000000  0.0000000
           1  'Si  '    25598.822984527003     
    1    1      0.0000000000      0.0000000000      0.0000000000
    2    1      0.2500000000      0.2500000000      0.2500000000

     Dynamical  Matrix in cartesian axes

     q = (    0.750000000  -0.250000000   0.750000000 ) 

    1    1
  0.23208691  0.00000000   -0.00486529  0.00742018    0.00212922  0.00000000
 -0.00486529 -0.00742018    0.28755034  0.00000000   -0.00486529 -0.00742018
  0.00212922  0.00000000   -0.00486529  0.00742018    0.23208691  0.00000000
    1    2
 -0.06337663  0.05460338   -0.03613690  0.04034746   -0.04127213 -0.13110920
 -0.03613690  0.04034746   -0.06210960  0.07350228   -0.03613690  0.04034746
 -0.04127213 -0.13110920   -0.03613690  0.04034746   -0.06337663  0.05460338
    2    1
 -0.06337663 -0.05460338   -0.03613690 -0.04034746   -0.04127213  0.13110920
 -0.03613690 -0.04034746   -0.06210960 -0.07350228   -0.03613690 -0.04034746
 -0.04127213  0.13110920   -0.03613690 -0.04034746   -0.06337663 -0.05460338
    2    2
  0.23208691  0.00000000   -0.00486529 -0.00742018    0.00212922  0.00000000
 -0.00486529  0.00742018    0.28755034  0.00000000   -0.00486529  0.00742018
  0.00212922  0.00000000   -0.00486529 -0.00742018    0.23208691  0.00000000

     Dynamical  Matrix in cartesian axes

     q = (    0.750000000  -0.250000000  -0.750000000 ) 

    1    1
  0.23208691  0.00000000   -0.00486529 -0.00742018   -0.00212922  0.00000000
 -0.00486529  0.00742018    0.28755034  0.00000000    0.00486529 -0.00742018
 -0.00212922  0.00000000    0.00486529  0.00742018    0.23208691  0.00000000
    1    2
 -0.05460338  0.06337663   -0.04034746  0.03613690   -0.13110920 -0.04127213
 -0.04034746  0.03613690   -0.07350228  0.06210960    0.04034746 -0.03613690
 -0.13110920 -0.04127213    0.04034746 -0.03613690   -0.05460338  0.06337663
    2    1
 -0.05460338 -0.06337663   -0.04034746 -0.03613690   -0.13110920  0.04127213
 -0.04034746 -0.03613690   -0.07350228 -0.06210960    0.04034746  0.03613690
 -0.13110920  0.04127213    0.04034746  0.03613690   -0.05460338 -0.06337663
    2    2
  0.23208691  0.00000000   -0.00486529  0.00742018   -0.00212922  0.00000000
 -0.00486529 -0.00742018    0.28755034  0.00000000    0.00486529  0.00742018
 -0.00212922  0.00000000    0.00486529 -0.00742018    0.23208691  0.00000000

     Dynamical  Matrix in cartesian axes

     q = (   -0.750000000  -0.250000000  -0.750000000 ) 

    1    1
  0.23208691  0.00000000    0.00486529 -0.00742018    0.00212922  0.00000000
  0.00486529  0.00742018    0.28755034  0.00000000    0.00486529  0.00742018
  0.00212922  0.00000000    0.00486529 -0.00742018    0.23208691  0.00000000
    1    2
  0.05460338  0.06337663   -0.04034746 -0.03613690   -0.13110920  0.04127213
 -0.04034746 -0.03613690    0.07350228  0.06210960   -0.04034746 -0.03613690
 -0.13110920  0.04127213   -0.04034746 -0.03613690    0.05460338  0.06337663
    2    1
  0.05460338 -0.06337663   -0.04034746  0.03613690   -0.13110920 -0.04127213
 -0.04034746  0.03613690    0.07350228 -0.06210960   -0.04034746  0.03613690
 -0.13110920 -0.04127213   -0.04034746  0.03613690    0.05460338 -0.06337663
    2    2
  0.23208691  0.00000000    0.00486529  0.00742018    0.00212922  0.00000000
  0.00486529 -0.00742018    0.28755034  0.00000000    0.00486529 -0.00742018
  0.00212922  0.00000000    0.00486529  0.00742018    0.23208691  0.00000000

     Dynamical  Matrix in cartesian axes

     q = (   -0.750000000  -0.250000000   0.750000000 ) 

    1    1
  0.23208691  0.00000000    0.00486529  0.00742018   -0.00212922  0.00000000
  0.00486529 -0.00742018    0.28755034  0.00000000   -0.00486529  0.00742018
 -0.00212922  0.00000000   -0.00486529 -0.00742018    0.23208691  0.00000000
    1    2
 -0.05460338  0.06337663    0.04034746 -0.03613690   -0.13110920 -0.04127213
  0.04034746 -0.03613690   -0.07350228  0.06210960   -0.04034746  0.03613690
 -0.13110920 -0.04127213   -0.04034746  0.03613690   -0.05460338  0.06337663
    2    1
 -0.05460338 -0.06337663    0.04034746  0.03613690   -0.13110920  0.04127213
  0.04034746  0.03613690   -0.07350228 -0.06210960   -0.04034746 -0.03613690
 -0.13110920  0.04127213   -0.04034746 -0.03613690   -0.05460338 -0.06337663
    2    2
  0.23208691  0.00000000    0.00486529 -0.00742018   -0.00212922  0.00000000
  0.00486529  0.00742018    0.28755034  0.00000000   -0.00486529 -0.00742018
 -0.00212922  0.00000000   -0.00486529  0.00742018    0.23208691  0.00000000

     Dynamical  Matrix in cartesian axes

     q = (   -0.750000000   0.250000000  -0.750000000 ) 

    1    1
  0.23208691  0.00000000   -0.00486529 -0.00742018    0.00212922  0.00000000
 -0.00486529  0.00742018    0.28755034  0.00000000   -0.00486529  0.00742018
  0.00212922  0.00000000   -0.00486529 -0.00742018    0.23208691  0.00000000
    1    2
 -0.06337663 -0.05460338   -0.03613690 -0.04034746   -0.04127213  0.13110920
 -0.03613690 -0.04034746   -0.06210960 -0.07350228   -0.03613690 -0.04034746
 -0.04127213  0.13110920   -0.03613690 -0.04034746   -0.06337663 -0.05460338
    2    1
 -0.06337663  0.05460338   -0.03613690  0.04034746   -0.04127213 -0.13110920
 -0.03613690  0.04034746   -0.06210960  0.07350228   -0.03613690  0.04034746
 -0.04127213 -0.13110920   -0.03613690  0.04034746   -0.06337663  0.05460338
    2    2
  0.23208691  0.00000000   -0.00486529  0.00742018    0.00212922  0.00000000
 -0.00486529 -0.00742018    0.28755034  0.00000000   -0.00486529 -0.00742018
  0.00212922  0.00000000   -0.00486529  0.00742018    0.23208691  0.00000000

     Dynamical  Matrix in cartesian axes

     q = (   -0.250000000   0.750000000  -0.750000000 ) 

    1    1
  0.28755034  0.00000000   -0.00486529  0.00742018    0.00486529 -0.00742018
 -0.00486529 -0.00742018    0.23208691  0.00000000   -0.00212922  0.00000000
  0.00486529  0.00742018   -0.00212922  0.00000000    0.23208691  0.00000000
    1    2
 -0.07350228  0.06210960   -0.04034746  0.03613690    0.04034746 -0.03613690
 -0.04034746  0.03613690   -0.05460338  0.06337663   -0.13110920 -0.04127213
  0.04034746 -0.03613690   -0.13110920 -0.04127213   -0.05460338  0.06337663
    2    1
 -0.07350228 -0.06210960   -0.04034746 -0.03613690    0.04034746  0.03613690
 -0.04034746 -0.03613690   -0.05460338 -0.06337663   -0.13110920  0.04127213
  0.04034746  0.03613690   -0.13110920  0.04127213   -0.05460338 -0.06337663
    2    2
  0.28755034  0.00000000   -0.00486529 -0.00742018    0.00486529  0.00742018
 -0.00486529  0.00742018    0.23208691  0.00000000   -0.00212922  0.00000000
  0.00486529 -0.00742018   -0.00212922  0.00000000    0.23208691  0.00000000

     Dynamical  Matrix in cartesian axes

     q = (   -0.750000000   0.750000000  -0.250000000 ) 

    1    1
  0.23208691  0.00000000   -0.00212922  0.00000000    0.00486529  0.00742018
 -0.00212922  0.00000000    0.23208691  0.00000000   -0.00486529 -0.00742018
  0.00486529 -0.00742018   -0.00486529  0.00742018    0.28755034  0.00000000
    1    2
 -0.05460338  0.06337663   -0.13110920 -0.04127213    0.04034746 -0.03613690
 -0.13110920 -0.04127213   -0.05460338  0.06337663   -0.04034746  0.03613690
  0.04034746 -0.03613690   -0.04034746  0.03613690   -0.07350228  0.06210960
    2    1
 -0.05460338 -0.06337663   -0.13110920  0.04127213    0.04034746  0.03613690
 -0.13110920  0.04127213   -0.05460338 -0.06337663   -0.04034746 -0.03613690
  0.04034746  0.03613690   -0.04034746 -0.03613690   -0.07350228 -0.06210960
    2    2
  0.23208691  0.00000000   -0.00212922  0.00000000    0.00486529 -0.00742018
 -0.00212922  0.00000000    0.23208691  0.00000000   -0.00486529  0.00742018
  0.00486529  0.00742018   -0.00486529 -0.00742018    0.28755034  0.00000000

     Dynamical  Matrix in cartesian axes

     q = (    0.750000000   0.250000000   0.750000000 ) 

    1    1
  0.23208691  0.00000000    0.00486529  0.00742018    0.00212922  0.00000000
  0.00486529 -0.00742018    0.28755034  0.00000000    0.00486529 -0.00742018
  0.00212922  0.00000000    0.00486529  0.00742018    0.23208691  0.00000000
    1    2
  0.05460338 -0.06337663   -0.04034746  0.03613690   -0.13110920 -0.04127213
 -0.04034746  0.03613690    0.07350228 -0.06210960   -0.04034746  0.03613690
 -0.13110920 -0.04127213   -0.04034746  0.03613690    0.05460338 -0.06337663
    2    1
  0.05460338  0.06337663   -0.04034746 -0.03613690   -0.13110920  0.04127213
 -0.04034746 -0.03613690    0.07350228  0.06210960   -0.04034746 -0.03613690
 -0.13110920  0.04127213   -0.04034746 -0.03613690    0.05460338  0.06337663
    2    2
  0.23208691  0.00000000    0.00486529 -0.00742018    0.00212922  0.00000000
  0.00486529  0.00742018    0.28755034  0.00000000    0.00486529  0.00742018
  0.00212922  0.00000000    0.00486529 -0.00742018    0.23208691  0.00000000

     Dynamical  Matrix in cartesian axes

     q = (   -0.750000000   0.250000000   0.750000000 ) 

    1    1
  0.23208691  0.00000000   -0.00486529  0.00742018   -0.00212922  0.00000000
 -0.00486529 -0.00742018    0.28755034  0.00000000    0.00486529  0.00742018
 -0.00212922  0.00000000    0.00486529 -0.00742018    0.23208691  0.00000000
    1    2
 -0.05460338 -0.06337663   -0.04034746 -0.03613690   -0.13110920  0.04127213
 -0.04034746 -0.03613690   -0.07350228 -0.06210960    0.04034746  0.03613690
 -0.13110920  0.04127213    0.04034746  0.03613690   -0.05460338 -0.06337663
    2    1
 -0.05460338  0.06337663   -0.04034746  0.03613690   -0.13110920 -0.04127213
 -0.04034746  0.03613690   -0.07350228  0.06210960    0.04034746 -0.03613690
 -0.13110920 -0.04127213    0.04034746 -0.03613690   -0.05460338  0.06337663
    2    2
  0.23208691  0.00000000   -0.00486529 -0.00742018   -0.00212922  0.00000000
 -0.00486529  0.00742018    0.28755034  0.00000000    0.00486529 -0.00742018
 -0.00212922  0.00000000    0.00486529  0.00742018    0.23208691  0.00000000

     Dynamical  Matrix in cartesian axes

     q = (    0.750000000   0.250000000  -0.750000000 ) 

    1    1
  0.23208691  0.00000000    0.00486529 -0.00742018   -0.00212922  0.00000000
  0.00486529  0.00742018    0.28755034  0.00000000   -0.00486529 -0.00742018
 -0.00212922  0.00000000   -0.00486529  0.00742018    0.23208691  0.00000000
    1    2
 -0.05460338 -0.06337663    0.04034746  0.03613690   -0.13110920  0.04127213
  0.04034746  0.03613690   -0.07350228 -0.06210960   -0.04034746 -0.03613690
 -0.13110920  0.04127213   -0.04034746 -0.03613690   -0.05460338 -0.06337663
    2    1
 -0.05460338  0.06337663    0.04034746 -0.03613690   -0.13110920 -0.04127213
  0.04034746 -0.03613690   -0.07350228  0.06210960   -0.04034746  0.03613690
 -0.13110920 -0.04127213   -0.04034746  0.03613690   -0.05460338  0.06337663
    2    2
  0.23208691  0.00000000    0.00486529  0.00742018   -0.00212922  0.00000000
  0.00486529 -0.00742018    0.28755034  0.00000000   -0.00486529  0.00742018
 -0.00212922  0.00000000   -0.00486529 -0.00742018    0.23208691  0.00000000

     Dynamical  Matrix in cartesian axes

     q = (   -0.750000000   0.750000000   0.250000000 ) 

    1    1
  0.23208691  0.00000000   -0.00212922  0.00000000   -0.00486529  0.00742018
 -0.00212922  0.00000000    0.23208691  0.00000000    0.00486529 -0.00742018
 -0.00486529 -0.00742018    0.00486529  0.00742018    0.28755034  0.00000000
    1    2
 -0.05460338 -0.06337663   -0.13110920  0.04127213   -0.04034746 -0.03613690
 -0.13110920  0.04127213   -0.05460338 -0.06337663    0.04034746  0.03613690
 -0.04034746 -0.03613690    0.04034746  0.03613690   -0.07350228 -0.06210960
    2    1
 -0.05460338  0.06337663   -0.13110920 -0.04127213   -0.04034746  0.03613690
 -0.13110920 -0.04127213   -0.05460338  0.06337663    0.04034746 -0.03613690
 -0.04034746  0.03613690    0.04034746 -0.03613690   -0.07350228  0.06210960
    2    2
  0.23208691  0.00000000   -0.00212922  0.00000000   -0.00486529 -0.00742018
 -0.00212922  0.00000000    0.23208691  0.00000000    0.00486529  0.00742018
 -0.00486529  0.00742018    0.00486529 -0.00742018    0.28755034  0.00000000

     Dynamical  Matrix in cartesian axes

     q = (   -0.250000000   0.750000000   0.750000000 ) 

    1    1
  0.28755034  0.00000000   -0.00486529 -0.00742018   -0.00486529 -0.00742018
 -0.00486529  0.00742018    0.23208691  0.00000000    0.00212922  0.00000000
 -0.00486529  0.00742018    0.00212922  0.00000000    0.23208691  0.00000000
    1    2
 -0.06210960  0.07350228   -0.03613690  0.04034746   -0.03613690  0.04034746
 -0.03613690  0.04034746   -0.06337663  0.05460338   -0.04127213 -0.13110920
 -0.03613690  0.04034746   -0.04127213 -0.13110920   -0.06337663  0.05460338
    2    1
 -0.06210960 -0.07350228   -0.03613690 -0.04034746   -0.03613690 -0.04034746
 -0.03613690 -0.04034746   -0.06337663 -0.05460338   -0.04127213  0.13110920
 -0.03613690 -0.04034746   -0.04127213  0.13110920   -0.06337663 -0.05460338
    2    2
  0.28755034  0.00000000   -0.00486529  0.00742018   -0.00486529  0.00742018
 -0.00486529 -0.00742018    0.23208691  0.00000000    0.00212922  0.00000000
 -0.00486529 -0.00742018    0.00212922  0.00000000    0.23208691  0.00000000

     Dynamical  Matrix in cartesian axes

     q = (    0.250000000   0.750000000  -0.750000000 ) 

    1    1
  0.28755034  0.00000000    0.00486529  0.00742018   -0.00486529 -0.00742018
  0.00486529 -0.00742018    0.23208691  0.00000000   -0.00212922  0.00000000
 -0.00486529  0.00742018   -0.00212922  0.00000000    0.23208691  0.00000000
    1    2
 -0.07350228 -0.06210960    0.04034746  0.03613690   -0.04034746 -0.03613690
  0.04034746  0.03613690   -0.05460338 -0.06337663   -0.13110920  0.04127213
 -0.04034746 -0.03613690   -0.13110920  0.04127213   -0.05460338 -0.06337663
    2    1
 -0.07350228  0.06210960    0.04034746 -0.03613690   -0.04034746  0.03613690
  0.04034746 -0.03613690   -0.05460338  0.06337663   -0.13110920 -0.04127213
 -0.04034746  0.03613690   -0.13110920 -0.04127213   -0.05460338  0.06337663
    2    2
  0.28755034  0.00000000    0.00486529 -0.00742018   -0.00486529  0.00742018
  0.00486529  0.00742018    0.23208691  0.00000000   -0.00212922  0.00000000
 -0.00486529 -0.00742018   -0.00212922  0.00000000    0.23208691  0.00000000

     Dynamical  Matrix in cartesian axes

     q = (   -0.250000000  -0.750000000  -0.750000000 ) 

    1    1
  0.28755034  0.00000000    0.00486529  0.00742018    0.00486529  0.00742018
  0.00486529 -0.00742018    0.23208691  0.00000000    0.00212922  0.00000000
  0.00486529 -0.00742018    0.00212922  0.00000000    0.23208691  0.00000000
    1    2
  0.07350228  0.06210960   -0.04034746 -0.03613690   -0.04034746 -0.03613690
 -0.04034746 -0.03613690    0.05460338  0.06337663   -0.13110920  0.04127213
 -0.04034746 -0.03613690   -0.13110920  0.04127213    0.05460338  0.06337663
    2    1
  0.07350228 -0.06210960   -0.04034746  0.03613690   -0.04034746  0.03613690
 -0.04034746  0.03613690    0.05460338 -0.06337663   -0.13110920 -0.04127213
 -0.04034746  0.03613690   -0.13110920 -0.04127213    0.05460338 -0.06337663
    2    2
  0.28755034  0.00000000    0.00486529 -0.00742018    0.00486529 -0.00742018
  0.00486529  0.00742018    0.23208691  0.00000000    0.00212922  0.00000000
  0.00486529  0.00742018    0.00212922  0.00000000    0.23208691  0.00000000

     Dynamical  Matrix in cartesian axes

     q = (    0.750000000   0.750000000  -0.250000000 ) 

    1    1
  0.23208691  0.00000000    0.00212922  0.00000000   -0.00486529  0.00742018
  0.00212922  0.00000000    0.23208691  0.00000000   -0.00486529  0.00742018
 -0.00486529 -0.00742018   -0.00486529 -0.00742018    0.28755034  0.00000000
    1    2
 -0.06337663  0.05460338   -0.04127213 -0.13110920   -0.03613690  0.04034746
 -0.04127213 -0.13110920   -0.06337663  0.05460338   -0.03613690  0.04034746
 -0.03613690  0.04034746   -0.03613690  0.04034746   -0.06210960  0.07350228
    2    1
 -0.06337663 -0.05460338   -0.04127213  0.13110920   -0.03613690 -0.04034746
 -0.04127213  0.13110920   -0.06337663 -0.05460338   -0.03613690 -0.04034746
 -0.03613690 -0.04034746   -0.03613690 -0.04034746   -0.06210960 -0.07350228
    2    2
  0.23208691  0.00000000    0.00212922  0.00000000   -0.00486529 -0.00742018
  0.00212922  0.00000000    0.23208691  0.00000000   -0.00486529 -0.00742018
 -0.00486529  0.00742018   -0.00486529  0.00742018    0.28755034  0.00000000

     Dynamical  Matrix in cartesian axes

     q = (    0.750000000  -0.750000000   0.250000000 ) 

    1    1
  0.23208691  0.00000000   -0.00212922  0.00000000    0.00486529 -0.00742018
 -0.00212922  0.00000000    0.23208691  0.00000000   -0.00486529  0.00742018
  0.00486529  0.00742018   -0.00486529 -0.00742018    0.28755034  0.00000000
    1    2
 -0.05460338 -0.06337663   -0.13110920  0.04127213    0.04034746  0.03613690
 -0.13110920  0.04127213   -0.05460338 -0.06337663   -0.04034746 -0.03613690
  0.04034746  0.03613690   -0.04034746 -0.03613690   -0.07350228 -0.06210960
    2    1
 -0.05460338  0.06337663   -0.13110920 -0.04127213    0.04034746 -0.03613690
 -0.13110920 -0.04127213   -0.05460338  0.06337663   -0.04034746  0.03613690
  0.04034746 -0.03613690   -0.04034746  0.03613690   -0.07350228  0.06210960
    2    2
  0.23208691  0.00000000   -0.00212922  0.00000000    0.00486529  0.00742018
 -0.00212922  0.00000000    0.23208691  0.00000000   -0.00486529 -0.00742018
  0.00486529 -0.00742018   -0.00486529  0.00742018    0.28755034  0.00000000

     Dynamical  Matrix in cartesian axes

     q = (   -0.750000000  -0.750000000  -0.250000000 ) 

    1    1
  0.23208691  0.00000000    0.00212922  0.00000000    0.00486529 -0.00742018
  0.00212922  0.00000000    0.23208691  0.00000000    0.00486529 -0.00742018
  0.00486529  0.00742018    0.00486529  0.00742018    0.28755034  0.00000000
    1    2
  0.05460338  0.06337663   -0.13110920  0.04127213   -0.04034746 -0.03613690
 -0.13110920  0.04127213    0.05460338  0.06337663   -0.04034746 -0.03613690
 -0.04034746 -0.03613690   -0.04034746 -0.03613690    0.07350228  0.06210960
    2    1
  0.05460338 -0.06337663   -0.13110920 -0.04127213   -0.04034746  0.03613690
 -0.13110920 -0.04127213    0.05460338 -0.06337663   -0.04034746  0.03613690
 -0.04034746  0.03613690   -0.04034746  0.03613690    0.07350228 -0.06210960
    2    2
  0.23208691  0.00000000    0.00212922  0.00000000    0.00486529  0.00742018
  0.00212922  0.00000000    0.23208691  0.00000000    0.00486529  0.00742018
  0.00486529 -0.00742018    0.00486529 -0.00742018    0.28755034  0.00000000

     Dynamical  Matrix in cartesian axes

     q = (    0.250000000  -0.750000000   0.750000000 ) 

    1    1
  0.28755034  0.00000000   -0.00486529 -0.00742018    0.00486529  0.00742018
 -0.00486529  0.00742018    0.23208691  0.00000000   -0.00212922  0.00000000
  0.00486529 -0.00742018   -0.00212922  0.00000000    0.23208691  0.00000000
    1    2
 -0.07350228 -0.06210960   -0.04034746 -0.03613690    0.04034746  0.03613690
 -0.04034746 -0.03613690   -0.05460338 -0.06337663   -0.13110920  0.04127213
  0.04034746  0.03613690   -0.13110920  0.04127213   -0.05460338 -0.06337663
    2    1
 -0.07350228  0.06210960   -0.04034746  0.03613690    0.04034746 -0.03613690
 -0.04034746  0.03613690   -0.05460338  0.06337663   -0.13110920 -0.04127213
  0.04034746 -0.03613690   -0.13110920 -0.04127213   -0.05460338  0.06337663
    2    2
  0.28755034  0.00000000   -0.00486529  0.00742018    0.00486529 -0.00742018
 -0.00486529 -0.00742018    0.23208691  0.00000000   -0.00212922  0.00000000
  0.00486529  0.00742018   -0.00212922  0.00000000    0.23208691  0.00000000

     Dynamical  Matrix in cartesian axes

     q = (   -0.750000000  -0.750000000   0.250000000 ) 

    1    1
  0.23208691  0.00000000    0.00212922  0.00000000   -0.00486529 -0.00742018
  0.00212922  0.00000000    0.23208691  0.00000000   -0.00486529 -0.00742018
 -0.00486529  0.00742018   -0.00486529  0.00742018    0.28755034  0.00000000
    1    2
 -0.06337663 -0.05460338   -0.04127213  0.13110920   -0.03613690 -0.04034746
 -0.04127213  0.13110920   -0.06337663 -0.05460338   -0.03613690 -0.04034746
 -0.03613690 -0.04034746   -0.03613690 -0.04034746   -0.06210960 -0.07350228
    2    1
 -0.06337663  0.05460338   -0.04127213 -0.13110920   -0.03613690  0.04034746
 -0.04127213 -0.13110920   -0.06337663  0.05460338   -0.03613690  0.04034746
 -0.03613690  0.04034746   -0.03613690  0.04034746   -0.06210960  0.07350228
    2    2
  0.23208691  0.00000000    0.00212922  0.00000000   -0.00486529  0.00742018
  0.00212922  0.00000000    0.23208691  0.00000000   -0.00486529  0.00742018
 -0.00486529 -0.00742018   -0.00486529 -0.00742018    0.28755034  0.00000000

     Dynamical  Matrix in cartesian axes

     q = (    0.250000000   0.750000000   0.750000000 ) 

    1    1
  0.28755034  0.00000000    0.00486529 -0.00742018    0.00486529 -0.00742018
  0.00486529  0.00742018    0.23208691  0.00000000    0.00212922  0.00000000
  0.00486529  0.00742018    0.00212922  0.00000000    0.23208691  0.00000000
    1    2
  0.07350228 -0.06210960   -0.04034746  0.03613690   -0.04034746  0.03613690
 -0.04034746  0.03613690    0.05460338 -0.06337663   -0.13110920 -0.04127213
 -0.04034746  0.03613690   -0.13110920 -0.04127213    0.05460338 -0.06337663
    2    1
  0.07350228  0.06210960   -0.04034746 -0.03613690   -0.04034746 -0.03613690
 -0.04034746 -0.03613690    0.05460338  0.06337663   -0.13110920  0.04127213
 -0.04034746 -0.03613690   -0.13110920  0.04127213    0.05460338  0.06337663
    2    2
  0.28755034  0.00000000    0.00486529  0.00742018    0.00486529  0.00742018
  0.00486529 -0.00742018    0.23208691  0.00000000    0.00212922  0.00000000
  0.00486529 -0.00742018    0.00212922  0.00000000    0.23208691  0.00000000

     Dynamical  Matrix in cartesian axes

     q = (   -0.250000000  -0.750000000   0.750000000 ) 

    1    1
  0.28755034  0.00000000    0.00486529 -0.00742018   -0.00486529  0.00742018
  0.00486529  0.00742018    0.23208691  0.00000000   -0.00212922  0.00000000
 -0.00486529 -0.00742018   -0.00212922  0.00000000    0.23208691  0.00000000
    1    2
 -0.07350228  0.06210960    0.04034746 -0.03613690   -0.04034746  0.03613690
  0.04034746 -0.03613690   -0.05460338  0.06337663   -0.13110920 -0.04127213
 -0.04034746  0.03613690   -0.13110920 -0.04127213   -0.05460338  0.06337663
    2    1
 -0.07350228 -0.06210960    0.04034746  0.03613690   -0.04034746 -0.03613690
  0.04034746  0.03613690   -0.05460338 -0.06337663   -0.13110920  0.04127213
 -0.04034746 -0.03613690   -0.13110920  0.04127213   -0.05460338 -0.06337663
    2    2
  0.28755034  0.00000000    0.00486529  0.00742018   -0.00486529 -0.00742018
  0.00486529 -0.00742018    0.23208691  0.00000000   -0.00212922  0.00000000
 -0.00486529  0.00742018   -0.00212922  0.00000000    0.23208691  0.00000000

     Dynamical  Matrix in cartesian axes

     q = (    0.750000000   0.750000000   0.250000000 ) 

    1    1
  0.23208691  0.00000000    0.00212922  0.00000000    0.00486529  0.00742018
  0.00212922  0.00000000    0.23208691  0.00000000    0.00486529  0.00742018
  0.00486529 -0.00742018    0.00486529 -0.00742018    0.28755034  0.00000000
    1    2
  0.05460338 -0.06337663   -0.13110920 -0.04127213   -0.04034746  0.03613690
 -0.13110920 -0.04127213    0.05460338 -0.06337663   -0.04034746  0.03613690
 -0.04034746  0.03613690   -0.04034746  0.03613690    0.07350228 -0.06210960
    2    1
  0.05460338  0.06337663   -0.13110920  0.04127213   -0.04034746 -0.03613690
 -0.13110920  0.04127213    0.05460338  0.06337663   -0.04034746 -0.03613690
 -0.04034746 -0.03613690   -0.04034746 -0.03613690    0.07350228  0.06210960
    2    2
  0.23208691  0.00000000    0.00212922  0.00000000    0.00486529 -0.00742018
  0.00212922  0.00000000    0.23208691  0.00000000    0.00486529 -0.00742018
  0.00486529  0.00742018    0.00486529  0.00742018    0.28755034  0.00000000

     Dynamical  Matrix in cartesian axes

     q = (    0.250000000  -0.750000000  -0.750000000 ) 

    1    1
  0.28755034  0.00000000   -0.00486529  0.00742018   -0.00486529  0.00742018
 -0.00486529 -0.00742018    0.23208691  0.00000000    0.00212922  0.00000000
 -0.00486529 -0.00742018    0.00212922  0.00000000    0.23208691  0.00000000
    1    2
 -0.06210960 -0.07350228   -0.03613690 -0.04034746   -0.03613690 -0.04034746
 -0.03613690 -0.04034746   -0.06337663 -0.05460338   -0.04127213  0.13110920
 -0.03613690 -0.04034746   -0.04127213  0.13110920   -0.06337663 -0.05460338
    2    1
 -0.06210960  0.07350228   -0.03613690  0.04034746   -0.03613690  0.04034746
 -0.03613690  0.04034746   -0.06337663  0.05460338   -0.04127213 -0.13110920
 -0.03613690  0.04034746   -0.04127213 -0.13110920   -0.06337663  0.05460338
    2    2
  0.28755034  0.00000000   -0.00486529 -0.00742018   -0.00486529 -0.00742018
 -0.00486529  0.00742018    0.23208691  0.00000000    0.00212922  0.00000000
 -0.00486529  0.00742018    0.00212922  0.00000000    0.23208691  0.00000000

     Dynamical  Matrix in cartesian axes

     q = (    0.750000000  -0.750000000  -0.250000000 ) 

    1    1
  0.23208691  0.00000000   -0.00212922  0.00000000   -0.00486529 -0.00742018
 -0.00212922  0.00000000    0.23208691  0.00000000    0.00486529  0.00742018
 -0.00486529  0.00742018    0.00486529 -0.00742018    0.28755034  0.00000000
    1    2
 -0.05460338  0.06337663   -0.13110920 -0.04127213   -0.04034746  0.03613690
 -0.13110920 -0.04127213   -0.05460338  0.06337663    0.04034746 -0.03613690
 -0.04034746  0.03613690    0.04034746 -0.03613690   -0.07350228  0.06210960
    2    1
 -0.05460338 -0.06337663   -0.13110920  0.04127213   -0.04034746 -0.03613690
 -0.13110920  0.04127213   -0.05460338 -0.06337663    0.04034746  0.03613690
 -0.04034746 -0.03613690    0.04034746  0.03613690   -0.07350228 -0.06210960
    2    2
  0.23208691  0.00000000   -0.00212922  0.00000000   -0.00486529  0.00742018
 -0.00212922  0.00000000    0.23208691  0.00000000    0.00486529 -0.00742018
 -0.00486529 -0.00742018    0.00486529  0.00742018    0.28755034  0.00000000

     Diagonalizing the dynamical matrix

     q = (    0.750000000  -0.250000000   0.750000000 ) 

 **************************************************************************
     freq (    1) =       4.260563 [THz] =     142.117068 [cm-1]
 (  0.059096 -0.496495 -0.000000 -0.000000 -0.059096  0.496495 ) 
 (  0.500000 -0.000000  0.000000  0.000000 -0.500000  0.000000 ) 
     freq (    2) =       5.524464 [THz] =     184.276283 [cm-1]
 ( -0.398572 -0.194465 -0.299352  0.130520 -0.398572 -0.194465 ) 
 ( -0.443482  0.000000 -0.211805 -0.248567 -0.443482  0.000000 ) 
     freq (    3) =       9.010658 [THz] =     300.563207 [cm-1]
 (  0.128727 -0.247857  0.395429  0.433160  0.128727 -0.247857 ) 
 ( -0.279292  0.000000  0.202152  0.550569 -0.279292  0.000000 ) 
     freq (    4) =      11.935114 [THz] =     398.112544 [cm-1]
 (  0.116825  0.312633 -0.415836 -0.322964  0.116825  0.312633 ) 
 ( -0.333747  0.000000  0.448091  0.276477 -0.333747  0.000000 ) 
     freq (    5) =      13.277712 [THz] =     442.896800 [cm-1]
 (  0.059096 -0.496495  0.000000 -0.000000 -0.059096  0.496495 ) 
 ( -0.500000  0.000000  0.000000 -0.000000  0.500000  0.000000 ) 
     freq (    6) =      13.676335 [THz] =     456.193434 [cm-1]
 ( -0.301645 -0.151468 -0.477283  0.210562 -0.301645 -0.151468 ) 
 (  0.337539 -0.000000  0.332042  0.402348  0.337539 -0.000000 ) 
 **************************************************************************
