Dynamical matrix file
                                                                           
  1    2  2 10.3020000  0.0000000  0.0000000  0.0000000  0.0000000  0.0000000
           1  'Si  '    25598.822984527003     
    1    1      0.0000000000      0.0000000000      0.0000000000
    2    1      0.2500000000      0.2500000000      0.2500000000

     Dynamical  Matrix in cartesian axes

     q = (   -0.250000000   0.250000000  -0.250000000 ) 

    1    1
  0.27448760  0.00000000   -0.01187220  0.00000000    0.01187220  0.00000000
 -0.01187220  0.00000000    0.27448760  0.00000000   -0.01187220  0.00000000
  0.01187220  0.00000000   -0.01187220  0.00000000    0.27448760  0.00000000
    1    2
 -0.20417755 -0.05934414   -0.03964633  0.04128620    0.03964633 -0.04128620
 -0.03964633  0.04128620   -0.20417755 -0.05934414   -0.03964633  0.04128620
  0.03964633 -0.04128620   -0.03964633  0.04128620   -0.20417755 -0.05934414
    2    1
 -0.20417755  0.05934414   -0.03964633 -0.04128620    0.03964633  0.04128620
 -0.03964633 -0.04128620   -0.20417755  0.05934414   -0.03964633 -0.04128620
  0.03964633  0.04128620   -0.03964633 -0.04128620   -0.20417755  0.05934414
    2    2
  0.27448760  0.00000000   -0.01187220  0.00000000    0.01187220  0.00000000
 -0.01187220  0.00000000    0.27448760  0.00000000   -0.01187220  0.00000000
  0.01187220  0.00000000   -0.01187220  0.00000000    0.27448760  0.00000000

     Dynamical  Matrix in cartesian axes

     q = (    0.250000000  -0.250000000  -0.250000000 ) 

    1    1
  0.27448760  0.00000000   -0.01187220  0.00000000   -0.01187220  0.00000000
 -0.01187220  0.00000000    0.27448760  0.00000000    0.01187220  0.00000000
 -0.01187220  0.00000000    0.01187220  0.00000000    0.27448760  0.00000000
    1    2
 -0.20417755 -0.05934414   -0.03964633  0.04128620   -0.03964633  0.04128620
 -0.03964633  0.04128620   -0.20417755 -0.05934414    0.03964633 -0.04128620
 -0.03964633  0.04128620    0.03964633 -0.04128620   -0.20417755 -0.05934414
    2    1
 -0.20417755  0.05934414   -0.03964633 -0.04128620   -0.03964633 -0.04128620
 -0.03964633 -0.04128620   -0.20417755  0.05934414    0.03964633  0.04128620
 -0.03964633 -0.04128620    0.03964633  0.04128620   -0.20417755  0.05934414
    2    2
  0.27448760  0.00000000   -0.01187220  0.00000000   -0.01187220  0.00000000
 -0.01187220  0.00000000    0.27448760  0.00000000    0.01187220  0.00000000
 -0.01187220  0.00000000    0.01187220  0.00000000    0.27448760  0.00000000

     Dynamical  Matrix in cartesian axes

     q = (    0.250000000  -0.250000000   0.250000000 ) 

    1    1
  0.27448760  0.00000000   -0.01187220  0.00000000    0.01187220  0.00000000
 -0.01187220  0.00000000    0.27448760  0.00000000   -0.01187220  0.00000000
  0.01187220  0.00000000   -0.01187220  0.00000000    0.27448760  0.00000000
    1    2
 -0.20417755  0.05934414   -0.03964633 -0.04128620    0.03964633  0.04128620
 -0.03964633 -0.04128620   -0.20417755  0.05934414   -0.03964633 -0.04128620
  0.03964633  0.04128620   -0.03964633 -0.04128620   -0.20417755  0.05934414
    2    1
 -0.20417755 -0.05934414   -0.03964633  0.04128620    0.03964633 -0.04128620
 -0.03964633  0.04128620   -0.20417755 -0.05934414   -0.03964633  0.04128620
  0.03964633 -0.04128620   -0.03964633  0.04128620   -0.20417755 -0.05934414
    2    2
  0.27448760  0.00000000   -0.01187220  0.00000000    0.01187220  0.00000000
 -0.01187220  0.00000000    0.27448760  0.00000000   -0.01187220  0.00000000
  0.01187220  0.00000000   -0.01187220  0.00000000    0.27448760  0.00000000

     Dynamical  Matrix in cartesian axes

     q = (    0.250000000   0.250000000   0.250000000 ) 

    1    1
  0.27448760  0.00000000    0.01187220  0.00000000    0.01187220  0.00000000
  0.01187220  0.00000000    0.27448760  0.00000000    0.01187220  0.00000000
  0.01187220  0.00000000    0.01187220  0.00000000    0.27448760  0.00000000
    1    2
 -0.05934414  0.20417755   -0.04128620 -0.03964633   -0.04128620 -0.03964633
 -0.04128620 -0.03964633   -0.05934414  0.20417755   -0.04128620 -0.03964633
 -0.04128620 -0.03964633   -0.04128620 -0.03964633   -0.05934414  0.20417755
    2    1
 -0.05934414 -0.20417755   -0.04128620  0.03964633   -0.04128620  0.03964633
 -0.04128620  0.03964633   -0.05934414 -0.20417755   -0.04128620  0.03964633
 -0.04128620  0.03964633   -0.04128620  0.03964633   -0.05934414 -0.20417755
    2    2
  0.27448760  0.00000000    0.01187220  0.00000000    0.01187220  0.00000000
  0.01187220  0.00000000    0.27448760  0.00000000    0.01187220  0.00000000
  0.01187220  0.00000000    0.01187220  0.00000000    0.27448760  0.00000000

     Dynamical  Matrix in cartesian axes

     q = (   -0.250000000  -0.250000000  -0.250000000 ) 

    1    1
  0.27448760  0.00000000    0.01187220  0.00000000    0.01187220  0.00000000
  0.01187220  0.00000000    0.27448760  0.00000000    0.01187220  0.00000000
  0.01187220  0.00000000    0.01187220  0.00000000    0.27448760  0.00000000
    1    2
 -0.05934414 -0.20417755   -0.04128620  0.03964633   -0.04128620  0.03964633
 -0.04128620  0.03964633   -0.05934414 -0.20417755   -0.04128620  0.03964633
 -0.04128620  0.03964633   -0.04128620  0.03964633   -0.05934414 -0.20417755
    2    1
 -0.05934414  0.20417755   -0.04128620 -0.03964633   -0.04128620 -0.03964633
 -0.04128620 -0.03964633   -0.05934414  0.20417755   -0.04128620 -0.03964633
 -0.04128620 -0.03964633   -0.04128620 -0.03964633   -0.05934414  0.20417755
    2    2
  0.27448760  0.00000000    0.01187220  0.00000000    0.01187220  0.00000000
  0.01187220  0.00000000    0.27448760  0.00000000    0.01187220  0.00000000
  0.01187220  0.00000000    0.01187220  0.00000000    0.27448760  0.00000000

     Dynamical  Matrix in cartesian axes

     q = (   -0.250000000  -0.250000000   0.250000000 ) 

    1    1
  0.27448760  0.00000000    0.01187220  0.00000000   -0.01187220  0.00000000
  0.01187220  0.00000000    0.27448760  0.00000000   -0.01187220  0.00000000
 -0.01187220  0.00000000   -0.01187220  0.00000000    0.27448760  0.00000000
    1    2
 -0.20417755 -0.05934414    0.03964633 -0.04128620   -0.03964633  0.04128620
  0.03964633 -0.04128620   -0.20417755 -0.05934414   -0.03964633  0.04128620
 -0.03964633  0.04128620   -0.03964633  0.04128620   -0.20417755 -0.05934414
    2    1
 -0.20417755  0.05934414    0.03964633  0.04128620   -0.03964633 -0.04128620
  0.03964633  0.04128620   -0.20417755  0.05934414   -0.03964633 -0.04128620
 -0.03964633 -0.04128620   -0.03964633 -0.04128620   -0.20417755  0.05934414
    2    2
  0.27448760  0.00000000    0.01187220  0.00000000   -0.01187220  0.00000000
  0.01187220  0.00000000    0.27448760  0.00000000   -0.01187220  0.00000000
 -0.01187220  0.00000000   -0.01187220  0.00000000    0.27448760  0.00000000

     Dynamical  Matrix in cartesian axes

     q = (   -0.250000000   0.250000000   0.250000000 ) 

    1    1
  0.27448760  0.00000000   -0.01187220  0.00000000   -0.01187220  0.00000000
 -0.01187220  0.00000000    0.27448760  0.00000000    0.01187220  0.00000000
 -0.01187220  0.00000000    0.01187220  0.00000000    0.27448760  0.00000000
    1    2
 -0.20417755  0.05934414   -0.03964633 -0.04128620   -0.03964633 -0.04128620
 -0.03964633 -0.04128620   -0.20417755  0.05934414    0.03964633  0.04128620
 -0.03964633 -0.04128620    0.03964633  0.04128620   -0.20417755  0.05934414
    2    1
 -0.20417755 -0.05934414   -0.03964633  0.04128620   -0.03964633  0.04128620
 -0.03964633  0.04128620   -0.20417755 -0.05934414    0.03964633 -0.04128620
 -0.03964633  0.04128620    0.03964633 -0.04128620   -0.20417755 -0.05934414
    2    2
  0.27448760  0.00000000   -0.01187220  0.00000000   -0.01187220  0.00000000
 -0.01187220  0.00000000    0.27448760  0.00000000    0.01187220  0.00000000
 -0.01187220  0.00000000    0.01187220  0.00000000    0.27448760  0.00000000

     Dynamical  Matrix in cartesian axes

     q = (    0.250000000   0.250000000  -0.250000000 ) 

    1    1
  0.27448760  0.00000000    0.01187220  0.00000000   -0.01187220  0.00000000
  0.01187220  0.00000000    0.27448760  0.00000000   -0.01187220  0.00000000
 -0.01187220  0.00000000   -0.01187220  0.00000000    0.27448760  0.00000000
    1    2
 -0.20417755  0.05934414    0.03964633  0.04128620   -0.03964633 -0.04128620
  0.03964633  0.04128620   -0.20417755  0.05934414   -0.03964633 -0.04128620
 -0.03964633 -0.04128620   -0.03964633 -0.04128620   -0.20417755  0.05934414
    2    1
 -0.20417755 -0.05934414    0.03964633 -0.04128620   -0.03964633  0.04128620
  0.03964633 -0.04128620   -0.20417755 -0.05934414   -0.03964633  0.04128620
 -0.03964633  0.04128620   -0.03964633  0.04128620   -0.20417755 -0.05934414
    2    2
  0.27448760  0.00000000    0.01187220  0.00000000   -0.01187220  0.00000000
  0.01187220  0.00000000    0.27448760  0.00000000   -0.01187220  0.00000000
 -0.01187220  0.00000000   -0.01187220  0.00000000    0.27448760  0.00000000

     Diagonalizing the dynamical matrix

     q = (   -0.250000000   0.250000000  -0.250000000 ) 

 **************************************************************************
     freq (    1) =       2.768145 [THz] =      92.335385 [cm-1]
 (  0.508047 -0.197572  0.378067 -0.207198 -0.129980 -0.009627 ) 
 (  0.492067 -0.234556  0.361731 -0.234556 -0.130336  0.000000 ) 
     freq (    2) =       2.768145 [THz] =      92.335385 [cm-1]
 (  0.177785  0.067670 -0.383125  0.026128 -0.560910 -0.041542 ) 
 (  0.182297  0.054354 -0.380149  0.054354 -0.562446  0.000000 ) 
     freq (    3) =       6.794512 [THz] =     226.640513 [cm-1]
 (  0.269698  0.306479 -0.269698 -0.306479  0.269698  0.306479 ) 
 (  0.408248  0.000000 -0.408248 -0.000000  0.408248  0.000000 ) 
     freq (    4) =      14.353283 [THz] =     478.773993 [cm-1]
 (  0.269698  0.306479 -0.269698 -0.306479  0.269698  0.306479 ) 
 ( -0.408248  0.000000  0.408248  0.000000 -0.408248  0.000000 ) 
     freq (    5) =      14.642488 [THz] =     488.420813 [cm-1]
 ( -0.508712  0.179387 -0.403595  0.187172  0.105117  0.007785 ) 
 (  0.494073 -0.216470  0.388668 -0.216470 -0.105405  0.000000 ) 
     freq (    6) =      14.642488 [THz] =     488.420813 [cm-1]
 (  0.198346  0.054996 -0.367750  0.013070 -0.566097 -0.041926 ) 
 ( -0.201866 -0.040196  0.365781 -0.040196  0.567647  0.000000 ) 
 **************************************************************************
