Dynamical matrix file
                                                                           
  1    2  2 10.3480000  0.0000000  0.0000000  0.0000000  0.0000000  0.0000000
           1  'Si  '    25598.822984527003     
    1    1      0.0000000000      0.0000000000      0.0000000000
    2    1      0.2500000000      0.2500000000      0.2500000000

     Dynamical  Matrix in cartesian axes

     q = (   -0.250000000   0.250000000  -0.250000000 ) 

    1    1
  0.28038798  0.00000000   -0.01076297  0.00000000    0.01076297  0.00000000
 -0.01076297  0.00000000    0.28038798  0.00000000   -0.01076297  0.00000000
  0.01076297  0.00000000   -0.01076297  0.00000000    0.28038798  0.00000000
    1    2
 -0.20504147 -0.06054279   -0.03610735  0.03689008    0.03610735 -0.03689008
 -0.03610735  0.03689008   -0.20504147 -0.06054279   -0.03610735  0.03689008
  0.03610735 -0.03689008   -0.03610735  0.03689008   -0.20504147 -0.06054279
    2    1
 -0.20504147  0.06054279   -0.03610735 -0.03689008    0.03610735  0.03689008
 -0.03610735 -0.03689008   -0.20504147  0.06054279   -0.03610735 -0.03689008
  0.03610735  0.03689008   -0.03610735 -0.03689008   -0.20504147  0.06054279
    2    2
  0.28038798  0.00000000   -0.01076297  0.00000000    0.01076297  0.00000000
 -0.01076297  0.00000000    0.28038798  0.00000000   -0.01076297  0.00000000
  0.01076297  0.00000000   -0.01076297  0.00000000    0.28038798  0.00000000

     Dynamical  Matrix in cartesian axes

     q = (    0.250000000  -0.250000000  -0.250000000 ) 

    1    1
  0.28038798  0.00000000   -0.01076297  0.00000000   -0.01076297  0.00000000
 -0.01076297  0.00000000    0.28038798  0.00000000    0.01076297  0.00000000
 -0.01076297  0.00000000    0.01076297  0.00000000    0.28038798  0.00000000
    1    2
 -0.20504147 -0.06054279   -0.03610735  0.03689008   -0.03610735  0.03689008
 -0.03610735  0.03689008   -0.20504147 -0.06054279    0.03610735 -0.03689008
 -0.03610735  0.03689008    0.03610735 -0.03689008   -0.20504147 -0.06054279
    2    1
 -0.20504147  0.06054279   -0.03610735 -0.03689008   -0.03610735 -0.03689008
 -0.03610735 -0.03689008   -0.20504147  0.06054279    0.03610735  0.03689008
 -0.03610735 -0.03689008    0.03610735  0.03689008   -0.20504147  0.06054279
    2    2
  0.28038798  0.00000000   -0.01076297  0.00000000   -0.01076297  0.00000000
 -0.01076297  0.00000000    0.28038798  0.00000000    0.01076297  0.00000000
 -0.01076297  0.00000000    0.01076297  0.00000000    0.28038798  0.00000000

     Dynamical  Matrix in cartesian axes

     q = (    0.250000000  -0.250000000   0.250000000 ) 

    1    1
  0.28038798  0.00000000   -0.01076297  0.00000000    0.01076297  0.00000000
 -0.01076297  0.00000000    0.28038798  0.00000000   -0.01076297  0.00000000
  0.01076297  0.00000000   -0.01076297  0.00000000    0.28038798  0.00000000
    1    2
 -0.20504147  0.06054279   -0.03610735 -0.03689008    0.03610735  0.03689008
 -0.03610735 -0.03689008   -0.20504147  0.06054279   -0.03610735 -0.03689008
  0.03610735  0.03689008   -0.03610735 -0.03689008   -0.20504147  0.06054279
    2    1
 -0.20504147 -0.06054279   -0.03610735  0.03689008    0.03610735 -0.03689008
 -0.03610735  0.03689008   -0.20504147 -0.06054279   -0.03610735  0.03689008
  0.03610735 -0.03689008   -0.03610735  0.03689008   -0.20504147 -0.06054279
    2    2
  0.28038798  0.00000000   -0.01076297  0.00000000    0.01076297  0.00000000
 -0.01076297  0.00000000    0.28038798  0.00000000   -0.01076297  0.00000000
  0.01076297  0.00000000   -0.01076297  0.00000000    0.28038798  0.00000000

     Dynamical  Matrix in cartesian axes

     q = (    0.250000000   0.250000000   0.250000000 ) 

    1    1
  0.28038798  0.00000000    0.01076297  0.00000000    0.01076297  0.00000000
  0.01076297  0.00000000    0.28038798  0.00000000    0.01076297  0.00000000
  0.01076297  0.00000000    0.01076297  0.00000000    0.28038798  0.00000000
    1    2
 -0.06054279  0.20504147   -0.03689008 -0.03610735   -0.03689008 -0.03610735
 -0.03689008 -0.03610735   -0.06054279  0.20504147   -0.03689008 -0.03610735
 -0.03689008 -0.03610735   -0.03689008 -0.03610735   -0.06054279  0.20504147
    2    1
 -0.06054279 -0.20504147   -0.03689008  0.03610735   -0.03689008  0.03610735
 -0.03689008  0.03610735   -0.06054279 -0.20504147   -0.03689008  0.03610735
 -0.03689008  0.03610735   -0.03689008  0.03610735   -0.06054279 -0.20504147
    2    2
  0.28038798  0.00000000    0.01076297  0.00000000    0.01076297  0.00000000
  0.01076297  0.00000000    0.28038798  0.00000000    0.01076297  0.00000000
  0.01076297  0.00000000    0.01076297  0.00000000    0.28038798  0.00000000

     Dynamical  Matrix in cartesian axes

     q = (   -0.250000000  -0.250000000  -0.250000000 ) 

    1    1
  0.28038798  0.00000000    0.01076297  0.00000000    0.01076297  0.00000000
  0.01076297  0.00000000    0.28038798  0.00000000    0.01076297  0.00000000
  0.01076297  0.00000000    0.01076297  0.00000000    0.28038798  0.00000000
    1    2
 -0.06054279 -0.20504147   -0.03689008  0.03610735   -0.03689008  0.03610735
 -0.03689008  0.03610735   -0.06054279 -0.20504147   -0.03689008  0.03610735
 -0.03689008  0.03610735   -0.03689008  0.03610735   -0.06054279 -0.20504147
    2    1
 -0.06054279  0.20504147   -0.03689008 -0.03610735   -0.03689008 -0.03610735
 -0.03689008 -0.03610735   -0.06054279  0.20504147   -0.03689008 -0.03610735
 -0.03689008 -0.03610735   -0.03689008 -0.03610735   -0.06054279  0.20504147
    2    2
  0.28038798  0.00000000    0.01076297  0.00000000    0.01076297  0.00000000
  0.01076297  0.00000000    0.28038798  0.00000000    0.01076297  0.00000000
  0.01076297  0.00000000    0.01076297  0.00000000    0.28038798  0.00000000

     Dynamical  Matrix in cartesian axes

     q = (   -0.250000000  -0.250000000   0.250000000 ) 

    1    1
  0.28038798  0.00000000    0.01076297  0.00000000   -0.01076297  0.00000000
  0.01076297  0.00000000    0.28038798  0.00000000   -0.01076297  0.00000000
 -0.01076297  0.00000000   -0.01076297  0.00000000    0.28038798  0.00000000
    1    2
 -0.20504147 -0.06054279    0.03610735 -0.03689008   -0.03610735  0.03689008
  0.03610735 -0.03689008   -0.20504147 -0.06054279   -0.03610735  0.03689008
 -0.03610735  0.03689008   -0.03610735  0.03689008   -0.20504147 -0.06054279
    2    1
 -0.20504147  0.06054279    0.03610735  0.03689008   -0.03610735 -0.03689008
  0.03610735  0.03689008   -0.20504147  0.06054279   -0.03610735 -0.03689008
 -0.03610735 -0.03689008   -0.03610735 -0.03689008   -0.20504147  0.06054279
    2    2
  0.28038798  0.00000000    0.01076297  0.00000000   -0.01076297  0.00000000
  0.01076297  0.00000000    0.28038798  0.00000000   -0.01076297  0.00000000
 -0.01076297  0.00000000   -0.01076297  0.00000000    0.28038798  0.00000000

     Dynamical  Matrix in cartesian axes

     q = (   -0.250000000   0.250000000   0.250000000 ) 

    1    1
  0.28038798  0.00000000   -0.01076297  0.00000000   -0.01076297  0.00000000
 -0.01076297  0.00000000    0.28038798  0.00000000    0.01076297  0.00000000
 -0.01076297  0.00000000    0.01076297  0.00000000    0.28038798  0.00000000
    1    2
 -0.20504147  0.06054279   -0.03610735 -0.03689008   -0.03610735 -0.03689008
 -0.03610735 -0.03689008   -0.20504147  0.06054279    0.03610735  0.03689008
 -0.03610735 -0.03689008    0.03610735  0.03689008   -0.20504147  0.06054279
    2    1
 -0.20504147 -0.06054279   -0.03610735  0.03689008   -0.03610735  0.03689008
 -0.03610735  0.03689008   -0.20504147 -0.06054279    0.03610735 -0.03689008
 -0.03610735  0.03689008    0.03610735 -0.03689008   -0.20504147 -0.06054279
    2    2
  0.28038798  0.00000000   -0.01076297  0.00000000   -0.01076297  0.00000000
 -0.01076297  0.00000000    0.28038798  0.00000000    0.01076297  0.00000000
 -0.01076297  0.00000000    0.01076297  0.00000000    0.28038798  0.00000000

     Dynamical  Matrix in cartesian axes

     q = (    0.250000000   0.250000000  -0.250000000 ) 

    1    1
  0.28038798  0.00000000    0.01076297  0.00000000   -0.01076297  0.00000000
  0.01076297  0.00000000    0.28038798  0.00000000   -0.01076297  0.00000000
 -0.01076297  0.00000000   -0.01076297  0.00000000    0.28038798  0.00000000
    1    2
 -0.20504147  0.06054279    0.03610735  0.03689008   -0.03610735 -0.03689008
  0.03610735  0.03689008   -0.20504147  0.06054279   -0.03610735 -0.03689008
 -0.03610735 -0.03689008   -0.03610735 -0.03689008   -0.20504147  0.06054279
    2    1
 -0.20504147 -0.06054279    0.03610735 -0.03689008   -0.03610735  0.03689008
  0.03610735 -0.03689008   -0.20504147 -0.06054279   -0.03610735  0.03689008
 -0.03610735  0.03689008   -0.03610735  0.03689008   -0.20504147 -0.06054279
    2    2
  0.28038798  0.00000000    0.01076297  0.00000000   -0.01076297  0.00000000
  0.01076297  0.00000000    0.28038798  0.00000000   -0.01076297  0.00000000
 -0.01076297  0.00000000   -0.01076297  0.00000000    0.28038798  0.00000000

     Diagonalizing the dynamical matrix

     q = (   -0.250000000   0.250000000  -0.250000000 ) 

 **************************************************************************
     freq (    1) =       3.398579 [THz] =     113.364399 [cm-1]
 ( -0.318495 -0.041652 -0.572200 -0.066537 -0.253705 -0.024884 ) 
 ( -0.321040 -0.010363 -0.575963 -0.010363 -0.254923  0.000000 ) 
     freq (    2) =       3.398579 [THz] =     113.364399 [cm-1]
 (  0.476933  0.051904 -0.038616  0.001337 -0.515549 -0.050567 ) 
 (  0.479722  0.005100 -0.038301  0.005100 -0.518023  0.000000 ) 
     freq (    3) =       6.912240 [THz] =     230.567500 [cm-1]
 (  0.287054  0.290287 -0.287054 -0.290287  0.287054  0.290287 ) 
 (  0.408248  0.000000 -0.408248 -0.000000  0.408248  0.000000 ) 
     freq (    4) =      14.405432 [THz] =     480.513479 [cm-1]
 (  0.287054  0.290287 -0.287054 -0.290287  0.287054  0.290287 ) 
 ( -0.408248  0.000000  0.408248 -0.000000 -0.408248  0.000000 ) 
     freq (    5) =      14.711968 [THz] =     490.738418 [cm-1]
 ( -0.401854 -0.044330  0.154545  0.010243  0.556400  0.054574 ) 
 (  0.404262  0.004892 -0.154807  0.004892 -0.559070  0.000000 ) 
     freq (    6) =      14.711968 [THz] =     490.738418 [cm-1]
 ( -0.407911 -0.059074 -0.551357 -0.073144 -0.143445 -0.014070 ) 
 (  0.411730  0.018974  0.555863  0.018974  0.144134  0.000000 ) 
 **************************************************************************
