Dynamical matrix file
                                                                           
  1    2  2 10.3480000  0.0000000  0.0000000  0.0000000  0.0000000  0.0000000
           1  'Si  '    25598.822984527003     
    1    1      0.0000000000      0.0000000000      0.0000000000
    2    1      0.2500000000      0.2500000000      0.2500000000

     Dynamical  Matrix in cartesian axes

     q = (    0.750000000  -0.250000000   0.750000000 ) 

    1    1
  0.24292429  0.00000000   -0.00469523  0.00739502    0.00141373  0.00000000
 -0.00469523 -0.00739502    0.29858958  0.00000000   -0.00469523 -0.00739502
  0.00141373  0.00000000   -0.00469523  0.00739502    0.24292429  0.00000000
    1    2
 -0.05773829  0.06745153   -0.03587485  0.03992365   -0.04071500 -0.12957304
 -0.03587485  0.03992365   -0.05628803  0.08663181   -0.03587485  0.03992365
 -0.04071500 -0.12957304   -0.03587485  0.03992365   -0.05773829  0.06745153
    2    1
 -0.05773829 -0.06745153   -0.03587485 -0.03992365   -0.04071500  0.12957304
 -0.03587485 -0.03992365   -0.05628803 -0.08663181   -0.03587485 -0.03992365
 -0.04071500  0.12957304   -0.03587485 -0.03992365   -0.05773829 -0.06745153
    2    2
  0.24292429  0.00000000   -0.00469523 -0.00739502    0.00141373  0.00000000
 -0.00469523  0.00739502    0.29858958  0.00000000   -0.00469523  0.00739502
  0.00141373  0.00000000   -0.00469523 -0.00739502    0.24292429  0.00000000

     Dynamical  Matrix in cartesian axes

     q = (    0.750000000  -0.250000000  -0.750000000 ) 

    1    1
  0.24292429  0.00000000   -0.00469523 -0.00739502   -0.00141373  0.00000000
 -0.00469523  0.00739502    0.29858958  0.00000000    0.00469523 -0.00739502
 -0.00141373  0.00000000    0.00469523  0.00739502    0.24292429  0.00000000
    1    2
 -0.06745153  0.05773829   -0.03992365  0.03587485   -0.12957304 -0.04071500
 -0.03992365  0.03587485   -0.08663181  0.05628803    0.03992365 -0.03587485
 -0.12957304 -0.04071500    0.03992365 -0.03587485   -0.06745153  0.05773829
    2    1
 -0.06745153 -0.05773829   -0.03992365 -0.03587485   -0.12957304  0.04071500
 -0.03992365 -0.03587485   -0.08663181 -0.05628803    0.03992365  0.03587485
 -0.12957304  0.04071500    0.03992365  0.03587485   -0.06745153 -0.05773829
    2    2
  0.24292429  0.00000000   -0.00469523  0.00739502   -0.00141373  0.00000000
 -0.00469523 -0.00739502    0.29858958  0.00000000    0.00469523  0.00739502
 -0.00141373  0.00000000    0.00469523 -0.00739502    0.24292429  0.00000000

     Dynamical  Matrix in cartesian axes

     q = (   -0.750000000  -0.250000000  -0.750000000 ) 

    1    1
  0.24292429  0.00000000    0.00469523 -0.00739502    0.00141373  0.00000000
  0.00469523  0.00739502    0.29858958  0.00000000    0.00469523  0.00739502
  0.00141373  0.00000000    0.00469523 -0.00739502    0.24292429  0.00000000
    1    2
  0.06745153  0.05773829   -0.03992365 -0.03587485   -0.12957304  0.04071500
 -0.03992365 -0.03587485    0.08663181  0.05628803   -0.03992365 -0.03587485
 -0.12957304  0.04071500   -0.03992365 -0.03587485    0.06745153  0.05773829
    2    1
  0.06745153 -0.05773829   -0.03992365  0.03587485   -0.12957304 -0.04071500
 -0.03992365  0.03587485    0.08663181 -0.05628803   -0.03992365  0.03587485
 -0.12957304 -0.04071500   -0.03992365  0.03587485    0.06745153 -0.05773829
    2    2
  0.24292429  0.00000000    0.00469523  0.00739502    0.00141373  0.00000000
  0.00469523 -0.00739502    0.29858958  0.00000000    0.00469523 -0.00739502
  0.00141373  0.00000000    0.00469523  0.00739502    0.24292429  0.00000000

     Dynamical  Matrix in cartesian axes

     q = (   -0.750000000  -0.250000000   0.750000000 ) 

    1    1
  0.24292429  0.00000000    0.00469523  0.00739502   -0.00141373  0.00000000
  0.00469523 -0.00739502    0.29858958  0.00000000   -0.00469523  0.00739502
 -0.00141373  0.00000000   -0.00469523 -0.00739502    0.24292429  0.00000000
    1    2
 -0.06745153  0.05773829    0.03992365 -0.03587485   -0.12957304 -0.04071500
  0.03992365 -0.03587485   -0.08663181  0.05628803   -0.03992365  0.03587485
 -0.12957304 -0.04071500   -0.03992365  0.03587485   -0.06745153  0.05773829
    2    1
 -0.06745153 -0.05773829    0.03992365  0.03587485   -0.12957304  0.04071500
  0.03992365  0.03587485   -0.08663181 -0.05628803   -0.03992365 -0.03587485
 -0.12957304  0.04071500   -0.03992365 -0.03587485   -0.06745153 -0.05773829
    2    2
  0.24292429  0.00000000    0.00469523 -0.00739502   -0.00141373  0.00000000
  0.00469523  0.00739502    0.29858958  0.00000000   -0.00469523 -0.00739502
 -0.00141373  0.00000000   -0.00469523  0.00739502    0.24292429  0.00000000

     Dynamical  Matrix in cartesian axes

     q = (   -0.750000000   0.250000000  -0.750000000 ) 

    1    1
  0.24292429  0.00000000   -0.00469523 -0.00739502    0.00141373  0.00000000
 -0.00469523  0.00739502    0.29858958  0.00000000   -0.00469523  0.00739502
  0.00141373  0.00000000   -0.00469523 -0.00739502    0.24292429  0.00000000
    1    2
 -0.05773829 -0.06745153   -0.03587485 -0.03992365   -0.04071500  0.12957304
 -0.03587485 -0.03992365   -0.05628803 -0.08663181   -0.03587485 -0.03992365
 -0.04071500  0.12957304   -0.03587485 -0.03992365   -0.05773829 -0.06745153
    2    1
 -0.05773829  0.06745153   -0.03587485  0.03992365   -0.04071500 -0.12957304
 -0.03587485  0.03992365   -0.05628803  0.08663181   -0.03587485  0.03992365
 -0.04071500 -0.12957304   -0.03587485  0.03992365   -0.05773829  0.06745153
    2    2
  0.24292429  0.00000000   -0.00469523  0.00739502    0.00141373  0.00000000
 -0.00469523 -0.00739502    0.29858958  0.00000000   -0.00469523 -0.00739502
  0.00141373  0.00000000   -0.00469523  0.00739502    0.24292429  0.00000000

     Dynamical  Matrix in cartesian axes

     q = (   -0.250000000   0.750000000  -0.750000000 ) 

    1    1
  0.29858958  0.00000000   -0.00469523  0.00739502    0.00469523 -0.00739502
 -0.00469523 -0.00739502    0.24292429  0.00000000   -0.00141373  0.00000000
  0.00469523  0.00739502   -0.00141373  0.00000000    0.24292429  0.00000000
    1    2
 -0.08663181  0.05628803   -0.03992365  0.03587485    0.03992365 -0.03587485
 -0.03992365  0.03587485   -0.06745153  0.05773829   -0.12957304 -0.04071500
  0.03992365 -0.03587485   -0.12957304 -0.04071500   -0.06745153  0.05773829
    2    1
 -0.08663181 -0.05628803   -0.03992365 -0.03587485    0.03992365  0.03587485
 -0.03992365 -0.03587485   -0.06745153 -0.05773829   -0.12957304  0.04071500
  0.03992365  0.03587485   -0.12957304  0.04071500   -0.06745153 -0.05773829
    2    2
  0.29858958  0.00000000   -0.00469523 -0.00739502    0.00469523  0.00739502
 -0.00469523  0.00739502    0.24292429  0.00000000   -0.00141373  0.00000000
  0.00469523 -0.00739502   -0.00141373  0.00000000    0.24292429  0.00000000

     Dynamical  Matrix in cartesian axes

     q = (   -0.750000000   0.750000000  -0.250000000 ) 

    1    1
  0.24292429  0.00000000   -0.00141373  0.00000000    0.00469523  0.00739502
 -0.00141373  0.00000000    0.24292429  0.00000000   -0.00469523 -0.00739502
  0.00469523 -0.00739502   -0.00469523  0.00739502    0.29858958  0.00000000
    1    2
 -0.06745153  0.05773829   -0.12957304 -0.04071500    0.03992365 -0.03587485
 -0.12957304 -0.04071500   -0.06745153  0.05773829   -0.03992365  0.03587485
  0.03992365 -0.03587485   -0.03992365  0.03587485   -0.08663181  0.05628803
    2    1
 -0.06745153 -0.05773829   -0.12957304  0.04071500    0.03992365  0.03587485
 -0.12957304  0.04071500   -0.06745153 -0.05773829   -0.03992365 -0.03587485
  0.03992365  0.03587485   -0.03992365 -0.03587485   -0.08663181 -0.05628803
    2    2
  0.24292429  0.00000000   -0.00141373  0.00000000    0.00469523 -0.00739502
 -0.00141373  0.00000000    0.24292429  0.00000000   -0.00469523  0.00739502
  0.00469523  0.00739502   -0.00469523 -0.00739502    0.29858958  0.00000000

     Dynamical  Matrix in cartesian axes

     q = (    0.750000000   0.250000000   0.750000000 ) 

    1    1
  0.24292429  0.00000000    0.00469523  0.00739502    0.00141373  0.00000000
  0.00469523 -0.00739502    0.29858958  0.00000000    0.00469523 -0.00739502
  0.00141373  0.00000000    0.00469523  0.00739502    0.24292429  0.00000000
    1    2
  0.06745153 -0.05773829   -0.03992365  0.03587485   -0.12957304 -0.04071500
 -0.03992365  0.03587485    0.08663181 -0.05628803   -0.03992365  0.03587485
 -0.12957304 -0.04071500   -0.03992365  0.03587485    0.06745153 -0.05773829
    2    1
  0.06745153  0.05773829   -0.03992365 -0.03587485   -0.12957304  0.04071500
 -0.03992365 -0.03587485    0.08663181  0.05628803   -0.03992365 -0.03587485
 -0.12957304  0.04071500   -0.03992365 -0.03587485    0.06745153  0.05773829
    2    2
  0.24292429  0.00000000    0.00469523 -0.00739502    0.00141373  0.00000000
  0.00469523  0.00739502    0.29858958  0.00000000    0.00469523  0.00739502
  0.00141373  0.00000000    0.00469523 -0.00739502    0.24292429  0.00000000

     Dynamical  Matrix in cartesian axes

     q = (   -0.750000000   0.250000000   0.750000000 ) 

    1    1
  0.24292429  0.00000000   -0.00469523  0.00739502   -0.00141373  0.00000000
 -0.00469523 -0.00739502    0.29858958  0.00000000    0.00469523  0.00739502
 -0.00141373  0.00000000    0.00469523 -0.00739502    0.24292429  0.00000000
    1    2
 -0.06745153 -0.05773829   -0.03992365 -0.03587485   -0.12957304  0.04071500
 -0.03992365 -0.03587485   -0.08663181 -0.05628803    0.03992365  0.03587485
 -0.12957304  0.04071500    0.03992365  0.03587485   -0.06745153 -0.05773829
    2    1
 -0.06745153  0.05773829   -0.03992365  0.03587485   -0.12957304 -0.04071500
 -0.03992365  0.03587485   -0.08663181  0.05628803    0.03992365 -0.03587485
 -0.12957304 -0.04071500    0.03992365 -0.03587485   -0.06745153  0.05773829
    2    2
  0.24292429  0.00000000   -0.00469523 -0.00739502   -0.00141373  0.00000000
 -0.00469523  0.00739502    0.29858958  0.00000000    0.00469523 -0.00739502
 -0.00141373  0.00000000    0.00469523  0.00739502    0.24292429  0.00000000

     Dynamical  Matrix in cartesian axes

     q = (    0.750000000   0.250000000  -0.750000000 ) 

    1    1
  0.24292429  0.00000000    0.00469523 -0.00739502   -0.00141373  0.00000000
  0.00469523  0.00739502    0.29858958  0.00000000   -0.00469523 -0.00739502
 -0.00141373  0.00000000   -0.00469523  0.00739502    0.24292429  0.00000000
    1    2
 -0.06745153 -0.05773829    0.03992365  0.03587485   -0.12957304  0.04071500
  0.03992365  0.03587485   -0.08663181 -0.05628803   -0.03992365 -0.03587485
 -0.12957304  0.04071500   -0.03992365 -0.03587485   -0.06745153 -0.05773829
    2    1
 -0.06745153  0.05773829    0.03992365 -0.03587485   -0.12957304 -0.04071500
  0.03992365 -0.03587485   -0.08663181  0.05628803   -0.03992365  0.03587485
 -0.12957304 -0.04071500   -0.03992365  0.03587485   -0.06745153  0.05773829
    2    2
  0.24292429  0.00000000    0.00469523  0.00739502   -0.00141373  0.00000000
  0.00469523 -0.00739502    0.29858958  0.00000000   -0.00469523  0.00739502
 -0.00141373  0.00000000   -0.00469523 -0.00739502    0.24292429  0.00000000

     Dynamical  Matrix in cartesian axes

     q = (   -0.750000000   0.750000000   0.250000000 ) 

    1    1
  0.24292429  0.00000000   -0.00141373  0.00000000   -0.00469523  0.00739502
 -0.00141373  0.00000000    0.24292429  0.00000000    0.00469523 -0.00739502
 -0.00469523 -0.00739502    0.00469523  0.00739502    0.29858958  0.00000000
    1    2
 -0.06745153 -0.05773829   -0.12957304  0.04071500   -0.03992365 -0.03587485
 -0.12957304  0.04071500   -0.06745153 -0.05773829    0.03992365  0.03587485
 -0.03992365 -0.03587485    0.03992365  0.03587485   -0.08663181 -0.05628803
    2    1
 -0.06745153  0.05773829   -0.12957304 -0.04071500   -0.03992365  0.03587485
 -0.12957304 -0.04071500   -0.06745153  0.05773829    0.03992365 -0.03587485
 -0.03992365  0.03587485    0.03992365 -0.03587485   -0.08663181  0.05628803
    2    2
  0.24292429  0.00000000   -0.00141373  0.00000000   -0.00469523 -0.00739502
 -0.00141373  0.00000000    0.24292429  0.00000000    0.00469523  0.00739502
 -0.00469523  0.00739502    0.00469523 -0.00739502    0.29858958  0.00000000

     Dynamical  Matrix in cartesian axes

     q = (   -0.250000000   0.750000000   0.750000000 ) 

    1    1
  0.29858958  0.00000000   -0.00469523 -0.00739502   -0.00469523 -0.00739502
 -0.00469523  0.00739502    0.24292429  0.00000000    0.00141373  0.00000000
 -0.00469523  0.00739502    0.00141373  0.00000000    0.24292429  0.00000000
    1    2
 -0.05628803  0.08663181   -0.03587485  0.03992365   -0.03587485  0.03992365
 -0.03587485  0.03992365   -0.05773829  0.06745153   -0.04071500 -0.12957304
 -0.03587485  0.03992365   -0.04071500 -0.12957304   -0.05773829  0.06745153
    2    1
 -0.05628803 -0.08663181   -0.03587485 -0.03992365   -0.03587485 -0.03992365
 -0.03587485 -0.03992365   -0.05773829 -0.06745153   -0.04071500  0.12957304
 -0.03587485 -0.03992365   -0.04071500  0.12957304   -0.05773829 -0.06745153
    2    2
  0.29858958  0.00000000   -0.00469523  0.00739502   -0.00469523  0.00739502
 -0.00469523 -0.00739502    0.24292429  0.00000000    0.00141373  0.00000000
 -0.00469523 -0.00739502    0.00141373  0.00000000    0.24292429  0.00000000

     Dynamical  Matrix in cartesian axes

     q = (    0.250000000   0.750000000  -0.750000000 ) 

    1    1
  0.29858958  0.00000000    0.00469523  0.00739502   -0.00469523 -0.00739502
  0.00469523 -0.00739502    0.24292429  0.00000000   -0.00141373  0.00000000
 -0.00469523  0.00739502   -0.00141373  0.00000000    0.24292429  0.00000000
    1    2
 -0.08663181 -0.05628803    0.03992365  0.03587485   -0.03992365 -0.03587485
  0.03992365  0.03587485   -0.06745153 -0.05773829   -0.12957304  0.04071500
 -0.03992365 -0.03587485   -0.12957304  0.04071500   -0.06745153 -0.05773829
    2    1
 -0.08663181  0.05628803    0.03992365 -0.03587485   -0.03992365  0.03587485
  0.03992365 -0.03587485   -0.06745153  0.05773829   -0.12957304 -0.04071500
 -0.03992365  0.03587485   -0.12957304 -0.04071500   -0.06745153  0.05773829
    2    2
  0.29858958  0.00000000    0.00469523 -0.00739502   -0.00469523  0.00739502
  0.00469523  0.00739502    0.24292429  0.00000000   -0.00141373  0.00000000
 -0.00469523 -0.00739502   -0.00141373  0.00000000    0.24292429  0.00000000

     Dynamical  Matrix in cartesian axes

     q = (   -0.250000000  -0.750000000  -0.750000000 ) 

    1    1
  0.29858958  0.00000000    0.00469523  0.00739502    0.00469523  0.00739502
  0.00469523 -0.00739502    0.24292429  0.00000000    0.00141373  0.00000000
  0.00469523 -0.00739502    0.00141373  0.00000000    0.24292429  0.00000000
    1    2
  0.08663181  0.05628803   -0.03992365 -0.03587485   -0.03992365 -0.03587485
 -0.03992365 -0.03587485    0.06745153  0.05773829   -0.12957304  0.04071500
 -0.03992365 -0.03587485   -0.12957304  0.04071500    0.06745153  0.05773829
    2    1
  0.08663181 -0.05628803   -0.03992365  0.03587485   -0.03992365  0.03587485
 -0.03992365  0.03587485    0.06745153 -0.05773829   -0.12957304 -0.04071500
 -0.03992365  0.03587485   -0.12957304 -0.04071500    0.06745153 -0.05773829
    2    2
  0.29858958  0.00000000    0.00469523 -0.00739502    0.00469523 -0.00739502
  0.00469523  0.00739502    0.24292429  0.00000000    0.00141373  0.00000000
  0.00469523  0.00739502    0.00141373  0.00000000    0.24292429  0.00000000

     Dynamical  Matrix in cartesian axes

     q = (    0.750000000   0.750000000  -0.250000000 ) 

    1    1
  0.24292429  0.00000000    0.00141373  0.00000000   -0.00469523  0.00739502
  0.00141373  0.00000000    0.24292429  0.00000000   -0.00469523  0.00739502
 -0.00469523 -0.00739502   -0.00469523 -0.00739502    0.29858958  0.00000000
    1    2
 -0.05773829  0.06745153   -0.04071500 -0.12957304   -0.03587485  0.03992365
 -0.04071500 -0.12957304   -0.05773829  0.06745153   -0.03587485  0.03992365
 -0.03587485  0.03992365   -0.03587485  0.03992365   -0.05628803  0.08663181
    2    1
 -0.05773829 -0.06745153   -0.04071500  0.12957304   -0.03587485 -0.03992365
 -0.04071500  0.12957304   -0.05773829 -0.06745153   -0.03587485 -0.03992365
 -0.03587485 -0.03992365   -0.03587485 -0.03992365   -0.05628803 -0.08663181
    2    2
  0.24292429  0.00000000    0.00141373  0.00000000   -0.00469523 -0.00739502
  0.00141373  0.00000000    0.24292429  0.00000000   -0.00469523 -0.00739502
 -0.00469523  0.00739502   -0.00469523  0.00739502    0.29858958  0.00000000

     Dynamical  Matrix in cartesian axes

     q = (    0.750000000  -0.750000000   0.250000000 ) 

    1    1
  0.24292429  0.00000000   -0.00141373  0.00000000    0.00469523 -0.00739502
 -0.00141373  0.00000000    0.24292429  0.00000000   -0.00469523  0.00739502
  0.00469523  0.00739502   -0.00469523 -0.00739502    0.29858958  0.00000000
    1    2
 -0.06745153 -0.05773829   -0.12957304  0.04071500    0.03992365  0.03587485
 -0.12957304  0.04071500   -0.06745153 -0.05773829   -0.03992365 -0.03587485
  0.03992365  0.03587485   -0.03992365 -0.03587485   -0.08663181 -0.05628803
    2    1
 -0.06745153  0.05773829   -0.12957304 -0.04071500    0.03992365 -0.03587485
 -0.12957304 -0.04071500   -0.06745153  0.05773829   -0.03992365  0.03587485
  0.03992365 -0.03587485   -0.03992365  0.03587485   -0.08663181  0.05628803
    2    2
  0.24292429  0.00000000   -0.00141373  0.00000000    0.00469523  0.00739502
 -0.00141373  0.00000000    0.24292429  0.00000000   -0.00469523 -0.00739502
  0.00469523 -0.00739502   -0.00469523  0.00739502    0.29858958  0.00000000

     Dynamical  Matrix in cartesian axes

     q = (   -0.750000000  -0.750000000  -0.250000000 ) 

    1    1
  0.24292429  0.00000000    0.00141373  0.00000000    0.00469523 -0.00739502
  0.00141373  0.00000000    0.24292429  0.00000000    0.00469523 -0.00739502
  0.00469523  0.00739502    0.00469523  0.00739502    0.29858958  0.00000000
    1    2
  0.06745153  0.05773829   -0.12957304  0.04071500   -0.03992365 -0.03587485
 -0.12957304  0.04071500    0.06745153  0.05773829   -0.03992365 -0.03587485
 -0.03992365 -0.03587485   -0.03992365 -0.03587485    0.08663181  0.05628803
    2    1
  0.06745153 -0.05773829   -0.12957304 -0.04071500   -0.03992365  0.03587485
 -0.12957304 -0.04071500    0.06745153 -0.05773829   -0.03992365  0.03587485
 -0.03992365  0.03587485   -0.03992365  0.03587485    0.08663181 -0.05628803
    2    2
  0.24292429  0.00000000    0.00141373  0.00000000    0.00469523  0.00739502
  0.00141373  0.00000000    0.24292429  0.00000000    0.00469523  0.00739502
  0.00469523 -0.00739502    0.00469523 -0.00739502    0.29858958  0.00000000

     Dynamical  Matrix in cartesian axes

     q = (    0.250000000  -0.750000000   0.750000000 ) 

    1    1
  0.29858958  0.00000000   -0.00469523 -0.00739502    0.00469523  0.00739502
 -0.00469523  0.00739502    0.24292429  0.00000000   -0.00141373  0.00000000
  0.00469523 -0.00739502   -0.00141373  0.00000000    0.24292429  0.00000000
    1    2
 -0.08663181 -0.05628803   -0.03992365 -0.03587485    0.03992365  0.03587485
 -0.03992365 -0.03587485   -0.06745153 -0.05773829   -0.12957304  0.04071500
  0.03992365  0.03587485   -0.12957304  0.04071500   -0.06745153 -0.05773829
    2    1
 -0.08663181  0.05628803   -0.03992365  0.03587485    0.03992365 -0.03587485
 -0.03992365  0.03587485   -0.06745153  0.05773829   -0.12957304 -0.04071500
  0.03992365 -0.03587485   -0.12957304 -0.04071500   -0.06745153  0.05773829
    2    2
  0.29858958  0.00000000   -0.00469523  0.00739502    0.00469523 -0.00739502
 -0.00469523 -0.00739502    0.24292429  0.00000000   -0.00141373  0.00000000
  0.00469523  0.00739502   -0.00141373  0.00000000    0.24292429  0.00000000

     Dynamical  Matrix in cartesian axes

     q = (   -0.750000000  -0.750000000   0.250000000 ) 

    1    1
  0.24292429  0.00000000    0.00141373  0.00000000   -0.00469523 -0.00739502
  0.00141373  0.00000000    0.24292429  0.00000000   -0.00469523 -0.00739502
 -0.00469523  0.00739502   -0.00469523  0.00739502    0.29858958  0.00000000
    1    2
 -0.05773829 -0.06745153   -0.04071500  0.12957304   -0.03587485 -0.03992365
 -0.04071500  0.12957304   -0.05773829 -0.06745153   -0.03587485 -0.03992365
 -0.03587485 -0.03992365   -0.03587485 -0.03992365   -0.05628803 -0.08663181
    2    1
 -0.05773829  0.06745153   -0.04071500 -0.12957304   -0.03587485  0.03992365
 -0.04071500 -0.12957304   -0.05773829  0.06745153   -0.03587485  0.03992365
 -0.03587485  0.03992365   -0.03587485  0.03992365   -0.05628803  0.08663181
    2    2
  0.24292429  0.00000000    0.00141373  0.00000000   -0.00469523  0.00739502
  0.00141373  0.00000000    0.24292429  0.00000000   -0.00469523  0.00739502
 -0.00469523 -0.00739502   -0.00469523 -0.00739502    0.29858958  0.00000000

     Dynamical  Matrix in cartesian axes

     q = (    0.250000000   0.750000000   0.750000000 ) 

    1    1
  0.29858958  0.00000000    0.00469523 -0.00739502    0.00469523 -0.00739502
  0.00469523  0.00739502    0.24292429  0.00000000    0.00141373  0.00000000
  0.00469523  0.00739502    0.00141373  0.00000000    0.24292429  0.00000000
    1    2
  0.08663181 -0.05628803   -0.03992365  0.03587485   -0.03992365  0.03587485
 -0.03992365  0.03587485    0.06745153 -0.05773829   -0.12957304 -0.04071500
 -0.03992365  0.03587485   -0.12957304 -0.04071500    0.06745153 -0.05773829
    2    1
  0.08663181  0.05628803   -0.03992365 -0.03587485   -0.03992365 -0.03587485
 -0.03992365 -0.03587485    0.06745153  0.05773829   -0.12957304  0.04071500
 -0.03992365 -0.03587485   -0.12957304  0.04071500    0.06745153  0.05773829
    2    2
  0.29858958  0.00000000    0.00469523  0.00739502    0.00469523  0.00739502
  0.00469523 -0.00739502    0.24292429  0.00000000    0.00141373  0.00000000
  0.00469523 -0.00739502    0.00141373  0.00000000    0.24292429  0.00000000

     Dynamical  Matrix in cartesian axes

     q = (   -0.250000000  -0.750000000   0.750000000 ) 

    1    1
  0.29858958  0.00000000    0.00469523 -0.00739502   -0.00469523  0.00739502
  0.00469523  0.00739502    0.24292429  0.00000000   -0.00141373  0.00000000
 -0.00469523 -0.00739502   -0.00141373  0.00000000    0.24292429  0.00000000
    1    2
 -0.08663181  0.05628803    0.03992365 -0.03587485   -0.03992365  0.03587485
  0.03992365 -0.03587485   -0.06745153  0.05773829   -0.12957304 -0.04071500
 -0.03992365  0.03587485   -0.12957304 -0.04071500   -0.06745153  0.05773829
    2    1
 -0.08663181 -0.05628803    0.03992365  0.03587485   -0.03992365 -0.03587485
  0.03992365  0.03587485   -0.06745153 -0.05773829   -0.12957304  0.04071500
 -0.03992365 -0.03587485   -0.12957304  0.04071500   -0.06745153 -0.05773829
    2    2
  0.29858958  0.00000000    0.00469523  0.00739502   -0.00469523 -0.00739502
  0.00469523 -0.00739502    0.24292429  0.00000000   -0.00141373  0.00000000
 -0.00469523  0.00739502   -0.00141373  0.00000000    0.24292429  0.00000000

     Dynamical  Matrix in cartesian axes

     q = (    0.750000000   0.750000000   0.250000000 ) 

    1    1
  0.24292429  0.00000000    0.00141373  0.00000000    0.00469523  0.00739502
  0.00141373  0.00000000    0.24292429  0.00000000    0.00469523  0.00739502
  0.00469523 -0.00739502    0.00469523 -0.00739502    0.29858958  0.00000000
    1    2
  0.06745153 -0.05773829   -0.12957304 -0.04071500   -0.03992365  0.03587485
 -0.12957304 -0.04071500    0.06745153 -0.05773829   -0.03992365  0.03587485
 -0.03992365  0.03587485   -0.03992365  0.03587485    0.08663181 -0.05628803
    2    1
  0.06745153  0.05773829   -0.12957304  0.04071500   -0.03992365 -0.03587485
 -0.12957304  0.04071500    0.06745153  0.05773829   -0.03992365 -0.03587485
 -0.03992365 -0.03587485   -0.03992365 -0.03587485    0.08663181  0.05628803
    2    2
  0.24292429  0.00000000    0.00141373  0.00000000    0.00469523 -0.00739502
  0.00141373  0.00000000    0.24292429  0.00000000    0.00469523 -0.00739502
  0.00469523  0.00739502    0.00469523  0.00739502    0.29858958  0.00000000

     Dynamical  Matrix in cartesian axes

     q = (    0.250000000  -0.750000000  -0.750000000 ) 

    1    1
  0.29858958  0.00000000   -0.00469523  0.00739502   -0.00469523  0.00739502
 -0.00469523 -0.00739502    0.24292429  0.00000000    0.00141373  0.00000000
 -0.00469523 -0.00739502    0.00141373  0.00000000    0.24292429  0.00000000
    1    2
 -0.05628803 -0.08663181   -0.03587485 -0.03992365   -0.03587485 -0.03992365
 -0.03587485 -0.03992365   -0.05773829 -0.06745153   -0.04071500  0.12957304
 -0.03587485 -0.03992365   -0.04071500  0.12957304   -0.05773829 -0.06745153
    2    1
 -0.05628803  0.08663181   -0.03587485  0.03992365   -0.03587485  0.03992365
 -0.03587485  0.03992365   -0.05773829  0.06745153   -0.04071500 -0.12957304
 -0.03587485  0.03992365   -0.04071500 -0.12957304   -0.05773829  0.06745153
    2    2
  0.29858958  0.00000000   -0.00469523 -0.00739502   -0.00469523 -0.00739502
 -0.00469523  0.00739502    0.24292429  0.00000000    0.00141373  0.00000000
 -0.00469523  0.00739502    0.00141373  0.00000000    0.24292429  0.00000000

     Dynamical  Matrix in cartesian axes

     q = (    0.750000000  -0.750000000  -0.250000000 ) 

    1    1
  0.24292429  0.00000000   -0.00141373  0.00000000   -0.00469523 -0.00739502
 -0.00141373  0.00000000    0.24292429  0.00000000    0.00469523  0.00739502
 -0.00469523  0.00739502    0.00469523 -0.00739502    0.29858958  0.00000000
    1    2
 -0.06745153  0.05773829   -0.12957304 -0.04071500   -0.03992365  0.03587485
 -0.12957304 -0.04071500   -0.06745153  0.05773829    0.03992365 -0.03587485
 -0.03992365  0.03587485    0.03992365 -0.03587485   -0.08663181  0.05628803
    2    1
 -0.06745153 -0.05773829   -0.12957304  0.04071500   -0.03992365 -0.03587485
 -0.12957304  0.04071500   -0.06745153 -0.05773829    0.03992365  0.03587485
 -0.03992365 -0.03587485    0.03992365  0.03587485   -0.08663181 -0.05628803
    2    2
  0.24292429  0.00000000   -0.00141373  0.00000000   -0.00469523  0.00739502
 -0.00141373  0.00000000    0.24292429  0.00000000    0.00469523 -0.00739502
 -0.00469523 -0.00739502    0.00469523  0.00739502    0.29858958  0.00000000

     Diagonalizing the dynamical matrix

     q = (    0.750000000  -0.250000000   0.750000000 ) 

 **************************************************************************
     freq (    1) =       4.300943 [THz] =     143.464019 [cm-1]
 ( -0.043041  0.498144 -0.000000 -0.000000  0.043041 -0.498144 ) 
 ( -0.500000 -0.000000  0.000000 -0.000000  0.500000  0.000000 ) 
     freq (    2) =       6.138082 [THz] =     204.744363 [cm-1]
 ( -0.400458 -0.144877 -0.332929  0.162625 -0.400458 -0.144877 ) 
 ( -0.425859 -0.000000 -0.257746 -0.266187 -0.425859  0.000000 ) 
     freq (    3) =       9.343980 [THz] =     311.681625 [cm-1]
 ( -0.079563  0.295477 -0.436220 -0.349912 -0.079563  0.295477 ) 
 (  0.306002 -0.000000 -0.224456 -0.512197  0.306002  0.000000 ) 
     freq (    4) =      11.917901 [THz] =     397.538385 [cm-1]
 ( -0.163604 -0.323431  0.400392  0.277379 -0.163604 -0.323431 ) 
 (  0.362455 -0.000000 -0.428242 -0.232081  0.362455  0.000000 ) 
     freq (    5) =      13.627946 [THz] =     454.579350 [cm-1]
 ( -0.043041  0.498144  0.000000  0.000000  0.043041 -0.498144 ) 
 (  0.500000 -0.000000  0.000000 -0.000000 -0.500000  0.000000 ) 
     freq (    6) =      13.859005 [THz] =     462.286647 [cm-1]
 (  0.283967  0.114002  0.501381 -0.247687  0.283967  0.114002 ) 
 ( -0.305997  0.000000 -0.373007 -0.416651 -0.305997  0.000000 ) 
 **************************************************************************
