Dynamical matrix file
                                                                           
  1    2  2 10.3680000  0.0000000  0.0000000  0.0000000  0.0000000  0.0000000
           1  'Si  '    25598.822984527003     
    1    1      0.0000000000      0.0000000000      0.0000000000
    2    1      0.2500000000      0.2500000000      0.2500000000

     Dynamical  Matrix in cartesian axes

     q = (    0.750000000  -0.250000000   0.750000000 ) 

    1    1
  0.23999273  0.00000000   -0.00613815  0.00756438    0.00564458  0.00000000
 -0.00613815 -0.00756438    0.29073198 -0.00000000   -0.00613815 -0.00756438
  0.00564458  0.00000000   -0.00613815  0.00756438    0.23999273  0.00000000
    1    2
 -0.05902491  0.06010163   -0.03915768  0.04146653   -0.03949227 -0.12975742
 -0.03915768  0.04146653   -0.05746734  0.07853653   -0.03915768  0.04146653
 -0.03949227 -0.12975742   -0.03915768  0.04146653   -0.05902491  0.06010163
    2    1
 -0.05902491 -0.06010163   -0.03915768 -0.04146653   -0.03949227  0.12975742
 -0.03915768 -0.04146653   -0.05746734 -0.07853653   -0.03915768 -0.04146653
 -0.03949227  0.12975742   -0.03915768 -0.04146653   -0.05902491 -0.06010163
    2    2
  0.23999273 -0.00000000   -0.00613815 -0.00756438    0.00564458 -0.00000000
 -0.00613815  0.00756438    0.29073198  0.00000000   -0.00613815  0.00756438
  0.00564458 -0.00000000   -0.00613815 -0.00756438    0.23999273 -0.00000000

     Dynamical  Matrix in cartesian axes

     q = (    0.750000000  -0.250000000  -0.750000000 ) 

    1    1
  0.23999273 -0.00000000   -0.00613815 -0.00756438   -0.00564458  0.00000000
 -0.00613815  0.00756438    0.29073198  0.00000000    0.00613815 -0.00756438
 -0.00564458  0.00000000    0.00613815  0.00756438    0.23999273 -0.00000000
    1    2
 -0.06010163  0.05902491   -0.04146653  0.03915768   -0.12975742 -0.03949227
 -0.04146653  0.03915768   -0.07853653  0.05746734    0.04146653 -0.03915768
 -0.12975742 -0.03949227    0.04146653 -0.03915768   -0.06010163  0.05902491
    2    1
 -0.06010163 -0.05902491   -0.04146653 -0.03915768   -0.12975742  0.03949227
 -0.04146653 -0.03915768   -0.07853653 -0.05746734    0.04146653  0.03915768
 -0.12975742  0.03949227    0.04146653  0.03915768   -0.06010163 -0.05902491
    2    2
  0.23999273  0.00000000   -0.00613815  0.00756438   -0.00564458 -0.00000000
 -0.00613815 -0.00756438    0.29073198 -0.00000000    0.00613815  0.00756438
 -0.00564458 -0.00000000    0.00613815 -0.00756438    0.23999273  0.00000000

     Dynamical  Matrix in cartesian axes

     q = (   -0.750000000  -0.250000000  -0.750000000 ) 

    1    1
  0.23999273  0.00000000    0.00613815 -0.00756438    0.00564458  0.00000000
  0.00613815  0.00756438    0.29073198 -0.00000000    0.00613815  0.00756438
  0.00564458  0.00000000    0.00613815 -0.00756438    0.23999273  0.00000000
    1    2
  0.06010163  0.05902491   -0.04146653 -0.03915768   -0.12975742  0.03949227
 -0.04146653 -0.03915768    0.07853653  0.05746734   -0.04146653 -0.03915768
 -0.12975742  0.03949227   -0.04146653 -0.03915768    0.06010163  0.05902491
    2    1
  0.06010163 -0.05902491   -0.04146653  0.03915768   -0.12975742 -0.03949227
 -0.04146653  0.03915768    0.07853653 -0.05746734   -0.04146653  0.03915768
 -0.12975742 -0.03949227   -0.04146653  0.03915768    0.06010163 -0.05902491
    2    2
  0.23999273 -0.00000000    0.00613815  0.00756438    0.00564458 -0.00000000
  0.00613815 -0.00756438    0.29073198  0.00000000    0.00613815 -0.00756438
  0.00564458 -0.00000000    0.00613815  0.00756438    0.23999273 -0.00000000

     Dynamical  Matrix in cartesian axes

     q = (   -0.750000000  -0.250000000   0.750000000 ) 

    1    1
  0.23999273 -0.00000000    0.00613815  0.00756438   -0.00564458  0.00000000
  0.00613815 -0.00756438    0.29073198  0.00000000   -0.00613815  0.00756438
 -0.00564458  0.00000000   -0.00613815 -0.00756438    0.23999273 -0.00000000
    1    2
 -0.06010163  0.05902491    0.04146653 -0.03915768   -0.12975742 -0.03949227
  0.04146653 -0.03915768   -0.07853653  0.05746734   -0.04146653  0.03915768
 -0.12975742 -0.03949227   -0.04146653  0.03915768   -0.06010163  0.05902491
    2    1
 -0.06010163 -0.05902491    0.04146653  0.03915768   -0.12975742  0.03949227
  0.04146653  0.03915768   -0.07853653 -0.05746734   -0.04146653 -0.03915768
 -0.12975742  0.03949227   -0.04146653 -0.03915768   -0.06010163 -0.05902491
    2    2
  0.23999273  0.00000000    0.00613815 -0.00756438   -0.00564458 -0.00000000
  0.00613815  0.00756438    0.29073198 -0.00000000   -0.00613815 -0.00756438
 -0.00564458 -0.00000000   -0.00613815  0.00756438    0.23999273  0.00000000

     Dynamical  Matrix in cartesian axes

     q = (   -0.750000000   0.250000000  -0.750000000 ) 

    1    1
  0.23999273 -0.00000000   -0.00613815 -0.00756438    0.00564458 -0.00000000
 -0.00613815  0.00756438    0.29073198  0.00000000   -0.00613815  0.00756438
  0.00564458 -0.00000000   -0.00613815 -0.00756438    0.23999273 -0.00000000
    1    2
 -0.05902491 -0.06010163   -0.03915768 -0.04146653   -0.03949227  0.12975742
 -0.03915768 -0.04146653   -0.05746734 -0.07853653   -0.03915768 -0.04146653
 -0.03949227  0.12975742   -0.03915768 -0.04146653   -0.05902491 -0.06010163
    2    1
 -0.05902491  0.06010163   -0.03915768  0.04146653   -0.03949227 -0.12975742
 -0.03915768  0.04146653   -0.05746734  0.07853653   -0.03915768  0.04146653
 -0.03949227 -0.12975742   -0.03915768  0.04146653   -0.05902491  0.06010163
    2    2
  0.23999273  0.00000000   -0.00613815  0.00756438    0.00564458  0.00000000
 -0.00613815 -0.00756438    0.29073198 -0.00000000   -0.00613815 -0.00756438
  0.00564458  0.00000000   -0.00613815  0.00756438    0.23999273  0.00000000

     Dynamical  Matrix in cartesian axes

     q = (   -0.250000000   0.750000000  -0.750000000 ) 

    1    1
  0.29073198  0.00000000   -0.00613815  0.00756438    0.00613815 -0.00756438
 -0.00613815 -0.00756438    0.23999273 -0.00000000   -0.00564458  0.00000000
  0.00613815  0.00756438   -0.00564458  0.00000000    0.23999273 -0.00000000
    1    2
 -0.07853653  0.05746734   -0.04146653  0.03915768    0.04146653 -0.03915768
 -0.04146653  0.03915768   -0.06010163  0.05902491   -0.12975742 -0.03949227
  0.04146653 -0.03915768   -0.12975742 -0.03949227   -0.06010163  0.05902491
    2    1
 -0.07853653 -0.05746734   -0.04146653 -0.03915768    0.04146653  0.03915768
 -0.04146653 -0.03915768   -0.06010163 -0.05902491   -0.12975742  0.03949227
  0.04146653  0.03915768   -0.12975742  0.03949227   -0.06010163 -0.05902491
    2    2
  0.29073198 -0.00000000   -0.00613815 -0.00756438    0.00613815  0.00756438
 -0.00613815  0.00756438    0.23999273  0.00000000   -0.00564458 -0.00000000
  0.00613815 -0.00756438   -0.00564458 -0.00000000    0.23999273  0.00000000

     Dynamical  Matrix in cartesian axes

     q = (   -0.750000000   0.750000000  -0.250000000 ) 

    1    1
  0.23999273 -0.00000000   -0.00564458  0.00000000    0.00613815  0.00756438
 -0.00564458  0.00000000    0.23999273 -0.00000000   -0.00613815 -0.00756438
  0.00613815 -0.00756438   -0.00613815  0.00756438    0.29073198  0.00000000
    1    2
 -0.06010163  0.05902491   -0.12975742 -0.03949227    0.04146653 -0.03915768
 -0.12975742 -0.03949227   -0.06010163  0.05902491   -0.04146653  0.03915768
  0.04146653 -0.03915768   -0.04146653  0.03915768   -0.07853653  0.05746734
    2    1
 -0.06010163 -0.05902491   -0.12975742  0.03949227    0.04146653  0.03915768
 -0.12975742  0.03949227   -0.06010163 -0.05902491   -0.04146653 -0.03915768
  0.04146653  0.03915768   -0.04146653 -0.03915768   -0.07853653 -0.05746734
    2    2
  0.23999273  0.00000000   -0.00564458 -0.00000000    0.00613815 -0.00756438
 -0.00564458 -0.00000000    0.23999273  0.00000000   -0.00613815  0.00756438
  0.00613815  0.00756438   -0.00613815 -0.00756438    0.29073198 -0.00000000

     Dynamical  Matrix in cartesian axes

     q = (    0.750000000   0.250000000   0.750000000 ) 

    1    1
  0.23999273 -0.00000000    0.00613815  0.00756438    0.00564458 -0.00000000
  0.00613815 -0.00756438    0.29073198  0.00000000    0.00613815 -0.00756438
  0.00564458 -0.00000000    0.00613815  0.00756438    0.23999273 -0.00000000
    1    2
  0.06010163 -0.05902491   -0.04146653  0.03915768   -0.12975742 -0.03949227
 -0.04146653  0.03915768    0.07853653 -0.05746734   -0.04146653  0.03915768
 -0.12975742 -0.03949227   -0.04146653  0.03915768    0.06010163 -0.05902491
    2    1
  0.06010163  0.05902491   -0.04146653 -0.03915768   -0.12975742  0.03949227
 -0.04146653 -0.03915768    0.07853653  0.05746734   -0.04146653 -0.03915768
 -0.12975742  0.03949227   -0.04146653 -0.03915768    0.06010163  0.05902491
    2    2
  0.23999273  0.00000000    0.00613815 -0.00756438    0.00564458  0.00000000
  0.00613815  0.00756438    0.29073198 -0.00000000    0.00613815  0.00756438
  0.00564458  0.00000000    0.00613815 -0.00756438    0.23999273  0.00000000

     Dynamical  Matrix in cartesian axes

     q = (   -0.750000000   0.250000000   0.750000000 ) 

    1    1
  0.23999273  0.00000000   -0.00613815  0.00756438   -0.00564458 -0.00000000
 -0.00613815 -0.00756438    0.29073198 -0.00000000    0.00613815  0.00756438
 -0.00564458 -0.00000000    0.00613815 -0.00756438    0.23999273  0.00000000
    1    2
 -0.06010163 -0.05902491   -0.04146653 -0.03915768   -0.12975742  0.03949227
 -0.04146653 -0.03915768   -0.07853653 -0.05746734    0.04146653  0.03915768
 -0.12975742  0.03949227    0.04146653  0.03915768   -0.06010163 -0.05902491
    2    1
 -0.06010163  0.05902491   -0.04146653  0.03915768   -0.12975742 -0.03949227
 -0.04146653  0.03915768   -0.07853653  0.05746734    0.04146653 -0.03915768
 -0.12975742 -0.03949227    0.04146653 -0.03915768   -0.06010163  0.05902491
    2    2
  0.23999273 -0.00000000   -0.00613815 -0.00756438   -0.00564458  0.00000000
 -0.00613815  0.00756438    0.29073198  0.00000000    0.00613815 -0.00756438
 -0.00564458  0.00000000    0.00613815  0.00756438    0.23999273 -0.00000000

     Dynamical  Matrix in cartesian axes

     q = (    0.750000000   0.250000000  -0.750000000 ) 

    1    1
  0.23999273  0.00000000    0.00613815 -0.00756438   -0.00564458 -0.00000000
  0.00613815  0.00756438    0.29073198 -0.00000000   -0.00613815 -0.00756438
 -0.00564458 -0.00000000   -0.00613815  0.00756438    0.23999273  0.00000000
    1    2
 -0.06010163 -0.05902491    0.04146653  0.03915768   -0.12975742  0.03949227
  0.04146653  0.03915768   -0.07853653 -0.05746734   -0.04146653 -0.03915768
 -0.12975742  0.03949227   -0.04146653 -0.03915768   -0.06010163 -0.05902491
    2    1
 -0.06010163  0.05902491    0.04146653 -0.03915768   -0.12975742 -0.03949227
  0.04146653 -0.03915768   -0.07853653  0.05746734   -0.04146653  0.03915768
 -0.12975742 -0.03949227   -0.04146653  0.03915768   -0.06010163  0.05902491
    2    2
  0.23999273 -0.00000000    0.00613815  0.00756438   -0.00564458  0.00000000
  0.00613815 -0.00756438    0.29073198  0.00000000   -0.00613815  0.00756438
 -0.00564458  0.00000000   -0.00613815 -0.00756438    0.23999273 -0.00000000

     Dynamical  Matrix in cartesian axes

     q = (   -0.750000000   0.750000000   0.250000000 ) 

    1    1
  0.23999273  0.00000000   -0.00564458 -0.00000000   -0.00613815  0.00756438
 -0.00564458 -0.00000000    0.23999273  0.00000000    0.00613815 -0.00756438
 -0.00613815 -0.00756438    0.00613815  0.00756438    0.29073198 -0.00000000
    1    2
 -0.06010163 -0.05902491   -0.12975742  0.03949227   -0.04146653 -0.03915768
 -0.12975742  0.03949227   -0.06010163 -0.05902491    0.04146653  0.03915768
 -0.04146653 -0.03915768    0.04146653  0.03915768   -0.07853653 -0.05746734
    2    1
 -0.06010163  0.05902491   -0.12975742 -0.03949227   -0.04146653  0.03915768
 -0.12975742 -0.03949227   -0.06010163  0.05902491    0.04146653 -0.03915768
 -0.04146653  0.03915768    0.04146653 -0.03915768   -0.07853653  0.05746734
    2    2
  0.23999273 -0.00000000   -0.00564458  0.00000000   -0.00613815 -0.00756438
 -0.00564458  0.00000000    0.23999273 -0.00000000    0.00613815  0.00756438
 -0.00613815  0.00756438    0.00613815 -0.00756438    0.29073198  0.00000000

     Dynamical  Matrix in cartesian axes

     q = (   -0.250000000   0.750000000   0.750000000 ) 

    1    1
  0.29073198 -0.00000000   -0.00613815 -0.00756438   -0.00613815 -0.00756438
 -0.00613815  0.00756438    0.23999273  0.00000000    0.00564458  0.00000000
 -0.00613815  0.00756438    0.00564458  0.00000000    0.23999273  0.00000000
    1    2
 -0.05746734  0.07853653   -0.03915768  0.04146653   -0.03915768  0.04146653
 -0.03915768  0.04146653   -0.05902491  0.06010163   -0.03949227 -0.12975742
 -0.03915768  0.04146653   -0.03949227 -0.12975742   -0.05902491  0.06010163
    2    1
 -0.05746734 -0.07853653   -0.03915768 -0.04146653   -0.03915768 -0.04146653
 -0.03915768 -0.04146653   -0.05902491 -0.06010163   -0.03949227  0.12975742
 -0.03915768 -0.04146653   -0.03949227  0.12975742   -0.05902491 -0.06010163
    2    2
  0.29073198  0.00000000   -0.00613815  0.00756438   -0.00613815  0.00756438
 -0.00613815 -0.00756438    0.23999273 -0.00000000    0.00564458 -0.00000000
 -0.00613815 -0.00756438    0.00564458 -0.00000000    0.23999273 -0.00000000

     Dynamical  Matrix in cartesian axes

     q = (    0.250000000   0.750000000  -0.750000000 ) 

    1    1
  0.29073198 -0.00000000    0.00613815  0.00756438   -0.00613815 -0.00756438
  0.00613815 -0.00756438    0.23999273  0.00000000   -0.00564458 -0.00000000
 -0.00613815  0.00756438   -0.00564458 -0.00000000    0.23999273  0.00000000
    1    2
 -0.07853653 -0.05746734    0.04146653  0.03915768   -0.04146653 -0.03915768
  0.04146653  0.03915768   -0.06010163 -0.05902491   -0.12975742  0.03949227
 -0.04146653 -0.03915768   -0.12975742  0.03949227   -0.06010163 -0.05902491
    2    1
 -0.07853653  0.05746734    0.04146653 -0.03915768   -0.04146653  0.03915768
  0.04146653 -0.03915768   -0.06010163  0.05902491   -0.12975742 -0.03949227
 -0.04146653  0.03915768   -0.12975742 -0.03949227   -0.06010163  0.05902491
    2    2
  0.29073198  0.00000000    0.00613815 -0.00756438   -0.00613815  0.00756438
  0.00613815  0.00756438    0.23999273 -0.00000000   -0.00564458  0.00000000
 -0.00613815 -0.00756438   -0.00564458  0.00000000    0.23999273 -0.00000000

     Dynamical  Matrix in cartesian axes

     q = (   -0.250000000  -0.750000000  -0.750000000 ) 

    1    1
  0.29073198 -0.00000000    0.00613815  0.00756438    0.00613815  0.00756438
  0.00613815 -0.00756438    0.23999273  0.00000000    0.00564458  0.00000000
  0.00613815 -0.00756438    0.00564458  0.00000000    0.23999273  0.00000000
    1    2
  0.07853653  0.05746734   -0.04146653 -0.03915768   -0.04146653 -0.03915768
 -0.04146653 -0.03915768    0.06010163  0.05902491   -0.12975742  0.03949227
 -0.04146653 -0.03915768   -0.12975742  0.03949227    0.06010163  0.05902491
    2    1
  0.07853653 -0.05746734   -0.04146653  0.03915768   -0.04146653  0.03915768
 -0.04146653  0.03915768    0.06010163 -0.05902491   -0.12975742 -0.03949227
 -0.04146653  0.03915768   -0.12975742 -0.03949227    0.06010163 -0.05902491
    2    2
  0.29073198  0.00000000    0.00613815 -0.00756438    0.00613815 -0.00756438
  0.00613815  0.00756438    0.23999273 -0.00000000    0.00564458 -0.00000000
  0.00613815  0.00756438    0.00564458 -0.00000000    0.23999273 -0.00000000

     Dynamical  Matrix in cartesian axes

     q = (    0.750000000   0.750000000  -0.250000000 ) 

    1    1
  0.23999273  0.00000000    0.00564458  0.00000000   -0.00613815  0.00756438
  0.00564458  0.00000000    0.23999273  0.00000000   -0.00613815  0.00756438
 -0.00613815 -0.00756438   -0.00613815 -0.00756438    0.29073198 -0.00000000
    1    2
 -0.05902491  0.06010163   -0.03949227 -0.12975742   -0.03915768  0.04146653
 -0.03949227 -0.12975742   -0.05902491  0.06010163   -0.03915768  0.04146653
 -0.03915768  0.04146653   -0.03915768  0.04146653   -0.05746734  0.07853653
    2    1
 -0.05902491 -0.06010163   -0.03949227  0.12975742   -0.03915768 -0.04146653
 -0.03949227  0.12975742   -0.05902491 -0.06010163   -0.03915768 -0.04146653
 -0.03915768 -0.04146653   -0.03915768 -0.04146653   -0.05746734 -0.07853653
    2    2
  0.23999273 -0.00000000    0.00564458 -0.00000000   -0.00613815 -0.00756438
  0.00564458 -0.00000000    0.23999273 -0.00000000   -0.00613815 -0.00756438
 -0.00613815  0.00756438   -0.00613815  0.00756438    0.29073198  0.00000000

     Dynamical  Matrix in cartesian axes

     q = (    0.750000000  -0.750000000   0.250000000 ) 

    1    1
  0.23999273  0.00000000   -0.00564458 -0.00000000    0.00613815 -0.00756438
 -0.00564458 -0.00000000    0.23999273  0.00000000   -0.00613815  0.00756438
  0.00613815  0.00756438   -0.00613815 -0.00756438    0.29073198 -0.00000000
    1    2
 -0.06010163 -0.05902491   -0.12975742  0.03949227    0.04146653  0.03915768
 -0.12975742  0.03949227   -0.06010163 -0.05902491   -0.04146653 -0.03915768
  0.04146653  0.03915768   -0.04146653 -0.03915768   -0.07853653 -0.05746734
    2    1
 -0.06010163  0.05902491   -0.12975742 -0.03949227    0.04146653 -0.03915768
 -0.12975742 -0.03949227   -0.06010163  0.05902491   -0.04146653  0.03915768
  0.04146653 -0.03915768   -0.04146653  0.03915768   -0.07853653  0.05746734
    2    2
  0.23999273 -0.00000000   -0.00564458  0.00000000    0.00613815  0.00756438
 -0.00564458  0.00000000    0.23999273 -0.00000000   -0.00613815 -0.00756438
  0.00613815 -0.00756438   -0.00613815  0.00756438    0.29073198  0.00000000

     Dynamical  Matrix in cartesian axes

     q = (   -0.750000000  -0.750000000  -0.250000000 ) 

    1    1
  0.23999273  0.00000000    0.00564458  0.00000000    0.00613815 -0.00756438
  0.00564458  0.00000000    0.23999273  0.00000000    0.00613815 -0.00756438
  0.00613815  0.00756438    0.00613815  0.00756438    0.29073198 -0.00000000
    1    2
  0.06010163  0.05902491   -0.12975742  0.03949227   -0.04146653 -0.03915768
 -0.12975742  0.03949227    0.06010163  0.05902491   -0.04146653 -0.03915768
 -0.04146653 -0.03915768   -0.04146653 -0.03915768    0.07853653  0.05746734
    2    1
  0.06010163 -0.05902491   -0.12975742 -0.03949227   -0.04146653  0.03915768
 -0.12975742 -0.03949227    0.06010163 -0.05902491   -0.04146653  0.03915768
 -0.04146653  0.03915768   -0.04146653  0.03915768    0.07853653 -0.05746734
    2    2
  0.23999273 -0.00000000    0.00564458 -0.00000000    0.00613815  0.00756438
  0.00564458 -0.00000000    0.23999273 -0.00000000    0.00613815  0.00756438
  0.00613815 -0.00756438    0.00613815 -0.00756438    0.29073198  0.00000000

     Dynamical  Matrix in cartesian axes

     q = (    0.250000000  -0.750000000   0.750000000 ) 

    1    1
  0.29073198 -0.00000000   -0.00613815 -0.00756438    0.00613815  0.00756438
 -0.00613815  0.00756438    0.23999273  0.00000000   -0.00564458 -0.00000000
  0.00613815 -0.00756438   -0.00564458 -0.00000000    0.23999273  0.00000000
    1    2
 -0.07853653 -0.05746734   -0.04146653 -0.03915768    0.04146653  0.03915768
 -0.04146653 -0.03915768   -0.06010163 -0.05902491   -0.12975742  0.03949227
  0.04146653  0.03915768   -0.12975742  0.03949227   -0.06010163 -0.05902491
    2    1
 -0.07853653  0.05746734   -0.04146653  0.03915768    0.04146653 -0.03915768
 -0.04146653  0.03915768   -0.06010163  0.05902491   -0.12975742 -0.03949227
  0.04146653 -0.03915768   -0.12975742 -0.03949227   -0.06010163  0.05902491
    2    2
  0.29073198  0.00000000   -0.00613815  0.00756438    0.00613815 -0.00756438
 -0.00613815 -0.00756438    0.23999273 -0.00000000   -0.00564458  0.00000000
  0.00613815  0.00756438   -0.00564458  0.00000000    0.23999273 -0.00000000

     Dynamical  Matrix in cartesian axes

     q = (   -0.750000000  -0.750000000   0.250000000 ) 

    1    1
  0.23999273 -0.00000000    0.00564458 -0.00000000   -0.00613815 -0.00756438
  0.00564458 -0.00000000    0.23999273 -0.00000000   -0.00613815 -0.00756438
 -0.00613815  0.00756438   -0.00613815  0.00756438    0.29073198  0.00000000
    1    2
 -0.05902491 -0.06010163   -0.03949227  0.12975742   -0.03915768 -0.04146653
 -0.03949227  0.12975742   -0.05902491 -0.06010163   -0.03915768 -0.04146653
 -0.03915768 -0.04146653   -0.03915768 -0.04146653   -0.05746734 -0.07853653
    2    1
 -0.05902491  0.06010163   -0.03949227 -0.12975742   -0.03915768  0.04146653
 -0.03949227 -0.12975742   -0.05902491  0.06010163   -0.03915768  0.04146653
 -0.03915768  0.04146653   -0.03915768  0.04146653   -0.05746734  0.07853653
    2    2
  0.23999273  0.00000000    0.00564458  0.00000000   -0.00613815  0.00756438
  0.00564458  0.00000000    0.23999273  0.00000000   -0.00613815  0.00756438
 -0.00613815 -0.00756438   -0.00613815 -0.00756438    0.29073198 -0.00000000

     Dynamical  Matrix in cartesian axes

     q = (    0.250000000   0.750000000   0.750000000 ) 

    1    1
  0.29073198  0.00000000    0.00613815 -0.00756438    0.00613815 -0.00756438
  0.00613815  0.00756438    0.23999273 -0.00000000    0.00564458 -0.00000000
  0.00613815  0.00756438    0.00564458 -0.00000000    0.23999273 -0.00000000
    1    2
  0.07853653 -0.05746734   -0.04146653  0.03915768   -0.04146653  0.03915768
 -0.04146653  0.03915768    0.06010163 -0.05902491   -0.12975742 -0.03949227
 -0.04146653  0.03915768   -0.12975742 -0.03949227    0.06010163 -0.05902491
    2    1
  0.07853653  0.05746734   -0.04146653 -0.03915768   -0.04146653 -0.03915768
 -0.04146653 -0.03915768    0.06010163  0.05902491   -0.12975742  0.03949227
 -0.04146653 -0.03915768   -0.12975742  0.03949227    0.06010163  0.05902491
    2    2
  0.29073198 -0.00000000    0.00613815  0.00756438    0.00613815  0.00756438
  0.00613815 -0.00756438    0.23999273  0.00000000    0.00564458  0.00000000
  0.00613815 -0.00756438    0.00564458  0.00000000    0.23999273  0.00000000

     Dynamical  Matrix in cartesian axes

     q = (   -0.250000000  -0.750000000   0.750000000 ) 

    1    1
  0.29073198  0.00000000    0.00613815 -0.00756438   -0.00613815  0.00756438
  0.00613815  0.00756438    0.23999273 -0.00000000   -0.00564458  0.00000000
 -0.00613815 -0.00756438   -0.00564458  0.00000000    0.23999273 -0.00000000
    1    2
 -0.07853653  0.05746734    0.04146653 -0.03915768   -0.04146653  0.03915768
  0.04146653 -0.03915768   -0.06010163  0.05902491   -0.12975742 -0.03949227
 -0.04146653  0.03915768   -0.12975742 -0.03949227   -0.06010163  0.05902491
    2    1
 -0.07853653 -0.05746734    0.04146653  0.03915768   -0.04146653 -0.03915768
  0.04146653  0.03915768   -0.06010163 -0.05902491   -0.12975742  0.03949227
 -0.04146653 -0.03915768   -0.12975742  0.03949227   -0.06010163 -0.05902491
    2    2
  0.29073198 -0.00000000    0.00613815  0.00756438   -0.00613815 -0.00756438
  0.00613815 -0.00756438    0.23999273  0.00000000   -0.00564458 -0.00000000
 -0.00613815  0.00756438   -0.00564458 -0.00000000    0.23999273  0.00000000

     Dynamical  Matrix in cartesian axes

     q = (    0.750000000   0.750000000   0.250000000 ) 

    1    1
  0.23999273 -0.00000000    0.00564458 -0.00000000    0.00613815  0.00756438
  0.00564458 -0.00000000    0.23999273 -0.00000000    0.00613815  0.00756438
  0.00613815 -0.00756438    0.00613815 -0.00756438    0.29073198  0.00000000
    1    2
  0.06010163 -0.05902491   -0.12975742 -0.03949227   -0.04146653  0.03915768
 -0.12975742 -0.03949227    0.06010163 -0.05902491   -0.04146653  0.03915768
 -0.04146653  0.03915768   -0.04146653  0.03915768    0.07853653 -0.05746734
    2    1
  0.06010163  0.05902491   -0.12975742  0.03949227   -0.04146653 -0.03915768
 -0.12975742  0.03949227    0.06010163  0.05902491   -0.04146653 -0.03915768
 -0.04146653 -0.03915768   -0.04146653 -0.03915768    0.07853653  0.05746734
    2    2
  0.23999273  0.00000000    0.00564458  0.00000000    0.00613815 -0.00756438
  0.00564458  0.00000000    0.23999273  0.00000000    0.00613815 -0.00756438
  0.00613815  0.00756438    0.00613815  0.00756438    0.29073198 -0.00000000

     Dynamical  Matrix in cartesian axes

     q = (    0.250000000  -0.750000000  -0.750000000 ) 

    1    1
  0.29073198  0.00000000   -0.00613815  0.00756438   -0.00613815  0.00756438
 -0.00613815 -0.00756438    0.23999273 -0.00000000    0.00564458 -0.00000000
 -0.00613815 -0.00756438    0.00564458 -0.00000000    0.23999273 -0.00000000
    1    2
 -0.05746734 -0.07853653   -0.03915768 -0.04146653   -0.03915768 -0.04146653
 -0.03915768 -0.04146653   -0.05902491 -0.06010163   -0.03949227  0.12975742
 -0.03915768 -0.04146653   -0.03949227  0.12975742   -0.05902491 -0.06010163
    2    1
 -0.05746734  0.07853653   -0.03915768  0.04146653   -0.03915768  0.04146653
 -0.03915768  0.04146653   -0.05902491  0.06010163   -0.03949227 -0.12975742
 -0.03915768  0.04146653   -0.03949227 -0.12975742   -0.05902491  0.06010163
    2    2
  0.29073198 -0.00000000   -0.00613815 -0.00756438   -0.00613815 -0.00756438
 -0.00613815  0.00756438    0.23999273  0.00000000    0.00564458  0.00000000
 -0.00613815  0.00756438    0.00564458  0.00000000    0.23999273  0.00000000

     Dynamical  Matrix in cartesian axes

     q = (    0.750000000  -0.750000000  -0.250000000 ) 

    1    1
  0.23999273 -0.00000000   -0.00564458  0.00000000   -0.00613815 -0.00756438
 -0.00564458  0.00000000    0.23999273 -0.00000000    0.00613815  0.00756438
 -0.00613815  0.00756438    0.00613815 -0.00756438    0.29073198  0.00000000
    1    2
 -0.06010163  0.05902491   -0.12975742 -0.03949227   -0.04146653  0.03915768
 -0.12975742 -0.03949227   -0.06010163  0.05902491    0.04146653 -0.03915768
 -0.04146653  0.03915768    0.04146653 -0.03915768   -0.07853653  0.05746734
    2    1
 -0.06010163 -0.05902491   -0.12975742  0.03949227   -0.04146653 -0.03915768
 -0.12975742  0.03949227   -0.06010163 -0.05902491    0.04146653  0.03915768
 -0.04146653 -0.03915768    0.04146653  0.03915768   -0.07853653 -0.05746734
    2    2
  0.23999273  0.00000000   -0.00564458 -0.00000000   -0.00613815  0.00756438
 -0.00564458 -0.00000000    0.23999273  0.00000000    0.00613815 -0.00756438
 -0.00613815 -0.00756438    0.00613815  0.00756438    0.29073198 -0.00000000

     Diagonalizing the dynamical matrix

     q = (    0.750000000  -0.250000000   0.750000000 ) 

 **************************************************************************
     freq (    1) =       4.287900 [THz] =     143.028960 [cm-1]
 ( -0.051170  0.497375 -0.000000  0.000000  0.051170 -0.497375 ) 
 ( -0.500000  0.000000 -0.000000  0.000000  0.500000  0.000000 ) 
     freq (    2) =       5.894558 [THz] =     196.621280 [cm-1]
 ( -0.392391 -0.156473 -0.345208  0.154668 -0.392391 -0.156473 ) 
 ( -0.422439  0.000000 -0.263364 -0.271533 -0.422439  0.000000 ) 
     freq (    3) =       9.271161 [THz] =     309.252636 [cm-1]
 ( -0.106974  0.293191 -0.389614 -0.391653 -0.106974  0.293191 ) 
 (  0.312097 -0.000000 -0.234384 -0.500255  0.312097  0.000000 ) 
     freq (    4) =      11.922752 [THz] =     397.700210 [cm-1]
 ( -0.094433 -0.319510  0.404970  0.337626 -0.094433 -0.319510 ) 
 (  0.333173  0.000000 -0.438563 -0.292668  0.333173  0.000000 ) 
     freq (    5) =      13.408075 [THz] =     447.245227 [cm-1]
 ( -0.051170  0.497375 -0.000000  0.000000  0.051170 -0.497375 ) 
 (  0.500000 -0.000000  0.000000  0.000000 -0.500000  0.000000 ) 
     freq (    6) =      13.809290 [THz] =     460.628336 [cm-1]
 (  0.300015  0.152077  0.473177 -0.223226  0.300015  0.152077 ) 
 ( -0.336358  0.000000 -0.321124 -0.413045 -0.336358  0.000000 ) 
 **************************************************************************
