Dynamical matrix file
                                                                           
  1    2  2 10.3280000  0.0000000  0.0000000  0.0000000  0.0000000  0.0000000
           1  'Si  '    25598.822984527003     
    1    1      0.0000000000      0.0000000000      0.0000000000
    2    1      0.2500000000      0.2500000000      0.2500000000

     Dynamical  Matrix in cartesian axes

     q = (    0.750000000  -0.250000000   0.750000000 ) 

    1    1
  0.23408389  0.00000000   -0.00489219  0.00745592    0.00211937  0.00000000
 -0.00489219 -0.00745592    0.28978057  0.00000000   -0.00489219 -0.00745592
  0.00211937  0.00000000   -0.00489219  0.00745592    0.23408389  0.00000000
    1    2
 -0.06379470  0.05519797   -0.03672757  0.04098686   -0.04187259 -0.13299499
 -0.03672757  0.04098686   -0.06253583  0.07407778   -0.03672757  0.04098686
 -0.04187259 -0.13299499   -0.03672757  0.04098686   -0.06379470  0.05519797
    2    1
 -0.06379470 -0.05519797   -0.03672757 -0.04098686   -0.04187259  0.13299499
 -0.03672757 -0.04098686   -0.06253583 -0.07407778   -0.03672757 -0.04098686
 -0.04187259  0.13299499   -0.03672757 -0.04098686   -0.06379470 -0.05519797
    2    2
  0.23408389  0.00000000   -0.00489219 -0.00745592    0.00211937  0.00000000
 -0.00489219  0.00745592    0.28978057  0.00000000   -0.00489219  0.00745592
  0.00211937  0.00000000   -0.00489219 -0.00745592    0.23408389  0.00000000

     Dynamical  Matrix in cartesian axes

     q = (    0.750000000  -0.250000000  -0.750000000 ) 

    1    1
  0.23408389  0.00000000   -0.00489219 -0.00745592   -0.00211937  0.00000000
 -0.00489219  0.00745592    0.28978057  0.00000000    0.00489219 -0.00745592
 -0.00211937  0.00000000    0.00489219  0.00745592    0.23408389  0.00000000
    1    2
 -0.05519797  0.06379470   -0.04098686  0.03672757   -0.13299499 -0.04187259
 -0.04098686  0.03672757   -0.07407778  0.06253583    0.04098686 -0.03672757
 -0.13299499 -0.04187259    0.04098686 -0.03672757   -0.05519797  0.06379470
    2    1
 -0.05519797 -0.06379470   -0.04098686 -0.03672757   -0.13299499  0.04187259
 -0.04098686 -0.03672757   -0.07407778 -0.06253583    0.04098686  0.03672757
 -0.13299499  0.04187259    0.04098686  0.03672757   -0.05519797 -0.06379470
    2    2
  0.23408389  0.00000000   -0.00489219  0.00745592   -0.00211937  0.00000000
 -0.00489219 -0.00745592    0.28978057  0.00000000    0.00489219  0.00745592
 -0.00211937  0.00000000    0.00489219 -0.00745592    0.23408389  0.00000000

     Dynamical  Matrix in cartesian axes

     q = (   -0.750000000  -0.250000000  -0.750000000 ) 

    1    1
  0.23408389  0.00000000    0.00489219 -0.00745592    0.00211937  0.00000000
  0.00489219  0.00745592    0.28978057  0.00000000    0.00489219  0.00745592
  0.00211937  0.00000000    0.00489219 -0.00745592    0.23408389  0.00000000
    1    2
  0.05519797  0.06379470   -0.04098686 -0.03672757   -0.13299499  0.04187259
 -0.04098686 -0.03672757    0.07407778  0.06253583   -0.04098686 -0.03672757
 -0.13299499  0.04187259   -0.04098686 -0.03672757    0.05519797  0.06379470
    2    1
  0.05519797 -0.06379470   -0.04098686  0.03672757   -0.13299499 -0.04187259
 -0.04098686  0.03672757    0.07407778 -0.06253583   -0.04098686  0.03672757
 -0.13299499 -0.04187259   -0.04098686  0.03672757    0.05519797 -0.06379470
    2    2
  0.23408389  0.00000000    0.00489219  0.00745592    0.00211937  0.00000000
  0.00489219 -0.00745592    0.28978057  0.00000000    0.00489219 -0.00745592
  0.00211937  0.00000000    0.00489219  0.00745592    0.23408389  0.00000000

     Dynamical  Matrix in cartesian axes

     q = (   -0.750000000  -0.250000000   0.750000000 ) 

    1    1
  0.23408389  0.00000000    0.00489219  0.00745592   -0.00211937  0.00000000
  0.00489219 -0.00745592    0.28978057  0.00000000   -0.00489219  0.00745592
 -0.00211937  0.00000000   -0.00489219 -0.00745592    0.23408389  0.00000000
    1    2
 -0.05519797  0.06379470    0.04098686 -0.03672757   -0.13299499 -0.04187259
  0.04098686 -0.03672757   -0.07407778  0.06253583   -0.04098686  0.03672757
 -0.13299499 -0.04187259   -0.04098686  0.03672757   -0.05519797  0.06379470
    2    1
 -0.05519797 -0.06379470    0.04098686  0.03672757   -0.13299499  0.04187259
  0.04098686  0.03672757   -0.07407778 -0.06253583   -0.04098686 -0.03672757
 -0.13299499  0.04187259   -0.04098686 -0.03672757   -0.05519797 -0.06379470
    2    2
  0.23408389  0.00000000    0.00489219 -0.00745592   -0.00211937  0.00000000
  0.00489219  0.00745592    0.28978057  0.00000000   -0.00489219 -0.00745592
 -0.00211937  0.00000000   -0.00489219  0.00745592    0.23408389  0.00000000

     Dynamical  Matrix in cartesian axes

     q = (   -0.750000000   0.250000000  -0.750000000 ) 

    1    1
  0.23408389  0.00000000   -0.00489219 -0.00745592    0.00211937  0.00000000
 -0.00489219  0.00745592    0.28978057  0.00000000   -0.00489219  0.00745592
  0.00211937  0.00000000   -0.00489219 -0.00745592    0.23408389  0.00000000
    1    2
 -0.06379470 -0.05519797   -0.03672757 -0.04098686   -0.04187259  0.13299499
 -0.03672757 -0.04098686   -0.06253583 -0.07407778   -0.03672757 -0.04098686
 -0.04187259  0.13299499   -0.03672757 -0.04098686   -0.06379470 -0.05519797
    2    1
 -0.06379470  0.05519797   -0.03672757  0.04098686   -0.04187259 -0.13299499
 -0.03672757  0.04098686   -0.06253583  0.07407778   -0.03672757  0.04098686
 -0.04187259 -0.13299499   -0.03672757  0.04098686   -0.06379470  0.05519797
    2    2
  0.23408389  0.00000000   -0.00489219  0.00745592    0.00211937  0.00000000
 -0.00489219 -0.00745592    0.28978057  0.00000000   -0.00489219 -0.00745592
  0.00211937  0.00000000   -0.00489219  0.00745592    0.23408389  0.00000000

     Dynamical  Matrix in cartesian axes

     q = (   -0.250000000   0.750000000  -0.750000000 ) 

    1    1
  0.28978057  0.00000000   -0.00489219  0.00745592    0.00489219 -0.00745592
 -0.00489219 -0.00745592    0.23408389  0.00000000   -0.00211937  0.00000000
  0.00489219  0.00745592   -0.00211937  0.00000000    0.23408389  0.00000000
    1    2
 -0.07407778  0.06253583   -0.04098686  0.03672757    0.04098686 -0.03672757
 -0.04098686  0.03672757   -0.05519797  0.06379470   -0.13299499 -0.04187259
  0.04098686 -0.03672757   -0.13299499 -0.04187259   -0.05519797  0.06379470
    2    1
 -0.07407778 -0.06253583   -0.04098686 -0.03672757    0.04098686  0.03672757
 -0.04098686 -0.03672757   -0.05519797 -0.06379470   -0.13299499  0.04187259
  0.04098686  0.03672757   -0.13299499  0.04187259   -0.05519797 -0.06379470
    2    2
  0.28978057  0.00000000   -0.00489219 -0.00745592    0.00489219  0.00745592
 -0.00489219  0.00745592    0.23408389  0.00000000   -0.00211937  0.00000000
  0.00489219 -0.00745592   -0.00211937  0.00000000    0.23408389  0.00000000

     Dynamical  Matrix in cartesian axes

     q = (   -0.750000000   0.750000000  -0.250000000 ) 

    1    1
  0.23408389  0.00000000   -0.00211937  0.00000000    0.00489219  0.00745592
 -0.00211937  0.00000000    0.23408389  0.00000000   -0.00489219 -0.00745592
  0.00489219 -0.00745592   -0.00489219  0.00745592    0.28978057  0.00000000
    1    2
 -0.05519797  0.06379470   -0.13299499 -0.04187259    0.04098686 -0.03672757
 -0.13299499 -0.04187259   -0.05519797  0.06379470   -0.04098686  0.03672757
  0.04098686 -0.03672757   -0.04098686  0.03672757   -0.07407778  0.06253583
    2    1
 -0.05519797 -0.06379470   -0.13299499  0.04187259    0.04098686  0.03672757
 -0.13299499  0.04187259   -0.05519797 -0.06379470   -0.04098686 -0.03672757
  0.04098686  0.03672757   -0.04098686 -0.03672757   -0.07407778 -0.06253583
    2    2
  0.23408389  0.00000000   -0.00211937  0.00000000    0.00489219 -0.00745592
 -0.00211937  0.00000000    0.23408389  0.00000000   -0.00489219  0.00745592
  0.00489219  0.00745592   -0.00489219 -0.00745592    0.28978057  0.00000000

     Dynamical  Matrix in cartesian axes

     q = (    0.750000000   0.250000000   0.750000000 ) 

    1    1
  0.23408389  0.00000000    0.00489219  0.00745592    0.00211937  0.00000000
  0.00489219 -0.00745592    0.28978057  0.00000000    0.00489219 -0.00745592
  0.00211937  0.00000000    0.00489219  0.00745592    0.23408389  0.00000000
    1    2
  0.05519797 -0.06379470   -0.04098686  0.03672757   -0.13299499 -0.04187259
 -0.04098686  0.03672757    0.07407778 -0.06253583   -0.04098686  0.03672757
 -0.13299499 -0.04187259   -0.04098686  0.03672757    0.05519797 -0.06379470
    2    1
  0.05519797  0.06379470   -0.04098686 -0.03672757   -0.13299499  0.04187259
 -0.04098686 -0.03672757    0.07407778  0.06253583   -0.04098686 -0.03672757
 -0.13299499  0.04187259   -0.04098686 -0.03672757    0.05519797  0.06379470
    2    2
  0.23408389  0.00000000    0.00489219 -0.00745592    0.00211937  0.00000000
  0.00489219  0.00745592    0.28978057  0.00000000    0.00489219  0.00745592
  0.00211937  0.00000000    0.00489219 -0.00745592    0.23408389  0.00000000

     Dynamical  Matrix in cartesian axes

     q = (   -0.750000000   0.250000000   0.750000000 ) 

    1    1
  0.23408389  0.00000000   -0.00489219  0.00745592   -0.00211937  0.00000000
 -0.00489219 -0.00745592    0.28978057  0.00000000    0.00489219  0.00745592
 -0.00211937  0.00000000    0.00489219 -0.00745592    0.23408389  0.00000000
    1    2
 -0.05519797 -0.06379470   -0.04098686 -0.03672757   -0.13299499  0.04187259
 -0.04098686 -0.03672757   -0.07407778 -0.06253583    0.04098686  0.03672757
 -0.13299499  0.04187259    0.04098686  0.03672757   -0.05519797 -0.06379470
    2    1
 -0.05519797  0.06379470   -0.04098686  0.03672757   -0.13299499 -0.04187259
 -0.04098686  0.03672757   -0.07407778  0.06253583    0.04098686 -0.03672757
 -0.13299499 -0.04187259    0.04098686 -0.03672757   -0.05519797  0.06379470
    2    2
  0.23408389  0.00000000   -0.00489219 -0.00745592   -0.00211937  0.00000000
 -0.00489219  0.00745592    0.28978057  0.00000000    0.00489219 -0.00745592
 -0.00211937  0.00000000    0.00489219  0.00745592    0.23408389  0.00000000

     Dynamical  Matrix in cartesian axes

     q = (    0.750000000   0.250000000  -0.750000000 ) 

    1    1
  0.23408389  0.00000000    0.00489219 -0.00745592   -0.00211937  0.00000000
  0.00489219  0.00745592    0.28978057  0.00000000   -0.00489219 -0.00745592
 -0.00211937  0.00000000   -0.00489219  0.00745592    0.23408389  0.00000000
    1    2
 -0.05519797 -0.06379470    0.04098686  0.03672757   -0.13299499  0.04187259
  0.04098686  0.03672757   -0.07407778 -0.06253583   -0.04098686 -0.03672757
 -0.13299499  0.04187259   -0.04098686 -0.03672757   -0.05519797 -0.06379470
    2    1
 -0.05519797  0.06379470    0.04098686 -0.03672757   -0.13299499 -0.04187259
  0.04098686 -0.03672757   -0.07407778  0.06253583   -0.04098686  0.03672757
 -0.13299499 -0.04187259   -0.04098686  0.03672757   -0.05519797  0.06379470
    2    2
  0.23408389  0.00000000    0.00489219  0.00745592   -0.00211937  0.00000000
  0.00489219 -0.00745592    0.28978057  0.00000000   -0.00489219  0.00745592
 -0.00211937  0.00000000   -0.00489219 -0.00745592    0.23408389  0.00000000

     Dynamical  Matrix in cartesian axes

     q = (   -0.750000000   0.750000000   0.250000000 ) 

    1    1
  0.23408389  0.00000000   -0.00211937  0.00000000   -0.00489219  0.00745592
 -0.00211937  0.00000000    0.23408389  0.00000000    0.00489219 -0.00745592
 -0.00489219 -0.00745592    0.00489219  0.00745592    0.28978057  0.00000000
    1    2
 -0.05519797 -0.06379470   -0.13299499  0.04187259   -0.04098686 -0.03672757
 -0.13299499  0.04187259   -0.05519797 -0.06379470    0.04098686  0.03672757
 -0.04098686 -0.03672757    0.04098686  0.03672757   -0.07407778 -0.06253583
    2    1
 -0.05519797  0.06379470   -0.13299499 -0.04187259   -0.04098686  0.03672757
 -0.13299499 -0.04187259   -0.05519797  0.06379470    0.04098686 -0.03672757
 -0.04098686  0.03672757    0.04098686 -0.03672757   -0.07407778  0.06253583
    2    2
  0.23408389  0.00000000   -0.00211937  0.00000000   -0.00489219 -0.00745592
 -0.00211937  0.00000000    0.23408389  0.00000000    0.00489219  0.00745592
 -0.00489219  0.00745592    0.00489219 -0.00745592    0.28978057  0.00000000

     Dynamical  Matrix in cartesian axes

     q = (   -0.250000000   0.750000000   0.750000000 ) 

    1    1
  0.28978057  0.00000000   -0.00489219 -0.00745592   -0.00489219 -0.00745592
 -0.00489219  0.00745592    0.23408389  0.00000000    0.00211937  0.00000000
 -0.00489219  0.00745592    0.00211937  0.00000000    0.23408389  0.00000000
    1    2
 -0.06253583  0.07407778   -0.03672757  0.04098686   -0.03672757  0.04098686
 -0.03672757  0.04098686   -0.06379470  0.05519797   -0.04187259 -0.13299499
 -0.03672757  0.04098686   -0.04187259 -0.13299499   -0.06379470  0.05519797
    2    1
 -0.06253583 -0.07407778   -0.03672757 -0.04098686   -0.03672757 -0.04098686
 -0.03672757 -0.04098686   -0.06379470 -0.05519797   -0.04187259  0.13299499
 -0.03672757 -0.04098686   -0.04187259  0.13299499   -0.06379470 -0.05519797
    2    2
  0.28978057  0.00000000   -0.00489219  0.00745592   -0.00489219  0.00745592
 -0.00489219 -0.00745592    0.23408389  0.00000000    0.00211937  0.00000000
 -0.00489219 -0.00745592    0.00211937  0.00000000    0.23408389  0.00000000

     Dynamical  Matrix in cartesian axes

     q = (    0.250000000   0.750000000  -0.750000000 ) 

    1    1
  0.28978057  0.00000000    0.00489219  0.00745592   -0.00489219 -0.00745592
  0.00489219 -0.00745592    0.23408389  0.00000000   -0.00211937  0.00000000
 -0.00489219  0.00745592   -0.00211937  0.00000000    0.23408389  0.00000000
    1    2
 -0.07407778 -0.06253583    0.04098686  0.03672757   -0.04098686 -0.03672757
  0.04098686  0.03672757   -0.05519797 -0.06379470   -0.13299499  0.04187259
 -0.04098686 -0.03672757   -0.13299499  0.04187259   -0.05519797 -0.06379470
    2    1
 -0.07407778  0.06253583    0.04098686 -0.03672757   -0.04098686  0.03672757
  0.04098686 -0.03672757   -0.05519797  0.06379470   -0.13299499 -0.04187259
 -0.04098686  0.03672757   -0.13299499 -0.04187259   -0.05519797  0.06379470
    2    2
  0.28978057  0.00000000    0.00489219 -0.00745592   -0.00489219  0.00745592
  0.00489219  0.00745592    0.23408389  0.00000000   -0.00211937  0.00000000
 -0.00489219 -0.00745592   -0.00211937  0.00000000    0.23408389  0.00000000

     Dynamical  Matrix in cartesian axes

     q = (   -0.250000000  -0.750000000  -0.750000000 ) 

    1    1
  0.28978057  0.00000000    0.00489219  0.00745592    0.00489219  0.00745592
  0.00489219 -0.00745592    0.23408389  0.00000000    0.00211937  0.00000000
  0.00489219 -0.00745592    0.00211937  0.00000000    0.23408389  0.00000000
    1    2
  0.07407778  0.06253583   -0.04098686 -0.03672757   -0.04098686 -0.03672757
 -0.04098686 -0.03672757    0.05519797  0.06379470   -0.13299499  0.04187259
 -0.04098686 -0.03672757   -0.13299499  0.04187259    0.05519797  0.06379470
    2    1
  0.07407778 -0.06253583   -0.04098686  0.03672757   -0.04098686  0.03672757
 -0.04098686  0.03672757    0.05519797 -0.06379470   -0.13299499 -0.04187259
 -0.04098686  0.03672757   -0.13299499 -0.04187259    0.05519797 -0.06379470
    2    2
  0.28978057  0.00000000    0.00489219 -0.00745592    0.00489219 -0.00745592
  0.00489219  0.00745592    0.23408389  0.00000000    0.00211937  0.00000000
  0.00489219  0.00745592    0.00211937  0.00000000    0.23408389  0.00000000

     Dynamical  Matrix in cartesian axes

     q = (    0.750000000   0.750000000  -0.250000000 ) 

    1    1
  0.23408389  0.00000000    0.00211937  0.00000000   -0.00489219  0.00745592
  0.00211937  0.00000000    0.23408389  0.00000000   -0.00489219  0.00745592
 -0.00489219 -0.00745592   -0.00489219 -0.00745592    0.28978057  0.00000000
    1    2
 -0.06379470  0.05519797   -0.04187259 -0.13299499   -0.03672757  0.04098686
 -0.04187259 -0.13299499   -0.06379470  0.05519797   -0.03672757  0.04098686
 -0.03672757  0.04098686   -0.03672757  0.04098686   -0.06253583  0.07407778
    2    1
 -0.06379470 -0.05519797   -0.04187259  0.13299499   -0.03672757 -0.04098686
 -0.04187259  0.13299499   -0.06379470 -0.05519797   -0.03672757 -0.04098686
 -0.03672757 -0.04098686   -0.03672757 -0.04098686   -0.06253583 -0.07407778
    2    2
  0.23408389  0.00000000    0.00211937  0.00000000   -0.00489219 -0.00745592
  0.00211937  0.00000000    0.23408389  0.00000000   -0.00489219 -0.00745592
 -0.00489219  0.00745592   -0.00489219  0.00745592    0.28978057  0.00000000

     Dynamical  Matrix in cartesian axes

     q = (    0.750000000  -0.750000000   0.250000000 ) 

    1    1
  0.23408389  0.00000000   -0.00211937  0.00000000    0.00489219 -0.00745592
 -0.00211937  0.00000000    0.23408389  0.00000000   -0.00489219  0.00745592
  0.00489219  0.00745592   -0.00489219 -0.00745592    0.28978057  0.00000000
    1    2
 -0.05519797 -0.06379470   -0.13299499  0.04187259    0.04098686  0.03672757
 -0.13299499  0.04187259   -0.05519797 -0.06379470   -0.04098686 -0.03672757
  0.04098686  0.03672757   -0.04098686 -0.03672757   -0.07407778 -0.06253583
    2    1
 -0.05519797  0.06379470   -0.13299499 -0.04187259    0.04098686 -0.03672757
 -0.13299499 -0.04187259   -0.05519797  0.06379470   -0.04098686  0.03672757
  0.04098686 -0.03672757   -0.04098686  0.03672757   -0.07407778  0.06253583
    2    2
  0.23408389  0.00000000   -0.00211937  0.00000000    0.00489219  0.00745592
 -0.00211937  0.00000000    0.23408389  0.00000000   -0.00489219 -0.00745592
  0.00489219 -0.00745592   -0.00489219  0.00745592    0.28978057  0.00000000

     Dynamical  Matrix in cartesian axes

     q = (   -0.750000000  -0.750000000  -0.250000000 ) 

    1    1
  0.23408389  0.00000000    0.00211937  0.00000000    0.00489219 -0.00745592
  0.00211937  0.00000000    0.23408389  0.00000000    0.00489219 -0.00745592
  0.00489219  0.00745592    0.00489219  0.00745592    0.28978057  0.00000000
    1    2
  0.05519797  0.06379470   -0.13299499  0.04187259   -0.04098686 -0.03672757
 -0.13299499  0.04187259    0.05519797  0.06379470   -0.04098686 -0.03672757
 -0.04098686 -0.03672757   -0.04098686 -0.03672757    0.07407778  0.06253583
    2    1
  0.05519797 -0.06379470   -0.13299499 -0.04187259   -0.04098686  0.03672757
 -0.13299499 -0.04187259    0.05519797 -0.06379470   -0.04098686  0.03672757
 -0.04098686  0.03672757   -0.04098686  0.03672757    0.07407778 -0.06253583
    2    2
  0.23408389  0.00000000    0.00211937  0.00000000    0.00489219  0.00745592
  0.00211937  0.00000000    0.23408389  0.00000000    0.00489219  0.00745592
  0.00489219 -0.00745592    0.00489219 -0.00745592    0.28978057  0.00000000

     Dynamical  Matrix in cartesian axes

     q = (    0.250000000  -0.750000000   0.750000000 ) 

    1    1
  0.28978057  0.00000000   -0.00489219 -0.00745592    0.00489219  0.00745592
 -0.00489219  0.00745592    0.23408389  0.00000000   -0.00211937  0.00000000
  0.00489219 -0.00745592   -0.00211937  0.00000000    0.23408389  0.00000000
    1    2
 -0.07407778 -0.06253583   -0.04098686 -0.03672757    0.04098686  0.03672757
 -0.04098686 -0.03672757   -0.05519797 -0.06379470   -0.13299499  0.04187259
  0.04098686  0.03672757   -0.13299499  0.04187259   -0.05519797 -0.06379470
    2    1
 -0.07407778  0.06253583   -0.04098686  0.03672757    0.04098686 -0.03672757
 -0.04098686  0.03672757   -0.05519797  0.06379470   -0.13299499 -0.04187259
  0.04098686 -0.03672757   -0.13299499 -0.04187259   -0.05519797  0.06379470
    2    2
  0.28978057  0.00000000   -0.00489219  0.00745592    0.00489219 -0.00745592
 -0.00489219 -0.00745592    0.23408389  0.00000000   -0.00211937  0.00000000
  0.00489219  0.00745592   -0.00211937  0.00000000    0.23408389  0.00000000

     Dynamical  Matrix in cartesian axes

     q = (   -0.750000000  -0.750000000   0.250000000 ) 

    1    1
  0.23408389  0.00000000    0.00211937  0.00000000   -0.00489219 -0.00745592
  0.00211937  0.00000000    0.23408389  0.00000000   -0.00489219 -0.00745592
 -0.00489219  0.00745592   -0.00489219  0.00745592    0.28978057  0.00000000
    1    2
 -0.06379470 -0.05519797   -0.04187259  0.13299499   -0.03672757 -0.04098686
 -0.04187259  0.13299499   -0.06379470 -0.05519797   -0.03672757 -0.04098686
 -0.03672757 -0.04098686   -0.03672757 -0.04098686   -0.06253583 -0.07407778
    2    1
 -0.06379470  0.05519797   -0.04187259 -0.13299499   -0.03672757  0.04098686
 -0.04187259 -0.13299499   -0.06379470  0.05519797   -0.03672757  0.04098686
 -0.03672757  0.04098686   -0.03672757  0.04098686   -0.06253583  0.07407778
    2    2
  0.23408389  0.00000000    0.00211937  0.00000000   -0.00489219  0.00745592
  0.00211937  0.00000000    0.23408389  0.00000000   -0.00489219  0.00745592
 -0.00489219 -0.00745592   -0.00489219 -0.00745592    0.28978057  0.00000000

     Dynamical  Matrix in cartesian axes

     q = (    0.250000000   0.750000000   0.750000000 ) 

    1    1
  0.28978057  0.00000000    0.00489219 -0.00745592    0.00489219 -0.00745592
  0.00489219  0.00745592    0.23408389  0.00000000    0.00211937  0.00000000
  0.00489219  0.00745592    0.00211937  0.00000000    0.23408389  0.00000000
    1    2
  0.07407778 -0.06253583   -0.04098686  0.03672757   -0.04098686  0.03672757
 -0.04098686  0.03672757    0.05519797 -0.06379470   -0.13299499 -0.04187259
 -0.04098686  0.03672757   -0.13299499 -0.04187259    0.05519797 -0.06379470
    2    1
  0.07407778  0.06253583   -0.04098686 -0.03672757   -0.04098686 -0.03672757
 -0.04098686 -0.03672757    0.05519797  0.06379470   -0.13299499  0.04187259
 -0.04098686 -0.03672757   -0.13299499  0.04187259    0.05519797  0.06379470
    2    2
  0.28978057  0.00000000    0.00489219  0.00745592    0.00489219  0.00745592
  0.00489219 -0.00745592    0.23408389  0.00000000    0.00211937  0.00000000
  0.00489219 -0.00745592    0.00211937  0.00000000    0.23408389  0.00000000

     Dynamical  Matrix in cartesian axes

     q = (   -0.250000000  -0.750000000   0.750000000 ) 

    1    1
  0.28978057  0.00000000    0.00489219 -0.00745592   -0.00489219  0.00745592
  0.00489219  0.00745592    0.23408389  0.00000000   -0.00211937  0.00000000
 -0.00489219 -0.00745592   -0.00211937  0.00000000    0.23408389  0.00000000
    1    2
 -0.07407778  0.06253583    0.04098686 -0.03672757   -0.04098686  0.03672757
  0.04098686 -0.03672757   -0.05519797  0.06379470   -0.13299499 -0.04187259
 -0.04098686  0.03672757   -0.13299499 -0.04187259   -0.05519797  0.06379470
    2    1
 -0.07407778 -0.06253583    0.04098686  0.03672757   -0.04098686 -0.03672757
  0.04098686  0.03672757   -0.05519797 -0.06379470   -0.13299499  0.04187259
 -0.04098686 -0.03672757   -0.13299499  0.04187259   -0.05519797 -0.06379470
    2    2
  0.28978057  0.00000000    0.00489219  0.00745592   -0.00489219 -0.00745592
  0.00489219 -0.00745592    0.23408389  0.00000000   -0.00211937  0.00000000
 -0.00489219  0.00745592   -0.00211937  0.00000000    0.23408389  0.00000000

     Dynamical  Matrix in cartesian axes

     q = (    0.750000000   0.750000000   0.250000000 ) 

    1    1
  0.23408389  0.00000000    0.00211937  0.00000000    0.00489219  0.00745592
  0.00211937  0.00000000    0.23408389  0.00000000    0.00489219  0.00745592
  0.00489219 -0.00745592    0.00489219 -0.00745592    0.28978057  0.00000000
    1    2
  0.05519797 -0.06379470   -0.13299499 -0.04187259   -0.04098686  0.03672757
 -0.13299499 -0.04187259    0.05519797 -0.06379470   -0.04098686  0.03672757
 -0.04098686  0.03672757   -0.04098686  0.03672757    0.07407778 -0.06253583
    2    1
  0.05519797  0.06379470   -0.13299499  0.04187259   -0.04098686 -0.03672757
 -0.13299499  0.04187259    0.05519797  0.06379470   -0.04098686 -0.03672757
 -0.04098686 -0.03672757   -0.04098686 -0.03672757    0.07407778  0.06253583
    2    2
  0.23408389  0.00000000    0.00211937  0.00000000    0.00489219 -0.00745592
  0.00211937  0.00000000    0.23408389  0.00000000    0.00489219 -0.00745592
  0.00489219  0.00745592    0.00489219  0.00745592    0.28978057  0.00000000

     Dynamical  Matrix in cartesian axes

     q = (    0.250000000  -0.750000000  -0.750000000 ) 

    1    1
  0.28978057  0.00000000   -0.00489219  0.00745592   -0.00489219  0.00745592
 -0.00489219 -0.00745592    0.23408389  0.00000000    0.00211937  0.00000000
 -0.00489219 -0.00745592    0.00211937  0.00000000    0.23408389  0.00000000
    1    2
 -0.06253583 -0.07407778   -0.03672757 -0.04098686   -0.03672757 -0.04098686
 -0.03672757 -0.04098686   -0.06379470 -0.05519797   -0.04187259  0.13299499
 -0.03672757 -0.04098686   -0.04187259  0.13299499   -0.06379470 -0.05519797
    2    1
 -0.06253583  0.07407778   -0.03672757  0.04098686   -0.03672757  0.04098686
 -0.03672757  0.04098686   -0.06379470  0.05519797   -0.04187259 -0.13299499
 -0.03672757  0.04098686   -0.04187259 -0.13299499   -0.06379470  0.05519797
    2    2
  0.28978057  0.00000000   -0.00489219 -0.00745592   -0.00489219 -0.00745592
 -0.00489219  0.00745592    0.23408389  0.00000000    0.00211937  0.00000000
 -0.00489219  0.00745592    0.00211937  0.00000000    0.23408389  0.00000000

     Dynamical  Matrix in cartesian axes

     q = (    0.750000000  -0.750000000  -0.250000000 ) 

    1    1
  0.23408389  0.00000000   -0.00211937  0.00000000   -0.00489219 -0.00745592
 -0.00211937  0.00000000    0.23408389  0.00000000    0.00489219  0.00745592
 -0.00489219  0.00745592    0.00489219 -0.00745592    0.28978057  0.00000000
    1    2
 -0.05519797  0.06379470   -0.13299499 -0.04187259   -0.04098686  0.03672757
 -0.13299499 -0.04187259   -0.05519797  0.06379470    0.04098686 -0.03672757
 -0.04098686  0.03672757    0.04098686 -0.03672757   -0.07407778  0.06253583
    2    1
 -0.05519797 -0.06379470   -0.13299499  0.04187259   -0.04098686 -0.03672757
 -0.13299499  0.04187259   -0.05519797 -0.06379470    0.04098686  0.03672757
 -0.04098686 -0.03672757    0.04098686  0.03672757   -0.07407778 -0.06253583
    2    2
  0.23408389  0.00000000   -0.00211937  0.00000000   -0.00489219  0.00745592
 -0.00211937  0.00000000    0.23408389  0.00000000    0.00489219 -0.00745592
 -0.00489219 -0.00745592    0.00489219  0.00745592    0.28978057  0.00000000

     Diagonalizing the dynamical matrix

     q = (    0.750000000  -0.250000000   0.750000000 ) 

 **************************************************************************
     freq (    1) =       4.238913 [THz] =     141.394921 [cm-1]
 (  0.057853 -0.496642  0.000000  0.000000 -0.057853  0.496642 ) 
 (  0.500000  0.000000 -0.000000  0.000000 -0.500000  0.000000 ) 
     freq (    2) =       5.517436 [THz] =     184.041867 [cm-1]
 ( -0.397810 -0.195758 -0.299525  0.130905 -0.397810 -0.195758 ) 
 ( -0.443367 -0.000000 -0.210950 -0.249703 -0.443367  0.000000 ) 
     freq (    3) =       9.043256 [THz] =     301.650548 [cm-1]
 (  0.130810 -0.247012  0.392431  0.435598  0.130810 -0.247012 ) 
 ( -0.279511 -0.000000  0.201294  0.550661 -0.279511  0.000000 ) 
     freq (    4) =      11.986760 [THz] =     399.835273 [cm-1]
 (  0.112438  0.312776 -0.415265 -0.326517  0.112438  0.312776 ) 
 ( -0.332372  0.000000  0.447746  0.280324 -0.332372  0.000000 ) 
     freq (    5) =      13.348355 [THz] =     445.253207 [cm-1]
 (  0.057853 -0.496642 -0.000000 -0.000000 -0.057853  0.496642 ) 
 ( -0.500000  0.000000  0.000000  0.000000  0.500000  0.000000 ) 
     freq (    6) =      13.742704 [THz] =     458.407261 [cm-1]
 ( -0.302310 -0.153092 -0.475511  0.210316 -0.302310 -0.153092 ) 
 (  0.338864 -0.000000  0.329200  0.402456  0.338864 -0.000000 ) 
 **************************************************************************
