Dynamical matrix file
                                                                           
  1    2  2 10.3280000  0.0000000  0.0000000  0.0000000  0.0000000  0.0000000
           1  'Si  '    25598.822984527003     
    1    1      0.0000000000      0.0000000000      0.0000000000
    2    1      0.2500000000      0.2500000000      0.2500000000

     Dynamical  Matrix in cartesian axes

     q = (   -0.250000000   0.250000000  -0.250000000 ) 

    1    1
  0.27058536  0.00000000   -0.01095260  0.00000000    0.01095260  0.00000000
 -0.01095260  0.00000000    0.27058536  0.00000000   -0.01095260  0.00000000
  0.01095260  0.00000000   -0.01095260  0.00000000    0.27058536  0.00000000
    1    2
 -0.19464280 -0.05596513   -0.03712599  0.03784158    0.03712599 -0.03784158
 -0.03712599  0.03784158   -0.19464280 -0.05596513   -0.03712599  0.03784158
  0.03712599 -0.03784158   -0.03712599  0.03784158   -0.19464280 -0.05596513
    2    1
 -0.19464280  0.05596513   -0.03712599 -0.03784158    0.03712599  0.03784158
 -0.03712599 -0.03784158   -0.19464280  0.05596513   -0.03712599 -0.03784158
  0.03712599  0.03784158   -0.03712599 -0.03784158   -0.19464280  0.05596513
    2    2
  0.27058536  0.00000000   -0.01095260  0.00000000    0.01095260  0.00000000
 -0.01095260  0.00000000    0.27058536  0.00000000   -0.01095260  0.00000000
  0.01095260  0.00000000   -0.01095260  0.00000000    0.27058536  0.00000000

     Dynamical  Matrix in cartesian axes

     q = (    0.250000000  -0.250000000  -0.250000000 ) 

    1    1
  0.27058536  0.00000000   -0.01095260  0.00000000   -0.01095260  0.00000000
 -0.01095260  0.00000000    0.27058536  0.00000000    0.01095260  0.00000000
 -0.01095260  0.00000000    0.01095260  0.00000000    0.27058536  0.00000000
    1    2
 -0.19464280 -0.05596513   -0.03712599  0.03784158   -0.03712599  0.03784158
 -0.03712599  0.03784158   -0.19464280 -0.05596513    0.03712599 -0.03784158
 -0.03712599  0.03784158    0.03712599 -0.03784158   -0.19464280 -0.05596513
    2    1
 -0.19464280  0.05596513   -0.03712599 -0.03784158   -0.03712599 -0.03784158
 -0.03712599 -0.03784158   -0.19464280  0.05596513    0.03712599  0.03784158
 -0.03712599 -0.03784158    0.03712599  0.03784158   -0.19464280  0.05596513
    2    2
  0.27058536  0.00000000   -0.01095260  0.00000000   -0.01095260  0.00000000
 -0.01095260  0.00000000    0.27058536  0.00000000    0.01095260  0.00000000
 -0.01095260  0.00000000    0.01095260  0.00000000    0.27058536  0.00000000

     Dynamical  Matrix in cartesian axes

     q = (    0.250000000  -0.250000000   0.250000000 ) 

    1    1
  0.27058536  0.00000000   -0.01095260  0.00000000    0.01095260  0.00000000
 -0.01095260  0.00000000    0.27058536  0.00000000   -0.01095260  0.00000000
  0.01095260  0.00000000   -0.01095260  0.00000000    0.27058536  0.00000000
    1    2
 -0.19464280  0.05596513   -0.03712599 -0.03784158    0.03712599  0.03784158
 -0.03712599 -0.03784158   -0.19464280  0.05596513   -0.03712599 -0.03784158
  0.03712599  0.03784158   -0.03712599 -0.03784158   -0.19464280  0.05596513
    2    1
 -0.19464280 -0.05596513   -0.03712599  0.03784158    0.03712599 -0.03784158
 -0.03712599  0.03784158   -0.19464280 -0.05596513   -0.03712599  0.03784158
  0.03712599 -0.03784158   -0.03712599  0.03784158   -0.19464280 -0.05596513
    2    2
  0.27058536  0.00000000   -0.01095260  0.00000000    0.01095260  0.00000000
 -0.01095260  0.00000000    0.27058536  0.00000000   -0.01095260  0.00000000
  0.01095260  0.00000000   -0.01095260  0.00000000    0.27058536  0.00000000

     Dynamical  Matrix in cartesian axes

     q = (    0.250000000   0.250000000   0.250000000 ) 

    1    1
  0.27058536  0.00000000    0.01095260  0.00000000    0.01095260  0.00000000
  0.01095260  0.00000000    0.27058536  0.00000000    0.01095260  0.00000000
  0.01095260  0.00000000    0.01095260  0.00000000    0.27058536  0.00000000
    1    2
 -0.05596513  0.19464280   -0.03784158 -0.03712599   -0.03784158 -0.03712599
 -0.03784158 -0.03712599   -0.05596513  0.19464280   -0.03784158 -0.03712599
 -0.03784158 -0.03712599   -0.03784158 -0.03712599   -0.05596513  0.19464280
    2    1
 -0.05596513 -0.19464280   -0.03784158  0.03712599   -0.03784158  0.03712599
 -0.03784158  0.03712599   -0.05596513 -0.19464280   -0.03784158  0.03712599
 -0.03784158  0.03712599   -0.03784158  0.03712599   -0.05596513 -0.19464280
    2    2
  0.27058536  0.00000000    0.01095260  0.00000000    0.01095260  0.00000000
  0.01095260  0.00000000    0.27058536  0.00000000    0.01095260  0.00000000
  0.01095260  0.00000000    0.01095260  0.00000000    0.27058536  0.00000000

     Dynamical  Matrix in cartesian axes

     q = (   -0.250000000  -0.250000000  -0.250000000 ) 

    1    1
  0.27058536  0.00000000    0.01095260  0.00000000    0.01095260  0.00000000
  0.01095260  0.00000000    0.27058536  0.00000000    0.01095260  0.00000000
  0.01095260  0.00000000    0.01095260  0.00000000    0.27058536  0.00000000
    1    2
 -0.05596513 -0.19464280   -0.03784158  0.03712599   -0.03784158  0.03712599
 -0.03784158  0.03712599   -0.05596513 -0.19464280   -0.03784158  0.03712599
 -0.03784158  0.03712599   -0.03784158  0.03712599   -0.05596513 -0.19464280
    2    1
 -0.05596513  0.19464280   -0.03784158 -0.03712599   -0.03784158 -0.03712599
 -0.03784158 -0.03712599   -0.05596513  0.19464280   -0.03784158 -0.03712599
 -0.03784158 -0.03712599   -0.03784158 -0.03712599   -0.05596513  0.19464280
    2    2
  0.27058536  0.00000000    0.01095260  0.00000000    0.01095260  0.00000000
  0.01095260  0.00000000    0.27058536  0.00000000    0.01095260  0.00000000
  0.01095260  0.00000000    0.01095260  0.00000000    0.27058536  0.00000000

     Dynamical  Matrix in cartesian axes

     q = (   -0.250000000  -0.250000000   0.250000000 ) 

    1    1
  0.27058536  0.00000000    0.01095260  0.00000000   -0.01095260  0.00000000
  0.01095260  0.00000000    0.27058536  0.00000000   -0.01095260  0.00000000
 -0.01095260  0.00000000   -0.01095260  0.00000000    0.27058536  0.00000000
    1    2
 -0.19464280 -0.05596513    0.03712599 -0.03784158   -0.03712599  0.03784158
  0.03712599 -0.03784158   -0.19464280 -0.05596513   -0.03712599  0.03784158
 -0.03712599  0.03784158   -0.03712599  0.03784158   -0.19464280 -0.05596513
    2    1
 -0.19464280  0.05596513    0.03712599  0.03784158   -0.03712599 -0.03784158
  0.03712599  0.03784158   -0.19464280  0.05596513   -0.03712599 -0.03784158
 -0.03712599 -0.03784158   -0.03712599 -0.03784158   -0.19464280  0.05596513
    2    2
  0.27058536  0.00000000    0.01095260  0.00000000   -0.01095260  0.00000000
  0.01095260  0.00000000    0.27058536  0.00000000   -0.01095260  0.00000000
 -0.01095260  0.00000000   -0.01095260  0.00000000    0.27058536  0.00000000

     Dynamical  Matrix in cartesian axes

     q = (   -0.250000000   0.250000000   0.250000000 ) 

    1    1
  0.27058536  0.00000000   -0.01095260  0.00000000   -0.01095260  0.00000000
 -0.01095260  0.00000000    0.27058536  0.00000000    0.01095260  0.00000000
 -0.01095260  0.00000000    0.01095260  0.00000000    0.27058536  0.00000000
    1    2
 -0.19464280  0.05596513   -0.03712599 -0.03784158   -0.03712599 -0.03784158
 -0.03712599 -0.03784158   -0.19464280  0.05596513    0.03712599  0.03784158
 -0.03712599 -0.03784158    0.03712599  0.03784158   -0.19464280  0.05596513
    2    1
 -0.19464280 -0.05596513   -0.03712599  0.03784158   -0.03712599  0.03784158
 -0.03712599  0.03784158   -0.19464280 -0.05596513    0.03712599 -0.03784158
 -0.03712599  0.03784158    0.03712599 -0.03784158   -0.19464280 -0.05596513
    2    2
  0.27058536  0.00000000   -0.01095260  0.00000000   -0.01095260  0.00000000
 -0.01095260  0.00000000    0.27058536  0.00000000    0.01095260  0.00000000
 -0.01095260  0.00000000    0.01095260  0.00000000    0.27058536  0.00000000

     Dynamical  Matrix in cartesian axes

     q = (    0.250000000   0.250000000  -0.250000000 ) 

    1    1
  0.27058536  0.00000000    0.01095260  0.00000000   -0.01095260  0.00000000
  0.01095260  0.00000000    0.27058536  0.00000000   -0.01095260  0.00000000
 -0.01095260  0.00000000   -0.01095260  0.00000000    0.27058536  0.00000000
    1    2
 -0.19464280  0.05596513    0.03712599  0.03784158   -0.03712599 -0.03784158
  0.03712599  0.03784158   -0.19464280  0.05596513   -0.03712599 -0.03784158
 -0.03712599 -0.03784158   -0.03712599 -0.03784158   -0.19464280  0.05596513
    2    1
 -0.19464280 -0.05596513    0.03712599 -0.03784158   -0.03712599  0.03784158
  0.03712599 -0.03784158   -0.19464280 -0.05596513   -0.03712599  0.03784158
 -0.03712599  0.03784158   -0.03712599  0.03784158   -0.19464280 -0.05596513
    2    2
  0.27058536  0.00000000    0.01095260  0.00000000   -0.01095260  0.00000000
  0.01095260  0.00000000    0.27058536  0.00000000   -0.01095260  0.00000000
 -0.01095260  0.00000000   -0.01095260  0.00000000    0.27058536  0.00000000

     Diagonalizing the dynamical matrix

     q = (   -0.250000000   0.250000000  -0.250000000 ) 

 **************************************************************************
     freq (    1) =       3.388453 [THz] =     113.026639 [cm-1]
 ( -0.279655 -0.101339  0.288663 -0.056899  0.568318  0.044441 ) 
 ( -0.286704 -0.079229  0.283349 -0.079229  0.570052 -0.000000 ) 
     freq (    2) =       3.388453 [THz] =     113.026639 [cm-1]
 ( -0.073674  0.489315  0.017555  0.496449  0.091228  0.007134 ) 
 ( -0.035303  0.493569  0.056204  0.493569  0.091507  0.000000 ) 
     freq (    3) =       6.945396 [THz] =     231.673474 [cm-1]
 (  0.275507  0.301269 -0.275507 -0.301269  0.275507  0.301269 ) 
 (  0.408248 -0.000000 -0.408248 -0.000000  0.408248  0.000000 ) 
     freq (    4) =      14.109880 [THz] =     470.654922 [cm-1]
 (  0.275507  0.301269 -0.275507 -0.301269  0.275507  0.301269 ) 
 ( -0.408248  0.000000  0.408248  0.000000 -0.408248  0.000000 ) 
     freq (    5) =      14.424332 [THz] =     481.143940 [cm-1]
 (  0.528441 -0.160623  0.377007 -0.172465 -0.151433 -0.011842 ) 
 ( -0.514310  0.201331 -0.362415  0.201331  0.151896 -0.000000 ) 
     freq (    6) =      14.424332 [THz] =     481.143940 [cm-1]
 ( -0.154201 -0.067128  0.401115 -0.023704  0.555316  0.043424 ) 
 (  0.158965  0.054903 -0.398046  0.054903 -0.557011  0.000000 ) 
 **************************************************************************
