Dynamical matrix file
                                                                           
  1    2  2 10.4700000  0.0000000  0.0000000  0.0000000  0.0000000  0.0000000
           1  'Si  '    25598.822984527003     
    1    1      0.0000000000      0.0000000000      0.0000000000
    2    1      0.2500000000      0.2500000000      0.2500000000

     Dynamical  Matrix in cartesian axes

     q = (   -0.250000000   0.250000000  -0.250000000 ) 

    1    1
  0.27813991  0.00000000   -0.01024019  0.00000000    0.01024019  0.00000000
 -0.01024019  0.00000000    0.27813991  0.00000000   -0.01024019  0.00000000
  0.01024019  0.00000000   -0.01024019  0.00000000    0.27813991  0.00000000
    1    2
 -0.20895527 -0.06350539   -0.03008528  0.03080729    0.03008528 -0.03080729
 -0.03008528  0.03080729   -0.20895527 -0.06350539   -0.03008528  0.03080729
  0.03008528 -0.03080729   -0.03008528  0.03080729   -0.20895527 -0.06350539
    2    1
 -0.20895527  0.06350539   -0.03008528 -0.03080729    0.03008528  0.03080729
 -0.03008528 -0.03080729   -0.20895527  0.06350539   -0.03008528 -0.03080729
  0.03008528  0.03080729   -0.03008528 -0.03080729   -0.20895527  0.06350539
    2    2
  0.27813991  0.00000000   -0.01024019  0.00000000    0.01024019  0.00000000
 -0.01024019  0.00000000    0.27813991  0.00000000   -0.01024019  0.00000000
  0.01024019  0.00000000   -0.01024019  0.00000000    0.27813991  0.00000000

     Dynamical  Matrix in cartesian axes

     q = (    0.250000000  -0.250000000  -0.250000000 ) 

    1    1
  0.27813991  0.00000000   -0.01024019  0.00000000   -0.01024019  0.00000000
 -0.01024019  0.00000000    0.27813991  0.00000000    0.01024019  0.00000000
 -0.01024019  0.00000000    0.01024019  0.00000000    0.27813991  0.00000000
    1    2
 -0.20895527 -0.06350539   -0.03008528  0.03080729   -0.03008528  0.03080729
 -0.03008528  0.03080729   -0.20895527 -0.06350539    0.03008528 -0.03080729
 -0.03008528  0.03080729    0.03008528 -0.03080729   -0.20895527 -0.06350539
    2    1
 -0.20895527  0.06350539   -0.03008528 -0.03080729   -0.03008528 -0.03080729
 -0.03008528 -0.03080729   -0.20895527  0.06350539    0.03008528  0.03080729
 -0.03008528 -0.03080729    0.03008528  0.03080729   -0.20895527  0.06350539
    2    2
  0.27813991  0.00000000   -0.01024019  0.00000000   -0.01024019  0.00000000
 -0.01024019  0.00000000    0.27813991  0.00000000    0.01024019  0.00000000
 -0.01024019  0.00000000    0.01024019  0.00000000    0.27813991  0.00000000

     Dynamical  Matrix in cartesian axes

     q = (    0.250000000  -0.250000000   0.250000000 ) 

    1    1
  0.27813991  0.00000000   -0.01024019  0.00000000    0.01024019  0.00000000
 -0.01024019  0.00000000    0.27813991  0.00000000   -0.01024019  0.00000000
  0.01024019  0.00000000   -0.01024019  0.00000000    0.27813991  0.00000000
    1    2
 -0.20895527  0.06350539   -0.03008528 -0.03080729    0.03008528  0.03080729
 -0.03008528 -0.03080729   -0.20895527  0.06350539   -0.03008528 -0.03080729
  0.03008528  0.03080729   -0.03008528 -0.03080729   -0.20895527  0.06350539
    2    1
 -0.20895527 -0.06350539   -0.03008528  0.03080729    0.03008528 -0.03080729
 -0.03008528  0.03080729   -0.20895527 -0.06350539   -0.03008528  0.03080729
  0.03008528 -0.03080729   -0.03008528  0.03080729   -0.20895527 -0.06350539
    2    2
  0.27813991  0.00000000   -0.01024019  0.00000000    0.01024019  0.00000000
 -0.01024019  0.00000000    0.27813991  0.00000000   -0.01024019  0.00000000
  0.01024019  0.00000000   -0.01024019  0.00000000    0.27813991  0.00000000

     Dynamical  Matrix in cartesian axes

     q = (    0.250000000   0.250000000   0.250000000 ) 

    1    1
  0.27813991  0.00000000    0.01024019  0.00000000    0.01024019  0.00000000
  0.01024019  0.00000000    0.27813991  0.00000000    0.01024019  0.00000000
  0.01024019  0.00000000    0.01024019  0.00000000    0.27813991  0.00000000
    1    2
 -0.06350539  0.20895527   -0.03080729 -0.03008528   -0.03080729 -0.03008528
 -0.03080729 -0.03008528   -0.06350539  0.20895527   -0.03080729 -0.03008528
 -0.03080729 -0.03008528   -0.03080729 -0.03008528   -0.06350539  0.20895527
    2    1
 -0.06350539 -0.20895527   -0.03080729  0.03008528   -0.03080729  0.03008528
 -0.03080729  0.03008528   -0.06350539 -0.20895527   -0.03080729  0.03008528
 -0.03080729  0.03008528   -0.03080729  0.03008528   -0.06350539 -0.20895527
    2    2
  0.27813991  0.00000000    0.01024019  0.00000000    0.01024019  0.00000000
  0.01024019  0.00000000    0.27813991  0.00000000    0.01024019  0.00000000
  0.01024019  0.00000000    0.01024019  0.00000000    0.27813991  0.00000000

     Dynamical  Matrix in cartesian axes

     q = (   -0.250000000  -0.250000000  -0.250000000 ) 

    1    1
  0.27813991  0.00000000    0.01024019  0.00000000    0.01024019  0.00000000
  0.01024019  0.00000000    0.27813991  0.00000000    0.01024019  0.00000000
  0.01024019  0.00000000    0.01024019  0.00000000    0.27813991  0.00000000
    1    2
 -0.06350539 -0.20895527   -0.03080729  0.03008528   -0.03080729  0.03008528
 -0.03080729  0.03008528   -0.06350539 -0.20895527   -0.03080729  0.03008528
 -0.03080729  0.03008528   -0.03080729  0.03008528   -0.06350539 -0.20895527
    2    1
 -0.06350539  0.20895527   -0.03080729 -0.03008528   -0.03080729 -0.03008528
 -0.03080729 -0.03008528   -0.06350539  0.20895527   -0.03080729 -0.03008528
 -0.03080729 -0.03008528   -0.03080729 -0.03008528   -0.06350539  0.20895527
    2    2
  0.27813991  0.00000000    0.01024019  0.00000000    0.01024019  0.00000000
  0.01024019  0.00000000    0.27813991  0.00000000    0.01024019  0.00000000
  0.01024019  0.00000000    0.01024019  0.00000000    0.27813991  0.00000000

     Dynamical  Matrix in cartesian axes

     q = (   -0.250000000  -0.250000000   0.250000000 ) 

    1    1
  0.27813991  0.00000000    0.01024019  0.00000000   -0.01024019  0.00000000
  0.01024019  0.00000000    0.27813991  0.00000000   -0.01024019  0.00000000
 -0.01024019  0.00000000   -0.01024019  0.00000000    0.27813991  0.00000000
    1    2
 -0.20895527 -0.06350539    0.03008528 -0.03080729   -0.03008528  0.03080729
  0.03008528 -0.03080729   -0.20895527 -0.06350539   -0.03008528  0.03080729
 -0.03008528  0.03080729   -0.03008528  0.03080729   -0.20895527 -0.06350539
    2    1
 -0.20895527  0.06350539    0.03008528  0.03080729   -0.03008528 -0.03080729
  0.03008528  0.03080729   -0.20895527  0.06350539   -0.03008528 -0.03080729
 -0.03008528 -0.03080729   -0.03008528 -0.03080729   -0.20895527  0.06350539
    2    2
  0.27813991  0.00000000    0.01024019  0.00000000   -0.01024019  0.00000000
  0.01024019  0.00000000    0.27813991  0.00000000   -0.01024019  0.00000000
 -0.01024019  0.00000000   -0.01024019  0.00000000    0.27813991  0.00000000

     Dynamical  Matrix in cartesian axes

     q = (   -0.250000000   0.250000000   0.250000000 ) 

    1    1
  0.27813991  0.00000000   -0.01024019  0.00000000   -0.01024019  0.00000000
 -0.01024019  0.00000000    0.27813991  0.00000000    0.01024019  0.00000000
 -0.01024019  0.00000000    0.01024019  0.00000000    0.27813991  0.00000000
    1    2
 -0.20895527  0.06350539   -0.03008528 -0.03080729   -0.03008528 -0.03080729
 -0.03008528 -0.03080729   -0.20895527  0.06350539    0.03008528  0.03080729
 -0.03008528 -0.03080729    0.03008528  0.03080729   -0.20895527  0.06350539
    2    1
 -0.20895527 -0.06350539   -0.03008528  0.03080729   -0.03008528  0.03080729
 -0.03008528  0.03080729   -0.20895527 -0.06350539    0.03008528 -0.03080729
 -0.03008528  0.03080729    0.03008528 -0.03080729   -0.20895527 -0.06350539
    2    2
  0.27813991  0.00000000   -0.01024019  0.00000000   -0.01024019  0.00000000
 -0.01024019  0.00000000    0.27813991  0.00000000    0.01024019  0.00000000
 -0.01024019  0.00000000    0.01024019  0.00000000    0.27813991  0.00000000

     Dynamical  Matrix in cartesian axes

     q = (    0.250000000   0.250000000  -0.250000000 ) 

    1    1
  0.27813991  0.00000000    0.01024019  0.00000000   -0.01024019  0.00000000
  0.01024019  0.00000000    0.27813991  0.00000000   -0.01024019  0.00000000
 -0.01024019  0.00000000   -0.01024019  0.00000000    0.27813991  0.00000000
    1    2
 -0.20895527  0.06350539    0.03008528  0.03080729   -0.03008528 -0.03080729
  0.03008528  0.03080729   -0.20895527  0.06350539   -0.03008528 -0.03080729
 -0.03008528 -0.03080729   -0.03008528 -0.03080729   -0.20895527  0.06350539
    2    1
 -0.20895527 -0.06350539    0.03008528 -0.03080729   -0.03008528  0.03080729
  0.03008528 -0.03080729   -0.20895527 -0.06350539   -0.03008528  0.03080729
 -0.03008528  0.03080729   -0.03008528  0.03080729   -0.20895527 -0.06350539
    2    2
  0.27813991  0.00000000    0.01024019  0.00000000   -0.01024019  0.00000000
  0.01024019  0.00000000    0.27813991  0.00000000   -0.01024019  0.00000000
 -0.01024019  0.00000000   -0.01024019  0.00000000    0.27813991  0.00000000

     Diagonalizing the dynamical matrix

     q = (   -0.250000000   0.250000000  -0.250000000 ) 

 **************************************************************************
     freq (    1) =       3.355648 [THz] =     111.932384 [cm-1]
 (  0.248337  0.290441  0.456311  0.318890  0.207973  0.028448 ) 
 (  0.285408  0.254105  0.495319  0.254105  0.209910  0.000000 ) 
     freq (    2) =       3.355648 [THz] =     111.932384 [cm-1]
 ( -0.403945 -0.155352  0.128932 -0.082460  0.532877  0.072892 ) 
 ( -0.421272 -0.099173  0.116567 -0.099173  0.537839  0.000000 ) 
     freq (    3) =       6.638016 [THz] =     221.420379 [cm-1]
 ( -0.312452 -0.262755  0.312452  0.262755 -0.312452 -0.262755 ) 
 ( -0.408248 -0.000000  0.408248  0.000000 -0.408248  0.000000 ) 
     freq (    4) =      14.437701 [THz] =     481.589864 [cm-1]
 ( -0.312452 -0.262755  0.312452  0.262755 -0.312452 -0.262755 ) 
 (  0.408248  0.000000 -0.408248  0.000000  0.408248  0.000000 ) 
     freq (    5) =      14.672187 [THz] =     489.411482 [cm-1]
 ( -0.285126 -0.040093  0.286895  0.038153  0.572021  0.078246 ) 
 (  0.287929  0.001081 -0.289419  0.001081 -0.577348  0.000000 ) 
     freq (    6) =      14.672187 [THz] =     489.411482 [cm-1]
 ( -0.337670  0.369335 -0.336168  0.369540  0.001502  0.000205 ) 
 (  0.284500 -0.411690  0.282984 -0.411690 -0.001516  0.000000 ) 
 **************************************************************************
