Dynamical matrix file
                                                                           
  1    2  2 10.4700000  0.0000000  0.0000000  0.0000000  0.0000000  0.0000000
           1  'Si  '    25598.822984527003     
    1    1      0.0000000000      0.0000000000      0.0000000000
    2    1      0.2500000000      0.2500000000      0.2500000000

     Dynamical  Matrix in cartesian axes

     q = (    0.750000000  -0.250000000   0.750000000 ) 

    1    1
  0.24089572  0.00000000   -0.00429546  0.00726766    0.00112701  0.00000000
 -0.00429546 -0.00726766    0.29391297  0.00000000   -0.00429546 -0.00726766
  0.00112701  0.00000000   -0.00429546  0.00726766    0.24089572  0.00000000
    1    2
 -0.04616554  0.08008447   -0.02925843  0.03379635   -0.03561720 -0.11202124
 -0.02925843  0.03379635   -0.04486253  0.09914723   -0.02925843  0.03379635
 -0.03561720 -0.11202124   -0.02925843  0.03379635   -0.04616554  0.08008447
    2    1
 -0.04616554 -0.08008447   -0.02925843 -0.03379635   -0.03561720  0.11202124
 -0.02925843 -0.03379635   -0.04486253 -0.09914723   -0.02925843 -0.03379635
 -0.03561720  0.11202124   -0.02925843 -0.03379635   -0.04616554 -0.08008447
    2    2
  0.24089572  0.00000000   -0.00429546 -0.00726766    0.00112701  0.00000000
 -0.00429546  0.00726766    0.29391297  0.00000000   -0.00429546  0.00726766
  0.00112701  0.00000000   -0.00429546 -0.00726766    0.24089572  0.00000000

     Dynamical  Matrix in cartesian axes

     q = (    0.750000000  -0.250000000  -0.750000000 ) 

    1    1
  0.24089572  0.00000000   -0.00429546 -0.00726766   -0.00112701  0.00000000
 -0.00429546  0.00726766    0.29391297  0.00000000    0.00429546 -0.00726766
 -0.00112701  0.00000000    0.00429546  0.00726766    0.24089572  0.00000000
    1    2
 -0.08008447  0.04616554   -0.03379635  0.02925843   -0.11202124 -0.03561720
 -0.03379635  0.02925843   -0.09914723  0.04486253    0.03379635 -0.02925843
 -0.11202124 -0.03561720    0.03379635 -0.02925843   -0.08008447  0.04616554
    2    1
 -0.08008447 -0.04616554   -0.03379635 -0.02925843   -0.11202124  0.03561720
 -0.03379635 -0.02925843   -0.09914723 -0.04486253    0.03379635  0.02925843
 -0.11202124  0.03561720    0.03379635  0.02925843   -0.08008447 -0.04616554
    2    2
  0.24089572  0.00000000   -0.00429546  0.00726766   -0.00112701  0.00000000
 -0.00429546 -0.00726766    0.29391297  0.00000000    0.00429546  0.00726766
 -0.00112701  0.00000000    0.00429546 -0.00726766    0.24089572  0.00000000

     Dynamical  Matrix in cartesian axes

     q = (   -0.750000000  -0.250000000  -0.750000000 ) 

    1    1
  0.24089572  0.00000000    0.00429546 -0.00726766    0.00112701  0.00000000
  0.00429546  0.00726766    0.29391297  0.00000000    0.00429546  0.00726766
  0.00112701  0.00000000    0.00429546 -0.00726766    0.24089572  0.00000000
    1    2
  0.08008447  0.04616554   -0.03379635 -0.02925843   -0.11202124  0.03561720
 -0.03379635 -0.02925843    0.09914723  0.04486253   -0.03379635 -0.02925843
 -0.11202124  0.03561720   -0.03379635 -0.02925843    0.08008447  0.04616554
    2    1
  0.08008447 -0.04616554   -0.03379635  0.02925843   -0.11202124 -0.03561720
 -0.03379635  0.02925843    0.09914723 -0.04486253   -0.03379635  0.02925843
 -0.11202124 -0.03561720   -0.03379635  0.02925843    0.08008447 -0.04616554
    2    2
  0.24089572  0.00000000    0.00429546  0.00726766    0.00112701  0.00000000
  0.00429546 -0.00726766    0.29391297  0.00000000    0.00429546 -0.00726766
  0.00112701  0.00000000    0.00429546  0.00726766    0.24089572  0.00000000

     Dynamical  Matrix in cartesian axes

     q = (   -0.750000000  -0.250000000   0.750000000 ) 

    1    1
  0.24089572  0.00000000    0.00429546  0.00726766   -0.00112701  0.00000000
  0.00429546 -0.00726766    0.29391297  0.00000000   -0.00429546  0.00726766
 -0.00112701  0.00000000   -0.00429546 -0.00726766    0.24089572  0.00000000
    1    2
 -0.08008447  0.04616554    0.03379635 -0.02925843   -0.11202124 -0.03561720
  0.03379635 -0.02925843   -0.09914723  0.04486253   -0.03379635  0.02925843
 -0.11202124 -0.03561720   -0.03379635  0.02925843   -0.08008447  0.04616554
    2    1
 -0.08008447 -0.04616554    0.03379635  0.02925843   -0.11202124  0.03561720
  0.03379635  0.02925843   -0.09914723 -0.04486253   -0.03379635 -0.02925843
 -0.11202124  0.03561720   -0.03379635 -0.02925843   -0.08008447 -0.04616554
    2    2
  0.24089572  0.00000000    0.00429546 -0.00726766   -0.00112701  0.00000000
  0.00429546  0.00726766    0.29391297  0.00000000   -0.00429546 -0.00726766
 -0.00112701  0.00000000   -0.00429546  0.00726766    0.24089572  0.00000000

     Dynamical  Matrix in cartesian axes

     q = (   -0.750000000   0.250000000  -0.750000000 ) 

    1    1
  0.24089572  0.00000000   -0.00429546 -0.00726766    0.00112701  0.00000000
 -0.00429546  0.00726766    0.29391297  0.00000000   -0.00429546  0.00726766
  0.00112701  0.00000000   -0.00429546 -0.00726766    0.24089572  0.00000000
    1    2
 -0.04616554 -0.08008447   -0.02925843 -0.03379635   -0.03561720  0.11202124
 -0.02925843 -0.03379635   -0.04486253 -0.09914723   -0.02925843 -0.03379635
 -0.03561720  0.11202124   -0.02925843 -0.03379635   -0.04616554 -0.08008447
    2    1
 -0.04616554  0.08008447   -0.02925843  0.03379635   -0.03561720 -0.11202124
 -0.02925843  0.03379635   -0.04486253  0.09914723   -0.02925843  0.03379635
 -0.03561720 -0.11202124   -0.02925843  0.03379635   -0.04616554  0.08008447
    2    2
  0.24089572  0.00000000   -0.00429546  0.00726766    0.00112701  0.00000000
 -0.00429546 -0.00726766    0.29391297  0.00000000   -0.00429546 -0.00726766
  0.00112701  0.00000000   -0.00429546  0.00726766    0.24089572  0.00000000

     Dynamical  Matrix in cartesian axes

     q = (   -0.250000000   0.750000000  -0.750000000 ) 

    1    1
  0.29391297  0.00000000   -0.00429546  0.00726766    0.00429546 -0.00726766
 -0.00429546 -0.00726766    0.24089572  0.00000000   -0.00112701  0.00000000
  0.00429546  0.00726766   -0.00112701  0.00000000    0.24089572  0.00000000
    1    2
 -0.09914723  0.04486253   -0.03379635  0.02925843    0.03379635 -0.02925843
 -0.03379635  0.02925843   -0.08008447  0.04616554   -0.11202124 -0.03561720
  0.03379635 -0.02925843   -0.11202124 -0.03561720   -0.08008447  0.04616554
    2    1
 -0.09914723 -0.04486253   -0.03379635 -0.02925843    0.03379635  0.02925843
 -0.03379635 -0.02925843   -0.08008447 -0.04616554   -0.11202124  0.03561720
  0.03379635  0.02925843   -0.11202124  0.03561720   -0.08008447 -0.04616554
    2    2
  0.29391297  0.00000000   -0.00429546 -0.00726766    0.00429546  0.00726766
 -0.00429546  0.00726766    0.24089572  0.00000000   -0.00112701  0.00000000
  0.00429546 -0.00726766   -0.00112701  0.00000000    0.24089572  0.00000000

     Dynamical  Matrix in cartesian axes

     q = (   -0.750000000   0.750000000  -0.250000000 ) 

    1    1
  0.24089572  0.00000000   -0.00112701  0.00000000    0.00429546  0.00726766
 -0.00112701  0.00000000    0.24089572  0.00000000   -0.00429546 -0.00726766
  0.00429546 -0.00726766   -0.00429546  0.00726766    0.29391297  0.00000000
    1    2
 -0.08008447  0.04616554   -0.11202124 -0.03561720    0.03379635 -0.02925843
 -0.11202124 -0.03561720   -0.08008447  0.04616554   -0.03379635  0.02925843
  0.03379635 -0.02925843   -0.03379635  0.02925843   -0.09914723  0.04486253
    2    1
 -0.08008447 -0.04616554   -0.11202124  0.03561720    0.03379635  0.02925843
 -0.11202124  0.03561720   -0.08008447 -0.04616554   -0.03379635 -0.02925843
  0.03379635  0.02925843   -0.03379635 -0.02925843   -0.09914723 -0.04486253
    2    2
  0.24089572  0.00000000   -0.00112701  0.00000000    0.00429546 -0.00726766
 -0.00112701  0.00000000    0.24089572  0.00000000   -0.00429546  0.00726766
  0.00429546  0.00726766   -0.00429546 -0.00726766    0.29391297  0.00000000

     Dynamical  Matrix in cartesian axes

     q = (    0.750000000   0.250000000   0.750000000 ) 

    1    1
  0.24089572  0.00000000    0.00429546  0.00726766    0.00112701  0.00000000
  0.00429546 -0.00726766    0.29391297  0.00000000    0.00429546 -0.00726766
  0.00112701  0.00000000    0.00429546  0.00726766    0.24089572  0.00000000
    1    2
  0.08008447 -0.04616554   -0.03379635  0.02925843   -0.11202124 -0.03561720
 -0.03379635  0.02925843    0.09914723 -0.04486253   -0.03379635  0.02925843
 -0.11202124 -0.03561720   -0.03379635  0.02925843    0.08008447 -0.04616554
    2    1
  0.08008447  0.04616554   -0.03379635 -0.02925843   -0.11202124  0.03561720
 -0.03379635 -0.02925843    0.09914723  0.04486253   -0.03379635 -0.02925843
 -0.11202124  0.03561720   -0.03379635 -0.02925843    0.08008447  0.04616554
    2    2
  0.24089572  0.00000000    0.00429546 -0.00726766    0.00112701  0.00000000
  0.00429546  0.00726766    0.29391297  0.00000000    0.00429546  0.00726766
  0.00112701  0.00000000    0.00429546 -0.00726766    0.24089572  0.00000000

     Dynamical  Matrix in cartesian axes

     q = (   -0.750000000   0.250000000   0.750000000 ) 

    1    1
  0.24089572  0.00000000   -0.00429546  0.00726766   -0.00112701  0.00000000
 -0.00429546 -0.00726766    0.29391297  0.00000000    0.00429546  0.00726766
 -0.00112701  0.00000000    0.00429546 -0.00726766    0.24089572  0.00000000
    1    2
 -0.08008447 -0.04616554   -0.03379635 -0.02925843   -0.11202124  0.03561720
 -0.03379635 -0.02925843   -0.09914723 -0.04486253    0.03379635  0.02925843
 -0.11202124  0.03561720    0.03379635  0.02925843   -0.08008447 -0.04616554
    2    1
 -0.08008447  0.04616554   -0.03379635  0.02925843   -0.11202124 -0.03561720
 -0.03379635  0.02925843   -0.09914723  0.04486253    0.03379635 -0.02925843
 -0.11202124 -0.03561720    0.03379635 -0.02925843   -0.08008447  0.04616554
    2    2
  0.24089572  0.00000000   -0.00429546 -0.00726766   -0.00112701  0.00000000
 -0.00429546  0.00726766    0.29391297  0.00000000    0.00429546 -0.00726766
 -0.00112701  0.00000000    0.00429546  0.00726766    0.24089572  0.00000000

     Dynamical  Matrix in cartesian axes

     q = (    0.750000000   0.250000000  -0.750000000 ) 

    1    1
  0.24089572  0.00000000    0.00429546 -0.00726766   -0.00112701  0.00000000
  0.00429546  0.00726766    0.29391297  0.00000000   -0.00429546 -0.00726766
 -0.00112701  0.00000000   -0.00429546  0.00726766    0.24089572  0.00000000
    1    2
 -0.08008447 -0.04616554    0.03379635  0.02925843   -0.11202124  0.03561720
  0.03379635  0.02925843   -0.09914723 -0.04486253   -0.03379635 -0.02925843
 -0.11202124  0.03561720   -0.03379635 -0.02925843   -0.08008447 -0.04616554
    2    1
 -0.08008447  0.04616554    0.03379635 -0.02925843   -0.11202124 -0.03561720
  0.03379635 -0.02925843   -0.09914723  0.04486253   -0.03379635  0.02925843
 -0.11202124 -0.03561720   -0.03379635  0.02925843   -0.08008447  0.04616554
    2    2
  0.24089572  0.00000000    0.00429546  0.00726766   -0.00112701  0.00000000
  0.00429546 -0.00726766    0.29391297  0.00000000   -0.00429546  0.00726766
 -0.00112701  0.00000000   -0.00429546 -0.00726766    0.24089572  0.00000000

     Dynamical  Matrix in cartesian axes

     q = (   -0.750000000   0.750000000   0.250000000 ) 

    1    1
  0.24089572  0.00000000   -0.00112701  0.00000000   -0.00429546  0.00726766
 -0.00112701  0.00000000    0.24089572  0.00000000    0.00429546 -0.00726766
 -0.00429546 -0.00726766    0.00429546  0.00726766    0.29391297  0.00000000
    1    2
 -0.08008447 -0.04616554   -0.11202124  0.03561720   -0.03379635 -0.02925843
 -0.11202124  0.03561720   -0.08008447 -0.04616554    0.03379635  0.02925843
 -0.03379635 -0.02925843    0.03379635  0.02925843   -0.09914723 -0.04486253
    2    1
 -0.08008447  0.04616554   -0.11202124 -0.03561720   -0.03379635  0.02925843
 -0.11202124 -0.03561720   -0.08008447  0.04616554    0.03379635 -0.02925843
 -0.03379635  0.02925843    0.03379635 -0.02925843   -0.09914723  0.04486253
    2    2
  0.24089572  0.00000000   -0.00112701  0.00000000   -0.00429546 -0.00726766
 -0.00112701  0.00000000    0.24089572  0.00000000    0.00429546  0.00726766
 -0.00429546  0.00726766    0.00429546 -0.00726766    0.29391297  0.00000000

     Dynamical  Matrix in cartesian axes

     q = (   -0.250000000   0.750000000   0.750000000 ) 

    1    1
  0.29391297  0.00000000   -0.00429546 -0.00726766   -0.00429546 -0.00726766
 -0.00429546  0.00726766    0.24089572  0.00000000    0.00112701  0.00000000
 -0.00429546  0.00726766    0.00112701  0.00000000    0.24089572  0.00000000
    1    2
 -0.04486253  0.09914723   -0.02925843  0.03379635   -0.02925843  0.03379635
 -0.02925843  0.03379635   -0.04616554  0.08008447   -0.03561720 -0.11202124
 -0.02925843  0.03379635   -0.03561720 -0.11202124   -0.04616554  0.08008447
    2    1
 -0.04486253 -0.09914723   -0.02925843 -0.03379635   -0.02925843 -0.03379635
 -0.02925843 -0.03379635   -0.04616554 -0.08008447   -0.03561720  0.11202124
 -0.02925843 -0.03379635   -0.03561720  0.11202124   -0.04616554 -0.08008447
    2    2
  0.29391297  0.00000000   -0.00429546  0.00726766   -0.00429546  0.00726766
 -0.00429546 -0.00726766    0.24089572  0.00000000    0.00112701  0.00000000
 -0.00429546 -0.00726766    0.00112701  0.00000000    0.24089572  0.00000000

     Dynamical  Matrix in cartesian axes

     q = (    0.250000000   0.750000000  -0.750000000 ) 

    1    1
  0.29391297  0.00000000    0.00429546  0.00726766   -0.00429546 -0.00726766
  0.00429546 -0.00726766    0.24089572  0.00000000   -0.00112701  0.00000000
 -0.00429546  0.00726766   -0.00112701  0.00000000    0.24089572  0.00000000
    1    2
 -0.09914723 -0.04486253    0.03379635  0.02925843   -0.03379635 -0.02925843
  0.03379635  0.02925843   -0.08008447 -0.04616554   -0.11202124  0.03561720
 -0.03379635 -0.02925843   -0.11202124  0.03561720   -0.08008447 -0.04616554
    2    1
 -0.09914723  0.04486253    0.03379635 -0.02925843   -0.03379635  0.02925843
  0.03379635 -0.02925843   -0.08008447  0.04616554   -0.11202124 -0.03561720
 -0.03379635  0.02925843   -0.11202124 -0.03561720   -0.08008447  0.04616554
    2    2
  0.29391297  0.00000000    0.00429546 -0.00726766   -0.00429546  0.00726766
  0.00429546  0.00726766    0.24089572  0.00000000   -0.00112701  0.00000000
 -0.00429546 -0.00726766   -0.00112701  0.00000000    0.24089572  0.00000000

     Dynamical  Matrix in cartesian axes

     q = (   -0.250000000  -0.750000000  -0.750000000 ) 

    1    1
  0.29391297  0.00000000    0.00429546  0.00726766    0.00429546  0.00726766
  0.00429546 -0.00726766    0.24089572  0.00000000    0.00112701  0.00000000
  0.00429546 -0.00726766    0.00112701  0.00000000    0.24089572  0.00000000
    1    2
  0.09914723  0.04486253   -0.03379635 -0.02925843   -0.03379635 -0.02925843
 -0.03379635 -0.02925843    0.08008447  0.04616554   -0.11202124  0.03561720
 -0.03379635 -0.02925843   -0.11202124  0.03561720    0.08008447  0.04616554
    2    1
  0.09914723 -0.04486253   -0.03379635  0.02925843   -0.03379635  0.02925843
 -0.03379635  0.02925843    0.08008447 -0.04616554   -0.11202124 -0.03561720
 -0.03379635  0.02925843   -0.11202124 -0.03561720    0.08008447 -0.04616554
    2    2
  0.29391297  0.00000000    0.00429546 -0.00726766    0.00429546 -0.00726766
  0.00429546  0.00726766    0.24089572  0.00000000    0.00112701  0.00000000
  0.00429546  0.00726766    0.00112701  0.00000000    0.24089572  0.00000000

     Dynamical  Matrix in cartesian axes

     q = (    0.750000000   0.750000000  -0.250000000 ) 

    1    1
  0.24089572  0.00000000    0.00112701  0.00000000   -0.00429546  0.00726766
  0.00112701  0.00000000    0.24089572  0.00000000   -0.00429546  0.00726766
 -0.00429546 -0.00726766   -0.00429546 -0.00726766    0.29391297  0.00000000
    1    2
 -0.04616554  0.08008447   -0.03561720 -0.11202124   -0.02925843  0.03379635
 -0.03561720 -0.11202124   -0.04616554  0.08008447   -0.02925843  0.03379635
 -0.02925843  0.03379635   -0.02925843  0.03379635   -0.04486253  0.09914723
    2    1
 -0.04616554 -0.08008447   -0.03561720  0.11202124   -0.02925843 -0.03379635
 -0.03561720  0.11202124   -0.04616554 -0.08008447   -0.02925843 -0.03379635
 -0.02925843 -0.03379635   -0.02925843 -0.03379635   -0.04486253 -0.09914723
    2    2
  0.24089572  0.00000000    0.00112701  0.00000000   -0.00429546 -0.00726766
  0.00112701  0.00000000    0.24089572  0.00000000   -0.00429546 -0.00726766
 -0.00429546  0.00726766   -0.00429546  0.00726766    0.29391297  0.00000000

     Dynamical  Matrix in cartesian axes

     q = (    0.750000000  -0.750000000   0.250000000 ) 

    1    1
  0.24089572  0.00000000   -0.00112701  0.00000000    0.00429546 -0.00726766
 -0.00112701  0.00000000    0.24089572  0.00000000   -0.00429546  0.00726766
  0.00429546  0.00726766   -0.00429546 -0.00726766    0.29391297  0.00000000
    1    2
 -0.08008447 -0.04616554   -0.11202124  0.03561720    0.03379635  0.02925843
 -0.11202124  0.03561720   -0.08008447 -0.04616554   -0.03379635 -0.02925843
  0.03379635  0.02925843   -0.03379635 -0.02925843   -0.09914723 -0.04486253
    2    1
 -0.08008447  0.04616554   -0.11202124 -0.03561720    0.03379635 -0.02925843
 -0.11202124 -0.03561720   -0.08008447  0.04616554   -0.03379635  0.02925843
  0.03379635 -0.02925843   -0.03379635  0.02925843   -0.09914723  0.04486253
    2    2
  0.24089572  0.00000000   -0.00112701  0.00000000    0.00429546  0.00726766
 -0.00112701  0.00000000    0.24089572  0.00000000   -0.00429546 -0.00726766
  0.00429546 -0.00726766   -0.00429546  0.00726766    0.29391297  0.00000000

     Dynamical  Matrix in cartesian axes

     q = (   -0.750000000  -0.750000000  -0.250000000 ) 

    1    1
  0.24089572  0.00000000    0.00112701  0.00000000    0.00429546 -0.00726766
  0.00112701  0.00000000    0.24089572  0.00000000    0.00429546 -0.00726766
  0.00429546  0.00726766    0.00429546  0.00726766    0.29391297  0.00000000
    1    2
  0.08008447  0.04616554   -0.11202124  0.03561720   -0.03379635 -0.02925843
 -0.11202124  0.03561720    0.08008447  0.04616554   -0.03379635 -0.02925843
 -0.03379635 -0.02925843   -0.03379635 -0.02925843    0.09914723  0.04486253
    2    1
  0.08008447 -0.04616554   -0.11202124 -0.03561720   -0.03379635  0.02925843
 -0.11202124 -0.03561720    0.08008447 -0.04616554   -0.03379635  0.02925843
 -0.03379635  0.02925843   -0.03379635  0.02925843    0.09914723 -0.04486253
    2    2
  0.24089572  0.00000000    0.00112701  0.00000000    0.00429546  0.00726766
  0.00112701  0.00000000    0.24089572  0.00000000    0.00429546  0.00726766
  0.00429546 -0.00726766    0.00429546 -0.00726766    0.29391297  0.00000000

     Dynamical  Matrix in cartesian axes

     q = (    0.250000000  -0.750000000   0.750000000 ) 

    1    1
  0.29391297  0.00000000   -0.00429546 -0.00726766    0.00429546  0.00726766
 -0.00429546  0.00726766    0.24089572  0.00000000   -0.00112701  0.00000000
  0.00429546 -0.00726766   -0.00112701  0.00000000    0.24089572  0.00000000
    1    2
 -0.09914723 -0.04486253   -0.03379635 -0.02925843    0.03379635  0.02925843
 -0.03379635 -0.02925843   -0.08008447 -0.04616554   -0.11202124  0.03561720
  0.03379635  0.02925843   -0.11202124  0.03561720   -0.08008447 -0.04616554
    2    1
 -0.09914723  0.04486253   -0.03379635  0.02925843    0.03379635 -0.02925843
 -0.03379635  0.02925843   -0.08008447  0.04616554   -0.11202124 -0.03561720
  0.03379635 -0.02925843   -0.11202124 -0.03561720   -0.08008447  0.04616554
    2    2
  0.29391297  0.00000000   -0.00429546  0.00726766    0.00429546 -0.00726766
 -0.00429546 -0.00726766    0.24089572  0.00000000   -0.00112701  0.00000000
  0.00429546  0.00726766   -0.00112701  0.00000000    0.24089572  0.00000000

     Dynamical  Matrix in cartesian axes

     q = (   -0.750000000  -0.750000000   0.250000000 ) 

    1    1
  0.24089572  0.00000000    0.00112701  0.00000000   -0.00429546 -0.00726766
  0.00112701  0.00000000    0.24089572  0.00000000   -0.00429546 -0.00726766
 -0.00429546  0.00726766   -0.00429546  0.00726766    0.29391297  0.00000000
    1    2
 -0.04616554 -0.08008447   -0.03561720  0.11202124   -0.02925843 -0.03379635
 -0.03561720  0.11202124   -0.04616554 -0.08008447   -0.02925843 -0.03379635
 -0.02925843 -0.03379635   -0.02925843 -0.03379635   -0.04486253 -0.09914723
    2    1
 -0.04616554  0.08008447   -0.03561720 -0.11202124   -0.02925843  0.03379635
 -0.03561720 -0.11202124   -0.04616554  0.08008447   -0.02925843  0.03379635
 -0.02925843  0.03379635   -0.02925843  0.03379635   -0.04486253  0.09914723
    2    2
  0.24089572  0.00000000    0.00112701  0.00000000   -0.00429546  0.00726766
  0.00112701  0.00000000    0.24089572  0.00000000   -0.00429546  0.00726766
 -0.00429546 -0.00726766   -0.00429546 -0.00726766    0.29391297  0.00000000

     Dynamical  Matrix in cartesian axes

     q = (    0.250000000   0.750000000   0.750000000 ) 

    1    1
  0.29391297  0.00000000    0.00429546 -0.00726766    0.00429546 -0.00726766
  0.00429546  0.00726766    0.24089572  0.00000000    0.00112701  0.00000000
  0.00429546  0.00726766    0.00112701  0.00000000    0.24089572  0.00000000
    1    2
  0.09914723 -0.04486253   -0.03379635  0.02925843   -0.03379635  0.02925843
 -0.03379635  0.02925843    0.08008447 -0.04616554   -0.11202124 -0.03561720
 -0.03379635  0.02925843   -0.11202124 -0.03561720    0.08008447 -0.04616554
    2    1
  0.09914723  0.04486253   -0.03379635 -0.02925843   -0.03379635 -0.02925843
 -0.03379635 -0.02925843    0.08008447  0.04616554   -0.11202124  0.03561720
 -0.03379635 -0.02925843   -0.11202124  0.03561720    0.08008447  0.04616554
    2    2
  0.29391297  0.00000000    0.00429546  0.00726766    0.00429546  0.00726766
  0.00429546 -0.00726766    0.24089572  0.00000000    0.00112701  0.00000000
  0.00429546 -0.00726766    0.00112701  0.00000000    0.24089572  0.00000000

     Dynamical  Matrix in cartesian axes

     q = (   -0.250000000  -0.750000000   0.750000000 ) 

    1    1
  0.29391297  0.00000000    0.00429546 -0.00726766   -0.00429546  0.00726766
  0.00429546  0.00726766    0.24089572  0.00000000   -0.00112701  0.00000000
 -0.00429546 -0.00726766   -0.00112701  0.00000000    0.24089572  0.00000000
    1    2
 -0.09914723  0.04486253    0.03379635 -0.02925843   -0.03379635  0.02925843
  0.03379635 -0.02925843   -0.08008447  0.04616554   -0.11202124 -0.03561720
 -0.03379635  0.02925843   -0.11202124 -0.03561720   -0.08008447  0.04616554
    2    1
 -0.09914723 -0.04486253    0.03379635  0.02925843   -0.03379635 -0.02925843
  0.03379635  0.02925843   -0.08008447 -0.04616554   -0.11202124  0.03561720
 -0.03379635 -0.02925843   -0.11202124  0.03561720   -0.08008447 -0.04616554
    2    2
  0.29391297  0.00000000    0.00429546  0.00726766   -0.00429546 -0.00726766
  0.00429546 -0.00726766    0.24089572  0.00000000   -0.00112701  0.00000000
 -0.00429546  0.00726766   -0.00112701  0.00000000    0.24089572  0.00000000

     Dynamical  Matrix in cartesian axes

     q = (    0.750000000   0.750000000   0.250000000 ) 

    1    1
  0.24089572  0.00000000    0.00112701  0.00000000    0.00429546  0.00726766
  0.00112701  0.00000000    0.24089572  0.00000000    0.00429546  0.00726766
  0.00429546 -0.00726766    0.00429546 -0.00726766    0.29391297  0.00000000
    1    2
  0.08008447 -0.04616554   -0.11202124 -0.03561720   -0.03379635  0.02925843
 -0.11202124 -0.03561720    0.08008447 -0.04616554   -0.03379635  0.02925843
 -0.03379635  0.02925843   -0.03379635  0.02925843    0.09914723 -0.04486253
    2    1
  0.08008447  0.04616554   -0.11202124  0.03561720   -0.03379635 -0.02925843
 -0.11202124  0.03561720    0.08008447  0.04616554   -0.03379635 -0.02925843
 -0.03379635 -0.02925843   -0.03379635 -0.02925843    0.09914723  0.04486253
    2    2
  0.24089572  0.00000000    0.00112701  0.00000000    0.00429546 -0.00726766
  0.00112701  0.00000000    0.24089572  0.00000000    0.00429546 -0.00726766
  0.00429546  0.00726766    0.00429546  0.00726766    0.29391297  0.00000000

     Dynamical  Matrix in cartesian axes

     q = (    0.250000000  -0.750000000  -0.750000000 ) 

    1    1
  0.29391297  0.00000000   -0.00429546  0.00726766   -0.00429546  0.00726766
 -0.00429546 -0.00726766    0.24089572  0.00000000    0.00112701  0.00000000
 -0.00429546 -0.00726766    0.00112701  0.00000000    0.24089572  0.00000000
    1    2
 -0.04486253 -0.09914723   -0.02925843 -0.03379635   -0.02925843 -0.03379635
 -0.02925843 -0.03379635   -0.04616554 -0.08008447   -0.03561720  0.11202124
 -0.02925843 -0.03379635   -0.03561720  0.11202124   -0.04616554 -0.08008447
    2    1
 -0.04486253  0.09914723   -0.02925843  0.03379635   -0.02925843  0.03379635
 -0.02925843  0.03379635   -0.04616554  0.08008447   -0.03561720 -0.11202124
 -0.02925843  0.03379635   -0.03561720 -0.11202124   -0.04616554  0.08008447
    2    2
  0.29391297  0.00000000   -0.00429546 -0.00726766   -0.00429546 -0.00726766
 -0.00429546  0.00726766    0.24089572  0.00000000    0.00112701  0.00000000
 -0.00429546  0.00726766    0.00112701  0.00000000    0.24089572  0.00000000

     Dynamical  Matrix in cartesian axes

     q = (    0.750000000  -0.750000000  -0.250000000 ) 

    1    1
  0.24089572  0.00000000   -0.00112701  0.00000000   -0.00429546 -0.00726766
 -0.00112701  0.00000000    0.24089572  0.00000000    0.00429546  0.00726766
 -0.00429546  0.00726766    0.00429546 -0.00726766    0.29391297  0.00000000
    1    2
 -0.08008447  0.04616554   -0.11202124 -0.03561720   -0.03379635  0.02925843
 -0.11202124 -0.03561720   -0.08008447  0.04616554    0.03379635 -0.02925843
 -0.03379635  0.02925843    0.03379635 -0.02925843   -0.09914723  0.04486253
    2    1
 -0.08008447 -0.04616554   -0.11202124  0.03561720   -0.03379635 -0.02925843
 -0.11202124  0.03561720   -0.08008447 -0.04616554    0.03379635  0.02925843
 -0.03379635 -0.02925843    0.03379635  0.02925843   -0.09914723 -0.04486253
    2    2
  0.24089572  0.00000000   -0.00112701  0.00000000   -0.00429546  0.00726766
 -0.00112701  0.00000000    0.24089572  0.00000000    0.00429546 -0.00726766
 -0.00429546 -0.00726766    0.00429546  0.00726766    0.29391297  0.00000000

     Diagonalizing the dynamical matrix

     q = (    0.750000000  -0.250000000   0.750000000 ) 

 **************************************************************************
     freq (    1) =       4.475415 [THz] =     149.283764 [cm-1]
 (  0.027413 -0.499248 -0.000000  0.000000 -0.027413  0.499248 ) 
 (  0.500000  0.000000 -0.000000 -0.000000 -0.500000  0.000000 ) 
     freq (    2) =       6.845899 [THz] =     228.354607 [cm-1]
 ( -0.390246 -0.037786 -0.371195  0.234038 -0.390246 -0.037786 ) 
 ( -0.392071 -0.000000 -0.346912 -0.268723 -0.392071  0.000000 ) 
     freq (    3) =       9.483056 [THz] =     316.320707 [cm-1]
 (  0.075901  0.335042 -0.488478 -0.159251  0.075901  0.335042 ) 
 (  0.343532 -0.000000 -0.263241 -0.441221  0.343532  0.000000 ) 
     freq (    4) =      11.461259 [THz] =     382.306458 [cm-1]
 ( -0.289819 -0.285740  0.376406  0.164422 -0.289819 -0.285740 ) 
 (  0.406991  0.000000 -0.383476 -0.147181  0.406991  0.000000 ) 
     freq (    5) =      13.517278 [THz] =     450.887850 [cm-1]
 ( -0.027413  0.499248  0.000000 -0.000000  0.027413 -0.499248 ) 
 (  0.500000  0.000000 -0.000000 -0.000000 -0.500000  0.000000 ) 
     freq (    6) =      13.602462 [THz] =     453.729281 [cm-1]
 ( -0.244259 -0.054421 -0.523167  0.317881 -0.244259 -0.054421 ) 
 (  0.250248  0.000000  0.441517  0.424046  0.250248  0.000000 ) 
 **************************************************************************
