Dynamical matrix file
                                                                           
  1    2  2 10.3450000  0.0000000  0.0000000  0.0000000  0.0000000  0.0000000
           1  'Si  '    25598.822984527003     
    1    1      0.0000000000      0.0000000000      0.0000000000
    2    1      0.2500000000      0.2500000000      0.2500000000

     Dynamical  Matrix in cartesian axes

     q = (    0.750000000  -0.250000000   0.750000000 ) 

    1    1
  0.24340516  0.00000000   -0.00470392  0.00739952    0.00141920  0.00000000
 -0.00470392 -0.00739952    0.29914664  0.00000000   -0.00470392 -0.00739952
  0.00141920  0.00000000   -0.00470392  0.00739952    0.24340516  0.00000000
    1    2
 -0.05787361  0.06754529   -0.03603150  0.04008251   -0.04087049 -0.13005496
 -0.03603150  0.04008251   -0.05641489  0.08672446   -0.03603150  0.04008251
 -0.04087049 -0.13005496   -0.03603150  0.04008251   -0.05787361  0.06754529
    2    1
 -0.05787361 -0.06754529   -0.03603150 -0.04008251   -0.04087049  0.13005496
 -0.03603150 -0.04008251   -0.05641489 -0.08672446   -0.03603150 -0.04008251
 -0.04087049  0.13005496   -0.03603150 -0.04008251   -0.05787361 -0.06754529
    2    2
  0.24340516  0.00000000   -0.00470392 -0.00739952    0.00141920  0.00000000
 -0.00470392  0.00739952    0.29914664  0.00000000   -0.00470392  0.00739952
  0.00141920  0.00000000   -0.00470392 -0.00739952    0.24340516  0.00000000

     Dynamical  Matrix in cartesian axes

     q = (    0.750000000  -0.250000000  -0.750000000 ) 

    1    1
  0.24340516  0.00000000   -0.00470392 -0.00739952   -0.00141920  0.00000000
 -0.00470392  0.00739952    0.29914664  0.00000000    0.00470392 -0.00739952
 -0.00141920  0.00000000    0.00470392  0.00739952    0.24340516  0.00000000
    1    2
 -0.06754529  0.05787361   -0.04008251  0.03603150   -0.13005496 -0.04087049
 -0.04008251  0.03603150   -0.08672446  0.05641489    0.04008251 -0.03603150
 -0.13005496 -0.04087049    0.04008251 -0.03603150   -0.06754529  0.05787361
    2    1
 -0.06754529 -0.05787361   -0.04008251 -0.03603150   -0.13005496  0.04087049
 -0.04008251 -0.03603150   -0.08672446 -0.05641489    0.04008251  0.03603150
 -0.13005496  0.04087049    0.04008251  0.03603150   -0.06754529 -0.05787361
    2    2
  0.24340516  0.00000000   -0.00470392  0.00739952   -0.00141920  0.00000000
 -0.00470392 -0.00739952    0.29914664  0.00000000    0.00470392  0.00739952
 -0.00141920  0.00000000    0.00470392 -0.00739952    0.24340516  0.00000000

     Dynamical  Matrix in cartesian axes

     q = (   -0.750000000  -0.250000000  -0.750000000 ) 

    1    1
  0.24340516  0.00000000    0.00470392 -0.00739952    0.00141920  0.00000000
  0.00470392  0.00739952    0.29914664  0.00000000    0.00470392  0.00739952
  0.00141920  0.00000000    0.00470392 -0.00739952    0.24340516  0.00000000
    1    2
  0.06754529  0.05787361   -0.04008251 -0.03603150   -0.13005496  0.04087049
 -0.04008251 -0.03603150    0.08672446  0.05641489   -0.04008251 -0.03603150
 -0.13005496  0.04087049   -0.04008251 -0.03603150    0.06754529  0.05787361
    2    1
  0.06754529 -0.05787361   -0.04008251  0.03603150   -0.13005496 -0.04087049
 -0.04008251  0.03603150    0.08672446 -0.05641489   -0.04008251  0.03603150
 -0.13005496 -0.04087049   -0.04008251  0.03603150    0.06754529 -0.05787361
    2    2
  0.24340516  0.00000000    0.00470392  0.00739952    0.00141920  0.00000000
  0.00470392 -0.00739952    0.29914664  0.00000000    0.00470392 -0.00739952
  0.00141920  0.00000000    0.00470392  0.00739952    0.24340516  0.00000000

     Dynamical  Matrix in cartesian axes

     q = (   -0.750000000  -0.250000000   0.750000000 ) 

    1    1
  0.24340516  0.00000000    0.00470392  0.00739952   -0.00141920  0.00000000
  0.00470392 -0.00739952    0.29914664  0.00000000   -0.00470392  0.00739952
 -0.00141920  0.00000000   -0.00470392 -0.00739952    0.24340516  0.00000000
    1    2
 -0.06754529  0.05787361    0.04008251 -0.03603150   -0.13005496 -0.04087049
  0.04008251 -0.03603150   -0.08672446  0.05641489   -0.04008251  0.03603150
 -0.13005496 -0.04087049   -0.04008251  0.03603150   -0.06754529  0.05787361
    2    1
 -0.06754529 -0.05787361    0.04008251  0.03603150   -0.13005496  0.04087049
  0.04008251  0.03603150   -0.08672446 -0.05641489   -0.04008251 -0.03603150
 -0.13005496  0.04087049   -0.04008251 -0.03603150   -0.06754529 -0.05787361
    2    2
  0.24340516  0.00000000    0.00470392 -0.00739952   -0.00141920  0.00000000
  0.00470392  0.00739952    0.29914664  0.00000000   -0.00470392 -0.00739952
 -0.00141920  0.00000000   -0.00470392  0.00739952    0.24340516  0.00000000

     Dynamical  Matrix in cartesian axes

     q = (   -0.750000000   0.250000000  -0.750000000 ) 

    1    1
  0.24340516  0.00000000   -0.00470392 -0.00739952    0.00141920  0.00000000
 -0.00470392  0.00739952    0.29914664  0.00000000   -0.00470392  0.00739952
  0.00141920  0.00000000   -0.00470392 -0.00739952    0.24340516  0.00000000
    1    2
 -0.05787361 -0.06754529   -0.03603150 -0.04008251   -0.04087049  0.13005496
 -0.03603150 -0.04008251   -0.05641489 -0.08672446   -0.03603150 -0.04008251
 -0.04087049  0.13005496   -0.03603150 -0.04008251   -0.05787361 -0.06754529
    2    1
 -0.05787361  0.06754529   -0.03603150  0.04008251   -0.04087049 -0.13005496
 -0.03603150  0.04008251   -0.05641489  0.08672446   -0.03603150  0.04008251
 -0.04087049 -0.13005496   -0.03603150  0.04008251   -0.05787361  0.06754529
    2    2
  0.24340516  0.00000000   -0.00470392  0.00739952    0.00141920  0.00000000
 -0.00470392 -0.00739952    0.29914664  0.00000000   -0.00470392 -0.00739952
  0.00141920  0.00000000   -0.00470392  0.00739952    0.24340516  0.00000000

     Dynamical  Matrix in cartesian axes

     q = (   -0.250000000   0.750000000  -0.750000000 ) 

    1    1
  0.29914664  0.00000000   -0.00470392  0.00739952    0.00470392 -0.00739952
 -0.00470392 -0.00739952    0.24340516  0.00000000   -0.00141920  0.00000000
  0.00470392  0.00739952   -0.00141920  0.00000000    0.24340516  0.00000000
    1    2
 -0.08672446  0.05641489   -0.04008251  0.03603150    0.04008251 -0.03603150
 -0.04008251  0.03603150   -0.06754529  0.05787361   -0.13005496 -0.04087049
  0.04008251 -0.03603150   -0.13005496 -0.04087049   -0.06754529  0.05787361
    2    1
 -0.08672446 -0.05641489   -0.04008251 -0.03603150    0.04008251  0.03603150
 -0.04008251 -0.03603150   -0.06754529 -0.05787361   -0.13005496  0.04087049
  0.04008251  0.03603150   -0.13005496  0.04087049   -0.06754529 -0.05787361
    2    2
  0.29914664  0.00000000   -0.00470392 -0.00739952    0.00470392  0.00739952
 -0.00470392  0.00739952    0.24340516  0.00000000   -0.00141920  0.00000000
  0.00470392 -0.00739952   -0.00141920  0.00000000    0.24340516  0.00000000

     Dynamical  Matrix in cartesian axes

     q = (   -0.750000000   0.750000000  -0.250000000 ) 

    1    1
  0.24340516  0.00000000   -0.00141920  0.00000000    0.00470392  0.00739952
 -0.00141920  0.00000000    0.24340516  0.00000000   -0.00470392 -0.00739952
  0.00470392 -0.00739952   -0.00470392  0.00739952    0.29914664  0.00000000
    1    2
 -0.06754529  0.05787361   -0.13005496 -0.04087049    0.04008251 -0.03603150
 -0.13005496 -0.04087049   -0.06754529  0.05787361   -0.04008251  0.03603150
  0.04008251 -0.03603150   -0.04008251  0.03603150   -0.08672446  0.05641489
    2    1
 -0.06754529 -0.05787361   -0.13005496  0.04087049    0.04008251  0.03603150
 -0.13005496  0.04087049   -0.06754529 -0.05787361   -0.04008251 -0.03603150
  0.04008251  0.03603150   -0.04008251 -0.03603150   -0.08672446 -0.05641489
    2    2
  0.24340516  0.00000000   -0.00141920  0.00000000    0.00470392 -0.00739952
 -0.00141920  0.00000000    0.24340516  0.00000000   -0.00470392  0.00739952
  0.00470392  0.00739952   -0.00470392 -0.00739952    0.29914664  0.00000000

     Dynamical  Matrix in cartesian axes

     q = (    0.750000000   0.250000000   0.750000000 ) 

    1    1
  0.24340516  0.00000000    0.00470392  0.00739952    0.00141920  0.00000000
  0.00470392 -0.00739952    0.29914664  0.00000000    0.00470392 -0.00739952
  0.00141920  0.00000000    0.00470392  0.00739952    0.24340516  0.00000000
    1    2
  0.06754529 -0.05787361   -0.04008251  0.03603150   -0.13005496 -0.04087049
 -0.04008251  0.03603150    0.08672446 -0.05641489   -0.04008251  0.03603150
 -0.13005496 -0.04087049   -0.04008251  0.03603150    0.06754529 -0.05787361
    2    1
  0.06754529  0.05787361   -0.04008251 -0.03603150   -0.13005496  0.04087049
 -0.04008251 -0.03603150    0.08672446  0.05641489   -0.04008251 -0.03603150
 -0.13005496  0.04087049   -0.04008251 -0.03603150    0.06754529  0.05787361
    2    2
  0.24340516  0.00000000    0.00470392 -0.00739952    0.00141920  0.00000000
  0.00470392  0.00739952    0.29914664  0.00000000    0.00470392  0.00739952
  0.00141920  0.00000000    0.00470392 -0.00739952    0.24340516  0.00000000

     Dynamical  Matrix in cartesian axes

     q = (   -0.750000000   0.250000000   0.750000000 ) 

    1    1
  0.24340516  0.00000000   -0.00470392  0.00739952   -0.00141920  0.00000000
 -0.00470392 -0.00739952    0.29914664  0.00000000    0.00470392  0.00739952
 -0.00141920  0.00000000    0.00470392 -0.00739952    0.24340516  0.00000000
    1    2
 -0.06754529 -0.05787361   -0.04008251 -0.03603150   -0.13005496  0.04087049
 -0.04008251 -0.03603150   -0.08672446 -0.05641489    0.04008251  0.03603150
 -0.13005496  0.04087049    0.04008251  0.03603150   -0.06754529 -0.05787361
    2    1
 -0.06754529  0.05787361   -0.04008251  0.03603150   -0.13005496 -0.04087049
 -0.04008251  0.03603150   -0.08672446  0.05641489    0.04008251 -0.03603150
 -0.13005496 -0.04087049    0.04008251 -0.03603150   -0.06754529  0.05787361
    2    2
  0.24340516  0.00000000   -0.00470392 -0.00739952   -0.00141920  0.00000000
 -0.00470392  0.00739952    0.29914664  0.00000000    0.00470392 -0.00739952
 -0.00141920  0.00000000    0.00470392  0.00739952    0.24340516  0.00000000

     Dynamical  Matrix in cartesian axes

     q = (    0.750000000   0.250000000  -0.750000000 ) 

    1    1
  0.24340516  0.00000000    0.00470392 -0.00739952   -0.00141920  0.00000000
  0.00470392  0.00739952    0.29914664  0.00000000   -0.00470392 -0.00739952
 -0.00141920  0.00000000   -0.00470392  0.00739952    0.24340516  0.00000000
    1    2
 -0.06754529 -0.05787361    0.04008251  0.03603150   -0.13005496  0.04087049
  0.04008251  0.03603150   -0.08672446 -0.05641489   -0.04008251 -0.03603150
 -0.13005496  0.04087049   -0.04008251 -0.03603150   -0.06754529 -0.05787361
    2    1
 -0.06754529  0.05787361    0.04008251 -0.03603150   -0.13005496 -0.04087049
  0.04008251 -0.03603150   -0.08672446  0.05641489   -0.04008251  0.03603150
 -0.13005496 -0.04087049   -0.04008251  0.03603150   -0.06754529  0.05787361
    2    2
  0.24340516  0.00000000    0.00470392  0.00739952   -0.00141920  0.00000000
  0.00470392 -0.00739952    0.29914664  0.00000000   -0.00470392  0.00739952
 -0.00141920  0.00000000   -0.00470392 -0.00739952    0.24340516  0.00000000

     Dynamical  Matrix in cartesian axes

     q = (   -0.750000000   0.750000000   0.250000000 ) 

    1    1
  0.24340516  0.00000000   -0.00141920  0.00000000   -0.00470392  0.00739952
 -0.00141920  0.00000000    0.24340516  0.00000000    0.00470392 -0.00739952
 -0.00470392 -0.00739952    0.00470392  0.00739952    0.29914664  0.00000000
    1    2
 -0.06754529 -0.05787361   -0.13005496  0.04087049   -0.04008251 -0.03603150
 -0.13005496  0.04087049   -0.06754529 -0.05787361    0.04008251  0.03603150
 -0.04008251 -0.03603150    0.04008251  0.03603150   -0.08672446 -0.05641489
    2    1
 -0.06754529  0.05787361   -0.13005496 -0.04087049   -0.04008251  0.03603150
 -0.13005496 -0.04087049   -0.06754529  0.05787361    0.04008251 -0.03603150
 -0.04008251  0.03603150    0.04008251 -0.03603150   -0.08672446  0.05641489
    2    2
  0.24340516  0.00000000   -0.00141920  0.00000000   -0.00470392 -0.00739952
 -0.00141920  0.00000000    0.24340516  0.00000000    0.00470392  0.00739952
 -0.00470392  0.00739952    0.00470392 -0.00739952    0.29914664  0.00000000

     Dynamical  Matrix in cartesian axes

     q = (   -0.250000000   0.750000000   0.750000000 ) 

    1    1
  0.29914664  0.00000000   -0.00470392 -0.00739952   -0.00470392 -0.00739952
 -0.00470392  0.00739952    0.24340516  0.00000000    0.00141920  0.00000000
 -0.00470392  0.00739952    0.00141920  0.00000000    0.24340516  0.00000000
    1    2
 -0.05641489  0.08672446   -0.03603150  0.04008251   -0.03603150  0.04008251
 -0.03603150  0.04008251   -0.05787361  0.06754529   -0.04087049 -0.13005496
 -0.03603150  0.04008251   -0.04087049 -0.13005496   -0.05787361  0.06754529
    2    1
 -0.05641489 -0.08672446   -0.03603150 -0.04008251   -0.03603150 -0.04008251
 -0.03603150 -0.04008251   -0.05787361 -0.06754529   -0.04087049  0.13005496
 -0.03603150 -0.04008251   -0.04087049  0.13005496   -0.05787361 -0.06754529
    2    2
  0.29914664  0.00000000   -0.00470392  0.00739952   -0.00470392  0.00739952
 -0.00470392 -0.00739952    0.24340516  0.00000000    0.00141920  0.00000000
 -0.00470392 -0.00739952    0.00141920  0.00000000    0.24340516  0.00000000

     Dynamical  Matrix in cartesian axes

     q = (    0.250000000   0.750000000  -0.750000000 ) 

    1    1
  0.29914664  0.00000000    0.00470392  0.00739952   -0.00470392 -0.00739952
  0.00470392 -0.00739952    0.24340516  0.00000000   -0.00141920  0.00000000
 -0.00470392  0.00739952   -0.00141920  0.00000000    0.24340516  0.00000000
    1    2
 -0.08672446 -0.05641489    0.04008251  0.03603150   -0.04008251 -0.03603150
  0.04008251  0.03603150   -0.06754529 -0.05787361   -0.13005496  0.04087049
 -0.04008251 -0.03603150   -0.13005496  0.04087049   -0.06754529 -0.05787361
    2    1
 -0.08672446  0.05641489    0.04008251 -0.03603150   -0.04008251  0.03603150
  0.04008251 -0.03603150   -0.06754529  0.05787361   -0.13005496 -0.04087049
 -0.04008251  0.03603150   -0.13005496 -0.04087049   -0.06754529  0.05787361
    2    2
  0.29914664  0.00000000    0.00470392 -0.00739952   -0.00470392  0.00739952
  0.00470392  0.00739952    0.24340516  0.00000000   -0.00141920  0.00000000
 -0.00470392 -0.00739952   -0.00141920  0.00000000    0.24340516  0.00000000

     Dynamical  Matrix in cartesian axes

     q = (   -0.250000000  -0.750000000  -0.750000000 ) 

    1    1
  0.29914664  0.00000000    0.00470392  0.00739952    0.00470392  0.00739952
  0.00470392 -0.00739952    0.24340516  0.00000000    0.00141920  0.00000000
  0.00470392 -0.00739952    0.00141920  0.00000000    0.24340516  0.00000000
    1    2
  0.08672446  0.05641489   -0.04008251 -0.03603150   -0.04008251 -0.03603150
 -0.04008251 -0.03603150    0.06754529  0.05787361   -0.13005496  0.04087049
 -0.04008251 -0.03603150   -0.13005496  0.04087049    0.06754529  0.05787361
    2    1
  0.08672446 -0.05641489   -0.04008251  0.03603150   -0.04008251  0.03603150
 -0.04008251  0.03603150    0.06754529 -0.05787361   -0.13005496 -0.04087049
 -0.04008251  0.03603150   -0.13005496 -0.04087049    0.06754529 -0.05787361
    2    2
  0.29914664  0.00000000    0.00470392 -0.00739952    0.00470392 -0.00739952
  0.00470392  0.00739952    0.24340516  0.00000000    0.00141920  0.00000000
  0.00470392  0.00739952    0.00141920  0.00000000    0.24340516  0.00000000

     Dynamical  Matrix in cartesian axes

     q = (    0.750000000   0.750000000  -0.250000000 ) 

    1    1
  0.24340516  0.00000000    0.00141920  0.00000000   -0.00470392  0.00739952
  0.00141920  0.00000000    0.24340516  0.00000000   -0.00470392  0.00739952
 -0.00470392 -0.00739952   -0.00470392 -0.00739952    0.29914664  0.00000000
    1    2
 -0.05787361  0.06754529   -0.04087049 -0.13005496   -0.03603150  0.04008251
 -0.04087049 -0.13005496   -0.05787361  0.06754529   -0.03603150  0.04008251
 -0.03603150  0.04008251   -0.03603150  0.04008251   -0.05641489  0.08672446
    2    1
 -0.05787361 -0.06754529   -0.04087049  0.13005496   -0.03603150 -0.04008251
 -0.04087049  0.13005496   -0.05787361 -0.06754529   -0.03603150 -0.04008251
 -0.03603150 -0.04008251   -0.03603150 -0.04008251   -0.05641489 -0.08672446
    2    2
  0.24340516  0.00000000    0.00141920  0.00000000   -0.00470392 -0.00739952
  0.00141920  0.00000000    0.24340516  0.00000000   -0.00470392 -0.00739952
 -0.00470392  0.00739952   -0.00470392  0.00739952    0.29914664  0.00000000

     Dynamical  Matrix in cartesian axes

     q = (    0.750000000  -0.750000000   0.250000000 ) 

    1    1
  0.24340516  0.00000000   -0.00141920  0.00000000    0.00470392 -0.00739952
 -0.00141920  0.00000000    0.24340516  0.00000000   -0.00470392  0.00739952
  0.00470392  0.00739952   -0.00470392 -0.00739952    0.29914664  0.00000000
    1    2
 -0.06754529 -0.05787361   -0.13005496  0.04087049    0.04008251  0.03603150
 -0.13005496  0.04087049   -0.06754529 -0.05787361   -0.04008251 -0.03603150
  0.04008251  0.03603150   -0.04008251 -0.03603150   -0.08672446 -0.05641489
    2    1
 -0.06754529  0.05787361   -0.13005496 -0.04087049    0.04008251 -0.03603150
 -0.13005496 -0.04087049   -0.06754529  0.05787361   -0.04008251  0.03603150
  0.04008251 -0.03603150   -0.04008251  0.03603150   -0.08672446  0.05641489
    2    2
  0.24340516  0.00000000   -0.00141920  0.00000000    0.00470392  0.00739952
 -0.00141920  0.00000000    0.24340516  0.00000000   -0.00470392 -0.00739952
  0.00470392 -0.00739952   -0.00470392  0.00739952    0.29914664  0.00000000

     Dynamical  Matrix in cartesian axes

     q = (   -0.750000000  -0.750000000  -0.250000000 ) 

    1    1
  0.24340516  0.00000000    0.00141920  0.00000000    0.00470392 -0.00739952
  0.00141920  0.00000000    0.24340516  0.00000000    0.00470392 -0.00739952
  0.00470392  0.00739952    0.00470392  0.00739952    0.29914664  0.00000000
    1    2
  0.06754529  0.05787361   -0.13005496  0.04087049   -0.04008251 -0.03603150
 -0.13005496  0.04087049    0.06754529  0.05787361   -0.04008251 -0.03603150
 -0.04008251 -0.03603150   -0.04008251 -0.03603150    0.08672446  0.05641489
    2    1
  0.06754529 -0.05787361   -0.13005496 -0.04087049   -0.04008251  0.03603150
 -0.13005496 -0.04087049    0.06754529 -0.05787361   -0.04008251  0.03603150
 -0.04008251  0.03603150   -0.04008251  0.03603150    0.08672446 -0.05641489
    2    2
  0.24340516  0.00000000    0.00141920  0.00000000    0.00470392  0.00739952
  0.00141920  0.00000000    0.24340516  0.00000000    0.00470392  0.00739952
  0.00470392 -0.00739952    0.00470392 -0.00739952    0.29914664  0.00000000

     Dynamical  Matrix in cartesian axes

     q = (    0.250000000  -0.750000000   0.750000000 ) 

    1    1
  0.29914664  0.00000000   -0.00470392 -0.00739952    0.00470392  0.00739952
 -0.00470392  0.00739952    0.24340516  0.00000000   -0.00141920  0.00000000
  0.00470392 -0.00739952   -0.00141920  0.00000000    0.24340516  0.00000000
    1    2
 -0.08672446 -0.05641489   -0.04008251 -0.03603150    0.04008251  0.03603150
 -0.04008251 -0.03603150   -0.06754529 -0.05787361   -0.13005496  0.04087049
  0.04008251  0.03603150   -0.13005496  0.04087049   -0.06754529 -0.05787361
    2    1
 -0.08672446  0.05641489   -0.04008251  0.03603150    0.04008251 -0.03603150
 -0.04008251  0.03603150   -0.06754529  0.05787361   -0.13005496 -0.04087049
  0.04008251 -0.03603150   -0.13005496 -0.04087049   -0.06754529  0.05787361
    2    2
  0.29914664  0.00000000   -0.00470392  0.00739952    0.00470392 -0.00739952
 -0.00470392 -0.00739952    0.24340516  0.00000000   -0.00141920  0.00000000
  0.00470392  0.00739952   -0.00141920  0.00000000    0.24340516  0.00000000

     Dynamical  Matrix in cartesian axes

     q = (   -0.750000000  -0.750000000   0.250000000 ) 

    1    1
  0.24340516  0.00000000    0.00141920  0.00000000   -0.00470392 -0.00739952
  0.00141920  0.00000000    0.24340516  0.00000000   -0.00470392 -0.00739952
 -0.00470392  0.00739952   -0.00470392  0.00739952    0.29914664  0.00000000
    1    2
 -0.05787361 -0.06754529   -0.04087049  0.13005496   -0.03603150 -0.04008251
 -0.04087049  0.13005496   -0.05787361 -0.06754529   -0.03603150 -0.04008251
 -0.03603150 -0.04008251   -0.03603150 -0.04008251   -0.05641489 -0.08672446
    2    1
 -0.05787361  0.06754529   -0.04087049 -0.13005496   -0.03603150  0.04008251
 -0.04087049 -0.13005496   -0.05787361  0.06754529   -0.03603150  0.04008251
 -0.03603150  0.04008251   -0.03603150  0.04008251   -0.05641489  0.08672446
    2    2
  0.24340516  0.00000000    0.00141920  0.00000000   -0.00470392  0.00739952
  0.00141920  0.00000000    0.24340516  0.00000000   -0.00470392  0.00739952
 -0.00470392 -0.00739952   -0.00470392 -0.00739952    0.29914664  0.00000000

     Dynamical  Matrix in cartesian axes

     q = (    0.250000000   0.750000000   0.750000000 ) 

    1    1
  0.29914664  0.00000000    0.00470392 -0.00739952    0.00470392 -0.00739952
  0.00470392  0.00739952    0.24340516  0.00000000    0.00141920  0.00000000
  0.00470392  0.00739952    0.00141920  0.00000000    0.24340516  0.00000000
    1    2
  0.08672446 -0.05641489   -0.04008251  0.03603150   -0.04008251  0.03603150
 -0.04008251  0.03603150    0.06754529 -0.05787361   -0.13005496 -0.04087049
 -0.04008251  0.03603150   -0.13005496 -0.04087049    0.06754529 -0.05787361
    2    1
  0.08672446  0.05641489   -0.04008251 -0.03603150   -0.04008251 -0.03603150
 -0.04008251 -0.03603150    0.06754529  0.05787361   -0.13005496  0.04087049
 -0.04008251 -0.03603150   -0.13005496  0.04087049    0.06754529  0.05787361
    2    2
  0.29914664  0.00000000    0.00470392  0.00739952    0.00470392  0.00739952
  0.00470392 -0.00739952    0.24340516  0.00000000    0.00141920  0.00000000
  0.00470392 -0.00739952    0.00141920  0.00000000    0.24340516  0.00000000

     Dynamical  Matrix in cartesian axes

     q = (   -0.250000000  -0.750000000   0.750000000 ) 

    1    1
  0.29914664  0.00000000    0.00470392 -0.00739952   -0.00470392  0.00739952
  0.00470392  0.00739952    0.24340516  0.00000000   -0.00141920  0.00000000
 -0.00470392 -0.00739952   -0.00141920  0.00000000    0.24340516  0.00000000
    1    2
 -0.08672446  0.05641489    0.04008251 -0.03603150   -0.04008251  0.03603150
  0.04008251 -0.03603150   -0.06754529  0.05787361   -0.13005496 -0.04087049
 -0.04008251  0.03603150   -0.13005496 -0.04087049   -0.06754529  0.05787361
    2    1
 -0.08672446 -0.05641489    0.04008251  0.03603150   -0.04008251 -0.03603150
  0.04008251  0.03603150   -0.06754529 -0.05787361   -0.13005496  0.04087049
 -0.04008251 -0.03603150   -0.13005496  0.04087049   -0.06754529 -0.05787361
    2    2
  0.29914664  0.00000000    0.00470392  0.00739952   -0.00470392 -0.00739952
  0.00470392 -0.00739952    0.24340516  0.00000000   -0.00141920  0.00000000
 -0.00470392  0.00739952   -0.00141920  0.00000000    0.24340516  0.00000000

     Dynamical  Matrix in cartesian axes

     q = (    0.750000000   0.750000000   0.250000000 ) 

    1    1
  0.24340516  0.00000000    0.00141920  0.00000000    0.00470392  0.00739952
  0.00141920  0.00000000    0.24340516  0.00000000    0.00470392  0.00739952
  0.00470392 -0.00739952    0.00470392 -0.00739952    0.29914664  0.00000000
    1    2
  0.06754529 -0.05787361   -0.13005496 -0.04087049   -0.04008251  0.03603150
 -0.13005496 -0.04087049    0.06754529 -0.05787361   -0.04008251  0.03603150
 -0.04008251  0.03603150   -0.04008251  0.03603150    0.08672446 -0.05641489
    2    1
  0.06754529  0.05787361   -0.13005496  0.04087049   -0.04008251 -0.03603150
 -0.13005496  0.04087049    0.06754529  0.05787361   -0.04008251 -0.03603150
 -0.04008251 -0.03603150   -0.04008251 -0.03603150    0.08672446  0.05641489
    2    2
  0.24340516  0.00000000    0.00141920  0.00000000    0.00470392 -0.00739952
  0.00141920  0.00000000    0.24340516  0.00000000    0.00470392 -0.00739952
  0.00470392  0.00739952    0.00470392  0.00739952    0.29914664  0.00000000

     Dynamical  Matrix in cartesian axes

     q = (    0.250000000  -0.750000000  -0.750000000 ) 

    1    1
  0.29914664  0.00000000   -0.00470392  0.00739952   -0.00470392  0.00739952
 -0.00470392 -0.00739952    0.24340516  0.00000000    0.00141920  0.00000000
 -0.00470392 -0.00739952    0.00141920  0.00000000    0.24340516  0.00000000
    1    2
 -0.05641489 -0.08672446   -0.03603150 -0.04008251   -0.03603150 -0.04008251
 -0.03603150 -0.04008251   -0.05787361 -0.06754529   -0.04087049  0.13005496
 -0.03603150 -0.04008251   -0.04087049  0.13005496   -0.05787361 -0.06754529
    2    1
 -0.05641489  0.08672446   -0.03603150  0.04008251   -0.03603150  0.04008251
 -0.03603150  0.04008251   -0.05787361  0.06754529   -0.04087049 -0.13005496
 -0.03603150  0.04008251   -0.04087049 -0.13005496   -0.05787361  0.06754529
    2    2
  0.29914664  0.00000000   -0.00470392 -0.00739952   -0.00470392 -0.00739952
 -0.00470392  0.00739952    0.24340516  0.00000000    0.00141920  0.00000000
 -0.00470392  0.00739952    0.00141920  0.00000000    0.24340516  0.00000000

     Dynamical  Matrix in cartesian axes

     q = (    0.750000000  -0.750000000  -0.250000000 ) 

    1    1
  0.24340516  0.00000000   -0.00141920  0.00000000   -0.00470392 -0.00739952
 -0.00141920  0.00000000    0.24340516  0.00000000    0.00470392  0.00739952
 -0.00470392  0.00739952    0.00470392 -0.00739952    0.29914664  0.00000000
    1    2
 -0.06754529  0.05787361   -0.13005496 -0.04087049   -0.04008251  0.03603150
 -0.13005496 -0.04087049   -0.06754529  0.05787361    0.04008251 -0.03603150
 -0.04008251  0.03603150    0.04008251 -0.03603150   -0.08672446  0.05641489
    2    1
 -0.06754529 -0.05787361   -0.13005496  0.04087049   -0.04008251 -0.03603150
 -0.13005496  0.04087049   -0.06754529 -0.05787361    0.04008251  0.03603150
 -0.04008251 -0.03603150    0.04008251  0.03603150   -0.08672446 -0.05641489
    2    2
  0.24340516  0.00000000   -0.00141920  0.00000000   -0.00470392  0.00739952
 -0.00141920  0.00000000    0.24340516  0.00000000    0.00470392 -0.00739952
 -0.00470392 -0.00739952    0.00470392  0.00739952    0.29914664  0.00000000

     Diagonalizing the dynamical matrix

     q = (    0.750000000  -0.250000000   0.750000000 ) 

 **************************************************************************
     freq (    1) =       4.296201 [THz] =     143.305837 [cm-1]
 ( -0.042866  0.498159  0.000000  0.000000  0.042866 -0.498159 ) 
 ( -0.500000  0.000000  0.000000  0.000000  0.500000  0.000000 ) 
     freq (    2) =       6.134886 [THz] =     204.637771 [cm-1]
 ( -0.400301 -0.145647 -0.332738  0.162411 -0.400301 -0.145647 ) 
 ( -0.425974  0.000000 -0.257153 -0.266390 -0.425974  0.000000 ) 
     freq (    3) =       9.351930 [THz] =     311.946809 [cm-1]
 ( -0.080658  0.295033 -0.435307 -0.351293 -0.080658  0.295033 ) 
 (  0.305860 -0.000000 -0.224063 -0.512538  0.305860  0.000000 ) 
     freq (    4) =      11.931721 [THz] =     397.999377 [cm-1]
 ( -0.162153 -0.323626  0.400454  0.278536 -0.162153 -0.323626 ) 
 (  0.361977  0.000000 -0.428415 -0.233252  0.361977  0.000000 ) 
     freq (    5) =      13.644181 [THz] =     455.120881 [cm-1]
 ( -0.042866  0.498159  0.000000 -0.000000  0.042866 -0.498159 ) 
 (  0.500000  0.000000 -0.000000 -0.000000 -0.500000  0.000000 ) 
     freq (    6) =      13.874988 [THz] =     462.819779 [cm-1]
 (  0.284307  0.114619  0.500909 -0.247294  0.284307  0.114619 ) 
 ( -0.306542 -0.000000 -0.372110 -0.416651 -0.306542  0.000000 ) 
 **************************************************************************
