Dynamical matrix file
                                                                           
  1    2  2 10.3450000  0.0000000  0.0000000  0.0000000  0.0000000  0.0000000
           1  'Si  '    25598.822984527003     
    1    1      0.0000000000      0.0000000000      0.0000000000
    2    1      0.2500000000      0.2500000000      0.2500000000

     Dynamical  Matrix in cartesian axes

     q = (   -0.250000000   0.250000000  -0.250000000 ) 

    1    1
  0.28088336  0.00000000   -0.01077892  0.00000000    0.01077892  0.00000000
 -0.01077892  0.00000000    0.28088336  0.00000000   -0.01077892  0.00000000
  0.01077892  0.00000000   -0.01077892  0.00000000    0.28088336  0.00000000
    1    2
 -0.20537633 -0.06064496   -0.03626978  0.03705061    0.03626978 -0.03705061
 -0.03626978  0.03705061   -0.20537633 -0.06064496   -0.03626978  0.03705061
  0.03626978 -0.03705061   -0.03626978  0.03705061   -0.20537633 -0.06064496
    2    1
 -0.20537633  0.06064496   -0.03626978 -0.03705061    0.03626978  0.03705061
 -0.03626978 -0.03705061   -0.20537633  0.06064496   -0.03626978 -0.03705061
  0.03626978  0.03705061   -0.03626978 -0.03705061   -0.20537633  0.06064496
    2    2
  0.28088336  0.00000000   -0.01077892  0.00000000    0.01077892  0.00000000
 -0.01077892  0.00000000    0.28088336  0.00000000   -0.01077892  0.00000000
  0.01077892  0.00000000   -0.01077892  0.00000000    0.28088336  0.00000000

     Dynamical  Matrix in cartesian axes

     q = (    0.250000000  -0.250000000  -0.250000000 ) 

    1    1
  0.28088336  0.00000000   -0.01077892  0.00000000   -0.01077892  0.00000000
 -0.01077892  0.00000000    0.28088336  0.00000000    0.01077892  0.00000000
 -0.01077892  0.00000000    0.01077892  0.00000000    0.28088336  0.00000000
    1    2
 -0.20537633 -0.06064496   -0.03626978  0.03705061   -0.03626978  0.03705061
 -0.03626978  0.03705061   -0.20537633 -0.06064496    0.03626978 -0.03705061
 -0.03626978  0.03705061    0.03626978 -0.03705061   -0.20537633 -0.06064496
    2    1
 -0.20537633  0.06064496   -0.03626978 -0.03705061   -0.03626978 -0.03705061
 -0.03626978 -0.03705061   -0.20537633  0.06064496    0.03626978  0.03705061
 -0.03626978 -0.03705061    0.03626978  0.03705061   -0.20537633  0.06064496
    2    2
  0.28088336  0.00000000   -0.01077892  0.00000000   -0.01077892  0.00000000
 -0.01077892  0.00000000    0.28088336  0.00000000    0.01077892  0.00000000
 -0.01077892  0.00000000    0.01077892  0.00000000    0.28088336  0.00000000

     Dynamical  Matrix in cartesian axes

     q = (    0.250000000  -0.250000000   0.250000000 ) 

    1    1
  0.28088336  0.00000000   -0.01077892  0.00000000    0.01077892  0.00000000
 -0.01077892  0.00000000    0.28088336  0.00000000   -0.01077892  0.00000000
  0.01077892  0.00000000   -0.01077892  0.00000000    0.28088336  0.00000000
    1    2
 -0.20537633  0.06064496   -0.03626978 -0.03705061    0.03626978  0.03705061
 -0.03626978 -0.03705061   -0.20537633  0.06064496   -0.03626978 -0.03705061
  0.03626978  0.03705061   -0.03626978 -0.03705061   -0.20537633  0.06064496
    2    1
 -0.20537633 -0.06064496   -0.03626978  0.03705061    0.03626978 -0.03705061
 -0.03626978  0.03705061   -0.20537633 -0.06064496   -0.03626978  0.03705061
  0.03626978 -0.03705061   -0.03626978  0.03705061   -0.20537633 -0.06064496
    2    2
  0.28088336  0.00000000   -0.01077892  0.00000000    0.01077892  0.00000000
 -0.01077892  0.00000000    0.28088336  0.00000000   -0.01077892  0.00000000
  0.01077892  0.00000000   -0.01077892  0.00000000    0.28088336  0.00000000

     Dynamical  Matrix in cartesian axes

     q = (    0.250000000   0.250000000   0.250000000 ) 

    1    1
  0.28088336  0.00000000    0.01077892  0.00000000    0.01077892  0.00000000
  0.01077892  0.00000000    0.28088336  0.00000000    0.01077892  0.00000000
  0.01077892  0.00000000    0.01077892  0.00000000    0.28088336  0.00000000
    1    2
 -0.06064496  0.20537633   -0.03705061 -0.03626978   -0.03705061 -0.03626978
 -0.03705061 -0.03626978   -0.06064496  0.20537633   -0.03705061 -0.03626978
 -0.03705061 -0.03626978   -0.03705061 -0.03626978   -0.06064496  0.20537633
    2    1
 -0.06064496 -0.20537633   -0.03705061  0.03626978   -0.03705061  0.03626978
 -0.03705061  0.03626978   -0.06064496 -0.20537633   -0.03705061  0.03626978
 -0.03705061  0.03626978   -0.03705061  0.03626978   -0.06064496 -0.20537633
    2    2
  0.28088336  0.00000000    0.01077892  0.00000000    0.01077892  0.00000000
  0.01077892  0.00000000    0.28088336  0.00000000    0.01077892  0.00000000
  0.01077892  0.00000000    0.01077892  0.00000000    0.28088336  0.00000000

     Dynamical  Matrix in cartesian axes

     q = (   -0.250000000  -0.250000000  -0.250000000 ) 

    1    1
  0.28088336  0.00000000    0.01077892  0.00000000    0.01077892  0.00000000
  0.01077892  0.00000000    0.28088336  0.00000000    0.01077892  0.00000000
  0.01077892  0.00000000    0.01077892  0.00000000    0.28088336  0.00000000
    1    2
 -0.06064496 -0.20537633   -0.03705061  0.03626978   -0.03705061  0.03626978
 -0.03705061  0.03626978   -0.06064496 -0.20537633   -0.03705061  0.03626978
 -0.03705061  0.03626978   -0.03705061  0.03626978   -0.06064496 -0.20537633
    2    1
 -0.06064496  0.20537633   -0.03705061 -0.03626978   -0.03705061 -0.03626978
 -0.03705061 -0.03626978   -0.06064496  0.20537633   -0.03705061 -0.03626978
 -0.03705061 -0.03626978   -0.03705061 -0.03626978   -0.06064496  0.20537633
    2    2
  0.28088336  0.00000000    0.01077892  0.00000000    0.01077892  0.00000000
  0.01077892  0.00000000    0.28088336  0.00000000    0.01077892  0.00000000
  0.01077892  0.00000000    0.01077892  0.00000000    0.28088336  0.00000000

     Dynamical  Matrix in cartesian axes

     q = (   -0.250000000  -0.250000000   0.250000000 ) 

    1    1
  0.28088336  0.00000000    0.01077892  0.00000000   -0.01077892  0.00000000
  0.01077892  0.00000000    0.28088336  0.00000000   -0.01077892  0.00000000
 -0.01077892  0.00000000   -0.01077892  0.00000000    0.28088336  0.00000000
    1    2
 -0.20537633 -0.06064496    0.03626978 -0.03705061   -0.03626978  0.03705061
  0.03626978 -0.03705061   -0.20537633 -0.06064496   -0.03626978  0.03705061
 -0.03626978  0.03705061   -0.03626978  0.03705061   -0.20537633 -0.06064496
    2    1
 -0.20537633  0.06064496    0.03626978  0.03705061   -0.03626978 -0.03705061
  0.03626978  0.03705061   -0.20537633  0.06064496   -0.03626978 -0.03705061
 -0.03626978 -0.03705061   -0.03626978 -0.03705061   -0.20537633  0.06064496
    2    2
  0.28088336  0.00000000    0.01077892  0.00000000   -0.01077892  0.00000000
  0.01077892  0.00000000    0.28088336  0.00000000   -0.01077892  0.00000000
 -0.01077892  0.00000000   -0.01077892  0.00000000    0.28088336  0.00000000

     Dynamical  Matrix in cartesian axes

     q = (   -0.250000000   0.250000000   0.250000000 ) 

    1    1
  0.28088336  0.00000000   -0.01077892  0.00000000   -0.01077892  0.00000000
 -0.01077892  0.00000000    0.28088336  0.00000000    0.01077892  0.00000000
 -0.01077892  0.00000000    0.01077892  0.00000000    0.28088336  0.00000000
    1    2
 -0.20537633  0.06064496   -0.03626978 -0.03705061   -0.03626978 -0.03705061
 -0.03626978 -0.03705061   -0.20537633  0.06064496    0.03626978  0.03705061
 -0.03626978 -0.03705061    0.03626978  0.03705061   -0.20537633  0.06064496
    2    1
 -0.20537633 -0.06064496   -0.03626978  0.03705061   -0.03626978  0.03705061
 -0.03626978  0.03705061   -0.20537633 -0.06064496    0.03626978 -0.03705061
 -0.03626978  0.03705061    0.03626978 -0.03705061   -0.20537633 -0.06064496
    2    2
  0.28088336  0.00000000   -0.01077892  0.00000000   -0.01077892  0.00000000
 -0.01077892  0.00000000    0.28088336  0.00000000    0.01077892  0.00000000
 -0.01077892  0.00000000    0.01077892  0.00000000    0.28088336  0.00000000

     Dynamical  Matrix in cartesian axes

     q = (    0.250000000   0.250000000  -0.250000000 ) 

    1    1
  0.28088336  0.00000000    0.01077892  0.00000000   -0.01077892  0.00000000
  0.01077892  0.00000000    0.28088336  0.00000000   -0.01077892  0.00000000
 -0.01077892  0.00000000   -0.01077892  0.00000000    0.28088336  0.00000000
    1    2
 -0.20537633  0.06064496    0.03626978  0.03705061   -0.03626978 -0.03705061
  0.03626978  0.03705061   -0.20537633  0.06064496   -0.03626978 -0.03705061
 -0.03626978 -0.03705061   -0.03626978 -0.03705061   -0.20537633  0.06064496
    2    1
 -0.20537633 -0.06064496    0.03626978 -0.03705061   -0.03626978  0.03705061
  0.03626978 -0.03705061   -0.20537633 -0.06064496   -0.03626978  0.03705061
 -0.03626978  0.03705061   -0.03626978  0.03705061   -0.20537633 -0.06064496
    2    2
  0.28088336  0.00000000    0.01077892  0.00000000   -0.01077892  0.00000000
  0.01077892  0.00000000    0.28088336  0.00000000   -0.01077892  0.00000000
 -0.01077892  0.00000000   -0.01077892  0.00000000    0.28088336  0.00000000

     Diagonalizing the dynamical matrix

     q = (   -0.250000000   0.250000000  -0.250000000 ) 

 **************************************************************************
     freq (    1) =       3.397969 [THz] =     113.344057 [cm-1]
 ( -0.320211 -0.058196  0.252013 -0.002324  0.572224  0.055872 ) 
 ( -0.324351 -0.026803  0.250594 -0.026803  0.574945 -0.000000 ) 
     freq (    2) =       3.397969 [THz] =     113.344057 [cm-1]
 (  0.346227  0.327930  0.398620  0.333046  0.052393  0.005116 ) 
 (  0.376456  0.292733  0.429098  0.292733  0.052643  0.000000 ) 
     freq (    3) =       6.918937 [THz] =     230.790908 [cm-1]
 (  0.286608  0.290728 -0.286608 -0.290728  0.286608  0.290728 ) 
 (  0.408248  0.000000 -0.408248 -0.000000  0.408248  0.000000 ) 
     freq (    4) =      14.417687 [THz] =     480.922280 [cm-1]
 (  0.286608  0.290728 -0.286608 -0.290728  0.286608  0.290728 ) 
 ( -0.408248  0.000000  0.408248 -0.000000 -0.408248  0.000000 ) 
     freq (    5) =      14.725880 [THz] =     491.202479 [cm-1]
 ( -0.488634 -0.105391 -0.488894 -0.105416 -0.000260 -0.000025 ) 
 (  0.496563  0.057408  0.496824  0.057408  0.000261  0.000000 ) 
     freq (    6) =      14.725880 [THz] =     491.202479 [cm-1]
 (  0.287530  0.028101 -0.287087 -0.028005 -0.574618 -0.056106 ) 
 ( -0.288900 -0.000026  0.288450 -0.000026  0.577350  0.000000 ) 
 **************************************************************************
