Dynamical matrix file
                                                                           
  1    2  2 10.3800000  0.0000000  0.0000000  0.0000000  0.0000000  0.0000000
           1  'Si  '    25598.822984527003     
    1    1      0.0000000000      0.0000000000      0.0000000000
    2    1      0.2500000000      0.2500000000      0.2500000000

     Dynamical  Matrix in cartesian axes

     q = (   -0.250000000   0.250000000  -0.250000000 ) 

    1    1
  0.26178699  0.00000000   -0.01149120  0.00000000    0.01149120  0.00000000
 -0.01149120  0.00000000    0.26178699  0.00000000   -0.01149120  0.00000000
  0.01149120  0.00000000   -0.01149120  0.00000000    0.26178699  0.00000000
    1    2
 -0.19520803 -0.05649194   -0.03562809  0.03741849    0.03562809 -0.03741849
 -0.03562809  0.03741849   -0.19520803 -0.05649194   -0.03562809  0.03741849
  0.03562809 -0.03741849   -0.03562809  0.03741849   -0.19520803 -0.05649194
    2    1
 -0.19520803  0.05649194   -0.03562809 -0.03741849    0.03562809  0.03741849
 -0.03562809 -0.03741849   -0.19520803  0.05649194   -0.03562809 -0.03741849
  0.03562809  0.03741849   -0.03562809 -0.03741849   -0.19520803  0.05649194
    2    2
  0.26178699  0.00000000   -0.01149120  0.00000000    0.01149120  0.00000000
 -0.01149120  0.00000000    0.26178699  0.00000000   -0.01149120  0.00000000
  0.01149120  0.00000000   -0.01149120  0.00000000    0.26178699  0.00000000

     Dynamical  Matrix in cartesian axes

     q = (    0.250000000  -0.250000000  -0.250000000 ) 

    1    1
  0.26178699  0.00000000   -0.01149120  0.00000000   -0.01149120  0.00000000
 -0.01149120  0.00000000    0.26178699  0.00000000    0.01149120  0.00000000
 -0.01149120  0.00000000    0.01149120  0.00000000    0.26178699  0.00000000
    1    2
 -0.19520803 -0.05649194   -0.03562809  0.03741849   -0.03562809  0.03741849
 -0.03562809  0.03741849   -0.19520803 -0.05649194    0.03562809 -0.03741849
 -0.03562809  0.03741849    0.03562809 -0.03741849   -0.19520803 -0.05649194
    2    1
 -0.19520803  0.05649194   -0.03562809 -0.03741849   -0.03562809 -0.03741849
 -0.03562809 -0.03741849   -0.19520803  0.05649194    0.03562809  0.03741849
 -0.03562809 -0.03741849    0.03562809  0.03741849   -0.19520803  0.05649194
    2    2
  0.26178699  0.00000000   -0.01149120  0.00000000   -0.01149120  0.00000000
 -0.01149120  0.00000000    0.26178699  0.00000000    0.01149120  0.00000000
 -0.01149120  0.00000000    0.01149120  0.00000000    0.26178699  0.00000000

     Dynamical  Matrix in cartesian axes

     q = (    0.250000000  -0.250000000   0.250000000 ) 

    1    1
  0.26178699  0.00000000   -0.01149120  0.00000000    0.01149120  0.00000000
 -0.01149120  0.00000000    0.26178699  0.00000000   -0.01149120  0.00000000
  0.01149120  0.00000000   -0.01149120  0.00000000    0.26178699  0.00000000
    1    2
 -0.19520803  0.05649194   -0.03562809 -0.03741849    0.03562809  0.03741849
 -0.03562809 -0.03741849   -0.19520803  0.05649194   -0.03562809 -0.03741849
  0.03562809  0.03741849   -0.03562809 -0.03741849   -0.19520803  0.05649194
    2    1
 -0.19520803 -0.05649194   -0.03562809  0.03741849    0.03562809 -0.03741849
 -0.03562809  0.03741849   -0.19520803 -0.05649194   -0.03562809  0.03741849
  0.03562809 -0.03741849   -0.03562809  0.03741849   -0.19520803 -0.05649194
    2    2
  0.26178699  0.00000000   -0.01149120  0.00000000    0.01149120  0.00000000
 -0.01149120  0.00000000    0.26178699  0.00000000   -0.01149120  0.00000000
  0.01149120  0.00000000   -0.01149120  0.00000000    0.26178699  0.00000000

     Dynamical  Matrix in cartesian axes

     q = (    0.250000000   0.250000000   0.250000000 ) 

    1    1
  0.26178699  0.00000000    0.01149120  0.00000000    0.01149120  0.00000000
  0.01149120  0.00000000    0.26178699  0.00000000    0.01149120  0.00000000
  0.01149120  0.00000000    0.01149120  0.00000000    0.26178699  0.00000000
    1    2
 -0.05649194  0.19520803   -0.03741849 -0.03562809   -0.03741849 -0.03562809
 -0.03741849 -0.03562809   -0.05649194  0.19520803   -0.03741849 -0.03562809
 -0.03741849 -0.03562809   -0.03741849 -0.03562809   -0.05649194  0.19520803
    2    1
 -0.05649194 -0.19520803   -0.03741849  0.03562809   -0.03741849  0.03562809
 -0.03741849  0.03562809   -0.05649194 -0.19520803   -0.03741849  0.03562809
 -0.03741849  0.03562809   -0.03741849  0.03562809   -0.05649194 -0.19520803
    2    2
  0.26178699  0.00000000    0.01149120  0.00000000    0.01149120  0.00000000
  0.01149120  0.00000000    0.26178699  0.00000000    0.01149120  0.00000000
  0.01149120  0.00000000    0.01149120  0.00000000    0.26178699  0.00000000

     Dynamical  Matrix in cartesian axes

     q = (   -0.250000000  -0.250000000  -0.250000000 ) 

    1    1
  0.26178699  0.00000000    0.01149120  0.00000000    0.01149120  0.00000000
  0.01149120  0.00000000    0.26178699  0.00000000    0.01149120  0.00000000
  0.01149120  0.00000000    0.01149120  0.00000000    0.26178699  0.00000000
    1    2
 -0.05649194 -0.19520803   -0.03741849  0.03562809   -0.03741849  0.03562809
 -0.03741849  0.03562809   -0.05649194 -0.19520803   -0.03741849  0.03562809
 -0.03741849  0.03562809   -0.03741849  0.03562809   -0.05649194 -0.19520803
    2    1
 -0.05649194  0.19520803   -0.03741849 -0.03562809   -0.03741849 -0.03562809
 -0.03741849 -0.03562809   -0.05649194  0.19520803   -0.03741849 -0.03562809
 -0.03741849 -0.03562809   -0.03741849 -0.03562809   -0.05649194  0.19520803
    2    2
  0.26178699  0.00000000    0.01149120  0.00000000    0.01149120  0.00000000
  0.01149120  0.00000000    0.26178699  0.00000000    0.01149120  0.00000000
  0.01149120  0.00000000    0.01149120  0.00000000    0.26178699  0.00000000

     Dynamical  Matrix in cartesian axes

     q = (   -0.250000000  -0.250000000   0.250000000 ) 

    1    1
  0.26178699  0.00000000    0.01149120  0.00000000   -0.01149120  0.00000000
  0.01149120  0.00000000    0.26178699  0.00000000   -0.01149120  0.00000000
 -0.01149120  0.00000000   -0.01149120  0.00000000    0.26178699  0.00000000
    1    2
 -0.19520803 -0.05649194    0.03562809 -0.03741849   -0.03562809  0.03741849
  0.03562809 -0.03741849   -0.19520803 -0.05649194   -0.03562809  0.03741849
 -0.03562809  0.03741849   -0.03562809  0.03741849   -0.19520803 -0.05649194
    2    1
 -0.19520803  0.05649194    0.03562809  0.03741849   -0.03562809 -0.03741849
  0.03562809  0.03741849   -0.19520803  0.05649194   -0.03562809 -0.03741849
 -0.03562809 -0.03741849   -0.03562809 -0.03741849   -0.19520803  0.05649194
    2    2
  0.26178699  0.00000000    0.01149120  0.00000000   -0.01149120  0.00000000
  0.01149120  0.00000000    0.26178699  0.00000000   -0.01149120  0.00000000
 -0.01149120  0.00000000   -0.01149120  0.00000000    0.26178699  0.00000000

     Dynamical  Matrix in cartesian axes

     q = (   -0.250000000   0.250000000   0.250000000 ) 

    1    1
  0.26178699  0.00000000   -0.01149120  0.00000000   -0.01149120  0.00000000
 -0.01149120  0.00000000    0.26178699  0.00000000    0.01149120  0.00000000
 -0.01149120  0.00000000    0.01149120  0.00000000    0.26178699  0.00000000
    1    2
 -0.19520803  0.05649194   -0.03562809 -0.03741849   -0.03562809 -0.03741849
 -0.03562809 -0.03741849   -0.19520803  0.05649194    0.03562809  0.03741849
 -0.03562809 -0.03741849    0.03562809  0.03741849   -0.19520803  0.05649194
    2    1
 -0.19520803 -0.05649194   -0.03562809  0.03741849   -0.03562809  0.03741849
 -0.03562809  0.03741849   -0.19520803 -0.05649194    0.03562809 -0.03741849
 -0.03562809  0.03741849    0.03562809 -0.03741849   -0.19520803 -0.05649194
    2    2
  0.26178699  0.00000000   -0.01149120  0.00000000   -0.01149120  0.00000000
 -0.01149120  0.00000000    0.26178699  0.00000000    0.01149120  0.00000000
 -0.01149120  0.00000000    0.01149120  0.00000000    0.26178699  0.00000000

     Dynamical  Matrix in cartesian axes

     q = (    0.250000000   0.250000000  -0.250000000 ) 

    1    1
  0.26178699  0.00000000    0.01149120  0.00000000   -0.01149120  0.00000000
  0.01149120  0.00000000    0.26178699  0.00000000   -0.01149120  0.00000000
 -0.01149120  0.00000000   -0.01149120  0.00000000    0.26178699  0.00000000
    1    2
 -0.19520803  0.05649194    0.03562809  0.03741849   -0.03562809 -0.03741849
  0.03562809  0.03741849   -0.19520803  0.05649194   -0.03562809 -0.03741849
 -0.03562809 -0.03741849   -0.03562809 -0.03741849   -0.19520803  0.05649194
    2    1
 -0.19520803 -0.05649194    0.03562809 -0.03741849   -0.03562809  0.03741849
  0.03562809 -0.03741849   -0.19520803 -0.05649194   -0.03562809  0.03741849
 -0.03562809  0.03741849   -0.03562809  0.03741849   -0.19520803 -0.05649194
    2    2
  0.26178699  0.00000000    0.01149120  0.00000000   -0.01149120  0.00000000
  0.01149120  0.00000000    0.26178699  0.00000000   -0.01149120  0.00000000
 -0.01149120  0.00000000   -0.01149120  0.00000000    0.26178699  0.00000000

     Diagonalizing the dynamical matrix

     q = (   -0.250000000   0.250000000  -0.250000000 ) 

 **************************************************************************
     freq (    1) =       2.809780 [THz] =      93.724157 [cm-1]
 (  0.407610  0.019662 -0.148046 -0.026251 -0.555656 -0.045913 ) 
 (  0.407844 -0.013970 -0.149705 -0.013970 -0.557549  0.000000 ) 
     freq (    2) =       2.809780 [THz] =      93.724157 [cm-1]
 ( -0.407997  0.018425 -0.557395  0.006081 -0.149398 -0.012344 ) 
 ( -0.405094  0.051960 -0.555002  0.051960 -0.149907  0.000000 ) 
     freq (    3) =       6.636881 [THz] =     221.382515 [cm-1]
 ( -0.280216 -0.296893  0.280216  0.296893 -0.280216 -0.296893 ) 
 ( -0.408248  0.000000  0.408248  0.000000 -0.408248  0.000000 ) 
     freq (    4) =      14.026763 [THz] =     467.882463 [cm-1]
 ( -0.280216 -0.296893  0.280216  0.296893 -0.280216 -0.296893 ) 
 (  0.408248 -0.000000 -0.408248 -0.000000  0.408248  0.000000 ) 
     freq (    5) =      14.274203 [THz] =     476.136153 [cm-1]
 ( -0.306202 -0.355487 -0.379216 -0.361520 -0.073015 -0.006033 ) 
 (  0.334435  0.329065  0.407698  0.329065  0.073263  0.000000 ) 
     freq (    6) =      14.274203 [THz] =     476.136153 [cm-1]
 (  0.329212  0.069443 -0.241526  0.022284 -0.570738 -0.047159 ) 
 ( -0.333812 -0.042097  0.238871 -0.042097  0.572683  0.000000 ) 
 **************************************************************************
