Dynamical matrix file
                                                                           
  1    2  2 10.3800000  0.0000000  0.0000000  0.0000000  0.0000000  0.0000000
           1  'Si  '    25598.822984527003     
    1    1      0.0000000000      0.0000000000      0.0000000000
    2    1      0.2500000000      0.2500000000      0.2500000000

     Dynamical  Matrix in cartesian axes

     q = (    0.750000000  -0.250000000   0.750000000 ) 

    1    1
  0.23804107  0.00000000   -0.00608577  0.00752754    0.00557790  0.00000000
 -0.00608577 -0.00752754    0.28860041  0.00000000   -0.00608577 -0.00752754
  0.00557790  0.00000000   -0.00608577  0.00752754    0.23804107  0.00000000
    1    2
 -0.05857750  0.05963910   -0.03859515  0.04088100   -0.03892116 -0.12797116
 -0.03859515  0.04088100   -0.05704774  0.07806264   -0.03859515  0.04088100
 -0.03892116 -0.12797116   -0.03859515  0.04088100   -0.05857750  0.05963910
    2    1
 -0.05857750 -0.05963910   -0.03859515 -0.04088100   -0.03892116  0.12797116
 -0.03859515 -0.04088100   -0.05704774 -0.07806264   -0.03859515 -0.04088100
 -0.03892116  0.12797116   -0.03859515 -0.04088100   -0.05857750 -0.05963910
    2    2
  0.23804107  0.00000000   -0.00608577 -0.00752754    0.00557790  0.00000000
 -0.00608577  0.00752754    0.28860041  0.00000000   -0.00608577  0.00752754
  0.00557790  0.00000000   -0.00608577 -0.00752754    0.23804107  0.00000000

     Dynamical  Matrix in cartesian axes

     q = (    0.750000000  -0.250000000  -0.750000000 ) 

    1    1
  0.23804107  0.00000000   -0.00608577 -0.00752754   -0.00557790  0.00000000
 -0.00608577  0.00752754    0.28860041  0.00000000    0.00608577 -0.00752754
 -0.00557790  0.00000000    0.00608577  0.00752754    0.23804107  0.00000000
    1    2
 -0.05963910  0.05857750   -0.04088100  0.03859515   -0.12797116 -0.03892116
 -0.04088100  0.03859515   -0.07806264  0.05704774    0.04088100 -0.03859515
 -0.12797116 -0.03892116    0.04088100 -0.03859515   -0.05963910  0.05857750
    2    1
 -0.05963910 -0.05857750   -0.04088100 -0.03859515   -0.12797116  0.03892116
 -0.04088100 -0.03859515   -0.07806264 -0.05704774    0.04088100  0.03859515
 -0.12797116  0.03892116    0.04088100  0.03859515   -0.05963910 -0.05857750
    2    2
  0.23804107  0.00000000   -0.00608577  0.00752754   -0.00557790  0.00000000
 -0.00608577 -0.00752754    0.28860041  0.00000000    0.00608577  0.00752754
 -0.00557790  0.00000000    0.00608577 -0.00752754    0.23804107  0.00000000

     Dynamical  Matrix in cartesian axes

     q = (   -0.750000000  -0.250000000  -0.750000000 ) 

    1    1
  0.23804107  0.00000000    0.00608577 -0.00752754    0.00557790  0.00000000
  0.00608577  0.00752754    0.28860041  0.00000000    0.00608577  0.00752754
  0.00557790  0.00000000    0.00608577 -0.00752754    0.23804107  0.00000000
    1    2
  0.05963910  0.05857750   -0.04088100 -0.03859515   -0.12797116  0.03892116
 -0.04088100 -0.03859515    0.07806264  0.05704774   -0.04088100 -0.03859515
 -0.12797116  0.03892116   -0.04088100 -0.03859515    0.05963910  0.05857750
    2    1
  0.05963910 -0.05857750   -0.04088100  0.03859515   -0.12797116 -0.03892116
 -0.04088100  0.03859515    0.07806264 -0.05704774   -0.04088100  0.03859515
 -0.12797116 -0.03892116   -0.04088100  0.03859515    0.05963910 -0.05857750
    2    2
  0.23804107  0.00000000    0.00608577  0.00752754    0.00557790  0.00000000
  0.00608577 -0.00752754    0.28860041  0.00000000    0.00608577 -0.00752754
  0.00557790  0.00000000    0.00608577  0.00752754    0.23804107  0.00000000

     Dynamical  Matrix in cartesian axes

     q = (   -0.750000000  -0.250000000   0.750000000 ) 

    1    1
  0.23804107  0.00000000    0.00608577  0.00752754   -0.00557790  0.00000000
  0.00608577 -0.00752754    0.28860041  0.00000000   -0.00608577  0.00752754
 -0.00557790  0.00000000   -0.00608577 -0.00752754    0.23804107  0.00000000
    1    2
 -0.05963910  0.05857750    0.04088100 -0.03859515   -0.12797116 -0.03892116
  0.04088100 -0.03859515   -0.07806264  0.05704774   -0.04088100  0.03859515
 -0.12797116 -0.03892116   -0.04088100  0.03859515   -0.05963910  0.05857750
    2    1
 -0.05963910 -0.05857750    0.04088100  0.03859515   -0.12797116  0.03892116
  0.04088100  0.03859515   -0.07806264 -0.05704774   -0.04088100 -0.03859515
 -0.12797116  0.03892116   -0.04088100 -0.03859515   -0.05963910 -0.05857750
    2    2
  0.23804107  0.00000000    0.00608577 -0.00752754   -0.00557790  0.00000000
  0.00608577  0.00752754    0.28860041  0.00000000   -0.00608577 -0.00752754
 -0.00557790  0.00000000   -0.00608577  0.00752754    0.23804107  0.00000000

     Dynamical  Matrix in cartesian axes

     q = (   -0.750000000   0.250000000  -0.750000000 ) 

    1    1
  0.23804107  0.00000000   -0.00608577 -0.00752754    0.00557790  0.00000000
 -0.00608577  0.00752754    0.28860041  0.00000000   -0.00608577  0.00752754
  0.00557790  0.00000000   -0.00608577 -0.00752754    0.23804107  0.00000000
    1    2
 -0.05857750 -0.05963910   -0.03859515 -0.04088100   -0.03892116  0.12797116
 -0.03859515 -0.04088100   -0.05704774 -0.07806264   -0.03859515 -0.04088100
 -0.03892116  0.12797116   -0.03859515 -0.04088100   -0.05857750 -0.05963910
    2    1
 -0.05857750  0.05963910   -0.03859515  0.04088100   -0.03892116 -0.12797116
 -0.03859515  0.04088100   -0.05704774  0.07806264   -0.03859515  0.04088100
 -0.03892116 -0.12797116   -0.03859515  0.04088100   -0.05857750  0.05963910
    2    2
  0.23804107  0.00000000   -0.00608577  0.00752754    0.00557790  0.00000000
 -0.00608577 -0.00752754    0.28860041  0.00000000   -0.00608577 -0.00752754
  0.00557790  0.00000000   -0.00608577  0.00752754    0.23804107  0.00000000

     Dynamical  Matrix in cartesian axes

     q = (   -0.250000000   0.750000000  -0.750000000 ) 

    1    1
  0.28860041  0.00000000   -0.00608577  0.00752754    0.00608577 -0.00752754
 -0.00608577 -0.00752754    0.23804107  0.00000000   -0.00557790  0.00000000
  0.00608577  0.00752754   -0.00557790  0.00000000    0.23804107  0.00000000
    1    2
 -0.07806264  0.05704774   -0.04088100  0.03859515    0.04088100 -0.03859515
 -0.04088100  0.03859515   -0.05963910  0.05857750   -0.12797116 -0.03892116
  0.04088100 -0.03859515   -0.12797116 -0.03892116   -0.05963910  0.05857750
    2    1
 -0.07806264 -0.05704774   -0.04088100 -0.03859515    0.04088100  0.03859515
 -0.04088100 -0.03859515   -0.05963910 -0.05857750   -0.12797116  0.03892116
  0.04088100  0.03859515   -0.12797116  0.03892116   -0.05963910 -0.05857750
    2    2
  0.28860041  0.00000000   -0.00608577 -0.00752754    0.00608577  0.00752754
 -0.00608577  0.00752754    0.23804107  0.00000000   -0.00557790  0.00000000
  0.00608577 -0.00752754   -0.00557790  0.00000000    0.23804107  0.00000000

     Dynamical  Matrix in cartesian axes

     q = (   -0.750000000   0.750000000  -0.250000000 ) 

    1    1
  0.23804107  0.00000000   -0.00557790  0.00000000    0.00608577  0.00752754
 -0.00557790  0.00000000    0.23804107  0.00000000   -0.00608577 -0.00752754
  0.00608577 -0.00752754   -0.00608577  0.00752754    0.28860041  0.00000000
    1    2
 -0.05963910  0.05857750   -0.12797116 -0.03892116    0.04088100 -0.03859515
 -0.12797116 -0.03892116   -0.05963910  0.05857750   -0.04088100  0.03859515
  0.04088100 -0.03859515   -0.04088100  0.03859515   -0.07806264  0.05704774
    2    1
 -0.05963910 -0.05857750   -0.12797116  0.03892116    0.04088100  0.03859515
 -0.12797116  0.03892116   -0.05963910 -0.05857750   -0.04088100 -0.03859515
  0.04088100  0.03859515   -0.04088100 -0.03859515   -0.07806264 -0.05704774
    2    2
  0.23804107  0.00000000   -0.00557790  0.00000000    0.00608577 -0.00752754
 -0.00557790  0.00000000    0.23804107  0.00000000   -0.00608577  0.00752754
  0.00608577  0.00752754   -0.00608577 -0.00752754    0.28860041  0.00000000

     Dynamical  Matrix in cartesian axes

     q = (    0.750000000   0.250000000   0.750000000 ) 

    1    1
  0.23804107  0.00000000    0.00608577  0.00752754    0.00557790  0.00000000
  0.00608577 -0.00752754    0.28860041  0.00000000    0.00608577 -0.00752754
  0.00557790  0.00000000    0.00608577  0.00752754    0.23804107  0.00000000
    1    2
  0.05963910 -0.05857750   -0.04088100  0.03859515   -0.12797116 -0.03892116
 -0.04088100  0.03859515    0.07806264 -0.05704774   -0.04088100  0.03859515
 -0.12797116 -0.03892116   -0.04088100  0.03859515    0.05963910 -0.05857750
    2    1
  0.05963910  0.05857750   -0.04088100 -0.03859515   -0.12797116  0.03892116
 -0.04088100 -0.03859515    0.07806264  0.05704774   -0.04088100 -0.03859515
 -0.12797116  0.03892116   -0.04088100 -0.03859515    0.05963910  0.05857750
    2    2
  0.23804107  0.00000000    0.00608577 -0.00752754    0.00557790  0.00000000
  0.00608577  0.00752754    0.28860041  0.00000000    0.00608577  0.00752754
  0.00557790  0.00000000    0.00608577 -0.00752754    0.23804107  0.00000000

     Dynamical  Matrix in cartesian axes

     q = (   -0.750000000   0.250000000   0.750000000 ) 

    1    1
  0.23804107  0.00000000   -0.00608577  0.00752754   -0.00557790  0.00000000
 -0.00608577 -0.00752754    0.28860041  0.00000000    0.00608577  0.00752754
 -0.00557790  0.00000000    0.00608577 -0.00752754    0.23804107  0.00000000
    1    2
 -0.05963910 -0.05857750   -0.04088100 -0.03859515   -0.12797116  0.03892116
 -0.04088100 -0.03859515   -0.07806264 -0.05704774    0.04088100  0.03859515
 -0.12797116  0.03892116    0.04088100  0.03859515   -0.05963910 -0.05857750
    2    1
 -0.05963910  0.05857750   -0.04088100  0.03859515   -0.12797116 -0.03892116
 -0.04088100  0.03859515   -0.07806264  0.05704774    0.04088100 -0.03859515
 -0.12797116 -0.03892116    0.04088100 -0.03859515   -0.05963910  0.05857750
    2    2
  0.23804107  0.00000000   -0.00608577 -0.00752754   -0.00557790  0.00000000
 -0.00608577  0.00752754    0.28860041  0.00000000    0.00608577 -0.00752754
 -0.00557790  0.00000000    0.00608577  0.00752754    0.23804107  0.00000000

     Dynamical  Matrix in cartesian axes

     q = (    0.750000000   0.250000000  -0.750000000 ) 

    1    1
  0.23804107  0.00000000    0.00608577 -0.00752754   -0.00557790  0.00000000
  0.00608577  0.00752754    0.28860041  0.00000000   -0.00608577 -0.00752754
 -0.00557790  0.00000000   -0.00608577  0.00752754    0.23804107  0.00000000
    1    2
 -0.05963910 -0.05857750    0.04088100  0.03859515   -0.12797116  0.03892116
  0.04088100  0.03859515   -0.07806264 -0.05704774   -0.04088100 -0.03859515
 -0.12797116  0.03892116   -0.04088100 -0.03859515   -0.05963910 -0.05857750
    2    1
 -0.05963910  0.05857750    0.04088100 -0.03859515   -0.12797116 -0.03892116
  0.04088100 -0.03859515   -0.07806264  0.05704774   -0.04088100  0.03859515
 -0.12797116 -0.03892116   -0.04088100  0.03859515   -0.05963910  0.05857750
    2    2
  0.23804107  0.00000000    0.00608577  0.00752754   -0.00557790  0.00000000
  0.00608577 -0.00752754    0.28860041  0.00000000   -0.00608577  0.00752754
 -0.00557790  0.00000000   -0.00608577 -0.00752754    0.23804107  0.00000000

     Dynamical  Matrix in cartesian axes

     q = (   -0.750000000   0.750000000   0.250000000 ) 

    1    1
  0.23804107  0.00000000   -0.00557790  0.00000000   -0.00608577  0.00752754
 -0.00557790  0.00000000    0.23804107  0.00000000    0.00608577 -0.00752754
 -0.00608577 -0.00752754    0.00608577  0.00752754    0.28860041  0.00000000
    1    2
 -0.05963910 -0.05857750   -0.12797116  0.03892116   -0.04088100 -0.03859515
 -0.12797116  0.03892116   -0.05963910 -0.05857750    0.04088100  0.03859515
 -0.04088100 -0.03859515    0.04088100  0.03859515   -0.07806264 -0.05704774
    2    1
 -0.05963910  0.05857750   -0.12797116 -0.03892116   -0.04088100  0.03859515
 -0.12797116 -0.03892116   -0.05963910  0.05857750    0.04088100 -0.03859515
 -0.04088100  0.03859515    0.04088100 -0.03859515   -0.07806264  0.05704774
    2    2
  0.23804107  0.00000000   -0.00557790  0.00000000   -0.00608577 -0.00752754
 -0.00557790  0.00000000    0.23804107  0.00000000    0.00608577  0.00752754
 -0.00608577  0.00752754    0.00608577 -0.00752754    0.28860041  0.00000000

     Dynamical  Matrix in cartesian axes

     q = (   -0.250000000   0.750000000   0.750000000 ) 

    1    1
  0.28860041  0.00000000   -0.00608577 -0.00752754   -0.00608577 -0.00752754
 -0.00608577  0.00752754    0.23804107  0.00000000    0.00557790  0.00000000
 -0.00608577  0.00752754    0.00557790  0.00000000    0.23804107  0.00000000
    1    2
 -0.05704774  0.07806264   -0.03859515  0.04088100   -0.03859515  0.04088100
 -0.03859515  0.04088100   -0.05857750  0.05963910   -0.03892116 -0.12797116
 -0.03859515  0.04088100   -0.03892116 -0.12797116   -0.05857750  0.05963910
    2    1
 -0.05704774 -0.07806264   -0.03859515 -0.04088100   -0.03859515 -0.04088100
 -0.03859515 -0.04088100   -0.05857750 -0.05963910   -0.03892116  0.12797116
 -0.03859515 -0.04088100   -0.03892116  0.12797116   -0.05857750 -0.05963910
    2    2
  0.28860041  0.00000000   -0.00608577  0.00752754   -0.00608577  0.00752754
 -0.00608577 -0.00752754    0.23804107  0.00000000    0.00557790  0.00000000
 -0.00608577 -0.00752754    0.00557790  0.00000000    0.23804107  0.00000000

     Dynamical  Matrix in cartesian axes

     q = (    0.250000000   0.750000000  -0.750000000 ) 

    1    1
  0.28860041  0.00000000    0.00608577  0.00752754   -0.00608577 -0.00752754
  0.00608577 -0.00752754    0.23804107  0.00000000   -0.00557790  0.00000000
 -0.00608577  0.00752754   -0.00557790  0.00000000    0.23804107  0.00000000
    1    2
 -0.07806264 -0.05704774    0.04088100  0.03859515   -0.04088100 -0.03859515
  0.04088100  0.03859515   -0.05963910 -0.05857750   -0.12797116  0.03892116
 -0.04088100 -0.03859515   -0.12797116  0.03892116   -0.05963910 -0.05857750
    2    1
 -0.07806264  0.05704774    0.04088100 -0.03859515   -0.04088100  0.03859515
  0.04088100 -0.03859515   -0.05963910  0.05857750   -0.12797116 -0.03892116
 -0.04088100  0.03859515   -0.12797116 -0.03892116   -0.05963910  0.05857750
    2    2
  0.28860041  0.00000000    0.00608577 -0.00752754   -0.00608577  0.00752754
  0.00608577  0.00752754    0.23804107  0.00000000   -0.00557790  0.00000000
 -0.00608577 -0.00752754   -0.00557790  0.00000000    0.23804107  0.00000000

     Dynamical  Matrix in cartesian axes

     q = (   -0.250000000  -0.750000000  -0.750000000 ) 

    1    1
  0.28860041  0.00000000    0.00608577  0.00752754    0.00608577  0.00752754
  0.00608577 -0.00752754    0.23804107  0.00000000    0.00557790  0.00000000
  0.00608577 -0.00752754    0.00557790  0.00000000    0.23804107  0.00000000
    1    2
  0.07806264  0.05704774   -0.04088100 -0.03859515   -0.04088100 -0.03859515
 -0.04088100 -0.03859515    0.05963910  0.05857750   -0.12797116  0.03892116
 -0.04088100 -0.03859515   -0.12797116  0.03892116    0.05963910  0.05857750
    2    1
  0.07806264 -0.05704774   -0.04088100  0.03859515   -0.04088100  0.03859515
 -0.04088100  0.03859515    0.05963910 -0.05857750   -0.12797116 -0.03892116
 -0.04088100  0.03859515   -0.12797116 -0.03892116    0.05963910 -0.05857750
    2    2
  0.28860041  0.00000000    0.00608577 -0.00752754    0.00608577 -0.00752754
  0.00608577  0.00752754    0.23804107  0.00000000    0.00557790  0.00000000
  0.00608577  0.00752754    0.00557790  0.00000000    0.23804107  0.00000000

     Dynamical  Matrix in cartesian axes

     q = (    0.750000000   0.750000000  -0.250000000 ) 

    1    1
  0.23804107  0.00000000    0.00557790  0.00000000   -0.00608577  0.00752754
  0.00557790  0.00000000    0.23804107  0.00000000   -0.00608577  0.00752754
 -0.00608577 -0.00752754   -0.00608577 -0.00752754    0.28860041  0.00000000
    1    2
 -0.05857750  0.05963910   -0.03892116 -0.12797116   -0.03859515  0.04088100
 -0.03892116 -0.12797116   -0.05857750  0.05963910   -0.03859515  0.04088100
 -0.03859515  0.04088100   -0.03859515  0.04088100   -0.05704774  0.07806264
    2    1
 -0.05857750 -0.05963910   -0.03892116  0.12797116   -0.03859515 -0.04088100
 -0.03892116  0.12797116   -0.05857750 -0.05963910   -0.03859515 -0.04088100
 -0.03859515 -0.04088100   -0.03859515 -0.04088100   -0.05704774 -0.07806264
    2    2
  0.23804107  0.00000000    0.00557790  0.00000000   -0.00608577 -0.00752754
  0.00557790  0.00000000    0.23804107  0.00000000   -0.00608577 -0.00752754
 -0.00608577  0.00752754   -0.00608577  0.00752754    0.28860041  0.00000000

     Dynamical  Matrix in cartesian axes

     q = (    0.750000000  -0.750000000   0.250000000 ) 

    1    1
  0.23804107  0.00000000   -0.00557790  0.00000000    0.00608577 -0.00752754
 -0.00557790  0.00000000    0.23804107  0.00000000   -0.00608577  0.00752754
  0.00608577  0.00752754   -0.00608577 -0.00752754    0.28860041  0.00000000
    1    2
 -0.05963910 -0.05857750   -0.12797116  0.03892116    0.04088100  0.03859515
 -0.12797116  0.03892116   -0.05963910 -0.05857750   -0.04088100 -0.03859515
  0.04088100  0.03859515   -0.04088100 -0.03859515   -0.07806264 -0.05704774
    2    1
 -0.05963910  0.05857750   -0.12797116 -0.03892116    0.04088100 -0.03859515
 -0.12797116 -0.03892116   -0.05963910  0.05857750   -0.04088100  0.03859515
  0.04088100 -0.03859515   -0.04088100  0.03859515   -0.07806264  0.05704774
    2    2
  0.23804107  0.00000000   -0.00557790  0.00000000    0.00608577  0.00752754
 -0.00557790  0.00000000    0.23804107  0.00000000   -0.00608577 -0.00752754
  0.00608577 -0.00752754   -0.00608577  0.00752754    0.28860041  0.00000000

     Dynamical  Matrix in cartesian axes

     q = (   -0.750000000  -0.750000000  -0.250000000 ) 

    1    1
  0.23804107  0.00000000    0.00557790  0.00000000    0.00608577 -0.00752754
  0.00557790  0.00000000    0.23804107  0.00000000    0.00608577 -0.00752754
  0.00608577  0.00752754    0.00608577  0.00752754    0.28860041  0.00000000
    1    2
  0.05963910  0.05857750   -0.12797116  0.03892116   -0.04088100 -0.03859515
 -0.12797116  0.03892116    0.05963910  0.05857750   -0.04088100 -0.03859515
 -0.04088100 -0.03859515   -0.04088100 -0.03859515    0.07806264  0.05704774
    2    1
  0.05963910 -0.05857750   -0.12797116 -0.03892116   -0.04088100  0.03859515
 -0.12797116 -0.03892116    0.05963910 -0.05857750   -0.04088100  0.03859515
 -0.04088100  0.03859515   -0.04088100  0.03859515    0.07806264 -0.05704774
    2    2
  0.23804107  0.00000000    0.00557790  0.00000000    0.00608577  0.00752754
  0.00557790  0.00000000    0.23804107  0.00000000    0.00608577  0.00752754
  0.00608577 -0.00752754    0.00608577 -0.00752754    0.28860041  0.00000000

     Dynamical  Matrix in cartesian axes

     q = (    0.250000000  -0.750000000   0.750000000 ) 

    1    1
  0.28860041  0.00000000   -0.00608577 -0.00752754    0.00608577  0.00752754
 -0.00608577  0.00752754    0.23804107  0.00000000   -0.00557790  0.00000000
  0.00608577 -0.00752754   -0.00557790  0.00000000    0.23804107  0.00000000
    1    2
 -0.07806264 -0.05704774   -0.04088100 -0.03859515    0.04088100  0.03859515
 -0.04088100 -0.03859515   -0.05963910 -0.05857750   -0.12797116  0.03892116
  0.04088100  0.03859515   -0.12797116  0.03892116   -0.05963910 -0.05857750
    2    1
 -0.07806264  0.05704774   -0.04088100  0.03859515    0.04088100 -0.03859515
 -0.04088100  0.03859515   -0.05963910  0.05857750   -0.12797116 -0.03892116
  0.04088100 -0.03859515   -0.12797116 -0.03892116   -0.05963910  0.05857750
    2    2
  0.28860041  0.00000000   -0.00608577  0.00752754    0.00608577 -0.00752754
 -0.00608577 -0.00752754    0.23804107  0.00000000   -0.00557790  0.00000000
  0.00608577  0.00752754   -0.00557790  0.00000000    0.23804107  0.00000000

     Dynamical  Matrix in cartesian axes

     q = (   -0.750000000  -0.750000000   0.250000000 ) 

    1    1
  0.23804107  0.00000000    0.00557790  0.00000000   -0.00608577 -0.00752754
  0.00557790  0.00000000    0.23804107  0.00000000   -0.00608577 -0.00752754
 -0.00608577  0.00752754   -0.00608577  0.00752754    0.28860041  0.00000000
    1    2
 -0.05857750 -0.05963910   -0.03892116  0.12797116   -0.03859515 -0.04088100
 -0.03892116  0.12797116   -0.05857750 -0.05963910   -0.03859515 -0.04088100
 -0.03859515 -0.04088100   -0.03859515 -0.04088100   -0.05704774 -0.07806264
    2    1
 -0.05857750  0.05963910   -0.03892116 -0.12797116   -0.03859515  0.04088100
 -0.03892116 -0.12797116   -0.05857750  0.05963910   -0.03859515  0.04088100
 -0.03859515  0.04088100   -0.03859515  0.04088100   -0.05704774  0.07806264
    2    2
  0.23804107  0.00000000    0.00557790  0.00000000   -0.00608577  0.00752754
  0.00557790  0.00000000    0.23804107  0.00000000   -0.00608577  0.00752754
 -0.00608577 -0.00752754   -0.00608577 -0.00752754    0.28860041  0.00000000

     Dynamical  Matrix in cartesian axes

     q = (    0.250000000   0.750000000   0.750000000 ) 

    1    1
  0.28860041  0.00000000    0.00608577 -0.00752754    0.00608577 -0.00752754
  0.00608577  0.00752754    0.23804107  0.00000000    0.00557790  0.00000000
  0.00608577  0.00752754    0.00557790  0.00000000    0.23804107  0.00000000
    1    2
  0.07806264 -0.05704774   -0.04088100  0.03859515   -0.04088100  0.03859515
 -0.04088100  0.03859515    0.05963910 -0.05857750   -0.12797116 -0.03892116
 -0.04088100  0.03859515   -0.12797116 -0.03892116    0.05963910 -0.05857750
    2    1
  0.07806264  0.05704774   -0.04088100 -0.03859515   -0.04088100 -0.03859515
 -0.04088100 -0.03859515    0.05963910  0.05857750   -0.12797116  0.03892116
 -0.04088100 -0.03859515   -0.12797116  0.03892116    0.05963910  0.05857750
    2    2
  0.28860041  0.00000000    0.00608577  0.00752754    0.00608577  0.00752754
  0.00608577 -0.00752754    0.23804107  0.00000000    0.00557790  0.00000000
  0.00608577 -0.00752754    0.00557790  0.00000000    0.23804107  0.00000000

     Dynamical  Matrix in cartesian axes

     q = (   -0.250000000  -0.750000000   0.750000000 ) 

    1    1
  0.28860041  0.00000000    0.00608577 -0.00752754   -0.00608577  0.00752754
  0.00608577  0.00752754    0.23804107  0.00000000   -0.00557790  0.00000000
 -0.00608577 -0.00752754   -0.00557790  0.00000000    0.23804107  0.00000000
    1    2
 -0.07806264  0.05704774    0.04088100 -0.03859515   -0.04088100  0.03859515
  0.04088100 -0.03859515   -0.05963910  0.05857750   -0.12797116 -0.03892116
 -0.04088100  0.03859515   -0.12797116 -0.03892116   -0.05963910  0.05857750
    2    1
 -0.07806264 -0.05704774    0.04088100  0.03859515   -0.04088100 -0.03859515
  0.04088100  0.03859515   -0.05963910 -0.05857750   -0.12797116  0.03892116
 -0.04088100 -0.03859515   -0.12797116  0.03892116   -0.05963910 -0.05857750
    2    2
  0.28860041  0.00000000    0.00608577  0.00752754   -0.00608577 -0.00752754
  0.00608577 -0.00752754    0.23804107  0.00000000   -0.00557790  0.00000000
 -0.00608577  0.00752754   -0.00557790  0.00000000    0.23804107  0.00000000

     Dynamical  Matrix in cartesian axes

     q = (    0.750000000   0.750000000   0.250000000 ) 

    1    1
  0.23804107  0.00000000    0.00557790  0.00000000    0.00608577  0.00752754
  0.00557790  0.00000000    0.23804107  0.00000000    0.00608577  0.00752754
  0.00608577 -0.00752754    0.00608577 -0.00752754    0.28860041  0.00000000
    1    2
  0.05963910 -0.05857750   -0.12797116 -0.03892116   -0.04088100  0.03859515
 -0.12797116 -0.03892116    0.05963910 -0.05857750   -0.04088100  0.03859515
 -0.04088100  0.03859515   -0.04088100  0.03859515    0.07806264 -0.05704774
    2    1
  0.05963910  0.05857750   -0.12797116  0.03892116   -0.04088100 -0.03859515
 -0.12797116  0.03892116    0.05963910  0.05857750   -0.04088100 -0.03859515
 -0.04088100 -0.03859515   -0.04088100 -0.03859515    0.07806264  0.05704774
    2    2
  0.23804107  0.00000000    0.00557790  0.00000000    0.00608577 -0.00752754
  0.00557790  0.00000000    0.23804107  0.00000000    0.00608577 -0.00752754
  0.00608577  0.00752754    0.00608577  0.00752754    0.28860041  0.00000000

     Dynamical  Matrix in cartesian axes

     q = (    0.250000000  -0.750000000  -0.750000000 ) 

    1    1
  0.28860041  0.00000000   -0.00608577  0.00752754   -0.00608577  0.00752754
 -0.00608577 -0.00752754    0.23804107  0.00000000    0.00557790  0.00000000
 -0.00608577 -0.00752754    0.00557790  0.00000000    0.23804107  0.00000000
    1    2
 -0.05704774 -0.07806264   -0.03859515 -0.04088100   -0.03859515 -0.04088100
 -0.03859515 -0.04088100   -0.05857750 -0.05963910   -0.03892116  0.12797116
 -0.03859515 -0.04088100   -0.03892116  0.12797116   -0.05857750 -0.05963910
    2    1
 -0.05704774  0.07806264   -0.03859515  0.04088100   -0.03859515  0.04088100
 -0.03859515  0.04088100   -0.05857750  0.05963910   -0.03892116 -0.12797116
 -0.03859515  0.04088100   -0.03892116 -0.12797116   -0.05857750  0.05963910
    2    2
  0.28860041  0.00000000   -0.00608577 -0.00752754   -0.00608577 -0.00752754
 -0.00608577  0.00752754    0.23804107  0.00000000    0.00557790  0.00000000
 -0.00608577  0.00752754    0.00557790  0.00000000    0.23804107  0.00000000

     Dynamical  Matrix in cartesian axes

     q = (    0.750000000  -0.750000000  -0.250000000 ) 

    1    1
  0.23804107  0.00000000   -0.00557790  0.00000000   -0.00608577 -0.00752754
 -0.00557790  0.00000000    0.23804107  0.00000000    0.00608577  0.00752754
 -0.00608577  0.00752754    0.00608577 -0.00752754    0.28860041  0.00000000
    1    2
 -0.05963910  0.05857750   -0.12797116 -0.03892116   -0.04088100  0.03859515
 -0.12797116 -0.03892116   -0.05963910  0.05857750    0.04088100 -0.03859515
 -0.04088100  0.03859515    0.04088100 -0.03859515   -0.07806264  0.05704774
    2    1
 -0.05963910 -0.05857750   -0.12797116  0.03892116   -0.04088100 -0.03859515
 -0.12797116  0.03892116   -0.05963910 -0.05857750    0.04088100  0.03859515
 -0.04088100 -0.03859515    0.04088100  0.03859515   -0.07806264 -0.05704774
    2    2
  0.23804107  0.00000000   -0.00557790  0.00000000   -0.00608577  0.00752754
 -0.00557790  0.00000000    0.23804107  0.00000000    0.00608577 -0.00752754
 -0.00608577 -0.00752754    0.00608577  0.00752754    0.28860041  0.00000000

     Diagonalizing the dynamical matrix

     q = (    0.750000000  -0.250000000   0.750000000 ) 

 **************************************************************************
     freq (    1) =       4.304582 [THz] =     143.585388 [cm-1]
 ( -0.052101  0.497278  0.000000  0.000000  0.052101 -0.497278 ) 
 ( -0.500000  0.000000 -0.000000  0.000000  0.500000  0.000000 ) 
     freq (    2) =       5.898757 [THz] =     196.761368 [cm-1]
 ( -0.392962 -0.154508 -0.345556  0.154945 -0.392962 -0.154508 ) 
 ( -0.422246  0.000000 -0.264893 -0.270645 -0.422246  0.000000 ) 
     freq (    3) =       9.240088 [THz] =     308.216153 [cm-1]
 ( -0.104318  0.294484 -0.392283 -0.388469 -0.104318  0.294484 ) 
 (  0.312415  0.000000 -0.235186 -0.499481  0.312415  0.000000 ) 
     freq (    4) =      11.870687 [THz] =     395.963511 [cm-1]
 ( -0.099023 -0.319722  0.405396  0.334063 -0.099023 -0.319722 ) 
 (  0.334706  0.000000 -0.439045 -0.288416  0.334706  0.000000 ) 
     freq (    5) =      13.343134 [THz] =     445.079026 [cm-1]
 ( -0.052101  0.497278 -0.000000 -0.000000  0.052101 -0.497278 ) 
 (  0.500000  0.000000 -0.000000  0.000000 -0.500000  0.000000 ) 
     freq (    6) =      13.745975 [THz] =     458.516388 [cm-1]
 (  0.299278  0.150034  0.475067 -0.223955  0.299278  0.150034 ) 
 ( -0.334780 -0.000000 -0.324322 -0.413110 -0.334780  0.000000 ) 
 **************************************************************************
