Dynamical matrix file
                                                                           
  1    2  2 10.3440000  0.0000000  0.0000000  0.0000000  0.0000000  0.0000000
           1  'Si  '    25598.822984527003     
    1    1      0.0000000000      0.0000000000      0.0000000000
    2    1      0.2500000000      0.2500000000      0.2500000000

     Dynamical  Matrix in cartesian axes

     q = (   -0.250000000   0.250000000  -0.250000000 ) 

    1    1
  0.26755168  0.00000000   -0.01166020  0.00000000    0.01166020  0.00000000
 -0.01166020  0.00000000    0.26755168  0.00000000   -0.01166020  0.00000000
  0.01166020  0.00000000   -0.01166020  0.00000000    0.26755168  0.00000000
    1    2
 -0.19929057 -0.05778714   -0.03744279  0.03916987    0.03744279 -0.03916987
 -0.03744279  0.03916987   -0.19929057 -0.05778714   -0.03744279  0.03916987
  0.03744279 -0.03916987   -0.03744279  0.03916987   -0.19929057 -0.05778714
    2    1
 -0.19929057  0.05778714   -0.03744279 -0.03916987    0.03744279  0.03916987
 -0.03744279 -0.03916987   -0.19929057  0.05778714   -0.03744279 -0.03916987
  0.03744279  0.03916987   -0.03744279 -0.03916987   -0.19929057  0.05778714
    2    2
  0.26755168  0.00000000   -0.01166020  0.00000000    0.01166020  0.00000000
 -0.01166020  0.00000000    0.26755168  0.00000000   -0.01166020  0.00000000
  0.01166020  0.00000000   -0.01166020  0.00000000    0.26755168  0.00000000

     Dynamical  Matrix in cartesian axes

     q = (    0.250000000  -0.250000000  -0.250000000 ) 

    1    1
  0.26755168  0.00000000   -0.01166020  0.00000000   -0.01166020  0.00000000
 -0.01166020  0.00000000    0.26755168  0.00000000    0.01166020  0.00000000
 -0.01166020  0.00000000    0.01166020  0.00000000    0.26755168  0.00000000
    1    2
 -0.19929057 -0.05778714   -0.03744279  0.03916987   -0.03744279  0.03916987
 -0.03744279  0.03916987   -0.19929057 -0.05778714    0.03744279 -0.03916987
 -0.03744279  0.03916987    0.03744279 -0.03916987   -0.19929057 -0.05778714
    2    1
 -0.19929057  0.05778714   -0.03744279 -0.03916987   -0.03744279 -0.03916987
 -0.03744279 -0.03916987   -0.19929057  0.05778714    0.03744279  0.03916987
 -0.03744279 -0.03916987    0.03744279  0.03916987   -0.19929057  0.05778714
    2    2
  0.26755168  0.00000000   -0.01166020  0.00000000   -0.01166020  0.00000000
 -0.01166020  0.00000000    0.26755168  0.00000000    0.01166020  0.00000000
 -0.01166020  0.00000000    0.01166020  0.00000000    0.26755168  0.00000000

     Dynamical  Matrix in cartesian axes

     q = (    0.250000000  -0.250000000   0.250000000 ) 

    1    1
  0.26755168  0.00000000   -0.01166020  0.00000000    0.01166020  0.00000000
 -0.01166020  0.00000000    0.26755168  0.00000000   -0.01166020  0.00000000
  0.01166020  0.00000000   -0.01166020  0.00000000    0.26755168  0.00000000
    1    2
 -0.19929057  0.05778714   -0.03744279 -0.03916987    0.03744279  0.03916987
 -0.03744279 -0.03916987   -0.19929057  0.05778714   -0.03744279 -0.03916987
  0.03744279  0.03916987   -0.03744279 -0.03916987   -0.19929057  0.05778714
    2    1
 -0.19929057 -0.05778714   -0.03744279  0.03916987    0.03744279 -0.03916987
 -0.03744279  0.03916987   -0.19929057 -0.05778714   -0.03744279  0.03916987
  0.03744279 -0.03916987   -0.03744279  0.03916987   -0.19929057 -0.05778714
    2    2
  0.26755168  0.00000000   -0.01166020  0.00000000    0.01166020  0.00000000
 -0.01166020  0.00000000    0.26755168  0.00000000   -0.01166020  0.00000000
  0.01166020  0.00000000   -0.01166020  0.00000000    0.26755168  0.00000000

     Dynamical  Matrix in cartesian axes

     q = (    0.250000000   0.250000000   0.250000000 ) 

    1    1
  0.26755168  0.00000000    0.01166020  0.00000000    0.01166020  0.00000000
  0.01166020  0.00000000    0.26755168  0.00000000    0.01166020  0.00000000
  0.01166020  0.00000000    0.01166020  0.00000000    0.26755168  0.00000000
    1    2
 -0.05778714  0.19929057   -0.03916987 -0.03744279   -0.03916987 -0.03744279
 -0.03916987 -0.03744279   -0.05778714  0.19929057   -0.03916987 -0.03744279
 -0.03916987 -0.03744279   -0.03916987 -0.03744279   -0.05778714  0.19929057
    2    1
 -0.05778714 -0.19929057   -0.03916987  0.03744279   -0.03916987  0.03744279
 -0.03916987  0.03744279   -0.05778714 -0.19929057   -0.03916987  0.03744279
 -0.03916987  0.03744279   -0.03916987  0.03744279   -0.05778714 -0.19929057
    2    2
  0.26755168  0.00000000    0.01166020  0.00000000    0.01166020  0.00000000
  0.01166020  0.00000000    0.26755168  0.00000000    0.01166020  0.00000000
  0.01166020  0.00000000    0.01166020  0.00000000    0.26755168  0.00000000

     Dynamical  Matrix in cartesian axes

     q = (   -0.250000000  -0.250000000  -0.250000000 ) 

    1    1
  0.26755168  0.00000000    0.01166020  0.00000000    0.01166020  0.00000000
  0.01166020  0.00000000    0.26755168  0.00000000    0.01166020  0.00000000
  0.01166020  0.00000000    0.01166020  0.00000000    0.26755168  0.00000000
    1    2
 -0.05778714 -0.19929057   -0.03916987  0.03744279   -0.03916987  0.03744279
 -0.03916987  0.03744279   -0.05778714 -0.19929057   -0.03916987  0.03744279
 -0.03916987  0.03744279   -0.03916987  0.03744279   -0.05778714 -0.19929057
    2    1
 -0.05778714  0.19929057   -0.03916987 -0.03744279   -0.03916987 -0.03744279
 -0.03916987 -0.03744279   -0.05778714  0.19929057   -0.03916987 -0.03744279
 -0.03916987 -0.03744279   -0.03916987 -0.03744279   -0.05778714  0.19929057
    2    2
  0.26755168  0.00000000    0.01166020  0.00000000    0.01166020  0.00000000
  0.01166020  0.00000000    0.26755168  0.00000000    0.01166020  0.00000000
  0.01166020  0.00000000    0.01166020  0.00000000    0.26755168  0.00000000

     Dynamical  Matrix in cartesian axes

     q = (   -0.250000000  -0.250000000   0.250000000 ) 

    1    1
  0.26755168  0.00000000    0.01166020  0.00000000   -0.01166020  0.00000000
  0.01166020  0.00000000    0.26755168  0.00000000   -0.01166020  0.00000000
 -0.01166020  0.00000000   -0.01166020  0.00000000    0.26755168  0.00000000
    1    2
 -0.19929057 -0.05778714    0.03744279 -0.03916987   -0.03744279  0.03916987
  0.03744279 -0.03916987   -0.19929057 -0.05778714   -0.03744279  0.03916987
 -0.03744279  0.03916987   -0.03744279  0.03916987   -0.19929057 -0.05778714
    2    1
 -0.19929057  0.05778714    0.03744279  0.03916987   -0.03744279 -0.03916987
  0.03744279  0.03916987   -0.19929057  0.05778714   -0.03744279 -0.03916987
 -0.03744279 -0.03916987   -0.03744279 -0.03916987   -0.19929057  0.05778714
    2    2
  0.26755168  0.00000000    0.01166020  0.00000000   -0.01166020  0.00000000
  0.01166020  0.00000000    0.26755168  0.00000000   -0.01166020  0.00000000
 -0.01166020  0.00000000   -0.01166020  0.00000000    0.26755168  0.00000000

     Dynamical  Matrix in cartesian axes

     q = (   -0.250000000   0.250000000   0.250000000 ) 

    1    1
  0.26755168  0.00000000   -0.01166020  0.00000000   -0.01166020  0.00000000
 -0.01166020  0.00000000    0.26755168  0.00000000    0.01166020  0.00000000
 -0.01166020  0.00000000    0.01166020  0.00000000    0.26755168  0.00000000
    1    2
 -0.19929057  0.05778714   -0.03744279 -0.03916987   -0.03744279 -0.03916987
 -0.03744279 -0.03916987   -0.19929057  0.05778714    0.03744279  0.03916987
 -0.03744279 -0.03916987    0.03744279  0.03916987   -0.19929057  0.05778714
    2    1
 -0.19929057 -0.05778714   -0.03744279  0.03916987   -0.03744279  0.03916987
 -0.03744279  0.03916987   -0.19929057 -0.05778714    0.03744279 -0.03916987
 -0.03744279  0.03916987    0.03744279 -0.03916987   -0.19929057 -0.05778714
    2    2
  0.26755168  0.00000000   -0.01166020  0.00000000   -0.01166020  0.00000000
 -0.01166020  0.00000000    0.26755168  0.00000000    0.01166020  0.00000000
 -0.01166020  0.00000000    0.01166020  0.00000000    0.26755168  0.00000000

     Dynamical  Matrix in cartesian axes

     q = (    0.250000000   0.250000000  -0.250000000 ) 

    1    1
  0.26755168  0.00000000    0.01166020  0.00000000   -0.01166020  0.00000000
  0.01166020  0.00000000    0.26755168  0.00000000   -0.01166020  0.00000000
 -0.01166020  0.00000000   -0.01166020  0.00000000    0.26755168  0.00000000
    1    2
 -0.19929057  0.05778714    0.03744279  0.03916987   -0.03744279 -0.03916987
  0.03744279  0.03916987   -0.19929057  0.05778714   -0.03744279 -0.03916987
 -0.03744279 -0.03916987   -0.03744279 -0.03916987   -0.19929057  0.05778714
    2    1
 -0.19929057 -0.05778714    0.03744279 -0.03916987   -0.03744279  0.03916987
  0.03744279 -0.03916987   -0.19929057 -0.05778714   -0.03744279  0.03916987
 -0.03744279  0.03916987   -0.03744279  0.03916987   -0.19929057 -0.05778714
    2    2
  0.26755168  0.00000000    0.01166020  0.00000000   -0.01166020  0.00000000
  0.01166020  0.00000000    0.26755168  0.00000000   -0.01166020  0.00000000
 -0.01166020  0.00000000   -0.01166020  0.00000000    0.26755168  0.00000000

     Diagonalizing the dynamical matrix

     q = (   -0.250000000   0.250000000  -0.250000000 ) 

 **************************************************************************
     freq (    1) =       2.791224 [THz] =      93.105204 [cm-1]
 (  0.019786  0.008832 -0.488488 -0.031140 -0.508274 -0.039972 ) 
 (  0.020417  0.007254 -0.489426  0.007254 -0.509843  0.000000 ) 
     freq (    2) =       2.791224 [THz] =      93.105204 [cm-1]
 (  0.576077  0.031611  0.305999  0.010372 -0.270078 -0.021240 ) 
 (  0.576782 -0.013651  0.305870 -0.013651 -0.270912  0.000000 ) 
     freq (    3) =       6.709066 [THz] =     223.790355 [cm-1]
 ( -0.275408 -0.301358  0.275408  0.301358 -0.275408 -0.301358 ) 
 ( -0.408248  0.000000  0.408248  0.000000 -0.408248  0.000000 ) 
     freq (    4) =      14.175581 [THz] =     472.846476 [cm-1]
 ( -0.275408 -0.301358  0.275408  0.301358 -0.275408 -0.301358 ) 
 (  0.408248  0.000000 -0.408248  0.000000  0.408248  0.000000 ) 
     freq (    5) =      14.442592 [THz] =     481.753014 [cm-1]
 ( -0.427400  0.196168 -0.488349  0.191375 -0.060949 -0.004793 ) 
 (  0.410705 -0.229073  0.471842 -0.229073  0.061137  0.000000 ) 
     freq (    6) =      14.442592 [THz] =     481.753014 [cm-1]
 ( -0.334928 -0.001870  0.237409  0.043140  0.572337  0.045010 ) 
 (  0.334044 -0.024394 -0.240060 -0.024394 -0.574104  0.000000 ) 
 **************************************************************************
