Dynamical matrix file
                                                                           
  1    2  2 10.3700000  0.0000000  0.0000000  0.0000000  0.0000000  0.0000000
           1  'Si  '    25598.822984527003     
    1    1      0.0000000000      0.0000000000      0.0000000000
    2    1      0.2500000000      0.2500000000      0.2500000000

     Dynamical  Matrix in cartesian axes

     q = (    0.750000000  -0.250000000   0.750000000 ) 

    1    1
  0.23966638  0.00000000   -0.00613086  0.00755899    0.00563490  0.00000000
 -0.00613086 -0.00755899    0.29037118  0.00000000   -0.00613086 -0.00755899
  0.00563490  0.00000000   -0.00613086  0.00755899    0.23966638  0.00000000
    1    2
 -0.05894875  0.06002321   -0.03906462  0.04136907   -0.03939548 -0.12945941
 -0.03906462  0.04136907   -0.05739801  0.07846161   -0.03906462  0.04136907
 -0.03939548 -0.12945941   -0.03906462  0.04136907   -0.05894875  0.06002321
    2    1
 -0.05894875 -0.06002321   -0.03906462 -0.04136907   -0.03939548  0.12945941
 -0.03906462 -0.04136907   -0.05739801 -0.07846161   -0.03906462 -0.04136907
 -0.03939548  0.12945941   -0.03906462 -0.04136907   -0.05894875 -0.06002321
    2    2
  0.23966638  0.00000000   -0.00613086 -0.00755899    0.00563490  0.00000000
 -0.00613086  0.00755899    0.29037118  0.00000000   -0.00613086  0.00755899
  0.00563490  0.00000000   -0.00613086 -0.00755899    0.23966638  0.00000000

     Dynamical  Matrix in cartesian axes

     q = (    0.750000000  -0.250000000  -0.750000000 ) 

    1    1
  0.23966638  0.00000000   -0.00613086 -0.00755899   -0.00563490  0.00000000
 -0.00613086  0.00755899    0.29037118  0.00000000    0.00613086 -0.00755899
 -0.00563490  0.00000000    0.00613086  0.00755899    0.23966638  0.00000000
    1    2
 -0.06002321  0.05894875   -0.04136907  0.03906462   -0.12945941 -0.03939548
 -0.04136907  0.03906462   -0.07846161  0.05739801    0.04136907 -0.03906462
 -0.12945941 -0.03939548    0.04136907 -0.03906462   -0.06002321  0.05894875
    2    1
 -0.06002321 -0.05894875   -0.04136907 -0.03906462   -0.12945941  0.03939548
 -0.04136907 -0.03906462   -0.07846161 -0.05739801    0.04136907  0.03906462
 -0.12945941  0.03939548    0.04136907  0.03906462   -0.06002321 -0.05894875
    2    2
  0.23966638  0.00000000   -0.00613086  0.00755899   -0.00563490  0.00000000
 -0.00613086 -0.00755899    0.29037118  0.00000000    0.00613086  0.00755899
 -0.00563490  0.00000000    0.00613086 -0.00755899    0.23966638  0.00000000

     Dynamical  Matrix in cartesian axes

     q = (   -0.750000000  -0.250000000  -0.750000000 ) 

    1    1
  0.23966638  0.00000000    0.00613086 -0.00755899    0.00563490  0.00000000
  0.00613086  0.00755899    0.29037118  0.00000000    0.00613086  0.00755899
  0.00563490  0.00000000    0.00613086 -0.00755899    0.23966638  0.00000000
    1    2
  0.06002321  0.05894875   -0.04136907 -0.03906462   -0.12945941  0.03939548
 -0.04136907 -0.03906462    0.07846161  0.05739801   -0.04136907 -0.03906462
 -0.12945941  0.03939548   -0.04136907 -0.03906462    0.06002321  0.05894875
    2    1
  0.06002321 -0.05894875   -0.04136907  0.03906462   -0.12945941 -0.03939548
 -0.04136907  0.03906462    0.07846161 -0.05739801   -0.04136907  0.03906462
 -0.12945941 -0.03939548   -0.04136907  0.03906462    0.06002321 -0.05894875
    2    2
  0.23966638  0.00000000    0.00613086  0.00755899    0.00563490  0.00000000
  0.00613086 -0.00755899    0.29037118  0.00000000    0.00613086 -0.00755899
  0.00563490  0.00000000    0.00613086  0.00755899    0.23966638  0.00000000

     Dynamical  Matrix in cartesian axes

     q = (   -0.750000000  -0.250000000   0.750000000 ) 

    1    1
  0.23966638  0.00000000    0.00613086  0.00755899   -0.00563490  0.00000000
  0.00613086 -0.00755899    0.29037118  0.00000000   -0.00613086  0.00755899
 -0.00563490  0.00000000   -0.00613086 -0.00755899    0.23966638  0.00000000
    1    2
 -0.06002321  0.05894875    0.04136907 -0.03906462   -0.12945941 -0.03939548
  0.04136907 -0.03906462   -0.07846161  0.05739801   -0.04136907  0.03906462
 -0.12945941 -0.03939548   -0.04136907  0.03906462   -0.06002321  0.05894875
    2    1
 -0.06002321 -0.05894875    0.04136907  0.03906462   -0.12945941  0.03939548
  0.04136907  0.03906462   -0.07846161 -0.05739801   -0.04136907 -0.03906462
 -0.12945941  0.03939548   -0.04136907 -0.03906462   -0.06002321 -0.05894875
    2    2
  0.23966638  0.00000000    0.00613086 -0.00755899   -0.00563490  0.00000000
  0.00613086  0.00755899    0.29037118  0.00000000   -0.00613086 -0.00755899
 -0.00563490  0.00000000   -0.00613086  0.00755899    0.23966638  0.00000000

     Dynamical  Matrix in cartesian axes

     q = (   -0.750000000   0.250000000  -0.750000000 ) 

    1    1
  0.23966638  0.00000000   -0.00613086 -0.00755899    0.00563490  0.00000000
 -0.00613086  0.00755899    0.29037118  0.00000000   -0.00613086  0.00755899
  0.00563490  0.00000000   -0.00613086 -0.00755899    0.23966638  0.00000000
    1    2
 -0.05894875 -0.06002321   -0.03906462 -0.04136907   -0.03939548  0.12945941
 -0.03906462 -0.04136907   -0.05739801 -0.07846161   -0.03906462 -0.04136907
 -0.03939548  0.12945941   -0.03906462 -0.04136907   -0.05894875 -0.06002321
    2    1
 -0.05894875  0.06002321   -0.03906462  0.04136907   -0.03939548 -0.12945941
 -0.03906462  0.04136907   -0.05739801  0.07846161   -0.03906462  0.04136907
 -0.03939548 -0.12945941   -0.03906462  0.04136907   -0.05894875  0.06002321
    2    2
  0.23966638  0.00000000   -0.00613086  0.00755899    0.00563490  0.00000000
 -0.00613086 -0.00755899    0.29037118  0.00000000   -0.00613086 -0.00755899
  0.00563490  0.00000000   -0.00613086  0.00755899    0.23966638  0.00000000

     Dynamical  Matrix in cartesian axes

     q = (   -0.250000000   0.750000000  -0.750000000 ) 

    1    1
  0.29037118  0.00000000   -0.00613086  0.00755899    0.00613086 -0.00755899
 -0.00613086 -0.00755899    0.23966638  0.00000000   -0.00563490  0.00000000
  0.00613086  0.00755899   -0.00563490  0.00000000    0.23966638  0.00000000
    1    2
 -0.07846161  0.05739801   -0.04136907  0.03906462    0.04136907 -0.03906462
 -0.04136907  0.03906462   -0.06002321  0.05894875   -0.12945941 -0.03939548
  0.04136907 -0.03906462   -0.12945941 -0.03939548   -0.06002321  0.05894875
    2    1
 -0.07846161 -0.05739801   -0.04136907 -0.03906462    0.04136907  0.03906462
 -0.04136907 -0.03906462   -0.06002321 -0.05894875   -0.12945941  0.03939548
  0.04136907  0.03906462   -0.12945941  0.03939548   -0.06002321 -0.05894875
    2    2
  0.29037118  0.00000000   -0.00613086 -0.00755899    0.00613086  0.00755899
 -0.00613086  0.00755899    0.23966638  0.00000000   -0.00563490  0.00000000
  0.00613086 -0.00755899   -0.00563490  0.00000000    0.23966638  0.00000000

     Dynamical  Matrix in cartesian axes

     q = (   -0.750000000   0.750000000  -0.250000000 ) 

    1    1
  0.23966638  0.00000000   -0.00563490  0.00000000    0.00613086  0.00755899
 -0.00563490  0.00000000    0.23966638  0.00000000   -0.00613086 -0.00755899
  0.00613086 -0.00755899   -0.00613086  0.00755899    0.29037118  0.00000000
    1    2
 -0.06002321  0.05894875   -0.12945941 -0.03939548    0.04136907 -0.03906462
 -0.12945941 -0.03939548   -0.06002321  0.05894875   -0.04136907  0.03906462
  0.04136907 -0.03906462   -0.04136907  0.03906462   -0.07846161  0.05739801
    2    1
 -0.06002321 -0.05894875   -0.12945941  0.03939548    0.04136907  0.03906462
 -0.12945941  0.03939548   -0.06002321 -0.05894875   -0.04136907 -0.03906462
  0.04136907  0.03906462   -0.04136907 -0.03906462   -0.07846161 -0.05739801
    2    2
  0.23966638  0.00000000   -0.00563490  0.00000000    0.00613086 -0.00755899
 -0.00563490  0.00000000    0.23966638  0.00000000   -0.00613086  0.00755899
  0.00613086  0.00755899   -0.00613086 -0.00755899    0.29037118  0.00000000

     Dynamical  Matrix in cartesian axes

     q = (    0.750000000   0.250000000   0.750000000 ) 

    1    1
  0.23966638  0.00000000    0.00613086  0.00755899    0.00563490  0.00000000
  0.00613086 -0.00755899    0.29037118  0.00000000    0.00613086 -0.00755899
  0.00563490  0.00000000    0.00613086  0.00755899    0.23966638  0.00000000
    1    2
  0.06002321 -0.05894875   -0.04136907  0.03906462   -0.12945941 -0.03939548
 -0.04136907  0.03906462    0.07846161 -0.05739801   -0.04136907  0.03906462
 -0.12945941 -0.03939548   -0.04136907  0.03906462    0.06002321 -0.05894875
    2    1
  0.06002321  0.05894875   -0.04136907 -0.03906462   -0.12945941  0.03939548
 -0.04136907 -0.03906462    0.07846161  0.05739801   -0.04136907 -0.03906462
 -0.12945941  0.03939548   -0.04136907 -0.03906462    0.06002321  0.05894875
    2    2
  0.23966638  0.00000000    0.00613086 -0.00755899    0.00563490  0.00000000
  0.00613086  0.00755899    0.29037118  0.00000000    0.00613086  0.00755899
  0.00563490  0.00000000    0.00613086 -0.00755899    0.23966638  0.00000000

     Dynamical  Matrix in cartesian axes

     q = (   -0.750000000   0.250000000   0.750000000 ) 

    1    1
  0.23966638  0.00000000   -0.00613086  0.00755899   -0.00563490  0.00000000
 -0.00613086 -0.00755899    0.29037118  0.00000000    0.00613086  0.00755899
 -0.00563490  0.00000000    0.00613086 -0.00755899    0.23966638  0.00000000
    1    2
 -0.06002321 -0.05894875   -0.04136907 -0.03906462   -0.12945941  0.03939548
 -0.04136907 -0.03906462   -0.07846161 -0.05739801    0.04136907  0.03906462
 -0.12945941  0.03939548    0.04136907  0.03906462   -0.06002321 -0.05894875
    2    1
 -0.06002321  0.05894875   -0.04136907  0.03906462   -0.12945941 -0.03939548
 -0.04136907  0.03906462   -0.07846161  0.05739801    0.04136907 -0.03906462
 -0.12945941 -0.03939548    0.04136907 -0.03906462   -0.06002321  0.05894875
    2    2
  0.23966638  0.00000000   -0.00613086 -0.00755899   -0.00563490  0.00000000
 -0.00613086  0.00755899    0.29037118  0.00000000    0.00613086 -0.00755899
 -0.00563490  0.00000000    0.00613086  0.00755899    0.23966638  0.00000000

     Dynamical  Matrix in cartesian axes

     q = (    0.750000000   0.250000000  -0.750000000 ) 

    1    1
  0.23966638  0.00000000    0.00613086 -0.00755899   -0.00563490  0.00000000
  0.00613086  0.00755899    0.29037118  0.00000000   -0.00613086 -0.00755899
 -0.00563490  0.00000000   -0.00613086  0.00755899    0.23966638  0.00000000
    1    2
 -0.06002321 -0.05894875    0.04136907  0.03906462   -0.12945941  0.03939548
  0.04136907  0.03906462   -0.07846161 -0.05739801   -0.04136907 -0.03906462
 -0.12945941  0.03939548   -0.04136907 -0.03906462   -0.06002321 -0.05894875
    2    1
 -0.06002321  0.05894875    0.04136907 -0.03906462   -0.12945941 -0.03939548
  0.04136907 -0.03906462   -0.07846161  0.05739801   -0.04136907  0.03906462
 -0.12945941 -0.03939548   -0.04136907  0.03906462   -0.06002321  0.05894875
    2    2
  0.23966638  0.00000000    0.00613086  0.00755899   -0.00563490  0.00000000
  0.00613086 -0.00755899    0.29037118  0.00000000   -0.00613086  0.00755899
 -0.00563490  0.00000000   -0.00613086 -0.00755899    0.23966638  0.00000000

     Dynamical  Matrix in cartesian axes

     q = (   -0.750000000   0.750000000   0.250000000 ) 

    1    1
  0.23966638  0.00000000   -0.00563490  0.00000000   -0.00613086  0.00755899
 -0.00563490  0.00000000    0.23966638  0.00000000    0.00613086 -0.00755899
 -0.00613086 -0.00755899    0.00613086  0.00755899    0.29037118  0.00000000
    1    2
 -0.06002321 -0.05894875   -0.12945941  0.03939548   -0.04136907 -0.03906462
 -0.12945941  0.03939548   -0.06002321 -0.05894875    0.04136907  0.03906462
 -0.04136907 -0.03906462    0.04136907  0.03906462   -0.07846161 -0.05739801
    2    1
 -0.06002321  0.05894875   -0.12945941 -0.03939548   -0.04136907  0.03906462
 -0.12945941 -0.03939548   -0.06002321  0.05894875    0.04136907 -0.03906462
 -0.04136907  0.03906462    0.04136907 -0.03906462   -0.07846161  0.05739801
    2    2
  0.23966638  0.00000000   -0.00563490  0.00000000   -0.00613086 -0.00755899
 -0.00563490  0.00000000    0.23966638  0.00000000    0.00613086  0.00755899
 -0.00613086  0.00755899    0.00613086 -0.00755899    0.29037118  0.00000000

     Dynamical  Matrix in cartesian axes

     q = (   -0.250000000   0.750000000   0.750000000 ) 

    1    1
  0.29037118  0.00000000   -0.00613086 -0.00755899   -0.00613086 -0.00755899
 -0.00613086  0.00755899    0.23966638  0.00000000    0.00563490  0.00000000
 -0.00613086  0.00755899    0.00563490  0.00000000    0.23966638  0.00000000
    1    2
 -0.05739801  0.07846161   -0.03906462  0.04136907   -0.03906462  0.04136907
 -0.03906462  0.04136907   -0.05894875  0.06002321   -0.03939548 -0.12945941
 -0.03906462  0.04136907   -0.03939548 -0.12945941   -0.05894875  0.06002321
    2    1
 -0.05739801 -0.07846161   -0.03906462 -0.04136907   -0.03906462 -0.04136907
 -0.03906462 -0.04136907   -0.05894875 -0.06002321   -0.03939548  0.12945941
 -0.03906462 -0.04136907   -0.03939548  0.12945941   -0.05894875 -0.06002321
    2    2
  0.29037118  0.00000000   -0.00613086  0.00755899   -0.00613086  0.00755899
 -0.00613086 -0.00755899    0.23966638  0.00000000    0.00563490  0.00000000
 -0.00613086 -0.00755899    0.00563490  0.00000000    0.23966638  0.00000000

     Dynamical  Matrix in cartesian axes

     q = (    0.250000000   0.750000000  -0.750000000 ) 

    1    1
  0.29037118  0.00000000    0.00613086  0.00755899   -0.00613086 -0.00755899
  0.00613086 -0.00755899    0.23966638  0.00000000   -0.00563490  0.00000000
 -0.00613086  0.00755899   -0.00563490  0.00000000    0.23966638  0.00000000
    1    2
 -0.07846161 -0.05739801    0.04136907  0.03906462   -0.04136907 -0.03906462
  0.04136907  0.03906462   -0.06002321 -0.05894875   -0.12945941  0.03939548
 -0.04136907 -0.03906462   -0.12945941  0.03939548   -0.06002321 -0.05894875
    2    1
 -0.07846161  0.05739801    0.04136907 -0.03906462   -0.04136907  0.03906462
  0.04136907 -0.03906462   -0.06002321  0.05894875   -0.12945941 -0.03939548
 -0.04136907  0.03906462   -0.12945941 -0.03939548   -0.06002321  0.05894875
    2    2
  0.29037118  0.00000000    0.00613086 -0.00755899   -0.00613086  0.00755899
  0.00613086  0.00755899    0.23966638  0.00000000   -0.00563490  0.00000000
 -0.00613086 -0.00755899   -0.00563490  0.00000000    0.23966638  0.00000000

     Dynamical  Matrix in cartesian axes

     q = (   -0.250000000  -0.750000000  -0.750000000 ) 

    1    1
  0.29037118  0.00000000    0.00613086  0.00755899    0.00613086  0.00755899
  0.00613086 -0.00755899    0.23966638  0.00000000    0.00563490  0.00000000
  0.00613086 -0.00755899    0.00563490  0.00000000    0.23966638  0.00000000
    1    2
  0.07846161  0.05739801   -0.04136907 -0.03906462   -0.04136907 -0.03906462
 -0.04136907 -0.03906462    0.06002321  0.05894875   -0.12945941  0.03939548
 -0.04136907 -0.03906462   -0.12945941  0.03939548    0.06002321  0.05894875
    2    1
  0.07846161 -0.05739801   -0.04136907  0.03906462   -0.04136907  0.03906462
 -0.04136907  0.03906462    0.06002321 -0.05894875   -0.12945941 -0.03939548
 -0.04136907  0.03906462   -0.12945941 -0.03939548    0.06002321 -0.05894875
    2    2
  0.29037118  0.00000000    0.00613086 -0.00755899    0.00613086 -0.00755899
  0.00613086  0.00755899    0.23966638  0.00000000    0.00563490  0.00000000
  0.00613086  0.00755899    0.00563490  0.00000000    0.23966638  0.00000000

     Dynamical  Matrix in cartesian axes

     q = (    0.750000000   0.750000000  -0.250000000 ) 

    1    1
  0.23966638  0.00000000    0.00563490  0.00000000   -0.00613086  0.00755899
  0.00563490  0.00000000    0.23966638  0.00000000   -0.00613086  0.00755899
 -0.00613086 -0.00755899   -0.00613086 -0.00755899    0.29037118  0.00000000
    1    2
 -0.05894875  0.06002321   -0.03939548 -0.12945941   -0.03906462  0.04136907
 -0.03939548 -0.12945941   -0.05894875  0.06002321   -0.03906462  0.04136907
 -0.03906462  0.04136907   -0.03906462  0.04136907   -0.05739801  0.07846161
    2    1
 -0.05894875 -0.06002321   -0.03939548  0.12945941   -0.03906462 -0.04136907
 -0.03939548  0.12945941   -0.05894875 -0.06002321   -0.03906462 -0.04136907
 -0.03906462 -0.04136907   -0.03906462 -0.04136907   -0.05739801 -0.07846161
    2    2
  0.23966638  0.00000000    0.00563490  0.00000000   -0.00613086 -0.00755899
  0.00563490  0.00000000    0.23966638  0.00000000   -0.00613086 -0.00755899
 -0.00613086  0.00755899   -0.00613086  0.00755899    0.29037118  0.00000000

     Dynamical  Matrix in cartesian axes

     q = (    0.750000000  -0.750000000   0.250000000 ) 

    1    1
  0.23966638  0.00000000   -0.00563490  0.00000000    0.00613086 -0.00755899
 -0.00563490  0.00000000    0.23966638  0.00000000   -0.00613086  0.00755899
  0.00613086  0.00755899   -0.00613086 -0.00755899    0.29037118  0.00000000
    1    2
 -0.06002321 -0.05894875   -0.12945941  0.03939548    0.04136907  0.03906462
 -0.12945941  0.03939548   -0.06002321 -0.05894875   -0.04136907 -0.03906462
  0.04136907  0.03906462   -0.04136907 -0.03906462   -0.07846161 -0.05739801
    2    1
 -0.06002321  0.05894875   -0.12945941 -0.03939548    0.04136907 -0.03906462
 -0.12945941 -0.03939548   -0.06002321  0.05894875   -0.04136907  0.03906462
  0.04136907 -0.03906462   -0.04136907  0.03906462   -0.07846161  0.05739801
    2    2
  0.23966638  0.00000000   -0.00563490  0.00000000    0.00613086  0.00755899
 -0.00563490  0.00000000    0.23966638  0.00000000   -0.00613086 -0.00755899
  0.00613086 -0.00755899   -0.00613086  0.00755899    0.29037118  0.00000000

     Dynamical  Matrix in cartesian axes

     q = (   -0.750000000  -0.750000000  -0.250000000 ) 

    1    1
  0.23966638  0.00000000    0.00563490  0.00000000    0.00613086 -0.00755899
  0.00563490  0.00000000    0.23966638  0.00000000    0.00613086 -0.00755899
  0.00613086  0.00755899    0.00613086  0.00755899    0.29037118  0.00000000
    1    2
  0.06002321  0.05894875   -0.12945941  0.03939548   -0.04136907 -0.03906462
 -0.12945941  0.03939548    0.06002321  0.05894875   -0.04136907 -0.03906462
 -0.04136907 -0.03906462   -0.04136907 -0.03906462    0.07846161  0.05739801
    2    1
  0.06002321 -0.05894875   -0.12945941 -0.03939548   -0.04136907  0.03906462
 -0.12945941 -0.03939548    0.06002321 -0.05894875   -0.04136907  0.03906462
 -0.04136907  0.03906462   -0.04136907  0.03906462    0.07846161 -0.05739801
    2    2
  0.23966638  0.00000000    0.00563490  0.00000000    0.00613086  0.00755899
  0.00563490  0.00000000    0.23966638  0.00000000    0.00613086  0.00755899
  0.00613086 -0.00755899    0.00613086 -0.00755899    0.29037118  0.00000000

     Dynamical  Matrix in cartesian axes

     q = (    0.250000000  -0.750000000   0.750000000 ) 

    1    1
  0.29037118  0.00000000   -0.00613086 -0.00755899    0.00613086  0.00755899
 -0.00613086  0.00755899    0.23966638  0.00000000   -0.00563490  0.00000000
  0.00613086 -0.00755899   -0.00563490  0.00000000    0.23966638  0.00000000
    1    2
 -0.07846161 -0.05739801   -0.04136907 -0.03906462    0.04136907  0.03906462
 -0.04136907 -0.03906462   -0.06002321 -0.05894875   -0.12945941  0.03939548
  0.04136907  0.03906462   -0.12945941  0.03939548   -0.06002321 -0.05894875
    2    1
 -0.07846161  0.05739801   -0.04136907  0.03906462    0.04136907 -0.03906462
 -0.04136907  0.03906462   -0.06002321  0.05894875   -0.12945941 -0.03939548
  0.04136907 -0.03906462   -0.12945941 -0.03939548   -0.06002321  0.05894875
    2    2
  0.29037118  0.00000000   -0.00613086  0.00755899    0.00613086 -0.00755899
 -0.00613086 -0.00755899    0.23966638  0.00000000   -0.00563490  0.00000000
  0.00613086  0.00755899   -0.00563490  0.00000000    0.23966638  0.00000000

     Dynamical  Matrix in cartesian axes

     q = (   -0.750000000  -0.750000000   0.250000000 ) 

    1    1
  0.23966638  0.00000000    0.00563490  0.00000000   -0.00613086 -0.00755899
  0.00563490  0.00000000    0.23966638  0.00000000   -0.00613086 -0.00755899
 -0.00613086  0.00755899   -0.00613086  0.00755899    0.29037118  0.00000000
    1    2
 -0.05894875 -0.06002321   -0.03939548  0.12945941   -0.03906462 -0.04136907
 -0.03939548  0.12945941   -0.05894875 -0.06002321   -0.03906462 -0.04136907
 -0.03906462 -0.04136907   -0.03906462 -0.04136907   -0.05739801 -0.07846161
    2    1
 -0.05894875  0.06002321   -0.03939548 -0.12945941   -0.03906462  0.04136907
 -0.03939548 -0.12945941   -0.05894875  0.06002321   -0.03906462  0.04136907
 -0.03906462  0.04136907   -0.03906462  0.04136907   -0.05739801  0.07846161
    2    2
  0.23966638  0.00000000    0.00563490  0.00000000   -0.00613086  0.00755899
  0.00563490  0.00000000    0.23966638  0.00000000   -0.00613086  0.00755899
 -0.00613086 -0.00755899   -0.00613086 -0.00755899    0.29037118  0.00000000

     Dynamical  Matrix in cartesian axes

     q = (    0.250000000   0.750000000   0.750000000 ) 

    1    1
  0.29037118  0.00000000    0.00613086 -0.00755899    0.00613086 -0.00755899
  0.00613086  0.00755899    0.23966638  0.00000000    0.00563490  0.00000000
  0.00613086  0.00755899    0.00563490  0.00000000    0.23966638  0.00000000
    1    2
  0.07846161 -0.05739801   -0.04136907  0.03906462   -0.04136907  0.03906462
 -0.04136907  0.03906462    0.06002321 -0.05894875   -0.12945941 -0.03939548
 -0.04136907  0.03906462   -0.12945941 -0.03939548    0.06002321 -0.05894875
    2    1
  0.07846161  0.05739801   -0.04136907 -0.03906462   -0.04136907 -0.03906462
 -0.04136907 -0.03906462    0.06002321  0.05894875   -0.12945941  0.03939548
 -0.04136907 -0.03906462   -0.12945941  0.03939548    0.06002321  0.05894875
    2    2
  0.29037118  0.00000000    0.00613086  0.00755899    0.00613086  0.00755899
  0.00613086 -0.00755899    0.23966638  0.00000000    0.00563490  0.00000000
  0.00613086 -0.00755899    0.00563490  0.00000000    0.23966638  0.00000000

     Dynamical  Matrix in cartesian axes

     q = (   -0.250000000  -0.750000000   0.750000000 ) 

    1    1
  0.29037118  0.00000000    0.00613086 -0.00755899   -0.00613086  0.00755899
  0.00613086  0.00755899    0.23966638  0.00000000   -0.00563490  0.00000000
 -0.00613086 -0.00755899   -0.00563490  0.00000000    0.23966638  0.00000000
    1    2
 -0.07846161  0.05739801    0.04136907 -0.03906462   -0.04136907  0.03906462
  0.04136907 -0.03906462   -0.06002321  0.05894875   -0.12945941 -0.03939548
 -0.04136907  0.03906462   -0.12945941 -0.03939548   -0.06002321  0.05894875
    2    1
 -0.07846161 -0.05739801    0.04136907  0.03906462   -0.04136907 -0.03906462
  0.04136907  0.03906462   -0.06002321 -0.05894875   -0.12945941  0.03939548
 -0.04136907 -0.03906462   -0.12945941  0.03939548   -0.06002321 -0.05894875
    2    2
  0.29037118  0.00000000    0.00613086  0.00755899   -0.00613086 -0.00755899
  0.00613086 -0.00755899    0.23966638  0.00000000   -0.00563490  0.00000000
 -0.00613086  0.00755899   -0.00563490  0.00000000    0.23966638  0.00000000

     Dynamical  Matrix in cartesian axes

     q = (    0.750000000   0.750000000   0.250000000 ) 

    1    1
  0.23966638  0.00000000    0.00563490  0.00000000    0.00613086  0.00755899
  0.00563490  0.00000000    0.23966638  0.00000000    0.00613086  0.00755899
  0.00613086 -0.00755899    0.00613086 -0.00755899    0.29037118  0.00000000
    1    2
  0.06002321 -0.05894875   -0.12945941 -0.03939548   -0.04136907  0.03906462
 -0.12945941 -0.03939548    0.06002321 -0.05894875   -0.04136907  0.03906462
 -0.04136907  0.03906462   -0.04136907  0.03906462    0.07846161 -0.05739801
    2    1
  0.06002321  0.05894875   -0.12945941  0.03939548   -0.04136907 -0.03906462
 -0.12945941  0.03939548    0.06002321  0.05894875   -0.04136907 -0.03906462
 -0.04136907 -0.03906462   -0.04136907 -0.03906462    0.07846161  0.05739801
    2    2
  0.23966638  0.00000000    0.00563490  0.00000000    0.00613086 -0.00755899
  0.00563490  0.00000000    0.23966638  0.00000000    0.00613086 -0.00755899
  0.00613086  0.00755899    0.00613086  0.00755899    0.29037118  0.00000000

     Dynamical  Matrix in cartesian axes

     q = (    0.250000000  -0.750000000  -0.750000000 ) 

    1    1
  0.29037118  0.00000000   -0.00613086  0.00755899   -0.00613086  0.00755899
 -0.00613086 -0.00755899    0.23966638  0.00000000    0.00563490  0.00000000
 -0.00613086 -0.00755899    0.00563490  0.00000000    0.23966638  0.00000000
    1    2
 -0.05739801 -0.07846161   -0.03906462 -0.04136907   -0.03906462 -0.04136907
 -0.03906462 -0.04136907   -0.05894875 -0.06002321   -0.03939548  0.12945941
 -0.03906462 -0.04136907   -0.03939548  0.12945941   -0.05894875 -0.06002321
    2    1
 -0.05739801  0.07846161   -0.03906462  0.04136907   -0.03906462  0.04136907
 -0.03906462  0.04136907   -0.05894875  0.06002321   -0.03939548 -0.12945941
 -0.03906462  0.04136907   -0.03939548 -0.12945941   -0.05894875  0.06002321
    2    2
  0.29037118  0.00000000   -0.00613086 -0.00755899   -0.00613086 -0.00755899
 -0.00613086  0.00755899    0.23966638  0.00000000    0.00563490  0.00000000
 -0.00613086  0.00755899    0.00563490  0.00000000    0.23966638  0.00000000

     Dynamical  Matrix in cartesian axes

     q = (    0.750000000  -0.750000000  -0.250000000 ) 

    1    1
  0.23966638  0.00000000   -0.00563490  0.00000000   -0.00613086 -0.00755899
 -0.00563490  0.00000000    0.23966638  0.00000000    0.00613086  0.00755899
 -0.00613086  0.00755899    0.00613086 -0.00755899    0.29037118  0.00000000
    1    2
 -0.06002321  0.05894875   -0.12945941 -0.03939548   -0.04136907  0.03906462
 -0.12945941 -0.03939548   -0.06002321  0.05894875    0.04136907 -0.03906462
 -0.04136907  0.03906462    0.04136907 -0.03906462   -0.07846161  0.05739801
    2    1
 -0.06002321 -0.05894875   -0.12945941  0.03939548   -0.04136907 -0.03906462
 -0.12945941  0.03939548   -0.06002321 -0.05894875    0.04136907  0.03906462
 -0.04136907 -0.03906462    0.04136907  0.03906462   -0.07846161 -0.05739801
    2    2
  0.23966638  0.00000000   -0.00563490  0.00000000   -0.00613086  0.00755899
 -0.00563490  0.00000000    0.23966638  0.00000000    0.00613086 -0.00755899
 -0.00613086 -0.00755899    0.00613086  0.00755899    0.29037118  0.00000000

     Diagonalizing the dynamical matrix

     q = (    0.750000000  -0.250000000   0.750000000 ) 

 **************************************************************************
     freq (    1) =       4.290644 [THz] =     143.120481 [cm-1]
 ( -0.051324  0.497359  0.000000  0.000000  0.051324 -0.497359 ) 
 ( -0.500000  0.000000  0.000000  0.000000  0.500000  0.000000 ) 
     freq (    2) =       5.895188 [THz] =     196.642289 [cm-1]
 ( -0.392478 -0.156136 -0.345292  0.154720 -0.392478 -0.156136 ) 
 ( -0.422395  0.000000 -0.263645 -0.271397 -0.422395  0.000000 ) 
     freq (    3) =       9.265884 [THz] =     309.076607 [cm-1]
 ( -0.106518  0.293430 -0.390060 -0.391098 -0.106518  0.293430 ) 
 (  0.312166  0.000000 -0.234528 -0.500101  0.312166  0.000000 ) 
     freq (    4) =      11.914051 [THz] =     397.409971 [cm-1]
 ( -0.095183 -0.319550  0.405049  0.337033 -0.095183 -0.319550 ) 
 (  0.333425  0.000000 -0.438637 -0.291981  0.333425  0.000000 ) 
     freq (    5) =      13.397207 [THz] =     446.882728 [cm-1]
 ( -0.051324  0.497359  0.000000 -0.000000  0.051324 -0.497359 ) 
 (  0.500000  0.000000 -0.000000 -0.000000 -0.500000  0.000000 ) 
     freq (    6) =      13.798734 [THz] =     460.276229 [cm-1]
 (  0.299890  0.151752  0.473489 -0.223343  0.299890  0.151752 ) 
 ( -0.336100 -0.000000 -0.321637 -0.413066 -0.336100  0.000000 ) 
 **************************************************************************
