Dynamical matrix file
                                                                           
  1    2  2 10.3370000  0.0000000  0.0000000  0.0000000  0.0000000  0.0000000
           1  'Si  '    25598.822984527003     
    1    1      0.0000000000      0.0000000000      0.0000000000
    2    1      0.2500000000      0.2500000000      0.2500000000

     Dynamical  Matrix in cartesian axes

     q = (   -0.250000000   0.250000000  -0.250000000 ) 

    1    1
  0.26905390  0.00000000   -0.01091707  0.00000000    0.01091707  0.00000000
 -0.01091707  0.00000000    0.26905390  0.00000000   -0.01091707  0.00000000
  0.01091707  0.00000000   -0.01091707  0.00000000    0.26905390  0.00000000
    1    2
 -0.19350060 -0.05559968   -0.03664870  0.03737599    0.03664870 -0.03737599
 -0.03664870  0.03737599   -0.19350060 -0.05559968   -0.03664870  0.03737599
  0.03664870 -0.03737599   -0.03664870  0.03737599   -0.19350060 -0.05559968
    2    1
 -0.19350060  0.05559968   -0.03664870 -0.03737599    0.03664870  0.03737599
 -0.03664870 -0.03737599   -0.19350060  0.05559968   -0.03664870 -0.03737599
  0.03664870  0.03737599   -0.03664870 -0.03737599   -0.19350060  0.05559968
    2    2
  0.26905390  0.00000000   -0.01091707  0.00000000    0.01091707  0.00000000
 -0.01091707  0.00000000    0.26905390  0.00000000   -0.01091707  0.00000000
  0.01091707  0.00000000   -0.01091707  0.00000000    0.26905390  0.00000000

     Dynamical  Matrix in cartesian axes

     q = (    0.250000000  -0.250000000  -0.250000000 ) 

    1    1
  0.26905390  0.00000000   -0.01091707  0.00000000   -0.01091707  0.00000000
 -0.01091707  0.00000000    0.26905390  0.00000000    0.01091707  0.00000000
 -0.01091707  0.00000000    0.01091707  0.00000000    0.26905390  0.00000000
    1    2
 -0.19350060 -0.05559968   -0.03664870  0.03737599   -0.03664870  0.03737599
 -0.03664870  0.03737599   -0.19350060 -0.05559968    0.03664870 -0.03737599
 -0.03664870  0.03737599    0.03664870 -0.03737599   -0.19350060 -0.05559968
    2    1
 -0.19350060  0.05559968   -0.03664870 -0.03737599   -0.03664870 -0.03737599
 -0.03664870 -0.03737599   -0.19350060  0.05559968    0.03664870  0.03737599
 -0.03664870 -0.03737599    0.03664870  0.03737599   -0.19350060  0.05559968
    2    2
  0.26905390  0.00000000   -0.01091707  0.00000000   -0.01091707  0.00000000
 -0.01091707  0.00000000    0.26905390  0.00000000    0.01091707  0.00000000
 -0.01091707  0.00000000    0.01091707  0.00000000    0.26905390  0.00000000

     Dynamical  Matrix in cartesian axes

     q = (    0.250000000  -0.250000000   0.250000000 ) 

    1    1
  0.26905390  0.00000000   -0.01091707  0.00000000    0.01091707  0.00000000
 -0.01091707  0.00000000    0.26905390  0.00000000   -0.01091707  0.00000000
  0.01091707  0.00000000   -0.01091707  0.00000000    0.26905390  0.00000000
    1    2
 -0.19350060  0.05559968   -0.03664870 -0.03737599    0.03664870  0.03737599
 -0.03664870 -0.03737599   -0.19350060  0.05559968   -0.03664870 -0.03737599
  0.03664870  0.03737599   -0.03664870 -0.03737599   -0.19350060  0.05559968
    2    1
 -0.19350060 -0.05559968   -0.03664870  0.03737599    0.03664870 -0.03737599
 -0.03664870  0.03737599   -0.19350060 -0.05559968   -0.03664870  0.03737599
  0.03664870 -0.03737599   -0.03664870  0.03737599   -0.19350060 -0.05559968
    2    2
  0.26905390  0.00000000   -0.01091707  0.00000000    0.01091707  0.00000000
 -0.01091707  0.00000000    0.26905390  0.00000000   -0.01091707  0.00000000
  0.01091707  0.00000000   -0.01091707  0.00000000    0.26905390  0.00000000

     Dynamical  Matrix in cartesian axes

     q = (    0.250000000   0.250000000   0.250000000 ) 

    1    1
  0.26905390  0.00000000    0.01091707  0.00000000    0.01091707  0.00000000
  0.01091707  0.00000000    0.26905390  0.00000000    0.01091707  0.00000000
  0.01091707  0.00000000    0.01091707  0.00000000    0.26905390  0.00000000
    1    2
 -0.05559968  0.19350060   -0.03737599 -0.03664870   -0.03737599 -0.03664870
 -0.03737599 -0.03664870   -0.05559968  0.19350060   -0.03737599 -0.03664870
 -0.03737599 -0.03664870   -0.03737599 -0.03664870   -0.05559968  0.19350060
    2    1
 -0.05559968 -0.19350060   -0.03737599  0.03664870   -0.03737599  0.03664870
 -0.03737599  0.03664870   -0.05559968 -0.19350060   -0.03737599  0.03664870
 -0.03737599  0.03664870   -0.03737599  0.03664870   -0.05559968 -0.19350060
    2    2
  0.26905390  0.00000000    0.01091707  0.00000000    0.01091707  0.00000000
  0.01091707  0.00000000    0.26905390  0.00000000    0.01091707  0.00000000
  0.01091707  0.00000000    0.01091707  0.00000000    0.26905390  0.00000000

     Dynamical  Matrix in cartesian axes

     q = (   -0.250000000  -0.250000000  -0.250000000 ) 

    1    1
  0.26905390  0.00000000    0.01091707  0.00000000    0.01091707  0.00000000
  0.01091707  0.00000000    0.26905390  0.00000000    0.01091707  0.00000000
  0.01091707  0.00000000    0.01091707  0.00000000    0.26905390  0.00000000
    1    2
 -0.05559968 -0.19350060   -0.03737599  0.03664870   -0.03737599  0.03664870
 -0.03737599  0.03664870   -0.05559968 -0.19350060   -0.03737599  0.03664870
 -0.03737599  0.03664870   -0.03737599  0.03664870   -0.05559968 -0.19350060
    2    1
 -0.05559968  0.19350060   -0.03737599 -0.03664870   -0.03737599 -0.03664870
 -0.03737599 -0.03664870   -0.05559968  0.19350060   -0.03737599 -0.03664870
 -0.03737599 -0.03664870   -0.03737599 -0.03664870   -0.05559968  0.19350060
    2    2
  0.26905390  0.00000000    0.01091707  0.00000000    0.01091707  0.00000000
  0.01091707  0.00000000    0.26905390  0.00000000    0.01091707  0.00000000
  0.01091707  0.00000000    0.01091707  0.00000000    0.26905390  0.00000000

     Dynamical  Matrix in cartesian axes

     q = (   -0.250000000  -0.250000000   0.250000000 ) 

    1    1
  0.26905390  0.00000000    0.01091707  0.00000000   -0.01091707  0.00000000
  0.01091707  0.00000000    0.26905390  0.00000000   -0.01091707  0.00000000
 -0.01091707  0.00000000   -0.01091707  0.00000000    0.26905390  0.00000000
    1    2
 -0.19350060 -0.05559968    0.03664870 -0.03737599   -0.03664870  0.03737599
  0.03664870 -0.03737599   -0.19350060 -0.05559968   -0.03664870  0.03737599
 -0.03664870  0.03737599   -0.03664870  0.03737599   -0.19350060 -0.05559968
    2    1
 -0.19350060  0.05559968    0.03664870  0.03737599   -0.03664870 -0.03737599
  0.03664870  0.03737599   -0.19350060  0.05559968   -0.03664870 -0.03737599
 -0.03664870 -0.03737599   -0.03664870 -0.03737599   -0.19350060  0.05559968
    2    2
  0.26905390  0.00000000    0.01091707  0.00000000   -0.01091707  0.00000000
  0.01091707  0.00000000    0.26905390  0.00000000   -0.01091707  0.00000000
 -0.01091707  0.00000000   -0.01091707  0.00000000    0.26905390  0.00000000

     Dynamical  Matrix in cartesian axes

     q = (   -0.250000000   0.250000000   0.250000000 ) 

    1    1
  0.26905390  0.00000000   -0.01091707  0.00000000   -0.01091707  0.00000000
 -0.01091707  0.00000000    0.26905390  0.00000000    0.01091707  0.00000000
 -0.01091707  0.00000000    0.01091707  0.00000000    0.26905390  0.00000000
    1    2
 -0.19350060  0.05559968   -0.03664870 -0.03737599   -0.03664870 -0.03737599
 -0.03664870 -0.03737599   -0.19350060  0.05559968    0.03664870  0.03737599
 -0.03664870 -0.03737599    0.03664870  0.03737599   -0.19350060  0.05559968
    2    1
 -0.19350060 -0.05559968   -0.03664870  0.03737599   -0.03664870  0.03737599
 -0.03664870  0.03737599   -0.19350060 -0.05559968    0.03664870 -0.03737599
 -0.03664870  0.03737599    0.03664870 -0.03737599   -0.19350060 -0.05559968
    2    2
  0.26905390  0.00000000   -0.01091707  0.00000000   -0.01091707  0.00000000
 -0.01091707  0.00000000    0.26905390  0.00000000    0.01091707  0.00000000
 -0.01091707  0.00000000    0.01091707  0.00000000    0.26905390  0.00000000

     Dynamical  Matrix in cartesian axes

     q = (    0.250000000   0.250000000  -0.250000000 ) 

    1    1
  0.26905390  0.00000000    0.01091707  0.00000000   -0.01091707  0.00000000
  0.01091707  0.00000000    0.26905390  0.00000000   -0.01091707  0.00000000
 -0.01091707  0.00000000   -0.01091707  0.00000000    0.26905390  0.00000000
    1    2
 -0.19350060  0.05559968    0.03664870  0.03737599   -0.03664870 -0.03737599
  0.03664870  0.03737599   -0.19350060  0.05559968   -0.03664870 -0.03737599
 -0.03664870 -0.03737599   -0.03664870 -0.03737599   -0.19350060  0.05559968
    2    1
 -0.19350060 -0.05559968    0.03664870 -0.03737599   -0.03664870  0.03737599
  0.03664870 -0.03737599   -0.19350060 -0.05559968   -0.03664870  0.03737599
 -0.03664870  0.03737599   -0.03664870  0.03737599   -0.19350060 -0.05559968
    2    2
  0.26905390  0.00000000    0.01091707  0.00000000   -0.01091707  0.00000000
  0.01091707  0.00000000    0.26905390  0.00000000   -0.01091707  0.00000000
 -0.01091707  0.00000000   -0.01091707  0.00000000    0.26905390  0.00000000

     Diagonalizing the dynamical matrix

     q = (   -0.250000000   0.250000000  -0.250000000 ) 

 **************************************************************************
     freq (    1) =       3.395354 [THz] =     113.256814 [cm-1]
 ( -0.252741 -0.390412 -0.342785 -0.397542 -0.090044 -0.007130 ) 
 ( -0.282770 -0.369244 -0.373095 -0.369244 -0.090326  0.000000 ) 
     freq (    2) =       3.395354 [THz] =     113.256814 [cm-1]
 (  0.331396  0.084912 -0.237065  0.039900 -0.568462 -0.045012 ) 
 (  0.337065  0.058488 -0.233176  0.058488 -0.570241  0.000000 ) 
     freq (    3) =       6.929533 [THz] =     231.144336 [cm-1]
 ( -0.276756 -0.300122  0.276756  0.300122 -0.276756 -0.300122 ) 
 ( -0.408248  0.000000  0.408248 -0.000000 -0.408248  0.000000 ) 
     freq (    4) =      14.069603 [THz] =     469.311429 [cm-1]
 (  0.276756  0.300122 -0.276756 -0.300122  0.276756  0.300122 ) 
 ( -0.408248 -0.000000  0.408248 -0.000000 -0.408248  0.000000 ) 
     freq (    5) =      14.378790 [THz] =     479.624818 [cm-1]
 (  0.355511 -0.028917  0.570916 -0.011861  0.215404  0.017056 ) 
 ( -0.352119  0.056889 -0.568198  0.056889 -0.216079  0.000000 ) 
     freq (    6) =      14.378790 [THz] =     479.624818 [cm-1]
 (  0.453809  0.012902 -0.079912 -0.029359 -0.533720 -0.042261 ) 
 ( -0.453411  0.022960  0.081980  0.022960  0.535391  0.000000 ) 
 **************************************************************************
