Dynamical matrix file
                                                                           
  1    2  2 10.3370000  0.0000000  0.0000000  0.0000000  0.0000000  0.0000000
           1  'Si  '    25598.822984527003     
    1    1      0.0000000000      0.0000000000      0.0000000000
    2    1      0.2500000000      0.2500000000      0.2500000000

     Dynamical  Matrix in cartesian axes

     q = (    0.750000000  -0.250000000   0.750000000 ) 

    1    1
  0.23257557 -0.00000000   -0.00486902  0.00742994    0.00212299 -0.00000000
 -0.00486902 -0.00742994    0.28810737  0.00000000   -0.00486902 -0.00742994
  0.00212299 -0.00000000   -0.00486902  0.00742994    0.23257557 -0.00000000
    1    2
 -0.06348298  0.05475221   -0.03627885  0.04050477   -0.04142368 -0.13157241
 -0.03627885  0.04050477   -0.06220973  0.07363761   -0.03627885  0.04050477
 -0.04142368 -0.13157241   -0.03627885  0.04050477   -0.06348298  0.05475221
    2    1
 -0.06348298 -0.05475221   -0.03627885 -0.04050477   -0.04142368  0.13157241
 -0.03627885 -0.04050477   -0.06220973 -0.07363761   -0.03627885 -0.04050477
 -0.04142368  0.13157241   -0.03627885 -0.04050477   -0.06348298 -0.05475221
    2    2
  0.23257557  0.00000000   -0.00486902 -0.00742994    0.00212299  0.00000000
 -0.00486902  0.00742994    0.28810737 -0.00000000   -0.00486902  0.00742994
  0.00212299  0.00000000   -0.00486902 -0.00742994    0.23257557  0.00000000

     Dynamical  Matrix in cartesian axes

     q = (    0.750000000  -0.250000000  -0.750000000 ) 

    1    1
  0.23257557  0.00000000   -0.00486902 -0.00742994   -0.00212299 -0.00000000
 -0.00486902  0.00742994    0.28810737 -0.00000000    0.00486902 -0.00742994
 -0.00212299 -0.00000000    0.00486902  0.00742994    0.23257557  0.00000000
    1    2
 -0.05475221  0.06348298   -0.04050477  0.03627885   -0.13157241 -0.04142368
 -0.04050477  0.03627885   -0.07363761  0.06220973    0.04050477 -0.03627885
 -0.13157241 -0.04142368    0.04050477 -0.03627885   -0.05475221  0.06348298
    2    1
 -0.05475221 -0.06348298   -0.04050477 -0.03627885   -0.13157241  0.04142368
 -0.04050477 -0.03627885   -0.07363761 -0.06220973    0.04050477  0.03627885
 -0.13157241  0.04142368    0.04050477  0.03627885   -0.05475221 -0.06348298
    2    2
  0.23257557 -0.00000000   -0.00486902  0.00742994   -0.00212299  0.00000000
 -0.00486902 -0.00742994    0.28810737  0.00000000    0.00486902  0.00742994
 -0.00212299  0.00000000    0.00486902 -0.00742994    0.23257557 -0.00000000

     Dynamical  Matrix in cartesian axes

     q = (   -0.750000000  -0.250000000  -0.750000000 ) 

    1    1
  0.23257557 -0.00000000    0.00486902 -0.00742994    0.00212299 -0.00000000
  0.00486902  0.00742994    0.28810737  0.00000000    0.00486902  0.00742994
  0.00212299 -0.00000000    0.00486902 -0.00742994    0.23257557 -0.00000000
    1    2
  0.05475221  0.06348298   -0.04050477 -0.03627885   -0.13157241  0.04142368
 -0.04050477 -0.03627885    0.07363761  0.06220973   -0.04050477 -0.03627885
 -0.13157241  0.04142368   -0.04050477 -0.03627885    0.05475221  0.06348298
    2    1
  0.05475221 -0.06348298   -0.04050477  0.03627885   -0.13157241 -0.04142368
 -0.04050477  0.03627885    0.07363761 -0.06220973   -0.04050477  0.03627885
 -0.13157241 -0.04142368   -0.04050477  0.03627885    0.05475221 -0.06348298
    2    2
  0.23257557  0.00000000    0.00486902  0.00742994    0.00212299  0.00000000
  0.00486902 -0.00742994    0.28810737 -0.00000000    0.00486902 -0.00742994
  0.00212299  0.00000000    0.00486902  0.00742994    0.23257557  0.00000000

     Dynamical  Matrix in cartesian axes

     q = (   -0.750000000  -0.250000000   0.750000000 ) 

    1    1
  0.23257557  0.00000000    0.00486902  0.00742994   -0.00212299 -0.00000000
  0.00486902 -0.00742994    0.28810737 -0.00000000   -0.00486902  0.00742994
 -0.00212299 -0.00000000   -0.00486902 -0.00742994    0.23257557  0.00000000
    1    2
 -0.05475221  0.06348298    0.04050477 -0.03627885   -0.13157241 -0.04142368
  0.04050477 -0.03627885   -0.07363761  0.06220973   -0.04050477  0.03627885
 -0.13157241 -0.04142368   -0.04050477  0.03627885   -0.05475221  0.06348298
    2    1
 -0.05475221 -0.06348298    0.04050477  0.03627885   -0.13157241  0.04142368
  0.04050477  0.03627885   -0.07363761 -0.06220973   -0.04050477 -0.03627885
 -0.13157241  0.04142368   -0.04050477 -0.03627885   -0.05475221 -0.06348298
    2    2
  0.23257557 -0.00000000    0.00486902 -0.00742994   -0.00212299  0.00000000
  0.00486902  0.00742994    0.28810737  0.00000000   -0.00486902 -0.00742994
 -0.00212299  0.00000000   -0.00486902  0.00742994    0.23257557 -0.00000000

     Dynamical  Matrix in cartesian axes

     q = (   -0.750000000   0.250000000  -0.750000000 ) 

    1    1
  0.23257557  0.00000000   -0.00486902 -0.00742994    0.00212299  0.00000000
 -0.00486902  0.00742994    0.28810737 -0.00000000   -0.00486902  0.00742994
  0.00212299  0.00000000   -0.00486902 -0.00742994    0.23257557  0.00000000
    1    2
 -0.06348298 -0.05475221   -0.03627885 -0.04050477   -0.04142368  0.13157241
 -0.03627885 -0.04050477   -0.06220973 -0.07363761   -0.03627885 -0.04050477
 -0.04142368  0.13157241   -0.03627885 -0.04050477   -0.06348298 -0.05475221
    2    1
 -0.06348298  0.05475221   -0.03627885  0.04050477   -0.04142368 -0.13157241
 -0.03627885  0.04050477   -0.06220973  0.07363761   -0.03627885  0.04050477
 -0.04142368 -0.13157241   -0.03627885  0.04050477   -0.06348298  0.05475221
    2    2
  0.23257557 -0.00000000   -0.00486902  0.00742994    0.00212299 -0.00000000
 -0.00486902 -0.00742994    0.28810737  0.00000000   -0.00486902 -0.00742994
  0.00212299 -0.00000000   -0.00486902  0.00742994    0.23257557 -0.00000000

     Dynamical  Matrix in cartesian axes

     q = (   -0.250000000   0.750000000  -0.750000000 ) 

    1    1
  0.28810737 -0.00000000   -0.00486902  0.00742994    0.00486902 -0.00742994
 -0.00486902 -0.00742994    0.23257557  0.00000000   -0.00212299 -0.00000000
  0.00486902  0.00742994   -0.00212299 -0.00000000    0.23257557  0.00000000
    1    2
 -0.07363761  0.06220973   -0.04050477  0.03627885    0.04050477 -0.03627885
 -0.04050477  0.03627885   -0.05475221  0.06348298   -0.13157241 -0.04142368
  0.04050477 -0.03627885   -0.13157241 -0.04142368   -0.05475221  0.06348298
    2    1
 -0.07363761 -0.06220973   -0.04050477 -0.03627885    0.04050477  0.03627885
 -0.04050477 -0.03627885   -0.05475221 -0.06348298   -0.13157241  0.04142368
  0.04050477  0.03627885   -0.13157241  0.04142368   -0.05475221 -0.06348298
    2    2
  0.28810737  0.00000000   -0.00486902 -0.00742994    0.00486902  0.00742994
 -0.00486902  0.00742994    0.23257557 -0.00000000   -0.00212299  0.00000000
  0.00486902 -0.00742994   -0.00212299  0.00000000    0.23257557 -0.00000000

     Dynamical  Matrix in cartesian axes

     q = (   -0.750000000   0.750000000  -0.250000000 ) 

    1    1
  0.23257557  0.00000000   -0.00212299 -0.00000000    0.00486902  0.00742994
 -0.00212299 -0.00000000    0.23257557  0.00000000   -0.00486902 -0.00742994
  0.00486902 -0.00742994   -0.00486902  0.00742994    0.28810737 -0.00000000
    1    2
 -0.05475221  0.06348298   -0.13157241 -0.04142368    0.04050477 -0.03627885
 -0.13157241 -0.04142368   -0.05475221  0.06348298   -0.04050477  0.03627885
  0.04050477 -0.03627885   -0.04050477  0.03627885   -0.07363761  0.06220973
    2    1
 -0.05475221 -0.06348298   -0.13157241  0.04142368    0.04050477  0.03627885
 -0.13157241  0.04142368   -0.05475221 -0.06348298   -0.04050477 -0.03627885
  0.04050477  0.03627885   -0.04050477 -0.03627885   -0.07363761 -0.06220973
    2    2
  0.23257557 -0.00000000   -0.00212299  0.00000000    0.00486902 -0.00742994
 -0.00212299  0.00000000    0.23257557 -0.00000000   -0.00486902  0.00742994
  0.00486902  0.00742994   -0.00486902 -0.00742994    0.28810737  0.00000000

     Dynamical  Matrix in cartesian axes

     q = (    0.750000000   0.250000000   0.750000000 ) 

    1    1
  0.23257557  0.00000000    0.00486902  0.00742994    0.00212299  0.00000000
  0.00486902 -0.00742994    0.28810737 -0.00000000    0.00486902 -0.00742994
  0.00212299  0.00000000    0.00486902  0.00742994    0.23257557  0.00000000
    1    2
  0.05475221 -0.06348298   -0.04050477  0.03627885   -0.13157241 -0.04142368
 -0.04050477  0.03627885    0.07363761 -0.06220973   -0.04050477  0.03627885
 -0.13157241 -0.04142368   -0.04050477  0.03627885    0.05475221 -0.06348298
    2    1
  0.05475221  0.06348298   -0.04050477 -0.03627885   -0.13157241  0.04142368
 -0.04050477 -0.03627885    0.07363761  0.06220973   -0.04050477 -0.03627885
 -0.13157241  0.04142368   -0.04050477 -0.03627885    0.05475221  0.06348298
    2    2
  0.23257557 -0.00000000    0.00486902 -0.00742994    0.00212299 -0.00000000
  0.00486902  0.00742994    0.28810737  0.00000000    0.00486902  0.00742994
  0.00212299 -0.00000000    0.00486902 -0.00742994    0.23257557 -0.00000000

     Dynamical  Matrix in cartesian axes

     q = (   -0.750000000   0.250000000   0.750000000 ) 

    1    1
  0.23257557 -0.00000000   -0.00486902  0.00742994   -0.00212299  0.00000000
 -0.00486902 -0.00742994    0.28810737  0.00000000    0.00486902  0.00742994
 -0.00212299  0.00000000    0.00486902 -0.00742994    0.23257557 -0.00000000
    1    2
 -0.05475221 -0.06348298   -0.04050477 -0.03627885   -0.13157241  0.04142368
 -0.04050477 -0.03627885   -0.07363761 -0.06220973    0.04050477  0.03627885
 -0.13157241  0.04142368    0.04050477  0.03627885   -0.05475221 -0.06348298
    2    1
 -0.05475221  0.06348298   -0.04050477  0.03627885   -0.13157241 -0.04142368
 -0.04050477  0.03627885   -0.07363761  0.06220973    0.04050477 -0.03627885
 -0.13157241 -0.04142368    0.04050477 -0.03627885   -0.05475221  0.06348298
    2    2
  0.23257557  0.00000000   -0.00486902 -0.00742994   -0.00212299 -0.00000000
 -0.00486902  0.00742994    0.28810737 -0.00000000    0.00486902 -0.00742994
 -0.00212299 -0.00000000    0.00486902  0.00742994    0.23257557  0.00000000

     Dynamical  Matrix in cartesian axes

     q = (    0.750000000   0.250000000  -0.750000000 ) 

    1    1
  0.23257557 -0.00000000    0.00486902 -0.00742994   -0.00212299  0.00000000
  0.00486902  0.00742994    0.28810737  0.00000000   -0.00486902 -0.00742994
 -0.00212299  0.00000000   -0.00486902  0.00742994    0.23257557 -0.00000000
    1    2
 -0.05475221 -0.06348298    0.04050477  0.03627885   -0.13157241  0.04142368
  0.04050477  0.03627885   -0.07363761 -0.06220973   -0.04050477 -0.03627885
 -0.13157241  0.04142368   -0.04050477 -0.03627885   -0.05475221 -0.06348298
    2    1
 -0.05475221  0.06348298    0.04050477 -0.03627885   -0.13157241 -0.04142368
  0.04050477 -0.03627885   -0.07363761  0.06220973   -0.04050477  0.03627885
 -0.13157241 -0.04142368   -0.04050477  0.03627885   -0.05475221  0.06348298
    2    2
  0.23257557  0.00000000    0.00486902  0.00742994   -0.00212299 -0.00000000
  0.00486902 -0.00742994    0.28810737 -0.00000000   -0.00486902  0.00742994
 -0.00212299 -0.00000000   -0.00486902 -0.00742994    0.23257557  0.00000000

     Dynamical  Matrix in cartesian axes

     q = (   -0.750000000   0.750000000   0.250000000 ) 

    1    1
  0.23257557 -0.00000000   -0.00212299  0.00000000   -0.00486902  0.00742994
 -0.00212299  0.00000000    0.23257557 -0.00000000    0.00486902 -0.00742994
 -0.00486902 -0.00742994    0.00486902  0.00742994    0.28810737  0.00000000
    1    2
 -0.05475221 -0.06348298   -0.13157241  0.04142368   -0.04050477 -0.03627885
 -0.13157241  0.04142368   -0.05475221 -0.06348298    0.04050477  0.03627885
 -0.04050477 -0.03627885    0.04050477  0.03627885   -0.07363761 -0.06220973
    2    1
 -0.05475221  0.06348298   -0.13157241 -0.04142368   -0.04050477  0.03627885
 -0.13157241 -0.04142368   -0.05475221  0.06348298    0.04050477 -0.03627885
 -0.04050477  0.03627885    0.04050477 -0.03627885   -0.07363761  0.06220973
    2    2
  0.23257557  0.00000000   -0.00212299 -0.00000000   -0.00486902 -0.00742994
 -0.00212299 -0.00000000    0.23257557  0.00000000    0.00486902  0.00742994
 -0.00486902  0.00742994    0.00486902 -0.00742994    0.28810737 -0.00000000

     Dynamical  Matrix in cartesian axes

     q = (   -0.250000000   0.750000000   0.750000000 ) 

    1    1
  0.28810737  0.00000000   -0.00486902 -0.00742994   -0.00486902 -0.00742994
 -0.00486902  0.00742994    0.23257557 -0.00000000    0.00212299 -0.00000000
 -0.00486902  0.00742994    0.00212299 -0.00000000    0.23257557 -0.00000000
    1    2
 -0.06220973  0.07363761   -0.03627885  0.04050477   -0.03627885  0.04050477
 -0.03627885  0.04050477   -0.06348298  0.05475221   -0.04142368 -0.13157241
 -0.03627885  0.04050477   -0.04142368 -0.13157241   -0.06348298  0.05475221
    2    1
 -0.06220973 -0.07363761   -0.03627885 -0.04050477   -0.03627885 -0.04050477
 -0.03627885 -0.04050477   -0.06348298 -0.05475221   -0.04142368  0.13157241
 -0.03627885 -0.04050477   -0.04142368  0.13157241   -0.06348298 -0.05475221
    2    2
  0.28810737 -0.00000000   -0.00486902  0.00742994   -0.00486902  0.00742994
 -0.00486902 -0.00742994    0.23257557  0.00000000    0.00212299  0.00000000
 -0.00486902 -0.00742994    0.00212299  0.00000000    0.23257557  0.00000000

     Dynamical  Matrix in cartesian axes

     q = (    0.250000000   0.750000000  -0.750000000 ) 

    1    1
  0.28810737  0.00000000    0.00486902  0.00742994   -0.00486902 -0.00742994
  0.00486902 -0.00742994    0.23257557 -0.00000000   -0.00212299  0.00000000
 -0.00486902  0.00742994   -0.00212299  0.00000000    0.23257557 -0.00000000
    1    2
 -0.07363761 -0.06220973    0.04050477  0.03627885   -0.04050477 -0.03627885
  0.04050477  0.03627885   -0.05475221 -0.06348298   -0.13157241  0.04142368
 -0.04050477 -0.03627885   -0.13157241  0.04142368   -0.05475221 -0.06348298
    2    1
 -0.07363761  0.06220973    0.04050477 -0.03627885   -0.04050477  0.03627885
  0.04050477 -0.03627885   -0.05475221  0.06348298   -0.13157241 -0.04142368
 -0.04050477  0.03627885   -0.13157241 -0.04142368   -0.05475221  0.06348298
    2    2
  0.28810737 -0.00000000    0.00486902 -0.00742994   -0.00486902  0.00742994
  0.00486902  0.00742994    0.23257557  0.00000000   -0.00212299 -0.00000000
 -0.00486902 -0.00742994   -0.00212299 -0.00000000    0.23257557  0.00000000

     Dynamical  Matrix in cartesian axes

     q = (   -0.250000000  -0.750000000  -0.750000000 ) 

    1    1
  0.28810737  0.00000000    0.00486902  0.00742994    0.00486902  0.00742994
  0.00486902 -0.00742994    0.23257557 -0.00000000    0.00212299 -0.00000000
  0.00486902 -0.00742994    0.00212299 -0.00000000    0.23257557 -0.00000000
    1    2
  0.07363761  0.06220973   -0.04050477 -0.03627885   -0.04050477 -0.03627885
 -0.04050477 -0.03627885    0.05475221  0.06348298   -0.13157241  0.04142368
 -0.04050477 -0.03627885   -0.13157241  0.04142368    0.05475221  0.06348298
    2    1
  0.07363761 -0.06220973   -0.04050477  0.03627885   -0.04050477  0.03627885
 -0.04050477  0.03627885    0.05475221 -0.06348298   -0.13157241 -0.04142368
 -0.04050477  0.03627885   -0.13157241 -0.04142368    0.05475221 -0.06348298
    2    2
  0.28810737 -0.00000000    0.00486902 -0.00742994    0.00486902 -0.00742994
  0.00486902  0.00742994    0.23257557  0.00000000    0.00212299  0.00000000
  0.00486902  0.00742994    0.00212299  0.00000000    0.23257557  0.00000000

     Dynamical  Matrix in cartesian axes

     q = (    0.750000000   0.750000000  -0.250000000 ) 

    1    1
  0.23257557 -0.00000000    0.00212299 -0.00000000   -0.00486902  0.00742994
  0.00212299 -0.00000000    0.23257557 -0.00000000   -0.00486902  0.00742994
 -0.00486902 -0.00742994   -0.00486902 -0.00742994    0.28810737  0.00000000
    1    2
 -0.06348298  0.05475221   -0.04142368 -0.13157241   -0.03627885  0.04050477
 -0.04142368 -0.13157241   -0.06348298  0.05475221   -0.03627885  0.04050477
 -0.03627885  0.04050477   -0.03627885  0.04050477   -0.06220973  0.07363761
    2    1
 -0.06348298 -0.05475221   -0.04142368  0.13157241   -0.03627885 -0.04050477
 -0.04142368  0.13157241   -0.06348298 -0.05475221   -0.03627885 -0.04050477
 -0.03627885 -0.04050477   -0.03627885 -0.04050477   -0.06220973 -0.07363761
    2    2
  0.23257557  0.00000000    0.00212299  0.00000000   -0.00486902 -0.00742994
  0.00212299  0.00000000    0.23257557  0.00000000   -0.00486902 -0.00742994
 -0.00486902  0.00742994   -0.00486902  0.00742994    0.28810737 -0.00000000

     Dynamical  Matrix in cartesian axes

     q = (    0.750000000  -0.750000000   0.250000000 ) 

    1    1
  0.23257557 -0.00000000   -0.00212299  0.00000000    0.00486902 -0.00742994
 -0.00212299  0.00000000    0.23257557 -0.00000000   -0.00486902  0.00742994
  0.00486902  0.00742994   -0.00486902 -0.00742994    0.28810737  0.00000000
    1    2
 -0.05475221 -0.06348298   -0.13157241  0.04142368    0.04050477  0.03627885
 -0.13157241  0.04142368   -0.05475221 -0.06348298   -0.04050477 -0.03627885
  0.04050477  0.03627885   -0.04050477 -0.03627885   -0.07363761 -0.06220973
    2    1
 -0.05475221  0.06348298   -0.13157241 -0.04142368    0.04050477 -0.03627885
 -0.13157241 -0.04142368   -0.05475221  0.06348298   -0.04050477  0.03627885
  0.04050477 -0.03627885   -0.04050477  0.03627885   -0.07363761  0.06220973
    2    2
  0.23257557  0.00000000   -0.00212299 -0.00000000    0.00486902  0.00742994
 -0.00212299 -0.00000000    0.23257557  0.00000000   -0.00486902 -0.00742994
  0.00486902 -0.00742994   -0.00486902  0.00742994    0.28810737 -0.00000000

     Dynamical  Matrix in cartesian axes

     q = (   -0.750000000  -0.750000000  -0.250000000 ) 

    1    1
  0.23257557 -0.00000000    0.00212299 -0.00000000    0.00486902 -0.00742994
  0.00212299 -0.00000000    0.23257557 -0.00000000    0.00486902 -0.00742994
  0.00486902  0.00742994    0.00486902  0.00742994    0.28810737  0.00000000
    1    2
  0.05475221  0.06348298   -0.13157241  0.04142368   -0.04050477 -0.03627885
 -0.13157241  0.04142368    0.05475221  0.06348298   -0.04050477 -0.03627885
 -0.04050477 -0.03627885   -0.04050477 -0.03627885    0.07363761  0.06220973
    2    1
  0.05475221 -0.06348298   -0.13157241 -0.04142368   -0.04050477  0.03627885
 -0.13157241 -0.04142368    0.05475221 -0.06348298   -0.04050477  0.03627885
 -0.04050477  0.03627885   -0.04050477  0.03627885    0.07363761 -0.06220973
    2    2
  0.23257557  0.00000000    0.00212299  0.00000000    0.00486902  0.00742994
  0.00212299  0.00000000    0.23257557  0.00000000    0.00486902  0.00742994
  0.00486902 -0.00742994    0.00486902 -0.00742994    0.28810737 -0.00000000

     Dynamical  Matrix in cartesian axes

     q = (    0.250000000  -0.750000000   0.750000000 ) 

    1    1
  0.28810737  0.00000000   -0.00486902 -0.00742994    0.00486902  0.00742994
 -0.00486902  0.00742994    0.23257557 -0.00000000   -0.00212299  0.00000000
  0.00486902 -0.00742994   -0.00212299  0.00000000    0.23257557 -0.00000000
    1    2
 -0.07363761 -0.06220973   -0.04050477 -0.03627885    0.04050477  0.03627885
 -0.04050477 -0.03627885   -0.05475221 -0.06348298   -0.13157241  0.04142368
  0.04050477  0.03627885   -0.13157241  0.04142368   -0.05475221 -0.06348298
    2    1
 -0.07363761  0.06220973   -0.04050477  0.03627885    0.04050477 -0.03627885
 -0.04050477  0.03627885   -0.05475221  0.06348298   -0.13157241 -0.04142368
  0.04050477 -0.03627885   -0.13157241 -0.04142368   -0.05475221  0.06348298
    2    2
  0.28810737 -0.00000000   -0.00486902  0.00742994    0.00486902 -0.00742994
 -0.00486902 -0.00742994    0.23257557  0.00000000   -0.00212299 -0.00000000
  0.00486902  0.00742994   -0.00212299 -0.00000000    0.23257557  0.00000000

     Dynamical  Matrix in cartesian axes

     q = (   -0.750000000  -0.750000000   0.250000000 ) 

    1    1
  0.23257557  0.00000000    0.00212299  0.00000000   -0.00486902 -0.00742994
  0.00212299  0.00000000    0.23257557  0.00000000   -0.00486902 -0.00742994
 -0.00486902  0.00742994   -0.00486902  0.00742994    0.28810737 -0.00000000
    1    2
 -0.06348298 -0.05475221   -0.04142368  0.13157241   -0.03627885 -0.04050477
 -0.04142368  0.13157241   -0.06348298 -0.05475221   -0.03627885 -0.04050477
 -0.03627885 -0.04050477   -0.03627885 -0.04050477   -0.06220973 -0.07363761
    2    1
 -0.06348298  0.05475221   -0.04142368 -0.13157241   -0.03627885  0.04050477
 -0.04142368 -0.13157241   -0.06348298  0.05475221   -0.03627885  0.04050477
 -0.03627885  0.04050477   -0.03627885  0.04050477   -0.06220973  0.07363761
    2    2
  0.23257557 -0.00000000    0.00212299 -0.00000000   -0.00486902  0.00742994
  0.00212299 -0.00000000    0.23257557 -0.00000000   -0.00486902  0.00742994
 -0.00486902 -0.00742994   -0.00486902 -0.00742994    0.28810737  0.00000000

     Dynamical  Matrix in cartesian axes

     q = (    0.250000000   0.750000000   0.750000000 ) 

    1    1
  0.28810737 -0.00000000    0.00486902 -0.00742994    0.00486902 -0.00742994
  0.00486902  0.00742994    0.23257557  0.00000000    0.00212299  0.00000000
  0.00486902  0.00742994    0.00212299  0.00000000    0.23257557  0.00000000
    1    2
  0.07363761 -0.06220973   -0.04050477  0.03627885   -0.04050477  0.03627885
 -0.04050477  0.03627885    0.05475221 -0.06348298   -0.13157241 -0.04142368
 -0.04050477  0.03627885   -0.13157241 -0.04142368    0.05475221 -0.06348298
    2    1
  0.07363761  0.06220973   -0.04050477 -0.03627885   -0.04050477 -0.03627885
 -0.04050477 -0.03627885    0.05475221  0.06348298   -0.13157241  0.04142368
 -0.04050477 -0.03627885   -0.13157241  0.04142368    0.05475221  0.06348298
    2    2
  0.28810737  0.00000000    0.00486902  0.00742994    0.00486902  0.00742994
  0.00486902 -0.00742994    0.23257557 -0.00000000    0.00212299 -0.00000000
  0.00486902 -0.00742994    0.00212299 -0.00000000    0.23257557 -0.00000000

     Dynamical  Matrix in cartesian axes

     q = (   -0.250000000  -0.750000000   0.750000000 ) 

    1    1
  0.28810737 -0.00000000    0.00486902 -0.00742994   -0.00486902  0.00742994
  0.00486902  0.00742994    0.23257557  0.00000000   -0.00212299 -0.00000000
 -0.00486902 -0.00742994   -0.00212299 -0.00000000    0.23257557  0.00000000
    1    2
 -0.07363761  0.06220973    0.04050477 -0.03627885   -0.04050477  0.03627885
  0.04050477 -0.03627885   -0.05475221  0.06348298   -0.13157241 -0.04142368
 -0.04050477  0.03627885   -0.13157241 -0.04142368   -0.05475221  0.06348298
    2    1
 -0.07363761 -0.06220973    0.04050477  0.03627885   -0.04050477 -0.03627885
  0.04050477  0.03627885   -0.05475221 -0.06348298   -0.13157241  0.04142368
 -0.04050477 -0.03627885   -0.13157241  0.04142368   -0.05475221 -0.06348298
    2    2
  0.28810737  0.00000000    0.00486902  0.00742994   -0.00486902 -0.00742994
  0.00486902 -0.00742994    0.23257557 -0.00000000   -0.00212299  0.00000000
 -0.00486902  0.00742994   -0.00212299  0.00000000    0.23257557 -0.00000000

     Dynamical  Matrix in cartesian axes

     q = (    0.750000000   0.750000000   0.250000000 ) 

    1    1
  0.23257557  0.00000000    0.00212299  0.00000000    0.00486902  0.00742994
  0.00212299  0.00000000    0.23257557  0.00000000    0.00486902  0.00742994
  0.00486902 -0.00742994    0.00486902 -0.00742994    0.28810737 -0.00000000
    1    2
  0.05475221 -0.06348298   -0.13157241 -0.04142368   -0.04050477  0.03627885
 -0.13157241 -0.04142368    0.05475221 -0.06348298   -0.04050477  0.03627885
 -0.04050477  0.03627885   -0.04050477  0.03627885    0.07363761 -0.06220973
    2    1
  0.05475221  0.06348298   -0.13157241  0.04142368   -0.04050477 -0.03627885
 -0.13157241  0.04142368    0.05475221  0.06348298   -0.04050477 -0.03627885
 -0.04050477 -0.03627885   -0.04050477 -0.03627885    0.07363761  0.06220973
    2    2
  0.23257557 -0.00000000    0.00212299 -0.00000000    0.00486902 -0.00742994
  0.00212299 -0.00000000    0.23257557 -0.00000000    0.00486902 -0.00742994
  0.00486902  0.00742994    0.00486902  0.00742994    0.28810737  0.00000000

     Dynamical  Matrix in cartesian axes

     q = (    0.250000000  -0.750000000  -0.750000000 ) 

    1    1
  0.28810737 -0.00000000   -0.00486902  0.00742994   -0.00486902  0.00742994
 -0.00486902 -0.00742994    0.23257557  0.00000000    0.00212299  0.00000000
 -0.00486902 -0.00742994    0.00212299  0.00000000    0.23257557  0.00000000
    1    2
 -0.06220973 -0.07363761   -0.03627885 -0.04050477   -0.03627885 -0.04050477
 -0.03627885 -0.04050477   -0.06348298 -0.05475221   -0.04142368  0.13157241
 -0.03627885 -0.04050477   -0.04142368  0.13157241   -0.06348298 -0.05475221
    2    1
 -0.06220973  0.07363761   -0.03627885  0.04050477   -0.03627885  0.04050477
 -0.03627885  0.04050477   -0.06348298  0.05475221   -0.04142368 -0.13157241
 -0.03627885  0.04050477   -0.04142368 -0.13157241   -0.06348298  0.05475221
    2    2
  0.28810737  0.00000000   -0.00486902 -0.00742994   -0.00486902 -0.00742994
 -0.00486902  0.00742994    0.23257557 -0.00000000    0.00212299 -0.00000000
 -0.00486902  0.00742994    0.00212299 -0.00000000    0.23257557 -0.00000000

     Dynamical  Matrix in cartesian axes

     q = (    0.750000000  -0.750000000  -0.250000000 ) 

    1    1
  0.23257557  0.00000000   -0.00212299 -0.00000000   -0.00486902 -0.00742994
 -0.00212299 -0.00000000    0.23257557  0.00000000    0.00486902  0.00742994
 -0.00486902  0.00742994    0.00486902 -0.00742994    0.28810737 -0.00000000
    1    2
 -0.05475221  0.06348298   -0.13157241 -0.04142368   -0.04050477  0.03627885
 -0.13157241 -0.04142368   -0.05475221  0.06348298    0.04050477 -0.03627885
 -0.04050477  0.03627885    0.04050477 -0.03627885   -0.07363761  0.06220973
    2    1
 -0.05475221 -0.06348298   -0.13157241  0.04142368   -0.04050477 -0.03627885
 -0.13157241  0.04142368   -0.05475221 -0.06348298    0.04050477  0.03627885
 -0.04050477 -0.03627885    0.04050477  0.03627885   -0.07363761 -0.06220973
    2    2
  0.23257557 -0.00000000   -0.00212299  0.00000000   -0.00486902  0.00742994
 -0.00212299  0.00000000    0.23257557 -0.00000000    0.00486902 -0.00742994
 -0.00486902 -0.00742994    0.00486902  0.00742994    0.28810737  0.00000000

     Diagonalizing the dynamical matrix

     q = (    0.750000000  -0.250000000   0.750000000 ) 

 **************************************************************************
     freq (    1) =       4.255222 [THz] =     141.938918 [cm-1]
 (  0.058785 -0.496532 -0.000000  0.000000 -0.058785  0.496532 ) 
 (  0.500000  0.000000 -0.000000  0.000000 -0.500000  0.000000 ) 
     freq (    2) =       5.522775 [THz] =     184.219931 [cm-1]
 ( -0.398402 -0.194805 -0.299325  0.130607 -0.398402 -0.194805 ) 
 ( -0.443479 -0.000000 -0.211529 -0.248815 -0.443479  0.000000 ) 
     freq (    3) =       9.018809 [THz] =     300.835083 [cm-1]
 (  0.129289 -0.247589  0.394666  0.433829  0.129289 -0.247589 ) 
 ( -0.279313  0.000000  0.201872  0.550651 -0.279313  0.000000 ) 
     freq (    4) =      11.947819 [THz] =     398.536354 [cm-1]
 (  0.115768  0.312661 -0.415706 -0.323836  0.115768  0.312661 ) 
 ( -0.333406  0.000000  0.448032  0.277396 -0.333406  0.000000 ) 
     freq (    5) =      13.295171 [THz] =     443.479184 [cm-1]
 (  0.058785 -0.496532 -0.000000  0.000000 -0.058785  0.496532 ) 
 ( -0.500000 -0.000000  0.000000  0.000000  0.500000  0.000000 ) 
     freq (    6) =      13.692676 [THz] =     456.738493 [cm-1]
 ( -0.301818 -0.151847 -0.476842  0.210518 -0.301818 -0.151847 ) 
 (  0.337863  0.000000  0.331356  0.402368  0.337863 -0.000000 ) 
 **************************************************************************
