Dynamical matrix file
                                                                           
  1    2  2 10.3100000  0.0000000  0.0000000  0.0000000  0.0000000  0.0000000
           1  'Si  '    25598.822984527003     
    1    1      0.0000000000      0.0000000000      0.0000000000
    2    1      0.2500000000      0.2500000000      0.2500000000

     Dynamical  Matrix in cartesian axes

     q = (    0.750000000  -0.250000000   0.750000000 ) 

    1    1
  0.24972825 -0.00000000   -0.00640150  0.00774255    0.00598729 -0.00000000
 -0.00640150 -0.00774255    0.30130834  0.00000000   -0.00640150 -0.00774255
  0.00598729 -0.00000000   -0.00640150  0.00774255    0.24972825 -0.00000000
    1    2
 -0.06123720  0.06237983   -0.04196036  0.04440583   -0.04233761 -0.13867751
 -0.04196036  0.04440583   -0.05958214  0.08085266   -0.04196036  0.04440583
 -0.04233761 -0.13867751   -0.04196036  0.04440583   -0.06123720  0.06237983
    2    1
 -0.06123720 -0.06237983   -0.04196036 -0.04440583   -0.04233761  0.13867751
 -0.04196036 -0.04440583   -0.05958214 -0.08085266   -0.04196036 -0.04440583
 -0.04233761  0.13867751   -0.04196036 -0.04440583   -0.06123720 -0.06237983
    2    2
  0.24972825  0.00000000   -0.00640150 -0.00774255    0.00598729  0.00000000
 -0.00640150  0.00774255    0.30130834 -0.00000000   -0.00640150  0.00774255
  0.00598729  0.00000000   -0.00640150 -0.00774255    0.24972825  0.00000000

     Dynamical  Matrix in cartesian axes

     q = (    0.750000000  -0.250000000  -0.750000000 ) 

    1    1
  0.24972825  0.00000000   -0.00640150 -0.00774255   -0.00598729 -0.00000000
 -0.00640150  0.00774255    0.30130834 -0.00000000    0.00640150 -0.00774255
 -0.00598729 -0.00000000    0.00640150  0.00774255    0.24972825  0.00000000
    1    2
 -0.06237983  0.06123720   -0.04440583  0.04196036   -0.13867751 -0.04233761
 -0.04440583  0.04196036   -0.08085266  0.05958214    0.04440583 -0.04196036
 -0.13867751 -0.04233761    0.04440583 -0.04196036   -0.06237983  0.06123720
    2    1
 -0.06237983 -0.06123720   -0.04440583 -0.04196036   -0.13867751  0.04233761
 -0.04440583 -0.04196036   -0.08085266 -0.05958214    0.04440583  0.04196036
 -0.13867751  0.04233761    0.04440583  0.04196036   -0.06237983 -0.06123720
    2    2
  0.24972825 -0.00000000   -0.00640150  0.00774255   -0.00598729  0.00000000
 -0.00640150 -0.00774255    0.30130834  0.00000000    0.00640150  0.00774255
 -0.00598729  0.00000000    0.00640150 -0.00774255    0.24972825 -0.00000000

     Dynamical  Matrix in cartesian axes

     q = (   -0.750000000  -0.250000000  -0.750000000 ) 

    1    1
  0.24972825 -0.00000000    0.00640150 -0.00774255    0.00598729 -0.00000000
  0.00640150  0.00774255    0.30130834  0.00000000    0.00640150  0.00774255
  0.00598729 -0.00000000    0.00640150 -0.00774255    0.24972825 -0.00000000
    1    2
  0.06237983  0.06123720   -0.04440583 -0.04196036   -0.13867751  0.04233761
 -0.04440583 -0.04196036    0.08085266  0.05958214   -0.04440583 -0.04196036
 -0.13867751  0.04233761   -0.04440583 -0.04196036    0.06237983  0.06123720
    2    1
  0.06237983 -0.06123720   -0.04440583  0.04196036   -0.13867751 -0.04233761
 -0.04440583  0.04196036    0.08085266 -0.05958214   -0.04440583  0.04196036
 -0.13867751 -0.04233761   -0.04440583  0.04196036    0.06237983 -0.06123720
    2    2
  0.24972825  0.00000000    0.00640150  0.00774255    0.00598729  0.00000000
  0.00640150 -0.00774255    0.30130834 -0.00000000    0.00640150 -0.00774255
  0.00598729  0.00000000    0.00640150  0.00774255    0.24972825  0.00000000

     Dynamical  Matrix in cartesian axes

     q = (   -0.750000000  -0.250000000   0.750000000 ) 

    1    1
  0.24972825  0.00000000    0.00640150  0.00774255   -0.00598729 -0.00000000
  0.00640150 -0.00774255    0.30130834 -0.00000000   -0.00640150  0.00774255
 -0.00598729 -0.00000000   -0.00640150 -0.00774255    0.24972825  0.00000000
    1    2
 -0.06237983  0.06123720    0.04440583 -0.04196036   -0.13867751 -0.04233761
  0.04440583 -0.04196036   -0.08085266  0.05958214   -0.04440583  0.04196036
 -0.13867751 -0.04233761   -0.04440583  0.04196036   -0.06237983  0.06123720
    2    1
 -0.06237983 -0.06123720    0.04440583  0.04196036   -0.13867751  0.04233761
  0.04440583  0.04196036   -0.08085266 -0.05958214   -0.04440583 -0.04196036
 -0.13867751  0.04233761   -0.04440583 -0.04196036   -0.06237983 -0.06123720
    2    2
  0.24972825 -0.00000000    0.00640150 -0.00774255   -0.00598729  0.00000000
  0.00640150  0.00774255    0.30130834  0.00000000   -0.00640150 -0.00774255
 -0.00598729  0.00000000   -0.00640150  0.00774255    0.24972825 -0.00000000

     Dynamical  Matrix in cartesian axes

     q = (   -0.750000000   0.250000000  -0.750000000 ) 

    1    1
  0.24972825  0.00000000   -0.00640150 -0.00774255    0.00598729  0.00000000
 -0.00640150  0.00774255    0.30130834 -0.00000000   -0.00640150  0.00774255
  0.00598729  0.00000000   -0.00640150 -0.00774255    0.24972825  0.00000000
    1    2
 -0.06123720 -0.06237983   -0.04196036 -0.04440583   -0.04233761  0.13867751
 -0.04196036 -0.04440583   -0.05958214 -0.08085266   -0.04196036 -0.04440583
 -0.04233761  0.13867751   -0.04196036 -0.04440583   -0.06123720 -0.06237983
    2    1
 -0.06123720  0.06237983   -0.04196036  0.04440583   -0.04233761 -0.13867751
 -0.04196036  0.04440583   -0.05958214  0.08085266   -0.04196036  0.04440583
 -0.04233761 -0.13867751   -0.04196036  0.04440583   -0.06123720  0.06237983
    2    2
  0.24972825 -0.00000000   -0.00640150  0.00774255    0.00598729 -0.00000000
 -0.00640150 -0.00774255    0.30130834  0.00000000   -0.00640150 -0.00774255
  0.00598729 -0.00000000   -0.00640150  0.00774255    0.24972825 -0.00000000

     Dynamical  Matrix in cartesian axes

     q = (   -0.250000000   0.750000000  -0.750000000 ) 

    1    1
  0.30130834 -0.00000000   -0.00640150  0.00774255    0.00640150 -0.00774255
 -0.00640150 -0.00774255    0.24972825  0.00000000   -0.00598729 -0.00000000
  0.00640150  0.00774255   -0.00598729 -0.00000000    0.24972825  0.00000000
    1    2
 -0.08085266  0.05958214   -0.04440583  0.04196036    0.04440583 -0.04196036
 -0.04440583  0.04196036   -0.06237983  0.06123720   -0.13867751 -0.04233761
  0.04440583 -0.04196036   -0.13867751 -0.04233761   -0.06237983  0.06123720
    2    1
 -0.08085266 -0.05958214   -0.04440583 -0.04196036    0.04440583  0.04196036
 -0.04440583 -0.04196036   -0.06237983 -0.06123720   -0.13867751  0.04233761
  0.04440583  0.04196036   -0.13867751  0.04233761   -0.06237983 -0.06123720
    2    2
  0.30130834  0.00000000   -0.00640150 -0.00774255    0.00640150  0.00774255
 -0.00640150  0.00774255    0.24972825 -0.00000000   -0.00598729  0.00000000
  0.00640150 -0.00774255   -0.00598729  0.00000000    0.24972825 -0.00000000

     Dynamical  Matrix in cartesian axes

     q = (   -0.750000000   0.750000000  -0.250000000 ) 

    1    1
  0.24972825  0.00000000   -0.00598729 -0.00000000    0.00640150  0.00774255
 -0.00598729 -0.00000000    0.24972825  0.00000000   -0.00640150 -0.00774255
  0.00640150 -0.00774255   -0.00640150  0.00774255    0.30130834 -0.00000000
    1    2
 -0.06237983  0.06123720   -0.13867751 -0.04233761    0.04440583 -0.04196036
 -0.13867751 -0.04233761   -0.06237983  0.06123720   -0.04440583  0.04196036
  0.04440583 -0.04196036   -0.04440583  0.04196036   -0.08085266  0.05958214
    2    1
 -0.06237983 -0.06123720   -0.13867751  0.04233761    0.04440583  0.04196036
 -0.13867751  0.04233761   -0.06237983 -0.06123720   -0.04440583 -0.04196036
  0.04440583  0.04196036   -0.04440583 -0.04196036   -0.08085266 -0.05958214
    2    2
  0.24972825 -0.00000000   -0.00598729  0.00000000    0.00640150 -0.00774255
 -0.00598729  0.00000000    0.24972825 -0.00000000   -0.00640150  0.00774255
  0.00640150  0.00774255   -0.00640150 -0.00774255    0.30130834  0.00000000

     Dynamical  Matrix in cartesian axes

     q = (    0.750000000   0.250000000   0.750000000 ) 

    1    1
  0.24972825  0.00000000    0.00640150  0.00774255    0.00598729  0.00000000
  0.00640150 -0.00774255    0.30130834 -0.00000000    0.00640150 -0.00774255
  0.00598729  0.00000000    0.00640150  0.00774255    0.24972825  0.00000000
    1    2
  0.06237983 -0.06123720   -0.04440583  0.04196036   -0.13867751 -0.04233761
 -0.04440583  0.04196036    0.08085266 -0.05958214   -0.04440583  0.04196036
 -0.13867751 -0.04233761   -0.04440583  0.04196036    0.06237983 -0.06123720
    2    1
  0.06237983  0.06123720   -0.04440583 -0.04196036   -0.13867751  0.04233761
 -0.04440583 -0.04196036    0.08085266  0.05958214   -0.04440583 -0.04196036
 -0.13867751  0.04233761   -0.04440583 -0.04196036    0.06237983  0.06123720
    2    2
  0.24972825 -0.00000000    0.00640150 -0.00774255    0.00598729 -0.00000000
  0.00640150  0.00774255    0.30130834  0.00000000    0.00640150  0.00774255
  0.00598729 -0.00000000    0.00640150 -0.00774255    0.24972825 -0.00000000

     Dynamical  Matrix in cartesian axes

     q = (   -0.750000000   0.250000000   0.750000000 ) 

    1    1
  0.24972825 -0.00000000   -0.00640150  0.00774255   -0.00598729  0.00000000
 -0.00640150 -0.00774255    0.30130834  0.00000000    0.00640150  0.00774255
 -0.00598729  0.00000000    0.00640150 -0.00774255    0.24972825 -0.00000000
    1    2
 -0.06237983 -0.06123720   -0.04440583 -0.04196036   -0.13867751  0.04233761
 -0.04440583 -0.04196036   -0.08085266 -0.05958214    0.04440583  0.04196036
 -0.13867751  0.04233761    0.04440583  0.04196036   -0.06237983 -0.06123720
    2    1
 -0.06237983  0.06123720   -0.04440583  0.04196036   -0.13867751 -0.04233761
 -0.04440583  0.04196036   -0.08085266  0.05958214    0.04440583 -0.04196036
 -0.13867751 -0.04233761    0.04440583 -0.04196036   -0.06237983  0.06123720
    2    2
  0.24972825  0.00000000   -0.00640150 -0.00774255   -0.00598729 -0.00000000
 -0.00640150  0.00774255    0.30130834 -0.00000000    0.00640150 -0.00774255
 -0.00598729 -0.00000000    0.00640150  0.00774255    0.24972825  0.00000000

     Dynamical  Matrix in cartesian axes

     q = (    0.750000000   0.250000000  -0.750000000 ) 

    1    1
  0.24972825 -0.00000000    0.00640150 -0.00774255   -0.00598729  0.00000000
  0.00640150  0.00774255    0.30130834  0.00000000   -0.00640150 -0.00774255
 -0.00598729  0.00000000   -0.00640150  0.00774255    0.24972825 -0.00000000
    1    2
 -0.06237983 -0.06123720    0.04440583  0.04196036   -0.13867751  0.04233761
  0.04440583  0.04196036   -0.08085266 -0.05958214   -0.04440583 -0.04196036
 -0.13867751  0.04233761   -0.04440583 -0.04196036   -0.06237983 -0.06123720
    2    1
 -0.06237983  0.06123720    0.04440583 -0.04196036   -0.13867751 -0.04233761
  0.04440583 -0.04196036   -0.08085266  0.05958214   -0.04440583  0.04196036
 -0.13867751 -0.04233761   -0.04440583  0.04196036   -0.06237983  0.06123720
    2    2
  0.24972825  0.00000000    0.00640150  0.00774255   -0.00598729 -0.00000000
  0.00640150 -0.00774255    0.30130834 -0.00000000   -0.00640150  0.00774255
 -0.00598729 -0.00000000   -0.00640150 -0.00774255    0.24972825  0.00000000

     Dynamical  Matrix in cartesian axes

     q = (   -0.750000000   0.750000000   0.250000000 ) 

    1    1
  0.24972825 -0.00000000   -0.00598729  0.00000000   -0.00640150  0.00774255
 -0.00598729  0.00000000    0.24972825 -0.00000000    0.00640150 -0.00774255
 -0.00640150 -0.00774255    0.00640150  0.00774255    0.30130834  0.00000000
    1    2
 -0.06237983 -0.06123720   -0.13867751  0.04233761   -0.04440583 -0.04196036
 -0.13867751  0.04233761   -0.06237983 -0.06123720    0.04440583  0.04196036
 -0.04440583 -0.04196036    0.04440583  0.04196036   -0.08085266 -0.05958214
    2    1
 -0.06237983  0.06123720   -0.13867751 -0.04233761   -0.04440583  0.04196036
 -0.13867751 -0.04233761   -0.06237983  0.06123720    0.04440583 -0.04196036
 -0.04440583  0.04196036    0.04440583 -0.04196036   -0.08085266  0.05958214
    2    2
  0.24972825  0.00000000   -0.00598729 -0.00000000   -0.00640150 -0.00774255
 -0.00598729 -0.00000000    0.24972825  0.00000000    0.00640150  0.00774255
 -0.00640150  0.00774255    0.00640150 -0.00774255    0.30130834 -0.00000000

     Dynamical  Matrix in cartesian axes

     q = (   -0.250000000   0.750000000   0.750000000 ) 

    1    1
  0.30130834  0.00000000   -0.00640150 -0.00774255   -0.00640150 -0.00774255
 -0.00640150  0.00774255    0.24972825 -0.00000000    0.00598729 -0.00000000
 -0.00640150  0.00774255    0.00598729 -0.00000000    0.24972825 -0.00000000
    1    2
 -0.05958214  0.08085266   -0.04196036  0.04440583   -0.04196036  0.04440583
 -0.04196036  0.04440583   -0.06123720  0.06237983   -0.04233761 -0.13867751
 -0.04196036  0.04440583   -0.04233761 -0.13867751   -0.06123720  0.06237983
    2    1
 -0.05958214 -0.08085266   -0.04196036 -0.04440583   -0.04196036 -0.04440583
 -0.04196036 -0.04440583   -0.06123720 -0.06237983   -0.04233761  0.13867751
 -0.04196036 -0.04440583   -0.04233761  0.13867751   -0.06123720 -0.06237983
    2    2
  0.30130834 -0.00000000   -0.00640150  0.00774255   -0.00640150  0.00774255
 -0.00640150 -0.00774255    0.24972825  0.00000000    0.00598729  0.00000000
 -0.00640150 -0.00774255    0.00598729  0.00000000    0.24972825  0.00000000

     Dynamical  Matrix in cartesian axes

     q = (    0.250000000   0.750000000  -0.750000000 ) 

    1    1
  0.30130834  0.00000000    0.00640150  0.00774255   -0.00640150 -0.00774255
  0.00640150 -0.00774255    0.24972825 -0.00000000   -0.00598729  0.00000000
 -0.00640150  0.00774255   -0.00598729  0.00000000    0.24972825 -0.00000000
    1    2
 -0.08085266 -0.05958214    0.04440583  0.04196036   -0.04440583 -0.04196036
  0.04440583  0.04196036   -0.06237983 -0.06123720   -0.13867751  0.04233761
 -0.04440583 -0.04196036   -0.13867751  0.04233761   -0.06237983 -0.06123720
    2    1
 -0.08085266  0.05958214    0.04440583 -0.04196036   -0.04440583  0.04196036
  0.04440583 -0.04196036   -0.06237983  0.06123720   -0.13867751 -0.04233761
 -0.04440583  0.04196036   -0.13867751 -0.04233761   -0.06237983  0.06123720
    2    2
  0.30130834 -0.00000000    0.00640150 -0.00774255   -0.00640150  0.00774255
  0.00640150  0.00774255    0.24972825  0.00000000   -0.00598729 -0.00000000
 -0.00640150 -0.00774255   -0.00598729 -0.00000000    0.24972825  0.00000000

     Dynamical  Matrix in cartesian axes

     q = (   -0.250000000  -0.750000000  -0.750000000 ) 

    1    1
  0.30130834  0.00000000    0.00640150  0.00774255    0.00640150  0.00774255
  0.00640150 -0.00774255    0.24972825 -0.00000000    0.00598729 -0.00000000
  0.00640150 -0.00774255    0.00598729 -0.00000000    0.24972825 -0.00000000
    1    2
  0.08085266  0.05958214   -0.04440583 -0.04196036   -0.04440583 -0.04196036
 -0.04440583 -0.04196036    0.06237983  0.06123720   -0.13867751  0.04233761
 -0.04440583 -0.04196036   -0.13867751  0.04233761    0.06237983  0.06123720
    2    1
  0.08085266 -0.05958214   -0.04440583  0.04196036   -0.04440583  0.04196036
 -0.04440583  0.04196036    0.06237983 -0.06123720   -0.13867751 -0.04233761
 -0.04440583  0.04196036   -0.13867751 -0.04233761    0.06237983 -0.06123720
    2    2
  0.30130834 -0.00000000    0.00640150 -0.00774255    0.00640150 -0.00774255
  0.00640150  0.00774255    0.24972825  0.00000000    0.00598729  0.00000000
  0.00640150  0.00774255    0.00598729  0.00000000    0.24972825  0.00000000

     Dynamical  Matrix in cartesian axes

     q = (    0.750000000   0.750000000  -0.250000000 ) 

    1    1
  0.24972825 -0.00000000    0.00598729 -0.00000000   -0.00640150  0.00774255
  0.00598729 -0.00000000    0.24972825 -0.00000000   -0.00640150  0.00774255
 -0.00640150 -0.00774255   -0.00640150 -0.00774255    0.30130834  0.00000000
    1    2
 -0.06123720  0.06237983   -0.04233761 -0.13867751   -0.04196036  0.04440583
 -0.04233761 -0.13867751   -0.06123720  0.06237983   -0.04196036  0.04440583
 -0.04196036  0.04440583   -0.04196036  0.04440583   -0.05958214  0.08085266
    2    1
 -0.06123720 -0.06237983   -0.04233761  0.13867751   -0.04196036 -0.04440583
 -0.04233761  0.13867751   -0.06123720 -0.06237983   -0.04196036 -0.04440583
 -0.04196036 -0.04440583   -0.04196036 -0.04440583   -0.05958214 -0.08085266
    2    2
  0.24972825  0.00000000    0.00598729  0.00000000   -0.00640150 -0.00774255
  0.00598729  0.00000000    0.24972825  0.00000000   -0.00640150 -0.00774255
 -0.00640150  0.00774255   -0.00640150  0.00774255    0.30130834 -0.00000000

     Dynamical  Matrix in cartesian axes

     q = (    0.750000000  -0.750000000   0.250000000 ) 

    1    1
  0.24972825 -0.00000000   -0.00598729  0.00000000    0.00640150 -0.00774255
 -0.00598729  0.00000000    0.24972825 -0.00000000   -0.00640150  0.00774255
  0.00640150  0.00774255   -0.00640150 -0.00774255    0.30130834  0.00000000
    1    2
 -0.06237983 -0.06123720   -0.13867751  0.04233761    0.04440583  0.04196036
 -0.13867751  0.04233761   -0.06237983 -0.06123720   -0.04440583 -0.04196036
  0.04440583  0.04196036   -0.04440583 -0.04196036   -0.08085266 -0.05958214
    2    1
 -0.06237983  0.06123720   -0.13867751 -0.04233761    0.04440583 -0.04196036
 -0.13867751 -0.04233761   -0.06237983  0.06123720   -0.04440583  0.04196036
  0.04440583 -0.04196036   -0.04440583  0.04196036   -0.08085266  0.05958214
    2    2
  0.24972825  0.00000000   -0.00598729 -0.00000000    0.00640150  0.00774255
 -0.00598729 -0.00000000    0.24972825  0.00000000   -0.00640150 -0.00774255
  0.00640150 -0.00774255   -0.00640150  0.00774255    0.30130834 -0.00000000

     Dynamical  Matrix in cartesian axes

     q = (   -0.750000000  -0.750000000  -0.250000000 ) 

    1    1
  0.24972825 -0.00000000    0.00598729 -0.00000000    0.00640150 -0.00774255
  0.00598729 -0.00000000    0.24972825 -0.00000000    0.00640150 -0.00774255
  0.00640150  0.00774255    0.00640150  0.00774255    0.30130834  0.00000000
    1    2
  0.06237983  0.06123720   -0.13867751  0.04233761   -0.04440583 -0.04196036
 -0.13867751  0.04233761    0.06237983  0.06123720   -0.04440583 -0.04196036
 -0.04440583 -0.04196036   -0.04440583 -0.04196036    0.08085266  0.05958214
    2    1
  0.06237983 -0.06123720   -0.13867751 -0.04233761   -0.04440583  0.04196036
 -0.13867751 -0.04233761    0.06237983 -0.06123720   -0.04440583  0.04196036
 -0.04440583  0.04196036   -0.04440583  0.04196036    0.08085266 -0.05958214
    2    2
  0.24972825  0.00000000    0.00598729  0.00000000    0.00640150  0.00774255
  0.00598729  0.00000000    0.24972825  0.00000000    0.00640150  0.00774255
  0.00640150 -0.00774255    0.00640150 -0.00774255    0.30130834 -0.00000000

     Dynamical  Matrix in cartesian axes

     q = (    0.250000000  -0.750000000   0.750000000 ) 

    1    1
  0.30130834  0.00000000   -0.00640150 -0.00774255    0.00640150  0.00774255
 -0.00640150  0.00774255    0.24972825 -0.00000000   -0.00598729  0.00000000
  0.00640150 -0.00774255   -0.00598729  0.00000000    0.24972825 -0.00000000
    1    2
 -0.08085266 -0.05958214   -0.04440583 -0.04196036    0.04440583  0.04196036
 -0.04440583 -0.04196036   -0.06237983 -0.06123720   -0.13867751  0.04233761
  0.04440583  0.04196036   -0.13867751  0.04233761   -0.06237983 -0.06123720
    2    1
 -0.08085266  0.05958214   -0.04440583  0.04196036    0.04440583 -0.04196036
 -0.04440583  0.04196036   -0.06237983  0.06123720   -0.13867751 -0.04233761
  0.04440583 -0.04196036   -0.13867751 -0.04233761   -0.06237983  0.06123720
    2    2
  0.30130834 -0.00000000   -0.00640150  0.00774255    0.00640150 -0.00774255
 -0.00640150 -0.00774255    0.24972825  0.00000000   -0.00598729 -0.00000000
  0.00640150  0.00774255   -0.00598729 -0.00000000    0.24972825  0.00000000

     Dynamical  Matrix in cartesian axes

     q = (   -0.750000000  -0.750000000   0.250000000 ) 

    1    1
  0.24972825  0.00000000    0.00598729  0.00000000   -0.00640150 -0.00774255
  0.00598729  0.00000000    0.24972825  0.00000000   -0.00640150 -0.00774255
 -0.00640150  0.00774255   -0.00640150  0.00774255    0.30130834 -0.00000000
    1    2
 -0.06123720 -0.06237983   -0.04233761  0.13867751   -0.04196036 -0.04440583
 -0.04233761  0.13867751   -0.06123720 -0.06237983   -0.04196036 -0.04440583
 -0.04196036 -0.04440583   -0.04196036 -0.04440583   -0.05958214 -0.08085266
    2    1
 -0.06123720  0.06237983   -0.04233761 -0.13867751   -0.04196036  0.04440583
 -0.04233761 -0.13867751   -0.06123720  0.06237983   -0.04196036  0.04440583
 -0.04196036  0.04440583   -0.04196036  0.04440583   -0.05958214  0.08085266
    2    2
  0.24972825 -0.00000000    0.00598729 -0.00000000   -0.00640150  0.00774255
  0.00598729 -0.00000000    0.24972825 -0.00000000   -0.00640150  0.00774255
 -0.00640150 -0.00774255   -0.00640150 -0.00774255    0.30130834  0.00000000

     Dynamical  Matrix in cartesian axes

     q = (    0.250000000   0.750000000   0.750000000 ) 

    1    1
  0.30130834 -0.00000000    0.00640150 -0.00774255    0.00640150 -0.00774255
  0.00640150  0.00774255    0.24972825  0.00000000    0.00598729  0.00000000
  0.00640150  0.00774255    0.00598729  0.00000000    0.24972825  0.00000000
    1    2
  0.08085266 -0.05958214   -0.04440583  0.04196036   -0.04440583  0.04196036
 -0.04440583  0.04196036    0.06237983 -0.06123720   -0.13867751 -0.04233761
 -0.04440583  0.04196036   -0.13867751 -0.04233761    0.06237983 -0.06123720
    2    1
  0.08085266  0.05958214   -0.04440583 -0.04196036   -0.04440583 -0.04196036
 -0.04440583 -0.04196036    0.06237983  0.06123720   -0.13867751  0.04233761
 -0.04440583 -0.04196036   -0.13867751  0.04233761    0.06237983  0.06123720
    2    2
  0.30130834  0.00000000    0.00640150  0.00774255    0.00640150  0.00774255
  0.00640150 -0.00774255    0.24972825 -0.00000000    0.00598729 -0.00000000
  0.00640150 -0.00774255    0.00598729 -0.00000000    0.24972825 -0.00000000

     Dynamical  Matrix in cartesian axes

     q = (   -0.250000000  -0.750000000   0.750000000 ) 

    1    1
  0.30130834 -0.00000000    0.00640150 -0.00774255   -0.00640150  0.00774255
  0.00640150  0.00774255    0.24972825  0.00000000   -0.00598729 -0.00000000
 -0.00640150 -0.00774255   -0.00598729 -0.00000000    0.24972825  0.00000000
    1    2
 -0.08085266  0.05958214    0.04440583 -0.04196036   -0.04440583  0.04196036
  0.04440583 -0.04196036   -0.06237983  0.06123720   -0.13867751 -0.04233761
 -0.04440583  0.04196036   -0.13867751 -0.04233761   -0.06237983  0.06123720
    2    1
 -0.08085266 -0.05958214    0.04440583  0.04196036   -0.04440583 -0.04196036
  0.04440583  0.04196036   -0.06237983 -0.06123720   -0.13867751  0.04233761
 -0.04440583 -0.04196036   -0.13867751  0.04233761   -0.06237983 -0.06123720
    2    2
  0.30130834  0.00000000    0.00640150  0.00774255   -0.00640150 -0.00774255
  0.00640150 -0.00774255    0.24972825 -0.00000000   -0.00598729  0.00000000
 -0.00640150  0.00774255   -0.00598729  0.00000000    0.24972825 -0.00000000

     Dynamical  Matrix in cartesian axes

     q = (    0.750000000   0.750000000   0.250000000 ) 

    1    1
  0.24972825  0.00000000    0.00598729  0.00000000    0.00640150  0.00774255
  0.00598729  0.00000000    0.24972825  0.00000000    0.00640150  0.00774255
  0.00640150 -0.00774255    0.00640150 -0.00774255    0.30130834 -0.00000000
    1    2
  0.06237983 -0.06123720   -0.13867751 -0.04233761   -0.04440583  0.04196036
 -0.13867751 -0.04233761    0.06237983 -0.06123720   -0.04440583  0.04196036
 -0.04440583  0.04196036   -0.04440583  0.04196036    0.08085266 -0.05958214
    2    1
  0.06237983  0.06123720   -0.13867751  0.04233761   -0.04440583 -0.04196036
 -0.13867751  0.04233761    0.06237983  0.06123720   -0.04440583 -0.04196036
 -0.04440583 -0.04196036   -0.04440583 -0.04196036    0.08085266  0.05958214
    2    2
  0.24972825 -0.00000000    0.00598729 -0.00000000    0.00640150 -0.00774255
  0.00598729 -0.00000000    0.24972825 -0.00000000    0.00640150 -0.00774255
  0.00640150  0.00774255    0.00640150  0.00774255    0.30130834  0.00000000

     Dynamical  Matrix in cartesian axes

     q = (    0.250000000  -0.750000000  -0.750000000 ) 

    1    1
  0.30130834 -0.00000000   -0.00640150  0.00774255   -0.00640150  0.00774255
 -0.00640150 -0.00774255    0.24972825  0.00000000    0.00598729  0.00000000
 -0.00640150 -0.00774255    0.00598729  0.00000000    0.24972825  0.00000000
    1    2
 -0.05958214 -0.08085266   -0.04196036 -0.04440583   -0.04196036 -0.04440583
 -0.04196036 -0.04440583   -0.06123720 -0.06237983   -0.04233761  0.13867751
 -0.04196036 -0.04440583   -0.04233761  0.13867751   -0.06123720 -0.06237983
    2    1
 -0.05958214  0.08085266   -0.04196036  0.04440583   -0.04196036  0.04440583
 -0.04196036  0.04440583   -0.06123720  0.06237983   -0.04233761 -0.13867751
 -0.04196036  0.04440583   -0.04233761 -0.13867751   -0.06123720  0.06237983
    2    2
  0.30130834  0.00000000   -0.00640150 -0.00774255   -0.00640150 -0.00774255
 -0.00640150  0.00774255    0.24972825 -0.00000000    0.00598729 -0.00000000
 -0.00640150  0.00774255    0.00598729 -0.00000000    0.24972825 -0.00000000

     Dynamical  Matrix in cartesian axes

     q = (    0.750000000  -0.750000000  -0.250000000 ) 

    1    1
  0.24972825  0.00000000   -0.00598729 -0.00000000   -0.00640150 -0.00774255
 -0.00598729 -0.00000000    0.24972825  0.00000000    0.00640150  0.00774255
 -0.00640150  0.00774255    0.00640150 -0.00774255    0.30130834 -0.00000000
    1    2
 -0.06237983  0.06123720   -0.13867751 -0.04233761   -0.04440583  0.04196036
 -0.13867751 -0.04233761   -0.06237983  0.06123720    0.04440583 -0.04196036
 -0.04440583  0.04196036    0.04440583 -0.04196036   -0.08085266  0.05958214
    2    1
 -0.06237983 -0.06123720   -0.13867751  0.04233761   -0.04440583 -0.04196036
 -0.13867751  0.04233761   -0.06237983 -0.06123720    0.04440583  0.04196036
 -0.04440583 -0.04196036    0.04440583  0.04196036   -0.08085266 -0.05958214
    2    2
  0.24972825 -0.00000000   -0.00598729  0.00000000   -0.00640150  0.00774255
 -0.00598729  0.00000000    0.24972825 -0.00000000    0.00640150 -0.00774255
 -0.00640150 -0.00774255    0.00640150  0.00774255    0.30130834  0.00000000

     Diagonalizing the dynamical matrix

     q = (    0.750000000  -0.250000000   0.750000000 ) 

 **************************************************************************
     freq (    1) =       4.203771 [THz] =     140.222723 [cm-1]
 (  0.046794 -0.497805  0.000000  0.000000 -0.046794  0.497805 ) 
 (  0.500000  0.000000  0.000000  0.000000 -0.500000  0.000000 ) 
     freq (    2) =       5.872249 [THz] =     195.877136 [cm-1]
 ( -0.389566 -0.165666 -0.343560  0.153467 -0.389566 -0.165666 ) 
 ( -0.423329 -0.000000 -0.256101 -0.275677 -0.423329  0.000000 ) 
     freq (    3) =       9.422550 [THz] =     314.302446 [cm-1]
 (  0.119243 -0.286729  0.376656  0.406529  0.119243 -0.286729 ) 
 ( -0.310536  0.000000  0.230731  0.503883 -0.310536  0.000000 ) 
     freq (    4) =      12.179268 [THz] =     406.256652 [cm-1]
 (  0.072531  0.317690 -0.402132 -0.354844  0.072531  0.317690 ) 
 ( -0.325865 -0.000000  0.435449  0.313063 -0.325865  0.000000 ) 
     freq (    5) =      13.727102 [THz] =     457.886849 [cm-1]
 (  0.046794 -0.497805  0.000000 -0.000000 -0.046794  0.497805 ) 
 ( -0.500000  0.000000 -0.000000 -0.000000  0.500000  0.000000 ) 
     freq (    6) =      14.121322 [THz] =     471.036604 [cm-1]
 ( -0.303263 -0.161876 -0.464025  0.219854 -0.303263 -0.161876 ) 
 (  0.343762 -0.000000  0.305830  0.412460  0.343762 -0.000000 ) 
 **************************************************************************
