Dynamical matrix file
                                                                           
  1    2  2 10.3100000  0.0000000  0.0000000  0.0000000  0.0000000  0.0000000
           1  'Si  '    25598.822984527003     
    1    1      0.0000000000      0.0000000000      0.0000000000
    2    1      0.2500000000      0.2500000000      0.2500000000

     Dynamical  Matrix in cartesian axes

     q = (   -0.250000000   0.250000000  -0.250000000 ) 

    1    1
  0.27315912  0.00000000   -0.01183513  0.00000000    0.01183513  0.00000000
 -0.01183513  0.00000000    0.27315912  0.00000000   -0.01183513  0.00000000
  0.01183513  0.00000000   -0.01183513  0.00000000    0.27315912  0.00000000
    1    2
 -0.20323409 -0.05904069   -0.03922399  0.04087340    0.03922399 -0.04087340
 -0.03922399  0.04087340   -0.20323409 -0.05904069   -0.03922399  0.04087340
  0.03922399 -0.04087340   -0.03922399  0.04087340   -0.20323409 -0.05904069
    2    1
 -0.20323409  0.05904069   -0.03922399 -0.04087340    0.03922399  0.04087340
 -0.03922399 -0.04087340   -0.20323409  0.05904069   -0.03922399 -0.04087340
  0.03922399  0.04087340   -0.03922399 -0.04087340   -0.20323409  0.05904069
    2    2
  0.27315912  0.00000000   -0.01183513  0.00000000    0.01183513  0.00000000
 -0.01183513  0.00000000    0.27315912  0.00000000   -0.01183513  0.00000000
  0.01183513  0.00000000   -0.01183513  0.00000000    0.27315912  0.00000000

     Dynamical  Matrix in cartesian axes

     q = (    0.250000000  -0.250000000  -0.250000000 ) 

    1    1
  0.27315912  0.00000000   -0.01183513  0.00000000   -0.01183513  0.00000000
 -0.01183513  0.00000000    0.27315912  0.00000000    0.01183513  0.00000000
 -0.01183513  0.00000000    0.01183513  0.00000000    0.27315912  0.00000000
    1    2
 -0.20323409 -0.05904069   -0.03922399  0.04087340   -0.03922399  0.04087340
 -0.03922399  0.04087340   -0.20323409 -0.05904069    0.03922399 -0.04087340
 -0.03922399  0.04087340    0.03922399 -0.04087340   -0.20323409 -0.05904069
    2    1
 -0.20323409  0.05904069   -0.03922399 -0.04087340   -0.03922399 -0.04087340
 -0.03922399 -0.04087340   -0.20323409  0.05904069    0.03922399  0.04087340
 -0.03922399 -0.04087340    0.03922399  0.04087340   -0.20323409  0.05904069
    2    2
  0.27315912  0.00000000   -0.01183513  0.00000000   -0.01183513  0.00000000
 -0.01183513  0.00000000    0.27315912  0.00000000    0.01183513  0.00000000
 -0.01183513  0.00000000    0.01183513  0.00000000    0.27315912  0.00000000

     Dynamical  Matrix in cartesian axes

     q = (    0.250000000  -0.250000000   0.250000000 ) 

    1    1
  0.27315912  0.00000000   -0.01183513  0.00000000    0.01183513  0.00000000
 -0.01183513  0.00000000    0.27315912  0.00000000   -0.01183513  0.00000000
  0.01183513  0.00000000   -0.01183513  0.00000000    0.27315912  0.00000000
    1    2
 -0.20323409  0.05904069   -0.03922399 -0.04087340    0.03922399  0.04087340
 -0.03922399 -0.04087340   -0.20323409  0.05904069   -0.03922399 -0.04087340
  0.03922399  0.04087340   -0.03922399 -0.04087340   -0.20323409  0.05904069
    2    1
 -0.20323409 -0.05904069   -0.03922399  0.04087340    0.03922399 -0.04087340
 -0.03922399  0.04087340   -0.20323409 -0.05904069   -0.03922399  0.04087340
  0.03922399 -0.04087340   -0.03922399  0.04087340   -0.20323409 -0.05904069
    2    2
  0.27315912  0.00000000   -0.01183513  0.00000000    0.01183513  0.00000000
 -0.01183513  0.00000000    0.27315912  0.00000000   -0.01183513  0.00000000
  0.01183513  0.00000000   -0.01183513  0.00000000    0.27315912  0.00000000

     Dynamical  Matrix in cartesian axes

     q = (    0.250000000   0.250000000   0.250000000 ) 

    1    1
  0.27315912  0.00000000    0.01183513  0.00000000    0.01183513  0.00000000
  0.01183513  0.00000000    0.27315912  0.00000000    0.01183513  0.00000000
  0.01183513  0.00000000    0.01183513  0.00000000    0.27315912  0.00000000
    1    2
 -0.05904069  0.20323409   -0.04087340 -0.03922399   -0.04087340 -0.03922399
 -0.04087340 -0.03922399   -0.05904069  0.20323409   -0.04087340 -0.03922399
 -0.04087340 -0.03922399   -0.04087340 -0.03922399   -0.05904069  0.20323409
    2    1
 -0.05904069 -0.20323409   -0.04087340  0.03922399   -0.04087340  0.03922399
 -0.04087340  0.03922399   -0.05904069 -0.20323409   -0.04087340  0.03922399
 -0.04087340  0.03922399   -0.04087340  0.03922399   -0.05904069 -0.20323409
    2    2
  0.27315912  0.00000000    0.01183513  0.00000000    0.01183513  0.00000000
  0.01183513  0.00000000    0.27315912  0.00000000    0.01183513  0.00000000
  0.01183513  0.00000000    0.01183513  0.00000000    0.27315912  0.00000000

     Dynamical  Matrix in cartesian axes

     q = (   -0.250000000  -0.250000000  -0.250000000 ) 

    1    1
  0.27315912  0.00000000    0.01183513  0.00000000    0.01183513  0.00000000
  0.01183513  0.00000000    0.27315912  0.00000000    0.01183513  0.00000000
  0.01183513  0.00000000    0.01183513  0.00000000    0.27315912  0.00000000
    1    2
 -0.05904069 -0.20323409   -0.04087340  0.03922399   -0.04087340  0.03922399
 -0.04087340  0.03922399   -0.05904069 -0.20323409   -0.04087340  0.03922399
 -0.04087340  0.03922399   -0.04087340  0.03922399   -0.05904069 -0.20323409
    2    1
 -0.05904069  0.20323409   -0.04087340 -0.03922399   -0.04087340 -0.03922399
 -0.04087340 -0.03922399   -0.05904069  0.20323409   -0.04087340 -0.03922399
 -0.04087340 -0.03922399   -0.04087340 -0.03922399   -0.05904069  0.20323409
    2    2
  0.27315912  0.00000000    0.01183513  0.00000000    0.01183513  0.00000000
  0.01183513  0.00000000    0.27315912  0.00000000    0.01183513  0.00000000
  0.01183513  0.00000000    0.01183513  0.00000000    0.27315912  0.00000000

     Dynamical  Matrix in cartesian axes

     q = (   -0.250000000  -0.250000000   0.250000000 ) 

    1    1
  0.27315912  0.00000000    0.01183513  0.00000000   -0.01183513  0.00000000
  0.01183513  0.00000000    0.27315912  0.00000000   -0.01183513  0.00000000
 -0.01183513  0.00000000   -0.01183513  0.00000000    0.27315912  0.00000000
    1    2
 -0.20323409 -0.05904069    0.03922399 -0.04087340   -0.03922399  0.04087340
  0.03922399 -0.04087340   -0.20323409 -0.05904069   -0.03922399  0.04087340
 -0.03922399  0.04087340   -0.03922399  0.04087340   -0.20323409 -0.05904069
    2    1
 -0.20323409  0.05904069    0.03922399  0.04087340   -0.03922399 -0.04087340
  0.03922399  0.04087340   -0.20323409  0.05904069   -0.03922399 -0.04087340
 -0.03922399 -0.04087340   -0.03922399 -0.04087340   -0.20323409  0.05904069
    2    2
  0.27315912  0.00000000    0.01183513  0.00000000   -0.01183513  0.00000000
  0.01183513  0.00000000    0.27315912  0.00000000   -0.01183513  0.00000000
 -0.01183513  0.00000000   -0.01183513  0.00000000    0.27315912  0.00000000

     Dynamical  Matrix in cartesian axes

     q = (   -0.250000000   0.250000000   0.250000000 ) 

    1    1
  0.27315912  0.00000000   -0.01183513  0.00000000   -0.01183513  0.00000000
 -0.01183513  0.00000000    0.27315912  0.00000000    0.01183513  0.00000000
 -0.01183513  0.00000000    0.01183513  0.00000000    0.27315912  0.00000000
    1    2
 -0.20323409  0.05904069   -0.03922399 -0.04087340   -0.03922399 -0.04087340
 -0.03922399 -0.04087340   -0.20323409  0.05904069    0.03922399  0.04087340
 -0.03922399 -0.04087340    0.03922399  0.04087340   -0.20323409  0.05904069
    2    1
 -0.20323409 -0.05904069   -0.03922399  0.04087340   -0.03922399  0.04087340
 -0.03922399  0.04087340   -0.20323409 -0.05904069    0.03922399 -0.04087340
 -0.03922399  0.04087340    0.03922399 -0.04087340   -0.20323409 -0.05904069
    2    2
  0.27315912  0.00000000   -0.01183513  0.00000000   -0.01183513  0.00000000
 -0.01183513  0.00000000    0.27315912  0.00000000    0.01183513  0.00000000
 -0.01183513  0.00000000    0.01183513  0.00000000    0.27315912  0.00000000

     Dynamical  Matrix in cartesian axes

     q = (    0.250000000   0.250000000  -0.250000000 ) 

    1    1
  0.27315912  0.00000000    0.01183513  0.00000000   -0.01183513  0.00000000
  0.01183513  0.00000000    0.27315912  0.00000000   -0.01183513  0.00000000
 -0.01183513  0.00000000   -0.01183513  0.00000000    0.27315912  0.00000000
    1    2
 -0.20323409  0.05904069    0.03922399  0.04087340   -0.03922399 -0.04087340
  0.03922399  0.04087340   -0.20323409  0.05904069   -0.03922399 -0.04087340
 -0.03922399 -0.04087340   -0.03922399 -0.04087340   -0.20323409  0.05904069
    2    1
 -0.20323409 -0.05904069    0.03922399 -0.04087340   -0.03922399  0.04087340
  0.03922399 -0.04087340   -0.20323409 -0.05904069   -0.03922399  0.04087340
 -0.03922399  0.04087340   -0.03922399  0.04087340   -0.20323409 -0.05904069
    2    2
  0.27315912  0.00000000    0.01183513  0.00000000   -0.01183513  0.00000000
  0.01183513  0.00000000    0.27315912  0.00000000   -0.01183513  0.00000000
 -0.01183513  0.00000000   -0.01183513  0.00000000    0.27315912  0.00000000

     Diagonalizing the dynamical matrix

     q = (   -0.250000000   0.250000000  -0.250000000 ) 

 **************************************************************************
     freq (    1) =       2.772914 [THz] =      92.494450 [cm-1]
 ( -0.128831  0.485096 -0.068380  0.489626  0.060451  0.004530 ) 
 ( -0.092224  0.493367 -0.031604  0.493367  0.060621  0.000000 ) 
     freq (    2) =       2.772914 [THz] =      92.494450 [cm-1]
 ( -0.275866 -0.072907  0.296688 -0.030006  0.572554  0.042901 ) 
 ( -0.280543 -0.052090  0.293616 -0.052090  0.574159  0.000000 ) 
     freq (    3) =       6.779219 [THz] =     226.130405 [cm-1]
 ( -0.270791 -0.305514  0.270791  0.305514 -0.270791 -0.305514 ) 
 ( -0.408248  0.000000  0.408248 -0.000000 -0.408248  0.000000 ) 
     freq (    4) =      14.319158 [THz] =     477.635687 [cm-1]
 ( -0.270791 -0.305514  0.270791  0.305514 -0.270791 -0.305514 ) 
 (  0.408248  0.000000 -0.408248  0.000000  0.408248  0.000000 ) 
     freq (    5) =      14.604247 [THz] =     487.145229 [cm-1]
 ( -0.192537 -0.110409  0.365115 -0.068624  0.557652  0.041785 ) 
 (  0.200249  0.095714 -0.358966  0.095714 -0.559215  0.000000 ) 
     freq (    6) =      14.604247 [THz] =     487.145229 [cm-1]
 (  0.407688 -0.343312  0.264521 -0.354039 -0.143167 -0.010727 ) 
 ( -0.380896  0.372815 -0.237328  0.372815  0.143568  0.000000 ) 
 **************************************************************************
