Dynamical matrix file
                                                                           
  1    2  2 10.3100000  0.0000000  0.0000000  0.0000000  0.0000000  0.0000000
           1  'Si  '    25598.822984527003     
    1    1      0.0000000000      0.0000000000      0.0000000000
    2    1      0.2500000000      0.2500000000      0.2500000000

     Dynamical  Matrix in cartesian axes

     q = (   -0.250000000   0.250000000  -0.250000000 ) 

    1    1
  0.27366868  0.00000000   -0.01102999  0.00000000    0.01102999  0.00000000
 -0.01102999  0.00000000    0.27366868  0.00000000   -0.01102999  0.00000000
  0.01102999  0.00000000   -0.01102999  0.00000000    0.27366868  0.00000000
    1    2
 -0.19693922 -0.05671022   -0.03807910  0.03877084    0.03807910 -0.03877084
 -0.03807910  0.03877084   -0.19693922 -0.05671022   -0.03807910  0.03877084
  0.03807910 -0.03877084   -0.03807910  0.03877084   -0.19693922 -0.05671022
    2    1
 -0.19693922  0.05671022   -0.03807910 -0.03877084    0.03807910  0.03877084
 -0.03807910 -0.03877084   -0.19693922  0.05671022   -0.03807910 -0.03877084
  0.03807910  0.03877084   -0.03807910 -0.03877084   -0.19693922  0.05671022
    2    2
  0.27366868  0.00000000   -0.01102999  0.00000000    0.01102999  0.00000000
 -0.01102999  0.00000000    0.27366868  0.00000000   -0.01102999  0.00000000
  0.01102999  0.00000000   -0.01102999  0.00000000    0.27366868  0.00000000

     Dynamical  Matrix in cartesian axes

     q = (    0.250000000  -0.250000000  -0.250000000 ) 

    1    1
  0.27366868  0.00000000   -0.01102999  0.00000000   -0.01102999  0.00000000
 -0.01102999  0.00000000    0.27366868  0.00000000    0.01102999  0.00000000
 -0.01102999  0.00000000    0.01102999  0.00000000    0.27366868  0.00000000
    1    2
 -0.19693922 -0.05671022   -0.03807910  0.03877084   -0.03807910  0.03877084
 -0.03807910  0.03877084   -0.19693922 -0.05671022    0.03807910 -0.03877084
 -0.03807910  0.03877084    0.03807910 -0.03877084   -0.19693922 -0.05671022
    2    1
 -0.19693922  0.05671022   -0.03807910 -0.03877084   -0.03807910 -0.03877084
 -0.03807910 -0.03877084   -0.19693922  0.05671022    0.03807910  0.03877084
 -0.03807910 -0.03877084    0.03807910  0.03877084   -0.19693922  0.05671022
    2    2
  0.27366868  0.00000000   -0.01102999  0.00000000   -0.01102999  0.00000000
 -0.01102999  0.00000000    0.27366868  0.00000000    0.01102999  0.00000000
 -0.01102999  0.00000000    0.01102999  0.00000000    0.27366868  0.00000000

     Dynamical  Matrix in cartesian axes

     q = (    0.250000000  -0.250000000   0.250000000 ) 

    1    1
  0.27366868  0.00000000   -0.01102999  0.00000000    0.01102999  0.00000000
 -0.01102999  0.00000000    0.27366868  0.00000000   -0.01102999  0.00000000
  0.01102999  0.00000000   -0.01102999  0.00000000    0.27366868  0.00000000
    1    2
 -0.19693922  0.05671022   -0.03807910 -0.03877084    0.03807910  0.03877084
 -0.03807910 -0.03877084   -0.19693922  0.05671022   -0.03807910 -0.03877084
  0.03807910  0.03877084   -0.03807910 -0.03877084   -0.19693922  0.05671022
    2    1
 -0.19693922 -0.05671022   -0.03807910  0.03877084    0.03807910 -0.03877084
 -0.03807910  0.03877084   -0.19693922 -0.05671022   -0.03807910  0.03877084
  0.03807910 -0.03877084   -0.03807910  0.03877084   -0.19693922 -0.05671022
    2    2
  0.27366868  0.00000000   -0.01102999  0.00000000    0.01102999  0.00000000
 -0.01102999  0.00000000    0.27366868  0.00000000   -0.01102999  0.00000000
  0.01102999  0.00000000   -0.01102999  0.00000000    0.27366868  0.00000000

     Dynamical  Matrix in cartesian axes

     q = (    0.250000000   0.250000000   0.250000000 ) 

    1    1
  0.27366868  0.00000000    0.01102999  0.00000000    0.01102999  0.00000000
  0.01102999  0.00000000    0.27366868  0.00000000    0.01102999  0.00000000
  0.01102999  0.00000000    0.01102999  0.00000000    0.27366868  0.00000000
    1    2
 -0.05671022  0.19693922   -0.03877084 -0.03807910   -0.03877084 -0.03807910
 -0.03877084 -0.03807910   -0.05671022  0.19693922   -0.03877084 -0.03807910
 -0.03877084 -0.03807910   -0.03877084 -0.03807910   -0.05671022  0.19693922
    2    1
 -0.05671022 -0.19693922   -0.03877084  0.03807910   -0.03877084  0.03807910
 -0.03877084  0.03807910   -0.05671022 -0.19693922   -0.03877084  0.03807910
 -0.03877084  0.03807910   -0.03877084  0.03807910   -0.05671022 -0.19693922
    2    2
  0.27366868  0.00000000    0.01102999  0.00000000    0.01102999  0.00000000
  0.01102999  0.00000000    0.27366868  0.00000000    0.01102999  0.00000000
  0.01102999  0.00000000    0.01102999  0.00000000    0.27366868  0.00000000

     Dynamical  Matrix in cartesian axes

     q = (   -0.250000000  -0.250000000  -0.250000000 ) 

    1    1
  0.27366868  0.00000000    0.01102999  0.00000000    0.01102999  0.00000000
  0.01102999  0.00000000    0.27366868  0.00000000    0.01102999  0.00000000
  0.01102999  0.00000000    0.01102999  0.00000000    0.27366868  0.00000000
    1    2
 -0.05671022 -0.19693922   -0.03877084  0.03807910   -0.03877084  0.03807910
 -0.03877084  0.03807910   -0.05671022 -0.19693922   -0.03877084  0.03807910
 -0.03877084  0.03807910   -0.03877084  0.03807910   -0.05671022 -0.19693922
    2    1
 -0.05671022  0.19693922   -0.03877084 -0.03807910   -0.03877084 -0.03807910
 -0.03877084 -0.03807910   -0.05671022  0.19693922   -0.03877084 -0.03807910
 -0.03877084 -0.03807910   -0.03877084 -0.03807910   -0.05671022  0.19693922
    2    2
  0.27366868  0.00000000    0.01102999  0.00000000    0.01102999  0.00000000
  0.01102999  0.00000000    0.27366868  0.00000000    0.01102999  0.00000000
  0.01102999  0.00000000    0.01102999  0.00000000    0.27366868  0.00000000

     Dynamical  Matrix in cartesian axes

     q = (   -0.250000000  -0.250000000   0.250000000 ) 

    1    1
  0.27366868  0.00000000    0.01102999  0.00000000   -0.01102999  0.00000000
  0.01102999  0.00000000    0.27366868  0.00000000   -0.01102999  0.00000000
 -0.01102999  0.00000000   -0.01102999  0.00000000    0.27366868  0.00000000
    1    2
 -0.19693922 -0.05671022    0.03807910 -0.03877084   -0.03807910  0.03877084
  0.03807910 -0.03877084   -0.19693922 -0.05671022   -0.03807910  0.03877084
 -0.03807910  0.03877084   -0.03807910  0.03877084   -0.19693922 -0.05671022
    2    1
 -0.19693922  0.05671022    0.03807910  0.03877084   -0.03807910 -0.03877084
  0.03807910  0.03877084   -0.19693922  0.05671022   -0.03807910 -0.03877084
 -0.03807910 -0.03877084   -0.03807910 -0.03877084   -0.19693922  0.05671022
    2    2
  0.27366868  0.00000000    0.01102999  0.00000000   -0.01102999  0.00000000
  0.01102999  0.00000000    0.27366868  0.00000000   -0.01102999  0.00000000
 -0.01102999  0.00000000   -0.01102999  0.00000000    0.27366868  0.00000000

     Dynamical  Matrix in cartesian axes

     q = (   -0.250000000   0.250000000   0.250000000 ) 

    1    1
  0.27366868  0.00000000   -0.01102999  0.00000000   -0.01102999  0.00000000
 -0.01102999  0.00000000    0.27366868  0.00000000    0.01102999  0.00000000
 -0.01102999  0.00000000    0.01102999  0.00000000    0.27366868  0.00000000
    1    2
 -0.19693922  0.05671022   -0.03807910 -0.03877084   -0.03807910 -0.03877084
 -0.03807910 -0.03877084   -0.19693922  0.05671022    0.03807910  0.03877084
 -0.03807910 -0.03877084    0.03807910  0.03877084   -0.19693922  0.05671022
    2    1
 -0.19693922 -0.05671022   -0.03807910  0.03877084   -0.03807910  0.03877084
 -0.03807910  0.03877084   -0.19693922 -0.05671022    0.03807910 -0.03877084
 -0.03807910  0.03877084    0.03807910 -0.03877084   -0.19693922 -0.05671022
    2    2
  0.27366868  0.00000000   -0.01102999  0.00000000   -0.01102999  0.00000000
 -0.01102999  0.00000000    0.27366868  0.00000000    0.01102999  0.00000000
 -0.01102999  0.00000000    0.01102999  0.00000000    0.27366868  0.00000000

     Dynamical  Matrix in cartesian axes

     q = (    0.250000000   0.250000000  -0.250000000 ) 

    1    1
  0.27366868  0.00000000    0.01102999  0.00000000   -0.01102999  0.00000000
  0.01102999  0.00000000    0.27366868  0.00000000   -0.01102999  0.00000000
 -0.01102999  0.00000000   -0.01102999  0.00000000    0.27366868  0.00000000
    1    2
 -0.19693922  0.05671022    0.03807910  0.03877084   -0.03807910 -0.03877084
  0.03807910  0.03877084   -0.19693922  0.05671022   -0.03807910 -0.03877084
 -0.03807910 -0.03877084   -0.03807910 -0.03877084   -0.19693922  0.05671022
    2    1
 -0.19693922 -0.05671022    0.03807910 -0.03877084   -0.03807910  0.03877084
  0.03807910 -0.03877084   -0.19693922 -0.05671022   -0.03807910  0.03877084
 -0.03807910  0.03877084   -0.03807910  0.03877084   -0.19693922 -0.05671022
    2    2
  0.27366868  0.00000000    0.01102999  0.00000000   -0.01102999  0.00000000
  0.01102999  0.00000000    0.27366868  0.00000000   -0.01102999  0.00000000
 -0.01102999  0.00000000   -0.01102999  0.00000000    0.27366868  0.00000000

     Diagonalizing the dynamical matrix

     q = (   -0.250000000   0.250000000  -0.250000000 ) 

 **************************************************************************
     freq (    1) =       3.374716 [THz] =     112.568406 [cm-1]
 (  0.060127  0.006227 -0.465808 -0.033919 -0.525934 -0.040146 ) 
 (  0.060426  0.001633 -0.467038  0.001633 -0.527464  0.000000 ) 
     freq (    2) =       3.374716 [THz] =     112.568406 [cm-1]
 (  0.572779  0.040042  0.338695  0.022174 -0.234084 -0.017868 ) 
 (  0.574165 -0.003668  0.339400 -0.003668 -0.234765  0.000000 ) 
     freq (    3) =       6.977205 [THz] =     232.734497 [cm-1]
 ( -0.273047 -0.303500  0.273047  0.303500 -0.273047 -0.303500 ) 
 ( -0.408248 -0.000000  0.408248 -0.000000 -0.408248  0.000000 ) 
     freq (    4) =      14.190981 [THz] =     473.360183 [cm-1]
 ( -0.273047 -0.303500  0.273047  0.303500 -0.273047 -0.303500 ) 
 (  0.408248  0.000000 -0.408248  0.000000  0.408248  0.000000 ) 
     freq (    5) =      14.515373 [THz] =     484.180732 [cm-1]
 ( -0.379605  0.044653 -0.564452  0.030543 -0.184847 -0.014110 ) 
 (  0.375105 -0.073415  0.560490 -0.073415  0.185385  0.000000 ) 
     freq (    6) =      14.515373 [THz] =     484.180732 [cm-1]
 ( -0.432637 -0.008060  0.112555  0.033555  0.545192  0.041615 ) 
 (  0.431995 -0.024891 -0.114782 -0.024891 -0.546778  0.000000 ) 
 **************************************************************************
