Dynamical matrix file
                                                                           
  1    2  2 10.3100000  0.0000000  0.0000000  0.0000000  0.0000000  0.0000000
           1  'Si  '    25598.822984527003     
    1    1      0.0000000000      0.0000000000      0.0000000000
    2    1      0.2500000000      0.2500000000      0.2500000000

     Dynamical  Matrix in cartesian axes

     q = (    0.750000000  -0.250000000   0.750000000 ) 

    1    1
  0.23713062 -0.00000000   -0.00493331  0.00749714    0.00210436 -0.00000000
 -0.00493331 -0.00749714    0.29320274  0.00000000   -0.00493331 -0.00749714
  0.00210436 -0.00000000   -0.00493331  0.00749714    0.23713062 -0.00000000
    1    2
 -0.06443277  0.05612111   -0.03764076  0.04190966   -0.04277200 -0.13582071
 -0.03764076  0.04190966   -0.06312284  0.07501838   -0.03764076  0.04190966
 -0.04277200 -0.13582071   -0.03764076  0.04190966   -0.06443277  0.05612111
    2    1
 -0.06443277 -0.05612111   -0.03764076 -0.04190966   -0.04277200  0.13582071
 -0.03764076 -0.04190966   -0.06312284 -0.07501838   -0.03764076 -0.04190966
 -0.04277200  0.13582071   -0.03764076 -0.04190966   -0.06443277 -0.05612111
    2    2
  0.23713062  0.00000000   -0.00493331 -0.00749714    0.00210436  0.00000000
 -0.00493331  0.00749714    0.29320274 -0.00000000   -0.00493331  0.00749714
  0.00210436  0.00000000   -0.00493331 -0.00749714    0.23713062  0.00000000

     Dynamical  Matrix in cartesian axes

     q = (    0.750000000  -0.250000000  -0.750000000 ) 

    1    1
  0.23713062  0.00000000   -0.00493331 -0.00749714   -0.00210436 -0.00000000
 -0.00493331  0.00749714    0.29320274 -0.00000000    0.00493331 -0.00749714
 -0.00210436 -0.00000000    0.00493331  0.00749714    0.23713062  0.00000000
    1    2
 -0.05612111  0.06443277   -0.04190966  0.03764076   -0.13582071 -0.04277200
 -0.04190966  0.03764076   -0.07501838  0.06312284    0.04190966 -0.03764076
 -0.13582071 -0.04277200    0.04190966 -0.03764076   -0.05612111  0.06443277
    2    1
 -0.05612111 -0.06443277   -0.04190966 -0.03764076   -0.13582071  0.04277200
 -0.04190966 -0.03764076   -0.07501838 -0.06312284    0.04190966  0.03764076
 -0.13582071  0.04277200    0.04190966  0.03764076   -0.05612111 -0.06443277
    2    2
  0.23713062 -0.00000000   -0.00493331  0.00749714   -0.00210436  0.00000000
 -0.00493331 -0.00749714    0.29320274  0.00000000    0.00493331  0.00749714
 -0.00210436  0.00000000    0.00493331 -0.00749714    0.23713062 -0.00000000

     Dynamical  Matrix in cartesian axes

     q = (   -0.750000000  -0.250000000  -0.750000000 ) 

    1    1
  0.23713062 -0.00000000    0.00493331 -0.00749714    0.00210436 -0.00000000
  0.00493331  0.00749714    0.29320274  0.00000000    0.00493331  0.00749714
  0.00210436 -0.00000000    0.00493331 -0.00749714    0.23713062 -0.00000000
    1    2
  0.05612111  0.06443277   -0.04190966 -0.03764076   -0.13582071  0.04277200
 -0.04190966 -0.03764076    0.07501838  0.06312284   -0.04190966 -0.03764076
 -0.13582071  0.04277200   -0.04190966 -0.03764076    0.05612111  0.06443277
    2    1
  0.05612111 -0.06443277   -0.04190966  0.03764076   -0.13582071 -0.04277200
 -0.04190966  0.03764076    0.07501838 -0.06312284   -0.04190966  0.03764076
 -0.13582071 -0.04277200   -0.04190966  0.03764076    0.05612111 -0.06443277
    2    2
  0.23713062  0.00000000    0.00493331  0.00749714    0.00210436  0.00000000
  0.00493331 -0.00749714    0.29320274 -0.00000000    0.00493331 -0.00749714
  0.00210436  0.00000000    0.00493331  0.00749714    0.23713062  0.00000000

     Dynamical  Matrix in cartesian axes

     q = (   -0.750000000  -0.250000000   0.750000000 ) 

    1    1
  0.23713062  0.00000000    0.00493331  0.00749714   -0.00210436 -0.00000000
  0.00493331 -0.00749714    0.29320274 -0.00000000   -0.00493331  0.00749714
 -0.00210436 -0.00000000   -0.00493331 -0.00749714    0.23713062  0.00000000
    1    2
 -0.05612111  0.06443277    0.04190966 -0.03764076   -0.13582071 -0.04277200
  0.04190966 -0.03764076   -0.07501838  0.06312284   -0.04190966  0.03764076
 -0.13582071 -0.04277200   -0.04190966  0.03764076   -0.05612111  0.06443277
    2    1
 -0.05612111 -0.06443277    0.04190966  0.03764076   -0.13582071  0.04277200
  0.04190966  0.03764076   -0.07501838 -0.06312284   -0.04190966 -0.03764076
 -0.13582071  0.04277200   -0.04190966 -0.03764076   -0.05612111 -0.06443277
    2    2
  0.23713062 -0.00000000    0.00493331 -0.00749714   -0.00210436  0.00000000
  0.00493331  0.00749714    0.29320274  0.00000000   -0.00493331 -0.00749714
 -0.00210436  0.00000000   -0.00493331  0.00749714    0.23713062 -0.00000000

     Dynamical  Matrix in cartesian axes

     q = (   -0.750000000   0.250000000  -0.750000000 ) 

    1    1
  0.23713062  0.00000000   -0.00493331 -0.00749714    0.00210436  0.00000000
 -0.00493331  0.00749714    0.29320274 -0.00000000   -0.00493331  0.00749714
  0.00210436  0.00000000   -0.00493331 -0.00749714    0.23713062  0.00000000
    1    2
 -0.06443277 -0.05612111   -0.03764076 -0.04190966   -0.04277200  0.13582071
 -0.03764076 -0.04190966   -0.06312284 -0.07501838   -0.03764076 -0.04190966
 -0.04277200  0.13582071   -0.03764076 -0.04190966   -0.06443277 -0.05612111
    2    1
 -0.06443277  0.05612111   -0.03764076  0.04190966   -0.04277200 -0.13582071
 -0.03764076  0.04190966   -0.06312284  0.07501838   -0.03764076  0.04190966
 -0.04277200 -0.13582071   -0.03764076  0.04190966   -0.06443277  0.05612111
    2    2
  0.23713062 -0.00000000   -0.00493331  0.00749714    0.00210436 -0.00000000
 -0.00493331 -0.00749714    0.29320274  0.00000000   -0.00493331 -0.00749714
  0.00210436 -0.00000000   -0.00493331  0.00749714    0.23713062 -0.00000000

     Dynamical  Matrix in cartesian axes

     q = (   -0.250000000   0.750000000  -0.750000000 ) 

    1    1
  0.29320274 -0.00000000   -0.00493331  0.00749714    0.00493331 -0.00749714
 -0.00493331 -0.00749714    0.23713062  0.00000000   -0.00210436 -0.00000000
  0.00493331  0.00749714   -0.00210436 -0.00000000    0.23713062  0.00000000
    1    2
 -0.07501838  0.06312284   -0.04190966  0.03764076    0.04190966 -0.03764076
 -0.04190966  0.03764076   -0.05612111  0.06443277   -0.13582071 -0.04277200
  0.04190966 -0.03764076   -0.13582071 -0.04277200   -0.05612111  0.06443277
    2    1
 -0.07501838 -0.06312284   -0.04190966 -0.03764076    0.04190966  0.03764076
 -0.04190966 -0.03764076   -0.05612111 -0.06443277   -0.13582071  0.04277200
  0.04190966  0.03764076   -0.13582071  0.04277200   -0.05612111 -0.06443277
    2    2
  0.29320274  0.00000000   -0.00493331 -0.00749714    0.00493331  0.00749714
 -0.00493331  0.00749714    0.23713062 -0.00000000   -0.00210436  0.00000000
  0.00493331 -0.00749714   -0.00210436  0.00000000    0.23713062 -0.00000000

     Dynamical  Matrix in cartesian axes

     q = (   -0.750000000   0.750000000  -0.250000000 ) 

    1    1
  0.23713062  0.00000000   -0.00210436 -0.00000000    0.00493331  0.00749714
 -0.00210436 -0.00000000    0.23713062  0.00000000   -0.00493331 -0.00749714
  0.00493331 -0.00749714   -0.00493331  0.00749714    0.29320274 -0.00000000
    1    2
 -0.05612111  0.06443277   -0.13582071 -0.04277200    0.04190966 -0.03764076
 -0.13582071 -0.04277200   -0.05612111  0.06443277   -0.04190966  0.03764076
  0.04190966 -0.03764076   -0.04190966  0.03764076   -0.07501838  0.06312284
    2    1
 -0.05612111 -0.06443277   -0.13582071  0.04277200    0.04190966  0.03764076
 -0.13582071  0.04277200   -0.05612111 -0.06443277   -0.04190966 -0.03764076
  0.04190966  0.03764076   -0.04190966 -0.03764076   -0.07501838 -0.06312284
    2    2
  0.23713062 -0.00000000   -0.00210436  0.00000000    0.00493331 -0.00749714
 -0.00210436  0.00000000    0.23713062 -0.00000000   -0.00493331  0.00749714
  0.00493331  0.00749714   -0.00493331 -0.00749714    0.29320274  0.00000000

     Dynamical  Matrix in cartesian axes

     q = (    0.750000000   0.250000000   0.750000000 ) 

    1    1
  0.23713062  0.00000000    0.00493331  0.00749714    0.00210436  0.00000000
  0.00493331 -0.00749714    0.29320274 -0.00000000    0.00493331 -0.00749714
  0.00210436  0.00000000    0.00493331  0.00749714    0.23713062  0.00000000
    1    2
  0.05612111 -0.06443277   -0.04190966  0.03764076   -0.13582071 -0.04277200
 -0.04190966  0.03764076    0.07501838 -0.06312284   -0.04190966  0.03764076
 -0.13582071 -0.04277200   -0.04190966  0.03764076    0.05612111 -0.06443277
    2    1
  0.05612111  0.06443277   -0.04190966 -0.03764076   -0.13582071  0.04277200
 -0.04190966 -0.03764076    0.07501838  0.06312284   -0.04190966 -0.03764076
 -0.13582071  0.04277200   -0.04190966 -0.03764076    0.05612111  0.06443277
    2    2
  0.23713062 -0.00000000    0.00493331 -0.00749714    0.00210436 -0.00000000
  0.00493331  0.00749714    0.29320274  0.00000000    0.00493331  0.00749714
  0.00210436 -0.00000000    0.00493331 -0.00749714    0.23713062 -0.00000000

     Dynamical  Matrix in cartesian axes

     q = (   -0.750000000   0.250000000   0.750000000 ) 

    1    1
  0.23713062 -0.00000000   -0.00493331  0.00749714   -0.00210436  0.00000000
 -0.00493331 -0.00749714    0.29320274  0.00000000    0.00493331  0.00749714
 -0.00210436  0.00000000    0.00493331 -0.00749714    0.23713062 -0.00000000
    1    2
 -0.05612111 -0.06443277   -0.04190966 -0.03764076   -0.13582071  0.04277200
 -0.04190966 -0.03764076   -0.07501838 -0.06312284    0.04190966  0.03764076
 -0.13582071  0.04277200    0.04190966  0.03764076   -0.05612111 -0.06443277
    2    1
 -0.05612111  0.06443277   -0.04190966  0.03764076   -0.13582071 -0.04277200
 -0.04190966  0.03764076   -0.07501838  0.06312284    0.04190966 -0.03764076
 -0.13582071 -0.04277200    0.04190966 -0.03764076   -0.05612111  0.06443277
    2    2
  0.23713062  0.00000000   -0.00493331 -0.00749714   -0.00210436 -0.00000000
 -0.00493331  0.00749714    0.29320274 -0.00000000    0.00493331 -0.00749714
 -0.00210436 -0.00000000    0.00493331  0.00749714    0.23713062  0.00000000

     Dynamical  Matrix in cartesian axes

     q = (    0.750000000   0.250000000  -0.750000000 ) 

    1    1
  0.23713062 -0.00000000    0.00493331 -0.00749714   -0.00210436  0.00000000
  0.00493331  0.00749714    0.29320274  0.00000000   -0.00493331 -0.00749714
 -0.00210436  0.00000000   -0.00493331  0.00749714    0.23713062 -0.00000000
    1    2
 -0.05612111 -0.06443277    0.04190966  0.03764076   -0.13582071  0.04277200
  0.04190966  0.03764076   -0.07501838 -0.06312284   -0.04190966 -0.03764076
 -0.13582071  0.04277200   -0.04190966 -0.03764076   -0.05612111 -0.06443277
    2    1
 -0.05612111  0.06443277    0.04190966 -0.03764076   -0.13582071 -0.04277200
  0.04190966 -0.03764076   -0.07501838  0.06312284   -0.04190966  0.03764076
 -0.13582071 -0.04277200   -0.04190966  0.03764076   -0.05612111  0.06443277
    2    2
  0.23713062  0.00000000    0.00493331  0.00749714   -0.00210436 -0.00000000
  0.00493331 -0.00749714    0.29320274 -0.00000000   -0.00493331  0.00749714
 -0.00210436 -0.00000000   -0.00493331 -0.00749714    0.23713062  0.00000000

     Dynamical  Matrix in cartesian axes

     q = (   -0.750000000   0.750000000   0.250000000 ) 

    1    1
  0.23713062 -0.00000000   -0.00210436  0.00000000   -0.00493331  0.00749714
 -0.00210436  0.00000000    0.23713062 -0.00000000    0.00493331 -0.00749714
 -0.00493331 -0.00749714    0.00493331  0.00749714    0.29320274  0.00000000
    1    2
 -0.05612111 -0.06443277   -0.13582071  0.04277200   -0.04190966 -0.03764076
 -0.13582071  0.04277200   -0.05612111 -0.06443277    0.04190966  0.03764076
 -0.04190966 -0.03764076    0.04190966  0.03764076   -0.07501838 -0.06312284
    2    1
 -0.05612111  0.06443277   -0.13582071 -0.04277200   -0.04190966  0.03764076
 -0.13582071 -0.04277200   -0.05612111  0.06443277    0.04190966 -0.03764076
 -0.04190966  0.03764076    0.04190966 -0.03764076   -0.07501838  0.06312284
    2    2
  0.23713062  0.00000000   -0.00210436 -0.00000000   -0.00493331 -0.00749714
 -0.00210436 -0.00000000    0.23713062  0.00000000    0.00493331  0.00749714
 -0.00493331  0.00749714    0.00493331 -0.00749714    0.29320274 -0.00000000

     Dynamical  Matrix in cartesian axes

     q = (   -0.250000000   0.750000000   0.750000000 ) 

    1    1
  0.29320274  0.00000000   -0.00493331 -0.00749714   -0.00493331 -0.00749714
 -0.00493331  0.00749714    0.23713062 -0.00000000    0.00210436 -0.00000000
 -0.00493331  0.00749714    0.00210436 -0.00000000    0.23713062 -0.00000000
    1    2
 -0.06312284  0.07501838   -0.03764076  0.04190966   -0.03764076  0.04190966
 -0.03764076  0.04190966   -0.06443277  0.05612111   -0.04277200 -0.13582071
 -0.03764076  0.04190966   -0.04277200 -0.13582071   -0.06443277  0.05612111
    2    1
 -0.06312284 -0.07501838   -0.03764076 -0.04190966   -0.03764076 -0.04190966
 -0.03764076 -0.04190966   -0.06443277 -0.05612111   -0.04277200  0.13582071
 -0.03764076 -0.04190966   -0.04277200  0.13582071   -0.06443277 -0.05612111
    2    2
  0.29320274 -0.00000000   -0.00493331  0.00749714   -0.00493331  0.00749714
 -0.00493331 -0.00749714    0.23713062  0.00000000    0.00210436  0.00000000
 -0.00493331 -0.00749714    0.00210436  0.00000000    0.23713062  0.00000000

     Dynamical  Matrix in cartesian axes

     q = (    0.250000000   0.750000000  -0.750000000 ) 

    1    1
  0.29320274  0.00000000    0.00493331  0.00749714   -0.00493331 -0.00749714
  0.00493331 -0.00749714    0.23713062 -0.00000000   -0.00210436  0.00000000
 -0.00493331  0.00749714   -0.00210436  0.00000000    0.23713062 -0.00000000
    1    2
 -0.07501838 -0.06312284    0.04190966  0.03764076   -0.04190966 -0.03764076
  0.04190966  0.03764076   -0.05612111 -0.06443277   -0.13582071  0.04277200
 -0.04190966 -0.03764076   -0.13582071  0.04277200   -0.05612111 -0.06443277
    2    1
 -0.07501838  0.06312284    0.04190966 -0.03764076   -0.04190966  0.03764076
  0.04190966 -0.03764076   -0.05612111  0.06443277   -0.13582071 -0.04277200
 -0.04190966  0.03764076   -0.13582071 -0.04277200   -0.05612111  0.06443277
    2    2
  0.29320274 -0.00000000    0.00493331 -0.00749714   -0.00493331  0.00749714
  0.00493331  0.00749714    0.23713062  0.00000000   -0.00210436 -0.00000000
 -0.00493331 -0.00749714   -0.00210436 -0.00000000    0.23713062  0.00000000

     Dynamical  Matrix in cartesian axes

     q = (   -0.250000000  -0.750000000  -0.750000000 ) 

    1    1
  0.29320274  0.00000000    0.00493331  0.00749714    0.00493331  0.00749714
  0.00493331 -0.00749714    0.23713062 -0.00000000    0.00210436 -0.00000000
  0.00493331 -0.00749714    0.00210436 -0.00000000    0.23713062 -0.00000000
    1    2
  0.07501838  0.06312284   -0.04190966 -0.03764076   -0.04190966 -0.03764076
 -0.04190966 -0.03764076    0.05612111  0.06443277   -0.13582071  0.04277200
 -0.04190966 -0.03764076   -0.13582071  0.04277200    0.05612111  0.06443277
    2    1
  0.07501838 -0.06312284   -0.04190966  0.03764076   -0.04190966  0.03764076
 -0.04190966  0.03764076    0.05612111 -0.06443277   -0.13582071 -0.04277200
 -0.04190966  0.03764076   -0.13582071 -0.04277200    0.05612111 -0.06443277
    2    2
  0.29320274 -0.00000000    0.00493331 -0.00749714    0.00493331 -0.00749714
  0.00493331  0.00749714    0.23713062  0.00000000    0.00210436  0.00000000
  0.00493331  0.00749714    0.00210436  0.00000000    0.23713062  0.00000000

     Dynamical  Matrix in cartesian axes

     q = (    0.750000000   0.750000000  -0.250000000 ) 

    1    1
  0.23713062 -0.00000000    0.00210436 -0.00000000   -0.00493331  0.00749714
  0.00210436 -0.00000000    0.23713062 -0.00000000   -0.00493331  0.00749714
 -0.00493331 -0.00749714   -0.00493331 -0.00749714    0.29320274  0.00000000
    1    2
 -0.06443277  0.05612111   -0.04277200 -0.13582071   -0.03764076  0.04190966
 -0.04277200 -0.13582071   -0.06443277  0.05612111   -0.03764076  0.04190966
 -0.03764076  0.04190966   -0.03764076  0.04190966   -0.06312284  0.07501838
    2    1
 -0.06443277 -0.05612111   -0.04277200  0.13582071   -0.03764076 -0.04190966
 -0.04277200  0.13582071   -0.06443277 -0.05612111   -0.03764076 -0.04190966
 -0.03764076 -0.04190966   -0.03764076 -0.04190966   -0.06312284 -0.07501838
    2    2
  0.23713062  0.00000000    0.00210436  0.00000000   -0.00493331 -0.00749714
  0.00210436  0.00000000    0.23713062  0.00000000   -0.00493331 -0.00749714
 -0.00493331  0.00749714   -0.00493331  0.00749714    0.29320274 -0.00000000

     Dynamical  Matrix in cartesian axes

     q = (    0.750000000  -0.750000000   0.250000000 ) 

    1    1
  0.23713062 -0.00000000   -0.00210436  0.00000000    0.00493331 -0.00749714
 -0.00210436  0.00000000    0.23713062 -0.00000000   -0.00493331  0.00749714
  0.00493331  0.00749714   -0.00493331 -0.00749714    0.29320274  0.00000000
    1    2
 -0.05612111 -0.06443277   -0.13582071  0.04277200    0.04190966  0.03764076
 -0.13582071  0.04277200   -0.05612111 -0.06443277   -0.04190966 -0.03764076
  0.04190966  0.03764076   -0.04190966 -0.03764076   -0.07501838 -0.06312284
    2    1
 -0.05612111  0.06443277   -0.13582071 -0.04277200    0.04190966 -0.03764076
 -0.13582071 -0.04277200   -0.05612111  0.06443277   -0.04190966  0.03764076
  0.04190966 -0.03764076   -0.04190966  0.03764076   -0.07501838  0.06312284
    2    2
  0.23713062  0.00000000   -0.00210436 -0.00000000    0.00493331  0.00749714
 -0.00210436 -0.00000000    0.23713062  0.00000000   -0.00493331 -0.00749714
  0.00493331 -0.00749714   -0.00493331  0.00749714    0.29320274 -0.00000000

     Dynamical  Matrix in cartesian axes

     q = (   -0.750000000  -0.750000000  -0.250000000 ) 

    1    1
  0.23713062 -0.00000000    0.00210436 -0.00000000    0.00493331 -0.00749714
  0.00210436 -0.00000000    0.23713062 -0.00000000    0.00493331 -0.00749714
  0.00493331  0.00749714    0.00493331  0.00749714    0.29320274  0.00000000
    1    2
  0.05612111  0.06443277   -0.13582071  0.04277200   -0.04190966 -0.03764076
 -0.13582071  0.04277200    0.05612111  0.06443277   -0.04190966 -0.03764076
 -0.04190966 -0.03764076   -0.04190966 -0.03764076    0.07501838  0.06312284
    2    1
  0.05612111 -0.06443277   -0.13582071 -0.04277200   -0.04190966  0.03764076
 -0.13582071 -0.04277200    0.05612111 -0.06443277   -0.04190966  0.03764076
 -0.04190966  0.03764076   -0.04190966  0.03764076    0.07501838 -0.06312284
    2    2
  0.23713062  0.00000000    0.00210436  0.00000000    0.00493331  0.00749714
  0.00210436  0.00000000    0.23713062  0.00000000    0.00493331  0.00749714
  0.00493331 -0.00749714    0.00493331 -0.00749714    0.29320274 -0.00000000

     Dynamical  Matrix in cartesian axes

     q = (    0.250000000  -0.750000000   0.750000000 ) 

    1    1
  0.29320274  0.00000000   -0.00493331 -0.00749714    0.00493331  0.00749714
 -0.00493331  0.00749714    0.23713062 -0.00000000   -0.00210436  0.00000000
  0.00493331 -0.00749714   -0.00210436  0.00000000    0.23713062 -0.00000000
    1    2
 -0.07501838 -0.06312284   -0.04190966 -0.03764076    0.04190966  0.03764076
 -0.04190966 -0.03764076   -0.05612111 -0.06443277   -0.13582071  0.04277200
  0.04190966  0.03764076   -0.13582071  0.04277200   -0.05612111 -0.06443277
    2    1
 -0.07501838  0.06312284   -0.04190966  0.03764076    0.04190966 -0.03764076
 -0.04190966  0.03764076   -0.05612111  0.06443277   -0.13582071 -0.04277200
  0.04190966 -0.03764076   -0.13582071 -0.04277200   -0.05612111  0.06443277
    2    2
  0.29320274 -0.00000000   -0.00493331  0.00749714    0.00493331 -0.00749714
 -0.00493331 -0.00749714    0.23713062  0.00000000   -0.00210436 -0.00000000
  0.00493331  0.00749714   -0.00210436 -0.00000000    0.23713062  0.00000000

     Dynamical  Matrix in cartesian axes

     q = (   -0.750000000  -0.750000000   0.250000000 ) 

    1    1
  0.23713062  0.00000000    0.00210436  0.00000000   -0.00493331 -0.00749714
  0.00210436  0.00000000    0.23713062  0.00000000   -0.00493331 -0.00749714
 -0.00493331  0.00749714   -0.00493331  0.00749714    0.29320274 -0.00000000
    1    2
 -0.06443277 -0.05612111   -0.04277200  0.13582071   -0.03764076 -0.04190966
 -0.04277200  0.13582071   -0.06443277 -0.05612111   -0.03764076 -0.04190966
 -0.03764076 -0.04190966   -0.03764076 -0.04190966   -0.06312284 -0.07501838
    2    1
 -0.06443277  0.05612111   -0.04277200 -0.13582071   -0.03764076  0.04190966
 -0.04277200 -0.13582071   -0.06443277  0.05612111   -0.03764076  0.04190966
 -0.03764076  0.04190966   -0.03764076  0.04190966   -0.06312284  0.07501838
    2    2
  0.23713062 -0.00000000    0.00210436 -0.00000000   -0.00493331  0.00749714
  0.00210436 -0.00000000    0.23713062 -0.00000000   -0.00493331  0.00749714
 -0.00493331 -0.00749714   -0.00493331 -0.00749714    0.29320274  0.00000000

     Dynamical  Matrix in cartesian axes

     q = (    0.250000000   0.750000000   0.750000000 ) 

    1    1
  0.29320274 -0.00000000    0.00493331 -0.00749714    0.00493331 -0.00749714
  0.00493331  0.00749714    0.23713062  0.00000000    0.00210436  0.00000000
  0.00493331  0.00749714    0.00210436  0.00000000    0.23713062  0.00000000
    1    2
  0.07501838 -0.06312284   -0.04190966  0.03764076   -0.04190966  0.03764076
 -0.04190966  0.03764076    0.05612111 -0.06443277   -0.13582071 -0.04277200
 -0.04190966  0.03764076   -0.13582071 -0.04277200    0.05612111 -0.06443277
    2    1
  0.07501838  0.06312284   -0.04190966 -0.03764076   -0.04190966 -0.03764076
 -0.04190966 -0.03764076    0.05612111  0.06443277   -0.13582071  0.04277200
 -0.04190966 -0.03764076   -0.13582071  0.04277200    0.05612111  0.06443277
    2    2
  0.29320274  0.00000000    0.00493331  0.00749714    0.00493331  0.00749714
  0.00493331 -0.00749714    0.23713062 -0.00000000    0.00210436 -0.00000000
  0.00493331 -0.00749714    0.00210436 -0.00000000    0.23713062 -0.00000000

     Dynamical  Matrix in cartesian axes

     q = (   -0.250000000  -0.750000000   0.750000000 ) 

    1    1
  0.29320274 -0.00000000    0.00493331 -0.00749714   -0.00493331  0.00749714
  0.00493331  0.00749714    0.23713062  0.00000000   -0.00210436 -0.00000000
 -0.00493331 -0.00749714   -0.00210436 -0.00000000    0.23713062  0.00000000
    1    2
 -0.07501838  0.06312284    0.04190966 -0.03764076   -0.04190966  0.03764076
  0.04190966 -0.03764076   -0.05612111  0.06443277   -0.13582071 -0.04277200
 -0.04190966  0.03764076   -0.13582071 -0.04277200   -0.05612111  0.06443277
    2    1
 -0.07501838 -0.06312284    0.04190966  0.03764076   -0.04190966 -0.03764076
  0.04190966  0.03764076   -0.05612111 -0.06443277   -0.13582071  0.04277200
 -0.04190966 -0.03764076   -0.13582071  0.04277200   -0.05612111 -0.06443277
    2    2
  0.29320274  0.00000000    0.00493331  0.00749714   -0.00493331 -0.00749714
  0.00493331 -0.00749714    0.23713062 -0.00000000   -0.00210436  0.00000000
 -0.00493331  0.00749714   -0.00210436  0.00000000    0.23713062 -0.00000000

     Dynamical  Matrix in cartesian axes

     q = (    0.750000000   0.750000000   0.250000000 ) 

    1    1
  0.23713062  0.00000000    0.00210436  0.00000000    0.00493331  0.00749714
  0.00210436  0.00000000    0.23713062  0.00000000    0.00493331  0.00749714
  0.00493331 -0.00749714    0.00493331 -0.00749714    0.29320274 -0.00000000
    1    2
  0.05612111 -0.06443277   -0.13582071 -0.04277200   -0.04190966  0.03764076
 -0.13582071 -0.04277200    0.05612111 -0.06443277   -0.04190966  0.03764076
 -0.04190966  0.03764076   -0.04190966  0.03764076    0.07501838 -0.06312284
    2    1
  0.05612111  0.06443277   -0.13582071  0.04277200   -0.04190966 -0.03764076
 -0.13582071  0.04277200    0.05612111  0.06443277   -0.04190966 -0.03764076
 -0.04190966 -0.03764076   -0.04190966 -0.03764076    0.07501838  0.06312284
    2    2
  0.23713062 -0.00000000    0.00210436 -0.00000000    0.00493331 -0.00749714
  0.00210436 -0.00000000    0.23713062 -0.00000000    0.00493331 -0.00749714
  0.00493331  0.00749714    0.00493331  0.00749714    0.29320274  0.00000000

     Dynamical  Matrix in cartesian axes

     q = (    0.250000000  -0.750000000  -0.750000000 ) 

    1    1
  0.29320274 -0.00000000   -0.00493331  0.00749714   -0.00493331  0.00749714
 -0.00493331 -0.00749714    0.23713062  0.00000000    0.00210436  0.00000000
 -0.00493331 -0.00749714    0.00210436  0.00000000    0.23713062  0.00000000
    1    2
 -0.06312284 -0.07501838   -0.03764076 -0.04190966   -0.03764076 -0.04190966
 -0.03764076 -0.04190966   -0.06443277 -0.05612111   -0.04277200  0.13582071
 -0.03764076 -0.04190966   -0.04277200  0.13582071   -0.06443277 -0.05612111
    2    1
 -0.06312284  0.07501838   -0.03764076  0.04190966   -0.03764076  0.04190966
 -0.03764076  0.04190966   -0.06443277  0.05612111   -0.04277200 -0.13582071
 -0.03764076  0.04190966   -0.04277200 -0.13582071   -0.06443277  0.05612111
    2    2
  0.29320274  0.00000000   -0.00493331 -0.00749714   -0.00493331 -0.00749714
 -0.00493331  0.00749714    0.23713062 -0.00000000    0.00210436 -0.00000000
 -0.00493331  0.00749714    0.00210436 -0.00000000    0.23713062 -0.00000000

     Dynamical  Matrix in cartesian axes

     q = (    0.750000000  -0.750000000  -0.250000000 ) 

    1    1
  0.23713062  0.00000000   -0.00210436 -0.00000000   -0.00493331 -0.00749714
 -0.00210436 -0.00000000    0.23713062  0.00000000    0.00493331  0.00749714
 -0.00493331  0.00749714    0.00493331 -0.00749714    0.29320274 -0.00000000
    1    2
 -0.05612111  0.06443277   -0.13582071 -0.04277200   -0.04190966  0.03764076
 -0.13582071 -0.04277200   -0.05612111  0.06443277    0.04190966 -0.03764076
 -0.04190966  0.03764076    0.04190966 -0.03764076   -0.07501838  0.06312284
    2    1
 -0.05612111 -0.06443277   -0.13582071  0.04277200   -0.04190966 -0.03764076
 -0.13582071  0.04277200   -0.05612111 -0.06443277    0.04190966  0.03764076
 -0.04190966 -0.03764076    0.04190966  0.03764076   -0.07501838 -0.06312284
    2    2
  0.23713062 -0.00000000   -0.00210436  0.00000000   -0.00493331  0.00749714
 -0.00210436  0.00000000    0.23713062 -0.00000000    0.00493331 -0.00749714
 -0.00493331 -0.00749714    0.00493331  0.00749714    0.29320274  0.00000000

     Diagonalizing the dynamical matrix

     q = (    0.750000000  -0.250000000   0.750000000 ) 

 **************************************************************************
     freq (    1) =       4.207230 [THz] =     140.338087 [cm-1]
 (  0.056069 -0.496846 -0.000000 -0.000000 -0.056069  0.496846 ) 
 (  0.500000 -0.000000 -0.000000 -0.000000 -0.500000  0.000000 ) 
     freq (    2) =       5.507713 [THz] =     183.717521 [cm-1]
 ( -0.396667 -0.197572 -0.299919  0.131490 -0.396667 -0.197572 ) 
 ( -0.443147  0.000000 -0.209839 -0.251414 -0.443147  0.000000 ) 
     freq (    3) =       9.095735 [THz] =     303.401075 [cm-1]
 (  0.133543 -0.245950  0.388469  0.438681  0.133543 -0.245950 ) 
 ( -0.279866 -0.000000  0.200153  0.550716 -0.279866  0.000000 ) 
     freq (    4) =      12.063271 [THz] =     402.387397 [cm-1]
 (  0.106327  0.312964 -0.414398 -0.331315  0.106327  0.312964 ) 
 ( -0.330533  0.000000  0.447010  0.285793 -0.330533  0.000000 ) 
     freq (    5) =      13.454932 [THz] =     448.808207 [cm-1]
 (  0.056069 -0.496846  0.000000 -0.000000 -0.056069  0.496846 ) 
 ( -0.500000  0.000000  0.000000 -0.000000  0.500000  0.000000 ) 
     freq (    6) =      13.843210 [THz] =     461.759767 [cm-1]
 ( -0.303134 -0.155412 -0.473097  0.209982 -0.303134 -0.155412 ) 
 (  0.340651  0.000000  0.325196  0.402693  0.340651 -0.000000 ) 
 **************************************************************************
