Dynamical matrix file
                                                                           
  1    2  2 10.3440000  0.0000000  0.0000000  0.0000000  0.0000000  0.0000000
           1  'Si  '    25598.822984527003     
    1    1      0.0000000000      0.0000000000      0.0000000000
    2    1      0.2500000000      0.2500000000      0.2500000000

     Dynamical  Matrix in cartesian axes

     q = (    0.750000000  -0.250000000   0.750000000 ) 

    1    1
  0.24355419 -0.00000000   -0.00470394  0.00740360    0.00141727 -0.00000000
 -0.00470394 -0.00740360    0.29932188  0.00000000   -0.00470394 -0.00740360
  0.00141727 -0.00000000   -0.00470394  0.00740360    0.24355419 -0.00000000
    1    2
 -0.05791938  0.06757354   -0.03607909  0.04013137   -0.04092128 -0.13020663
 -0.03607909  0.04013137   -0.05644994  0.08675362   -0.03607909  0.04013137
 -0.04092128 -0.13020663   -0.03607909  0.04013137   -0.05791938  0.06757354
    2    1
 -0.05791938 -0.06757354   -0.03607909 -0.04013137   -0.04092128  0.13020663
 -0.03607909 -0.04013137   -0.05644994 -0.08675362   -0.03607909 -0.04013137
 -0.04092128  0.13020663   -0.03607909 -0.04013137   -0.05791938 -0.06757354
    2    2
  0.24355419  0.00000000   -0.00470394 -0.00740360    0.00141727  0.00000000
 -0.00470394  0.00740360    0.29932188 -0.00000000   -0.00470394  0.00740360
  0.00141727  0.00000000   -0.00470394 -0.00740360    0.24355419  0.00000000

     Dynamical  Matrix in cartesian axes

     q = (    0.750000000  -0.250000000  -0.750000000 ) 

    1    1
  0.24355419  0.00000000   -0.00470394 -0.00740360   -0.00141727 -0.00000000
 -0.00470394  0.00740360    0.29932188 -0.00000000    0.00470394 -0.00740360
 -0.00141727 -0.00000000    0.00470394  0.00740360    0.24355419  0.00000000
    1    2
 -0.06757354  0.05791938   -0.04013137  0.03607909   -0.13020663 -0.04092128
 -0.04013137  0.03607909   -0.08675362  0.05644994    0.04013137 -0.03607909
 -0.13020663 -0.04092128    0.04013137 -0.03607909   -0.06757354  0.05791938
    2    1
 -0.06757354 -0.05791938   -0.04013137 -0.03607909   -0.13020663  0.04092128
 -0.04013137 -0.03607909   -0.08675362 -0.05644994    0.04013137  0.03607909
 -0.13020663  0.04092128    0.04013137  0.03607909   -0.06757354 -0.05791938
    2    2
  0.24355419 -0.00000000   -0.00470394  0.00740360   -0.00141727  0.00000000
 -0.00470394 -0.00740360    0.29932188  0.00000000    0.00470394  0.00740360
 -0.00141727  0.00000000    0.00470394 -0.00740360    0.24355419 -0.00000000

     Dynamical  Matrix in cartesian axes

     q = (   -0.750000000  -0.250000000  -0.750000000 ) 

    1    1
  0.24355419 -0.00000000    0.00470394 -0.00740360    0.00141727 -0.00000000
  0.00470394  0.00740360    0.29932188  0.00000000    0.00470394  0.00740360
  0.00141727 -0.00000000    0.00470394 -0.00740360    0.24355419 -0.00000000
    1    2
  0.06757354  0.05791938   -0.04013137 -0.03607909   -0.13020663  0.04092128
 -0.04013137 -0.03607909    0.08675362  0.05644994   -0.04013137 -0.03607909
 -0.13020663  0.04092128   -0.04013137 -0.03607909    0.06757354  0.05791938
    2    1
  0.06757354 -0.05791938   -0.04013137  0.03607909   -0.13020663 -0.04092128
 -0.04013137  0.03607909    0.08675362 -0.05644994   -0.04013137  0.03607909
 -0.13020663 -0.04092128   -0.04013137  0.03607909    0.06757354 -0.05791938
    2    2
  0.24355419  0.00000000    0.00470394  0.00740360    0.00141727  0.00000000
  0.00470394 -0.00740360    0.29932188 -0.00000000    0.00470394 -0.00740360
  0.00141727  0.00000000    0.00470394  0.00740360    0.24355419  0.00000000

     Dynamical  Matrix in cartesian axes

     q = (   -0.750000000  -0.250000000   0.750000000 ) 

    1    1
  0.24355419  0.00000000    0.00470394  0.00740360   -0.00141727 -0.00000000
  0.00470394 -0.00740360    0.29932188 -0.00000000   -0.00470394  0.00740360
 -0.00141727 -0.00000000   -0.00470394 -0.00740360    0.24355419  0.00000000
    1    2
 -0.06757354  0.05791938    0.04013137 -0.03607909   -0.13020663 -0.04092128
  0.04013137 -0.03607909   -0.08675362  0.05644994   -0.04013137  0.03607909
 -0.13020663 -0.04092128   -0.04013137  0.03607909   -0.06757354  0.05791938
    2    1
 -0.06757354 -0.05791938    0.04013137  0.03607909   -0.13020663  0.04092128
  0.04013137  0.03607909   -0.08675362 -0.05644994   -0.04013137 -0.03607909
 -0.13020663  0.04092128   -0.04013137 -0.03607909   -0.06757354 -0.05791938
    2    2
  0.24355419 -0.00000000    0.00470394 -0.00740360   -0.00141727  0.00000000
  0.00470394  0.00740360    0.29932188  0.00000000   -0.00470394 -0.00740360
 -0.00141727  0.00000000   -0.00470394  0.00740360    0.24355419 -0.00000000

     Dynamical  Matrix in cartesian axes

     q = (   -0.750000000   0.250000000  -0.750000000 ) 

    1    1
  0.24355419  0.00000000   -0.00470394 -0.00740360    0.00141727  0.00000000
 -0.00470394  0.00740360    0.29932188 -0.00000000   -0.00470394  0.00740360
  0.00141727  0.00000000   -0.00470394 -0.00740360    0.24355419  0.00000000
    1    2
 -0.05791938 -0.06757354   -0.03607909 -0.04013137   -0.04092128  0.13020663
 -0.03607909 -0.04013137   -0.05644994 -0.08675362   -0.03607909 -0.04013137
 -0.04092128  0.13020663   -0.03607909 -0.04013137   -0.05791938 -0.06757354
    2    1
 -0.05791938  0.06757354   -0.03607909  0.04013137   -0.04092128 -0.13020663
 -0.03607909  0.04013137   -0.05644994  0.08675362   -0.03607909  0.04013137
 -0.04092128 -0.13020663   -0.03607909  0.04013137   -0.05791938  0.06757354
    2    2
  0.24355419 -0.00000000   -0.00470394  0.00740360    0.00141727 -0.00000000
 -0.00470394 -0.00740360    0.29932188  0.00000000   -0.00470394 -0.00740360
  0.00141727 -0.00000000   -0.00470394  0.00740360    0.24355419 -0.00000000

     Dynamical  Matrix in cartesian axes

     q = (   -0.250000000   0.750000000  -0.750000000 ) 

    1    1
  0.29932188 -0.00000000   -0.00470394  0.00740360    0.00470394 -0.00740360
 -0.00470394 -0.00740360    0.24355419  0.00000000   -0.00141727 -0.00000000
  0.00470394  0.00740360   -0.00141727 -0.00000000    0.24355419  0.00000000
    1    2
 -0.08675362  0.05644994   -0.04013137  0.03607909    0.04013137 -0.03607909
 -0.04013137  0.03607909   -0.06757354  0.05791938   -0.13020663 -0.04092128
  0.04013137 -0.03607909   -0.13020663 -0.04092128   -0.06757354  0.05791938
    2    1
 -0.08675362 -0.05644994   -0.04013137 -0.03607909    0.04013137  0.03607909
 -0.04013137 -0.03607909   -0.06757354 -0.05791938   -0.13020663  0.04092128
  0.04013137  0.03607909   -0.13020663  0.04092128   -0.06757354 -0.05791938
    2    2
  0.29932188  0.00000000   -0.00470394 -0.00740360    0.00470394  0.00740360
 -0.00470394  0.00740360    0.24355419 -0.00000000   -0.00141727  0.00000000
  0.00470394 -0.00740360   -0.00141727  0.00000000    0.24355419 -0.00000000

     Dynamical  Matrix in cartesian axes

     q = (   -0.750000000   0.750000000  -0.250000000 ) 

    1    1
  0.24355419  0.00000000   -0.00141727 -0.00000000    0.00470394  0.00740360
 -0.00141727 -0.00000000    0.24355419  0.00000000   -0.00470394 -0.00740360
  0.00470394 -0.00740360   -0.00470394  0.00740360    0.29932188 -0.00000000
    1    2
 -0.06757354  0.05791938   -0.13020663 -0.04092128    0.04013137 -0.03607909
 -0.13020663 -0.04092128   -0.06757354  0.05791938   -0.04013137  0.03607909
  0.04013137 -0.03607909   -0.04013137  0.03607909   -0.08675362  0.05644994
    2    1
 -0.06757354 -0.05791938   -0.13020663  0.04092128    0.04013137  0.03607909
 -0.13020663  0.04092128   -0.06757354 -0.05791938   -0.04013137 -0.03607909
  0.04013137  0.03607909   -0.04013137 -0.03607909   -0.08675362 -0.05644994
    2    2
  0.24355419 -0.00000000   -0.00141727  0.00000000    0.00470394 -0.00740360
 -0.00141727  0.00000000    0.24355419 -0.00000000   -0.00470394  0.00740360
  0.00470394  0.00740360   -0.00470394 -0.00740360    0.29932188  0.00000000

     Dynamical  Matrix in cartesian axes

     q = (    0.750000000   0.250000000   0.750000000 ) 

    1    1
  0.24355419  0.00000000    0.00470394  0.00740360    0.00141727  0.00000000
  0.00470394 -0.00740360    0.29932188 -0.00000000    0.00470394 -0.00740360
  0.00141727  0.00000000    0.00470394  0.00740360    0.24355419  0.00000000
    1    2
  0.06757354 -0.05791938   -0.04013137  0.03607909   -0.13020663 -0.04092128
 -0.04013137  0.03607909    0.08675362 -0.05644994   -0.04013137  0.03607909
 -0.13020663 -0.04092128   -0.04013137  0.03607909    0.06757354 -0.05791938
    2    1
  0.06757354  0.05791938   -0.04013137 -0.03607909   -0.13020663  0.04092128
 -0.04013137 -0.03607909    0.08675362  0.05644994   -0.04013137 -0.03607909
 -0.13020663  0.04092128   -0.04013137 -0.03607909    0.06757354  0.05791938
    2    2
  0.24355419 -0.00000000    0.00470394 -0.00740360    0.00141727 -0.00000000
  0.00470394  0.00740360    0.29932188  0.00000000    0.00470394  0.00740360
  0.00141727 -0.00000000    0.00470394 -0.00740360    0.24355419 -0.00000000

     Dynamical  Matrix in cartesian axes

     q = (   -0.750000000   0.250000000   0.750000000 ) 

    1    1
  0.24355419 -0.00000000   -0.00470394  0.00740360   -0.00141727  0.00000000
 -0.00470394 -0.00740360    0.29932188  0.00000000    0.00470394  0.00740360
 -0.00141727  0.00000000    0.00470394 -0.00740360    0.24355419 -0.00000000
    1    2
 -0.06757354 -0.05791938   -0.04013137 -0.03607909   -0.13020663  0.04092128
 -0.04013137 -0.03607909   -0.08675362 -0.05644994    0.04013137  0.03607909
 -0.13020663  0.04092128    0.04013137  0.03607909   -0.06757354 -0.05791938
    2    1
 -0.06757354  0.05791938   -0.04013137  0.03607909   -0.13020663 -0.04092128
 -0.04013137  0.03607909   -0.08675362  0.05644994    0.04013137 -0.03607909
 -0.13020663 -0.04092128    0.04013137 -0.03607909   -0.06757354  0.05791938
    2    2
  0.24355419  0.00000000   -0.00470394 -0.00740360   -0.00141727 -0.00000000
 -0.00470394  0.00740360    0.29932188 -0.00000000    0.00470394 -0.00740360
 -0.00141727 -0.00000000    0.00470394  0.00740360    0.24355419  0.00000000

     Dynamical  Matrix in cartesian axes

     q = (    0.750000000   0.250000000  -0.750000000 ) 

    1    1
  0.24355419 -0.00000000    0.00470394 -0.00740360   -0.00141727  0.00000000
  0.00470394  0.00740360    0.29932188  0.00000000   -0.00470394 -0.00740360
 -0.00141727  0.00000000   -0.00470394  0.00740360    0.24355419 -0.00000000
    1    2
 -0.06757354 -0.05791938    0.04013137  0.03607909   -0.13020663  0.04092128
  0.04013137  0.03607909   -0.08675362 -0.05644994   -0.04013137 -0.03607909
 -0.13020663  0.04092128   -0.04013137 -0.03607909   -0.06757354 -0.05791938
    2    1
 -0.06757354  0.05791938    0.04013137 -0.03607909   -0.13020663 -0.04092128
  0.04013137 -0.03607909   -0.08675362  0.05644994   -0.04013137  0.03607909
 -0.13020663 -0.04092128   -0.04013137  0.03607909   -0.06757354  0.05791938
    2    2
  0.24355419  0.00000000    0.00470394  0.00740360   -0.00141727 -0.00000000
  0.00470394 -0.00740360    0.29932188 -0.00000000   -0.00470394  0.00740360
 -0.00141727 -0.00000000   -0.00470394 -0.00740360    0.24355419  0.00000000

     Dynamical  Matrix in cartesian axes

     q = (   -0.750000000   0.750000000   0.250000000 ) 

    1    1
  0.24355419 -0.00000000   -0.00141727  0.00000000   -0.00470394  0.00740360
 -0.00141727  0.00000000    0.24355419 -0.00000000    0.00470394 -0.00740360
 -0.00470394 -0.00740360    0.00470394  0.00740360    0.29932188  0.00000000
    1    2
 -0.06757354 -0.05791938   -0.13020663  0.04092128   -0.04013137 -0.03607909
 -0.13020663  0.04092128   -0.06757354 -0.05791938    0.04013137  0.03607909
 -0.04013137 -0.03607909    0.04013137  0.03607909   -0.08675362 -0.05644994
    2    1
 -0.06757354  0.05791938   -0.13020663 -0.04092128   -0.04013137  0.03607909
 -0.13020663 -0.04092128   -0.06757354  0.05791938    0.04013137 -0.03607909
 -0.04013137  0.03607909    0.04013137 -0.03607909   -0.08675362  0.05644994
    2    2
  0.24355419  0.00000000   -0.00141727 -0.00000000   -0.00470394 -0.00740360
 -0.00141727 -0.00000000    0.24355419  0.00000000    0.00470394  0.00740360
 -0.00470394  0.00740360    0.00470394 -0.00740360    0.29932188 -0.00000000

     Dynamical  Matrix in cartesian axes

     q = (   -0.250000000   0.750000000   0.750000000 ) 

    1    1
  0.29932188  0.00000000   -0.00470394 -0.00740360   -0.00470394 -0.00740360
 -0.00470394  0.00740360    0.24355419 -0.00000000    0.00141727 -0.00000000
 -0.00470394  0.00740360    0.00141727 -0.00000000    0.24355419 -0.00000000
    1    2
 -0.05644994  0.08675362   -0.03607909  0.04013137   -0.03607909  0.04013137
 -0.03607909  0.04013137   -0.05791938  0.06757354   -0.04092128 -0.13020663
 -0.03607909  0.04013137   -0.04092128 -0.13020663   -0.05791938  0.06757354
    2    1
 -0.05644994 -0.08675362   -0.03607909 -0.04013137   -0.03607909 -0.04013137
 -0.03607909 -0.04013137   -0.05791938 -0.06757354   -0.04092128  0.13020663
 -0.03607909 -0.04013137   -0.04092128  0.13020663   -0.05791938 -0.06757354
    2    2
  0.29932188 -0.00000000   -0.00470394  0.00740360   -0.00470394  0.00740360
 -0.00470394 -0.00740360    0.24355419  0.00000000    0.00141727  0.00000000
 -0.00470394 -0.00740360    0.00141727  0.00000000    0.24355419  0.00000000

     Dynamical  Matrix in cartesian axes

     q = (    0.250000000   0.750000000  -0.750000000 ) 

    1    1
  0.29932188  0.00000000    0.00470394  0.00740360   -0.00470394 -0.00740360
  0.00470394 -0.00740360    0.24355419 -0.00000000   -0.00141727  0.00000000
 -0.00470394  0.00740360   -0.00141727  0.00000000    0.24355419 -0.00000000
    1    2
 -0.08675362 -0.05644994    0.04013137  0.03607909   -0.04013137 -0.03607909
  0.04013137  0.03607909   -0.06757354 -0.05791938   -0.13020663  0.04092128
 -0.04013137 -0.03607909   -0.13020663  0.04092128   -0.06757354 -0.05791938
    2    1
 -0.08675362  0.05644994    0.04013137 -0.03607909   -0.04013137  0.03607909
  0.04013137 -0.03607909   -0.06757354  0.05791938   -0.13020663 -0.04092128
 -0.04013137  0.03607909   -0.13020663 -0.04092128   -0.06757354  0.05791938
    2    2
  0.29932188 -0.00000000    0.00470394 -0.00740360   -0.00470394  0.00740360
  0.00470394  0.00740360    0.24355419  0.00000000   -0.00141727 -0.00000000
 -0.00470394 -0.00740360   -0.00141727 -0.00000000    0.24355419  0.00000000

     Dynamical  Matrix in cartesian axes

     q = (   -0.250000000  -0.750000000  -0.750000000 ) 

    1    1
  0.29932188  0.00000000    0.00470394  0.00740360    0.00470394  0.00740360
  0.00470394 -0.00740360    0.24355419 -0.00000000    0.00141727 -0.00000000
  0.00470394 -0.00740360    0.00141727 -0.00000000    0.24355419 -0.00000000
    1    2
  0.08675362  0.05644994   -0.04013137 -0.03607909   -0.04013137 -0.03607909
 -0.04013137 -0.03607909    0.06757354  0.05791938   -0.13020663  0.04092128
 -0.04013137 -0.03607909   -0.13020663  0.04092128    0.06757354  0.05791938
    2    1
  0.08675362 -0.05644994   -0.04013137  0.03607909   -0.04013137  0.03607909
 -0.04013137  0.03607909    0.06757354 -0.05791938   -0.13020663 -0.04092128
 -0.04013137  0.03607909   -0.13020663 -0.04092128    0.06757354 -0.05791938
    2    2
  0.29932188 -0.00000000    0.00470394 -0.00740360    0.00470394 -0.00740360
  0.00470394  0.00740360    0.24355419  0.00000000    0.00141727  0.00000000
  0.00470394  0.00740360    0.00141727  0.00000000    0.24355419  0.00000000

     Dynamical  Matrix in cartesian axes

     q = (    0.750000000   0.750000000  -0.250000000 ) 

    1    1
  0.24355419 -0.00000000    0.00141727 -0.00000000   -0.00470394  0.00740360
  0.00141727 -0.00000000    0.24355419 -0.00000000   -0.00470394  0.00740360
 -0.00470394 -0.00740360   -0.00470394 -0.00740360    0.29932188  0.00000000
    1    2
 -0.05791938  0.06757354   -0.04092128 -0.13020663   -0.03607909  0.04013137
 -0.04092128 -0.13020663   -0.05791938  0.06757354   -0.03607909  0.04013137
 -0.03607909  0.04013137   -0.03607909  0.04013137   -0.05644994  0.08675362
    2    1
 -0.05791938 -0.06757354   -0.04092128  0.13020663   -0.03607909 -0.04013137
 -0.04092128  0.13020663   -0.05791938 -0.06757354   -0.03607909 -0.04013137
 -0.03607909 -0.04013137   -0.03607909 -0.04013137   -0.05644994 -0.08675362
    2    2
  0.24355419  0.00000000    0.00141727  0.00000000   -0.00470394 -0.00740360
  0.00141727  0.00000000    0.24355419  0.00000000   -0.00470394 -0.00740360
 -0.00470394  0.00740360   -0.00470394  0.00740360    0.29932188 -0.00000000

     Dynamical  Matrix in cartesian axes

     q = (    0.750000000  -0.750000000   0.250000000 ) 

    1    1
  0.24355419 -0.00000000   -0.00141727  0.00000000    0.00470394 -0.00740360
 -0.00141727  0.00000000    0.24355419 -0.00000000   -0.00470394  0.00740360
  0.00470394  0.00740360   -0.00470394 -0.00740360    0.29932188  0.00000000
    1    2
 -0.06757354 -0.05791938   -0.13020663  0.04092128    0.04013137  0.03607909
 -0.13020663  0.04092128   -0.06757354 -0.05791938   -0.04013137 -0.03607909
  0.04013137  0.03607909   -0.04013137 -0.03607909   -0.08675362 -0.05644994
    2    1
 -0.06757354  0.05791938   -0.13020663 -0.04092128    0.04013137 -0.03607909
 -0.13020663 -0.04092128   -0.06757354  0.05791938   -0.04013137  0.03607909
  0.04013137 -0.03607909   -0.04013137  0.03607909   -0.08675362  0.05644994
    2    2
  0.24355419  0.00000000   -0.00141727 -0.00000000    0.00470394  0.00740360
 -0.00141727 -0.00000000    0.24355419  0.00000000   -0.00470394 -0.00740360
  0.00470394 -0.00740360   -0.00470394  0.00740360    0.29932188 -0.00000000

     Dynamical  Matrix in cartesian axes

     q = (   -0.750000000  -0.750000000  -0.250000000 ) 

    1    1
  0.24355419 -0.00000000    0.00141727 -0.00000000    0.00470394 -0.00740360
  0.00141727 -0.00000000    0.24355419 -0.00000000    0.00470394 -0.00740360
  0.00470394  0.00740360    0.00470394  0.00740360    0.29932188  0.00000000
    1    2
  0.06757354  0.05791938   -0.13020663  0.04092128   -0.04013137 -0.03607909
 -0.13020663  0.04092128    0.06757354  0.05791938   -0.04013137 -0.03607909
 -0.04013137 -0.03607909   -0.04013137 -0.03607909    0.08675362  0.05644994
    2    1
  0.06757354 -0.05791938   -0.13020663 -0.04092128   -0.04013137  0.03607909
 -0.13020663 -0.04092128    0.06757354 -0.05791938   -0.04013137  0.03607909
 -0.04013137  0.03607909   -0.04013137  0.03607909    0.08675362 -0.05644994
    2    2
  0.24355419  0.00000000    0.00141727  0.00000000    0.00470394  0.00740360
  0.00141727  0.00000000    0.24355419  0.00000000    0.00470394  0.00740360
  0.00470394 -0.00740360    0.00470394 -0.00740360    0.29932188 -0.00000000

     Dynamical  Matrix in cartesian axes

     q = (    0.250000000  -0.750000000   0.750000000 ) 

    1    1
  0.29932188  0.00000000   -0.00470394 -0.00740360    0.00470394  0.00740360
 -0.00470394  0.00740360    0.24355419 -0.00000000   -0.00141727  0.00000000
  0.00470394 -0.00740360   -0.00141727  0.00000000    0.24355419 -0.00000000
    1    2
 -0.08675362 -0.05644994   -0.04013137 -0.03607909    0.04013137  0.03607909
 -0.04013137 -0.03607909   -0.06757354 -0.05791938   -0.13020663  0.04092128
  0.04013137  0.03607909   -0.13020663  0.04092128   -0.06757354 -0.05791938
    2    1
 -0.08675362  0.05644994   -0.04013137  0.03607909    0.04013137 -0.03607909
 -0.04013137  0.03607909   -0.06757354  0.05791938   -0.13020663 -0.04092128
  0.04013137 -0.03607909   -0.13020663 -0.04092128   -0.06757354  0.05791938
    2    2
  0.29932188 -0.00000000   -0.00470394  0.00740360    0.00470394 -0.00740360
 -0.00470394 -0.00740360    0.24355419  0.00000000   -0.00141727 -0.00000000
  0.00470394  0.00740360   -0.00141727 -0.00000000    0.24355419  0.00000000

     Dynamical  Matrix in cartesian axes

     q = (   -0.750000000  -0.750000000   0.250000000 ) 

    1    1
  0.24355419  0.00000000    0.00141727  0.00000000   -0.00470394 -0.00740360
  0.00141727  0.00000000    0.24355419  0.00000000   -0.00470394 -0.00740360
 -0.00470394  0.00740360   -0.00470394  0.00740360    0.29932188 -0.00000000
    1    2
 -0.05791938 -0.06757354   -0.04092128  0.13020663   -0.03607909 -0.04013137
 -0.04092128  0.13020663   -0.05791938 -0.06757354   -0.03607909 -0.04013137
 -0.03607909 -0.04013137   -0.03607909 -0.04013137   -0.05644994 -0.08675362
    2    1
 -0.05791938  0.06757354   -0.04092128 -0.13020663   -0.03607909  0.04013137
 -0.04092128 -0.13020663   -0.05791938  0.06757354   -0.03607909  0.04013137
 -0.03607909  0.04013137   -0.03607909  0.04013137   -0.05644994  0.08675362
    2    2
  0.24355419 -0.00000000    0.00141727 -0.00000000   -0.00470394  0.00740360
  0.00141727 -0.00000000    0.24355419 -0.00000000   -0.00470394  0.00740360
 -0.00470394 -0.00740360   -0.00470394 -0.00740360    0.29932188  0.00000000

     Dynamical  Matrix in cartesian axes

     q = (    0.250000000   0.750000000   0.750000000 ) 

    1    1
  0.29932188 -0.00000000    0.00470394 -0.00740360    0.00470394 -0.00740360
  0.00470394  0.00740360    0.24355419  0.00000000    0.00141727  0.00000000
  0.00470394  0.00740360    0.00141727  0.00000000    0.24355419  0.00000000
    1    2
  0.08675362 -0.05644994   -0.04013137  0.03607909   -0.04013137  0.03607909
 -0.04013137  0.03607909    0.06757354 -0.05791938   -0.13020663 -0.04092128
 -0.04013137  0.03607909   -0.13020663 -0.04092128    0.06757354 -0.05791938
    2    1
  0.08675362  0.05644994   -0.04013137 -0.03607909   -0.04013137 -0.03607909
 -0.04013137 -0.03607909    0.06757354  0.05791938   -0.13020663  0.04092128
 -0.04013137 -0.03607909   -0.13020663  0.04092128    0.06757354  0.05791938
    2    2
  0.29932188  0.00000000    0.00470394  0.00740360    0.00470394  0.00740360
  0.00470394 -0.00740360    0.24355419 -0.00000000    0.00141727 -0.00000000
  0.00470394 -0.00740360    0.00141727 -0.00000000    0.24355419 -0.00000000

     Dynamical  Matrix in cartesian axes

     q = (   -0.250000000  -0.750000000   0.750000000 ) 

    1    1
  0.29932188 -0.00000000    0.00470394 -0.00740360   -0.00470394  0.00740360
  0.00470394  0.00740360    0.24355419  0.00000000   -0.00141727 -0.00000000
 -0.00470394 -0.00740360   -0.00141727 -0.00000000    0.24355419  0.00000000
    1    2
 -0.08675362  0.05644994    0.04013137 -0.03607909   -0.04013137  0.03607909
  0.04013137 -0.03607909   -0.06757354  0.05791938   -0.13020663 -0.04092128
 -0.04013137  0.03607909   -0.13020663 -0.04092128   -0.06757354  0.05791938
    2    1
 -0.08675362 -0.05644994    0.04013137  0.03607909   -0.04013137 -0.03607909
  0.04013137  0.03607909   -0.06757354 -0.05791938   -0.13020663  0.04092128
 -0.04013137 -0.03607909   -0.13020663  0.04092128   -0.06757354 -0.05791938
    2    2
  0.29932188  0.00000000    0.00470394  0.00740360   -0.00470394 -0.00740360
  0.00470394 -0.00740360    0.24355419 -0.00000000   -0.00141727  0.00000000
 -0.00470394  0.00740360   -0.00141727  0.00000000    0.24355419 -0.00000000

     Dynamical  Matrix in cartesian axes

     q = (    0.750000000   0.750000000   0.250000000 ) 

    1    1
  0.24355419  0.00000000    0.00141727  0.00000000    0.00470394  0.00740360
  0.00141727  0.00000000    0.24355419  0.00000000    0.00470394  0.00740360
  0.00470394 -0.00740360    0.00470394 -0.00740360    0.29932188 -0.00000000
    1    2
  0.06757354 -0.05791938   -0.13020663 -0.04092128   -0.04013137  0.03607909
 -0.13020663 -0.04092128    0.06757354 -0.05791938   -0.04013137  0.03607909
 -0.04013137  0.03607909   -0.04013137  0.03607909    0.08675362 -0.05644994
    2    1
  0.06757354  0.05791938   -0.13020663  0.04092128   -0.04013137 -0.03607909
 -0.13020663  0.04092128    0.06757354  0.05791938   -0.04013137 -0.03607909
 -0.04013137 -0.03607909   -0.04013137 -0.03607909    0.08675362  0.05644994
    2    2
  0.24355419 -0.00000000    0.00141727 -0.00000000    0.00470394 -0.00740360
  0.00141727 -0.00000000    0.24355419 -0.00000000    0.00470394 -0.00740360
  0.00470394  0.00740360    0.00470394  0.00740360    0.29932188  0.00000000

     Dynamical  Matrix in cartesian axes

     q = (    0.250000000  -0.750000000  -0.750000000 ) 

    1    1
  0.29932188 -0.00000000   -0.00470394  0.00740360   -0.00470394  0.00740360
 -0.00470394 -0.00740360    0.24355419  0.00000000    0.00141727  0.00000000
 -0.00470394 -0.00740360    0.00141727  0.00000000    0.24355419  0.00000000
    1    2
 -0.05644994 -0.08675362   -0.03607909 -0.04013137   -0.03607909 -0.04013137
 -0.03607909 -0.04013137   -0.05791938 -0.06757354   -0.04092128  0.13020663
 -0.03607909 -0.04013137   -0.04092128  0.13020663   -0.05791938 -0.06757354
    2    1
 -0.05644994  0.08675362   -0.03607909  0.04013137   -0.03607909  0.04013137
 -0.03607909  0.04013137   -0.05791938  0.06757354   -0.04092128 -0.13020663
 -0.03607909  0.04013137   -0.04092128 -0.13020663   -0.05791938  0.06757354
    2    2
  0.29932188  0.00000000   -0.00470394 -0.00740360   -0.00470394 -0.00740360
 -0.00470394  0.00740360    0.24355419 -0.00000000    0.00141727 -0.00000000
 -0.00470394  0.00740360    0.00141727 -0.00000000    0.24355419 -0.00000000

     Dynamical  Matrix in cartesian axes

     q = (    0.750000000  -0.750000000  -0.250000000 ) 

    1    1
  0.24355419  0.00000000   -0.00141727 -0.00000000   -0.00470394 -0.00740360
 -0.00141727 -0.00000000    0.24355419  0.00000000    0.00470394  0.00740360
 -0.00470394  0.00740360    0.00470394 -0.00740360    0.29932188 -0.00000000
    1    2
 -0.06757354  0.05791938   -0.13020663 -0.04092128   -0.04013137  0.03607909
 -0.13020663 -0.04092128   -0.06757354  0.05791938    0.04013137 -0.03607909
 -0.04013137  0.03607909    0.04013137 -0.03607909   -0.08675362  0.05644994
    2    1
 -0.06757354 -0.05791938   -0.13020663  0.04092128   -0.04013137 -0.03607909
 -0.13020663  0.04092128   -0.06757354 -0.05791938    0.04013137  0.03607909
 -0.04013137 -0.03607909    0.04013137  0.03607909   -0.08675362 -0.05644994
    2    2
  0.24355419 -0.00000000   -0.00141727  0.00000000   -0.00470394  0.00740360
 -0.00141727  0.00000000    0.24355419 -0.00000000    0.00470394 -0.00740360
 -0.00470394 -0.00740360    0.00470394  0.00740360    0.29932188  0.00000000

     Diagonalizing the dynamical matrix

     q = (    0.750000000  -0.250000000   0.750000000 ) 

 **************************************************************************
     freq (    1) =       4.294830 [THz] =     143.260105 [cm-1]
 ( -0.042814  0.498164 -0.000000  0.000000  0.042814 -0.498164 ) 
 ( -0.500000  0.000000 -0.000000 -0.000000  0.500000  0.000000 ) 
     freq (    2) =       6.133866 [THz] =     204.603751 [cm-1]
 ( -0.400264 -0.145910 -0.332637  0.162331 -0.400264 -0.145910 ) 
 ( -0.426029  0.000000 -0.256923 -0.266438 -0.426029  0.000000 ) 
     freq (    3) =       9.354312 [THz] =     312.026266 [cm-1]
 ( -0.081018  0.294862 -0.435046 -0.351738 -0.081018  0.294862 ) 
 (  0.305790  0.000000 -0.223905 -0.512690  0.305790  0.000000 ) 
     freq (    4) =      11.935929 [THz] =     398.139743 [cm-1]
 ( -0.161719 -0.323670  0.400498  0.278872 -0.161719 -0.323670 ) 
 (  0.361823  0.000000 -0.428472 -0.233624  0.361823  0.000000 ) 
     freq (    5) =      13.649290 [THz] =     455.291294 [cm-1]
 ( -0.042814  0.498164  0.000000 -0.000000  0.042814 -0.498164 ) 
 (  0.500000  0.000000 -0.000000 -0.000000 -0.500000  0.000000 ) 
     freq (    6) =      13.880035 [THz] =     462.988132 [cm-1]
 (  0.284417  0.114817  0.500752 -0.247176  0.284417  0.114817 ) 
 ( -0.306718 -0.000000 -0.371814 -0.416656 -0.306718  0.000000 ) 
 **************************************************************************
