Dynamical matrix file
                                                                           
  1    2  2 10.3440000  0.0000000  0.0000000  0.0000000  0.0000000  0.0000000
           1  'Si  '    25598.822984527003     
    1    1      0.0000000000      0.0000000000      0.0000000000
    2    1      0.2500000000      0.2500000000      0.2500000000

     Dynamical  Matrix in cartesian axes

     q = (   -0.250000000   0.250000000  -0.250000000 ) 

    1    1
  0.28103767  0.00000000   -0.01078341  0.00000000    0.01078341  0.00000000
 -0.01078341  0.00000000    0.28103767  0.00000000   -0.01078341  0.00000000
  0.01078341  0.00000000   -0.01078341  0.00000000    0.28103767  0.00000000
    1    2
 -0.20547879 -0.06067448   -0.03632183  0.03709965    0.03632183 -0.03709965
 -0.03632183  0.03709965   -0.20547879 -0.06067448   -0.03632183  0.03709965
  0.03632183 -0.03709965   -0.03632183  0.03709965   -0.20547879 -0.06067448
    2    1
 -0.20547879  0.06067448   -0.03632183 -0.03709965    0.03632183  0.03709965
 -0.03632183 -0.03709965   -0.20547879  0.06067448   -0.03632183 -0.03709965
  0.03632183  0.03709965   -0.03632183 -0.03709965   -0.20547879  0.06067448
    2    2
  0.28103767  0.00000000   -0.01078341  0.00000000    0.01078341  0.00000000
 -0.01078341  0.00000000    0.28103767  0.00000000   -0.01078341  0.00000000
  0.01078341  0.00000000   -0.01078341  0.00000000    0.28103767  0.00000000

     Dynamical  Matrix in cartesian axes

     q = (    0.250000000  -0.250000000  -0.250000000 ) 

    1    1
  0.28103767  0.00000000   -0.01078341  0.00000000   -0.01078341  0.00000000
 -0.01078341  0.00000000    0.28103767  0.00000000    0.01078341  0.00000000
 -0.01078341  0.00000000    0.01078341  0.00000000    0.28103767  0.00000000
    1    2
 -0.20547879 -0.06067448   -0.03632183  0.03709965   -0.03632183  0.03709965
 -0.03632183  0.03709965   -0.20547879 -0.06067448    0.03632183 -0.03709965
 -0.03632183  0.03709965    0.03632183 -0.03709965   -0.20547879 -0.06067448
    2    1
 -0.20547879  0.06067448   -0.03632183 -0.03709965   -0.03632183 -0.03709965
 -0.03632183 -0.03709965   -0.20547879  0.06067448    0.03632183  0.03709965
 -0.03632183 -0.03709965    0.03632183  0.03709965   -0.20547879  0.06067448
    2    2
  0.28103767  0.00000000   -0.01078341  0.00000000   -0.01078341  0.00000000
 -0.01078341  0.00000000    0.28103767  0.00000000    0.01078341  0.00000000
 -0.01078341  0.00000000    0.01078341  0.00000000    0.28103767  0.00000000

     Dynamical  Matrix in cartesian axes

     q = (    0.250000000  -0.250000000   0.250000000 ) 

    1    1
  0.28103767  0.00000000   -0.01078341  0.00000000    0.01078341  0.00000000
 -0.01078341  0.00000000    0.28103767  0.00000000   -0.01078341  0.00000000
  0.01078341  0.00000000   -0.01078341  0.00000000    0.28103767  0.00000000
    1    2
 -0.20547879  0.06067448   -0.03632183 -0.03709965    0.03632183  0.03709965
 -0.03632183 -0.03709965   -0.20547879  0.06067448   -0.03632183 -0.03709965
  0.03632183  0.03709965   -0.03632183 -0.03709965   -0.20547879  0.06067448
    2    1
 -0.20547879 -0.06067448   -0.03632183  0.03709965    0.03632183 -0.03709965
 -0.03632183  0.03709965   -0.20547879 -0.06067448   -0.03632183  0.03709965
  0.03632183 -0.03709965   -0.03632183  0.03709965   -0.20547879 -0.06067448
    2    2
  0.28103767  0.00000000   -0.01078341  0.00000000    0.01078341  0.00000000
 -0.01078341  0.00000000    0.28103767  0.00000000   -0.01078341  0.00000000
  0.01078341  0.00000000   -0.01078341  0.00000000    0.28103767  0.00000000

     Dynamical  Matrix in cartesian axes

     q = (    0.250000000   0.250000000   0.250000000 ) 

    1    1
  0.28103767  0.00000000    0.01078341  0.00000000    0.01078341  0.00000000
  0.01078341  0.00000000    0.28103767  0.00000000    0.01078341  0.00000000
  0.01078341  0.00000000    0.01078341  0.00000000    0.28103767  0.00000000
    1    2
 -0.06067448  0.20547879   -0.03709965 -0.03632183   -0.03709965 -0.03632183
 -0.03709965 -0.03632183   -0.06067448  0.20547879   -0.03709965 -0.03632183
 -0.03709965 -0.03632183   -0.03709965 -0.03632183   -0.06067448  0.20547879
    2    1
 -0.06067448 -0.20547879   -0.03709965  0.03632183   -0.03709965  0.03632183
 -0.03709965  0.03632183   -0.06067448 -0.20547879   -0.03709965  0.03632183
 -0.03709965  0.03632183   -0.03709965  0.03632183   -0.06067448 -0.20547879
    2    2
  0.28103767  0.00000000    0.01078341  0.00000000    0.01078341  0.00000000
  0.01078341  0.00000000    0.28103767  0.00000000    0.01078341  0.00000000
  0.01078341  0.00000000    0.01078341  0.00000000    0.28103767  0.00000000

     Dynamical  Matrix in cartesian axes

     q = (   -0.250000000  -0.250000000  -0.250000000 ) 

    1    1
  0.28103767  0.00000000    0.01078341  0.00000000    0.01078341  0.00000000
  0.01078341  0.00000000    0.28103767  0.00000000    0.01078341  0.00000000
  0.01078341  0.00000000    0.01078341  0.00000000    0.28103767  0.00000000
    1    2
 -0.06067448 -0.20547879   -0.03709965  0.03632183   -0.03709965  0.03632183
 -0.03709965  0.03632183   -0.06067448 -0.20547879   -0.03709965  0.03632183
 -0.03709965  0.03632183   -0.03709965  0.03632183   -0.06067448 -0.20547879
    2    1
 -0.06067448  0.20547879   -0.03709965 -0.03632183   -0.03709965 -0.03632183
 -0.03709965 -0.03632183   -0.06067448  0.20547879   -0.03709965 -0.03632183
 -0.03709965 -0.03632183   -0.03709965 -0.03632183   -0.06067448  0.20547879
    2    2
  0.28103767  0.00000000    0.01078341  0.00000000    0.01078341  0.00000000
  0.01078341  0.00000000    0.28103767  0.00000000    0.01078341  0.00000000
  0.01078341  0.00000000    0.01078341  0.00000000    0.28103767  0.00000000

     Dynamical  Matrix in cartesian axes

     q = (   -0.250000000  -0.250000000   0.250000000 ) 

    1    1
  0.28103767  0.00000000    0.01078341  0.00000000   -0.01078341  0.00000000
  0.01078341  0.00000000    0.28103767  0.00000000   -0.01078341  0.00000000
 -0.01078341  0.00000000   -0.01078341  0.00000000    0.28103767  0.00000000
    1    2
 -0.20547879 -0.06067448    0.03632183 -0.03709965   -0.03632183  0.03709965
  0.03632183 -0.03709965   -0.20547879 -0.06067448   -0.03632183  0.03709965
 -0.03632183  0.03709965   -0.03632183  0.03709965   -0.20547879 -0.06067448
    2    1
 -0.20547879  0.06067448    0.03632183  0.03709965   -0.03632183 -0.03709965
  0.03632183  0.03709965   -0.20547879  0.06067448   -0.03632183 -0.03709965
 -0.03632183 -0.03709965   -0.03632183 -0.03709965   -0.20547879  0.06067448
    2    2
  0.28103767  0.00000000    0.01078341  0.00000000   -0.01078341  0.00000000
  0.01078341  0.00000000    0.28103767  0.00000000   -0.01078341  0.00000000
 -0.01078341  0.00000000   -0.01078341  0.00000000    0.28103767  0.00000000

     Dynamical  Matrix in cartesian axes

     q = (   -0.250000000   0.250000000   0.250000000 ) 

    1    1
  0.28103767  0.00000000   -0.01078341  0.00000000   -0.01078341  0.00000000
 -0.01078341  0.00000000    0.28103767  0.00000000    0.01078341  0.00000000
 -0.01078341  0.00000000    0.01078341  0.00000000    0.28103767  0.00000000
    1    2
 -0.20547879  0.06067448   -0.03632183 -0.03709965   -0.03632183 -0.03709965
 -0.03632183 -0.03709965   -0.20547879  0.06067448    0.03632183  0.03709965
 -0.03632183 -0.03709965    0.03632183  0.03709965   -0.20547879  0.06067448
    2    1
 -0.20547879 -0.06067448   -0.03632183  0.03709965   -0.03632183  0.03709965
 -0.03632183  0.03709965   -0.20547879 -0.06067448    0.03632183 -0.03709965
 -0.03632183  0.03709965    0.03632183 -0.03709965   -0.20547879 -0.06067448
    2    2
  0.28103767  0.00000000   -0.01078341  0.00000000   -0.01078341  0.00000000
 -0.01078341  0.00000000    0.28103767  0.00000000    0.01078341  0.00000000
 -0.01078341  0.00000000    0.01078341  0.00000000    0.28103767  0.00000000

     Dynamical  Matrix in cartesian axes

     q = (    0.250000000   0.250000000  -0.250000000 ) 

    1    1
  0.28103767  0.00000000    0.01078341  0.00000000   -0.01078341  0.00000000
  0.01078341  0.00000000    0.28103767  0.00000000   -0.01078341  0.00000000
 -0.01078341  0.00000000   -0.01078341  0.00000000    0.28103767  0.00000000
    1    2
 -0.20547879  0.06067448    0.03632183  0.03709965   -0.03632183 -0.03709965
  0.03632183  0.03709965   -0.20547879  0.06067448   -0.03632183 -0.03709965
 -0.03632183 -0.03709965   -0.03632183 -0.03709965   -0.20547879  0.06067448
    2    1
 -0.20547879 -0.06067448    0.03632183 -0.03709965   -0.03632183  0.03709965
  0.03632183 -0.03709965   -0.20547879 -0.06067448   -0.03632183  0.03709965
 -0.03632183  0.03709965   -0.03632183  0.03709965   -0.20547879 -0.06067448
    2    2
  0.28103767  0.00000000    0.01078341  0.00000000   -0.01078341  0.00000000
  0.01078341  0.00000000    0.28103767  0.00000000   -0.01078341  0.00000000
 -0.01078341  0.00000000   -0.01078341  0.00000000    0.28103767  0.00000000

     Diagonalizing the dynamical matrix

     q = (   -0.250000000   0.250000000  -0.250000000 ) 

 **************************************************************************
     freq (    1) =       3.397840 [THz] =     113.339747 [cm-1]
 (  0.413255  0.351921  0.261811  0.337156 -0.151444 -0.014765 ) 
 (  0.445454  0.310159  0.293292  0.310159 -0.152162  0.000000 ) 
     freq (    2) =       3.397840 [THz] =     113.339747 [cm-1]
 (  0.184937 -0.067110 -0.369373 -0.121154 -0.554310 -0.054044 ) 
 (  0.177552 -0.084739 -0.379386 -0.084739 -0.556938  0.000000 ) 
     freq (    3) =       6.921184 [THz] =     230.865864 [cm-1]
 (  0.286469  0.290865 -0.286469 -0.290865  0.286469  0.290865 ) 
 (  0.408248 -0.000000 -0.408248 -0.000000  0.408248  0.000000 ) 
     freq (    4) =      14.421396 [THz] =     481.046004 [cm-1]
 (  0.286469  0.290865 -0.286469 -0.290865  0.286469  0.290865 ) 
 ( -0.408248  0.000000  0.408248  0.000000 -0.408248  0.000000 ) 
     freq (    5) =      14.730211 [THz] =     491.346936 [cm-1]
 ( -0.518062  0.079698 -0.066894  0.123686  0.451168  0.043988 ) 
 (  0.507883 -0.129593  0.054576 -0.129593 -0.453307  0.000000 ) 
     freq (    6) =      14.730211 [THz] =     491.346936 [cm-1]
 (  0.192868 -0.146273  0.548736 -0.111577  0.355868  0.034696 ) 
 ( -0.177764  0.164298 -0.535319  0.164298 -0.357555  0.000000 ) 
 **************************************************************************
