Dynamical matrix file
                                                                           
  1    2  2 10.3930000  0.0000000  0.0000000  0.0000000  0.0000000  0.0000000
           1  'Si  '    25598.822984527003     
    1    1      0.0000000000      0.0000000000      0.0000000000
    2    1      0.2500000000      0.2500000000      0.2500000000

     Dynamical  Matrix in cartesian axes

     q = (   -0.250000000   0.250000000  -0.250000000 ) 

    1    1
  0.28939543  0.00000000   -0.01046935  0.00000000    0.01046935  0.00000000
 -0.01046935  0.00000000    0.28939543  0.00000000   -0.01046935  0.00000000
  0.01046935  0.00000000   -0.01046935  0.00000000    0.28939543  0.00000000
    1    2
 -0.21578649 -0.06545873   -0.03372383  0.03445109    0.03372383 -0.03445109
 -0.03372383  0.03445109   -0.21578649 -0.06545873   -0.03372383  0.03445109
  0.03372383 -0.03445109   -0.03372383  0.03445109   -0.21578649 -0.06545873
    2    1
 -0.21578649  0.06545873   -0.03372383 -0.03445109    0.03372383  0.03445109
 -0.03372383 -0.03445109   -0.21578649  0.06545873   -0.03372383 -0.03445109
  0.03372383  0.03445109   -0.03372383 -0.03445109   -0.21578649  0.06545873
    2    2
  0.28939543  0.00000000   -0.01046935  0.00000000    0.01046935  0.00000000
 -0.01046935  0.00000000    0.28939543  0.00000000   -0.01046935  0.00000000
  0.01046935  0.00000000   -0.01046935  0.00000000    0.28939543  0.00000000

     Dynamical  Matrix in cartesian axes

     q = (    0.250000000  -0.250000000  -0.250000000 ) 

    1    1
  0.28939543  0.00000000   -0.01046935  0.00000000   -0.01046935  0.00000000
 -0.01046935  0.00000000    0.28939543  0.00000000    0.01046935  0.00000000
 -0.01046935  0.00000000    0.01046935  0.00000000    0.28939543  0.00000000
    1    2
 -0.21578649 -0.06545873   -0.03372383  0.03445109   -0.03372383  0.03445109
 -0.03372383  0.03445109   -0.21578649 -0.06545873    0.03372383 -0.03445109
 -0.03372383  0.03445109    0.03372383 -0.03445109   -0.21578649 -0.06545873
    2    1
 -0.21578649  0.06545873   -0.03372383 -0.03445109   -0.03372383 -0.03445109
 -0.03372383 -0.03445109   -0.21578649  0.06545873    0.03372383  0.03445109
 -0.03372383 -0.03445109    0.03372383  0.03445109   -0.21578649  0.06545873
    2    2
  0.28939543  0.00000000   -0.01046935  0.00000000   -0.01046935  0.00000000
 -0.01046935  0.00000000    0.28939543  0.00000000    0.01046935  0.00000000
 -0.01046935  0.00000000    0.01046935  0.00000000    0.28939543  0.00000000

     Dynamical  Matrix in cartesian axes

     q = (    0.250000000  -0.250000000   0.250000000 ) 

    1    1
  0.28939543  0.00000000   -0.01046935  0.00000000    0.01046935  0.00000000
 -0.01046935  0.00000000    0.28939543  0.00000000   -0.01046935  0.00000000
  0.01046935  0.00000000   -0.01046935  0.00000000    0.28939543  0.00000000
    1    2
 -0.21578649  0.06545873   -0.03372383 -0.03445109    0.03372383  0.03445109
 -0.03372383 -0.03445109   -0.21578649  0.06545873   -0.03372383 -0.03445109
  0.03372383  0.03445109   -0.03372383 -0.03445109   -0.21578649  0.06545873
    2    1
 -0.21578649 -0.06545873   -0.03372383  0.03445109    0.03372383 -0.03445109
 -0.03372383  0.03445109   -0.21578649 -0.06545873   -0.03372383  0.03445109
  0.03372383 -0.03445109   -0.03372383  0.03445109   -0.21578649 -0.06545873
    2    2
  0.28939543  0.00000000   -0.01046935  0.00000000    0.01046935  0.00000000
 -0.01046935  0.00000000    0.28939543  0.00000000   -0.01046935  0.00000000
  0.01046935  0.00000000   -0.01046935  0.00000000    0.28939543  0.00000000

     Dynamical  Matrix in cartesian axes

     q = (    0.250000000   0.250000000   0.250000000 ) 

    1    1
  0.28939543  0.00000000    0.01046935  0.00000000    0.01046935  0.00000000
  0.01046935  0.00000000    0.28939543  0.00000000    0.01046935  0.00000000
  0.01046935  0.00000000    0.01046935  0.00000000    0.28939543  0.00000000
    1    2
 -0.06545873  0.21578649   -0.03445109 -0.03372383   -0.03445109 -0.03372383
 -0.03445109 -0.03372383   -0.06545873  0.21578649   -0.03445109 -0.03372383
 -0.03445109 -0.03372383   -0.03445109 -0.03372383   -0.06545873  0.21578649
    2    1
 -0.06545873 -0.21578649   -0.03445109  0.03372383   -0.03445109  0.03372383
 -0.03445109  0.03372383   -0.06545873 -0.21578649   -0.03445109  0.03372383
 -0.03445109  0.03372383   -0.03445109  0.03372383   -0.06545873 -0.21578649
    2    2
  0.28939543  0.00000000    0.01046935  0.00000000    0.01046935  0.00000000
  0.01046935  0.00000000    0.28939543  0.00000000    0.01046935  0.00000000
  0.01046935  0.00000000    0.01046935  0.00000000    0.28939543  0.00000000

     Dynamical  Matrix in cartesian axes

     q = (   -0.250000000  -0.250000000  -0.250000000 ) 

    1    1
  0.28939543  0.00000000    0.01046935  0.00000000    0.01046935  0.00000000
  0.01046935  0.00000000    0.28939543  0.00000000    0.01046935  0.00000000
  0.01046935  0.00000000    0.01046935  0.00000000    0.28939543  0.00000000
    1    2
 -0.06545873 -0.21578649   -0.03445109  0.03372383   -0.03445109  0.03372383
 -0.03445109  0.03372383   -0.06545873 -0.21578649   -0.03445109  0.03372383
 -0.03445109  0.03372383   -0.03445109  0.03372383   -0.06545873 -0.21578649
    2    1
 -0.06545873  0.21578649   -0.03445109 -0.03372383   -0.03445109 -0.03372383
 -0.03445109 -0.03372383   -0.06545873  0.21578649   -0.03445109 -0.03372383
 -0.03445109 -0.03372383   -0.03445109 -0.03372383   -0.06545873  0.21578649
    2    2
  0.28939543  0.00000000    0.01046935  0.00000000    0.01046935  0.00000000
  0.01046935  0.00000000    0.28939543  0.00000000    0.01046935  0.00000000
  0.01046935  0.00000000    0.01046935  0.00000000    0.28939543  0.00000000

     Dynamical  Matrix in cartesian axes

     q = (   -0.250000000  -0.250000000   0.250000000 ) 

    1    1
  0.28939543  0.00000000    0.01046935  0.00000000   -0.01046935  0.00000000
  0.01046935  0.00000000    0.28939543  0.00000000   -0.01046935  0.00000000
 -0.01046935  0.00000000   -0.01046935  0.00000000    0.28939543  0.00000000
    1    2
 -0.21578649 -0.06545873    0.03372383 -0.03445109   -0.03372383  0.03445109
  0.03372383 -0.03445109   -0.21578649 -0.06545873   -0.03372383  0.03445109
 -0.03372383  0.03445109   -0.03372383  0.03445109   -0.21578649 -0.06545873
    2    1
 -0.21578649  0.06545873    0.03372383  0.03445109   -0.03372383 -0.03445109
  0.03372383  0.03445109   -0.21578649  0.06545873   -0.03372383 -0.03445109
 -0.03372383 -0.03445109   -0.03372383 -0.03445109   -0.21578649  0.06545873
    2    2
  0.28939543  0.00000000    0.01046935  0.00000000   -0.01046935  0.00000000
  0.01046935  0.00000000    0.28939543  0.00000000   -0.01046935  0.00000000
 -0.01046935  0.00000000   -0.01046935  0.00000000    0.28939543  0.00000000

     Dynamical  Matrix in cartesian axes

     q = (   -0.250000000   0.250000000   0.250000000 ) 

    1    1
  0.28939543  0.00000000   -0.01046935  0.00000000   -0.01046935  0.00000000
 -0.01046935  0.00000000    0.28939543  0.00000000    0.01046935  0.00000000
 -0.01046935  0.00000000    0.01046935  0.00000000    0.28939543  0.00000000
    1    2
 -0.21578649  0.06545873   -0.03372383 -0.03445109   -0.03372383 -0.03445109
 -0.03372383 -0.03445109   -0.21578649  0.06545873    0.03372383  0.03445109
 -0.03372383 -0.03445109    0.03372383  0.03445109   -0.21578649  0.06545873
    2    1
 -0.21578649 -0.06545873   -0.03372383  0.03445109   -0.03372383  0.03445109
 -0.03372383  0.03445109   -0.21578649 -0.06545873    0.03372383 -0.03445109
 -0.03372383  0.03445109    0.03372383 -0.03445109   -0.21578649 -0.06545873
    2    2
  0.28939543  0.00000000   -0.01046935  0.00000000   -0.01046935  0.00000000
 -0.01046935  0.00000000    0.28939543  0.00000000    0.01046935  0.00000000
 -0.01046935  0.00000000    0.01046935  0.00000000    0.28939543  0.00000000

     Dynamical  Matrix in cartesian axes

     q = (    0.250000000   0.250000000  -0.250000000 ) 

    1    1
  0.28939543  0.00000000    0.01046935  0.00000000   -0.01046935  0.00000000
  0.01046935  0.00000000    0.28939543  0.00000000   -0.01046935  0.00000000
 -0.01046935  0.00000000   -0.01046935  0.00000000    0.28939543  0.00000000
    1    2
 -0.21578649  0.06545873    0.03372383  0.03445109   -0.03372383 -0.03445109
  0.03372383  0.03445109   -0.21578649  0.06545873   -0.03372383 -0.03445109
 -0.03372383 -0.03445109   -0.03372383 -0.03445109   -0.21578649  0.06545873
    2    1
 -0.21578649 -0.06545873    0.03372383 -0.03445109   -0.03372383  0.03445109
  0.03372383 -0.03445109   -0.21578649 -0.06545873   -0.03372383  0.03445109
 -0.03372383  0.03445109   -0.03372383  0.03445109   -0.21578649 -0.06545873
    2    2
  0.28939543  0.00000000    0.01046935  0.00000000   -0.01046935  0.00000000
  0.01046935  0.00000000    0.28939543  0.00000000   -0.01046935  0.00000000
 -0.01046935  0.00000000   -0.01046935  0.00000000    0.28939543  0.00000000

     Diagonalizing the dynamical matrix

     q = (   -0.250000000   0.250000000  -0.250000000 ) 

 **************************************************************************
     freq (    1) =       3.409598 [THz] =     113.731942 [cm-1]
 (  0.535558  0.146207  0.393388  0.128539 -0.142170 -0.017668 ) 
 (  0.549501  0.079043  0.406237  0.079043 -0.143264  0.000000 ) 
     freq (    2) =       3.409598 [THz] =     113.731942 [cm-1]
 (  0.158536 -0.000701 -0.396487 -0.069676 -0.555024 -0.068975 ) 
 (  0.157240 -0.020247 -0.402054 -0.020247 -0.559293  0.000000 ) 
     freq (    3) =       6.825558 [THz] =     227.676100 [cm-1]
 (  0.302579  0.274067 -0.302579 -0.274067  0.302579  0.274067 ) 
 (  0.408248  0.000000 -0.408248 -0.000000  0.408248  0.000000 ) 
     freq (    4) =      14.691063 [THz] =     490.041116 [cm-1]
 (  0.302579  0.274067 -0.302579 -0.274067  0.302579  0.274067 ) 
 ( -0.408248  0.000000  0.408248  0.000000 -0.408248  0.000000 ) 
     freq (    5) =      14.974374 [THz] =     499.491347 [cm-1]
 ( -0.041297  0.498300 -0.041709  0.498249 -0.000412 -0.000051 ) 
 ( -0.020471 -0.499589 -0.020056 -0.499589  0.000415  0.000000 ) 
     freq (    6) =      14.974374 [THz] =     499.491347 [cm-1]
 (  0.286501  0.035243 -0.286442 -0.035959 -0.572943 -0.071202 ) 
 ( -0.288660  0.000359  0.288690  0.000359  0.577350  0.000000 ) 
 **************************************************************************
