Dynamical matrix file
                                                                           
  1    2  2 10.3930000  0.0000000  0.0000000  0.0000000  0.0000000  0.0000000
           1  'Si  '    25598.822984527003     
    1    1      0.0000000000      0.0000000000      0.0000000000
    2    1      0.2500000000      0.2500000000      0.2500000000

     Dynamical  Matrix in cartesian axes

     q = (    0.750000000  -0.250000000   0.750000000 ) 

    1    1
  0.25178145 -0.00000000   -0.00435169  0.00726349    0.00078698 -0.00000000
 -0.00435169 -0.00726349    0.30640576  0.00000000   -0.00435169 -0.00726349
  0.00078698 -0.00000000   -0.00435169  0.00726349    0.25178145 -0.00000000
    1    2
 -0.04958179  0.08171421   -0.03270865  0.03729926   -0.03901245 -0.12271649
 -0.03270865  0.03729926   -0.04843396  0.10046170   -0.03270865  0.03729926
 -0.03901245 -0.12271649   -0.03270865  0.03729926   -0.04958179  0.08171421
    2    1
 -0.04958179 -0.08171421   -0.03270865 -0.03729926   -0.03901245  0.12271649
 -0.03270865 -0.03729926   -0.04843396 -0.10046170   -0.03270865 -0.03729926
 -0.03901245  0.12271649   -0.03270865 -0.03729926   -0.04958179 -0.08171421
    2    2
  0.25178145  0.00000000   -0.00435169 -0.00726349    0.00078698  0.00000000
 -0.00435169  0.00726349    0.30640576 -0.00000000   -0.00435169  0.00726349
  0.00078698  0.00000000   -0.00435169 -0.00726349    0.25178145  0.00000000

     Dynamical  Matrix in cartesian axes

     q = (    0.750000000  -0.250000000  -0.750000000 ) 

    1    1
  0.25178145  0.00000000   -0.00435169 -0.00726349   -0.00078698 -0.00000000
 -0.00435169  0.00726349    0.30640576  0.00000000    0.00435169 -0.00726349
 -0.00078698 -0.00000000    0.00435169  0.00726349    0.25178145  0.00000000
    1    2
 -0.08171421  0.04958179   -0.03729926  0.03270865   -0.12271649 -0.03901245
 -0.03729926  0.03270865   -0.10046170  0.04843396    0.03729926 -0.03270865
 -0.12271649 -0.03901245    0.03729926 -0.03270865   -0.08171421  0.04958179
    2    1
 -0.08171421 -0.04958179   -0.03729926 -0.03270865   -0.12271649  0.03901245
 -0.03729926 -0.03270865   -0.10046170 -0.04843396    0.03729926  0.03270865
 -0.12271649  0.03901245    0.03729926  0.03270865   -0.08171421 -0.04958179
    2    2
  0.25178145 -0.00000000   -0.00435169  0.00726349   -0.00078698  0.00000000
 -0.00435169 -0.00726349    0.30640576  0.00000000    0.00435169  0.00726349
 -0.00078698  0.00000000    0.00435169 -0.00726349    0.25178145 -0.00000000

     Dynamical  Matrix in cartesian axes

     q = (   -0.750000000  -0.250000000  -0.750000000 ) 

    1    1
  0.25178145 -0.00000000    0.00435169 -0.00726349    0.00078698 -0.00000000
  0.00435169  0.00726349    0.30640576  0.00000000    0.00435169  0.00726349
  0.00078698 -0.00000000    0.00435169 -0.00726349    0.25178145 -0.00000000
    1    2
  0.08171421  0.04958179   -0.03729926 -0.03270865   -0.12271649  0.03901245
 -0.03729926 -0.03270865    0.10046170  0.04843396   -0.03729926 -0.03270865
 -0.12271649  0.03901245   -0.03729926 -0.03270865    0.08171421  0.04958179
    2    1
  0.08171421 -0.04958179   -0.03729926  0.03270865   -0.12271649 -0.03901245
 -0.03729926  0.03270865    0.10046170 -0.04843396   -0.03729926  0.03270865
 -0.12271649 -0.03901245   -0.03729926  0.03270865    0.08171421 -0.04958179
    2    2
  0.25178145  0.00000000    0.00435169  0.00726349    0.00078698  0.00000000
  0.00435169 -0.00726349    0.30640576 -0.00000000    0.00435169 -0.00726349
  0.00078698  0.00000000    0.00435169  0.00726349    0.25178145  0.00000000

     Dynamical  Matrix in cartesian axes

     q = (   -0.750000000  -0.250000000   0.750000000 ) 

    1    1
  0.25178145  0.00000000    0.00435169  0.00726349   -0.00078698 -0.00000000
  0.00435169 -0.00726349    0.30640576 -0.00000000   -0.00435169  0.00726349
 -0.00078698 -0.00000000   -0.00435169 -0.00726349    0.25178145  0.00000000
    1    2
 -0.08171421  0.04958179    0.03729926 -0.03270865   -0.12271649 -0.03901245
  0.03729926 -0.03270865   -0.10046170  0.04843396   -0.03729926  0.03270865
 -0.12271649 -0.03901245   -0.03729926  0.03270865   -0.08171421  0.04958179
    2    1
 -0.08171421 -0.04958179    0.03729926  0.03270865   -0.12271649  0.03901245
  0.03729926  0.03270865   -0.10046170 -0.04843396   -0.03729926 -0.03270865
 -0.12271649  0.03901245   -0.03729926 -0.03270865   -0.08171421 -0.04958179
    2    2
  0.25178145 -0.00000000    0.00435169 -0.00726349   -0.00078698  0.00000000
  0.00435169  0.00726349    0.30640576  0.00000000   -0.00435169 -0.00726349
 -0.00078698  0.00000000   -0.00435169  0.00726349    0.25178145 -0.00000000

     Dynamical  Matrix in cartesian axes

     q = (   -0.750000000   0.250000000  -0.750000000 ) 

    1    1
  0.25178145  0.00000000   -0.00435169 -0.00726349    0.00078698  0.00000000
 -0.00435169  0.00726349    0.30640576 -0.00000000   -0.00435169  0.00726349
  0.00078698  0.00000000   -0.00435169 -0.00726349    0.25178145  0.00000000
    1    2
 -0.04958179 -0.08171421   -0.03270865 -0.03729926   -0.03901245  0.12271649
 -0.03270865 -0.03729926   -0.04843396 -0.10046170   -0.03270865 -0.03729926
 -0.03901245  0.12271649   -0.03270865 -0.03729926   -0.04958179 -0.08171421
    2    1
 -0.04958179  0.08171421   -0.03270865  0.03729926   -0.03901245 -0.12271649
 -0.03270865  0.03729926   -0.04843396  0.10046170   -0.03270865  0.03729926
 -0.03901245 -0.12271649   -0.03270865  0.03729926   -0.04958179  0.08171421
    2    2
  0.25178145 -0.00000000   -0.00435169  0.00726349    0.00078698 -0.00000000
 -0.00435169 -0.00726349    0.30640576  0.00000000   -0.00435169 -0.00726349
  0.00078698 -0.00000000   -0.00435169  0.00726349    0.25178145 -0.00000000

     Dynamical  Matrix in cartesian axes

     q = (   -0.250000000   0.750000000  -0.750000000 ) 

    1    1
  0.30640576 -0.00000000   -0.00435169  0.00726349    0.00435169 -0.00726349
 -0.00435169 -0.00726349    0.25178145  0.00000000   -0.00078698 -0.00000000
  0.00435169  0.00726349   -0.00078698 -0.00000000    0.25178145  0.00000000
    1    2
 -0.10046170  0.04843396   -0.03729926  0.03270865    0.03729926 -0.03270865
 -0.03729926  0.03270865   -0.08171421  0.04958179   -0.12271649 -0.03901245
  0.03729926 -0.03270865   -0.12271649 -0.03901245   -0.08171421  0.04958179
    2    1
 -0.10046170 -0.04843396   -0.03729926 -0.03270865    0.03729926  0.03270865
 -0.03729926 -0.03270865   -0.08171421 -0.04958179   -0.12271649  0.03901245
  0.03729926  0.03270865   -0.12271649  0.03901245   -0.08171421 -0.04958179
    2    2
  0.30640576  0.00000000   -0.00435169 -0.00726349    0.00435169  0.00726349
 -0.00435169  0.00726349    0.25178145 -0.00000000   -0.00078698  0.00000000
  0.00435169 -0.00726349   -0.00078698  0.00000000    0.25178145 -0.00000000

     Dynamical  Matrix in cartesian axes

     q = (   -0.750000000   0.750000000  -0.250000000 ) 

    1    1
  0.25178145  0.00000000   -0.00078698 -0.00000000    0.00435169  0.00726349
 -0.00078698 -0.00000000    0.25178145  0.00000000   -0.00435169 -0.00726349
  0.00435169 -0.00726349   -0.00435169  0.00726349    0.30640576 -0.00000000
    1    2
 -0.08171421  0.04958179   -0.12271649 -0.03901245    0.03729926 -0.03270865
 -0.12271649 -0.03901245   -0.08171421  0.04958179   -0.03729926  0.03270865
  0.03729926 -0.03270865   -0.03729926  0.03270865   -0.10046170  0.04843396
    2    1
 -0.08171421 -0.04958179   -0.12271649  0.03901245    0.03729926  0.03270865
 -0.12271649  0.03901245   -0.08171421 -0.04958179   -0.03729926 -0.03270865
  0.03729926  0.03270865   -0.03729926 -0.03270865   -0.10046170 -0.04843396
    2    2
  0.25178145 -0.00000000   -0.00078698  0.00000000    0.00435169 -0.00726349
 -0.00078698  0.00000000    0.25178145 -0.00000000   -0.00435169  0.00726349
  0.00435169  0.00726349   -0.00435169 -0.00726349    0.30640576  0.00000000

     Dynamical  Matrix in cartesian axes

     q = (    0.750000000   0.250000000   0.750000000 ) 

    1    1
  0.25178145  0.00000000    0.00435169  0.00726349    0.00078698  0.00000000
  0.00435169 -0.00726349    0.30640576 -0.00000000    0.00435169 -0.00726349
  0.00078698  0.00000000    0.00435169  0.00726349    0.25178145  0.00000000
    1    2
  0.08171421 -0.04958179   -0.03729926  0.03270865   -0.12271649 -0.03901245
 -0.03729926  0.03270865    0.10046170 -0.04843396   -0.03729926  0.03270865
 -0.12271649 -0.03901245   -0.03729926  0.03270865    0.08171421 -0.04958179
    2    1
  0.08171421  0.04958179   -0.03729926 -0.03270865   -0.12271649  0.03901245
 -0.03729926 -0.03270865    0.10046170  0.04843396   -0.03729926 -0.03270865
 -0.12271649  0.03901245   -0.03729926 -0.03270865    0.08171421  0.04958179
    2    2
  0.25178145 -0.00000000    0.00435169 -0.00726349    0.00078698 -0.00000000
  0.00435169  0.00726349    0.30640576  0.00000000    0.00435169  0.00726349
  0.00078698 -0.00000000    0.00435169 -0.00726349    0.25178145 -0.00000000

     Dynamical  Matrix in cartesian axes

     q = (   -0.750000000   0.250000000   0.750000000 ) 

    1    1
  0.25178145 -0.00000000   -0.00435169  0.00726349   -0.00078698  0.00000000
 -0.00435169 -0.00726349    0.30640576  0.00000000    0.00435169  0.00726349
 -0.00078698  0.00000000    0.00435169 -0.00726349    0.25178145 -0.00000000
    1    2
 -0.08171421 -0.04958179   -0.03729926 -0.03270865   -0.12271649  0.03901245
 -0.03729926 -0.03270865   -0.10046170 -0.04843396    0.03729926  0.03270865
 -0.12271649  0.03901245    0.03729926  0.03270865   -0.08171421 -0.04958179
    2    1
 -0.08171421  0.04958179   -0.03729926  0.03270865   -0.12271649 -0.03901245
 -0.03729926  0.03270865   -0.10046170  0.04843396    0.03729926 -0.03270865
 -0.12271649 -0.03901245    0.03729926 -0.03270865   -0.08171421  0.04958179
    2    2
  0.25178145  0.00000000   -0.00435169 -0.00726349   -0.00078698 -0.00000000
 -0.00435169  0.00726349    0.30640576  0.00000000    0.00435169 -0.00726349
 -0.00078698 -0.00000000    0.00435169  0.00726349    0.25178145  0.00000000

     Dynamical  Matrix in cartesian axes

     q = (    0.750000000   0.250000000  -0.750000000 ) 

    1    1
  0.25178145 -0.00000000    0.00435169 -0.00726349   -0.00078698  0.00000000
  0.00435169  0.00726349    0.30640576  0.00000000   -0.00435169 -0.00726349
 -0.00078698  0.00000000   -0.00435169  0.00726349    0.25178145 -0.00000000
    1    2
 -0.08171421 -0.04958179    0.03729926  0.03270865   -0.12271649  0.03901245
  0.03729926  0.03270865   -0.10046170 -0.04843396   -0.03729926 -0.03270865
 -0.12271649  0.03901245   -0.03729926 -0.03270865   -0.08171421 -0.04958179
    2    1
 -0.08171421  0.04958179    0.03729926 -0.03270865   -0.12271649 -0.03901245
  0.03729926 -0.03270865   -0.10046170  0.04843396   -0.03729926  0.03270865
 -0.12271649 -0.03901245   -0.03729926  0.03270865   -0.08171421  0.04958179
    2    2
  0.25178145  0.00000000    0.00435169  0.00726349   -0.00078698 -0.00000000
  0.00435169 -0.00726349    0.30640576 -0.00000000   -0.00435169  0.00726349
 -0.00078698 -0.00000000   -0.00435169 -0.00726349    0.25178145  0.00000000

     Dynamical  Matrix in cartesian axes

     q = (   -0.750000000   0.750000000   0.250000000 ) 

    1    1
  0.25178145 -0.00000000   -0.00078698  0.00000000   -0.00435169  0.00726349
 -0.00078698  0.00000000    0.25178145 -0.00000000    0.00435169 -0.00726349
 -0.00435169 -0.00726349    0.00435169  0.00726349    0.30640576  0.00000000
    1    2
 -0.08171421 -0.04958179   -0.12271649  0.03901245   -0.03729926 -0.03270865
 -0.12271649  0.03901245   -0.08171421 -0.04958179    0.03729926  0.03270865
 -0.03729926 -0.03270865    0.03729926  0.03270865   -0.10046170 -0.04843396
    2    1
 -0.08171421  0.04958179   -0.12271649 -0.03901245   -0.03729926  0.03270865
 -0.12271649 -0.03901245   -0.08171421  0.04958179    0.03729926 -0.03270865
 -0.03729926  0.03270865    0.03729926 -0.03270865   -0.10046170  0.04843396
    2    2
  0.25178145  0.00000000   -0.00078698 -0.00000000   -0.00435169 -0.00726349
 -0.00078698 -0.00000000    0.25178145  0.00000000    0.00435169  0.00726349
 -0.00435169  0.00726349    0.00435169 -0.00726349    0.30640576 -0.00000000

     Dynamical  Matrix in cartesian axes

     q = (   -0.250000000   0.750000000   0.750000000 ) 

    1    1
  0.30640576  0.00000000   -0.00435169 -0.00726349   -0.00435169 -0.00726349
 -0.00435169  0.00726349    0.25178145 -0.00000000    0.00078698  0.00000000
 -0.00435169  0.00726349    0.00078698 -0.00000000    0.25178145 -0.00000000
    1    2
 -0.04843396  0.10046170   -0.03270865  0.03729926   -0.03270865  0.03729926
 -0.03270865  0.03729926   -0.04958179  0.08171421   -0.03901245 -0.12271649
 -0.03270865  0.03729926   -0.03901245 -0.12271649   -0.04958179  0.08171421
    2    1
 -0.04843396 -0.10046170   -0.03270865 -0.03729926   -0.03270865 -0.03729926
 -0.03270865 -0.03729926   -0.04958179 -0.08171421   -0.03901245  0.12271649
 -0.03270865 -0.03729926   -0.03901245  0.12271649   -0.04958179 -0.08171421
    2    2
  0.30640576 -0.00000000   -0.00435169  0.00726349   -0.00435169  0.00726349
 -0.00435169 -0.00726349    0.25178145  0.00000000    0.00078698 -0.00000000
 -0.00435169 -0.00726349    0.00078698  0.00000000    0.25178145  0.00000000

     Dynamical  Matrix in cartesian axes

     q = (    0.250000000   0.750000000  -0.750000000 ) 

    1    1
  0.30640576  0.00000000    0.00435169  0.00726349   -0.00435169 -0.00726349
  0.00435169 -0.00726349    0.25178145 -0.00000000   -0.00078698  0.00000000
 -0.00435169  0.00726349   -0.00078698  0.00000000    0.25178145 -0.00000000
    1    2
 -0.10046170 -0.04843396    0.03729926  0.03270865   -0.03729926 -0.03270865
  0.03729926  0.03270865   -0.08171421 -0.04958179   -0.12271649  0.03901245
 -0.03729926 -0.03270865   -0.12271649  0.03901245   -0.08171421 -0.04958179
    2    1
 -0.10046170  0.04843396    0.03729926 -0.03270865   -0.03729926  0.03270865
  0.03729926 -0.03270865   -0.08171421  0.04958179   -0.12271649 -0.03901245
 -0.03729926  0.03270865   -0.12271649 -0.03901245   -0.08171421  0.04958179
    2    2
  0.30640576 -0.00000000    0.00435169 -0.00726349   -0.00435169  0.00726349
  0.00435169  0.00726349    0.25178145  0.00000000   -0.00078698 -0.00000000
 -0.00435169 -0.00726349   -0.00078698 -0.00000000    0.25178145  0.00000000

     Dynamical  Matrix in cartesian axes

     q = (   -0.250000000  -0.750000000  -0.750000000 ) 

    1    1
  0.30640576  0.00000000    0.00435169  0.00726349    0.00435169  0.00726349
  0.00435169 -0.00726349    0.25178145 -0.00000000    0.00078698 -0.00000000
  0.00435169 -0.00726349    0.00078698  0.00000000    0.25178145 -0.00000000
    1    2
  0.10046170  0.04843396   -0.03729926 -0.03270865   -0.03729926 -0.03270865
 -0.03729926 -0.03270865    0.08171421  0.04958179   -0.12271649  0.03901245
 -0.03729926 -0.03270865   -0.12271649  0.03901245    0.08171421  0.04958179
    2    1
  0.10046170 -0.04843396   -0.03729926  0.03270865   -0.03729926  0.03270865
 -0.03729926  0.03270865    0.08171421 -0.04958179   -0.12271649 -0.03901245
 -0.03729926  0.03270865   -0.12271649 -0.03901245    0.08171421 -0.04958179
    2    2
  0.30640576 -0.00000000    0.00435169 -0.00726349    0.00435169 -0.00726349
  0.00435169  0.00726349    0.25178145  0.00000000    0.00078698  0.00000000
  0.00435169  0.00726349    0.00078698 -0.00000000    0.25178145  0.00000000

     Dynamical  Matrix in cartesian axes

     q = (    0.750000000   0.750000000  -0.250000000 ) 

    1    1
  0.25178145 -0.00000000    0.00078698 -0.00000000   -0.00435169  0.00726349
  0.00078698 -0.00000000    0.25178145 -0.00000000   -0.00435169  0.00726349
 -0.00435169 -0.00726349   -0.00435169 -0.00726349    0.30640576  0.00000000
    1    2
 -0.04958179  0.08171421   -0.03901245 -0.12271649   -0.03270865  0.03729926
 -0.03901245 -0.12271649   -0.04958179  0.08171421   -0.03270865  0.03729926
 -0.03270865  0.03729926   -0.03270865  0.03729926   -0.04843396  0.10046170
    2    1
 -0.04958179 -0.08171421   -0.03901245  0.12271649   -0.03270865 -0.03729926
 -0.03901245  0.12271649   -0.04958179 -0.08171421   -0.03270865 -0.03729926
 -0.03270865 -0.03729926   -0.03270865 -0.03729926   -0.04843396 -0.10046170
    2    2
  0.25178145  0.00000000    0.00078698  0.00000000   -0.00435169 -0.00726349
  0.00078698  0.00000000    0.25178145  0.00000000   -0.00435169 -0.00726349
 -0.00435169  0.00726349   -0.00435169  0.00726349    0.30640576 -0.00000000

     Dynamical  Matrix in cartesian axes

     q = (    0.750000000  -0.750000000   0.250000000 ) 

    1    1
  0.25178145 -0.00000000   -0.00078698  0.00000000    0.00435169 -0.00726349
 -0.00078698  0.00000000    0.25178145 -0.00000000   -0.00435169  0.00726349
  0.00435169  0.00726349   -0.00435169 -0.00726349    0.30640576  0.00000000
    1    2
 -0.08171421 -0.04958179   -0.12271649  0.03901245    0.03729926  0.03270865
 -0.12271649  0.03901245   -0.08171421 -0.04958179   -0.03729926 -0.03270865
  0.03729926  0.03270865   -0.03729926 -0.03270865   -0.10046170 -0.04843396
    2    1
 -0.08171421  0.04958179   -0.12271649 -0.03901245    0.03729926 -0.03270865
 -0.12271649 -0.03901245   -0.08171421  0.04958179   -0.03729926  0.03270865
  0.03729926 -0.03270865   -0.03729926  0.03270865   -0.10046170  0.04843396
    2    2
  0.25178145  0.00000000   -0.00078698 -0.00000000    0.00435169  0.00726349
 -0.00078698 -0.00000000    0.25178145  0.00000000   -0.00435169 -0.00726349
  0.00435169 -0.00726349   -0.00435169  0.00726349    0.30640576 -0.00000000

     Dynamical  Matrix in cartesian axes

     q = (   -0.750000000  -0.750000000  -0.250000000 ) 

    1    1
  0.25178145 -0.00000000    0.00078698 -0.00000000    0.00435169 -0.00726349
  0.00078698 -0.00000000    0.25178145 -0.00000000    0.00435169 -0.00726349
  0.00435169  0.00726349    0.00435169  0.00726349    0.30640576  0.00000000
    1    2
  0.08171421  0.04958179   -0.12271649  0.03901245   -0.03729926 -0.03270865
 -0.12271649  0.03901245    0.08171421  0.04958179   -0.03729926 -0.03270865
 -0.03729926 -0.03270865   -0.03729926 -0.03270865    0.10046170  0.04843396
    2    1
  0.08171421 -0.04958179   -0.12271649 -0.03901245   -0.03729926  0.03270865
 -0.12271649 -0.03901245    0.08171421 -0.04958179   -0.03729926  0.03270865
 -0.03729926  0.03270865   -0.03729926  0.03270865    0.10046170 -0.04843396
    2    2
  0.25178145  0.00000000    0.00078698  0.00000000    0.00435169  0.00726349
  0.00078698  0.00000000    0.25178145  0.00000000    0.00435169  0.00726349
  0.00435169 -0.00726349    0.00435169 -0.00726349    0.30640576 -0.00000000

     Dynamical  Matrix in cartesian axes

     q = (    0.250000000  -0.750000000   0.750000000 ) 

    1    1
  0.30640576  0.00000000   -0.00435169 -0.00726349    0.00435169  0.00726349
 -0.00435169  0.00726349    0.25178145 -0.00000000   -0.00078698  0.00000000
  0.00435169 -0.00726349   -0.00078698  0.00000000    0.25178145 -0.00000000
    1    2
 -0.10046170 -0.04843396   -0.03729926 -0.03270865    0.03729926  0.03270865
 -0.03729926 -0.03270865   -0.08171421 -0.04958179   -0.12271649  0.03901245
  0.03729926  0.03270865   -0.12271649  0.03901245   -0.08171421 -0.04958179
    2    1
 -0.10046170  0.04843396   -0.03729926  0.03270865    0.03729926 -0.03270865
 -0.03729926  0.03270865   -0.08171421  0.04958179   -0.12271649 -0.03901245
  0.03729926 -0.03270865   -0.12271649 -0.03901245   -0.08171421  0.04958179
    2    2
  0.30640576 -0.00000000   -0.00435169  0.00726349    0.00435169 -0.00726349
 -0.00435169 -0.00726349    0.25178145  0.00000000   -0.00078698 -0.00000000
  0.00435169  0.00726349   -0.00078698 -0.00000000    0.25178145  0.00000000

     Dynamical  Matrix in cartesian axes

     q = (   -0.750000000  -0.750000000   0.250000000 ) 

    1    1
  0.25178145  0.00000000    0.00078698  0.00000000   -0.00435169 -0.00726349
  0.00078698  0.00000000    0.25178145  0.00000000   -0.00435169 -0.00726349
 -0.00435169  0.00726349   -0.00435169  0.00726349    0.30640576 -0.00000000
    1    2
 -0.04958179 -0.08171421   -0.03901245  0.12271649   -0.03270865 -0.03729926
 -0.03901245  0.12271649   -0.04958179 -0.08171421   -0.03270865 -0.03729926
 -0.03270865 -0.03729926   -0.03270865 -0.03729926   -0.04843396 -0.10046170
    2    1
 -0.04958179  0.08171421   -0.03901245 -0.12271649   -0.03270865  0.03729926
 -0.03901245 -0.12271649   -0.04958179  0.08171421   -0.03270865  0.03729926
 -0.03270865  0.03729926   -0.03270865  0.03729926   -0.04843396  0.10046170
    2    2
  0.25178145 -0.00000000    0.00078698 -0.00000000   -0.00435169  0.00726349
  0.00078698 -0.00000000    0.25178145 -0.00000000   -0.00435169  0.00726349
 -0.00435169 -0.00726349   -0.00435169 -0.00726349    0.30640576  0.00000000

     Dynamical  Matrix in cartesian axes

     q = (    0.250000000   0.750000000   0.750000000 ) 

    1    1
  0.30640576 -0.00000000    0.00435169 -0.00726349    0.00435169 -0.00726349
  0.00435169  0.00726349    0.25178145  0.00000000    0.00078698  0.00000000
  0.00435169  0.00726349    0.00078698 -0.00000000    0.25178145  0.00000000
    1    2
  0.10046170 -0.04843396   -0.03729926  0.03270865   -0.03729926  0.03270865
 -0.03729926  0.03270865    0.08171421 -0.04958179   -0.12271649 -0.03901245
 -0.03729926  0.03270865   -0.12271649 -0.03901245    0.08171421 -0.04958179
    2    1
  0.10046170  0.04843396   -0.03729926 -0.03270865   -0.03729926 -0.03270865
 -0.03729926 -0.03270865    0.08171421  0.04958179   -0.12271649  0.03901245
 -0.03729926 -0.03270865   -0.12271649  0.03901245    0.08171421  0.04958179
    2    2
  0.30640576  0.00000000    0.00435169  0.00726349    0.00435169  0.00726349
  0.00435169 -0.00726349    0.25178145 -0.00000000    0.00078698 -0.00000000
  0.00435169 -0.00726349    0.00078698  0.00000000    0.25178145 -0.00000000

     Dynamical  Matrix in cartesian axes

     q = (   -0.250000000  -0.750000000   0.750000000 ) 

    1    1
  0.30640576 -0.00000000    0.00435169 -0.00726349   -0.00435169  0.00726349
  0.00435169  0.00726349    0.25178145  0.00000000   -0.00078698 -0.00000000
 -0.00435169 -0.00726349   -0.00078698 -0.00000000    0.25178145  0.00000000
    1    2
 -0.10046170  0.04843396    0.03729926 -0.03270865   -0.03729926  0.03270865
  0.03729926 -0.03270865   -0.08171421  0.04958179   -0.12271649 -0.03901245
 -0.03729926  0.03270865   -0.12271649 -0.03901245   -0.08171421  0.04958179
    2    1
 -0.10046170 -0.04843396    0.03729926  0.03270865   -0.03729926 -0.03270865
  0.03729926  0.03270865   -0.08171421 -0.04958179   -0.12271649  0.03901245
 -0.03729926 -0.03270865   -0.12271649  0.03901245   -0.08171421 -0.04958179
    2    2
  0.30640576  0.00000000    0.00435169  0.00726349   -0.00435169 -0.00726349
  0.00435169 -0.00726349    0.25178145 -0.00000000   -0.00078698  0.00000000
 -0.00435169  0.00726349   -0.00078698  0.00000000    0.25178145 -0.00000000

     Dynamical  Matrix in cartesian axes

     q = (    0.750000000   0.750000000   0.250000000 ) 

    1    1
  0.25178145  0.00000000    0.00078698  0.00000000    0.00435169  0.00726349
  0.00078698  0.00000000    0.25178145  0.00000000    0.00435169  0.00726349
  0.00435169 -0.00726349    0.00435169 -0.00726349    0.30640576 -0.00000000
    1    2
  0.08171421 -0.04958179   -0.12271649 -0.03901245   -0.03729926  0.03270865
 -0.12271649 -0.03901245    0.08171421 -0.04958179   -0.03729926  0.03270865
 -0.03729926  0.03270865   -0.03729926  0.03270865    0.10046170 -0.04843396
    2    1
  0.08171421  0.04958179   -0.12271649  0.03901245   -0.03729926 -0.03270865
 -0.12271649  0.03901245    0.08171421  0.04958179   -0.03729926 -0.03270865
 -0.03729926 -0.03270865   -0.03729926 -0.03270865    0.10046170  0.04843396
    2    2
  0.25178145 -0.00000000    0.00078698 -0.00000000    0.00435169 -0.00726349
  0.00078698 -0.00000000    0.25178145 -0.00000000    0.00435169 -0.00726349
  0.00435169  0.00726349    0.00435169  0.00726349    0.30640576  0.00000000

     Dynamical  Matrix in cartesian axes

     q = (    0.250000000  -0.750000000  -0.750000000 ) 

    1    1
  0.30640576 -0.00000000   -0.00435169  0.00726349   -0.00435169  0.00726349
 -0.00435169 -0.00726349    0.25178145  0.00000000    0.00078698 -0.00000000
 -0.00435169 -0.00726349    0.00078698  0.00000000    0.25178145  0.00000000
    1    2
 -0.04843396 -0.10046170   -0.03270865 -0.03729926   -0.03270865 -0.03729926
 -0.03270865 -0.03729926   -0.04958179 -0.08171421   -0.03901245  0.12271649
 -0.03270865 -0.03729926   -0.03901245  0.12271649   -0.04958179 -0.08171421
    2    1
 -0.04843396  0.10046170   -0.03270865  0.03729926   -0.03270865  0.03729926
 -0.03270865  0.03729926   -0.04958179  0.08171421   -0.03901245 -0.12271649
 -0.03270865  0.03729926   -0.03901245 -0.12271649   -0.04958179  0.08171421
    2    2
  0.30640576  0.00000000   -0.00435169 -0.00726349   -0.00435169 -0.00726349
 -0.00435169  0.00726349    0.25178145 -0.00000000    0.00078698  0.00000000
 -0.00435169  0.00726349    0.00078698 -0.00000000    0.25178145 -0.00000000

     Dynamical  Matrix in cartesian axes

     q = (    0.750000000  -0.750000000  -0.250000000 ) 

    1    1
  0.25178145  0.00000000   -0.00078698 -0.00000000   -0.00435169 -0.00726349
 -0.00078698 -0.00000000    0.25178145  0.00000000    0.00435169  0.00726349
 -0.00435169  0.00726349    0.00435169 -0.00726349    0.30640576 -0.00000000
    1    2
 -0.08171421  0.04958179   -0.12271649 -0.03901245   -0.03729926  0.03270865
 -0.12271649 -0.03901245   -0.08171421  0.04958179    0.03729926 -0.03270865
 -0.03729926  0.03270865    0.03729926 -0.03270865   -0.10046170  0.04843396
    2    1
 -0.08171421 -0.04958179   -0.12271649  0.03901245   -0.03729926 -0.03270865
 -0.12271649  0.03901245   -0.08171421 -0.04958179    0.03729926  0.03270865
 -0.03729926 -0.03270865    0.03729926  0.03270865   -0.10046170 -0.04843396
    2    2
  0.25178145 -0.00000000   -0.00078698  0.00000000   -0.00435169  0.00726349
 -0.00078698  0.00000000    0.25178145 -0.00000000    0.00435169 -0.00726349
 -0.00435169 -0.00726349    0.00435169  0.00726349    0.30640576  0.00000000

     Diagonalizing the dynamical matrix

     q = (    0.750000000  -0.250000000   0.750000000 ) 

 **************************************************************************
     freq (    1) =       4.423968 [THz] =     147.567689 [cm-1]
 (  0.025816 -0.499333 -0.000000  0.000000 -0.025816  0.499333 ) 
 (  0.500000 -0.000000 -0.000000 -0.000000 -0.500000  0.000000 ) 
     freq (    2) =       6.808142 [THz] =     227.095185 [cm-1]
 ( -0.393769 -0.068217 -0.365620  0.216578 -0.393769 -0.068217 ) 
 ( -0.399635  0.000000 -0.323285 -0.275810 -0.399635  0.000000 ) 
     freq (    3) =       9.655852 [THz] =     322.084554 [cm-1]
 (  0.025751  0.335529 -0.475944 -0.216775  0.025751  0.335529 ) 
 (  0.336516 -0.000000 -0.252560 -0.457960  0.336516  0.000000 ) 
     freq (    4) =      11.782669 [THz] =     393.027547 [cm-1]
 ( -0.247250 -0.308799  0.383077  0.200680 -0.247250 -0.308799 ) 
 (  0.395588  0.000000 -0.396083 -0.173605  0.395588  0.000000 ) 
     freq (    5) =      13.880455 [THz] =     463.002139 [cm-1]
 ( -0.025816  0.499333  0.000000 -0.000000  0.025816 -0.499333 ) 
 (  0.500000  0.000000 -0.000000 -0.000000 -0.500000  0.000000 ) 
     freq (    6) =      13.937204 [THz] =     464.895083 [cm-1]
 ( -0.256826 -0.067822 -0.517610  0.301599 -0.256826 -0.067822 ) 
 (  0.265630  0.000000  0.423447  0.423762  0.265630  0.000000 ) 
 **************************************************************************
