Dynamical matrix file
                                                                           
  1    2  2 10.3910000  0.0000000  0.0000000  0.0000000  0.0000000  0.0000000
           1  'Si  '    25598.822984527003     
    1    1      0.0000000000      0.0000000000      0.0000000000
    2    1      0.2500000000      0.2500000000      0.2500000000

     Dynamical  Matrix in cartesian axes

     q = (   -0.250000000   0.250000000  -0.250000000 ) 

    1    1
  0.28967767  0.00000000   -0.01049463  0.00000000    0.01049463  0.00000000
 -0.01049463  0.00000000    0.28967767  0.00000000   -0.01049463  0.00000000
  0.01049463  0.00000000   -0.01049463  0.00000000    0.28967767  0.00000000
    1    2
 -0.21594917 -0.06550960   -0.03383799  0.03454852    0.03383799 -0.03454852
 -0.03383799  0.03454852   -0.21594917 -0.06550960   -0.03383799  0.03454852
  0.03383799 -0.03454852   -0.03383799  0.03454852   -0.21594917 -0.06550960
    2    1
 -0.21594917  0.06550960   -0.03383799 -0.03454852    0.03383799  0.03454852
 -0.03383799 -0.03454852   -0.21594917  0.06550960   -0.03383799 -0.03454852
  0.03383799  0.03454852   -0.03383799 -0.03454852   -0.21594917  0.06550960
    2    2
  0.28967767  0.00000000   -0.01049463  0.00000000    0.01049463  0.00000000
 -0.01049463  0.00000000    0.28967767  0.00000000   -0.01049463  0.00000000
  0.01049463  0.00000000   -0.01049463  0.00000000    0.28967767  0.00000000

     Dynamical  Matrix in cartesian axes

     q = (    0.250000000  -0.250000000  -0.250000000 ) 

    1    1
  0.28967767  0.00000000   -0.01049463  0.00000000   -0.01049463  0.00000000
 -0.01049463  0.00000000    0.28967767  0.00000000    0.01049463  0.00000000
 -0.01049463  0.00000000    0.01049463  0.00000000    0.28967767  0.00000000
    1    2
 -0.21594917 -0.06550960   -0.03383799  0.03454852   -0.03383799  0.03454852
 -0.03383799  0.03454852   -0.21594917 -0.06550960    0.03383799 -0.03454852
 -0.03383799  0.03454852    0.03383799 -0.03454852   -0.21594917 -0.06550960
    2    1
 -0.21594917  0.06550960   -0.03383799 -0.03454852   -0.03383799 -0.03454852
 -0.03383799 -0.03454852   -0.21594917  0.06550960    0.03383799  0.03454852
 -0.03383799 -0.03454852    0.03383799  0.03454852   -0.21594917  0.06550960
    2    2
  0.28967767  0.00000000   -0.01049463  0.00000000   -0.01049463  0.00000000
 -0.01049463  0.00000000    0.28967767  0.00000000    0.01049463  0.00000000
 -0.01049463  0.00000000    0.01049463  0.00000000    0.28967767  0.00000000

     Dynamical  Matrix in cartesian axes

     q = (    0.250000000  -0.250000000   0.250000000 ) 

    1    1
  0.28967767  0.00000000   -0.01049463  0.00000000    0.01049463  0.00000000
 -0.01049463  0.00000000    0.28967767  0.00000000   -0.01049463  0.00000000
  0.01049463  0.00000000   -0.01049463  0.00000000    0.28967767  0.00000000
    1    2
 -0.21594917  0.06550960   -0.03383799 -0.03454852    0.03383799  0.03454852
 -0.03383799 -0.03454852   -0.21594917  0.06550960   -0.03383799 -0.03454852
  0.03383799  0.03454852   -0.03383799 -0.03454852   -0.21594917  0.06550960
    2    1
 -0.21594917 -0.06550960   -0.03383799  0.03454852    0.03383799 -0.03454852
 -0.03383799  0.03454852   -0.21594917 -0.06550960   -0.03383799  0.03454852
  0.03383799 -0.03454852   -0.03383799  0.03454852   -0.21594917 -0.06550960
    2    2
  0.28967767  0.00000000   -0.01049463  0.00000000    0.01049463  0.00000000
 -0.01049463  0.00000000    0.28967767  0.00000000   -0.01049463  0.00000000
  0.01049463  0.00000000   -0.01049463  0.00000000    0.28967767  0.00000000

     Dynamical  Matrix in cartesian axes

     q = (    0.250000000   0.250000000   0.250000000 ) 

    1    1
  0.28967767  0.00000000    0.01049463  0.00000000    0.01049463  0.00000000
  0.01049463  0.00000000    0.28967767  0.00000000    0.01049463  0.00000000
  0.01049463  0.00000000    0.01049463  0.00000000    0.28967767  0.00000000
    1    2
 -0.06550960  0.21594917   -0.03454852 -0.03383799   -0.03454852 -0.03383799
 -0.03454852 -0.03383799   -0.06550960  0.21594917   -0.03454852 -0.03383799
 -0.03454852 -0.03383799   -0.03454852 -0.03383799   -0.06550960  0.21594917
    2    1
 -0.06550960 -0.21594917   -0.03454852  0.03383799   -0.03454852  0.03383799
 -0.03454852  0.03383799   -0.06550960 -0.21594917   -0.03454852  0.03383799
 -0.03454852  0.03383799   -0.03454852  0.03383799   -0.06550960 -0.21594917
    2    2
  0.28967767  0.00000000    0.01049463  0.00000000    0.01049463  0.00000000
  0.01049463  0.00000000    0.28967767  0.00000000    0.01049463  0.00000000
  0.01049463  0.00000000    0.01049463  0.00000000    0.28967767  0.00000000

     Dynamical  Matrix in cartesian axes

     q = (   -0.250000000  -0.250000000  -0.250000000 ) 

    1    1
  0.28967767  0.00000000    0.01049463  0.00000000    0.01049463  0.00000000
  0.01049463  0.00000000    0.28967767  0.00000000    0.01049463  0.00000000
  0.01049463  0.00000000    0.01049463  0.00000000    0.28967767  0.00000000
    1    2
 -0.06550960 -0.21594917   -0.03454852  0.03383799   -0.03454852  0.03383799
 -0.03454852  0.03383799   -0.06550960 -0.21594917   -0.03454852  0.03383799
 -0.03454852  0.03383799   -0.03454852  0.03383799   -0.06550960 -0.21594917
    2    1
 -0.06550960  0.21594917   -0.03454852 -0.03383799   -0.03454852 -0.03383799
 -0.03454852 -0.03383799   -0.06550960  0.21594917   -0.03454852 -0.03383799
 -0.03454852 -0.03383799   -0.03454852 -0.03383799   -0.06550960  0.21594917
    2    2
  0.28967767  0.00000000    0.01049463  0.00000000    0.01049463  0.00000000
  0.01049463  0.00000000    0.28967767  0.00000000    0.01049463  0.00000000
  0.01049463  0.00000000    0.01049463  0.00000000    0.28967767  0.00000000

     Dynamical  Matrix in cartesian axes

     q = (   -0.250000000  -0.250000000   0.250000000 ) 

    1    1
  0.28967767  0.00000000    0.01049463  0.00000000   -0.01049463  0.00000000
  0.01049463  0.00000000    0.28967767  0.00000000   -0.01049463  0.00000000
 -0.01049463  0.00000000   -0.01049463  0.00000000    0.28967767  0.00000000
    1    2
 -0.21594917 -0.06550960    0.03383799 -0.03454852   -0.03383799  0.03454852
  0.03383799 -0.03454852   -0.21594917 -0.06550960   -0.03383799  0.03454852
 -0.03383799  0.03454852   -0.03383799  0.03454852   -0.21594917 -0.06550960
    2    1
 -0.21594917  0.06550960    0.03383799  0.03454852   -0.03383799 -0.03454852
  0.03383799  0.03454852   -0.21594917  0.06550960   -0.03383799 -0.03454852
 -0.03383799 -0.03454852   -0.03383799 -0.03454852   -0.21594917  0.06550960
    2    2
  0.28967767  0.00000000    0.01049463  0.00000000   -0.01049463  0.00000000
  0.01049463  0.00000000    0.28967767  0.00000000   -0.01049463  0.00000000
 -0.01049463  0.00000000   -0.01049463  0.00000000    0.28967767  0.00000000

     Dynamical  Matrix in cartesian axes

     q = (   -0.250000000   0.250000000   0.250000000 ) 

    1    1
  0.28967767  0.00000000   -0.01049463  0.00000000   -0.01049463  0.00000000
 -0.01049463  0.00000000    0.28967767  0.00000000    0.01049463  0.00000000
 -0.01049463  0.00000000    0.01049463  0.00000000    0.28967767  0.00000000
    1    2
 -0.21594917  0.06550960   -0.03383799 -0.03454852   -0.03383799 -0.03454852
 -0.03383799 -0.03454852   -0.21594917  0.06550960    0.03383799  0.03454852
 -0.03383799 -0.03454852    0.03383799  0.03454852   -0.21594917  0.06550960
    2    1
 -0.21594917 -0.06550960   -0.03383799  0.03454852   -0.03383799  0.03454852
 -0.03383799  0.03454852   -0.21594917 -0.06550960    0.03383799 -0.03454852
 -0.03383799  0.03454852    0.03383799 -0.03454852   -0.21594917 -0.06550960
    2    2
  0.28967767  0.00000000   -0.01049463  0.00000000   -0.01049463  0.00000000
 -0.01049463  0.00000000    0.28967767  0.00000000    0.01049463  0.00000000
 -0.01049463  0.00000000    0.01049463  0.00000000    0.28967767  0.00000000

     Dynamical  Matrix in cartesian axes

     q = (    0.250000000   0.250000000  -0.250000000 ) 

    1    1
  0.28967767  0.00000000    0.01049463  0.00000000   -0.01049463  0.00000000
  0.01049463  0.00000000    0.28967767  0.00000000   -0.01049463  0.00000000
 -0.01049463  0.00000000   -0.01049463  0.00000000    0.28967767  0.00000000
    1    2
 -0.21594917  0.06550960    0.03383799  0.03454852   -0.03383799 -0.03454852
  0.03383799  0.03454852   -0.21594917  0.06550960   -0.03383799 -0.03454852
 -0.03383799 -0.03454852   -0.03383799 -0.03454852   -0.21594917  0.06550960
    2    1
 -0.21594917 -0.06550960    0.03383799 -0.03454852   -0.03383799  0.03454852
  0.03383799 -0.03454852   -0.21594917 -0.06550960   -0.03383799  0.03454852
 -0.03383799  0.03454852   -0.03383799  0.03454852   -0.21594917 -0.06550960
    2    2
  0.28967767  0.00000000    0.01049463  0.00000000   -0.01049463  0.00000000
  0.01049463  0.00000000    0.28967767  0.00000000   -0.01049463  0.00000000
 -0.01049463  0.00000000   -0.01049463  0.00000000    0.28967767  0.00000000

     Diagonalizing the dynamical matrix

     q = (   -0.250000000   0.250000000  -0.250000000 ) 

 **************************************************************************
     freq (    1) =       3.408852 [THz] =     113.707054 [cm-1]
 ( -0.314617 -0.070081  0.255977  0.000644  0.570594  0.070725 ) 
 ( -0.320848 -0.030848  0.254112 -0.030848  0.574961 -0.000000 ) 
     freq (    2) =       3.408852 [THz] =     113.707054 [cm-1]
 (  0.295233  0.377194  0.347307  0.383649  0.052074  0.006455 ) 
 (  0.339389  0.338013  0.391862  0.338013  0.052473  0.000000 ) 
     freq (    3) =       6.832255 [THz] =     227.899507 [cm-1]
 (  0.302269  0.274409 -0.302269 -0.274409  0.302269  0.274409 ) 
 (  0.408248 -0.000000 -0.408248 -0.000000  0.408248  0.000000 ) 
     freq (    4) =      14.697526 [THz] =     490.256697 [cm-1]
 (  0.302269  0.274409 -0.302269 -0.274409  0.302269  0.274409 ) 
 ( -0.408248  0.000000  0.408248  0.000000 -0.408248  0.000000 ) 
     freq (    5) =      14.981797 [THz] =     499.738959 [cm-1]
 ( -0.477063  0.147394 -0.478553  0.147209 -0.001491 -0.000185 ) 
 (  0.455309 -0.204957  0.456811 -0.204957  0.001502  0.000000 ) 
     freq (    6) =      14.981797 [THz] =     499.738959 [cm-1]
 (  0.287725  0.035126 -0.285239 -0.035893 -0.572964 -0.071019 ) 
 ( -0.289861  0.000533  0.287488  0.000533  0.577348  0.000000 ) 
 **************************************************************************
