Dynamical matrix file
                                                                           
  1    2  2 10.3910000  0.0000000  0.0000000  0.0000000  0.0000000  0.0000000
           1  'Si  '    25598.822984527003     
    1    1      0.0000000000      0.0000000000      0.0000000000
    2    1      0.2500000000      0.2500000000      0.2500000000

     Dynamical  Matrix in cartesian axes

     q = (    0.750000000  -0.250000000   0.750000000 ) 

    1    1
  0.25210931  0.00000000   -0.00438871  0.00730775    0.00085354  0.00000000
 -0.00438871 -0.00730775    0.30676223 -0.00000000   -0.00438871 -0.00730775
  0.00085354  0.00000000   -0.00438871  0.00730775    0.25210931  0.00000000
    1    2
 -0.04968690  0.08168397   -0.03283223  0.03743646   -0.03911806 -0.12307413
 -0.03283223  0.03743646   -0.04849664  0.10047310   -0.03283223  0.03743646
 -0.03911806 -0.12307413   -0.03283223  0.03743646   -0.04968690  0.08168397
    2    1
 -0.04968690 -0.08168397   -0.03283223 -0.03743646   -0.03911806  0.12307413
 -0.03283223 -0.03743646   -0.04849664 -0.10047310   -0.03283223 -0.03743646
 -0.03911806  0.12307413   -0.03283223 -0.03743646   -0.04968690 -0.08168397
    2    2
  0.25210931 -0.00000000   -0.00438871 -0.00730775    0.00085354 -0.00000000
 -0.00438871  0.00730775    0.30676223  0.00000000   -0.00438871  0.00730775
  0.00085354 -0.00000000   -0.00438871 -0.00730775    0.25210931 -0.00000000

     Dynamical  Matrix in cartesian axes

     q = (    0.750000000  -0.250000000  -0.750000000 ) 

    1    1
  0.25210931 -0.00000000   -0.00438871 -0.00730775   -0.00085354  0.00000000
 -0.00438871  0.00730775    0.30676223  0.00000000    0.00438871 -0.00730775
 -0.00085354  0.00000000    0.00438871  0.00730775    0.25210931 -0.00000000
    1    2
 -0.08168397  0.04968690   -0.03743646  0.03283223   -0.12307413 -0.03911806
 -0.03743646  0.03283223   -0.10047310  0.04849664    0.03743646 -0.03283223
 -0.12307413 -0.03911806    0.03743646 -0.03283223   -0.08168397  0.04968690
    2    1
 -0.08168397 -0.04968690   -0.03743646 -0.03283223   -0.12307413  0.03911806
 -0.03743646 -0.03283223   -0.10047310 -0.04849664    0.03743646  0.03283223
 -0.12307413  0.03911806    0.03743646  0.03283223   -0.08168397 -0.04968690
    2    2
  0.25210931  0.00000000   -0.00438871  0.00730775   -0.00085354 -0.00000000
 -0.00438871 -0.00730775    0.30676223  0.00000000    0.00438871  0.00730775
 -0.00085354 -0.00000000    0.00438871 -0.00730775    0.25210931  0.00000000

     Dynamical  Matrix in cartesian axes

     q = (   -0.750000000  -0.250000000  -0.750000000 ) 

    1    1
  0.25210931  0.00000000    0.00438871 -0.00730775    0.00085354  0.00000000
  0.00438871  0.00730775    0.30676223 -0.00000000    0.00438871  0.00730775
  0.00085354  0.00000000    0.00438871 -0.00730775    0.25210931  0.00000000
    1    2
  0.08168397  0.04968690   -0.03743646 -0.03283223   -0.12307413  0.03911806
 -0.03743646 -0.03283223    0.10047310  0.04849664   -0.03743646 -0.03283223
 -0.12307413  0.03911806   -0.03743646 -0.03283223    0.08168397  0.04968690
    2    1
  0.08168397 -0.04968690   -0.03743646  0.03283223   -0.12307413 -0.03911806
 -0.03743646  0.03283223    0.10047310 -0.04849664   -0.03743646  0.03283223
 -0.12307413 -0.03911806   -0.03743646  0.03283223    0.08168397 -0.04968690
    2    2
  0.25210931 -0.00000000    0.00438871  0.00730775    0.00085354 -0.00000000
  0.00438871 -0.00730775    0.30676223  0.00000000    0.00438871 -0.00730775
  0.00085354 -0.00000000    0.00438871  0.00730775    0.25210931 -0.00000000

     Dynamical  Matrix in cartesian axes

     q = (   -0.750000000  -0.250000000   0.750000000 ) 

    1    1
  0.25210931 -0.00000000    0.00438871  0.00730775   -0.00085354  0.00000000
  0.00438871 -0.00730775    0.30676223  0.00000000   -0.00438871  0.00730775
 -0.00085354  0.00000000   -0.00438871 -0.00730775    0.25210931 -0.00000000
    1    2
 -0.08168397  0.04968690    0.03743646 -0.03283223   -0.12307413 -0.03911806
  0.03743646 -0.03283223   -0.10047310  0.04849664   -0.03743646  0.03283223
 -0.12307413 -0.03911806   -0.03743646  0.03283223   -0.08168397  0.04968690
    2    1
 -0.08168397 -0.04968690    0.03743646  0.03283223   -0.12307413  0.03911806
  0.03743646  0.03283223   -0.10047310 -0.04849664   -0.03743646 -0.03283223
 -0.12307413  0.03911806   -0.03743646 -0.03283223   -0.08168397 -0.04968690
    2    2
  0.25210931  0.00000000    0.00438871 -0.00730775   -0.00085354 -0.00000000
  0.00438871  0.00730775    0.30676223 -0.00000000   -0.00438871 -0.00730775
 -0.00085354 -0.00000000   -0.00438871  0.00730775    0.25210931  0.00000000

     Dynamical  Matrix in cartesian axes

     q = (   -0.750000000   0.250000000  -0.750000000 ) 

    1    1
  0.25210931 -0.00000000   -0.00438871 -0.00730775    0.00085354 -0.00000000
 -0.00438871  0.00730775    0.30676223  0.00000000   -0.00438871  0.00730775
  0.00085354 -0.00000000   -0.00438871 -0.00730775    0.25210931 -0.00000000
    1    2
 -0.04968690 -0.08168397   -0.03283223 -0.03743646   -0.03911806  0.12307413
 -0.03283223 -0.03743646   -0.04849664 -0.10047310   -0.03283223 -0.03743646
 -0.03911806  0.12307413   -0.03283223 -0.03743646   -0.04968690 -0.08168397
    2    1
 -0.04968690  0.08168397   -0.03283223  0.03743646   -0.03911806 -0.12307413
 -0.03283223  0.03743646   -0.04849664  0.10047310   -0.03283223  0.03743646
 -0.03911806 -0.12307413   -0.03283223  0.03743646   -0.04968690  0.08168397
    2    2
  0.25210931  0.00000000   -0.00438871  0.00730775    0.00085354  0.00000000
 -0.00438871 -0.00730775    0.30676223 -0.00000000   -0.00438871 -0.00730775
  0.00085354  0.00000000   -0.00438871  0.00730775    0.25210931  0.00000000

     Dynamical  Matrix in cartesian axes

     q = (   -0.250000000   0.750000000  -0.750000000 ) 

    1    1
  0.30676223  0.00000000   -0.00438871  0.00730775    0.00438871 -0.00730775
 -0.00438871 -0.00730775    0.25210931 -0.00000000   -0.00085354  0.00000000
  0.00438871  0.00730775   -0.00085354  0.00000000    0.25210931 -0.00000000
    1    2
 -0.10047310  0.04849664   -0.03743646  0.03283223    0.03743646 -0.03283223
 -0.03743646  0.03283223   -0.08168397  0.04968690   -0.12307413 -0.03911806
  0.03743646 -0.03283223   -0.12307413 -0.03911806   -0.08168397  0.04968690
    2    1
 -0.10047310 -0.04849664   -0.03743646 -0.03283223    0.03743646  0.03283223
 -0.03743646 -0.03283223   -0.08168397 -0.04968690   -0.12307413  0.03911806
  0.03743646  0.03283223   -0.12307413  0.03911806   -0.08168397 -0.04968690
    2    2
  0.30676223 -0.00000000   -0.00438871 -0.00730775    0.00438871  0.00730775
 -0.00438871  0.00730775    0.25210931  0.00000000   -0.00085354 -0.00000000
  0.00438871 -0.00730775   -0.00085354 -0.00000000    0.25210931  0.00000000

     Dynamical  Matrix in cartesian axes

     q = (   -0.750000000   0.750000000  -0.250000000 ) 

    1    1
  0.25210931 -0.00000000   -0.00085354  0.00000000    0.00438871  0.00730775
 -0.00085354  0.00000000    0.25210931 -0.00000000   -0.00438871 -0.00730775
  0.00438871 -0.00730775   -0.00438871  0.00730775    0.30676223  0.00000000
    1    2
 -0.08168397  0.04968690   -0.12307413 -0.03911806    0.03743646 -0.03283223
 -0.12307413 -0.03911806   -0.08168397  0.04968690   -0.03743646  0.03283223
  0.03743646 -0.03283223   -0.03743646  0.03283223   -0.10047310  0.04849664
    2    1
 -0.08168397 -0.04968690   -0.12307413  0.03911806    0.03743646  0.03283223
 -0.12307413  0.03911806   -0.08168397 -0.04968690   -0.03743646 -0.03283223
  0.03743646  0.03283223   -0.03743646 -0.03283223   -0.10047310 -0.04849664
    2    2
  0.25210931  0.00000000   -0.00085354 -0.00000000    0.00438871 -0.00730775
 -0.00085354 -0.00000000    0.25210931  0.00000000   -0.00438871  0.00730775
  0.00438871  0.00730775   -0.00438871 -0.00730775    0.30676223 -0.00000000

     Dynamical  Matrix in cartesian axes

     q = (    0.750000000   0.250000000   0.750000000 ) 

    1    1
  0.25210931 -0.00000000    0.00438871  0.00730775    0.00085354 -0.00000000
  0.00438871 -0.00730775    0.30676223  0.00000000    0.00438871 -0.00730775
  0.00085354 -0.00000000    0.00438871  0.00730775    0.25210931 -0.00000000
    1    2
  0.08168397 -0.04968690   -0.03743646  0.03283223   -0.12307413 -0.03911806
 -0.03743646  0.03283223    0.10047310 -0.04849664   -0.03743646  0.03283223
 -0.12307413 -0.03911806   -0.03743646  0.03283223    0.08168397 -0.04968690
    2    1
  0.08168397  0.04968690   -0.03743646 -0.03283223   -0.12307413  0.03911806
 -0.03743646 -0.03283223    0.10047310  0.04849664   -0.03743646 -0.03283223
 -0.12307413  0.03911806   -0.03743646 -0.03283223    0.08168397  0.04968690
    2    2
  0.25210931  0.00000000    0.00438871 -0.00730775    0.00085354  0.00000000
  0.00438871  0.00730775    0.30676223 -0.00000000    0.00438871  0.00730775
  0.00085354  0.00000000    0.00438871 -0.00730775    0.25210931  0.00000000

     Dynamical  Matrix in cartesian axes

     q = (   -0.750000000   0.250000000   0.750000000 ) 

    1    1
  0.25210931  0.00000000   -0.00438871  0.00730775   -0.00085354 -0.00000000
 -0.00438871 -0.00730775    0.30676223  0.00000000    0.00438871  0.00730775
 -0.00085354 -0.00000000    0.00438871 -0.00730775    0.25210931  0.00000000
    1    2
 -0.08168397 -0.04968690   -0.03743646 -0.03283223   -0.12307413  0.03911806
 -0.03743646 -0.03283223   -0.10047310 -0.04849664    0.03743646  0.03283223
 -0.12307413  0.03911806    0.03743646  0.03283223   -0.08168397 -0.04968690
    2    1
 -0.08168397  0.04968690   -0.03743646  0.03283223   -0.12307413 -0.03911806
 -0.03743646  0.03283223   -0.10047310  0.04849664    0.03743646 -0.03283223
 -0.12307413 -0.03911806    0.03743646 -0.03283223   -0.08168397  0.04968690
    2    2
  0.25210931 -0.00000000   -0.00438871 -0.00730775   -0.00085354  0.00000000
 -0.00438871  0.00730775    0.30676223  0.00000000    0.00438871 -0.00730775
 -0.00085354  0.00000000    0.00438871  0.00730775    0.25210931 -0.00000000

     Dynamical  Matrix in cartesian axes

     q = (    0.750000000   0.250000000  -0.750000000 ) 

    1    1
  0.25210931  0.00000000    0.00438871 -0.00730775   -0.00085354 -0.00000000
  0.00438871  0.00730775    0.30676223 -0.00000000   -0.00438871 -0.00730775
 -0.00085354 -0.00000000   -0.00438871  0.00730775    0.25210931  0.00000000
    1    2
 -0.08168397 -0.04968690    0.03743646  0.03283223   -0.12307413  0.03911806
  0.03743646  0.03283223   -0.10047310 -0.04849664   -0.03743646 -0.03283223
 -0.12307413  0.03911806   -0.03743646 -0.03283223   -0.08168397 -0.04968690
    2    1
 -0.08168397  0.04968690    0.03743646 -0.03283223   -0.12307413 -0.03911806
  0.03743646 -0.03283223   -0.10047310  0.04849664   -0.03743646  0.03283223
 -0.12307413 -0.03911806   -0.03743646  0.03283223   -0.08168397  0.04968690
    2    2
  0.25210931 -0.00000000    0.00438871  0.00730775   -0.00085354  0.00000000
  0.00438871 -0.00730775    0.30676223  0.00000000   -0.00438871  0.00730775
 -0.00085354  0.00000000   -0.00438871 -0.00730775    0.25210931 -0.00000000

     Dynamical  Matrix in cartesian axes

     q = (   -0.750000000   0.750000000   0.250000000 ) 

    1    1
  0.25210931  0.00000000   -0.00085354 -0.00000000   -0.00438871  0.00730775
 -0.00085354 -0.00000000    0.25210931  0.00000000    0.00438871 -0.00730775
 -0.00438871 -0.00730775    0.00438871  0.00730775    0.30676223 -0.00000000
    1    2
 -0.08168397 -0.04968690   -0.12307413  0.03911806   -0.03743646 -0.03283223
 -0.12307413  0.03911806   -0.08168397 -0.04968690    0.03743646  0.03283223
 -0.03743646 -0.03283223    0.03743646  0.03283223   -0.10047310 -0.04849664
    2    1
 -0.08168397  0.04968690   -0.12307413 -0.03911806   -0.03743646  0.03283223
 -0.12307413 -0.03911806   -0.08168397  0.04968690    0.03743646 -0.03283223
 -0.03743646  0.03283223    0.03743646 -0.03283223   -0.10047310  0.04849664
    2    2
  0.25210931 -0.00000000   -0.00085354  0.00000000   -0.00438871 -0.00730775
 -0.00085354  0.00000000    0.25210931 -0.00000000    0.00438871  0.00730775
 -0.00438871  0.00730775    0.00438871 -0.00730775    0.30676223  0.00000000

     Dynamical  Matrix in cartesian axes

     q = (   -0.250000000   0.750000000   0.750000000 ) 

    1    1
  0.30676223 -0.00000000   -0.00438871 -0.00730775   -0.00438871 -0.00730775
 -0.00438871  0.00730775    0.25210931  0.00000000    0.00085354 -0.00000000
 -0.00438871  0.00730775    0.00085354  0.00000000    0.25210931  0.00000000
    1    2
 -0.04849664  0.10047310   -0.03283223  0.03743646   -0.03283223  0.03743646
 -0.03283223  0.03743646   -0.04968690  0.08168397   -0.03911806 -0.12307413
 -0.03283223  0.03743646   -0.03911806 -0.12307413   -0.04968690  0.08168397
    2    1
 -0.04849664 -0.10047310   -0.03283223 -0.03743646   -0.03283223 -0.03743646
 -0.03283223 -0.03743646   -0.04968690 -0.08168397   -0.03911806  0.12307413
 -0.03283223 -0.03743646   -0.03911806  0.12307413   -0.04968690 -0.08168397
    2    2
  0.30676223  0.00000000   -0.00438871  0.00730775   -0.00438871  0.00730775
 -0.00438871 -0.00730775    0.25210931 -0.00000000    0.00085354  0.00000000
 -0.00438871 -0.00730775    0.00085354 -0.00000000    0.25210931 -0.00000000

     Dynamical  Matrix in cartesian axes

     q = (    0.250000000   0.750000000  -0.750000000 ) 

    1    1
  0.30676223 -0.00000000    0.00438871  0.00730775   -0.00438871 -0.00730775
  0.00438871 -0.00730775    0.25210931  0.00000000   -0.00085354 -0.00000000
 -0.00438871  0.00730775   -0.00085354 -0.00000000    0.25210931  0.00000000
    1    2
 -0.10047310 -0.04849664    0.03743646  0.03283223   -0.03743646 -0.03283223
  0.03743646  0.03283223   -0.08168397 -0.04968690   -0.12307413  0.03911806
 -0.03743646 -0.03283223   -0.12307413  0.03911806   -0.08168397 -0.04968690
    2    1
 -0.10047310  0.04849664    0.03743646 -0.03283223   -0.03743646  0.03283223
  0.03743646 -0.03283223   -0.08168397  0.04968690   -0.12307413 -0.03911806
 -0.03743646  0.03283223   -0.12307413 -0.03911806   -0.08168397  0.04968690
    2    2
  0.30676223  0.00000000    0.00438871 -0.00730775   -0.00438871  0.00730775
  0.00438871  0.00730775    0.25210931 -0.00000000   -0.00085354  0.00000000
 -0.00438871 -0.00730775   -0.00085354  0.00000000    0.25210931 -0.00000000

     Dynamical  Matrix in cartesian axes

     q = (   -0.250000000  -0.750000000  -0.750000000 ) 

    1    1
  0.30676223 -0.00000000    0.00438871  0.00730775    0.00438871  0.00730775
  0.00438871 -0.00730775    0.25210931  0.00000000    0.00085354  0.00000000
  0.00438871 -0.00730775    0.00085354 -0.00000000    0.25210931  0.00000000
    1    2
  0.10047310  0.04849664   -0.03743646 -0.03283223   -0.03743646 -0.03283223
 -0.03743646 -0.03283223    0.08168397  0.04968690   -0.12307413  0.03911806
 -0.03743646 -0.03283223   -0.12307413  0.03911806    0.08168397  0.04968690
    2    1
  0.10047310 -0.04849664   -0.03743646  0.03283223   -0.03743646  0.03283223
 -0.03743646  0.03283223    0.08168397 -0.04968690   -0.12307413 -0.03911806
 -0.03743646  0.03283223   -0.12307413 -0.03911806    0.08168397 -0.04968690
    2    2
  0.30676223  0.00000000    0.00438871 -0.00730775    0.00438871 -0.00730775
  0.00438871  0.00730775    0.25210931 -0.00000000    0.00085354 -0.00000000
  0.00438871  0.00730775    0.00085354  0.00000000    0.25210931 -0.00000000

     Dynamical  Matrix in cartesian axes

     q = (    0.750000000   0.750000000  -0.250000000 ) 

    1    1
  0.25210931  0.00000000    0.00085354  0.00000000   -0.00438871  0.00730775
  0.00085354  0.00000000    0.25210931  0.00000000   -0.00438871  0.00730775
 -0.00438871 -0.00730775   -0.00438871 -0.00730775    0.30676223 -0.00000000
    1    2
 -0.04968690  0.08168397   -0.03911806 -0.12307413   -0.03283223  0.03743646
 -0.03911806 -0.12307413   -0.04968690  0.08168397   -0.03283223  0.03743646
 -0.03283223  0.03743646   -0.03283223  0.03743646   -0.04849664  0.10047310
    2    1
 -0.04968690 -0.08168397   -0.03911806  0.12307413   -0.03283223 -0.03743646
 -0.03911806  0.12307413   -0.04968690 -0.08168397   -0.03283223 -0.03743646
 -0.03283223 -0.03743646   -0.03283223 -0.03743646   -0.04849664 -0.10047310
    2    2
  0.25210931 -0.00000000    0.00085354 -0.00000000   -0.00438871 -0.00730775
  0.00085354 -0.00000000    0.25210931 -0.00000000   -0.00438871 -0.00730775
 -0.00438871  0.00730775   -0.00438871  0.00730775    0.30676223  0.00000000

     Dynamical  Matrix in cartesian axes

     q = (    0.750000000  -0.750000000   0.250000000 ) 

    1    1
  0.25210931  0.00000000   -0.00085354 -0.00000000    0.00438871 -0.00730775
 -0.00085354 -0.00000000    0.25210931  0.00000000   -0.00438871  0.00730775
  0.00438871  0.00730775   -0.00438871 -0.00730775    0.30676223 -0.00000000
    1    2
 -0.08168397 -0.04968690   -0.12307413  0.03911806    0.03743646  0.03283223
 -0.12307413  0.03911806   -0.08168397 -0.04968690   -0.03743646 -0.03283223
  0.03743646  0.03283223   -0.03743646 -0.03283223   -0.10047310 -0.04849664
    2    1
 -0.08168397  0.04968690   -0.12307413 -0.03911806    0.03743646 -0.03283223
 -0.12307413 -0.03911806   -0.08168397  0.04968690   -0.03743646  0.03283223
  0.03743646 -0.03283223   -0.03743646  0.03283223   -0.10047310  0.04849664
    2    2
  0.25210931 -0.00000000   -0.00085354  0.00000000    0.00438871  0.00730775
 -0.00085354  0.00000000    0.25210931 -0.00000000   -0.00438871 -0.00730775
  0.00438871 -0.00730775   -0.00438871  0.00730775    0.30676223  0.00000000

     Dynamical  Matrix in cartesian axes

     q = (   -0.750000000  -0.750000000  -0.250000000 ) 

    1    1
  0.25210931  0.00000000    0.00085354  0.00000000    0.00438871 -0.00730775
  0.00085354  0.00000000    0.25210931  0.00000000    0.00438871 -0.00730775
  0.00438871  0.00730775    0.00438871  0.00730775    0.30676223 -0.00000000
    1    2
  0.08168397  0.04968690   -0.12307413  0.03911806   -0.03743646 -0.03283223
 -0.12307413  0.03911806    0.08168397  0.04968690   -0.03743646 -0.03283223
 -0.03743646 -0.03283223   -0.03743646 -0.03283223    0.10047310  0.04849664
    2    1
  0.08168397 -0.04968690   -0.12307413 -0.03911806   -0.03743646  0.03283223
 -0.12307413 -0.03911806    0.08168397 -0.04968690   -0.03743646  0.03283223
 -0.03743646  0.03283223   -0.03743646  0.03283223    0.10047310 -0.04849664
    2    2
  0.25210931 -0.00000000    0.00085354 -0.00000000    0.00438871  0.00730775
  0.00085354 -0.00000000    0.25210931 -0.00000000    0.00438871  0.00730775
  0.00438871 -0.00730775    0.00438871 -0.00730775    0.30676223  0.00000000

     Dynamical  Matrix in cartesian axes

     q = (    0.250000000  -0.750000000   0.750000000 ) 

    1    1
  0.30676223 -0.00000000   -0.00438871 -0.00730775    0.00438871  0.00730775
 -0.00438871  0.00730775    0.25210931  0.00000000   -0.00085354 -0.00000000
  0.00438871 -0.00730775   -0.00085354 -0.00000000    0.25210931  0.00000000
    1    2
 -0.10047310 -0.04849664   -0.03743646 -0.03283223    0.03743646  0.03283223
 -0.03743646 -0.03283223   -0.08168397 -0.04968690   -0.12307413  0.03911806
  0.03743646  0.03283223   -0.12307413  0.03911806   -0.08168397 -0.04968690
    2    1
 -0.10047310  0.04849664   -0.03743646  0.03283223    0.03743646 -0.03283223
 -0.03743646  0.03283223   -0.08168397  0.04968690   -0.12307413 -0.03911806
  0.03743646 -0.03283223   -0.12307413 -0.03911806   -0.08168397  0.04968690
    2    2
  0.30676223  0.00000000   -0.00438871  0.00730775    0.00438871 -0.00730775
 -0.00438871 -0.00730775    0.25210931 -0.00000000   -0.00085354  0.00000000
  0.00438871  0.00730775   -0.00085354  0.00000000    0.25210931 -0.00000000

     Dynamical  Matrix in cartesian axes

     q = (   -0.750000000  -0.750000000   0.250000000 ) 

    1    1
  0.25210931 -0.00000000    0.00085354 -0.00000000   -0.00438871 -0.00730775
  0.00085354 -0.00000000    0.25210931 -0.00000000   -0.00438871 -0.00730775
 -0.00438871  0.00730775   -0.00438871  0.00730775    0.30676223  0.00000000
    1    2
 -0.04968690 -0.08168397   -0.03911806  0.12307413   -0.03283223 -0.03743646
 -0.03911806  0.12307413   -0.04968690 -0.08168397   -0.03283223 -0.03743646
 -0.03283223 -0.03743646   -0.03283223 -0.03743646   -0.04849664 -0.10047310
    2    1
 -0.04968690  0.08168397   -0.03911806 -0.12307413   -0.03283223  0.03743646
 -0.03911806 -0.12307413   -0.04968690  0.08168397   -0.03283223  0.03743646
 -0.03283223  0.03743646   -0.03283223  0.03743646   -0.04849664  0.10047310
    2    2
  0.25210931  0.00000000    0.00085354  0.00000000   -0.00438871  0.00730775
  0.00085354  0.00000000    0.25210931  0.00000000   -0.00438871  0.00730775
 -0.00438871 -0.00730775   -0.00438871 -0.00730775    0.30676223 -0.00000000

     Dynamical  Matrix in cartesian axes

     q = (    0.250000000   0.750000000   0.750000000 ) 

    1    1
  0.30676223  0.00000000    0.00438871 -0.00730775    0.00438871 -0.00730775
  0.00438871  0.00730775    0.25210931 -0.00000000    0.00085354 -0.00000000
  0.00438871  0.00730775    0.00085354  0.00000000    0.25210931 -0.00000000
    1    2
  0.10047310 -0.04849664   -0.03743646  0.03283223   -0.03743646  0.03283223
 -0.03743646  0.03283223    0.08168397 -0.04968690   -0.12307413 -0.03911806
 -0.03743646  0.03283223   -0.12307413 -0.03911806    0.08168397 -0.04968690
    2    1
  0.10047310  0.04849664   -0.03743646 -0.03283223   -0.03743646 -0.03283223
 -0.03743646 -0.03283223    0.08168397  0.04968690   -0.12307413  0.03911806
 -0.03743646 -0.03283223   -0.12307413  0.03911806    0.08168397  0.04968690
    2    2
  0.30676223 -0.00000000    0.00438871  0.00730775    0.00438871  0.00730775
  0.00438871 -0.00730775    0.25210931  0.00000000    0.00085354  0.00000000
  0.00438871 -0.00730775    0.00085354 -0.00000000    0.25210931  0.00000000

     Dynamical  Matrix in cartesian axes

     q = (   -0.250000000  -0.750000000   0.750000000 ) 

    1    1
  0.30676223  0.00000000    0.00438871 -0.00730775   -0.00438871  0.00730775
  0.00438871  0.00730775    0.25210931 -0.00000000   -0.00085354  0.00000000
 -0.00438871 -0.00730775   -0.00085354  0.00000000    0.25210931 -0.00000000
    1    2
 -0.10047310  0.04849664    0.03743646 -0.03283223   -0.03743646  0.03283223
  0.03743646 -0.03283223   -0.08168397  0.04968690   -0.12307413 -0.03911806
 -0.03743646  0.03283223   -0.12307413 -0.03911806   -0.08168397  0.04968690
    2    1
 -0.10047310 -0.04849664    0.03743646  0.03283223   -0.03743646 -0.03283223
  0.03743646  0.03283223   -0.08168397 -0.04968690   -0.12307413  0.03911806
 -0.03743646 -0.03283223   -0.12307413  0.03911806   -0.08168397 -0.04968690
    2    2
  0.30676223 -0.00000000    0.00438871  0.00730775   -0.00438871 -0.00730775
  0.00438871 -0.00730775    0.25210931  0.00000000   -0.00085354 -0.00000000
 -0.00438871  0.00730775   -0.00085354 -0.00000000    0.25210931  0.00000000

     Dynamical  Matrix in cartesian axes

     q = (    0.750000000   0.750000000   0.250000000 ) 

    1    1
  0.25210931 -0.00000000    0.00085354 -0.00000000    0.00438871  0.00730775
  0.00085354 -0.00000000    0.25210931 -0.00000000    0.00438871  0.00730775
  0.00438871 -0.00730775    0.00438871 -0.00730775    0.30676223  0.00000000
    1    2
  0.08168397 -0.04968690   -0.12307413 -0.03911806   -0.03743646  0.03283223
 -0.12307413 -0.03911806    0.08168397 -0.04968690   -0.03743646  0.03283223
 -0.03743646  0.03283223   -0.03743646  0.03283223    0.10047310 -0.04849664
    2    1
  0.08168397  0.04968690   -0.12307413  0.03911806   -0.03743646 -0.03283223
 -0.12307413  0.03911806    0.08168397  0.04968690   -0.03743646 -0.03283223
 -0.03743646 -0.03283223   -0.03743646 -0.03283223    0.10047310  0.04849664
    2    2
  0.25210931  0.00000000    0.00085354  0.00000000    0.00438871 -0.00730775
  0.00085354  0.00000000    0.25210931  0.00000000    0.00438871 -0.00730775
  0.00438871  0.00730775    0.00438871  0.00730775    0.30676223 -0.00000000

     Dynamical  Matrix in cartesian axes

     q = (    0.250000000  -0.750000000  -0.750000000 ) 

    1    1
  0.30676223  0.00000000   -0.00438871  0.00730775   -0.00438871  0.00730775
 -0.00438871 -0.00730775    0.25210931 -0.00000000    0.00085354  0.00000000
 -0.00438871 -0.00730775    0.00085354 -0.00000000    0.25210931 -0.00000000
    1    2
 -0.04849664 -0.10047310   -0.03283223 -0.03743646   -0.03283223 -0.03743646
 -0.03283223 -0.03743646   -0.04968690 -0.08168397   -0.03911806  0.12307413
 -0.03283223 -0.03743646   -0.03911806  0.12307413   -0.04968690 -0.08168397
    2    1
 -0.04849664  0.10047310   -0.03283223  0.03743646   -0.03283223  0.03743646
 -0.03283223  0.03743646   -0.04968690  0.08168397   -0.03911806 -0.12307413
 -0.03283223  0.03743646   -0.03911806 -0.12307413   -0.04968690  0.08168397
    2    2
  0.30676223 -0.00000000   -0.00438871 -0.00730775   -0.00438871 -0.00730775
 -0.00438871  0.00730775    0.25210931  0.00000000    0.00085354 -0.00000000
 -0.00438871  0.00730775    0.00085354  0.00000000    0.25210931  0.00000000

     Dynamical  Matrix in cartesian axes

     q = (    0.750000000  -0.750000000  -0.250000000 ) 

    1    1
  0.25210931 -0.00000000   -0.00085354  0.00000000   -0.00438871 -0.00730775
 -0.00085354  0.00000000    0.25210931 -0.00000000    0.00438871  0.00730775
 -0.00438871  0.00730775    0.00438871 -0.00730775    0.30676223  0.00000000
    1    2
 -0.08168397  0.04968690   -0.12307413 -0.03911806   -0.03743646  0.03283223
 -0.12307413 -0.03911806   -0.08168397  0.04968690    0.03743646 -0.03283223
 -0.03743646  0.03283223    0.03743646 -0.03283223   -0.10047310  0.04849664
    2    1
 -0.08168397 -0.04968690   -0.12307413  0.03911806   -0.03743646 -0.03283223
 -0.12307413  0.03911806   -0.08168397 -0.04968690    0.03743646  0.03283223
 -0.03743646 -0.03283223    0.03743646  0.03283223   -0.10047310 -0.04849664
    2    2
  0.25210931  0.00000000   -0.00085354 -0.00000000   -0.00438871  0.00730775
 -0.00085354 -0.00000000    0.25210931  0.00000000    0.00438871 -0.00730775
 -0.00438871 -0.00730775    0.00438871  0.00730775    0.30676223 -0.00000000

     Diagonalizing the dynamical matrix

     q = (    0.750000000  -0.250000000   0.750000000 ) 

 **************************************************************************
     freq (    1) =       4.420831 [THz] =     147.463047 [cm-1]
 (  0.025774 -0.499335  0.000000 -0.000000 -0.025774  0.499335 ) 
 (  0.500000 -0.000000  0.000000  0.000000 -0.500000  0.000000 ) 
     freq (    2) =       6.806766 [THz] =     227.049291 [cm-1]
 ( -0.393768 -0.069111 -0.365574  0.216094 -0.393768 -0.069111 ) 
 ( -0.399787  0.000000 -0.322714 -0.276037 -0.399787  0.000000 ) 
     freq (    3) =       9.660415 [THz] =     322.236766 [cm-1]
 (  0.023834  0.335642 -0.475067 -0.218779  0.023834  0.335642 ) 
 (  0.336487  0.000000 -0.251879 -0.458377  0.336487  0.000000 ) 
     freq (    4) =      11.794049 [THz] =     393.407133 [cm-1]
 ( -0.245277 -0.309511  0.383658  0.202215 -0.245277 -0.309511 ) 
 (  0.394915  0.000000 -0.396770 -0.175095  0.394915  0.000000 ) 
     freq (    5) =      13.889411 [THz] =     463.300877 [cm-1]
 ( -0.025774  0.499335 -0.000000 -0.000000  0.025774 -0.499335 ) 
 (  0.500000  0.000000  0.000000  0.000000 -0.500000  0.000000 ) 
     freq (    6) =      13.947864 [THz] =     465.250652 [cm-1]
 ( -0.257394 -0.068828 -0.517232  0.300821 -0.257394 -0.068828 ) 
 (  0.266438  0.000000  0.421965  0.424225  0.266438  0.000000 ) 
 **************************************************************************
