Dynamical matrix file
                                                                           
  1    2  2 10.3600000  0.0000000  0.0000000  0.0000000  0.0000000  0.0000000
           1  'Si  '    25598.822984527003     
    1    1      0.0000000000      0.0000000000      0.0000000000
    2    1      0.2500000000      0.2500000000      0.2500000000

     Dynamical  Matrix in cartesian axes

     q = (    0.750000000  -0.250000000   0.750000000 ) 

    1    1
  0.24104192  0.00000000   -0.00465321  0.00736240    0.00139032  0.00000000
 -0.00465321 -0.00736240    0.29647886  0.00000000   -0.00465321 -0.00736240
  0.00139032  0.00000000   -0.00465321  0.00736240    0.24104192  0.00000000
    1    2
 -0.05721992  0.06711184   -0.03526357  0.03930889   -0.04013464 -0.12771231
 -0.03526357  0.03930889   -0.05578757  0.08627077   -0.03526357  0.03930889
 -0.04013464 -0.12771231   -0.03526357  0.03930889   -0.05721992  0.06711184
    2    1
 -0.05721992 -0.06711184   -0.03526357 -0.03930889   -0.04013464  0.12771231
 -0.03526357 -0.03930889   -0.05578757 -0.08627077   -0.03526357 -0.03930889
 -0.04013464  0.12771231   -0.03526357 -0.03930889   -0.05721992 -0.06711184
    2    2
  0.24104192  0.00000000   -0.00465321 -0.00736240    0.00139032  0.00000000
 -0.00465321  0.00736240    0.29647886  0.00000000   -0.00465321  0.00736240
  0.00139032  0.00000000   -0.00465321 -0.00736240    0.24104192  0.00000000

     Dynamical  Matrix in cartesian axes

     q = (    0.750000000  -0.250000000  -0.750000000 ) 

    1    1
  0.24104192  0.00000000   -0.00465321 -0.00736240   -0.00139032  0.00000000
 -0.00465321  0.00736240    0.29647886  0.00000000    0.00465321 -0.00736240
 -0.00139032  0.00000000    0.00465321  0.00736240    0.24104192  0.00000000
    1    2
 -0.06711184  0.05721992   -0.03930889  0.03526357   -0.12771231 -0.04013464
 -0.03930889  0.03526357   -0.08627077  0.05578757    0.03930889 -0.03526357
 -0.12771231 -0.04013464    0.03930889 -0.03526357   -0.06711184  0.05721992
    2    1
 -0.06711184 -0.05721992   -0.03930889 -0.03526357   -0.12771231  0.04013464
 -0.03930889 -0.03526357   -0.08627077 -0.05578757    0.03930889  0.03526357
 -0.12771231  0.04013464    0.03930889  0.03526357   -0.06711184 -0.05721992
    2    2
  0.24104192  0.00000000   -0.00465321  0.00736240   -0.00139032  0.00000000
 -0.00465321 -0.00736240    0.29647886  0.00000000    0.00465321  0.00736240
 -0.00139032  0.00000000    0.00465321 -0.00736240    0.24104192  0.00000000

     Dynamical  Matrix in cartesian axes

     q = (   -0.750000000  -0.250000000  -0.750000000 ) 

    1    1
  0.24104192  0.00000000    0.00465321 -0.00736240    0.00139032  0.00000000
  0.00465321  0.00736240    0.29647886  0.00000000    0.00465321  0.00736240
  0.00139032  0.00000000    0.00465321 -0.00736240    0.24104192  0.00000000
    1    2
  0.06711184  0.05721992   -0.03930889 -0.03526357   -0.12771231  0.04013464
 -0.03930889 -0.03526357    0.08627077  0.05578757   -0.03930889 -0.03526357
 -0.12771231  0.04013464   -0.03930889 -0.03526357    0.06711184  0.05721992
    2    1
  0.06711184 -0.05721992   -0.03930889  0.03526357   -0.12771231 -0.04013464
 -0.03930889  0.03526357    0.08627077 -0.05578757   -0.03930889  0.03526357
 -0.12771231 -0.04013464   -0.03930889  0.03526357    0.06711184 -0.05721992
    2    2
  0.24104192  0.00000000    0.00465321  0.00736240    0.00139032  0.00000000
  0.00465321 -0.00736240    0.29647886  0.00000000    0.00465321 -0.00736240
  0.00139032  0.00000000    0.00465321  0.00736240    0.24104192  0.00000000

     Dynamical  Matrix in cartesian axes

     q = (   -0.750000000  -0.250000000   0.750000000 ) 

    1    1
  0.24104192  0.00000000    0.00465321  0.00736240   -0.00139032  0.00000000
  0.00465321 -0.00736240    0.29647886  0.00000000   -0.00465321  0.00736240
 -0.00139032  0.00000000   -0.00465321 -0.00736240    0.24104192  0.00000000
    1    2
 -0.06711184  0.05721992    0.03930889 -0.03526357   -0.12771231 -0.04013464
  0.03930889 -0.03526357   -0.08627077  0.05578757   -0.03930889  0.03526357
 -0.12771231 -0.04013464   -0.03930889  0.03526357   -0.06711184  0.05721992
    2    1
 -0.06711184 -0.05721992    0.03930889  0.03526357   -0.12771231  0.04013464
  0.03930889  0.03526357   -0.08627077 -0.05578757   -0.03930889 -0.03526357
 -0.12771231  0.04013464   -0.03930889 -0.03526357   -0.06711184 -0.05721992
    2    2
  0.24104192  0.00000000    0.00465321 -0.00736240   -0.00139032  0.00000000
  0.00465321  0.00736240    0.29647886  0.00000000   -0.00465321 -0.00736240
 -0.00139032  0.00000000   -0.00465321  0.00736240    0.24104192  0.00000000

     Dynamical  Matrix in cartesian axes

     q = (   -0.750000000   0.250000000  -0.750000000 ) 

    1    1
  0.24104192  0.00000000   -0.00465321 -0.00736240    0.00139032  0.00000000
 -0.00465321  0.00736240    0.29647886  0.00000000   -0.00465321  0.00736240
  0.00139032  0.00000000   -0.00465321 -0.00736240    0.24104192  0.00000000
    1    2
 -0.05721992 -0.06711184   -0.03526357 -0.03930889   -0.04013464  0.12771231
 -0.03526357 -0.03930889   -0.05578757 -0.08627077   -0.03526357 -0.03930889
 -0.04013464  0.12771231   -0.03526357 -0.03930889   -0.05721992 -0.06711184
    2    1
 -0.05721992  0.06711184   -0.03526357  0.03930889   -0.04013464 -0.12771231
 -0.03526357  0.03930889   -0.05578757  0.08627077   -0.03526357  0.03930889
 -0.04013464 -0.12771231   -0.03526357  0.03930889   -0.05721992  0.06711184
    2    2
  0.24104192  0.00000000   -0.00465321  0.00736240    0.00139032  0.00000000
 -0.00465321 -0.00736240    0.29647886  0.00000000   -0.00465321 -0.00736240
  0.00139032  0.00000000   -0.00465321  0.00736240    0.24104192  0.00000000

     Dynamical  Matrix in cartesian axes

     q = (   -0.250000000   0.750000000  -0.750000000 ) 

    1    1
  0.29647886  0.00000000   -0.00465321  0.00736240    0.00465321 -0.00736240
 -0.00465321 -0.00736240    0.24104192  0.00000000   -0.00139032  0.00000000
  0.00465321  0.00736240   -0.00139032  0.00000000    0.24104192  0.00000000
    1    2
 -0.08627077  0.05578757   -0.03930889  0.03526357    0.03930889 -0.03526357
 -0.03930889  0.03526357   -0.06711184  0.05721992   -0.12771231 -0.04013464
  0.03930889 -0.03526357   -0.12771231 -0.04013464   -0.06711184  0.05721992
    2    1
 -0.08627077 -0.05578757   -0.03930889 -0.03526357    0.03930889  0.03526357
 -0.03930889 -0.03526357   -0.06711184 -0.05721992   -0.12771231  0.04013464
  0.03930889  0.03526357   -0.12771231  0.04013464   -0.06711184 -0.05721992
    2    2
  0.29647886  0.00000000   -0.00465321 -0.00736240    0.00465321  0.00736240
 -0.00465321  0.00736240    0.24104192  0.00000000   -0.00139032  0.00000000
  0.00465321 -0.00736240   -0.00139032  0.00000000    0.24104192  0.00000000

     Dynamical  Matrix in cartesian axes

     q = (   -0.750000000   0.750000000  -0.250000000 ) 

    1    1
  0.24104192  0.00000000   -0.00139032  0.00000000    0.00465321  0.00736240
 -0.00139032  0.00000000    0.24104192  0.00000000   -0.00465321 -0.00736240
  0.00465321 -0.00736240   -0.00465321  0.00736240    0.29647886  0.00000000
    1    2
 -0.06711184  0.05721992   -0.12771231 -0.04013464    0.03930889 -0.03526357
 -0.12771231 -0.04013464   -0.06711184  0.05721992   -0.03930889  0.03526357
  0.03930889 -0.03526357   -0.03930889  0.03526357   -0.08627077  0.05578757
    2    1
 -0.06711184 -0.05721992   -0.12771231  0.04013464    0.03930889  0.03526357
 -0.12771231  0.04013464   -0.06711184 -0.05721992   -0.03930889 -0.03526357
  0.03930889  0.03526357   -0.03930889 -0.03526357   -0.08627077 -0.05578757
    2    2
  0.24104192  0.00000000   -0.00139032  0.00000000    0.00465321 -0.00736240
 -0.00139032  0.00000000    0.24104192  0.00000000   -0.00465321  0.00736240
  0.00465321  0.00736240   -0.00465321 -0.00736240    0.29647886  0.00000000

     Dynamical  Matrix in cartesian axes

     q = (    0.750000000   0.250000000   0.750000000 ) 

    1    1
  0.24104192  0.00000000    0.00465321  0.00736240    0.00139032  0.00000000
  0.00465321 -0.00736240    0.29647886  0.00000000    0.00465321 -0.00736240
  0.00139032  0.00000000    0.00465321  0.00736240    0.24104192  0.00000000
    1    2
  0.06711184 -0.05721992   -0.03930889  0.03526357   -0.12771231 -0.04013464
 -0.03930889  0.03526357    0.08627077 -0.05578757   -0.03930889  0.03526357
 -0.12771231 -0.04013464   -0.03930889  0.03526357    0.06711184 -0.05721992
    2    1
  0.06711184  0.05721992   -0.03930889 -0.03526357   -0.12771231  0.04013464
 -0.03930889 -0.03526357    0.08627077  0.05578757   -0.03930889 -0.03526357
 -0.12771231  0.04013464   -0.03930889 -0.03526357    0.06711184  0.05721992
    2    2
  0.24104192  0.00000000    0.00465321 -0.00736240    0.00139032  0.00000000
  0.00465321  0.00736240    0.29647886  0.00000000    0.00465321  0.00736240
  0.00139032  0.00000000    0.00465321 -0.00736240    0.24104192  0.00000000

     Dynamical  Matrix in cartesian axes

     q = (   -0.750000000   0.250000000   0.750000000 ) 

    1    1
  0.24104192  0.00000000   -0.00465321  0.00736240   -0.00139032  0.00000000
 -0.00465321 -0.00736240    0.29647886  0.00000000    0.00465321  0.00736240
 -0.00139032  0.00000000    0.00465321 -0.00736240    0.24104192  0.00000000
    1    2
 -0.06711184 -0.05721992   -0.03930889 -0.03526357   -0.12771231  0.04013464
 -0.03930889 -0.03526357   -0.08627077 -0.05578757    0.03930889  0.03526357
 -0.12771231  0.04013464    0.03930889  0.03526357   -0.06711184 -0.05721992
    2    1
 -0.06711184  0.05721992   -0.03930889  0.03526357   -0.12771231 -0.04013464
 -0.03930889  0.03526357   -0.08627077  0.05578757    0.03930889 -0.03526357
 -0.12771231 -0.04013464    0.03930889 -0.03526357   -0.06711184  0.05721992
    2    2
  0.24104192  0.00000000   -0.00465321 -0.00736240   -0.00139032  0.00000000
 -0.00465321  0.00736240    0.29647886  0.00000000    0.00465321 -0.00736240
 -0.00139032  0.00000000    0.00465321  0.00736240    0.24104192  0.00000000

     Dynamical  Matrix in cartesian axes

     q = (    0.750000000   0.250000000  -0.750000000 ) 

    1    1
  0.24104192  0.00000000    0.00465321 -0.00736240   -0.00139032  0.00000000
  0.00465321  0.00736240    0.29647886  0.00000000   -0.00465321 -0.00736240
 -0.00139032  0.00000000   -0.00465321  0.00736240    0.24104192  0.00000000
    1    2
 -0.06711184 -0.05721992    0.03930889  0.03526357   -0.12771231  0.04013464
  0.03930889  0.03526357   -0.08627077 -0.05578757   -0.03930889 -0.03526357
 -0.12771231  0.04013464   -0.03930889 -0.03526357   -0.06711184 -0.05721992
    2    1
 -0.06711184  0.05721992    0.03930889 -0.03526357   -0.12771231 -0.04013464
  0.03930889 -0.03526357   -0.08627077  0.05578757   -0.03930889  0.03526357
 -0.12771231 -0.04013464   -0.03930889  0.03526357   -0.06711184  0.05721992
    2    2
  0.24104192  0.00000000    0.00465321  0.00736240   -0.00139032  0.00000000
  0.00465321 -0.00736240    0.29647886  0.00000000   -0.00465321  0.00736240
 -0.00139032  0.00000000   -0.00465321 -0.00736240    0.24104192  0.00000000

     Dynamical  Matrix in cartesian axes

     q = (   -0.750000000   0.750000000   0.250000000 ) 

    1    1
  0.24104192  0.00000000   -0.00139032  0.00000000   -0.00465321  0.00736240
 -0.00139032  0.00000000    0.24104192  0.00000000    0.00465321 -0.00736240
 -0.00465321 -0.00736240    0.00465321  0.00736240    0.29647886  0.00000000
    1    2
 -0.06711184 -0.05721992   -0.12771231  0.04013464   -0.03930889 -0.03526357
 -0.12771231  0.04013464   -0.06711184 -0.05721992    0.03930889  0.03526357
 -0.03930889 -0.03526357    0.03930889  0.03526357   -0.08627077 -0.05578757
    2    1
 -0.06711184  0.05721992   -0.12771231 -0.04013464   -0.03930889  0.03526357
 -0.12771231 -0.04013464   -0.06711184  0.05721992    0.03930889 -0.03526357
 -0.03930889  0.03526357    0.03930889 -0.03526357   -0.08627077  0.05578757
    2    2
  0.24104192  0.00000000   -0.00139032  0.00000000   -0.00465321 -0.00736240
 -0.00139032  0.00000000    0.24104192  0.00000000    0.00465321  0.00736240
 -0.00465321  0.00736240    0.00465321 -0.00736240    0.29647886  0.00000000

     Dynamical  Matrix in cartesian axes

     q = (   -0.250000000   0.750000000   0.750000000 ) 

    1    1
  0.29647886  0.00000000   -0.00465321 -0.00736240   -0.00465321 -0.00736240
 -0.00465321  0.00736240    0.24104192  0.00000000    0.00139032  0.00000000
 -0.00465321  0.00736240    0.00139032  0.00000000    0.24104192  0.00000000
    1    2
 -0.05578757  0.08627077   -0.03526357  0.03930889   -0.03526357  0.03930889
 -0.03526357  0.03930889   -0.05721992  0.06711184   -0.04013464 -0.12771231
 -0.03526357  0.03930889   -0.04013464 -0.12771231   -0.05721992  0.06711184
    2    1
 -0.05578757 -0.08627077   -0.03526357 -0.03930889   -0.03526357 -0.03930889
 -0.03526357 -0.03930889   -0.05721992 -0.06711184   -0.04013464  0.12771231
 -0.03526357 -0.03930889   -0.04013464  0.12771231   -0.05721992 -0.06711184
    2    2
  0.29647886  0.00000000   -0.00465321  0.00736240   -0.00465321  0.00736240
 -0.00465321 -0.00736240    0.24104192  0.00000000    0.00139032  0.00000000
 -0.00465321 -0.00736240    0.00139032  0.00000000    0.24104192  0.00000000

     Dynamical  Matrix in cartesian axes

     q = (    0.250000000   0.750000000  -0.750000000 ) 

    1    1
  0.29647886  0.00000000    0.00465321  0.00736240   -0.00465321 -0.00736240
  0.00465321 -0.00736240    0.24104192  0.00000000   -0.00139032  0.00000000
 -0.00465321  0.00736240   -0.00139032  0.00000000    0.24104192  0.00000000
    1    2
 -0.08627077 -0.05578757    0.03930889  0.03526357   -0.03930889 -0.03526357
  0.03930889  0.03526357   -0.06711184 -0.05721992   -0.12771231  0.04013464
 -0.03930889 -0.03526357   -0.12771231  0.04013464   -0.06711184 -0.05721992
    2    1
 -0.08627077  0.05578757    0.03930889 -0.03526357   -0.03930889  0.03526357
  0.03930889 -0.03526357   -0.06711184  0.05721992   -0.12771231 -0.04013464
 -0.03930889  0.03526357   -0.12771231 -0.04013464   -0.06711184  0.05721992
    2    2
  0.29647886  0.00000000    0.00465321 -0.00736240   -0.00465321  0.00736240
  0.00465321  0.00736240    0.24104192  0.00000000   -0.00139032  0.00000000
 -0.00465321 -0.00736240   -0.00139032  0.00000000    0.24104192  0.00000000

     Dynamical  Matrix in cartesian axes

     q = (   -0.250000000  -0.750000000  -0.750000000 ) 

    1    1
  0.29647886  0.00000000    0.00465321  0.00736240    0.00465321  0.00736240
  0.00465321 -0.00736240    0.24104192  0.00000000    0.00139032  0.00000000
  0.00465321 -0.00736240    0.00139032  0.00000000    0.24104192  0.00000000
    1    2
  0.08627077  0.05578757   -0.03930889 -0.03526357   -0.03930889 -0.03526357
 -0.03930889 -0.03526357    0.06711184  0.05721992   -0.12771231  0.04013464
 -0.03930889 -0.03526357   -0.12771231  0.04013464    0.06711184  0.05721992
    2    1
  0.08627077 -0.05578757   -0.03930889  0.03526357   -0.03930889  0.03526357
 -0.03930889  0.03526357    0.06711184 -0.05721992   -0.12771231 -0.04013464
 -0.03930889  0.03526357   -0.12771231 -0.04013464    0.06711184 -0.05721992
    2    2
  0.29647886  0.00000000    0.00465321 -0.00736240    0.00465321 -0.00736240
  0.00465321  0.00736240    0.24104192  0.00000000    0.00139032  0.00000000
  0.00465321  0.00736240    0.00139032  0.00000000    0.24104192  0.00000000

     Dynamical  Matrix in cartesian axes

     q = (    0.750000000   0.750000000  -0.250000000 ) 

    1    1
  0.24104192  0.00000000    0.00139032  0.00000000   -0.00465321  0.00736240
  0.00139032  0.00000000    0.24104192  0.00000000   -0.00465321  0.00736240
 -0.00465321 -0.00736240   -0.00465321 -0.00736240    0.29647886  0.00000000
    1    2
 -0.05721992  0.06711184   -0.04013464 -0.12771231   -0.03526357  0.03930889
 -0.04013464 -0.12771231   -0.05721992  0.06711184   -0.03526357  0.03930889
 -0.03526357  0.03930889   -0.03526357  0.03930889   -0.05578757  0.08627077
    2    1
 -0.05721992 -0.06711184   -0.04013464  0.12771231   -0.03526357 -0.03930889
 -0.04013464  0.12771231   -0.05721992 -0.06711184   -0.03526357 -0.03930889
 -0.03526357 -0.03930889   -0.03526357 -0.03930889   -0.05578757 -0.08627077
    2    2
  0.24104192  0.00000000    0.00139032  0.00000000   -0.00465321 -0.00736240
  0.00139032  0.00000000    0.24104192  0.00000000   -0.00465321 -0.00736240
 -0.00465321  0.00736240   -0.00465321  0.00736240    0.29647886  0.00000000

     Dynamical  Matrix in cartesian axes

     q = (    0.750000000  -0.750000000   0.250000000 ) 

    1    1
  0.24104192  0.00000000   -0.00139032  0.00000000    0.00465321 -0.00736240
 -0.00139032  0.00000000    0.24104192  0.00000000   -0.00465321  0.00736240
  0.00465321  0.00736240   -0.00465321 -0.00736240    0.29647886  0.00000000
    1    2
 -0.06711184 -0.05721992   -0.12771231  0.04013464    0.03930889  0.03526357
 -0.12771231  0.04013464   -0.06711184 -0.05721992   -0.03930889 -0.03526357
  0.03930889  0.03526357   -0.03930889 -0.03526357   -0.08627077 -0.05578757
    2    1
 -0.06711184  0.05721992   -0.12771231 -0.04013464    0.03930889 -0.03526357
 -0.12771231 -0.04013464   -0.06711184  0.05721992   -0.03930889  0.03526357
  0.03930889 -0.03526357   -0.03930889  0.03526357   -0.08627077  0.05578757
    2    2
  0.24104192  0.00000000   -0.00139032  0.00000000    0.00465321  0.00736240
 -0.00139032  0.00000000    0.24104192  0.00000000   -0.00465321 -0.00736240
  0.00465321 -0.00736240   -0.00465321  0.00736240    0.29647886  0.00000000

     Dynamical  Matrix in cartesian axes

     q = (   -0.750000000  -0.750000000  -0.250000000 ) 

    1    1
  0.24104192  0.00000000    0.00139032  0.00000000    0.00465321 -0.00736240
  0.00139032  0.00000000    0.24104192  0.00000000    0.00465321 -0.00736240
  0.00465321  0.00736240    0.00465321  0.00736240    0.29647886  0.00000000
    1    2
  0.06711184  0.05721992   -0.12771231  0.04013464   -0.03930889 -0.03526357
 -0.12771231  0.04013464    0.06711184  0.05721992   -0.03930889 -0.03526357
 -0.03930889 -0.03526357   -0.03930889 -0.03526357    0.08627077  0.05578757
    2    1
  0.06711184 -0.05721992   -0.12771231 -0.04013464   -0.03930889  0.03526357
 -0.12771231 -0.04013464    0.06711184 -0.05721992   -0.03930889  0.03526357
 -0.03930889  0.03526357   -0.03930889  0.03526357    0.08627077 -0.05578757
    2    2
  0.24104192  0.00000000    0.00139032  0.00000000    0.00465321  0.00736240
  0.00139032  0.00000000    0.24104192  0.00000000    0.00465321  0.00736240
  0.00465321 -0.00736240    0.00465321 -0.00736240    0.29647886  0.00000000

     Dynamical  Matrix in cartesian axes

     q = (    0.250000000  -0.750000000   0.750000000 ) 

    1    1
  0.29647886  0.00000000   -0.00465321 -0.00736240    0.00465321  0.00736240
 -0.00465321  0.00736240    0.24104192  0.00000000   -0.00139032  0.00000000
  0.00465321 -0.00736240   -0.00139032  0.00000000    0.24104192  0.00000000
    1    2
 -0.08627077 -0.05578757   -0.03930889 -0.03526357    0.03930889  0.03526357
 -0.03930889 -0.03526357   -0.06711184 -0.05721992   -0.12771231  0.04013464
  0.03930889  0.03526357   -0.12771231  0.04013464   -0.06711184 -0.05721992
    2    1
 -0.08627077  0.05578757   -0.03930889  0.03526357    0.03930889 -0.03526357
 -0.03930889  0.03526357   -0.06711184  0.05721992   -0.12771231 -0.04013464
  0.03930889 -0.03526357   -0.12771231 -0.04013464   -0.06711184  0.05721992
    2    2
  0.29647886  0.00000000   -0.00465321  0.00736240    0.00465321 -0.00736240
 -0.00465321 -0.00736240    0.24104192  0.00000000   -0.00139032  0.00000000
  0.00465321  0.00736240   -0.00139032  0.00000000    0.24104192  0.00000000

     Dynamical  Matrix in cartesian axes

     q = (   -0.750000000  -0.750000000   0.250000000 ) 

    1    1
  0.24104192  0.00000000    0.00139032  0.00000000   -0.00465321 -0.00736240
  0.00139032  0.00000000    0.24104192  0.00000000   -0.00465321 -0.00736240
 -0.00465321  0.00736240   -0.00465321  0.00736240    0.29647886  0.00000000
    1    2
 -0.05721992 -0.06711184   -0.04013464  0.12771231   -0.03526357 -0.03930889
 -0.04013464  0.12771231   -0.05721992 -0.06711184   -0.03526357 -0.03930889
 -0.03526357 -0.03930889   -0.03526357 -0.03930889   -0.05578757 -0.08627077
    2    1
 -0.05721992  0.06711184   -0.04013464 -0.12771231   -0.03526357  0.03930889
 -0.04013464 -0.12771231   -0.05721992  0.06711184   -0.03526357  0.03930889
 -0.03526357  0.03930889   -0.03526357  0.03930889   -0.05578757  0.08627077
    2    2
  0.24104192  0.00000000    0.00139032  0.00000000   -0.00465321  0.00736240
  0.00139032  0.00000000    0.24104192  0.00000000   -0.00465321  0.00736240
 -0.00465321 -0.00736240   -0.00465321 -0.00736240    0.29647886  0.00000000

     Dynamical  Matrix in cartesian axes

     q = (    0.250000000   0.750000000   0.750000000 ) 

    1    1
  0.29647886  0.00000000    0.00465321 -0.00736240    0.00465321 -0.00736240
  0.00465321  0.00736240    0.24104192  0.00000000    0.00139032  0.00000000
  0.00465321  0.00736240    0.00139032  0.00000000    0.24104192  0.00000000
    1    2
  0.08627077 -0.05578757   -0.03930889  0.03526357   -0.03930889  0.03526357
 -0.03930889  0.03526357    0.06711184 -0.05721992   -0.12771231 -0.04013464
 -0.03930889  0.03526357   -0.12771231 -0.04013464    0.06711184 -0.05721992
    2    1
  0.08627077  0.05578757   -0.03930889 -0.03526357   -0.03930889 -0.03526357
 -0.03930889 -0.03526357    0.06711184  0.05721992   -0.12771231  0.04013464
 -0.03930889 -0.03526357   -0.12771231  0.04013464    0.06711184  0.05721992
    2    2
  0.29647886  0.00000000    0.00465321  0.00736240    0.00465321  0.00736240
  0.00465321 -0.00736240    0.24104192  0.00000000    0.00139032  0.00000000
  0.00465321 -0.00736240    0.00139032  0.00000000    0.24104192  0.00000000

     Dynamical  Matrix in cartesian axes

     q = (   -0.250000000  -0.750000000   0.750000000 ) 

    1    1
  0.29647886  0.00000000    0.00465321 -0.00736240   -0.00465321  0.00736240
  0.00465321  0.00736240    0.24104192  0.00000000   -0.00139032  0.00000000
 -0.00465321 -0.00736240   -0.00139032  0.00000000    0.24104192  0.00000000
    1    2
 -0.08627077  0.05578757    0.03930889 -0.03526357   -0.03930889  0.03526357
  0.03930889 -0.03526357   -0.06711184  0.05721992   -0.12771231 -0.04013464
 -0.03930889  0.03526357   -0.12771231 -0.04013464   -0.06711184  0.05721992
    2    1
 -0.08627077 -0.05578757    0.03930889  0.03526357   -0.03930889 -0.03526357
  0.03930889  0.03526357   -0.06711184 -0.05721992   -0.12771231  0.04013464
 -0.03930889 -0.03526357   -0.12771231  0.04013464   -0.06711184 -0.05721992
    2    2
  0.29647886  0.00000000    0.00465321  0.00736240   -0.00465321 -0.00736240
  0.00465321 -0.00736240    0.24104192  0.00000000   -0.00139032  0.00000000
 -0.00465321  0.00736240   -0.00139032  0.00000000    0.24104192  0.00000000

     Dynamical  Matrix in cartesian axes

     q = (    0.750000000   0.750000000   0.250000000 ) 

    1    1
  0.24104192  0.00000000    0.00139032  0.00000000    0.00465321  0.00736240
  0.00139032  0.00000000    0.24104192  0.00000000    0.00465321  0.00736240
  0.00465321 -0.00736240    0.00465321 -0.00736240    0.29647886  0.00000000
    1    2
  0.06711184 -0.05721992   -0.12771231 -0.04013464   -0.03930889  0.03526357
 -0.12771231 -0.04013464    0.06711184 -0.05721992   -0.03930889  0.03526357
 -0.03930889  0.03526357   -0.03930889  0.03526357    0.08627077 -0.05578757
    2    1
  0.06711184  0.05721992   -0.12771231  0.04013464   -0.03930889 -0.03526357
 -0.12771231  0.04013464    0.06711184  0.05721992   -0.03930889 -0.03526357
 -0.03930889 -0.03526357   -0.03930889 -0.03526357    0.08627077  0.05578757
    2    2
  0.24104192  0.00000000    0.00139032  0.00000000    0.00465321 -0.00736240
  0.00139032  0.00000000    0.24104192  0.00000000    0.00465321 -0.00736240
  0.00465321  0.00736240    0.00465321  0.00736240    0.29647886  0.00000000

     Dynamical  Matrix in cartesian axes

     q = (    0.250000000  -0.750000000  -0.750000000 ) 

    1    1
  0.29647886  0.00000000   -0.00465321  0.00736240   -0.00465321  0.00736240
 -0.00465321 -0.00736240    0.24104192  0.00000000    0.00139032  0.00000000
 -0.00465321 -0.00736240    0.00139032  0.00000000    0.24104192  0.00000000
    1    2
 -0.05578757 -0.08627077   -0.03526357 -0.03930889   -0.03526357 -0.03930889
 -0.03526357 -0.03930889   -0.05721992 -0.06711184   -0.04013464  0.12771231
 -0.03526357 -0.03930889   -0.04013464  0.12771231   -0.05721992 -0.06711184
    2    1
 -0.05578757  0.08627077   -0.03526357  0.03930889   -0.03526357  0.03930889
 -0.03526357  0.03930889   -0.05721992  0.06711184   -0.04013464 -0.12771231
 -0.03526357  0.03930889   -0.04013464 -0.12771231   -0.05721992  0.06711184
    2    2
  0.29647886  0.00000000   -0.00465321 -0.00736240   -0.00465321 -0.00736240
 -0.00465321  0.00736240    0.24104192  0.00000000    0.00139032  0.00000000
 -0.00465321  0.00736240    0.00139032  0.00000000    0.24104192  0.00000000

     Dynamical  Matrix in cartesian axes

     q = (    0.750000000  -0.750000000  -0.250000000 ) 

    1    1
  0.24104192  0.00000000   -0.00139032  0.00000000   -0.00465321 -0.00736240
 -0.00139032  0.00000000    0.24104192  0.00000000    0.00465321  0.00736240
 -0.00465321  0.00736240    0.00465321 -0.00736240    0.29647886  0.00000000
    1    2
 -0.06711184  0.05721992   -0.12771231 -0.04013464   -0.03930889  0.03526357
 -0.12771231 -0.04013464   -0.06711184  0.05721992    0.03930889 -0.03526357
 -0.03930889  0.03526357    0.03930889 -0.03526357   -0.08627077  0.05578757
    2    1
 -0.06711184 -0.05721992   -0.12771231  0.04013464   -0.03930889 -0.03526357
 -0.12771231  0.04013464   -0.06711184 -0.05721992    0.03930889  0.03526357
 -0.03930889 -0.03526357    0.03930889  0.03526357   -0.08627077 -0.05578757
    2    2
  0.24104192  0.00000000   -0.00139032  0.00000000   -0.00465321  0.00736240
 -0.00139032  0.00000000    0.24104192  0.00000000    0.00465321 -0.00736240
 -0.00465321 -0.00736240    0.00465321  0.00736240    0.29647886  0.00000000

     Diagonalizing the dynamical matrix

     q = (    0.750000000  -0.250000000   0.750000000 ) 

 **************************************************************************
     freq (    1) =       4.317024 [THz] =     144.000436 [cm-1]
 ( -0.043680  0.498088 -0.000000  0.000000  0.043680 -0.498088 ) 
 ( -0.500000  0.000000 -0.000000 -0.000000  0.500000  0.000000 ) 
     freq (    2) =       6.149739 [THz] =     205.133207 [cm-1]
 ( -0.401123 -0.141915 -0.333472  0.163457 -0.401123 -0.141915 ) 
 ( -0.425487  0.000000 -0.259857 -0.265322 -0.425487  0.000000 ) 
     freq (    3) =       9.314080 [THz] =     310.684271 [cm-1]
 ( -0.075329  0.297029 -0.439837 -0.344590 -0.075329  0.297029 ) 
 (  0.306432  0.000000 -0.225893 -0.511049  0.306432  0.000000 ) 
     freq (    4) =      11.864397 [THz] =     395.753684 [cm-1]
 ( -0.169458 -0.322607  0.400013  0.272776 -0.169458 -0.322607 ) 
 (  0.364406 -0.000000 -0.427504 -0.227282  0.364406  0.000000 ) 
     freq (    5) =      13.565043 [THz] =     452.481144 [cm-1]
 ( -0.043680  0.498088 -0.000000  0.000000  0.043680 -0.498088 ) 
 (  0.500000 -0.000000  0.000000  0.000000 -0.500000  0.000000 ) 
     freq (    6) =      13.797202 [THz] =     460.225117 [cm-1]
 (  0.282587  0.111413  0.503279 -0.249347  0.282587  0.111413 ) 
 ( -0.303757  0.000000 -0.376747 -0.416563 -0.303757  0.000000 ) 
 **************************************************************************
