Dynamical matrix file
                                                                           
  1    2  2 10.2000000  0.0000000  0.0000000  0.0000000  0.0000000  0.0000000
           1  'Si  '    25598.822984527003     
    1    1      0.0000000000      0.0000000000      0.0000000000
    2    1      0.2500000000      0.2500000000      0.2500000000

     Dynamical  Matrix in cartesian axes

     q = (    0.750000000  -0.250000000   0.750000000 ) 

    1    1
  0.25972909  0.00000000   -0.00533688  0.00792109    0.00228822  0.00000000
 -0.00533688 -0.00792109    0.31762059  0.00000000   -0.00533688 -0.00792109
  0.00228822  0.00000000   -0.00533688  0.00792109    0.25972909  0.00000000
    1    2
 -0.06719061  0.06490880   -0.04188685  0.04736923   -0.04915159 -0.15398322
 -0.04188685  0.04736923   -0.06554804  0.08425622   -0.04188685  0.04736923
 -0.04915159 -0.15398322   -0.04188685  0.04736923   -0.06719061  0.06490880
    2    1
 -0.06719061 -0.06490880   -0.04188685 -0.04736923   -0.04915159  0.15398322
 -0.04188685 -0.04736923   -0.06554804 -0.08425622   -0.04188685 -0.04736923
 -0.04915159  0.15398322   -0.04188685 -0.04736923   -0.06719061 -0.06490880
    2    2
  0.25972909  0.00000000   -0.00533688 -0.00792109    0.00228822  0.00000000
 -0.00533688  0.00792109    0.31762059  0.00000000   -0.00533688  0.00792109
  0.00228822  0.00000000   -0.00533688 -0.00792109    0.25972909  0.00000000

     Dynamical  Matrix in cartesian axes

     q = (    0.750000000  -0.250000000  -0.750000000 ) 

    1    1
  0.25972909  0.00000000   -0.00533688 -0.00792109   -0.00228822  0.00000000
 -0.00533688  0.00792109    0.31762059  0.00000000    0.00533688 -0.00792109
 -0.00228822  0.00000000    0.00533688  0.00792109    0.25972909  0.00000000
    1    2
 -0.06490880  0.06719061   -0.04736923  0.04188685   -0.15398322 -0.04915159
 -0.04736923  0.04188685   -0.08425622  0.06554804    0.04736923 -0.04188685
 -0.15398322 -0.04915159    0.04736923 -0.04188685   -0.06490880  0.06719061
    2    1
 -0.06490880 -0.06719061   -0.04736923 -0.04188685   -0.15398322  0.04915159
 -0.04736923 -0.04188685   -0.08425622 -0.06554804    0.04736923  0.04188685
 -0.15398322  0.04915159    0.04736923  0.04188685   -0.06490880 -0.06719061
    2    2
  0.25972909  0.00000000   -0.00533688  0.00792109   -0.00228822  0.00000000
 -0.00533688 -0.00792109    0.31762059  0.00000000    0.00533688  0.00792109
 -0.00228822  0.00000000    0.00533688 -0.00792109    0.25972909  0.00000000

     Dynamical  Matrix in cartesian axes

     q = (   -0.750000000  -0.250000000  -0.750000000 ) 

    1    1
  0.25972909  0.00000000    0.00533688 -0.00792109    0.00228822  0.00000000
  0.00533688  0.00792109    0.31762059  0.00000000    0.00533688  0.00792109
  0.00228822  0.00000000    0.00533688 -0.00792109    0.25972909  0.00000000
    1    2
  0.06490880  0.06719061   -0.04736923 -0.04188685   -0.15398322  0.04915159
 -0.04736923 -0.04188685    0.08425622  0.06554804   -0.04736923 -0.04188685
 -0.15398322  0.04915159   -0.04736923 -0.04188685    0.06490880  0.06719061
    2    1
  0.06490880 -0.06719061   -0.04736923  0.04188685   -0.15398322 -0.04915159
 -0.04736923  0.04188685    0.08425622 -0.06554804   -0.04736923  0.04188685
 -0.15398322 -0.04915159   -0.04736923  0.04188685    0.06490880 -0.06719061
    2    2
  0.25972909  0.00000000    0.00533688  0.00792109    0.00228822  0.00000000
  0.00533688 -0.00792109    0.31762059  0.00000000    0.00533688 -0.00792109
  0.00228822  0.00000000    0.00533688  0.00792109    0.25972909  0.00000000

     Dynamical  Matrix in cartesian axes

     q = (   -0.750000000  -0.250000000   0.750000000 ) 

    1    1
  0.25972909  0.00000000    0.00533688  0.00792109   -0.00228822  0.00000000
  0.00533688 -0.00792109    0.31762059  0.00000000   -0.00533688  0.00792109
 -0.00228822  0.00000000   -0.00533688 -0.00792109    0.25972909  0.00000000
    1    2
 -0.06490880  0.06719061    0.04736923 -0.04188685   -0.15398322 -0.04915159
  0.04736923 -0.04188685   -0.08425622  0.06554804   -0.04736923  0.04188685
 -0.15398322 -0.04915159   -0.04736923  0.04188685   -0.06490880  0.06719061
    2    1
 -0.06490880 -0.06719061    0.04736923  0.04188685   -0.15398322  0.04915159
  0.04736923  0.04188685   -0.08425622 -0.06554804   -0.04736923 -0.04188685
 -0.15398322  0.04915159   -0.04736923 -0.04188685   -0.06490880 -0.06719061
    2    2
  0.25972909  0.00000000    0.00533688 -0.00792109   -0.00228822  0.00000000
  0.00533688  0.00792109    0.31762059  0.00000000   -0.00533688 -0.00792109
 -0.00228822  0.00000000   -0.00533688  0.00792109    0.25972909  0.00000000

     Dynamical  Matrix in cartesian axes

     q = (   -0.750000000   0.250000000  -0.750000000 ) 

    1    1
  0.25972909  0.00000000   -0.00533688 -0.00792109    0.00228822  0.00000000
 -0.00533688  0.00792109    0.31762059  0.00000000   -0.00533688  0.00792109
  0.00228822  0.00000000   -0.00533688 -0.00792109    0.25972909  0.00000000
    1    2
 -0.06719061 -0.06490880   -0.04188685 -0.04736923   -0.04915159  0.15398322
 -0.04188685 -0.04736923   -0.06554804 -0.08425622   -0.04188685 -0.04736923
 -0.04915159  0.15398322   -0.04188685 -0.04736923   -0.06719061 -0.06490880
    2    1
 -0.06719061  0.06490880   -0.04188685  0.04736923   -0.04915159 -0.15398322
 -0.04188685  0.04736923   -0.06554804  0.08425622   -0.04188685  0.04736923
 -0.04915159 -0.15398322   -0.04188685  0.04736923   -0.06719061  0.06490880
    2    2
  0.25972909  0.00000000   -0.00533688  0.00792109    0.00228822  0.00000000
 -0.00533688 -0.00792109    0.31762059  0.00000000   -0.00533688 -0.00792109
  0.00228822  0.00000000   -0.00533688  0.00792109    0.25972909  0.00000000

     Dynamical  Matrix in cartesian axes

     q = (   -0.250000000   0.750000000  -0.750000000 ) 

    1    1
  0.31762059  0.00000000   -0.00533688  0.00792109    0.00533688 -0.00792109
 -0.00533688 -0.00792109    0.25972909  0.00000000   -0.00228822  0.00000000
  0.00533688  0.00792109   -0.00228822  0.00000000    0.25972909  0.00000000
    1    2
 -0.08425622  0.06554804   -0.04736923  0.04188685    0.04736923 -0.04188685
 -0.04736923  0.04188685   -0.06490880  0.06719061   -0.15398322 -0.04915159
  0.04736923 -0.04188685   -0.15398322 -0.04915159   -0.06490880  0.06719061
    2    1
 -0.08425622 -0.06554804   -0.04736923 -0.04188685    0.04736923  0.04188685
 -0.04736923 -0.04188685   -0.06490880 -0.06719061   -0.15398322  0.04915159
  0.04736923  0.04188685   -0.15398322  0.04915159   -0.06490880 -0.06719061
    2    2
  0.31762059  0.00000000   -0.00533688 -0.00792109    0.00533688  0.00792109
 -0.00533688  0.00792109    0.25972909  0.00000000   -0.00228822  0.00000000
  0.00533688 -0.00792109   -0.00228822  0.00000000    0.25972909  0.00000000

     Dynamical  Matrix in cartesian axes

     q = (   -0.750000000   0.750000000  -0.250000000 ) 

    1    1
  0.25972909  0.00000000   -0.00228822  0.00000000    0.00533688  0.00792109
 -0.00228822  0.00000000    0.25972909  0.00000000   -0.00533688 -0.00792109
  0.00533688 -0.00792109   -0.00533688  0.00792109    0.31762059  0.00000000
    1    2
 -0.06490880  0.06719061   -0.15398322 -0.04915159    0.04736923 -0.04188685
 -0.15398322 -0.04915159   -0.06490880  0.06719061   -0.04736923  0.04188685
  0.04736923 -0.04188685   -0.04736923  0.04188685   -0.08425622  0.06554804
    2    1
 -0.06490880 -0.06719061   -0.15398322  0.04915159    0.04736923  0.04188685
 -0.15398322  0.04915159   -0.06490880 -0.06719061   -0.04736923 -0.04188685
  0.04736923  0.04188685   -0.04736923 -0.04188685   -0.08425622 -0.06554804
    2    2
  0.25972909  0.00000000   -0.00228822  0.00000000    0.00533688 -0.00792109
 -0.00228822  0.00000000    0.25972909  0.00000000   -0.00533688  0.00792109
  0.00533688  0.00792109   -0.00533688 -0.00792109    0.31762059  0.00000000

     Dynamical  Matrix in cartesian axes

     q = (    0.750000000   0.250000000   0.750000000 ) 

    1    1
  0.25972909  0.00000000    0.00533688  0.00792109    0.00228822  0.00000000
  0.00533688 -0.00792109    0.31762059  0.00000000    0.00533688 -0.00792109
  0.00228822  0.00000000    0.00533688  0.00792109    0.25972909  0.00000000
    1    2
  0.06490880 -0.06719061   -0.04736923  0.04188685   -0.15398322 -0.04915159
 -0.04736923  0.04188685    0.08425622 -0.06554804   -0.04736923  0.04188685
 -0.15398322 -0.04915159   -0.04736923  0.04188685    0.06490880 -0.06719061
    2    1
  0.06490880  0.06719061   -0.04736923 -0.04188685   -0.15398322  0.04915159
 -0.04736923 -0.04188685    0.08425622  0.06554804   -0.04736923 -0.04188685
 -0.15398322  0.04915159   -0.04736923 -0.04188685    0.06490880  0.06719061
    2    2
  0.25972909  0.00000000    0.00533688 -0.00792109    0.00228822  0.00000000
  0.00533688  0.00792109    0.31762059  0.00000000    0.00533688  0.00792109
  0.00228822  0.00000000    0.00533688 -0.00792109    0.25972909  0.00000000

     Dynamical  Matrix in cartesian axes

     q = (   -0.750000000   0.250000000   0.750000000 ) 

    1    1
  0.25972909  0.00000000   -0.00533688  0.00792109   -0.00228822  0.00000000
 -0.00533688 -0.00792109    0.31762059  0.00000000    0.00533688  0.00792109
 -0.00228822  0.00000000    0.00533688 -0.00792109    0.25972909  0.00000000
    1    2
 -0.06490880 -0.06719061   -0.04736923 -0.04188685   -0.15398322  0.04915159
 -0.04736923 -0.04188685   -0.08425622 -0.06554804    0.04736923  0.04188685
 -0.15398322  0.04915159    0.04736923  0.04188685   -0.06490880 -0.06719061
    2    1
 -0.06490880  0.06719061   -0.04736923  0.04188685   -0.15398322 -0.04915159
 -0.04736923  0.04188685   -0.08425622  0.06554804    0.04736923 -0.04188685
 -0.15398322 -0.04915159    0.04736923 -0.04188685   -0.06490880  0.06719061
    2    2
  0.25972909  0.00000000   -0.00533688 -0.00792109   -0.00228822  0.00000000
 -0.00533688  0.00792109    0.31762059  0.00000000    0.00533688 -0.00792109
 -0.00228822  0.00000000    0.00533688  0.00792109    0.25972909  0.00000000

     Dynamical  Matrix in cartesian axes

     q = (    0.750000000   0.250000000  -0.750000000 ) 

    1    1
  0.25972909  0.00000000    0.00533688 -0.00792109   -0.00228822  0.00000000
  0.00533688  0.00792109    0.31762059  0.00000000   -0.00533688 -0.00792109
 -0.00228822  0.00000000   -0.00533688  0.00792109    0.25972909  0.00000000
    1    2
 -0.06490880 -0.06719061    0.04736923  0.04188685   -0.15398322  0.04915159
  0.04736923  0.04188685   -0.08425622 -0.06554804   -0.04736923 -0.04188685
 -0.15398322  0.04915159   -0.04736923 -0.04188685   -0.06490880 -0.06719061
    2    1
 -0.06490880  0.06719061    0.04736923 -0.04188685   -0.15398322 -0.04915159
  0.04736923 -0.04188685   -0.08425622  0.06554804   -0.04736923  0.04188685
 -0.15398322 -0.04915159   -0.04736923  0.04188685   -0.06490880  0.06719061
    2    2
  0.25972909  0.00000000    0.00533688  0.00792109   -0.00228822  0.00000000
  0.00533688 -0.00792109    0.31762059  0.00000000   -0.00533688  0.00792109
 -0.00228822  0.00000000   -0.00533688 -0.00792109    0.25972909  0.00000000

     Dynamical  Matrix in cartesian axes

     q = (   -0.750000000   0.750000000   0.250000000 ) 

    1    1
  0.25972909  0.00000000   -0.00228822  0.00000000   -0.00533688  0.00792109
 -0.00228822  0.00000000    0.25972909  0.00000000    0.00533688 -0.00792109
 -0.00533688 -0.00792109    0.00533688  0.00792109    0.31762059  0.00000000
    1    2
 -0.06490880 -0.06719061   -0.15398322  0.04915159   -0.04736923 -0.04188685
 -0.15398322  0.04915159   -0.06490880 -0.06719061    0.04736923  0.04188685
 -0.04736923 -0.04188685    0.04736923  0.04188685   -0.08425622 -0.06554804
    2    1
 -0.06490880  0.06719061   -0.15398322 -0.04915159   -0.04736923  0.04188685
 -0.15398322 -0.04915159   -0.06490880  0.06719061    0.04736923 -0.04188685
 -0.04736923  0.04188685    0.04736923 -0.04188685   -0.08425622  0.06554804
    2    2
  0.25972909  0.00000000   -0.00228822  0.00000000   -0.00533688 -0.00792109
 -0.00228822  0.00000000    0.25972909  0.00000000    0.00533688  0.00792109
 -0.00533688  0.00792109    0.00533688 -0.00792109    0.31762059  0.00000000

     Dynamical  Matrix in cartesian axes

     q = (   -0.250000000   0.750000000   0.750000000 ) 

    1    1
  0.31762059  0.00000000   -0.00533688 -0.00792109   -0.00533688 -0.00792109
 -0.00533688  0.00792109    0.25972909  0.00000000    0.00228822  0.00000000
 -0.00533688  0.00792109    0.00228822  0.00000000    0.25972909  0.00000000
    1    2
 -0.06554804  0.08425622   -0.04188685  0.04736923   -0.04188685  0.04736923
 -0.04188685  0.04736923   -0.06719061  0.06490880   -0.04915159 -0.15398322
 -0.04188685  0.04736923   -0.04915159 -0.15398322   -0.06719061  0.06490880
    2    1
 -0.06554804 -0.08425622   -0.04188685 -0.04736923   -0.04188685 -0.04736923
 -0.04188685 -0.04736923   -0.06719061 -0.06490880   -0.04915159  0.15398322
 -0.04188685 -0.04736923   -0.04915159  0.15398322   -0.06719061 -0.06490880
    2    2
  0.31762059  0.00000000   -0.00533688  0.00792109   -0.00533688  0.00792109
 -0.00533688 -0.00792109    0.25972909  0.00000000    0.00228822  0.00000000
 -0.00533688 -0.00792109    0.00228822  0.00000000    0.25972909  0.00000000

     Dynamical  Matrix in cartesian axes

     q = (    0.250000000   0.750000000  -0.750000000 ) 

    1    1
  0.31762059  0.00000000    0.00533688  0.00792109   -0.00533688 -0.00792109
  0.00533688 -0.00792109    0.25972909  0.00000000   -0.00228822  0.00000000
 -0.00533688  0.00792109   -0.00228822  0.00000000    0.25972909  0.00000000
    1    2
 -0.08425622 -0.06554804    0.04736923  0.04188685   -0.04736923 -0.04188685
  0.04736923  0.04188685   -0.06490880 -0.06719061   -0.15398322  0.04915159
 -0.04736923 -0.04188685   -0.15398322  0.04915159   -0.06490880 -0.06719061
    2    1
 -0.08425622  0.06554804    0.04736923 -0.04188685   -0.04736923  0.04188685
  0.04736923 -0.04188685   -0.06490880  0.06719061   -0.15398322 -0.04915159
 -0.04736923  0.04188685   -0.15398322 -0.04915159   -0.06490880  0.06719061
    2    2
  0.31762059  0.00000000    0.00533688 -0.00792109   -0.00533688  0.00792109
  0.00533688  0.00792109    0.25972909  0.00000000   -0.00228822  0.00000000
 -0.00533688 -0.00792109   -0.00228822  0.00000000    0.25972909  0.00000000

     Dynamical  Matrix in cartesian axes

     q = (   -0.250000000  -0.750000000  -0.750000000 ) 

    1    1
  0.31762059  0.00000000    0.00533688  0.00792109    0.00533688  0.00792109
  0.00533688 -0.00792109    0.25972909  0.00000000    0.00228822  0.00000000
  0.00533688 -0.00792109    0.00228822  0.00000000    0.25972909  0.00000000
    1    2
  0.08425622  0.06554804   -0.04736923 -0.04188685   -0.04736923 -0.04188685
 -0.04736923 -0.04188685    0.06490880  0.06719061   -0.15398322  0.04915159
 -0.04736923 -0.04188685   -0.15398322  0.04915159    0.06490880  0.06719061
    2    1
  0.08425622 -0.06554804   -0.04736923  0.04188685   -0.04736923  0.04188685
 -0.04736923  0.04188685    0.06490880 -0.06719061   -0.15398322 -0.04915159
 -0.04736923  0.04188685   -0.15398322 -0.04915159    0.06490880 -0.06719061
    2    2
  0.31762059  0.00000000    0.00533688 -0.00792109    0.00533688 -0.00792109
  0.00533688  0.00792109    0.25972909  0.00000000    0.00228822  0.00000000
  0.00533688  0.00792109    0.00228822  0.00000000    0.25972909  0.00000000

     Dynamical  Matrix in cartesian axes

     q = (    0.750000000   0.750000000  -0.250000000 ) 

    1    1
  0.25972909  0.00000000    0.00228822  0.00000000   -0.00533688  0.00792109
  0.00228822  0.00000000    0.25972909  0.00000000   -0.00533688  0.00792109
 -0.00533688 -0.00792109   -0.00533688 -0.00792109    0.31762059  0.00000000
    1    2
 -0.06719061  0.06490880   -0.04915159 -0.15398322   -0.04188685  0.04736923
 -0.04915159 -0.15398322   -0.06719061  0.06490880   -0.04188685  0.04736923
 -0.04188685  0.04736923   -0.04188685  0.04736923   -0.06554804  0.08425622
    2    1
 -0.06719061 -0.06490880   -0.04915159  0.15398322   -0.04188685 -0.04736923
 -0.04915159  0.15398322   -0.06719061 -0.06490880   -0.04188685 -0.04736923
 -0.04188685 -0.04736923   -0.04188685 -0.04736923   -0.06554804 -0.08425622
    2    2
  0.25972909  0.00000000    0.00228822  0.00000000   -0.00533688 -0.00792109
  0.00228822  0.00000000    0.25972909  0.00000000   -0.00533688 -0.00792109
 -0.00533688  0.00792109   -0.00533688  0.00792109    0.31762059  0.00000000

     Dynamical  Matrix in cartesian axes

     q = (    0.750000000  -0.750000000   0.250000000 ) 

    1    1
  0.25972909  0.00000000   -0.00228822  0.00000000    0.00533688 -0.00792109
 -0.00228822  0.00000000    0.25972909  0.00000000   -0.00533688  0.00792109
  0.00533688  0.00792109   -0.00533688 -0.00792109    0.31762059  0.00000000
    1    2
 -0.06490880 -0.06719061   -0.15398322  0.04915159    0.04736923  0.04188685
 -0.15398322  0.04915159   -0.06490880 -0.06719061   -0.04736923 -0.04188685
  0.04736923  0.04188685   -0.04736923 -0.04188685   -0.08425622 -0.06554804
    2    1
 -0.06490880  0.06719061   -0.15398322 -0.04915159    0.04736923 -0.04188685
 -0.15398322 -0.04915159   -0.06490880  0.06719061   -0.04736923  0.04188685
  0.04736923 -0.04188685   -0.04736923  0.04188685   -0.08425622  0.06554804
    2    2
  0.25972909  0.00000000   -0.00228822  0.00000000    0.00533688  0.00792109
 -0.00228822  0.00000000    0.25972909  0.00000000   -0.00533688 -0.00792109
  0.00533688 -0.00792109   -0.00533688  0.00792109    0.31762059  0.00000000

     Dynamical  Matrix in cartesian axes

     q = (   -0.750000000  -0.750000000  -0.250000000 ) 

    1    1
  0.25972909  0.00000000    0.00228822  0.00000000    0.00533688 -0.00792109
  0.00228822  0.00000000    0.25972909  0.00000000    0.00533688 -0.00792109
  0.00533688  0.00792109    0.00533688  0.00792109    0.31762059  0.00000000
    1    2
  0.06490880  0.06719061   -0.15398322  0.04915159   -0.04736923 -0.04188685
 -0.15398322  0.04915159    0.06490880  0.06719061   -0.04736923 -0.04188685
 -0.04736923 -0.04188685   -0.04736923 -0.04188685    0.08425622  0.06554804
    2    1
  0.06490880 -0.06719061   -0.15398322 -0.04915159   -0.04736923  0.04188685
 -0.15398322 -0.04915159    0.06490880 -0.06719061   -0.04736923  0.04188685
 -0.04736923  0.04188685   -0.04736923  0.04188685    0.08425622 -0.06554804
    2    2
  0.25972909  0.00000000    0.00228822  0.00000000    0.00533688  0.00792109
  0.00228822  0.00000000    0.25972909  0.00000000    0.00533688  0.00792109
  0.00533688 -0.00792109    0.00533688 -0.00792109    0.31762059  0.00000000

     Dynamical  Matrix in cartesian axes

     q = (    0.250000000  -0.750000000   0.750000000 ) 

    1    1
  0.31762059  0.00000000   -0.00533688 -0.00792109    0.00533688  0.00792109
 -0.00533688  0.00792109    0.25972909  0.00000000   -0.00228822  0.00000000
  0.00533688 -0.00792109   -0.00228822  0.00000000    0.25972909  0.00000000
    1    2
 -0.08425622 -0.06554804   -0.04736923 -0.04188685    0.04736923  0.04188685
 -0.04736923 -0.04188685   -0.06490880 -0.06719061   -0.15398322  0.04915159
  0.04736923  0.04188685   -0.15398322  0.04915159   -0.06490880 -0.06719061
    2    1
 -0.08425622  0.06554804   -0.04736923  0.04188685    0.04736923 -0.04188685
 -0.04736923  0.04188685   -0.06490880  0.06719061   -0.15398322 -0.04915159
  0.04736923 -0.04188685   -0.15398322 -0.04915159   -0.06490880  0.06719061
    2    2
  0.31762059  0.00000000   -0.00533688  0.00792109    0.00533688 -0.00792109
 -0.00533688 -0.00792109    0.25972909  0.00000000   -0.00228822  0.00000000
  0.00533688  0.00792109   -0.00228822  0.00000000    0.25972909  0.00000000

     Dynamical  Matrix in cartesian axes

     q = (   -0.750000000  -0.750000000   0.250000000 ) 

    1    1
  0.25972909  0.00000000    0.00228822  0.00000000   -0.00533688 -0.00792109
  0.00228822  0.00000000    0.25972909  0.00000000   -0.00533688 -0.00792109
 -0.00533688  0.00792109   -0.00533688  0.00792109    0.31762059  0.00000000
    1    2
 -0.06719061 -0.06490880   -0.04915159  0.15398322   -0.04188685 -0.04736923
 -0.04915159  0.15398322   -0.06719061 -0.06490880   -0.04188685 -0.04736923
 -0.04188685 -0.04736923   -0.04188685 -0.04736923   -0.06554804 -0.08425622
    2    1
 -0.06719061  0.06490880   -0.04915159 -0.15398322   -0.04188685  0.04736923
 -0.04915159 -0.15398322   -0.06719061  0.06490880   -0.04188685  0.04736923
 -0.04188685  0.04736923   -0.04188685  0.04736923   -0.06554804  0.08425622
    2    2
  0.25972909  0.00000000    0.00228822  0.00000000   -0.00533688  0.00792109
  0.00228822  0.00000000    0.25972909  0.00000000   -0.00533688  0.00792109
 -0.00533688 -0.00792109   -0.00533688 -0.00792109    0.31762059  0.00000000

     Dynamical  Matrix in cartesian axes

     q = (    0.250000000   0.750000000   0.750000000 ) 

    1    1
  0.31762059  0.00000000    0.00533688 -0.00792109    0.00533688 -0.00792109
  0.00533688  0.00792109    0.25972909  0.00000000    0.00228822  0.00000000
  0.00533688  0.00792109    0.00228822  0.00000000    0.25972909  0.00000000
    1    2
  0.08425622 -0.06554804   -0.04736923  0.04188685   -0.04736923  0.04188685
 -0.04736923  0.04188685    0.06490880 -0.06719061   -0.15398322 -0.04915159
 -0.04736923  0.04188685   -0.15398322 -0.04915159    0.06490880 -0.06719061
    2    1
  0.08425622  0.06554804   -0.04736923 -0.04188685   -0.04736923 -0.04188685
 -0.04736923 -0.04188685    0.06490880  0.06719061   -0.15398322  0.04915159
 -0.04736923 -0.04188685   -0.15398322  0.04915159    0.06490880  0.06719061
    2    2
  0.31762059  0.00000000    0.00533688  0.00792109    0.00533688  0.00792109
  0.00533688 -0.00792109    0.25972909  0.00000000    0.00228822  0.00000000
  0.00533688 -0.00792109    0.00228822  0.00000000    0.25972909  0.00000000

     Dynamical  Matrix in cartesian axes

     q = (   -0.250000000  -0.750000000   0.750000000 ) 

    1    1
  0.31762059  0.00000000    0.00533688 -0.00792109   -0.00533688  0.00792109
  0.00533688  0.00792109    0.25972909  0.00000000   -0.00228822  0.00000000
 -0.00533688 -0.00792109   -0.00228822  0.00000000    0.25972909  0.00000000
    1    2
 -0.08425622  0.06554804    0.04736923 -0.04188685   -0.04736923  0.04188685
  0.04736923 -0.04188685   -0.06490880  0.06719061   -0.15398322 -0.04915159
 -0.04736923  0.04188685   -0.15398322 -0.04915159   -0.06490880  0.06719061
    2    1
 -0.08425622 -0.06554804    0.04736923  0.04188685   -0.04736923 -0.04188685
  0.04736923  0.04188685   -0.06490880 -0.06719061   -0.15398322  0.04915159
 -0.04736923 -0.04188685   -0.15398322  0.04915159   -0.06490880 -0.06719061
    2    2
  0.31762059  0.00000000    0.00533688  0.00792109   -0.00533688 -0.00792109
  0.00533688 -0.00792109    0.25972909  0.00000000   -0.00228822  0.00000000
 -0.00533688  0.00792109   -0.00228822  0.00000000    0.25972909  0.00000000

     Dynamical  Matrix in cartesian axes

     q = (    0.750000000   0.750000000   0.250000000 ) 

    1    1
  0.25972909  0.00000000    0.00228822  0.00000000    0.00533688  0.00792109
  0.00228822  0.00000000    0.25972909  0.00000000    0.00533688  0.00792109
  0.00533688 -0.00792109    0.00533688 -0.00792109    0.31762059  0.00000000
    1    2
  0.06490880 -0.06719061   -0.15398322 -0.04915159   -0.04736923  0.04188685
 -0.15398322 -0.04915159    0.06490880 -0.06719061   -0.04736923  0.04188685
 -0.04736923  0.04188685   -0.04736923  0.04188685    0.08425622 -0.06554804
    2    1
  0.06490880  0.06719061   -0.15398322  0.04915159   -0.04736923 -0.04188685
 -0.15398322  0.04915159    0.06490880  0.06719061   -0.04736923 -0.04188685
 -0.04736923 -0.04188685   -0.04736923 -0.04188685    0.08425622  0.06554804
    2    2
  0.25972909  0.00000000    0.00228822  0.00000000    0.00533688 -0.00792109
  0.00228822  0.00000000    0.25972909  0.00000000    0.00533688 -0.00792109
  0.00533688  0.00792109    0.00533688  0.00792109    0.31762059  0.00000000

     Dynamical  Matrix in cartesian axes

     q = (    0.250000000  -0.750000000  -0.750000000 ) 

    1    1
  0.31762059  0.00000000   -0.00533688  0.00792109   -0.00533688  0.00792109
 -0.00533688 -0.00792109    0.25972909  0.00000000    0.00228822  0.00000000
 -0.00533688 -0.00792109    0.00228822  0.00000000    0.25972909  0.00000000
    1    2
 -0.06554804 -0.08425622   -0.04188685 -0.04736923   -0.04188685 -0.04736923
 -0.04188685 -0.04736923   -0.06719061 -0.06490880   -0.04915159  0.15398322
 -0.04188685 -0.04736923   -0.04915159  0.15398322   -0.06719061 -0.06490880
    2    1
 -0.06554804  0.08425622   -0.04188685  0.04736923   -0.04188685  0.04736923
 -0.04188685  0.04736923   -0.06719061  0.06490880   -0.04915159 -0.15398322
 -0.04188685  0.04736923   -0.04915159 -0.15398322   -0.06719061  0.06490880
    2    2
  0.31762059  0.00000000   -0.00533688 -0.00792109   -0.00533688 -0.00792109
 -0.00533688  0.00792109    0.25972909  0.00000000    0.00228822  0.00000000
 -0.00533688  0.00792109    0.00228822  0.00000000    0.25972909  0.00000000

     Dynamical  Matrix in cartesian axes

     q = (    0.750000000  -0.750000000  -0.250000000 ) 

    1    1
  0.25972909  0.00000000   -0.00228822  0.00000000   -0.00533688 -0.00792109
 -0.00228822  0.00000000    0.25972909  0.00000000    0.00533688  0.00792109
 -0.00533688  0.00792109    0.00533688 -0.00792109    0.31762059  0.00000000
    1    2
 -0.06490880  0.06719061   -0.15398322 -0.04915159   -0.04736923  0.04188685
 -0.15398322 -0.04915159   -0.06490880  0.06719061    0.04736923 -0.04188685
 -0.04736923  0.04188685    0.04736923 -0.04188685   -0.08425622  0.06554804
    2    1
 -0.06490880 -0.06719061   -0.15398322  0.04915159   -0.04736923 -0.04188685
 -0.15398322  0.04915159   -0.06490880 -0.06719061    0.04736923  0.04188685
 -0.04736923 -0.04188685    0.04736923  0.04188685   -0.08425622 -0.06554804
    2    2
  0.25972909  0.00000000   -0.00228822  0.00000000   -0.00533688  0.00792109
 -0.00228822  0.00000000    0.25972909  0.00000000    0.00533688 -0.00792109
 -0.00533688 -0.00792109    0.00533688  0.00792109    0.31762059  0.00000000

     Diagonalizing the dynamical matrix

     q = (    0.750000000  -0.250000000   0.750000000 ) 

 **************************************************************************
     freq (    1) =       3.998066 [THz] =     133.361142 [cm-1]
 (  0.041066 -0.498311  0.000000 -0.000000 -0.041066  0.498311 ) 
 (  0.500000  0.000000  0.000000  0.000000 -0.500000  0.000000 ) 
     freq (    2) =       5.671008 [THz] =     189.164449 [cm-1]
 ( -0.392111 -0.199944 -0.305110  0.139463 -0.392111 -0.199944 ) 
 ( -0.440147 -0.000000 -0.208459 -0.262844 -0.440147  0.000000 ) 
     freq (    3) =       9.477886 [THz] =     316.148240 [cm-1]
 (  0.135847 -0.248827  0.387214  0.435117  0.135847 -0.248827 ) 
 ( -0.283495 -0.000000  0.196360  0.548365 -0.283495  0.000000 ) 
     freq (    4) =      12.577401 [THz] =     419.536954 [cm-1]
 (  0.086863  0.313846 -0.416423 -0.338384  0.086863  0.313846 ) 
 ( -0.325644  0.000000  0.437201  0.311073 -0.325644  0.000000 ) 
     freq (    5) =      14.202289 [THz] =     473.737361 [cm-1]
 (  0.041066 -0.498311  0.000000 -0.000000 -0.041066  0.498311 ) 
 ( -0.500000  0.000000 -0.000000 -0.000000  0.500000  0.000000 ) 
     freq (    6) =      14.489811 [THz] =     483.328054 [cm-1]
 ( -0.305566 -0.162748 -0.462518  0.215320 -0.305566 -0.162748 ) 
 (  0.346204 -0.000000  0.307006  0.407471  0.346204 -0.000000 ) 
 **************************************************************************
