Dynamical matrix file
                                                                           
  1    2  2 10.2000000  0.0000000  0.0000000  0.0000000  0.0000000  0.0000000
           1  'Si  '    25598.822984527003     
    1    1      0.0000000000      0.0000000000      0.0000000000
    2    1      0.2500000000      0.2500000000      0.2500000000

     Dynamical  Matrix in cartesian axes

     q = (   -0.250000000   0.250000000  -0.250000000 ) 

    1    1
  0.29615082 -0.00000000   -0.01157100  0.00000000    0.01157100 -0.00000000
 -0.01157100  0.00000000    0.29615082 -0.00000000   -0.01157100  0.00000000
  0.01157100 -0.00000000   -0.01157100  0.00000000    0.29615082 -0.00000000
    1    2
 -0.21500780 -0.06289680   -0.04404800  0.04422340    0.04404800 -0.04422340
 -0.04404800  0.04422340   -0.21500780 -0.06289680   -0.04404800  0.04422340
  0.04404800 -0.04422340   -0.04404800  0.04422340   -0.21500780 -0.06289680
    2    1
 -0.21500780  0.06289680   -0.04404800 -0.04422340    0.04404800  0.04422340
 -0.04404800 -0.04422340   -0.21500780  0.06289680   -0.04404800 -0.04422340
  0.04404800  0.04422340   -0.04404800 -0.04422340   -0.21500780  0.06289680
    2    2
  0.29615082  0.00000000   -0.01157100  0.00000000    0.01157100 -0.00000000
 -0.01157100  0.00000000    0.29615082  0.00000000   -0.01157100 -0.00000000
  0.01157100  0.00000000   -0.01157100  0.00000000    0.29615082  0.00000000

     Dynamical  Matrix in cartesian axes

     q = (    0.250000000  -0.250000000  -0.250000000 ) 

    1    1
  0.29615082 -0.00000000   -0.01157100 -0.00000000   -0.01157100  0.00000000
 -0.01157100 -0.00000000    0.29615082 -0.00000000    0.01157100  0.00000000
 -0.01157100 -0.00000000    0.01157100  0.00000000    0.29615082 -0.00000000
    1    2
 -0.21500780 -0.06289680   -0.04404800  0.04422340   -0.04404800  0.04422340
 -0.04404800  0.04422340   -0.21500780 -0.06289680    0.04404800 -0.04422340
 -0.04404800  0.04422340    0.04404800 -0.04422340   -0.21500780 -0.06289680
    2    1
 -0.21500780  0.06289680   -0.04404800 -0.04422340   -0.04404800 -0.04422340
 -0.04404800 -0.04422340   -0.21500780  0.06289680    0.04404800  0.04422340
 -0.04404800 -0.04422340    0.04404800  0.04422340   -0.21500780  0.06289680
    2    2
  0.29615082  0.00000000   -0.01157100  0.00000000   -0.01157100  0.00000000
 -0.01157100  0.00000000    0.29615082  0.00000000    0.01157100  0.00000000
 -0.01157100  0.00000000    0.01157100  0.00000000    0.29615082  0.00000000

     Dynamical  Matrix in cartesian axes

     q = (    0.250000000  -0.250000000   0.250000000 ) 

    1    1
  0.29615082  0.00000000   -0.01157100  0.00000000    0.01157100 -0.00000000
 -0.01157100  0.00000000    0.29615082  0.00000000   -0.01157100 -0.00000000
  0.01157100  0.00000000   -0.01157100  0.00000000    0.29615082  0.00000000
    1    2
 -0.21500780  0.06289680   -0.04404800 -0.04422340    0.04404800  0.04422340
 -0.04404800 -0.04422340   -0.21500780  0.06289680   -0.04404800 -0.04422340
  0.04404800  0.04422340   -0.04404800 -0.04422340   -0.21500780  0.06289680
    2    1
 -0.21500780 -0.06289680   -0.04404800  0.04422340    0.04404800 -0.04422340
 -0.04404800  0.04422340   -0.21500780 -0.06289680   -0.04404800  0.04422340
  0.04404800 -0.04422340   -0.04404800  0.04422340   -0.21500780 -0.06289680
    2    2
  0.29615082 -0.00000000   -0.01157100  0.00000000    0.01157100 -0.00000000
 -0.01157100 -0.00000000    0.29615082 -0.00000000   -0.01157100  0.00000000
  0.01157100  0.00000000   -0.01157100  0.00000000    0.29615082 -0.00000000

     Dynamical  Matrix in cartesian axes

     q = (    0.250000000   0.250000000   0.250000000 ) 

    1    1
  0.29615082 -0.00000000    0.01157100 -0.00000000    0.01157100 -0.00000000
  0.01157100 -0.00000000    0.29615082 -0.00000000    0.01157100  0.00000000
  0.01157100 -0.00000000    0.01157100 -0.00000000    0.29615082 -0.00000000
    1    2
 -0.06289680  0.21500780   -0.04422340 -0.04404800   -0.04422340 -0.04404800
 -0.04422340 -0.04404800   -0.06289680  0.21500780   -0.04422340 -0.04404800
 -0.04422340 -0.04404800   -0.04422340 -0.04404800   -0.06289680  0.21500780
    2    1
 -0.06289680 -0.21500780   -0.04422340  0.04404800   -0.04422340  0.04404800
 -0.04422340  0.04404800   -0.06289680 -0.21500780   -0.04422340  0.04404800
 -0.04422340  0.04404800   -0.04422340  0.04404800   -0.06289680 -0.21500780
    2    2
  0.29615082  0.00000000    0.01157100  0.00000000    0.01157100  0.00000000
  0.01157100  0.00000000    0.29615082  0.00000000    0.01157100 -0.00000000
  0.01157100 -0.00000000    0.01157100 -0.00000000    0.29615082  0.00000000

     Dynamical  Matrix in cartesian axes

     q = (   -0.250000000  -0.250000000  -0.250000000 ) 

    1    1
  0.29615082  0.00000000    0.01157100  0.00000000    0.01157100  0.00000000
  0.01157100  0.00000000    0.29615082  0.00000000    0.01157100 -0.00000000
  0.01157100 -0.00000000    0.01157100 -0.00000000    0.29615082  0.00000000
    1    2
 -0.06289680 -0.21500780   -0.04422340  0.04404800   -0.04422340  0.04404800
 -0.04422340  0.04404800   -0.06289680 -0.21500780   -0.04422340  0.04404800
 -0.04422340  0.04404800   -0.04422340  0.04404800   -0.06289680 -0.21500780
    2    1
 -0.06289680  0.21500780   -0.04422340 -0.04404800   -0.04422340 -0.04404800
 -0.04422340 -0.04404800   -0.06289680  0.21500780   -0.04422340 -0.04404800
 -0.04422340 -0.04404800   -0.04422340 -0.04404800   -0.06289680  0.21500780
    2    2
  0.29615082 -0.00000000    0.01157100 -0.00000000    0.01157100  0.00000000
  0.01157100 -0.00000000    0.29615082 -0.00000000    0.01157100  0.00000000
  0.01157100 -0.00000000    0.01157100 -0.00000000    0.29615082 -0.00000000

     Dynamical  Matrix in cartesian axes

     q = (   -0.250000000  -0.250000000   0.250000000 ) 

    1    1
  0.29615082 -0.00000000    0.01157100 -0.00000000   -0.01157100  0.00000000
  0.01157100 -0.00000000    0.29615082 -0.00000000   -0.01157100  0.00000000
 -0.01157100  0.00000000   -0.01157100  0.00000000    0.29615082 -0.00000000
    1    2
 -0.21500780 -0.06289680    0.04404800 -0.04422340   -0.04404800  0.04422340
  0.04404800 -0.04422340   -0.21500780 -0.06289680   -0.04404800  0.04422340
 -0.04404800  0.04422340   -0.04404800  0.04422340   -0.21500780 -0.06289680
    2    1
 -0.21500780  0.06289680    0.04404800  0.04422340   -0.04404800 -0.04422340
  0.04404800  0.04422340   -0.21500780  0.06289680   -0.04404800 -0.04422340
 -0.04404800 -0.04422340   -0.04404800 -0.04422340   -0.21500780  0.06289680
    2    2
  0.29615082  0.00000000    0.01157100  0.00000000   -0.01157100  0.00000000
  0.01157100  0.00000000    0.29615082  0.00000000   -0.01157100  0.00000000
 -0.01157100  0.00000000   -0.01157100  0.00000000    0.29615082  0.00000000

     Dynamical  Matrix in cartesian axes

     q = (   -0.250000000   0.250000000   0.250000000 ) 

    1    1
  0.29615082  0.00000000   -0.01157100  0.00000000   -0.01157100  0.00000000
 -0.01157100  0.00000000    0.29615082  0.00000000    0.01157100  0.00000000
 -0.01157100  0.00000000    0.01157100  0.00000000    0.29615082  0.00000000
    1    2
 -0.21500780  0.06289680   -0.04404800 -0.04422340   -0.04404800 -0.04422340
 -0.04404800 -0.04422340   -0.21500780  0.06289680    0.04404800  0.04422340
 -0.04404800 -0.04422340    0.04404800  0.04422340   -0.21500780  0.06289680
    2    1
 -0.21500780 -0.06289680   -0.04404800  0.04422340   -0.04404800  0.04422340
 -0.04404800  0.04422340   -0.21500780 -0.06289680    0.04404800 -0.04422340
 -0.04404800  0.04422340    0.04404800 -0.04422340   -0.21500780 -0.06289680
    2    2
  0.29615082 -0.00000000   -0.01157100 -0.00000000   -0.01157100 -0.00000000
 -0.01157100 -0.00000000    0.29615082 -0.00000000    0.01157100  0.00000000
 -0.01157100 -0.00000000    0.01157100  0.00000000    0.29615082 -0.00000000

     Dynamical  Matrix in cartesian axes

     q = (    0.250000000   0.250000000  -0.250000000 ) 

    1    1
  0.29615082  0.00000000    0.01157100  0.00000000   -0.01157100  0.00000000
  0.01157100  0.00000000    0.29615082  0.00000000   -0.01157100  0.00000000
 -0.01157100  0.00000000   -0.01157100  0.00000000    0.29615082  0.00000000
    1    2
 -0.21500780  0.06289680    0.04404800  0.04422340   -0.04404800 -0.04422340
  0.04404800  0.04422340   -0.21500780  0.06289680   -0.04404800 -0.04422340
 -0.04404800 -0.04422340   -0.04404800 -0.04422340   -0.21500780  0.06289680
    2    1
 -0.21500780 -0.06289680    0.04404800 -0.04422340   -0.04404800  0.04422340
  0.04404800 -0.04422340   -0.21500780 -0.06289680   -0.04404800  0.04422340
 -0.04404800  0.04422340   -0.04404800  0.04422340   -0.21500780 -0.06289680
    2    2
  0.29615082 -0.00000000    0.01157100 -0.00000000   -0.01157100 -0.00000000
  0.01157100 -0.00000000    0.29615082 -0.00000000   -0.01157100  0.00000000
 -0.01157100  0.00000000   -0.01157100  0.00000000    0.29615082 -0.00000000

     Diagonalizing the dynamical matrix

     q = (   -0.250000000   0.250000000  -0.250000000 ) 

 **************************************************************************
     freq (    1) =       3.241490 [THz] =     108.124461 [cm-1]
 ( -0.556091  0.122824 -0.296414  0.141542  0.259677  0.018718 ) 
 ( -0.545821  0.162486 -0.285471  0.162486  0.260350  0.000000 ) 
     freq (    2) =       3.241490 [THz] =     108.124461 [cm-1]
 ( -0.041638 -0.085306  0.472344 -0.048257  0.513983  0.037049 ) 
 ( -0.047664 -0.082092  0.467653 -0.082092  0.515316  0.000000 ) 
     freq (    3) =       7.175501 [THz] =     239.348966 [cm-1]
 ( -0.262319 -0.312818  0.262319  0.312818 -0.262319 -0.312818 ) 
 ( -0.408248 -0.000000  0.408248  0.000000 -0.408248  0.000000 ) 
     freq (    4) =      14.781852 [THz] =     493.069509 [cm-1]
 ( -0.262319 -0.312818  0.262319  0.312818 -0.262319 -0.312818 ) 
 (  0.408248  0.000000 -0.408248  0.000000  0.408248  0.000000 ) 
     freq (    5) =      15.170060 [THz] =     506.018736 [cm-1]
 ( -0.401666  0.297991 -0.401312  0.298017  0.000354  0.000026 ) 
 (  0.379202 -0.326098  0.378848 -0.326098 -0.000355  0.000000 ) 
     freq (    6) =      15.170060 [THz] =     506.018736 [cm-1]
 (  0.287681  0.020938 -0.288175 -0.020571 -0.575856 -0.041509 ) 
 ( -0.288442 -0.000200  0.288908 -0.000200  0.577350  0.000000 ) 
 **************************************************************************
