Dynamical matrix file
                                                                           
  1    2  2 10.3420000  0.0000000  0.0000000  0.0000000  0.0000000  0.0000000
           1  'Si  '    25598.822984527003     
    1    1      0.0000000000      0.0000000000      0.0000000000
    2    1      0.2500000000      0.2500000000      0.2500000000

     Dynamical  Matrix in cartesian axes

     q = (   -0.250000000   0.250000000  -0.250000000 ) 

    1    1
  0.26787873  0.00000000   -0.01166947  0.00000000    0.01166947  0.00000000
 -0.01166947  0.00000000    0.26787873  0.00000000   -0.01166947  0.00000000
  0.01166947  0.00000000   -0.01166947  0.00000000    0.26787873  0.00000000
    1    2
 -0.19952127 -0.05785876   -0.03754627  0.03926952    0.03754627 -0.03926952
 -0.03754627  0.03926952   -0.19952127 -0.05785876   -0.03754627  0.03926952
  0.03754627 -0.03926952   -0.03754627  0.03926952   -0.19952127 -0.05785876
    2    1
 -0.19952127  0.05785876   -0.03754627 -0.03926952    0.03754627  0.03926952
 -0.03754627 -0.03926952   -0.19952127  0.05785876   -0.03754627 -0.03926952
  0.03754627  0.03926952   -0.03754627 -0.03926952   -0.19952127  0.05785876
    2    2
  0.26787873  0.00000000   -0.01166947  0.00000000    0.01166947  0.00000000
 -0.01166947  0.00000000    0.26787873  0.00000000   -0.01166947  0.00000000
  0.01166947  0.00000000   -0.01166947  0.00000000    0.26787873  0.00000000

     Dynamical  Matrix in cartesian axes

     q = (    0.250000000  -0.250000000  -0.250000000 ) 

    1    1
  0.26787873  0.00000000   -0.01166947  0.00000000   -0.01166947  0.00000000
 -0.01166947  0.00000000    0.26787873  0.00000000    0.01166947  0.00000000
 -0.01166947  0.00000000    0.01166947  0.00000000    0.26787873  0.00000000
    1    2
 -0.19952127 -0.05785876   -0.03754627  0.03926952   -0.03754627  0.03926952
 -0.03754627  0.03926952   -0.19952127 -0.05785876    0.03754627 -0.03926952
 -0.03754627  0.03926952    0.03754627 -0.03926952   -0.19952127 -0.05785876
    2    1
 -0.19952127  0.05785876   -0.03754627 -0.03926952   -0.03754627 -0.03926952
 -0.03754627 -0.03926952   -0.19952127  0.05785876    0.03754627  0.03926952
 -0.03754627 -0.03926952    0.03754627  0.03926952   -0.19952127  0.05785876
    2    2
  0.26787873  0.00000000   -0.01166947  0.00000000   -0.01166947  0.00000000
 -0.01166947  0.00000000    0.26787873  0.00000000    0.01166947  0.00000000
 -0.01166947  0.00000000    0.01166947  0.00000000    0.26787873  0.00000000

     Dynamical  Matrix in cartesian axes

     q = (    0.250000000  -0.250000000   0.250000000 ) 

    1    1
  0.26787873  0.00000000   -0.01166947  0.00000000    0.01166947  0.00000000
 -0.01166947  0.00000000    0.26787873  0.00000000   -0.01166947  0.00000000
  0.01166947  0.00000000   -0.01166947  0.00000000    0.26787873  0.00000000
    1    2
 -0.19952127  0.05785876   -0.03754627 -0.03926952    0.03754627  0.03926952
 -0.03754627 -0.03926952   -0.19952127  0.05785876   -0.03754627 -0.03926952
  0.03754627  0.03926952   -0.03754627 -0.03926952   -0.19952127  0.05785876
    2    1
 -0.19952127 -0.05785876   -0.03754627  0.03926952    0.03754627 -0.03926952
 -0.03754627  0.03926952   -0.19952127 -0.05785876   -0.03754627  0.03926952
  0.03754627 -0.03926952   -0.03754627  0.03926952   -0.19952127 -0.05785876
    2    2
  0.26787873  0.00000000   -0.01166947  0.00000000    0.01166947  0.00000000
 -0.01166947  0.00000000    0.26787873  0.00000000   -0.01166947  0.00000000
  0.01166947  0.00000000   -0.01166947  0.00000000    0.26787873  0.00000000

     Dynamical  Matrix in cartesian axes

     q = (    0.250000000   0.250000000   0.250000000 ) 

    1    1
  0.26787873  0.00000000    0.01166947  0.00000000    0.01166947  0.00000000
  0.01166947  0.00000000    0.26787873  0.00000000    0.01166947  0.00000000
  0.01166947  0.00000000    0.01166947  0.00000000    0.26787873  0.00000000
    1    2
 -0.05785876  0.19952127   -0.03926952 -0.03754627   -0.03926952 -0.03754627
 -0.03926952 -0.03754627   -0.05785876  0.19952127   -0.03926952 -0.03754627
 -0.03926952 -0.03754627   -0.03926952 -0.03754627   -0.05785876  0.19952127
    2    1
 -0.05785876 -0.19952127   -0.03926952  0.03754627   -0.03926952  0.03754627
 -0.03926952  0.03754627   -0.05785876 -0.19952127   -0.03926952  0.03754627
 -0.03926952  0.03754627   -0.03926952  0.03754627   -0.05785876 -0.19952127
    2    2
  0.26787873  0.00000000    0.01166947  0.00000000    0.01166947  0.00000000
  0.01166947  0.00000000    0.26787873  0.00000000    0.01166947  0.00000000
  0.01166947  0.00000000    0.01166947  0.00000000    0.26787873  0.00000000

     Dynamical  Matrix in cartesian axes

     q = (   -0.250000000  -0.250000000  -0.250000000 ) 

    1    1
  0.26787873  0.00000000    0.01166947  0.00000000    0.01166947  0.00000000
  0.01166947  0.00000000    0.26787873  0.00000000    0.01166947  0.00000000
  0.01166947  0.00000000    0.01166947  0.00000000    0.26787873  0.00000000
    1    2
 -0.05785876 -0.19952127   -0.03926952  0.03754627   -0.03926952  0.03754627
 -0.03926952  0.03754627   -0.05785876 -0.19952127   -0.03926952  0.03754627
 -0.03926952  0.03754627   -0.03926952  0.03754627   -0.05785876 -0.19952127
    2    1
 -0.05785876  0.19952127   -0.03926952 -0.03754627   -0.03926952 -0.03754627
 -0.03926952 -0.03754627   -0.05785876  0.19952127   -0.03926952 -0.03754627
 -0.03926952 -0.03754627   -0.03926952 -0.03754627   -0.05785876  0.19952127
    2    2
  0.26787873  0.00000000    0.01166947  0.00000000    0.01166947  0.00000000
  0.01166947  0.00000000    0.26787873  0.00000000    0.01166947  0.00000000
  0.01166947  0.00000000    0.01166947  0.00000000    0.26787873  0.00000000

     Dynamical  Matrix in cartesian axes

     q = (   -0.250000000  -0.250000000   0.250000000 ) 

    1    1
  0.26787873  0.00000000    0.01166947  0.00000000   -0.01166947  0.00000000
  0.01166947  0.00000000    0.26787873  0.00000000   -0.01166947  0.00000000
 -0.01166947  0.00000000   -0.01166947  0.00000000    0.26787873  0.00000000
    1    2
 -0.19952127 -0.05785876    0.03754627 -0.03926952   -0.03754627  0.03926952
  0.03754627 -0.03926952   -0.19952127 -0.05785876   -0.03754627  0.03926952
 -0.03754627  0.03926952   -0.03754627  0.03926952   -0.19952127 -0.05785876
    2    1
 -0.19952127  0.05785876    0.03754627  0.03926952   -0.03754627 -0.03926952
  0.03754627  0.03926952   -0.19952127  0.05785876   -0.03754627 -0.03926952
 -0.03754627 -0.03926952   -0.03754627 -0.03926952   -0.19952127  0.05785876
    2    2
  0.26787873  0.00000000    0.01166947  0.00000000   -0.01166947  0.00000000
  0.01166947  0.00000000    0.26787873  0.00000000   -0.01166947  0.00000000
 -0.01166947  0.00000000   -0.01166947  0.00000000    0.26787873  0.00000000

     Dynamical  Matrix in cartesian axes

     q = (   -0.250000000   0.250000000   0.250000000 ) 

    1    1
  0.26787873  0.00000000   -0.01166947  0.00000000   -0.01166947  0.00000000
 -0.01166947  0.00000000    0.26787873  0.00000000    0.01166947  0.00000000
 -0.01166947  0.00000000    0.01166947  0.00000000    0.26787873  0.00000000
    1    2
 -0.19952127  0.05785876   -0.03754627 -0.03926952   -0.03754627 -0.03926952
 -0.03754627 -0.03926952   -0.19952127  0.05785876    0.03754627  0.03926952
 -0.03754627 -0.03926952    0.03754627  0.03926952   -0.19952127  0.05785876
    2    1
 -0.19952127 -0.05785876   -0.03754627  0.03926952   -0.03754627  0.03926952
 -0.03754627  0.03926952   -0.19952127 -0.05785876    0.03754627 -0.03926952
 -0.03754627  0.03926952    0.03754627 -0.03926952   -0.19952127 -0.05785876
    2    2
  0.26787873  0.00000000   -0.01166947  0.00000000   -0.01166947  0.00000000
 -0.01166947  0.00000000    0.26787873  0.00000000    0.01166947  0.00000000
 -0.01166947  0.00000000    0.01166947  0.00000000    0.26787873  0.00000000

     Dynamical  Matrix in cartesian axes

     q = (    0.250000000   0.250000000  -0.250000000 ) 

    1    1
  0.26787873  0.00000000    0.01166947  0.00000000   -0.01166947  0.00000000
  0.01166947  0.00000000    0.26787873  0.00000000   -0.01166947  0.00000000
 -0.01166947  0.00000000   -0.01166947  0.00000000    0.26787873  0.00000000
    1    2
 -0.19952127  0.05785876    0.03754627  0.03926952   -0.03754627 -0.03926952
  0.03754627  0.03926952   -0.19952127  0.05785876   -0.03754627 -0.03926952
 -0.03754627 -0.03926952   -0.03754627 -0.03926952   -0.19952127  0.05785876
    2    1
 -0.19952127 -0.05785876    0.03754627 -0.03926952   -0.03754627  0.03926952
  0.03754627 -0.03926952   -0.19952127 -0.05785876   -0.03754627  0.03926952
 -0.03754627  0.03926952   -0.03754627  0.03926952   -0.19952127 -0.05785876
    2    2
  0.26787873  0.00000000    0.01166947  0.00000000   -0.01166947  0.00000000
  0.01166947  0.00000000    0.26787873  0.00000000   -0.01166947  0.00000000
 -0.01166947  0.00000000   -0.01166947  0.00000000    0.26787873  0.00000000

     Diagonalizing the dynamical matrix

     q = (   -0.250000000   0.250000000  -0.250000000 ) 

 **************************************************************************
     freq (    1) =       2.790226 [THz] =      93.071932 [cm-1]
 (  0.546964  0.071416  0.418874  0.061372 -0.128090 -0.010044 ) 
 (  0.550873  0.028439  0.422390  0.028439 -0.128483  0.000000 ) 
     freq (    2) =       2.790226 [THz] =      93.071932 [cm-1]
 (  0.170342  0.006846 -0.390808 -0.037156 -0.561150 -0.044002 ) 
 (  0.170356 -0.006492 -0.392516 -0.006492 -0.562872  0.000000 ) 
     freq (    3) =       6.713145 [THz] =     223.926428 [cm-1]
 (  0.275139  0.301605 -0.275139 -0.301605  0.275139  0.301605 ) 
 (  0.408248  0.000000 -0.408248 -0.000000  0.408248  0.000000 ) 
     freq (    4) =      14.183954 [THz] =     473.125782 [cm-1]
 (  0.275139  0.301605 -0.275139 -0.301605  0.275139  0.301605 ) 
 ( -0.408248  0.000000  0.408248  0.000000 -0.408248  0.000000 ) 
     freq (    5) =      14.452084 [THz] =     482.069649 [cm-1]
 (  0.319445  0.001356 -0.254404 -0.043642 -0.573849 -0.044997 ) 
 ( -0.318573  0.023620  0.257037  0.023620  0.575610  0.000000 ) 
     freq (    6) =      14.452084 [THz] =     482.069649 [cm-1]
 ( -0.395605  0.273466 -0.440257  0.269965 -0.044653 -0.003501 ) 
 (  0.373016 -0.303555  0.417806 -0.303555  0.044790  0.000000 ) 
 **************************************************************************
