Dynamical matrix file
                                                                           
  1    2  2 10.3420000  0.0000000  0.0000000  0.0000000  0.0000000  0.0000000
           1  'Si  '    25598.822984527003     
    1    1      0.0000000000      0.0000000000      0.0000000000
    2    1      0.2500000000      0.2500000000      0.2500000000

     Dynamical  Matrix in cartesian axes

     q = (    0.750000000  -0.250000000   0.750000000 ) 

    1    1
  0.24431273  0.00000000   -0.00625705  0.00764443    0.00580114  0.00000000
 -0.00625705 -0.00764443    0.29542406  0.00000000   -0.00625705 -0.00764443
  0.00580114  0.00000000   -0.00625705  0.00764443    0.24431273  0.00000000
    1    2
 -0.06000756  0.06110652   -0.04039517  0.04276458   -0.04074982 -0.13370012
 -0.04039517  0.04276458   -0.05840601  0.07956111   -0.04039517  0.04276458
 -0.04074982 -0.13370012   -0.04039517  0.04276458   -0.06000756  0.06110652
    2    1
 -0.06000756 -0.06110652   -0.04039517 -0.04276458   -0.04074982  0.13370012
 -0.04039517 -0.04276458   -0.05840601 -0.07956111   -0.04039517 -0.04276458
 -0.04074982  0.13370012   -0.04039517 -0.04276458   -0.06000756 -0.06110652
    2    2
  0.24431273  0.00000000   -0.00625705 -0.00764443    0.00580114  0.00000000
 -0.00625705  0.00764443    0.29542406  0.00000000   -0.00625705  0.00764443
  0.00580114  0.00000000   -0.00625705 -0.00764443    0.24431273  0.00000000

     Dynamical  Matrix in cartesian axes

     q = (    0.750000000  -0.250000000  -0.750000000 ) 

    1    1
  0.24431273  0.00000000   -0.00625705 -0.00764443   -0.00580114  0.00000000
 -0.00625705  0.00764443    0.29542406  0.00000000    0.00625705 -0.00764443
 -0.00580114  0.00000000    0.00625705  0.00764443    0.24431273  0.00000000
    1    2
 -0.06110652  0.06000756   -0.04276458  0.04039517   -0.13370012 -0.04074982
 -0.04276458  0.04039517   -0.07956111  0.05840601    0.04276458 -0.04039517
 -0.13370012 -0.04074982    0.04276458 -0.04039517   -0.06110652  0.06000756
    2    1
 -0.06110652 -0.06000756   -0.04276458 -0.04039517   -0.13370012  0.04074982
 -0.04276458 -0.04039517   -0.07956111 -0.05840601    0.04276458  0.04039517
 -0.13370012  0.04074982    0.04276458  0.04039517   -0.06110652 -0.06000756
    2    2
  0.24431273  0.00000000   -0.00625705  0.00764443   -0.00580114  0.00000000
 -0.00625705 -0.00764443    0.29542406  0.00000000    0.00625705  0.00764443
 -0.00580114  0.00000000    0.00625705 -0.00764443    0.24431273  0.00000000

     Dynamical  Matrix in cartesian axes

     q = (   -0.750000000  -0.250000000  -0.750000000 ) 

    1    1
  0.24431273  0.00000000    0.00625705 -0.00764443    0.00580114  0.00000000
  0.00625705  0.00764443    0.29542406  0.00000000    0.00625705  0.00764443
  0.00580114  0.00000000    0.00625705 -0.00764443    0.24431273  0.00000000
    1    2
  0.06110652  0.06000756   -0.04276458 -0.04039517   -0.13370012  0.04074982
 -0.04276458 -0.04039517    0.07956111  0.05840601   -0.04276458 -0.04039517
 -0.13370012  0.04074982   -0.04276458 -0.04039517    0.06110652  0.06000756
    2    1
  0.06110652 -0.06000756   -0.04276458  0.04039517   -0.13370012 -0.04074982
 -0.04276458  0.04039517    0.07956111 -0.05840601   -0.04276458  0.04039517
 -0.13370012 -0.04074982   -0.04276458  0.04039517    0.06110652 -0.06000756
    2    2
  0.24431273  0.00000000    0.00625705  0.00764443    0.00580114  0.00000000
  0.00625705 -0.00764443    0.29542406  0.00000000    0.00625705 -0.00764443
  0.00580114  0.00000000    0.00625705  0.00764443    0.24431273  0.00000000

     Dynamical  Matrix in cartesian axes

     q = (   -0.750000000  -0.250000000   0.750000000 ) 

    1    1
  0.24431273  0.00000000    0.00625705  0.00764443   -0.00580114  0.00000000
  0.00625705 -0.00764443    0.29542406  0.00000000   -0.00625705  0.00764443
 -0.00580114  0.00000000   -0.00625705 -0.00764443    0.24431273  0.00000000
    1    2
 -0.06110652  0.06000756    0.04276458 -0.04039517   -0.13370012 -0.04074982
  0.04276458 -0.04039517   -0.07956111  0.05840601   -0.04276458  0.04039517
 -0.13370012 -0.04074982   -0.04276458  0.04039517   -0.06110652  0.06000756
    2    1
 -0.06110652 -0.06000756    0.04276458  0.04039517   -0.13370012  0.04074982
  0.04276458  0.04039517   -0.07956111 -0.05840601   -0.04276458 -0.04039517
 -0.13370012  0.04074982   -0.04276458 -0.04039517   -0.06110652 -0.06000756
    2    2
  0.24431273  0.00000000    0.00625705 -0.00764443   -0.00580114  0.00000000
  0.00625705  0.00764443    0.29542406  0.00000000   -0.00625705 -0.00764443
 -0.00580114  0.00000000   -0.00625705  0.00764443    0.24431273  0.00000000

     Dynamical  Matrix in cartesian axes

     q = (   -0.750000000   0.250000000  -0.750000000 ) 

    1    1
  0.24431273  0.00000000   -0.00625705 -0.00764443    0.00580114  0.00000000
 -0.00625705  0.00764443    0.29542406  0.00000000   -0.00625705  0.00764443
  0.00580114  0.00000000   -0.00625705 -0.00764443    0.24431273  0.00000000
    1    2
 -0.06000756 -0.06110652   -0.04039517 -0.04276458   -0.04074982  0.13370012
 -0.04039517 -0.04276458   -0.05840601 -0.07956111   -0.04039517 -0.04276458
 -0.04074982  0.13370012   -0.04039517 -0.04276458   -0.06000756 -0.06110652
    2    1
 -0.06000756  0.06110652   -0.04039517  0.04276458   -0.04074982 -0.13370012
 -0.04039517  0.04276458   -0.05840601  0.07956111   -0.04039517  0.04276458
 -0.04074982 -0.13370012   -0.04039517  0.04276458   -0.06000756  0.06110652
    2    2
  0.24431273  0.00000000   -0.00625705  0.00764443    0.00580114  0.00000000
 -0.00625705 -0.00764443    0.29542406  0.00000000   -0.00625705 -0.00764443
  0.00580114  0.00000000   -0.00625705  0.00764443    0.24431273  0.00000000

     Dynamical  Matrix in cartesian axes

     q = (   -0.250000000   0.750000000  -0.750000000 ) 

    1    1
  0.29542406  0.00000000   -0.00625705  0.00764443    0.00625705 -0.00764443
 -0.00625705 -0.00764443    0.24431273  0.00000000   -0.00580114  0.00000000
  0.00625705  0.00764443   -0.00580114  0.00000000    0.24431273  0.00000000
    1    2
 -0.07956111  0.05840601   -0.04276458  0.04039517    0.04276458 -0.04039517
 -0.04276458  0.04039517   -0.06110652  0.06000756   -0.13370012 -0.04074982
  0.04276458 -0.04039517   -0.13370012 -0.04074982   -0.06110652  0.06000756
    2    1
 -0.07956111 -0.05840601   -0.04276458 -0.04039517    0.04276458  0.04039517
 -0.04276458 -0.04039517   -0.06110652 -0.06000756   -0.13370012  0.04074982
  0.04276458  0.04039517   -0.13370012  0.04074982   -0.06110652 -0.06000756
    2    2
  0.29542406  0.00000000   -0.00625705 -0.00764443    0.00625705  0.00764443
 -0.00625705  0.00764443    0.24431273  0.00000000   -0.00580114  0.00000000
  0.00625705 -0.00764443   -0.00580114  0.00000000    0.24431273  0.00000000

     Dynamical  Matrix in cartesian axes

     q = (   -0.750000000   0.750000000  -0.250000000 ) 

    1    1
  0.24431273  0.00000000   -0.00580114  0.00000000    0.00625705  0.00764443
 -0.00580114  0.00000000    0.24431273  0.00000000   -0.00625705 -0.00764443
  0.00625705 -0.00764443   -0.00625705  0.00764443    0.29542406  0.00000000
    1    2
 -0.06110652  0.06000756   -0.13370012 -0.04074982    0.04276458 -0.04039517
 -0.13370012 -0.04074982   -0.06110652  0.06000756   -0.04276458  0.04039517
  0.04276458 -0.04039517   -0.04276458  0.04039517   -0.07956111  0.05840601
    2    1
 -0.06110652 -0.06000756   -0.13370012  0.04074982    0.04276458  0.04039517
 -0.13370012  0.04074982   -0.06110652 -0.06000756   -0.04276458 -0.04039517
  0.04276458  0.04039517   -0.04276458 -0.04039517   -0.07956111 -0.05840601
    2    2
  0.24431273  0.00000000   -0.00580114  0.00000000    0.00625705 -0.00764443
 -0.00580114  0.00000000    0.24431273  0.00000000   -0.00625705  0.00764443
  0.00625705  0.00764443   -0.00625705 -0.00764443    0.29542406  0.00000000

     Dynamical  Matrix in cartesian axes

     q = (    0.750000000   0.250000000   0.750000000 ) 

    1    1
  0.24431273  0.00000000    0.00625705  0.00764443    0.00580114  0.00000000
  0.00625705 -0.00764443    0.29542406  0.00000000    0.00625705 -0.00764443
  0.00580114  0.00000000    0.00625705  0.00764443    0.24431273  0.00000000
    1    2
  0.06110652 -0.06000756   -0.04276458  0.04039517   -0.13370012 -0.04074982
 -0.04276458  0.04039517    0.07956111 -0.05840601   -0.04276458  0.04039517
 -0.13370012 -0.04074982   -0.04276458  0.04039517    0.06110652 -0.06000756
    2    1
  0.06110652  0.06000756   -0.04276458 -0.04039517   -0.13370012  0.04074982
 -0.04276458 -0.04039517    0.07956111  0.05840601   -0.04276458 -0.04039517
 -0.13370012  0.04074982   -0.04276458 -0.04039517    0.06110652  0.06000756
    2    2
  0.24431273  0.00000000    0.00625705 -0.00764443    0.00580114  0.00000000
  0.00625705  0.00764443    0.29542406  0.00000000    0.00625705  0.00764443
  0.00580114  0.00000000    0.00625705 -0.00764443    0.24431273  0.00000000

     Dynamical  Matrix in cartesian axes

     q = (   -0.750000000   0.250000000   0.750000000 ) 

    1    1
  0.24431273  0.00000000   -0.00625705  0.00764443   -0.00580114  0.00000000
 -0.00625705 -0.00764443    0.29542406  0.00000000    0.00625705  0.00764443
 -0.00580114  0.00000000    0.00625705 -0.00764443    0.24431273  0.00000000
    1    2
 -0.06110652 -0.06000756   -0.04276458 -0.04039517   -0.13370012  0.04074982
 -0.04276458 -0.04039517   -0.07956111 -0.05840601    0.04276458  0.04039517
 -0.13370012  0.04074982    0.04276458  0.04039517   -0.06110652 -0.06000756
    2    1
 -0.06110652  0.06000756   -0.04276458  0.04039517   -0.13370012 -0.04074982
 -0.04276458  0.04039517   -0.07956111  0.05840601    0.04276458 -0.04039517
 -0.13370012 -0.04074982    0.04276458 -0.04039517   -0.06110652  0.06000756
    2    2
  0.24431273  0.00000000   -0.00625705 -0.00764443   -0.00580114  0.00000000
 -0.00625705  0.00764443    0.29542406  0.00000000    0.00625705 -0.00764443
 -0.00580114  0.00000000    0.00625705  0.00764443    0.24431273  0.00000000

     Dynamical  Matrix in cartesian axes

     q = (    0.750000000   0.250000000  -0.750000000 ) 

    1    1
  0.24431273  0.00000000    0.00625705 -0.00764443   -0.00580114  0.00000000
  0.00625705  0.00764443    0.29542406  0.00000000   -0.00625705 -0.00764443
 -0.00580114  0.00000000   -0.00625705  0.00764443    0.24431273  0.00000000
    1    2
 -0.06110652 -0.06000756    0.04276458  0.04039517   -0.13370012  0.04074982
  0.04276458  0.04039517   -0.07956111 -0.05840601   -0.04276458 -0.04039517
 -0.13370012  0.04074982   -0.04276458 -0.04039517   -0.06110652 -0.06000756
    2    1
 -0.06110652  0.06000756    0.04276458 -0.04039517   -0.13370012 -0.04074982
  0.04276458 -0.04039517   -0.07956111  0.05840601   -0.04276458  0.04039517
 -0.13370012 -0.04074982   -0.04276458  0.04039517   -0.06110652  0.06000756
    2    2
  0.24431273  0.00000000    0.00625705  0.00764443   -0.00580114  0.00000000
  0.00625705 -0.00764443    0.29542406  0.00000000   -0.00625705  0.00764443
 -0.00580114  0.00000000   -0.00625705 -0.00764443    0.24431273  0.00000000

     Dynamical  Matrix in cartesian axes

     q = (   -0.750000000   0.750000000   0.250000000 ) 

    1    1
  0.24431273  0.00000000   -0.00580114  0.00000000   -0.00625705  0.00764443
 -0.00580114  0.00000000    0.24431273  0.00000000    0.00625705 -0.00764443
 -0.00625705 -0.00764443    0.00625705  0.00764443    0.29542406  0.00000000
    1    2
 -0.06110652 -0.06000756   -0.13370012  0.04074982   -0.04276458 -0.04039517
 -0.13370012  0.04074982   -0.06110652 -0.06000756    0.04276458  0.04039517
 -0.04276458 -0.04039517    0.04276458  0.04039517   -0.07956111 -0.05840601
    2    1
 -0.06110652  0.06000756   -0.13370012 -0.04074982   -0.04276458  0.04039517
 -0.13370012 -0.04074982   -0.06110652  0.06000756    0.04276458 -0.04039517
 -0.04276458  0.04039517    0.04276458 -0.04039517   -0.07956111  0.05840601
    2    2
  0.24431273  0.00000000   -0.00580114  0.00000000   -0.00625705 -0.00764443
 -0.00580114  0.00000000    0.24431273  0.00000000    0.00625705  0.00764443
 -0.00625705  0.00764443    0.00625705 -0.00764443    0.29542406  0.00000000

     Dynamical  Matrix in cartesian axes

     q = (   -0.250000000   0.750000000   0.750000000 ) 

    1    1
  0.29542406  0.00000000   -0.00625705 -0.00764443   -0.00625705 -0.00764443
 -0.00625705  0.00764443    0.24431273  0.00000000    0.00580114  0.00000000
 -0.00625705  0.00764443    0.00580114  0.00000000    0.24431273  0.00000000
    1    2
 -0.05840601  0.07956111   -0.04039517  0.04276458   -0.04039517  0.04276458
 -0.04039517  0.04276458   -0.06000756  0.06110652   -0.04074982 -0.13370012
 -0.04039517  0.04276458   -0.04074982 -0.13370012   -0.06000756  0.06110652
    2    1
 -0.05840601 -0.07956111   -0.04039517 -0.04276458   -0.04039517 -0.04276458
 -0.04039517 -0.04276458   -0.06000756 -0.06110652   -0.04074982  0.13370012
 -0.04039517 -0.04276458   -0.04074982  0.13370012   -0.06000756 -0.06110652
    2    2
  0.29542406  0.00000000   -0.00625705  0.00764443   -0.00625705  0.00764443
 -0.00625705 -0.00764443    0.24431273  0.00000000    0.00580114  0.00000000
 -0.00625705 -0.00764443    0.00580114  0.00000000    0.24431273  0.00000000

     Dynamical  Matrix in cartesian axes

     q = (    0.250000000   0.750000000  -0.750000000 ) 

    1    1
  0.29542406  0.00000000    0.00625705  0.00764443   -0.00625705 -0.00764443
  0.00625705 -0.00764443    0.24431273  0.00000000   -0.00580114  0.00000000
 -0.00625705  0.00764443   -0.00580114  0.00000000    0.24431273  0.00000000
    1    2
 -0.07956111 -0.05840601    0.04276458  0.04039517   -0.04276458 -0.04039517
  0.04276458  0.04039517   -0.06110652 -0.06000756   -0.13370012  0.04074982
 -0.04276458 -0.04039517   -0.13370012  0.04074982   -0.06110652 -0.06000756
    2    1
 -0.07956111  0.05840601    0.04276458 -0.04039517   -0.04276458  0.04039517
  0.04276458 -0.04039517   -0.06110652  0.06000756   -0.13370012 -0.04074982
 -0.04276458  0.04039517   -0.13370012 -0.04074982   -0.06110652  0.06000756
    2    2
  0.29542406  0.00000000    0.00625705 -0.00764443   -0.00625705  0.00764443
  0.00625705  0.00764443    0.24431273  0.00000000   -0.00580114  0.00000000
 -0.00625705 -0.00764443   -0.00580114  0.00000000    0.24431273  0.00000000

     Dynamical  Matrix in cartesian axes

     q = (   -0.250000000  -0.750000000  -0.750000000 ) 

    1    1
  0.29542406  0.00000000    0.00625705  0.00764443    0.00625705  0.00764443
  0.00625705 -0.00764443    0.24431273  0.00000000    0.00580114  0.00000000
  0.00625705 -0.00764443    0.00580114  0.00000000    0.24431273  0.00000000
    1    2
  0.07956111  0.05840601   -0.04276458 -0.04039517   -0.04276458 -0.04039517
 -0.04276458 -0.04039517    0.06110652  0.06000756   -0.13370012  0.04074982
 -0.04276458 -0.04039517   -0.13370012  0.04074982    0.06110652  0.06000756
    2    1
  0.07956111 -0.05840601   -0.04276458  0.04039517   -0.04276458  0.04039517
 -0.04276458  0.04039517    0.06110652 -0.06000756   -0.13370012 -0.04074982
 -0.04276458  0.04039517   -0.13370012 -0.04074982    0.06110652 -0.06000756
    2    2
  0.29542406  0.00000000    0.00625705 -0.00764443    0.00625705 -0.00764443
  0.00625705  0.00764443    0.24431273  0.00000000    0.00580114  0.00000000
  0.00625705  0.00764443    0.00580114  0.00000000    0.24431273  0.00000000

     Dynamical  Matrix in cartesian axes

     q = (    0.750000000   0.750000000  -0.250000000 ) 

    1    1
  0.24431273  0.00000000    0.00580114  0.00000000   -0.00625705  0.00764443
  0.00580114  0.00000000    0.24431273  0.00000000   -0.00625705  0.00764443
 -0.00625705 -0.00764443   -0.00625705 -0.00764443    0.29542406  0.00000000
    1    2
 -0.06000756  0.06110652   -0.04074982 -0.13370012   -0.04039517  0.04276458
 -0.04074982 -0.13370012   -0.06000756  0.06110652   -0.04039517  0.04276458
 -0.04039517  0.04276458   -0.04039517  0.04276458   -0.05840601  0.07956111
    2    1
 -0.06000756 -0.06110652   -0.04074982  0.13370012   -0.04039517 -0.04276458
 -0.04074982  0.13370012   -0.06000756 -0.06110652   -0.04039517 -0.04276458
 -0.04039517 -0.04276458   -0.04039517 -0.04276458   -0.05840601 -0.07956111
    2    2
  0.24431273  0.00000000    0.00580114  0.00000000   -0.00625705 -0.00764443
  0.00580114  0.00000000    0.24431273  0.00000000   -0.00625705 -0.00764443
 -0.00625705  0.00764443   -0.00625705  0.00764443    0.29542406  0.00000000

     Dynamical  Matrix in cartesian axes

     q = (    0.750000000  -0.750000000   0.250000000 ) 

    1    1
  0.24431273  0.00000000   -0.00580114  0.00000000    0.00625705 -0.00764443
 -0.00580114  0.00000000    0.24431273  0.00000000   -0.00625705  0.00764443
  0.00625705  0.00764443   -0.00625705 -0.00764443    0.29542406  0.00000000
    1    2
 -0.06110652 -0.06000756   -0.13370012  0.04074982    0.04276458  0.04039517
 -0.13370012  0.04074982   -0.06110652 -0.06000756   -0.04276458 -0.04039517
  0.04276458  0.04039517   -0.04276458 -0.04039517   -0.07956111 -0.05840601
    2    1
 -0.06110652  0.06000756   -0.13370012 -0.04074982    0.04276458 -0.04039517
 -0.13370012 -0.04074982   -0.06110652  0.06000756   -0.04276458  0.04039517
  0.04276458 -0.04039517   -0.04276458  0.04039517   -0.07956111  0.05840601
    2    2
  0.24431273  0.00000000   -0.00580114  0.00000000    0.00625705  0.00764443
 -0.00580114  0.00000000    0.24431273  0.00000000   -0.00625705 -0.00764443
  0.00625705 -0.00764443   -0.00625705  0.00764443    0.29542406  0.00000000

     Dynamical  Matrix in cartesian axes

     q = (   -0.750000000  -0.750000000  -0.250000000 ) 

    1    1
  0.24431273  0.00000000    0.00580114  0.00000000    0.00625705 -0.00764443
  0.00580114  0.00000000    0.24431273  0.00000000    0.00625705 -0.00764443
  0.00625705  0.00764443    0.00625705  0.00764443    0.29542406  0.00000000
    1    2
  0.06110652  0.06000756   -0.13370012  0.04074982   -0.04276458 -0.04039517
 -0.13370012  0.04074982    0.06110652  0.06000756   -0.04276458 -0.04039517
 -0.04276458 -0.04039517   -0.04276458 -0.04039517    0.07956111  0.05840601
    2    1
  0.06110652 -0.06000756   -0.13370012 -0.04074982   -0.04276458  0.04039517
 -0.13370012 -0.04074982    0.06110652 -0.06000756   -0.04276458  0.04039517
 -0.04276458  0.04039517   -0.04276458  0.04039517    0.07956111 -0.05840601
    2    2
  0.24431273  0.00000000    0.00580114  0.00000000    0.00625705  0.00764443
  0.00580114  0.00000000    0.24431273  0.00000000    0.00625705  0.00764443
  0.00625705 -0.00764443    0.00625705 -0.00764443    0.29542406  0.00000000

     Dynamical  Matrix in cartesian axes

     q = (    0.250000000  -0.750000000   0.750000000 ) 

    1    1
  0.29542406  0.00000000   -0.00625705 -0.00764443    0.00625705  0.00764443
 -0.00625705  0.00764443    0.24431273  0.00000000   -0.00580114  0.00000000
  0.00625705 -0.00764443   -0.00580114  0.00000000    0.24431273  0.00000000
    1    2
 -0.07956111 -0.05840601   -0.04276458 -0.04039517    0.04276458  0.04039517
 -0.04276458 -0.04039517   -0.06110652 -0.06000756   -0.13370012  0.04074982
  0.04276458  0.04039517   -0.13370012  0.04074982   -0.06110652 -0.06000756
    2    1
 -0.07956111  0.05840601   -0.04276458  0.04039517    0.04276458 -0.04039517
 -0.04276458  0.04039517   -0.06110652  0.06000756   -0.13370012 -0.04074982
  0.04276458 -0.04039517   -0.13370012 -0.04074982   -0.06110652  0.06000756
    2    2
  0.29542406  0.00000000   -0.00625705  0.00764443    0.00625705 -0.00764443
 -0.00625705 -0.00764443    0.24431273  0.00000000   -0.00580114  0.00000000
  0.00625705  0.00764443   -0.00580114  0.00000000    0.24431273  0.00000000

     Dynamical  Matrix in cartesian axes

     q = (   -0.750000000  -0.750000000   0.250000000 ) 

    1    1
  0.24431273  0.00000000    0.00580114  0.00000000   -0.00625705 -0.00764443
  0.00580114  0.00000000    0.24431273  0.00000000   -0.00625705 -0.00764443
 -0.00625705  0.00764443   -0.00625705  0.00764443    0.29542406  0.00000000
    1    2
 -0.06000756 -0.06110652   -0.04074982  0.13370012   -0.04039517 -0.04276458
 -0.04074982  0.13370012   -0.06000756 -0.06110652   -0.04039517 -0.04276458
 -0.04039517 -0.04276458   -0.04039517 -0.04276458   -0.05840601 -0.07956111
    2    1
 -0.06000756  0.06110652   -0.04074982 -0.13370012   -0.04039517  0.04276458
 -0.04074982 -0.13370012   -0.06000756  0.06110652   -0.04039517  0.04276458
 -0.04039517  0.04276458   -0.04039517  0.04276458   -0.05840601  0.07956111
    2    2
  0.24431273  0.00000000    0.00580114  0.00000000   -0.00625705  0.00764443
  0.00580114  0.00000000    0.24431273  0.00000000   -0.00625705  0.00764443
 -0.00625705 -0.00764443   -0.00625705 -0.00764443    0.29542406  0.00000000

     Dynamical  Matrix in cartesian axes

     q = (    0.250000000   0.750000000   0.750000000 ) 

    1    1
  0.29542406  0.00000000    0.00625705 -0.00764443    0.00625705 -0.00764443
  0.00625705  0.00764443    0.24431273  0.00000000    0.00580114  0.00000000
  0.00625705  0.00764443    0.00580114  0.00000000    0.24431273  0.00000000
    1    2
  0.07956111 -0.05840601   -0.04276458  0.04039517   -0.04276458  0.04039517
 -0.04276458  0.04039517    0.06110652 -0.06000756   -0.13370012 -0.04074982
 -0.04276458  0.04039517   -0.13370012 -0.04074982    0.06110652 -0.06000756
    2    1
  0.07956111  0.05840601   -0.04276458 -0.04039517   -0.04276458 -0.04039517
 -0.04276458 -0.04039517    0.06110652  0.06000756   -0.13370012  0.04074982
 -0.04276458 -0.04039517   -0.13370012  0.04074982    0.06110652  0.06000756
    2    2
  0.29542406  0.00000000    0.00625705  0.00764443    0.00625705  0.00764443
  0.00625705 -0.00764443    0.24431273  0.00000000    0.00580114  0.00000000
  0.00625705 -0.00764443    0.00580114  0.00000000    0.24431273  0.00000000

     Dynamical  Matrix in cartesian axes

     q = (   -0.250000000  -0.750000000   0.750000000 ) 

    1    1
  0.29542406  0.00000000    0.00625705 -0.00764443   -0.00625705  0.00764443
  0.00625705  0.00764443    0.24431273  0.00000000   -0.00580114  0.00000000
 -0.00625705 -0.00764443   -0.00580114  0.00000000    0.24431273  0.00000000
    1    2
 -0.07956111  0.05840601    0.04276458 -0.04039517   -0.04276458  0.04039517
  0.04276458 -0.04039517   -0.06110652  0.06000756   -0.13370012 -0.04074982
 -0.04276458  0.04039517   -0.13370012 -0.04074982   -0.06110652  0.06000756
    2    1
 -0.07956111 -0.05840601    0.04276458  0.04039517   -0.04276458 -0.04039517
  0.04276458  0.04039517   -0.06110652 -0.06000756   -0.13370012  0.04074982
 -0.04276458 -0.04039517   -0.13370012  0.04074982   -0.06110652 -0.06000756
    2    2
  0.29542406  0.00000000    0.00625705  0.00764443   -0.00625705 -0.00764443
  0.00625705 -0.00764443    0.24431273  0.00000000   -0.00580114  0.00000000
 -0.00625705  0.00764443   -0.00580114  0.00000000    0.24431273  0.00000000

     Dynamical  Matrix in cartesian axes

     q = (    0.750000000   0.750000000   0.250000000 ) 

    1    1
  0.24431273  0.00000000    0.00580114  0.00000000    0.00625705  0.00764443
  0.00580114  0.00000000    0.24431273  0.00000000    0.00625705  0.00764443
  0.00625705 -0.00764443    0.00625705 -0.00764443    0.29542406  0.00000000
    1    2
  0.06110652 -0.06000756   -0.13370012 -0.04074982   -0.04276458  0.04039517
 -0.13370012 -0.04074982    0.06110652 -0.06000756   -0.04276458  0.04039517
 -0.04276458  0.04039517   -0.04276458  0.04039517    0.07956111 -0.05840601
    2    1
  0.06110652  0.06000756   -0.13370012  0.04074982   -0.04276458 -0.04039517
 -0.13370012  0.04074982    0.06110652  0.06000756   -0.04276458 -0.04039517
 -0.04276458 -0.04039517   -0.04276458 -0.04039517    0.07956111  0.05840601
    2    2
  0.24431273  0.00000000    0.00580114  0.00000000    0.00625705 -0.00764443
  0.00580114  0.00000000    0.24431273  0.00000000    0.00625705 -0.00764443
  0.00625705  0.00764443    0.00625705  0.00764443    0.29542406  0.00000000

     Dynamical  Matrix in cartesian axes

     q = (    0.250000000  -0.750000000  -0.750000000 ) 

    1    1
  0.29542406  0.00000000   -0.00625705  0.00764443   -0.00625705  0.00764443
 -0.00625705 -0.00764443    0.24431273  0.00000000    0.00580114  0.00000000
 -0.00625705 -0.00764443    0.00580114  0.00000000    0.24431273  0.00000000
    1    2
 -0.05840601 -0.07956111   -0.04039517 -0.04276458   -0.04039517 -0.04276458
 -0.04039517 -0.04276458   -0.06000756 -0.06110652   -0.04074982  0.13370012
 -0.04039517 -0.04276458   -0.04074982  0.13370012   -0.06000756 -0.06110652
    2    1
 -0.05840601  0.07956111   -0.04039517  0.04276458   -0.04039517  0.04276458
 -0.04039517  0.04276458   -0.06000756  0.06110652   -0.04074982 -0.13370012
 -0.04039517  0.04276458   -0.04074982 -0.13370012   -0.06000756  0.06110652
    2    2
  0.29542406  0.00000000   -0.00625705 -0.00764443   -0.00625705 -0.00764443
 -0.00625705  0.00764443    0.24431273  0.00000000    0.00580114  0.00000000
 -0.00625705  0.00764443    0.00580114  0.00000000    0.24431273  0.00000000

     Dynamical  Matrix in cartesian axes

     q = (    0.750000000  -0.750000000  -0.250000000 ) 

    1    1
  0.24431273  0.00000000   -0.00580114  0.00000000   -0.00625705 -0.00764443
 -0.00580114  0.00000000    0.24431273  0.00000000    0.00625705  0.00764443
 -0.00625705  0.00764443    0.00625705 -0.00764443    0.29542406  0.00000000
    1    2
 -0.06110652  0.06000756   -0.13370012 -0.04074982   -0.04276458  0.04039517
 -0.13370012 -0.04074982   -0.06110652  0.06000756    0.04276458 -0.04039517
 -0.04276458  0.04039517    0.04276458 -0.04039517   -0.07956111  0.05840601
    2    1
 -0.06110652 -0.06000756   -0.13370012  0.04074982   -0.04276458 -0.04039517
 -0.13370012  0.04074982   -0.06110652 -0.06000756    0.04276458  0.04039517
 -0.04276458 -0.04039517    0.04276458  0.04039517   -0.07956111 -0.05840601
    2    2
  0.24431273  0.00000000   -0.00580114  0.00000000   -0.00625705  0.00764443
 -0.00580114  0.00000000    0.24431273  0.00000000    0.00625705 -0.00764443
 -0.00625705 -0.00764443    0.00625705  0.00764443    0.29542406  0.00000000

     Diagonalizing the dynamical matrix

     q = (    0.750000000  -0.250000000   0.750000000 ) 

 **************************************************************************
     freq (    1) =       4.251680 [THz] =     141.820774 [cm-1]
 (  0.049188 -0.497575 -0.000000 -0.000000 -0.049188  0.497575 ) 
 (  0.500000 -0.000000 -0.000000 -0.000000 -0.500000  0.000000 ) 
     freq (    2) =       5.885554 [THz] =     196.320938 [cm-1]
 ( -0.391129 -0.160656 -0.344485  0.154097 -0.391129 -0.160656 ) 
 ( -0.422838  0.000000 -0.260102 -0.273427 -0.422838  0.000000 ) 
     freq (    3) =       9.338877 [THz] =     311.511414 [cm-1]
 (  0.112580 -0.290346  0.383793  0.398437  0.112580 -0.290346 ) 
 ( -0.311409 -0.000000  0.232740  0.501878 -0.311409  0.000000 ) 
     freq (    4) =      12.037324 [THz] =     401.521911 [cm-1]
 (  0.084491  0.318835 -0.403875 -0.345391  0.084491  0.318835 ) 
 ( -0.329840 -0.000000  0.437323  0.301925 -0.329840  0.000000 ) 
     freq (    5) =      13.550142 [THz] =     451.984085 [cm-1]
 (  0.049188 -0.497575  0.000000 -0.000000 -0.049188  0.497575 ) 
 ( -0.500000 -0.000000 -0.000000 -0.000000  0.500000  0.000000 ) 
     freq (    6) =      13.948123 [THz] =     465.259289 [cm-1]
 ( -0.301556 -0.156531 -0.469033  0.221658 -0.301556 -0.156531 ) 
 (  0.339761  0.000000  0.314171  0.412821  0.339761 -0.000000 ) 
 **************************************************************************
