Dynamical matrix file
                                                                           
  1    2  2 10.3600000  0.0000000  0.0000000  0.0000000  0.0000000  0.0000000
           1  'Si  '    25598.822984527003     
    1    1      0.0000000000      0.0000000000      0.0000000000
    2    1      0.2500000000      0.2500000000      0.2500000000

     Dynamical  Matrix in cartesian axes

     q = (    0.750000000  -0.250000000   0.750000000 ) 

    1    1
  0.24136163  0.00000000   -0.00617518  0.00758966    0.00569185  0.00000000
 -0.00617518 -0.00758966    0.29221368  0.00000000   -0.00617518 -0.00758966
  0.00569185  0.00000000   -0.00617518  0.00758966    0.24136163  0.00000000
    1    2
 -0.05932377  0.06040894   -0.03953508  0.04186441   -0.03987432 -0.13096088
 -0.03953508  0.04186441   -0.05775724  0.07885242   -0.03953508  0.04186441
 -0.03987432 -0.13096088   -0.03953508  0.04186441   -0.05932377  0.06040894
    2    1
 -0.05932377 -0.06040894   -0.03953508 -0.04186441   -0.03987432  0.13096088
 -0.03953508 -0.04186441   -0.05775724 -0.07885242   -0.03953508 -0.04186441
 -0.03987432  0.13096088   -0.03953508 -0.04186441   -0.05932377 -0.06040894
    2    2
  0.24136163  0.00000000   -0.00617518 -0.00758966    0.00569185  0.00000000
 -0.00617518  0.00758966    0.29221368  0.00000000   -0.00617518  0.00758966
  0.00569185  0.00000000   -0.00617518 -0.00758966    0.24136163  0.00000000

     Dynamical  Matrix in cartesian axes

     q = (    0.750000000  -0.250000000  -0.750000000 ) 

    1    1
  0.24136163  0.00000000   -0.00617518 -0.00758966   -0.00569185  0.00000000
 -0.00617518  0.00758966    0.29221368  0.00000000    0.00617518 -0.00758966
 -0.00569185  0.00000000    0.00617518  0.00758966    0.24136163  0.00000000
    1    2
 -0.06040894  0.05932377   -0.04186441  0.03953508   -0.13096088 -0.03987432
 -0.04186441  0.03953508   -0.07885242  0.05775724    0.04186441 -0.03953508
 -0.13096088 -0.03987432    0.04186441 -0.03953508   -0.06040894  0.05932377
    2    1
 -0.06040894 -0.05932377   -0.04186441 -0.03953508   -0.13096088  0.03987432
 -0.04186441 -0.03953508   -0.07885242 -0.05775724    0.04186441  0.03953508
 -0.13096088  0.03987432    0.04186441  0.03953508   -0.06040894 -0.05932377
    2    2
  0.24136163  0.00000000   -0.00617518  0.00758966   -0.00569185  0.00000000
 -0.00617518 -0.00758966    0.29221368  0.00000000    0.00617518  0.00758966
 -0.00569185  0.00000000    0.00617518 -0.00758966    0.24136163  0.00000000

     Dynamical  Matrix in cartesian axes

     q = (   -0.750000000  -0.250000000  -0.750000000 ) 

    1    1
  0.24136163  0.00000000    0.00617518 -0.00758966    0.00569185  0.00000000
  0.00617518  0.00758966    0.29221368  0.00000000    0.00617518  0.00758966
  0.00569185  0.00000000    0.00617518 -0.00758966    0.24136163  0.00000000
    1    2
  0.06040894  0.05932377   -0.04186441 -0.03953508   -0.13096088  0.03987432
 -0.04186441 -0.03953508    0.07885242  0.05775724   -0.04186441 -0.03953508
 -0.13096088  0.03987432   -0.04186441 -0.03953508    0.06040894  0.05932377
    2    1
  0.06040894 -0.05932377   -0.04186441  0.03953508   -0.13096088 -0.03987432
 -0.04186441  0.03953508    0.07885242 -0.05775724   -0.04186441  0.03953508
 -0.13096088 -0.03987432   -0.04186441  0.03953508    0.06040894 -0.05932377
    2    2
  0.24136163  0.00000000    0.00617518  0.00758966    0.00569185  0.00000000
  0.00617518 -0.00758966    0.29221368  0.00000000    0.00617518 -0.00758966
  0.00569185  0.00000000    0.00617518  0.00758966    0.24136163  0.00000000

     Dynamical  Matrix in cartesian axes

     q = (   -0.750000000  -0.250000000   0.750000000 ) 

    1    1
  0.24136163  0.00000000    0.00617518  0.00758966   -0.00569185  0.00000000
  0.00617518 -0.00758966    0.29221368  0.00000000   -0.00617518  0.00758966
 -0.00569185  0.00000000   -0.00617518 -0.00758966    0.24136163  0.00000000
    1    2
 -0.06040894  0.05932377    0.04186441 -0.03953508   -0.13096088 -0.03987432
  0.04186441 -0.03953508   -0.07885242  0.05775724   -0.04186441  0.03953508
 -0.13096088 -0.03987432   -0.04186441  0.03953508   -0.06040894  0.05932377
    2    1
 -0.06040894 -0.05932377    0.04186441  0.03953508   -0.13096088  0.03987432
  0.04186441  0.03953508   -0.07885242 -0.05775724   -0.04186441 -0.03953508
 -0.13096088  0.03987432   -0.04186441 -0.03953508   -0.06040894 -0.05932377
    2    2
  0.24136163  0.00000000    0.00617518 -0.00758966   -0.00569185  0.00000000
  0.00617518  0.00758966    0.29221368  0.00000000   -0.00617518 -0.00758966
 -0.00569185  0.00000000   -0.00617518  0.00758966    0.24136163  0.00000000

     Dynamical  Matrix in cartesian axes

     q = (   -0.750000000   0.250000000  -0.750000000 ) 

    1    1
  0.24136163  0.00000000   -0.00617518 -0.00758966    0.00569185  0.00000000
 -0.00617518  0.00758966    0.29221368  0.00000000   -0.00617518  0.00758966
  0.00569185  0.00000000   -0.00617518 -0.00758966    0.24136163  0.00000000
    1    2
 -0.05932377 -0.06040894   -0.03953508 -0.04186441   -0.03987432  0.13096088
 -0.03953508 -0.04186441   -0.05775724 -0.07885242   -0.03953508 -0.04186441
 -0.03987432  0.13096088   -0.03953508 -0.04186441   -0.05932377 -0.06040894
    2    1
 -0.05932377  0.06040894   -0.03953508  0.04186441   -0.03987432 -0.13096088
 -0.03953508  0.04186441   -0.05775724  0.07885242   -0.03953508  0.04186441
 -0.03987432 -0.13096088   -0.03953508  0.04186441   -0.05932377  0.06040894
    2    2
  0.24136163  0.00000000   -0.00617518  0.00758966    0.00569185  0.00000000
 -0.00617518 -0.00758966    0.29221368  0.00000000   -0.00617518 -0.00758966
  0.00569185  0.00000000   -0.00617518  0.00758966    0.24136163  0.00000000

     Dynamical  Matrix in cartesian axes

     q = (   -0.250000000   0.750000000  -0.750000000 ) 

    1    1
  0.29221368  0.00000000   -0.00617518  0.00758966    0.00617518 -0.00758966
 -0.00617518 -0.00758966    0.24136163  0.00000000   -0.00569185  0.00000000
  0.00617518  0.00758966   -0.00569185  0.00000000    0.24136163  0.00000000
    1    2
 -0.07885242  0.05775724   -0.04186441  0.03953508    0.04186441 -0.03953508
 -0.04186441  0.03953508   -0.06040894  0.05932377   -0.13096088 -0.03987432
  0.04186441 -0.03953508   -0.13096088 -0.03987432   -0.06040894  0.05932377
    2    1
 -0.07885242 -0.05775724   -0.04186441 -0.03953508    0.04186441  0.03953508
 -0.04186441 -0.03953508   -0.06040894 -0.05932377   -0.13096088  0.03987432
  0.04186441  0.03953508   -0.13096088  0.03987432   -0.06040894 -0.05932377
    2    2
  0.29221368  0.00000000   -0.00617518 -0.00758966    0.00617518  0.00758966
 -0.00617518  0.00758966    0.24136163  0.00000000   -0.00569185  0.00000000
  0.00617518 -0.00758966   -0.00569185  0.00000000    0.24136163  0.00000000

     Dynamical  Matrix in cartesian axes

     q = (   -0.750000000   0.750000000  -0.250000000 ) 

    1    1
  0.24136163  0.00000000   -0.00569185  0.00000000    0.00617518  0.00758966
 -0.00569185  0.00000000    0.24136163  0.00000000   -0.00617518 -0.00758966
  0.00617518 -0.00758966   -0.00617518  0.00758966    0.29221368  0.00000000
    1    2
 -0.06040894  0.05932377   -0.13096088 -0.03987432    0.04186441 -0.03953508
 -0.13096088 -0.03987432   -0.06040894  0.05932377   -0.04186441  0.03953508
  0.04186441 -0.03953508   -0.04186441  0.03953508   -0.07885242  0.05775724
    2    1
 -0.06040894 -0.05932377   -0.13096088  0.03987432    0.04186441  0.03953508
 -0.13096088  0.03987432   -0.06040894 -0.05932377   -0.04186441 -0.03953508
  0.04186441  0.03953508   -0.04186441 -0.03953508   -0.07885242 -0.05775724
    2    2
  0.24136163  0.00000000   -0.00569185  0.00000000    0.00617518 -0.00758966
 -0.00569185  0.00000000    0.24136163  0.00000000   -0.00617518  0.00758966
  0.00617518  0.00758966   -0.00617518 -0.00758966    0.29221368  0.00000000

     Dynamical  Matrix in cartesian axes

     q = (    0.750000000   0.250000000   0.750000000 ) 

    1    1
  0.24136163  0.00000000    0.00617518  0.00758966    0.00569185  0.00000000
  0.00617518 -0.00758966    0.29221368  0.00000000    0.00617518 -0.00758966
  0.00569185  0.00000000    0.00617518  0.00758966    0.24136163  0.00000000
    1    2
  0.06040894 -0.05932377   -0.04186441  0.03953508   -0.13096088 -0.03987432
 -0.04186441  0.03953508    0.07885242 -0.05775724   -0.04186441  0.03953508
 -0.13096088 -0.03987432   -0.04186441  0.03953508    0.06040894 -0.05932377
    2    1
  0.06040894  0.05932377   -0.04186441 -0.03953508   -0.13096088  0.03987432
 -0.04186441 -0.03953508    0.07885242  0.05775724   -0.04186441 -0.03953508
 -0.13096088  0.03987432   -0.04186441 -0.03953508    0.06040894  0.05932377
    2    2
  0.24136163  0.00000000    0.00617518 -0.00758966    0.00569185  0.00000000
  0.00617518  0.00758966    0.29221368  0.00000000    0.00617518  0.00758966
  0.00569185  0.00000000    0.00617518 -0.00758966    0.24136163  0.00000000

     Dynamical  Matrix in cartesian axes

     q = (   -0.750000000   0.250000000   0.750000000 ) 

    1    1
  0.24136163  0.00000000   -0.00617518  0.00758966   -0.00569185  0.00000000
 -0.00617518 -0.00758966    0.29221368  0.00000000    0.00617518  0.00758966
 -0.00569185  0.00000000    0.00617518 -0.00758966    0.24136163  0.00000000
    1    2
 -0.06040894 -0.05932377   -0.04186441 -0.03953508   -0.13096088  0.03987432
 -0.04186441 -0.03953508   -0.07885242 -0.05775724    0.04186441  0.03953508
 -0.13096088  0.03987432    0.04186441  0.03953508   -0.06040894 -0.05932377
    2    1
 -0.06040894  0.05932377   -0.04186441  0.03953508   -0.13096088 -0.03987432
 -0.04186441  0.03953508   -0.07885242  0.05775724    0.04186441 -0.03953508
 -0.13096088 -0.03987432    0.04186441 -0.03953508   -0.06040894  0.05932377
    2    2
  0.24136163  0.00000000   -0.00617518 -0.00758966   -0.00569185  0.00000000
 -0.00617518  0.00758966    0.29221368  0.00000000    0.00617518 -0.00758966
 -0.00569185  0.00000000    0.00617518  0.00758966    0.24136163  0.00000000

     Dynamical  Matrix in cartesian axes

     q = (    0.750000000   0.250000000  -0.750000000 ) 

    1    1
  0.24136163  0.00000000    0.00617518 -0.00758966   -0.00569185  0.00000000
  0.00617518  0.00758966    0.29221368  0.00000000   -0.00617518 -0.00758966
 -0.00569185  0.00000000   -0.00617518  0.00758966    0.24136163  0.00000000
    1    2
 -0.06040894 -0.05932377    0.04186441  0.03953508   -0.13096088  0.03987432
  0.04186441  0.03953508   -0.07885242 -0.05775724   -0.04186441 -0.03953508
 -0.13096088  0.03987432   -0.04186441 -0.03953508   -0.06040894 -0.05932377
    2    1
 -0.06040894  0.05932377    0.04186441 -0.03953508   -0.13096088 -0.03987432
  0.04186441 -0.03953508   -0.07885242  0.05775724   -0.04186441  0.03953508
 -0.13096088 -0.03987432   -0.04186441  0.03953508   -0.06040894  0.05932377
    2    2
  0.24136163  0.00000000    0.00617518  0.00758966   -0.00569185  0.00000000
  0.00617518 -0.00758966    0.29221368  0.00000000   -0.00617518  0.00758966
 -0.00569185  0.00000000   -0.00617518 -0.00758966    0.24136163  0.00000000

     Dynamical  Matrix in cartesian axes

     q = (   -0.750000000   0.750000000   0.250000000 ) 

    1    1
  0.24136163  0.00000000   -0.00569185  0.00000000   -0.00617518  0.00758966
 -0.00569185  0.00000000    0.24136163  0.00000000    0.00617518 -0.00758966
 -0.00617518 -0.00758966    0.00617518  0.00758966    0.29221368  0.00000000
    1    2
 -0.06040894 -0.05932377   -0.13096088  0.03987432   -0.04186441 -0.03953508
 -0.13096088  0.03987432   -0.06040894 -0.05932377    0.04186441  0.03953508
 -0.04186441 -0.03953508    0.04186441  0.03953508   -0.07885242 -0.05775724
    2    1
 -0.06040894  0.05932377   -0.13096088 -0.03987432   -0.04186441  0.03953508
 -0.13096088 -0.03987432   -0.06040894  0.05932377    0.04186441 -0.03953508
 -0.04186441  0.03953508    0.04186441 -0.03953508   -0.07885242  0.05775724
    2    2
  0.24136163  0.00000000   -0.00569185  0.00000000   -0.00617518 -0.00758966
 -0.00569185  0.00000000    0.24136163  0.00000000    0.00617518  0.00758966
 -0.00617518  0.00758966    0.00617518 -0.00758966    0.29221368  0.00000000

     Dynamical  Matrix in cartesian axes

     q = (   -0.250000000   0.750000000   0.750000000 ) 

    1    1
  0.29221368  0.00000000   -0.00617518 -0.00758966   -0.00617518 -0.00758966
 -0.00617518  0.00758966    0.24136163  0.00000000    0.00569185  0.00000000
 -0.00617518  0.00758966    0.00569185  0.00000000    0.24136163  0.00000000
    1    2
 -0.05775724  0.07885242   -0.03953508  0.04186441   -0.03953508  0.04186441
 -0.03953508  0.04186441   -0.05932377  0.06040894   -0.03987432 -0.13096088
 -0.03953508  0.04186441   -0.03987432 -0.13096088   -0.05932377  0.06040894
    2    1
 -0.05775724 -0.07885242   -0.03953508 -0.04186441   -0.03953508 -0.04186441
 -0.03953508 -0.04186441   -0.05932377 -0.06040894   -0.03987432  0.13096088
 -0.03953508 -0.04186441   -0.03987432  0.13096088   -0.05932377 -0.06040894
    2    2
  0.29221368  0.00000000   -0.00617518  0.00758966   -0.00617518  0.00758966
 -0.00617518 -0.00758966    0.24136163  0.00000000    0.00569185  0.00000000
 -0.00617518 -0.00758966    0.00569185  0.00000000    0.24136163  0.00000000

     Dynamical  Matrix in cartesian axes

     q = (    0.250000000   0.750000000  -0.750000000 ) 

    1    1
  0.29221368  0.00000000    0.00617518  0.00758966   -0.00617518 -0.00758966
  0.00617518 -0.00758966    0.24136163  0.00000000   -0.00569185  0.00000000
 -0.00617518  0.00758966   -0.00569185  0.00000000    0.24136163  0.00000000
    1    2
 -0.07885242 -0.05775724    0.04186441  0.03953508   -0.04186441 -0.03953508
  0.04186441  0.03953508   -0.06040894 -0.05932377   -0.13096088  0.03987432
 -0.04186441 -0.03953508   -0.13096088  0.03987432   -0.06040894 -0.05932377
    2    1
 -0.07885242  0.05775724    0.04186441 -0.03953508   -0.04186441  0.03953508
  0.04186441 -0.03953508   -0.06040894  0.05932377   -0.13096088 -0.03987432
 -0.04186441  0.03953508   -0.13096088 -0.03987432   -0.06040894  0.05932377
    2    2
  0.29221368  0.00000000    0.00617518 -0.00758966   -0.00617518  0.00758966
  0.00617518  0.00758966    0.24136163  0.00000000   -0.00569185  0.00000000
 -0.00617518 -0.00758966   -0.00569185  0.00000000    0.24136163  0.00000000

     Dynamical  Matrix in cartesian axes

     q = (   -0.250000000  -0.750000000  -0.750000000 ) 

    1    1
  0.29221368  0.00000000    0.00617518  0.00758966    0.00617518  0.00758966
  0.00617518 -0.00758966    0.24136163  0.00000000    0.00569185  0.00000000
  0.00617518 -0.00758966    0.00569185  0.00000000    0.24136163  0.00000000
    1    2
  0.07885242  0.05775724   -0.04186441 -0.03953508   -0.04186441 -0.03953508
 -0.04186441 -0.03953508    0.06040894  0.05932377   -0.13096088  0.03987432
 -0.04186441 -0.03953508   -0.13096088  0.03987432    0.06040894  0.05932377
    2    1
  0.07885242 -0.05775724   -0.04186441  0.03953508   -0.04186441  0.03953508
 -0.04186441  0.03953508    0.06040894 -0.05932377   -0.13096088 -0.03987432
 -0.04186441  0.03953508   -0.13096088 -0.03987432    0.06040894 -0.05932377
    2    2
  0.29221368  0.00000000    0.00617518 -0.00758966    0.00617518 -0.00758966
  0.00617518  0.00758966    0.24136163  0.00000000    0.00569185  0.00000000
  0.00617518  0.00758966    0.00569185  0.00000000    0.24136163  0.00000000

     Dynamical  Matrix in cartesian axes

     q = (    0.750000000   0.750000000  -0.250000000 ) 

    1    1
  0.24136163  0.00000000    0.00569185  0.00000000   -0.00617518  0.00758966
  0.00569185  0.00000000    0.24136163  0.00000000   -0.00617518  0.00758966
 -0.00617518 -0.00758966   -0.00617518 -0.00758966    0.29221368  0.00000000
    1    2
 -0.05932377  0.06040894   -0.03987432 -0.13096088   -0.03953508  0.04186441
 -0.03987432 -0.13096088   -0.05932377  0.06040894   -0.03953508  0.04186441
 -0.03953508  0.04186441   -0.03953508  0.04186441   -0.05775724  0.07885242
    2    1
 -0.05932377 -0.06040894   -0.03987432  0.13096088   -0.03953508 -0.04186441
 -0.03987432  0.13096088   -0.05932377 -0.06040894   -0.03953508 -0.04186441
 -0.03953508 -0.04186441   -0.03953508 -0.04186441   -0.05775724 -0.07885242
    2    2
  0.24136163  0.00000000    0.00569185  0.00000000   -0.00617518 -0.00758966
  0.00569185  0.00000000    0.24136163  0.00000000   -0.00617518 -0.00758966
 -0.00617518  0.00758966   -0.00617518  0.00758966    0.29221368  0.00000000

     Dynamical  Matrix in cartesian axes

     q = (    0.750000000  -0.750000000   0.250000000 ) 

    1    1
  0.24136163  0.00000000   -0.00569185  0.00000000    0.00617518 -0.00758966
 -0.00569185  0.00000000    0.24136163  0.00000000   -0.00617518  0.00758966
  0.00617518  0.00758966   -0.00617518 -0.00758966    0.29221368  0.00000000
    1    2
 -0.06040894 -0.05932377   -0.13096088  0.03987432    0.04186441  0.03953508
 -0.13096088  0.03987432   -0.06040894 -0.05932377   -0.04186441 -0.03953508
  0.04186441  0.03953508   -0.04186441 -0.03953508   -0.07885242 -0.05775724
    2    1
 -0.06040894  0.05932377   -0.13096088 -0.03987432    0.04186441 -0.03953508
 -0.13096088 -0.03987432   -0.06040894  0.05932377   -0.04186441  0.03953508
  0.04186441 -0.03953508   -0.04186441  0.03953508   -0.07885242  0.05775724
    2    2
  0.24136163  0.00000000   -0.00569185  0.00000000    0.00617518  0.00758966
 -0.00569185  0.00000000    0.24136163  0.00000000   -0.00617518 -0.00758966
  0.00617518 -0.00758966   -0.00617518  0.00758966    0.29221368  0.00000000

     Dynamical  Matrix in cartesian axes

     q = (   -0.750000000  -0.750000000  -0.250000000 ) 

    1    1
  0.24136163  0.00000000    0.00569185  0.00000000    0.00617518 -0.00758966
  0.00569185  0.00000000    0.24136163  0.00000000    0.00617518 -0.00758966
  0.00617518  0.00758966    0.00617518  0.00758966    0.29221368  0.00000000
    1    2
  0.06040894  0.05932377   -0.13096088  0.03987432   -0.04186441 -0.03953508
 -0.13096088  0.03987432    0.06040894  0.05932377   -0.04186441 -0.03953508
 -0.04186441 -0.03953508   -0.04186441 -0.03953508    0.07885242  0.05775724
    2    1
  0.06040894 -0.05932377   -0.13096088 -0.03987432   -0.04186441  0.03953508
 -0.13096088 -0.03987432    0.06040894 -0.05932377   -0.04186441  0.03953508
 -0.04186441  0.03953508   -0.04186441  0.03953508    0.07885242 -0.05775724
    2    2
  0.24136163  0.00000000    0.00569185  0.00000000    0.00617518  0.00758966
  0.00569185  0.00000000    0.24136163  0.00000000    0.00617518  0.00758966
  0.00617518 -0.00758966    0.00617518 -0.00758966    0.29221368  0.00000000

     Dynamical  Matrix in cartesian axes

     q = (    0.250000000  -0.750000000   0.750000000 ) 

    1    1
  0.29221368  0.00000000   -0.00617518 -0.00758966    0.00617518  0.00758966
 -0.00617518  0.00758966    0.24136163  0.00000000   -0.00569185  0.00000000
  0.00617518 -0.00758966   -0.00569185  0.00000000    0.24136163  0.00000000
    1    2
 -0.07885242 -0.05775724   -0.04186441 -0.03953508    0.04186441  0.03953508
 -0.04186441 -0.03953508   -0.06040894 -0.05932377   -0.13096088  0.03987432
  0.04186441  0.03953508   -0.13096088  0.03987432   -0.06040894 -0.05932377
    2    1
 -0.07885242  0.05775724   -0.04186441  0.03953508    0.04186441 -0.03953508
 -0.04186441  0.03953508   -0.06040894  0.05932377   -0.13096088 -0.03987432
  0.04186441 -0.03953508   -0.13096088 -0.03987432   -0.06040894  0.05932377
    2    2
  0.29221368  0.00000000   -0.00617518  0.00758966    0.00617518 -0.00758966
 -0.00617518 -0.00758966    0.24136163  0.00000000   -0.00569185  0.00000000
  0.00617518  0.00758966   -0.00569185  0.00000000    0.24136163  0.00000000

     Dynamical  Matrix in cartesian axes

     q = (   -0.750000000  -0.750000000   0.250000000 ) 

    1    1
  0.24136163  0.00000000    0.00569185  0.00000000   -0.00617518 -0.00758966
  0.00569185  0.00000000    0.24136163  0.00000000   -0.00617518 -0.00758966
 -0.00617518  0.00758966   -0.00617518  0.00758966    0.29221368  0.00000000
    1    2
 -0.05932377 -0.06040894   -0.03987432  0.13096088   -0.03953508 -0.04186441
 -0.03987432  0.13096088   -0.05932377 -0.06040894   -0.03953508 -0.04186441
 -0.03953508 -0.04186441   -0.03953508 -0.04186441   -0.05775724 -0.07885242
    2    1
 -0.05932377  0.06040894   -0.03987432 -0.13096088   -0.03953508  0.04186441
 -0.03987432 -0.13096088   -0.05932377  0.06040894   -0.03953508  0.04186441
 -0.03953508  0.04186441   -0.03953508  0.04186441   -0.05775724  0.07885242
    2    2
  0.24136163  0.00000000    0.00569185  0.00000000   -0.00617518  0.00758966
  0.00569185  0.00000000    0.24136163  0.00000000   -0.00617518  0.00758966
 -0.00617518 -0.00758966   -0.00617518 -0.00758966    0.29221368  0.00000000

     Dynamical  Matrix in cartesian axes

     q = (    0.250000000   0.750000000   0.750000000 ) 

    1    1
  0.29221368  0.00000000    0.00617518 -0.00758966    0.00617518 -0.00758966
  0.00617518  0.00758966    0.24136163  0.00000000    0.00569185  0.00000000
  0.00617518  0.00758966    0.00569185  0.00000000    0.24136163  0.00000000
    1    2
  0.07885242 -0.05775724   -0.04186441  0.03953508   -0.04186441  0.03953508
 -0.04186441  0.03953508    0.06040894 -0.05932377   -0.13096088 -0.03987432
 -0.04186441  0.03953508   -0.13096088 -0.03987432    0.06040894 -0.05932377
    2    1
  0.07885242  0.05775724   -0.04186441 -0.03953508   -0.04186441 -0.03953508
 -0.04186441 -0.03953508    0.06040894  0.05932377   -0.13096088  0.03987432
 -0.04186441 -0.03953508   -0.13096088  0.03987432    0.06040894  0.05932377
    2    2
  0.29221368  0.00000000    0.00617518  0.00758966    0.00617518  0.00758966
  0.00617518 -0.00758966    0.24136163  0.00000000    0.00569185  0.00000000
  0.00617518 -0.00758966    0.00569185  0.00000000    0.24136163  0.00000000

     Dynamical  Matrix in cartesian axes

     q = (   -0.250000000  -0.750000000   0.750000000 ) 

    1    1
  0.29221368  0.00000000    0.00617518 -0.00758966   -0.00617518  0.00758966
  0.00617518  0.00758966    0.24136163  0.00000000   -0.00569185  0.00000000
 -0.00617518 -0.00758966   -0.00569185  0.00000000    0.24136163  0.00000000
    1    2
 -0.07885242  0.05775724    0.04186441 -0.03953508   -0.04186441  0.03953508
  0.04186441 -0.03953508   -0.06040894  0.05932377   -0.13096088 -0.03987432
 -0.04186441  0.03953508   -0.13096088 -0.03987432   -0.06040894  0.05932377
    2    1
 -0.07885242 -0.05775724    0.04186441  0.03953508   -0.04186441 -0.03953508
  0.04186441  0.03953508   -0.06040894 -0.05932377   -0.13096088  0.03987432
 -0.04186441 -0.03953508   -0.13096088  0.03987432   -0.06040894 -0.05932377
    2    2
  0.29221368  0.00000000    0.00617518  0.00758966   -0.00617518 -0.00758966
  0.00617518 -0.00758966    0.24136163  0.00000000   -0.00569185  0.00000000
 -0.00617518  0.00758966   -0.00569185  0.00000000    0.24136163  0.00000000

     Dynamical  Matrix in cartesian axes

     q = (    0.750000000   0.750000000   0.250000000 ) 

    1    1
  0.24136163  0.00000000    0.00569185  0.00000000    0.00617518  0.00758966
  0.00569185  0.00000000    0.24136163  0.00000000    0.00617518  0.00758966
  0.00617518 -0.00758966    0.00617518 -0.00758966    0.29221368  0.00000000
    1    2
  0.06040894 -0.05932377   -0.13096088 -0.03987432   -0.04186441  0.03953508
 -0.13096088 -0.03987432    0.06040894 -0.05932377   -0.04186441  0.03953508
 -0.04186441  0.03953508   -0.04186441  0.03953508    0.07885242 -0.05775724
    2    1
  0.06040894  0.05932377   -0.13096088  0.03987432   -0.04186441 -0.03953508
 -0.13096088  0.03987432    0.06040894  0.05932377   -0.04186441 -0.03953508
 -0.04186441 -0.03953508   -0.04186441 -0.03953508    0.07885242  0.05775724
    2    2
  0.24136163  0.00000000    0.00569185  0.00000000    0.00617518 -0.00758966
  0.00569185  0.00000000    0.24136163  0.00000000    0.00617518 -0.00758966
  0.00617518  0.00758966    0.00617518  0.00758966    0.29221368  0.00000000

     Dynamical  Matrix in cartesian axes

     q = (    0.250000000  -0.750000000  -0.750000000 ) 

    1    1
  0.29221368  0.00000000   -0.00617518  0.00758966   -0.00617518  0.00758966
 -0.00617518 -0.00758966    0.24136163  0.00000000    0.00569185  0.00000000
 -0.00617518 -0.00758966    0.00569185  0.00000000    0.24136163  0.00000000
    1    2
 -0.05775724 -0.07885242   -0.03953508 -0.04186441   -0.03953508 -0.04186441
 -0.03953508 -0.04186441   -0.05932377 -0.06040894   -0.03987432  0.13096088
 -0.03953508 -0.04186441   -0.03987432  0.13096088   -0.05932377 -0.06040894
    2    1
 -0.05775724  0.07885242   -0.03953508  0.04186441   -0.03953508  0.04186441
 -0.03953508  0.04186441   -0.05932377  0.06040894   -0.03987432 -0.13096088
 -0.03953508  0.04186441   -0.03987432 -0.13096088   -0.05932377  0.06040894
    2    2
  0.29221368  0.00000000   -0.00617518 -0.00758966   -0.00617518 -0.00758966
 -0.00617518  0.00758966    0.24136163  0.00000000    0.00569185  0.00000000
 -0.00617518  0.00758966    0.00569185  0.00000000    0.24136163  0.00000000

     Dynamical  Matrix in cartesian axes

     q = (    0.750000000  -0.750000000  -0.250000000 ) 

    1    1
  0.24136163  0.00000000   -0.00569185  0.00000000   -0.00617518 -0.00758966
 -0.00569185  0.00000000    0.24136163  0.00000000    0.00617518  0.00758966
 -0.00617518  0.00758966    0.00617518 -0.00758966    0.29221368  0.00000000
    1    2
 -0.06040894  0.05932377   -0.13096088 -0.03987432   -0.04186441  0.03953508
 -0.13096088 -0.03987432   -0.06040894  0.05932377    0.04186441 -0.03953508
 -0.04186441  0.03953508    0.04186441 -0.03953508   -0.07885242  0.05775724
    2    1
 -0.06040894 -0.05932377   -0.13096088  0.03987432   -0.04186441 -0.03953508
 -0.13096088  0.03987432   -0.06040894 -0.05932377    0.04186441  0.03953508
 -0.04186441 -0.03953508    0.04186441  0.03953508   -0.07885242 -0.05775724
    2    2
  0.24136163  0.00000000   -0.00569185  0.00000000   -0.00617518  0.00758966
 -0.00569185  0.00000000    0.24136163  0.00000000    0.00617518 -0.00758966
 -0.00617518 -0.00758966    0.00617518  0.00758966    0.29221368  0.00000000

     Diagonalizing the dynamical matrix

     q = (    0.750000000  -0.250000000   0.750000000 ) 

 **************************************************************************
     freq (    1) =       4.279371 [THz] =     142.744441 [cm-1]
 ( -0.050556  0.497438 -0.000000  0.000000  0.050556 -0.497438 ) 
 ( -0.500000  0.000000 -0.000000  0.000000  0.500000  0.000000 ) 
     freq (    2) =       5.893650 [THz] =     196.591007 [cm-1]
 ( -0.392001 -0.157759 -0.345001  0.154495 -0.392001 -0.157759 ) 
 ( -0.422555  0.000000 -0.262375 -0.272128 -0.422555  0.000000 ) 
     freq (    3) =       9.292913 [THz] =     309.978200 [cm-1]
 ( -0.108719  0.292337 -0.387808 -0.393755 -0.108719  0.292337 ) 
 (  0.311899  0.000000 -0.233880 -0.500737  0.311899  0.000000 ) 
     freq (    4) =      11.958787 [THz] =     398.902190 [cm-1]
 ( -0.091350 -0.319336  0.404645  0.340031 -0.091350 -0.319336 ) 
 (  0.332145  0.000000 -0.438208 -0.295522  0.332145  0.000000 ) 
     freq (    5) =      13.452401 [THz] =     448.723806 [cm-1]
 ( -0.050556  0.497438 -0.000000 -0.000000  0.050556 -0.497438 ) 
 (  0.500000  0.000000  0.000000  0.000000 -0.500000  0.000000 ) 
     freq (    6) =      13.852554 [THz] =     462.071449 [cm-1]
 (  0.300498  0.153450  0.471906 -0.222740  0.300498  0.153450 ) 
 ( -0.337410 -0.000000 -0.318981 -0.412989 -0.337410  0.000000 ) 
 **************************************************************************
