Dynamical matrix file
                                                                           
  1    2  2 10.3160000  0.0000000  0.0000000  0.0000000  0.0000000  0.0000000
           1  'Si  '    25598.822984527003     
    1    1      0.0000000000      0.0000000000      0.0000000000
    2    1      0.2500000000      0.2500000000      0.2500000000

     Dynamical  Matrix in cartesian axes

     q = (   -0.250000000   0.250000000  -0.250000000 ) 

    1    1
  0.27215944  0.00000000   -0.01180650  0.00000000    0.01180650  0.00000000
 -0.01180650  0.00000000    0.27215944  0.00000000   -0.01180650  0.00000000
  0.01180650  0.00000000   -0.01180650  0.00000000    0.27215944  0.00000000
    1    2
 -0.20252967 -0.05881802   -0.03890672  0.04056719    0.03890672 -0.04056719
 -0.03890672  0.04056719   -0.20252967 -0.05881802   -0.03890672  0.04056719
  0.03890672 -0.04056719   -0.03890672  0.04056719   -0.20252967 -0.05881802
    2    1
 -0.20252967  0.05881802   -0.03890672 -0.04056719    0.03890672  0.04056719
 -0.03890672 -0.04056719   -0.20252967  0.05881802   -0.03890672 -0.04056719
  0.03890672  0.04056719   -0.03890672 -0.04056719   -0.20252967  0.05881802
    2    2
  0.27215944  0.00000000   -0.01180650  0.00000000    0.01180650  0.00000000
 -0.01180650  0.00000000    0.27215944  0.00000000   -0.01180650  0.00000000
  0.01180650  0.00000000   -0.01180650  0.00000000    0.27215944  0.00000000

     Dynamical  Matrix in cartesian axes

     q = (    0.250000000  -0.250000000  -0.250000000 ) 

    1    1
  0.27215944  0.00000000   -0.01180650  0.00000000   -0.01180650  0.00000000
 -0.01180650  0.00000000    0.27215944  0.00000000    0.01180650  0.00000000
 -0.01180650  0.00000000    0.01180650  0.00000000    0.27215944  0.00000000
    1    2
 -0.20252967 -0.05881802   -0.03890672  0.04056719   -0.03890672  0.04056719
 -0.03890672  0.04056719   -0.20252967 -0.05881802    0.03890672 -0.04056719
 -0.03890672  0.04056719    0.03890672 -0.04056719   -0.20252967 -0.05881802
    2    1
 -0.20252967  0.05881802   -0.03890672 -0.04056719   -0.03890672 -0.04056719
 -0.03890672 -0.04056719   -0.20252967  0.05881802    0.03890672  0.04056719
 -0.03890672 -0.04056719    0.03890672  0.04056719   -0.20252967  0.05881802
    2    2
  0.27215944  0.00000000   -0.01180650  0.00000000   -0.01180650  0.00000000
 -0.01180650  0.00000000    0.27215944  0.00000000    0.01180650  0.00000000
 -0.01180650  0.00000000    0.01180650  0.00000000    0.27215944  0.00000000

     Dynamical  Matrix in cartesian axes

     q = (    0.250000000  -0.250000000   0.250000000 ) 

    1    1
  0.27215944  0.00000000   -0.01180650  0.00000000    0.01180650  0.00000000
 -0.01180650  0.00000000    0.27215944  0.00000000   -0.01180650  0.00000000
  0.01180650  0.00000000   -0.01180650  0.00000000    0.27215944  0.00000000
    1    2
 -0.20252967  0.05881802   -0.03890672 -0.04056719    0.03890672  0.04056719
 -0.03890672 -0.04056719   -0.20252967  0.05881802   -0.03890672 -0.04056719
  0.03890672  0.04056719   -0.03890672 -0.04056719   -0.20252967  0.05881802
    2    1
 -0.20252967 -0.05881802   -0.03890672  0.04056719    0.03890672 -0.04056719
 -0.03890672  0.04056719   -0.20252967 -0.05881802   -0.03890672  0.04056719
  0.03890672 -0.04056719   -0.03890672  0.04056719   -0.20252967 -0.05881802
    2    2
  0.27215944  0.00000000   -0.01180650  0.00000000    0.01180650  0.00000000
 -0.01180650  0.00000000    0.27215944  0.00000000   -0.01180650  0.00000000
  0.01180650  0.00000000   -0.01180650  0.00000000    0.27215944  0.00000000

     Dynamical  Matrix in cartesian axes

     q = (    0.250000000   0.250000000   0.250000000 ) 

    1    1
  0.27215944  0.00000000    0.01180650  0.00000000    0.01180650  0.00000000
  0.01180650  0.00000000    0.27215944  0.00000000    0.01180650  0.00000000
  0.01180650  0.00000000    0.01180650  0.00000000    0.27215944  0.00000000
    1    2
 -0.05881802  0.20252967   -0.04056719 -0.03890672   -0.04056719 -0.03890672
 -0.04056719 -0.03890672   -0.05881802  0.20252967   -0.04056719 -0.03890672
 -0.04056719 -0.03890672   -0.04056719 -0.03890672   -0.05881802  0.20252967
    2    1
 -0.05881802 -0.20252967   -0.04056719  0.03890672   -0.04056719  0.03890672
 -0.04056719  0.03890672   -0.05881802 -0.20252967   -0.04056719  0.03890672
 -0.04056719  0.03890672   -0.04056719  0.03890672   -0.05881802 -0.20252967
    2    2
  0.27215944  0.00000000    0.01180650  0.00000000    0.01180650  0.00000000
  0.01180650  0.00000000    0.27215944  0.00000000    0.01180650  0.00000000
  0.01180650  0.00000000    0.01180650  0.00000000    0.27215944  0.00000000

     Dynamical  Matrix in cartesian axes

     q = (   -0.250000000  -0.250000000  -0.250000000 ) 

    1    1
  0.27215944  0.00000000    0.01180650  0.00000000    0.01180650  0.00000000
  0.01180650  0.00000000    0.27215944  0.00000000    0.01180650  0.00000000
  0.01180650  0.00000000    0.01180650  0.00000000    0.27215944  0.00000000
    1    2
 -0.05881802 -0.20252967   -0.04056719  0.03890672   -0.04056719  0.03890672
 -0.04056719  0.03890672   -0.05881802 -0.20252967   -0.04056719  0.03890672
 -0.04056719  0.03890672   -0.04056719  0.03890672   -0.05881802 -0.20252967
    2    1
 -0.05881802  0.20252967   -0.04056719 -0.03890672   -0.04056719 -0.03890672
 -0.04056719 -0.03890672   -0.05881802  0.20252967   -0.04056719 -0.03890672
 -0.04056719 -0.03890672   -0.04056719 -0.03890672   -0.05881802  0.20252967
    2    2
  0.27215944  0.00000000    0.01180650  0.00000000    0.01180650  0.00000000
  0.01180650  0.00000000    0.27215944  0.00000000    0.01180650  0.00000000
  0.01180650  0.00000000    0.01180650  0.00000000    0.27215944  0.00000000

     Dynamical  Matrix in cartesian axes

     q = (   -0.250000000  -0.250000000   0.250000000 ) 

    1    1
  0.27215944  0.00000000    0.01180650  0.00000000   -0.01180650  0.00000000
  0.01180650  0.00000000    0.27215944  0.00000000   -0.01180650  0.00000000
 -0.01180650  0.00000000   -0.01180650  0.00000000    0.27215944  0.00000000
    1    2
 -0.20252967 -0.05881802    0.03890672 -0.04056719   -0.03890672  0.04056719
  0.03890672 -0.04056719   -0.20252967 -0.05881802   -0.03890672  0.04056719
 -0.03890672  0.04056719   -0.03890672  0.04056719   -0.20252967 -0.05881802
    2    1
 -0.20252967  0.05881802    0.03890672  0.04056719   -0.03890672 -0.04056719
  0.03890672  0.04056719   -0.20252967  0.05881802   -0.03890672 -0.04056719
 -0.03890672 -0.04056719   -0.03890672 -0.04056719   -0.20252967  0.05881802
    2    2
  0.27215944  0.00000000    0.01180650  0.00000000   -0.01180650  0.00000000
  0.01180650  0.00000000    0.27215944  0.00000000   -0.01180650  0.00000000
 -0.01180650  0.00000000   -0.01180650  0.00000000    0.27215944  0.00000000

     Dynamical  Matrix in cartesian axes

     q = (   -0.250000000   0.250000000   0.250000000 ) 

    1    1
  0.27215944  0.00000000   -0.01180650  0.00000000   -0.01180650  0.00000000
 -0.01180650  0.00000000    0.27215944  0.00000000    0.01180650  0.00000000
 -0.01180650  0.00000000    0.01180650  0.00000000    0.27215944  0.00000000
    1    2
 -0.20252967  0.05881802   -0.03890672 -0.04056719   -0.03890672 -0.04056719
 -0.03890672 -0.04056719   -0.20252967  0.05881802    0.03890672  0.04056719
 -0.03890672 -0.04056719    0.03890672  0.04056719   -0.20252967  0.05881802
    2    1
 -0.20252967 -0.05881802   -0.03890672  0.04056719   -0.03890672  0.04056719
 -0.03890672  0.04056719   -0.20252967 -0.05881802    0.03890672 -0.04056719
 -0.03890672  0.04056719    0.03890672 -0.04056719   -0.20252967 -0.05881802
    2    2
  0.27215944  0.00000000   -0.01180650  0.00000000   -0.01180650  0.00000000
 -0.01180650  0.00000000    0.27215944  0.00000000    0.01180650  0.00000000
 -0.01180650  0.00000000    0.01180650  0.00000000    0.27215944  0.00000000

     Dynamical  Matrix in cartesian axes

     q = (    0.250000000   0.250000000  -0.250000000 ) 

    1    1
  0.27215944  0.00000000    0.01180650  0.00000000   -0.01180650  0.00000000
  0.01180650  0.00000000    0.27215944  0.00000000   -0.01180650  0.00000000
 -0.01180650  0.00000000   -0.01180650  0.00000000    0.27215944  0.00000000
    1    2
 -0.20252967  0.05881802    0.03890672  0.04056719   -0.03890672 -0.04056719
  0.03890672  0.04056719   -0.20252967  0.05881802   -0.03890672 -0.04056719
 -0.03890672 -0.04056719   -0.03890672 -0.04056719   -0.20252967  0.05881802
    2    1
 -0.20252967 -0.05881802    0.03890672 -0.04056719   -0.03890672  0.04056719
  0.03890672 -0.04056719   -0.20252967 -0.05881802   -0.03890672  0.04056719
 -0.03890672  0.04056719   -0.03890672  0.04056719   -0.20252967 -0.05881802
    2    2
  0.27215944  0.00000000    0.01180650  0.00000000   -0.01180650  0.00000000
  0.01180650  0.00000000    0.27215944  0.00000000   -0.01180650  0.00000000
 -0.01180650  0.00000000   -0.01180650  0.00000000    0.27215944  0.00000000

     Diagonalizing the dynamical matrix

     q = (   -0.250000000   0.250000000  -0.250000000 ) 

 **************************************************************************
     freq (    1) =       2.776075 [THz] =      92.599901 [cm-1]
 ( -0.050694 -0.026126 -0.520525 -0.061642 -0.469830 -0.035516 ) 
 ( -0.052519 -0.022230 -0.523690 -0.022230 -0.471171  0.000000 ) 
     freq (    2) =       2.776075 [THz] =      92.599901 [cm-1]
 (  0.569670  0.074544  0.236956  0.049394 -0.332714 -0.025151 ) 
 (  0.573668  0.031392  0.240005  0.031392 -0.333664  0.000000 ) 
     freq (    3) =       6.767161 [THz] =     225.728206 [cm-1]
 ( -0.271607 -0.304789  0.271607  0.304789 -0.271607 -0.304789 ) 
 ( -0.408248 -0.000000  0.408248  0.000000 -0.408248  0.000000 ) 
     freq (    4) =      14.293631 [THz] =     476.784196 [cm-1]
 ( -0.271607 -0.304789  0.271607  0.304789 -0.271607 -0.304789 ) 
 (  0.408248  0.000000 -0.408248  0.000000  0.408248  0.000000 ) 
     freq (    5) =      14.575506 [THz] =     486.186541 [cm-1]
 ( -0.206261 -0.087045  0.357748 -0.044410  0.564009  0.042635 ) 
 (  0.212235  0.071250 -0.353383  0.071250 -0.565618  0.000000 ) 
     freq (    6) =      14.575506 [THz] =     486.186541 [cm-1]
 ( -0.427699  0.316680 -0.312229  0.325408  0.115471  0.008729 ) 
 (  0.402612 -0.348018  0.286812 -0.348018 -0.115800  0.000000 ) 
 **************************************************************************
