Dynamical matrix file
                                                                           
  1    2  2 10.3580000  0.0000000  0.0000000  0.0000000  0.0000000  0.0000000
           1  'Si  '    25598.822984527003     
    1    1      0.0000000000      0.0000000000      0.0000000000
    2    1      0.2500000000      0.2500000000      0.2500000000

     Dynamical  Matrix in cartesian axes

     q = (   -0.250000000   0.250000000  -0.250000000 ) 

    1    1
  0.27885350  0.00000000   -0.01071985  0.00000000    0.01071985  0.00000000
 -0.01071985  0.00000000    0.27885350  0.00000000   -0.01071985  0.00000000
  0.01071985  0.00000000   -0.01071985  0.00000000    0.27885350  0.00000000
    1    2
 -0.20402312 -0.06023402   -0.03559306  0.03638880    0.03559306 -0.03638880
 -0.03559306  0.03638880   -0.20402312 -0.06023402   -0.03559306  0.03638880
  0.03559306 -0.03638880   -0.03559306  0.03638880   -0.20402312 -0.06023402
    2    1
 -0.20402312  0.06023402   -0.03559306 -0.03638880    0.03559306  0.03638880
 -0.03559306 -0.03638880   -0.20402312  0.06023402   -0.03559306 -0.03638880
  0.03559306  0.03638880   -0.03559306 -0.03638880   -0.20402312  0.06023402
    2    2
  0.27885350  0.00000000   -0.01071985  0.00000000    0.01071985  0.00000000
 -0.01071985  0.00000000    0.27885350  0.00000000   -0.01071985  0.00000000
  0.01071985  0.00000000   -0.01071985  0.00000000    0.27885350  0.00000000

     Dynamical  Matrix in cartesian axes

     q = (    0.250000000  -0.250000000  -0.250000000 ) 

    1    1
  0.27885350  0.00000000   -0.01071985  0.00000000   -0.01071985  0.00000000
 -0.01071985  0.00000000    0.27885350  0.00000000    0.01071985  0.00000000
 -0.01071985  0.00000000    0.01071985  0.00000000    0.27885350  0.00000000
    1    2
 -0.20402312 -0.06023402   -0.03559306  0.03638880   -0.03559306  0.03638880
 -0.03559306  0.03638880   -0.20402312 -0.06023402    0.03559306 -0.03638880
 -0.03559306  0.03638880    0.03559306 -0.03638880   -0.20402312 -0.06023402
    2    1
 -0.20402312  0.06023402   -0.03559306 -0.03638880   -0.03559306 -0.03638880
 -0.03559306 -0.03638880   -0.20402312  0.06023402    0.03559306  0.03638880
 -0.03559306 -0.03638880    0.03559306  0.03638880   -0.20402312  0.06023402
    2    2
  0.27885350  0.00000000   -0.01071985  0.00000000   -0.01071985  0.00000000
 -0.01071985  0.00000000    0.27885350  0.00000000    0.01071985  0.00000000
 -0.01071985  0.00000000    0.01071985  0.00000000    0.27885350  0.00000000

     Dynamical  Matrix in cartesian axes

     q = (    0.250000000  -0.250000000   0.250000000 ) 

    1    1
  0.27885350  0.00000000   -0.01071985  0.00000000    0.01071985  0.00000000
 -0.01071985  0.00000000    0.27885350  0.00000000   -0.01071985  0.00000000
  0.01071985  0.00000000   -0.01071985  0.00000000    0.27885350  0.00000000
    1    2
 -0.20402312  0.06023402   -0.03559306 -0.03638880    0.03559306  0.03638880
 -0.03559306 -0.03638880   -0.20402312  0.06023402   -0.03559306 -0.03638880
  0.03559306  0.03638880   -0.03559306 -0.03638880   -0.20402312  0.06023402
    2    1
 -0.20402312 -0.06023402   -0.03559306  0.03638880    0.03559306 -0.03638880
 -0.03559306  0.03638880   -0.20402312 -0.06023402   -0.03559306  0.03638880
  0.03559306 -0.03638880   -0.03559306  0.03638880   -0.20402312 -0.06023402
    2    2
  0.27885350  0.00000000   -0.01071985  0.00000000    0.01071985  0.00000000
 -0.01071985  0.00000000    0.27885350  0.00000000   -0.01071985  0.00000000
  0.01071985  0.00000000   -0.01071985  0.00000000    0.27885350  0.00000000

     Dynamical  Matrix in cartesian axes

     q = (    0.250000000   0.250000000   0.250000000 ) 

    1    1
  0.27885350  0.00000000    0.01071985  0.00000000    0.01071985  0.00000000
  0.01071985  0.00000000    0.27885350  0.00000000    0.01071985  0.00000000
  0.01071985  0.00000000    0.01071985  0.00000000    0.27885350  0.00000000
    1    2
 -0.06023402  0.20402312   -0.03638880 -0.03559306   -0.03638880 -0.03559306
 -0.03638880 -0.03559306   -0.06023402  0.20402312   -0.03638880 -0.03559306
 -0.03638880 -0.03559306   -0.03638880 -0.03559306   -0.06023402  0.20402312
    2    1
 -0.06023402 -0.20402312   -0.03638880  0.03559306   -0.03638880  0.03559306
 -0.03638880  0.03559306   -0.06023402 -0.20402312   -0.03638880  0.03559306
 -0.03638880  0.03559306   -0.03638880  0.03559306   -0.06023402 -0.20402312
    2    2
  0.27885350  0.00000000    0.01071985  0.00000000    0.01071985  0.00000000
  0.01071985  0.00000000    0.27885350  0.00000000    0.01071985  0.00000000
  0.01071985  0.00000000    0.01071985  0.00000000    0.27885350  0.00000000

     Dynamical  Matrix in cartesian axes

     q = (   -0.250000000  -0.250000000  -0.250000000 ) 

    1    1
  0.27885350  0.00000000    0.01071985  0.00000000    0.01071985  0.00000000
  0.01071985  0.00000000    0.27885350  0.00000000    0.01071985  0.00000000
  0.01071985  0.00000000    0.01071985  0.00000000    0.27885350  0.00000000
    1    2
 -0.06023402 -0.20402312   -0.03638880  0.03559306   -0.03638880  0.03559306
 -0.03638880  0.03559306   -0.06023402 -0.20402312   -0.03638880  0.03559306
 -0.03638880  0.03559306   -0.03638880  0.03559306   -0.06023402 -0.20402312
    2    1
 -0.06023402  0.20402312   -0.03638880 -0.03559306   -0.03638880 -0.03559306
 -0.03638880 -0.03559306   -0.06023402  0.20402312   -0.03638880 -0.03559306
 -0.03638880 -0.03559306   -0.03638880 -0.03559306   -0.06023402  0.20402312
    2    2
  0.27885350  0.00000000    0.01071985  0.00000000    0.01071985  0.00000000
  0.01071985  0.00000000    0.27885350  0.00000000    0.01071985  0.00000000
  0.01071985  0.00000000    0.01071985  0.00000000    0.27885350  0.00000000

     Dynamical  Matrix in cartesian axes

     q = (   -0.250000000  -0.250000000   0.250000000 ) 

    1    1
  0.27885350  0.00000000    0.01071985  0.00000000   -0.01071985  0.00000000
  0.01071985  0.00000000    0.27885350  0.00000000   -0.01071985  0.00000000
 -0.01071985  0.00000000   -0.01071985  0.00000000    0.27885350  0.00000000
    1    2
 -0.20402312 -0.06023402    0.03559306 -0.03638880   -0.03559306  0.03638880
  0.03559306 -0.03638880   -0.20402312 -0.06023402   -0.03559306  0.03638880
 -0.03559306  0.03638880   -0.03559306  0.03638880   -0.20402312 -0.06023402
    2    1
 -0.20402312  0.06023402    0.03559306  0.03638880   -0.03559306 -0.03638880
  0.03559306  0.03638880   -0.20402312  0.06023402   -0.03559306 -0.03638880
 -0.03559306 -0.03638880   -0.03559306 -0.03638880   -0.20402312  0.06023402
    2    2
  0.27885350  0.00000000    0.01071985  0.00000000   -0.01071985  0.00000000
  0.01071985  0.00000000    0.27885350  0.00000000   -0.01071985  0.00000000
 -0.01071985  0.00000000   -0.01071985  0.00000000    0.27885350  0.00000000

     Dynamical  Matrix in cartesian axes

     q = (   -0.250000000   0.250000000   0.250000000 ) 

    1    1
  0.27885350  0.00000000   -0.01071985  0.00000000   -0.01071985  0.00000000
 -0.01071985  0.00000000    0.27885350  0.00000000    0.01071985  0.00000000
 -0.01071985  0.00000000    0.01071985  0.00000000    0.27885350  0.00000000
    1    2
 -0.20402312  0.06023402   -0.03559306 -0.03638880   -0.03559306 -0.03638880
 -0.03559306 -0.03638880   -0.20402312  0.06023402    0.03559306  0.03638880
 -0.03559306 -0.03638880    0.03559306  0.03638880   -0.20402312  0.06023402
    2    1
 -0.20402312 -0.06023402   -0.03559306  0.03638880   -0.03559306  0.03638880
 -0.03559306  0.03638880   -0.20402312 -0.06023402    0.03559306 -0.03638880
 -0.03559306  0.03638880    0.03559306 -0.03638880   -0.20402312 -0.06023402
    2    2
  0.27885350  0.00000000   -0.01071985  0.00000000   -0.01071985  0.00000000
 -0.01071985  0.00000000    0.27885350  0.00000000    0.01071985  0.00000000
 -0.01071985  0.00000000    0.01071985  0.00000000    0.27885350  0.00000000

     Dynamical  Matrix in cartesian axes

     q = (    0.250000000   0.250000000  -0.250000000 ) 

    1    1
  0.27885350  0.00000000    0.01071985  0.00000000   -0.01071985  0.00000000
  0.01071985  0.00000000    0.27885350  0.00000000   -0.01071985  0.00000000
 -0.01071985  0.00000000   -0.01071985  0.00000000    0.27885350  0.00000000
    1    2
 -0.20402312  0.06023402    0.03559306  0.03638880   -0.03559306 -0.03638880
  0.03559306  0.03638880   -0.20402312  0.06023402   -0.03559306 -0.03638880
 -0.03559306 -0.03638880   -0.03559306 -0.03638880   -0.20402312  0.06023402
    2    1
 -0.20402312 -0.06023402    0.03559306 -0.03638880   -0.03559306  0.03638880
  0.03559306 -0.03638880   -0.20402312 -0.06023402   -0.03559306  0.03638880
 -0.03559306  0.03638880   -0.03559306  0.03638880   -0.20402312 -0.06023402
    2    2
  0.27885350  0.00000000    0.01071985  0.00000000   -0.01071985  0.00000000
  0.01071985  0.00000000    0.27885350  0.00000000   -0.01071985  0.00000000
 -0.01071985  0.00000000   -0.01071985  0.00000000    0.27885350  0.00000000

     Diagonalizing the dynamical matrix

     q = (   -0.250000000   0.250000000  -0.250000000 ) 

 **************************************************************************
     freq (    1) =       3.399508 [THz] =     113.395368 [cm-1]
 (  0.040662  0.039956  0.513354  0.086995  0.472692  0.047040 ) 
 (  0.044419  0.035733  0.519445  0.035733  0.475026 -0.000000 ) 
     freq (    2) =       3.399508 [THz] =     113.395368 [cm-1]
 ( -0.564261 -0.108134 -0.237723 -0.075639  0.326538  0.032495 ) 
 ( -0.572196 -0.051726 -0.244044 -0.051726  0.328151  0.000000 ) 
     freq (    3) =       6.890867 [THz] =     229.854572 [cm-1]
 (  0.288485  0.288865 -0.288485 -0.288865  0.288485  0.288865 ) 
 (  0.408248  0.000000 -0.408248  0.000000  0.408248  0.000000 ) 
     freq (    4) =      14.368056 [THz] =     479.266750 [cm-1]
 (  0.288485  0.288865 -0.288485 -0.288865  0.288485  0.288865 ) 
 ( -0.408248  0.000000  0.408248 -0.000000 -0.408248  0.000000 ) 
     freq (    5) =      14.668831 [THz] =     489.299532 [cm-1]
 ( -0.480334 -0.107237  0.021215 -0.057326  0.501549  0.049911 ) 
 (  0.488592  0.059145 -0.015434  0.059145 -0.504027  0.000000 ) 
     freq (    6) =      14.668831 [THz] =     489.299532 [cm-1]
 ( -0.270801 -0.133339 -0.551003 -0.161223 -0.280202 -0.027884 ) 
 (  0.282674  0.105868  0.564260  0.105868  0.281586  0.000000 ) 
 **************************************************************************
