Dynamical matrix file
                                                                           
  1    2  2 10.3580000  0.0000000  0.0000000  0.0000000  0.0000000  0.0000000
           1  'Si  '    25598.822984527003     
    1    1      0.0000000000      0.0000000000      0.0000000000
    2    1      0.2500000000      0.2500000000      0.2500000000

     Dynamical  Matrix in cartesian axes

     q = (    0.750000000  -0.250000000   0.750000000 ) 

    1    1
  0.24140360  0.00000000   -0.00466072  0.00737039    0.00139869  0.00000000
 -0.00466072 -0.00737039    0.29688994  0.00000000   -0.00466072 -0.00737039
  0.00139869  0.00000000   -0.00466072  0.00737039    0.24140360  0.00000000
    1    2
 -0.05731528  0.06718250   -0.03537328  0.03941963   -0.04024133 -0.12805223
 -0.03537328  0.03941963   -0.05587251  0.08634034   -0.03537328  0.03941963
 -0.04024133 -0.12805223   -0.03537328  0.03941963   -0.05731528  0.06718250
    2    1
 -0.05731528 -0.06718250   -0.03537328 -0.03941963   -0.04024133  0.12805223
 -0.03537328 -0.03941963   -0.05587251 -0.08634034   -0.03537328 -0.03941963
 -0.04024133  0.12805223   -0.03537328 -0.03941963   -0.05731528 -0.06718250
    2    2
  0.24140360  0.00000000   -0.00466072 -0.00737039    0.00139869  0.00000000
 -0.00466072  0.00737039    0.29688994  0.00000000   -0.00466072  0.00737039
  0.00139869  0.00000000   -0.00466072 -0.00737039    0.24140360  0.00000000

     Dynamical  Matrix in cartesian axes

     q = (    0.750000000  -0.250000000  -0.750000000 ) 

    1    1
  0.24140360  0.00000000   -0.00466072 -0.00737039   -0.00139869  0.00000000
 -0.00466072  0.00737039    0.29688994  0.00000000    0.00466072 -0.00737039
 -0.00139869  0.00000000    0.00466072  0.00737039    0.24140360  0.00000000
    1    2
 -0.06718250  0.05731528   -0.03941963  0.03537328   -0.12805223 -0.04024133
 -0.03941963  0.03537328   -0.08634034  0.05587251    0.03941963 -0.03537328
 -0.12805223 -0.04024133    0.03941963 -0.03537328   -0.06718250  0.05731528
    2    1
 -0.06718250 -0.05731528   -0.03941963 -0.03537328   -0.12805223  0.04024133
 -0.03941963 -0.03537328   -0.08634034 -0.05587251    0.03941963  0.03537328
 -0.12805223  0.04024133    0.03941963  0.03537328   -0.06718250 -0.05731528
    2    2
  0.24140360  0.00000000   -0.00466072  0.00737039   -0.00139869  0.00000000
 -0.00466072 -0.00737039    0.29688994  0.00000000    0.00466072  0.00737039
 -0.00139869  0.00000000    0.00466072 -0.00737039    0.24140360  0.00000000

     Dynamical  Matrix in cartesian axes

     q = (   -0.750000000  -0.250000000  -0.750000000 ) 

    1    1
  0.24140360  0.00000000    0.00466072 -0.00737039    0.00139869  0.00000000
  0.00466072  0.00737039    0.29688994  0.00000000    0.00466072  0.00737039
  0.00139869  0.00000000    0.00466072 -0.00737039    0.24140360  0.00000000
    1    2
  0.06718250  0.05731528   -0.03941963 -0.03537328   -0.12805223  0.04024133
 -0.03941963 -0.03537328    0.08634034  0.05587251   -0.03941963 -0.03537328
 -0.12805223  0.04024133   -0.03941963 -0.03537328    0.06718250  0.05731528
    2    1
  0.06718250 -0.05731528   -0.03941963  0.03537328   -0.12805223 -0.04024133
 -0.03941963  0.03537328    0.08634034 -0.05587251   -0.03941963  0.03537328
 -0.12805223 -0.04024133   -0.03941963  0.03537328    0.06718250 -0.05731528
    2    2
  0.24140360  0.00000000    0.00466072  0.00737039    0.00139869  0.00000000
  0.00466072 -0.00737039    0.29688994  0.00000000    0.00466072 -0.00737039
  0.00139869  0.00000000    0.00466072  0.00737039    0.24140360  0.00000000

     Dynamical  Matrix in cartesian axes

     q = (   -0.750000000  -0.250000000   0.750000000 ) 

    1    1
  0.24140360  0.00000000    0.00466072  0.00737039   -0.00139869  0.00000000
  0.00466072 -0.00737039    0.29688994  0.00000000   -0.00466072  0.00737039
 -0.00139869  0.00000000   -0.00466072 -0.00737039    0.24140360  0.00000000
    1    2
 -0.06718250  0.05731528    0.03941963 -0.03537328   -0.12805223 -0.04024133
  0.03941963 -0.03537328   -0.08634034  0.05587251   -0.03941963  0.03537328
 -0.12805223 -0.04024133   -0.03941963  0.03537328   -0.06718250  0.05731528
    2    1
 -0.06718250 -0.05731528    0.03941963  0.03537328   -0.12805223  0.04024133
  0.03941963  0.03537328   -0.08634034 -0.05587251   -0.03941963 -0.03537328
 -0.12805223  0.04024133   -0.03941963 -0.03537328   -0.06718250 -0.05731528
    2    2
  0.24140360  0.00000000    0.00466072 -0.00737039   -0.00139869  0.00000000
  0.00466072  0.00737039    0.29688994  0.00000000   -0.00466072 -0.00737039
 -0.00139869  0.00000000   -0.00466072  0.00737039    0.24140360  0.00000000

     Dynamical  Matrix in cartesian axes

     q = (   -0.750000000   0.250000000  -0.750000000 ) 

    1    1
  0.24140360  0.00000000   -0.00466072 -0.00737039    0.00139869  0.00000000
 -0.00466072  0.00737039    0.29688994  0.00000000   -0.00466072  0.00737039
  0.00139869  0.00000000   -0.00466072 -0.00737039    0.24140360  0.00000000
    1    2
 -0.05731528 -0.06718250   -0.03537328 -0.03941963   -0.04024133  0.12805223
 -0.03537328 -0.03941963   -0.05587251 -0.08634034   -0.03537328 -0.03941963
 -0.04024133  0.12805223   -0.03537328 -0.03941963   -0.05731528 -0.06718250
    2    1
 -0.05731528  0.06718250   -0.03537328  0.03941963   -0.04024133 -0.12805223
 -0.03537328  0.03941963   -0.05587251  0.08634034   -0.03537328  0.03941963
 -0.04024133 -0.12805223   -0.03537328  0.03941963   -0.05731528  0.06718250
    2    2
  0.24140360  0.00000000   -0.00466072  0.00737039    0.00139869  0.00000000
 -0.00466072 -0.00737039    0.29688994  0.00000000   -0.00466072 -0.00737039
  0.00139869  0.00000000   -0.00466072  0.00737039    0.24140360  0.00000000

     Dynamical  Matrix in cartesian axes

     q = (   -0.250000000   0.750000000  -0.750000000 ) 

    1    1
  0.29688994  0.00000000   -0.00466072  0.00737039    0.00466072 -0.00737039
 -0.00466072 -0.00737039    0.24140360  0.00000000   -0.00139869  0.00000000
  0.00466072  0.00737039   -0.00139869  0.00000000    0.24140360  0.00000000
    1    2
 -0.08634034  0.05587251   -0.03941963  0.03537328    0.03941963 -0.03537328
 -0.03941963  0.03537328   -0.06718250  0.05731528   -0.12805223 -0.04024133
  0.03941963 -0.03537328   -0.12805223 -0.04024133   -0.06718250  0.05731528
    2    1
 -0.08634034 -0.05587251   -0.03941963 -0.03537328    0.03941963  0.03537328
 -0.03941963 -0.03537328   -0.06718250 -0.05731528   -0.12805223  0.04024133
  0.03941963  0.03537328   -0.12805223  0.04024133   -0.06718250 -0.05731528
    2    2
  0.29688994  0.00000000   -0.00466072 -0.00737039    0.00466072  0.00737039
 -0.00466072  0.00737039    0.24140360  0.00000000   -0.00139869  0.00000000
  0.00466072 -0.00737039   -0.00139869  0.00000000    0.24140360  0.00000000

     Dynamical  Matrix in cartesian axes

     q = (   -0.750000000   0.750000000  -0.250000000 ) 

    1    1
  0.24140360  0.00000000   -0.00139869  0.00000000    0.00466072  0.00737039
 -0.00139869  0.00000000    0.24140360  0.00000000   -0.00466072 -0.00737039
  0.00466072 -0.00737039   -0.00466072  0.00737039    0.29688994  0.00000000
    1    2
 -0.06718250  0.05731528   -0.12805223 -0.04024133    0.03941963 -0.03537328
 -0.12805223 -0.04024133   -0.06718250  0.05731528   -0.03941963  0.03537328
  0.03941963 -0.03537328   -0.03941963  0.03537328   -0.08634034  0.05587251
    2    1
 -0.06718250 -0.05731528   -0.12805223  0.04024133    0.03941963  0.03537328
 -0.12805223  0.04024133   -0.06718250 -0.05731528   -0.03941963 -0.03537328
  0.03941963  0.03537328   -0.03941963 -0.03537328   -0.08634034 -0.05587251
    2    2
  0.24140360  0.00000000   -0.00139869  0.00000000    0.00466072 -0.00737039
 -0.00139869  0.00000000    0.24140360  0.00000000   -0.00466072  0.00737039
  0.00466072  0.00737039   -0.00466072 -0.00737039    0.29688994  0.00000000

     Dynamical  Matrix in cartesian axes

     q = (    0.750000000   0.250000000   0.750000000 ) 

    1    1
  0.24140360  0.00000000    0.00466072  0.00737039    0.00139869  0.00000000
  0.00466072 -0.00737039    0.29688994  0.00000000    0.00466072 -0.00737039
  0.00139869  0.00000000    0.00466072  0.00737039    0.24140360  0.00000000
    1    2
  0.06718250 -0.05731528   -0.03941963  0.03537328   -0.12805223 -0.04024133
 -0.03941963  0.03537328    0.08634034 -0.05587251   -0.03941963  0.03537328
 -0.12805223 -0.04024133   -0.03941963  0.03537328    0.06718250 -0.05731528
    2    1
  0.06718250  0.05731528   -0.03941963 -0.03537328   -0.12805223  0.04024133
 -0.03941963 -0.03537328    0.08634034  0.05587251   -0.03941963 -0.03537328
 -0.12805223  0.04024133   -0.03941963 -0.03537328    0.06718250  0.05731528
    2    2
  0.24140360  0.00000000    0.00466072 -0.00737039    0.00139869  0.00000000
  0.00466072  0.00737039    0.29688994  0.00000000    0.00466072  0.00737039
  0.00139869  0.00000000    0.00466072 -0.00737039    0.24140360  0.00000000

     Dynamical  Matrix in cartesian axes

     q = (   -0.750000000   0.250000000   0.750000000 ) 

    1    1
  0.24140360  0.00000000   -0.00466072  0.00737039   -0.00139869  0.00000000
 -0.00466072 -0.00737039    0.29688994  0.00000000    0.00466072  0.00737039
 -0.00139869  0.00000000    0.00466072 -0.00737039    0.24140360  0.00000000
    1    2
 -0.06718250 -0.05731528   -0.03941963 -0.03537328   -0.12805223  0.04024133
 -0.03941963 -0.03537328   -0.08634034 -0.05587251    0.03941963  0.03537328
 -0.12805223  0.04024133    0.03941963  0.03537328   -0.06718250 -0.05731528
    2    1
 -0.06718250  0.05731528   -0.03941963  0.03537328   -0.12805223 -0.04024133
 -0.03941963  0.03537328   -0.08634034  0.05587251    0.03941963 -0.03537328
 -0.12805223 -0.04024133    0.03941963 -0.03537328   -0.06718250  0.05731528
    2    2
  0.24140360  0.00000000   -0.00466072 -0.00737039   -0.00139869  0.00000000
 -0.00466072  0.00737039    0.29688994  0.00000000    0.00466072 -0.00737039
 -0.00139869  0.00000000    0.00466072  0.00737039    0.24140360  0.00000000

     Dynamical  Matrix in cartesian axes

     q = (    0.750000000   0.250000000  -0.750000000 ) 

    1    1
  0.24140360  0.00000000    0.00466072 -0.00737039   -0.00139869  0.00000000
  0.00466072  0.00737039    0.29688994  0.00000000   -0.00466072 -0.00737039
 -0.00139869  0.00000000   -0.00466072  0.00737039    0.24140360  0.00000000
    1    2
 -0.06718250 -0.05731528    0.03941963  0.03537328   -0.12805223  0.04024133
  0.03941963  0.03537328   -0.08634034 -0.05587251   -0.03941963 -0.03537328
 -0.12805223  0.04024133   -0.03941963 -0.03537328   -0.06718250 -0.05731528
    2    1
 -0.06718250  0.05731528    0.03941963 -0.03537328   -0.12805223 -0.04024133
  0.03941963 -0.03537328   -0.08634034  0.05587251   -0.03941963  0.03537328
 -0.12805223 -0.04024133   -0.03941963  0.03537328   -0.06718250  0.05731528
    2    2
  0.24140360  0.00000000    0.00466072  0.00737039   -0.00139869  0.00000000
  0.00466072 -0.00737039    0.29688994  0.00000000   -0.00466072  0.00737039
 -0.00139869  0.00000000   -0.00466072 -0.00737039    0.24140360  0.00000000

     Dynamical  Matrix in cartesian axes

     q = (   -0.750000000   0.750000000   0.250000000 ) 

    1    1
  0.24140360  0.00000000   -0.00139869  0.00000000   -0.00466072  0.00737039
 -0.00139869  0.00000000    0.24140360  0.00000000    0.00466072 -0.00737039
 -0.00466072 -0.00737039    0.00466072  0.00737039    0.29688994  0.00000000
    1    2
 -0.06718250 -0.05731528   -0.12805223  0.04024133   -0.03941963 -0.03537328
 -0.12805223  0.04024133   -0.06718250 -0.05731528    0.03941963  0.03537328
 -0.03941963 -0.03537328    0.03941963  0.03537328   -0.08634034 -0.05587251
    2    1
 -0.06718250  0.05731528   -0.12805223 -0.04024133   -0.03941963  0.03537328
 -0.12805223 -0.04024133   -0.06718250  0.05731528    0.03941963 -0.03537328
 -0.03941963  0.03537328    0.03941963 -0.03537328   -0.08634034  0.05587251
    2    2
  0.24140360  0.00000000   -0.00139869  0.00000000   -0.00466072 -0.00737039
 -0.00139869  0.00000000    0.24140360  0.00000000    0.00466072  0.00737039
 -0.00466072  0.00737039    0.00466072 -0.00737039    0.29688994  0.00000000

     Dynamical  Matrix in cartesian axes

     q = (   -0.250000000   0.750000000   0.750000000 ) 

    1    1
  0.29688994  0.00000000   -0.00466072 -0.00737039   -0.00466072 -0.00737039
 -0.00466072  0.00737039    0.24140360  0.00000000    0.00139869  0.00000000
 -0.00466072  0.00737039    0.00139869  0.00000000    0.24140360  0.00000000
    1    2
 -0.05587251  0.08634034   -0.03537328  0.03941963   -0.03537328  0.03941963
 -0.03537328  0.03941963   -0.05731528  0.06718250   -0.04024133 -0.12805223
 -0.03537328  0.03941963   -0.04024133 -0.12805223   -0.05731528  0.06718250
    2    1
 -0.05587251 -0.08634034   -0.03537328 -0.03941963   -0.03537328 -0.03941963
 -0.03537328 -0.03941963   -0.05731528 -0.06718250   -0.04024133  0.12805223
 -0.03537328 -0.03941963   -0.04024133  0.12805223   -0.05731528 -0.06718250
    2    2
  0.29688994  0.00000000   -0.00466072  0.00737039   -0.00466072  0.00737039
 -0.00466072 -0.00737039    0.24140360  0.00000000    0.00139869  0.00000000
 -0.00466072 -0.00737039    0.00139869  0.00000000    0.24140360  0.00000000

     Dynamical  Matrix in cartesian axes

     q = (    0.250000000   0.750000000  -0.750000000 ) 

    1    1
  0.29688994  0.00000000    0.00466072  0.00737039   -0.00466072 -0.00737039
  0.00466072 -0.00737039    0.24140360  0.00000000   -0.00139869  0.00000000
 -0.00466072  0.00737039   -0.00139869  0.00000000    0.24140360  0.00000000
    1    2
 -0.08634034 -0.05587251    0.03941963  0.03537328   -0.03941963 -0.03537328
  0.03941963  0.03537328   -0.06718250 -0.05731528   -0.12805223  0.04024133
 -0.03941963 -0.03537328   -0.12805223  0.04024133   -0.06718250 -0.05731528
    2    1
 -0.08634034  0.05587251    0.03941963 -0.03537328   -0.03941963  0.03537328
  0.03941963 -0.03537328   -0.06718250  0.05731528   -0.12805223 -0.04024133
 -0.03941963  0.03537328   -0.12805223 -0.04024133   -0.06718250  0.05731528
    2    2
  0.29688994  0.00000000    0.00466072 -0.00737039   -0.00466072  0.00737039
  0.00466072  0.00737039    0.24140360  0.00000000   -0.00139869  0.00000000
 -0.00466072 -0.00737039   -0.00139869  0.00000000    0.24140360  0.00000000

     Dynamical  Matrix in cartesian axes

     q = (   -0.250000000  -0.750000000  -0.750000000 ) 

    1    1
  0.29688994  0.00000000    0.00466072  0.00737039    0.00466072  0.00737039
  0.00466072 -0.00737039    0.24140360  0.00000000    0.00139869  0.00000000
  0.00466072 -0.00737039    0.00139869  0.00000000    0.24140360  0.00000000
    1    2
  0.08634034  0.05587251   -0.03941963 -0.03537328   -0.03941963 -0.03537328
 -0.03941963 -0.03537328    0.06718250  0.05731528   -0.12805223  0.04024133
 -0.03941963 -0.03537328   -0.12805223  0.04024133    0.06718250  0.05731528
    2    1
  0.08634034 -0.05587251   -0.03941963  0.03537328   -0.03941963  0.03537328
 -0.03941963  0.03537328    0.06718250 -0.05731528   -0.12805223 -0.04024133
 -0.03941963  0.03537328   -0.12805223 -0.04024133    0.06718250 -0.05731528
    2    2
  0.29688994  0.00000000    0.00466072 -0.00737039    0.00466072 -0.00737039
  0.00466072  0.00737039    0.24140360  0.00000000    0.00139869  0.00000000
  0.00466072  0.00737039    0.00139869  0.00000000    0.24140360  0.00000000

     Dynamical  Matrix in cartesian axes

     q = (    0.750000000   0.750000000  -0.250000000 ) 

    1    1
  0.24140360  0.00000000    0.00139869  0.00000000   -0.00466072  0.00737039
  0.00139869  0.00000000    0.24140360  0.00000000   -0.00466072  0.00737039
 -0.00466072 -0.00737039   -0.00466072 -0.00737039    0.29688994  0.00000000
    1    2
 -0.05731528  0.06718250   -0.04024133 -0.12805223   -0.03537328  0.03941963
 -0.04024133 -0.12805223   -0.05731528  0.06718250   -0.03537328  0.03941963
 -0.03537328  0.03941963   -0.03537328  0.03941963   -0.05587251  0.08634034
    2    1
 -0.05731528 -0.06718250   -0.04024133  0.12805223   -0.03537328 -0.03941963
 -0.04024133  0.12805223   -0.05731528 -0.06718250   -0.03537328 -0.03941963
 -0.03537328 -0.03941963   -0.03537328 -0.03941963   -0.05587251 -0.08634034
    2    2
  0.24140360  0.00000000    0.00139869  0.00000000   -0.00466072 -0.00737039
  0.00139869  0.00000000    0.24140360  0.00000000   -0.00466072 -0.00737039
 -0.00466072  0.00737039   -0.00466072  0.00737039    0.29688994  0.00000000

     Dynamical  Matrix in cartesian axes

     q = (    0.750000000  -0.750000000   0.250000000 ) 

    1    1
  0.24140360  0.00000000   -0.00139869  0.00000000    0.00466072 -0.00737039
 -0.00139869  0.00000000    0.24140360  0.00000000   -0.00466072  0.00737039
  0.00466072  0.00737039   -0.00466072 -0.00737039    0.29688994  0.00000000
    1    2
 -0.06718250 -0.05731528   -0.12805223  0.04024133    0.03941963  0.03537328
 -0.12805223  0.04024133   -0.06718250 -0.05731528   -0.03941963 -0.03537328
  0.03941963  0.03537328   -0.03941963 -0.03537328   -0.08634034 -0.05587251
    2    1
 -0.06718250  0.05731528   -0.12805223 -0.04024133    0.03941963 -0.03537328
 -0.12805223 -0.04024133   -0.06718250  0.05731528   -0.03941963  0.03537328
  0.03941963 -0.03537328   -0.03941963  0.03537328   -0.08634034  0.05587251
    2    2
  0.24140360  0.00000000   -0.00139869  0.00000000    0.00466072  0.00737039
 -0.00139869  0.00000000    0.24140360  0.00000000   -0.00466072 -0.00737039
  0.00466072 -0.00737039   -0.00466072  0.00737039    0.29688994  0.00000000

     Dynamical  Matrix in cartesian axes

     q = (   -0.750000000  -0.750000000  -0.250000000 ) 

    1    1
  0.24140360  0.00000000    0.00139869  0.00000000    0.00466072 -0.00737039
  0.00139869  0.00000000    0.24140360  0.00000000    0.00466072 -0.00737039
  0.00466072  0.00737039    0.00466072  0.00737039    0.29688994  0.00000000
    1    2
  0.06718250  0.05731528   -0.12805223  0.04024133   -0.03941963 -0.03537328
 -0.12805223  0.04024133    0.06718250  0.05731528   -0.03941963 -0.03537328
 -0.03941963 -0.03537328   -0.03941963 -0.03537328    0.08634034  0.05587251
    2    1
  0.06718250 -0.05731528   -0.12805223 -0.04024133   -0.03941963  0.03537328
 -0.12805223 -0.04024133    0.06718250 -0.05731528   -0.03941963  0.03537328
 -0.03941963  0.03537328   -0.03941963  0.03537328    0.08634034 -0.05587251
    2    2
  0.24140360  0.00000000    0.00139869  0.00000000    0.00466072  0.00737039
  0.00139869  0.00000000    0.24140360  0.00000000    0.00466072  0.00737039
  0.00466072 -0.00737039    0.00466072 -0.00737039    0.29688994  0.00000000

     Dynamical  Matrix in cartesian axes

     q = (    0.250000000  -0.750000000   0.750000000 ) 

    1    1
  0.29688994  0.00000000   -0.00466072 -0.00737039    0.00466072  0.00737039
 -0.00466072  0.00737039    0.24140360  0.00000000   -0.00139869  0.00000000
  0.00466072 -0.00737039   -0.00139869  0.00000000    0.24140360  0.00000000
    1    2
 -0.08634034 -0.05587251   -0.03941963 -0.03537328    0.03941963  0.03537328
 -0.03941963 -0.03537328   -0.06718250 -0.05731528   -0.12805223  0.04024133
  0.03941963  0.03537328   -0.12805223  0.04024133   -0.06718250 -0.05731528
    2    1
 -0.08634034  0.05587251   -0.03941963  0.03537328    0.03941963 -0.03537328
 -0.03941963  0.03537328   -0.06718250  0.05731528   -0.12805223 -0.04024133
  0.03941963 -0.03537328   -0.12805223 -0.04024133   -0.06718250  0.05731528
    2    2
  0.29688994  0.00000000   -0.00466072  0.00737039    0.00466072 -0.00737039
 -0.00466072 -0.00737039    0.24140360  0.00000000   -0.00139869  0.00000000
  0.00466072  0.00737039   -0.00139869  0.00000000    0.24140360  0.00000000

     Dynamical  Matrix in cartesian axes

     q = (   -0.750000000  -0.750000000   0.250000000 ) 

    1    1
  0.24140360  0.00000000    0.00139869  0.00000000   -0.00466072 -0.00737039
  0.00139869  0.00000000    0.24140360  0.00000000   -0.00466072 -0.00737039
 -0.00466072  0.00737039   -0.00466072  0.00737039    0.29688994  0.00000000
    1    2
 -0.05731528 -0.06718250   -0.04024133  0.12805223   -0.03537328 -0.03941963
 -0.04024133  0.12805223   -0.05731528 -0.06718250   -0.03537328 -0.03941963
 -0.03537328 -0.03941963   -0.03537328 -0.03941963   -0.05587251 -0.08634034
    2    1
 -0.05731528  0.06718250   -0.04024133 -0.12805223   -0.03537328  0.03941963
 -0.04024133 -0.12805223   -0.05731528  0.06718250   -0.03537328  0.03941963
 -0.03537328  0.03941963   -0.03537328  0.03941963   -0.05587251  0.08634034
    2    2
  0.24140360  0.00000000    0.00139869  0.00000000   -0.00466072  0.00737039
  0.00139869  0.00000000    0.24140360  0.00000000   -0.00466072  0.00737039
 -0.00466072 -0.00737039   -0.00466072 -0.00737039    0.29688994  0.00000000

     Dynamical  Matrix in cartesian axes

     q = (    0.250000000   0.750000000   0.750000000 ) 

    1    1
  0.29688994  0.00000000    0.00466072 -0.00737039    0.00466072 -0.00737039
  0.00466072  0.00737039    0.24140360  0.00000000    0.00139869  0.00000000
  0.00466072  0.00737039    0.00139869  0.00000000    0.24140360  0.00000000
    1    2
  0.08634034 -0.05587251   -0.03941963  0.03537328   -0.03941963  0.03537328
 -0.03941963  0.03537328    0.06718250 -0.05731528   -0.12805223 -0.04024133
 -0.03941963  0.03537328   -0.12805223 -0.04024133    0.06718250 -0.05731528
    2    1
  0.08634034  0.05587251   -0.03941963 -0.03537328   -0.03941963 -0.03537328
 -0.03941963 -0.03537328    0.06718250  0.05731528   -0.12805223  0.04024133
 -0.03941963 -0.03537328   -0.12805223  0.04024133    0.06718250  0.05731528
    2    2
  0.29688994  0.00000000    0.00466072  0.00737039    0.00466072  0.00737039
  0.00466072 -0.00737039    0.24140360  0.00000000    0.00139869  0.00000000
  0.00466072 -0.00737039    0.00139869  0.00000000    0.24140360  0.00000000

     Dynamical  Matrix in cartesian axes

     q = (   -0.250000000  -0.750000000   0.750000000 ) 

    1    1
  0.29688994  0.00000000    0.00466072 -0.00737039   -0.00466072  0.00737039
  0.00466072  0.00737039    0.24140360  0.00000000   -0.00139869  0.00000000
 -0.00466072 -0.00737039   -0.00139869  0.00000000    0.24140360  0.00000000
    1    2
 -0.08634034  0.05587251    0.03941963 -0.03537328   -0.03941963  0.03537328
  0.03941963 -0.03537328   -0.06718250  0.05731528   -0.12805223 -0.04024133
 -0.03941963  0.03537328   -0.12805223 -0.04024133   -0.06718250  0.05731528
    2    1
 -0.08634034 -0.05587251    0.03941963  0.03537328   -0.03941963 -0.03537328
  0.03941963  0.03537328   -0.06718250 -0.05731528   -0.12805223  0.04024133
 -0.03941963 -0.03537328   -0.12805223  0.04024133   -0.06718250 -0.05731528
    2    2
  0.29688994  0.00000000    0.00466072  0.00737039   -0.00466072 -0.00737039
  0.00466072 -0.00737039    0.24140360  0.00000000   -0.00139869  0.00000000
 -0.00466072  0.00737039   -0.00139869  0.00000000    0.24140360  0.00000000

     Dynamical  Matrix in cartesian axes

     q = (    0.750000000   0.750000000   0.250000000 ) 

    1    1
  0.24140360  0.00000000    0.00139869  0.00000000    0.00466072  0.00737039
  0.00139869  0.00000000    0.24140360  0.00000000    0.00466072  0.00737039
  0.00466072 -0.00737039    0.00466072 -0.00737039    0.29688994  0.00000000
    1    2
  0.06718250 -0.05731528   -0.12805223 -0.04024133   -0.03941963  0.03537328
 -0.12805223 -0.04024133    0.06718250 -0.05731528   -0.03941963  0.03537328
 -0.03941963  0.03537328   -0.03941963  0.03537328    0.08634034 -0.05587251
    2    1
  0.06718250  0.05731528   -0.12805223  0.04024133   -0.03941963 -0.03537328
 -0.12805223  0.04024133    0.06718250  0.05731528   -0.03941963 -0.03537328
 -0.03941963 -0.03537328   -0.03941963 -0.03537328    0.08634034  0.05587251
    2    2
  0.24140360  0.00000000    0.00139869  0.00000000    0.00466072 -0.00737039
  0.00139869  0.00000000    0.24140360  0.00000000    0.00466072 -0.00737039
  0.00466072  0.00737039    0.00466072  0.00737039    0.29688994  0.00000000

     Dynamical  Matrix in cartesian axes

     q = (    0.250000000  -0.750000000  -0.750000000 ) 

    1    1
  0.29688994  0.00000000   -0.00466072  0.00737039   -0.00466072  0.00737039
 -0.00466072 -0.00737039    0.24140360  0.00000000    0.00139869  0.00000000
 -0.00466072 -0.00737039    0.00139869  0.00000000    0.24140360  0.00000000
    1    2
 -0.05587251 -0.08634034   -0.03537328 -0.03941963   -0.03537328 -0.03941963
 -0.03537328 -0.03941963   -0.05731528 -0.06718250   -0.04024133  0.12805223
 -0.03537328 -0.03941963   -0.04024133  0.12805223   -0.05731528 -0.06718250
    2    1
 -0.05587251  0.08634034   -0.03537328  0.03941963   -0.03537328  0.03941963
 -0.03537328  0.03941963   -0.05731528  0.06718250   -0.04024133 -0.12805223
 -0.03537328  0.03941963   -0.04024133 -0.12805223   -0.05731528  0.06718250
    2    2
  0.29688994  0.00000000   -0.00466072 -0.00737039   -0.00466072 -0.00737039
 -0.00466072  0.00737039    0.24140360  0.00000000    0.00139869  0.00000000
 -0.00466072  0.00737039    0.00139869  0.00000000    0.24140360  0.00000000

     Dynamical  Matrix in cartesian axes

     q = (    0.750000000  -0.750000000  -0.250000000 ) 

    1    1
  0.24140360  0.00000000   -0.00139869  0.00000000   -0.00466072 -0.00737039
 -0.00139869  0.00000000    0.24140360  0.00000000    0.00466072  0.00737039
 -0.00466072  0.00737039    0.00466072 -0.00737039    0.29688994  0.00000000
    1    2
 -0.06718250  0.05731528   -0.12805223 -0.04024133   -0.03941963  0.03537328
 -0.12805223 -0.04024133   -0.06718250  0.05731528    0.03941963 -0.03537328
 -0.03941963  0.03537328    0.03941963 -0.03537328   -0.08634034  0.05587251
    2    1
 -0.06718250 -0.05731528   -0.12805223  0.04024133   -0.03941963 -0.03537328
 -0.12805223  0.04024133   -0.06718250 -0.05731528    0.03941963  0.03537328
 -0.03941963 -0.03537328    0.03941963  0.03537328   -0.08634034 -0.05587251
    2    2
  0.24140360  0.00000000   -0.00139869  0.00000000   -0.00466072  0.00737039
 -0.00139869  0.00000000    0.24140360  0.00000000    0.00466072 -0.00737039
 -0.00466072 -0.00737039    0.00466072  0.00737039    0.29688994  0.00000000

     Diagonalizing the dynamical matrix

     q = (    0.750000000  -0.250000000   0.750000000 ) 

 **************************************************************************
     freq (    1) =       4.314345 [THz] =     143.911042 [cm-1]
 ( -0.043560  0.498099 -0.000000  0.000000  0.043560 -0.498099 ) 
 ( -0.500000  0.000000 -0.000000 -0.000000  0.500000  0.000000 ) 
     freq (    2) =       6.148611 [THz] =     205.095580 [cm-1]
 ( -0.401013 -0.142437 -0.333362  0.163310 -0.401013 -0.142437 ) 
 ( -0.425558  0.000000 -0.259473 -0.265469 -0.425558  0.000000 ) 
     freq (    3) =       9.320158 [THz] =     310.887022 [cm-1]
 ( -0.076090  0.296753 -0.439207 -0.345533 -0.076090  0.296753 ) 
 (  0.306353  0.000000 -0.225618 -0.511266  0.306353  0.000000 ) 
     freq (    4) =      11.874477 [THz] =     396.089928 [cm-1]
 ( -0.168424 -0.322749  0.400108  0.273581 -0.168424 -0.322749 ) 
 (  0.364051 -0.000000 -0.427648 -0.228145  0.364051  0.000000 ) 
     freq (    5) =      13.576903 [THz] =     452.876731 [cm-1]
 ( -0.043560  0.498099  0.000000 -0.000000  0.043560 -0.498099 ) 
 (  0.500000  0.000000 -0.000000 -0.000000 -0.500000  0.000000 ) 
     freq (    6) =      13.808860 [THz] =     460.613989 [cm-1]
 (  0.282839  0.111879  0.502930 -0.249062  0.282839  0.111879 ) 
 ( -0.304162 -0.000000 -0.376061 -0.416592 -0.304162  0.000000 ) 
 **************************************************************************
