Dynamical matrix file
                                                                           
  1    2  2 10.3240000  0.0000000  0.0000000  0.0000000  0.0000000  0.0000000
           1  'Si  '    25598.822984527003     
    1    1      0.0000000000      0.0000000000      0.0000000000
    2    1      0.2500000000      0.2500000000      0.2500000000

     Dynamical  Matrix in cartesian axes

     q = (   -0.250000000   0.250000000  -0.250000000 ) 

    1    1
  0.27084170  0.00000000   -0.01176636  0.00000000    0.01176636  0.00000000
 -0.01176636  0.00000000    0.27084170  0.00000000   -0.01176636  0.00000000
  0.01176636  0.00000000   -0.01176636  0.00000000    0.27084170  0.00000000
    1    2
 -0.20159977 -0.05852075   -0.03848783  0.04016332    0.03848783 -0.04016332
 -0.03848783  0.04016332   -0.20159977 -0.05852075   -0.03848783  0.04016332
  0.03848783 -0.04016332   -0.03848783  0.04016332   -0.20159977 -0.05852075
    2    1
 -0.20159977  0.05852075   -0.03848783 -0.04016332    0.03848783  0.04016332
 -0.03848783 -0.04016332   -0.20159977  0.05852075   -0.03848783 -0.04016332
  0.03848783  0.04016332   -0.03848783 -0.04016332   -0.20159977  0.05852075
    2    2
  0.27084170  0.00000000   -0.01176636  0.00000000    0.01176636  0.00000000
 -0.01176636  0.00000000    0.27084170  0.00000000   -0.01176636  0.00000000
  0.01176636  0.00000000   -0.01176636  0.00000000    0.27084170  0.00000000

     Dynamical  Matrix in cartesian axes

     q = (    0.250000000  -0.250000000  -0.250000000 ) 

    1    1
  0.27084170  0.00000000   -0.01176636  0.00000000   -0.01176636  0.00000000
 -0.01176636  0.00000000    0.27084170  0.00000000    0.01176636  0.00000000
 -0.01176636  0.00000000    0.01176636  0.00000000    0.27084170  0.00000000
    1    2
 -0.20159977 -0.05852075   -0.03848783  0.04016332   -0.03848783  0.04016332
 -0.03848783  0.04016332   -0.20159977 -0.05852075    0.03848783 -0.04016332
 -0.03848783  0.04016332    0.03848783 -0.04016332   -0.20159977 -0.05852075
    2    1
 -0.20159977  0.05852075   -0.03848783 -0.04016332   -0.03848783 -0.04016332
 -0.03848783 -0.04016332   -0.20159977  0.05852075    0.03848783  0.04016332
 -0.03848783 -0.04016332    0.03848783  0.04016332   -0.20159977  0.05852075
    2    2
  0.27084170  0.00000000   -0.01176636  0.00000000   -0.01176636  0.00000000
 -0.01176636  0.00000000    0.27084170  0.00000000    0.01176636  0.00000000
 -0.01176636  0.00000000    0.01176636  0.00000000    0.27084170  0.00000000

     Dynamical  Matrix in cartesian axes

     q = (    0.250000000  -0.250000000   0.250000000 ) 

    1    1
  0.27084170  0.00000000   -0.01176636  0.00000000    0.01176636  0.00000000
 -0.01176636  0.00000000    0.27084170  0.00000000   -0.01176636  0.00000000
  0.01176636  0.00000000   -0.01176636  0.00000000    0.27084170  0.00000000
    1    2
 -0.20159977  0.05852075   -0.03848783 -0.04016332    0.03848783  0.04016332
 -0.03848783 -0.04016332   -0.20159977  0.05852075   -0.03848783 -0.04016332
  0.03848783  0.04016332   -0.03848783 -0.04016332   -0.20159977  0.05852075
    2    1
 -0.20159977 -0.05852075   -0.03848783  0.04016332    0.03848783 -0.04016332
 -0.03848783  0.04016332   -0.20159977 -0.05852075   -0.03848783  0.04016332
  0.03848783 -0.04016332   -0.03848783  0.04016332   -0.20159977 -0.05852075
    2    2
  0.27084170  0.00000000   -0.01176636  0.00000000    0.01176636  0.00000000
 -0.01176636  0.00000000    0.27084170  0.00000000   -0.01176636  0.00000000
  0.01176636  0.00000000   -0.01176636  0.00000000    0.27084170  0.00000000

     Dynamical  Matrix in cartesian axes

     q = (    0.250000000   0.250000000   0.250000000 ) 

    1    1
  0.27084170  0.00000000    0.01176636  0.00000000    0.01176636  0.00000000
  0.01176636  0.00000000    0.27084170  0.00000000    0.01176636  0.00000000
  0.01176636  0.00000000    0.01176636  0.00000000    0.27084170  0.00000000
    1    2
 -0.05852075  0.20159977   -0.04016332 -0.03848783   -0.04016332 -0.03848783
 -0.04016332 -0.03848783   -0.05852075  0.20159977   -0.04016332 -0.03848783
 -0.04016332 -0.03848783   -0.04016332 -0.03848783   -0.05852075  0.20159977
    2    1
 -0.05852075 -0.20159977   -0.04016332  0.03848783   -0.04016332  0.03848783
 -0.04016332  0.03848783   -0.05852075 -0.20159977   -0.04016332  0.03848783
 -0.04016332  0.03848783   -0.04016332  0.03848783   -0.05852075 -0.20159977
    2    2
  0.27084170  0.00000000    0.01176636  0.00000000    0.01176636  0.00000000
  0.01176636  0.00000000    0.27084170  0.00000000    0.01176636  0.00000000
  0.01176636  0.00000000    0.01176636  0.00000000    0.27084170  0.00000000

     Dynamical  Matrix in cartesian axes

     q = (   -0.250000000  -0.250000000  -0.250000000 ) 

    1    1
  0.27084170  0.00000000    0.01176636  0.00000000    0.01176636  0.00000000
  0.01176636  0.00000000    0.27084170  0.00000000    0.01176636  0.00000000
  0.01176636  0.00000000    0.01176636  0.00000000    0.27084170  0.00000000
    1    2
 -0.05852075 -0.20159977   -0.04016332  0.03848783   -0.04016332  0.03848783
 -0.04016332  0.03848783   -0.05852075 -0.20159977   -0.04016332  0.03848783
 -0.04016332  0.03848783   -0.04016332  0.03848783   -0.05852075 -0.20159977
    2    1
 -0.05852075  0.20159977   -0.04016332 -0.03848783   -0.04016332 -0.03848783
 -0.04016332 -0.03848783   -0.05852075  0.20159977   -0.04016332 -0.03848783
 -0.04016332 -0.03848783   -0.04016332 -0.03848783   -0.05852075  0.20159977
    2    2
  0.27084170  0.00000000    0.01176636  0.00000000    0.01176636  0.00000000
  0.01176636  0.00000000    0.27084170  0.00000000    0.01176636  0.00000000
  0.01176636  0.00000000    0.01176636  0.00000000    0.27084170  0.00000000

     Dynamical  Matrix in cartesian axes

     q = (   -0.250000000  -0.250000000   0.250000000 ) 

    1    1
  0.27084170  0.00000000    0.01176636  0.00000000   -0.01176636  0.00000000
  0.01176636  0.00000000    0.27084170  0.00000000   -0.01176636  0.00000000
 -0.01176636  0.00000000   -0.01176636  0.00000000    0.27084170  0.00000000
    1    2
 -0.20159977 -0.05852075    0.03848783 -0.04016332   -0.03848783  0.04016332
  0.03848783 -0.04016332   -0.20159977 -0.05852075   -0.03848783  0.04016332
 -0.03848783  0.04016332   -0.03848783  0.04016332   -0.20159977 -0.05852075
    2    1
 -0.20159977  0.05852075    0.03848783  0.04016332   -0.03848783 -0.04016332
  0.03848783  0.04016332   -0.20159977  0.05852075   -0.03848783 -0.04016332
 -0.03848783 -0.04016332   -0.03848783 -0.04016332   -0.20159977  0.05852075
    2    2
  0.27084170  0.00000000    0.01176636  0.00000000   -0.01176636  0.00000000
  0.01176636  0.00000000    0.27084170  0.00000000   -0.01176636  0.00000000
 -0.01176636  0.00000000   -0.01176636  0.00000000    0.27084170  0.00000000

     Dynamical  Matrix in cartesian axes

     q = (   -0.250000000   0.250000000   0.250000000 ) 

    1    1
  0.27084170  0.00000000   -0.01176636  0.00000000   -0.01176636  0.00000000
 -0.01176636  0.00000000    0.27084170  0.00000000    0.01176636  0.00000000
 -0.01176636  0.00000000    0.01176636  0.00000000    0.27084170  0.00000000
    1    2
 -0.20159977  0.05852075   -0.03848783 -0.04016332   -0.03848783 -0.04016332
 -0.03848783 -0.04016332   -0.20159977  0.05852075    0.03848783  0.04016332
 -0.03848783 -0.04016332    0.03848783  0.04016332   -0.20159977  0.05852075
    2    1
 -0.20159977 -0.05852075   -0.03848783  0.04016332   -0.03848783  0.04016332
 -0.03848783  0.04016332   -0.20159977 -0.05852075    0.03848783 -0.04016332
 -0.03848783  0.04016332    0.03848783 -0.04016332   -0.20159977 -0.05852075
    2    2
  0.27084170  0.00000000   -0.01176636  0.00000000   -0.01176636  0.00000000
 -0.01176636  0.00000000    0.27084170  0.00000000    0.01176636  0.00000000
 -0.01176636  0.00000000    0.01176636  0.00000000    0.27084170  0.00000000

     Dynamical  Matrix in cartesian axes

     q = (    0.250000000   0.250000000  -0.250000000 ) 

    1    1
  0.27084170  0.00000000    0.01176636  0.00000000   -0.01176636  0.00000000
  0.01176636  0.00000000    0.27084170  0.00000000   -0.01176636  0.00000000
 -0.01176636  0.00000000   -0.01176636  0.00000000    0.27084170  0.00000000
    1    2
 -0.20159977  0.05852075    0.03848783  0.04016332   -0.03848783 -0.04016332
  0.03848783  0.04016332   -0.20159977  0.05852075   -0.03848783 -0.04016332
 -0.03848783 -0.04016332   -0.03848783 -0.04016332   -0.20159977  0.05852075
    2    1
 -0.20159977 -0.05852075    0.03848783 -0.04016332   -0.03848783  0.04016332
  0.03848783 -0.04016332   -0.20159977 -0.05852075   -0.03848783  0.04016332
 -0.03848783  0.04016332   -0.03848783  0.04016332   -0.20159977 -0.05852075
    2    2
  0.27084170  0.00000000    0.01176636  0.00000000   -0.01176636  0.00000000
  0.01176636  0.00000000    0.27084170  0.00000000   -0.01176636  0.00000000
 -0.01176636  0.00000000   -0.01176636  0.00000000    0.27084170  0.00000000

     Diagonalizing the dynamical matrix

     q = (   -0.250000000   0.250000000  -0.250000000 ) 

 **************************************************************************
     freq (    1) =       2.780581 [THz] =      92.750186 [cm-1]
 (  0.182547 -0.032558 -0.378525 -0.075458 -0.561072 -0.042900 ) 
 (  0.179534 -0.046380 -0.383176 -0.046380 -0.562709  0.000000 ) 
     freq (    2) =       2.780581 [THz] =      92.750186 [cm-1]
 (  0.491198  0.240155  0.362378  0.230305 -0.128820 -0.009850 ) 
 (  0.508078  0.202007  0.378882  0.202007 -0.129196  0.000000 ) 
     freq (    3) =       6.751119 [THz] =     225.193103 [cm-1]
 ( -0.272694 -0.303817  0.272694  0.303817 -0.272694 -0.303817 ) 
 ( -0.408248  0.000000  0.408248  0.000000 -0.408248  0.000000 ) 
     freq (    4) =      14.259824 [THz] =     475.656536 [cm-1]
 ( -0.272694 -0.303817  0.272694  0.303817 -0.272694 -0.303817 ) 
 (  0.408248  0.000000 -0.408248 -0.000000  0.408248  0.000000 ) 
     freq (    5) =      14.537538 [THz] =     484.920056 [cm-1]
 (  0.268878 -0.398752  0.331028 -0.394000  0.062150  0.004752 ) 
 ( -0.237695  0.418091 -0.300027  0.418091 -0.062332  0.000000 ) 
     freq (    6) =      14.537538 [THz] =     484.920056 [cm-1]
 ( -0.318726  0.021165  0.253579  0.064925  0.572305  0.043759 ) 
 (  0.316185 -0.045403 -0.257791 -0.045403 -0.573976  0.000000 ) 
 **************************************************************************
