Dynamical matrix file
                                                                           
  1    2  2 10.3402000  0.0000000  0.0000000  0.0000000  0.0000000  0.0000000
           1  'Si  '    25598.822984527003     
    1    1      0.0000000000      0.0000000000      0.0000000000
    2    1      0.2500000000      0.2500000000      0.2500000000

     Dynamical  Matrix in cartesian axes

     q = (    0.750000000  -0.250000000   0.750000000 ) 

    1    1
  0.23204891  0.00000000   -0.00486053  0.00742001    0.00212462  0.00000000
 -0.00486053 -0.00742001    0.28752612  0.00000000   -0.00486053 -0.00742001
  0.00212462  0.00000000   -0.00486053  0.00742001    0.23204891  0.00000000
    1    2
 -0.06337543  0.05459415   -0.03612178  0.04033887   -0.04126797 -0.13107734
 -0.03612178  0.04033887   -0.06209996  0.07347562   -0.03612178  0.04033887
 -0.04126797 -0.13107734   -0.03612178  0.04033887   -0.06337543  0.05459415
    2    1
 -0.06337543 -0.05459415   -0.03612178 -0.04033887   -0.04126797  0.13107734
 -0.03612178 -0.04033887   -0.06209996 -0.07347562   -0.03612178 -0.04033887
 -0.04126797  0.13107734   -0.03612178 -0.04033887   -0.06337543 -0.05459415
    2    2
  0.23204891  0.00000000   -0.00486053 -0.00742001    0.00212462  0.00000000
 -0.00486053  0.00742001    0.28752612  0.00000000   -0.00486053  0.00742001
  0.00212462  0.00000000   -0.00486053 -0.00742001    0.23204891  0.00000000

     Dynamical  Matrix in cartesian axes

     q = (    0.750000000  -0.250000000  -0.750000000 ) 

    1    1
  0.23204891  0.00000000   -0.00486053 -0.00742001   -0.00212462  0.00000000
 -0.00486053  0.00742001    0.28752612  0.00000000    0.00486053 -0.00742001
 -0.00212462  0.00000000    0.00486053  0.00742001    0.23204891  0.00000000
    1    2
 -0.05459415  0.06337543   -0.04033887  0.03612178   -0.13107734 -0.04126797
 -0.04033887  0.03612178   -0.07347562  0.06209996    0.04033887 -0.03612178
 -0.13107734 -0.04126797    0.04033887 -0.03612178   -0.05459415  0.06337543
    2    1
 -0.05459415 -0.06337543   -0.04033887 -0.03612178   -0.13107734  0.04126797
 -0.04033887 -0.03612178   -0.07347562 -0.06209996    0.04033887  0.03612178
 -0.13107734  0.04126797    0.04033887  0.03612178   -0.05459415 -0.06337543
    2    2
  0.23204891  0.00000000   -0.00486053  0.00742001   -0.00212462  0.00000000
 -0.00486053 -0.00742001    0.28752612  0.00000000    0.00486053  0.00742001
 -0.00212462  0.00000000    0.00486053 -0.00742001    0.23204891  0.00000000

     Dynamical  Matrix in cartesian axes

     q = (   -0.750000000  -0.250000000  -0.750000000 ) 

    1    1
  0.23204891  0.00000000    0.00486053 -0.00742001    0.00212462  0.00000000
  0.00486053  0.00742001    0.28752612  0.00000000    0.00486053  0.00742001
  0.00212462  0.00000000    0.00486053 -0.00742001    0.23204891  0.00000000
    1    2
  0.05459415  0.06337543   -0.04033887 -0.03612178   -0.13107734  0.04126797
 -0.04033887 -0.03612178    0.07347562  0.06209996   -0.04033887 -0.03612178
 -0.13107734  0.04126797   -0.04033887 -0.03612178    0.05459415  0.06337543
    2    1
  0.05459415 -0.06337543   -0.04033887  0.03612178   -0.13107734 -0.04126797
 -0.04033887  0.03612178    0.07347562 -0.06209996   -0.04033887  0.03612178
 -0.13107734 -0.04126797   -0.04033887  0.03612178    0.05459415 -0.06337543
    2    2
  0.23204891  0.00000000    0.00486053  0.00742001    0.00212462  0.00000000
  0.00486053 -0.00742001    0.28752612  0.00000000    0.00486053 -0.00742001
  0.00212462  0.00000000    0.00486053  0.00742001    0.23204891  0.00000000

     Dynamical  Matrix in cartesian axes

     q = (   -0.750000000  -0.250000000   0.750000000 ) 

    1    1
  0.23204891  0.00000000    0.00486053  0.00742001   -0.00212462  0.00000000
  0.00486053 -0.00742001    0.28752612  0.00000000   -0.00486053  0.00742001
 -0.00212462  0.00000000   -0.00486053 -0.00742001    0.23204891  0.00000000
    1    2
 -0.05459415  0.06337543    0.04033887 -0.03612178   -0.13107734 -0.04126797
  0.04033887 -0.03612178   -0.07347562  0.06209996   -0.04033887  0.03612178
 -0.13107734 -0.04126797   -0.04033887  0.03612178   -0.05459415  0.06337543
    2    1
 -0.05459415 -0.06337543    0.04033887  0.03612178   -0.13107734  0.04126797
  0.04033887  0.03612178   -0.07347562 -0.06209996   -0.04033887 -0.03612178
 -0.13107734  0.04126797   -0.04033887 -0.03612178   -0.05459415 -0.06337543
    2    2
  0.23204891  0.00000000    0.00486053 -0.00742001   -0.00212462  0.00000000
  0.00486053  0.00742001    0.28752612  0.00000000   -0.00486053 -0.00742001
 -0.00212462  0.00000000   -0.00486053  0.00742001    0.23204891  0.00000000

     Dynamical  Matrix in cartesian axes

     q = (   -0.750000000   0.250000000  -0.750000000 ) 

    1    1
  0.23204891  0.00000000   -0.00486053 -0.00742001    0.00212462  0.00000000
 -0.00486053  0.00742001    0.28752612  0.00000000   -0.00486053  0.00742001
  0.00212462  0.00000000   -0.00486053 -0.00742001    0.23204891  0.00000000
    1    2
 -0.06337543 -0.05459415   -0.03612178 -0.04033887   -0.04126797  0.13107734
 -0.03612178 -0.04033887   -0.06209996 -0.07347562   -0.03612178 -0.04033887
 -0.04126797  0.13107734   -0.03612178 -0.04033887   -0.06337543 -0.05459415
    2    1
 -0.06337543  0.05459415   -0.03612178  0.04033887   -0.04126797 -0.13107734
 -0.03612178  0.04033887   -0.06209996  0.07347562   -0.03612178  0.04033887
 -0.04126797 -0.13107734   -0.03612178  0.04033887   -0.06337543  0.05459415
    2    2
  0.23204891  0.00000000   -0.00486053  0.00742001    0.00212462  0.00000000
 -0.00486053 -0.00742001    0.28752612  0.00000000   -0.00486053 -0.00742001
  0.00212462  0.00000000   -0.00486053  0.00742001    0.23204891  0.00000000

     Dynamical  Matrix in cartesian axes

     q = (   -0.250000000   0.750000000  -0.750000000 ) 

    1    1
  0.28752612  0.00000000   -0.00486053  0.00742001    0.00486053 -0.00742001
 -0.00486053 -0.00742001    0.23204891  0.00000000   -0.00212462  0.00000000
  0.00486053  0.00742001   -0.00212462  0.00000000    0.23204891  0.00000000
    1    2
 -0.07347562  0.06209996   -0.04033887  0.03612178    0.04033887 -0.03612178
 -0.04033887  0.03612178   -0.05459415  0.06337543   -0.13107734 -0.04126797
  0.04033887 -0.03612178   -0.13107734 -0.04126797   -0.05459415  0.06337543
    2    1
 -0.07347562 -0.06209996   -0.04033887 -0.03612178    0.04033887  0.03612178
 -0.04033887 -0.03612178   -0.05459415 -0.06337543   -0.13107734  0.04126797
  0.04033887  0.03612178   -0.13107734  0.04126797   -0.05459415 -0.06337543
    2    2
  0.28752612  0.00000000   -0.00486053 -0.00742001    0.00486053  0.00742001
 -0.00486053  0.00742001    0.23204891  0.00000000   -0.00212462  0.00000000
  0.00486053 -0.00742001   -0.00212462  0.00000000    0.23204891  0.00000000

     Dynamical  Matrix in cartesian axes

     q = (   -0.750000000   0.750000000  -0.250000000 ) 

    1    1
  0.23204891  0.00000000   -0.00212462  0.00000000    0.00486053  0.00742001
 -0.00212462  0.00000000    0.23204891  0.00000000   -0.00486053 -0.00742001
  0.00486053 -0.00742001   -0.00486053  0.00742001    0.28752612  0.00000000
    1    2
 -0.05459415  0.06337543   -0.13107734 -0.04126797    0.04033887 -0.03612178
 -0.13107734 -0.04126797   -0.05459415  0.06337543   -0.04033887  0.03612178
  0.04033887 -0.03612178   -0.04033887  0.03612178   -0.07347562  0.06209996
    2    1
 -0.05459415 -0.06337543   -0.13107734  0.04126797    0.04033887  0.03612178
 -0.13107734  0.04126797   -0.05459415 -0.06337543   -0.04033887 -0.03612178
  0.04033887  0.03612178   -0.04033887 -0.03612178   -0.07347562 -0.06209996
    2    2
  0.23204891  0.00000000   -0.00212462  0.00000000    0.00486053 -0.00742001
 -0.00212462  0.00000000    0.23204891  0.00000000   -0.00486053  0.00742001
  0.00486053  0.00742001   -0.00486053 -0.00742001    0.28752612  0.00000000

     Dynamical  Matrix in cartesian axes

     q = (    0.750000000   0.250000000   0.750000000 ) 

    1    1
  0.23204891  0.00000000    0.00486053  0.00742001    0.00212462  0.00000000
  0.00486053 -0.00742001    0.28752612  0.00000000    0.00486053 -0.00742001
  0.00212462  0.00000000    0.00486053  0.00742001    0.23204891  0.00000000
    1    2
  0.05459415 -0.06337543   -0.04033887  0.03612178   -0.13107734 -0.04126797
 -0.04033887  0.03612178    0.07347562 -0.06209996   -0.04033887  0.03612178
 -0.13107734 -0.04126797   -0.04033887  0.03612178    0.05459415 -0.06337543
    2    1
  0.05459415  0.06337543   -0.04033887 -0.03612178   -0.13107734  0.04126797
 -0.04033887 -0.03612178    0.07347562  0.06209996   -0.04033887 -0.03612178
 -0.13107734  0.04126797   -0.04033887 -0.03612178    0.05459415  0.06337543
    2    2
  0.23204891  0.00000000    0.00486053 -0.00742001    0.00212462  0.00000000
  0.00486053  0.00742001    0.28752612  0.00000000    0.00486053  0.00742001
  0.00212462  0.00000000    0.00486053 -0.00742001    0.23204891  0.00000000

     Dynamical  Matrix in cartesian axes

     q = (   -0.750000000   0.250000000   0.750000000 ) 

    1    1
  0.23204891  0.00000000   -0.00486053  0.00742001   -0.00212462  0.00000000
 -0.00486053 -0.00742001    0.28752612  0.00000000    0.00486053  0.00742001
 -0.00212462  0.00000000    0.00486053 -0.00742001    0.23204891  0.00000000
    1    2
 -0.05459415 -0.06337543   -0.04033887 -0.03612178   -0.13107734  0.04126797
 -0.04033887 -0.03612178   -0.07347562 -0.06209996    0.04033887  0.03612178
 -0.13107734  0.04126797    0.04033887  0.03612178   -0.05459415 -0.06337543
    2    1
 -0.05459415  0.06337543   -0.04033887  0.03612178   -0.13107734 -0.04126797
 -0.04033887  0.03612178   -0.07347562  0.06209996    0.04033887 -0.03612178
 -0.13107734 -0.04126797    0.04033887 -0.03612178   -0.05459415  0.06337543
    2    2
  0.23204891  0.00000000   -0.00486053 -0.00742001   -0.00212462  0.00000000
 -0.00486053  0.00742001    0.28752612  0.00000000    0.00486053 -0.00742001
 -0.00212462  0.00000000    0.00486053  0.00742001    0.23204891  0.00000000

     Dynamical  Matrix in cartesian axes

     q = (    0.750000000   0.250000000  -0.750000000 ) 

    1    1
  0.23204891  0.00000000    0.00486053 -0.00742001   -0.00212462  0.00000000
  0.00486053  0.00742001    0.28752612  0.00000000   -0.00486053 -0.00742001
 -0.00212462  0.00000000   -0.00486053  0.00742001    0.23204891  0.00000000
    1    2
 -0.05459415 -0.06337543    0.04033887  0.03612178   -0.13107734  0.04126797
  0.04033887  0.03612178   -0.07347562 -0.06209996   -0.04033887 -0.03612178
 -0.13107734  0.04126797   -0.04033887 -0.03612178   -0.05459415 -0.06337543
    2    1
 -0.05459415  0.06337543    0.04033887 -0.03612178   -0.13107734 -0.04126797
  0.04033887 -0.03612178   -0.07347562  0.06209996   -0.04033887  0.03612178
 -0.13107734 -0.04126797   -0.04033887  0.03612178   -0.05459415  0.06337543
    2    2
  0.23204891  0.00000000    0.00486053  0.00742001   -0.00212462  0.00000000
  0.00486053 -0.00742001    0.28752612  0.00000000   -0.00486053  0.00742001
 -0.00212462  0.00000000   -0.00486053 -0.00742001    0.23204891  0.00000000

     Dynamical  Matrix in cartesian axes

     q = (   -0.750000000   0.750000000   0.250000000 ) 

    1    1
  0.23204891  0.00000000   -0.00212462  0.00000000   -0.00486053  0.00742001
 -0.00212462  0.00000000    0.23204891  0.00000000    0.00486053 -0.00742001
 -0.00486053 -0.00742001    0.00486053  0.00742001    0.28752612  0.00000000
    1    2
 -0.05459415 -0.06337543   -0.13107734  0.04126797   -0.04033887 -0.03612178
 -0.13107734  0.04126797   -0.05459415 -0.06337543    0.04033887  0.03612178
 -0.04033887 -0.03612178    0.04033887  0.03612178   -0.07347562 -0.06209996
    2    1
 -0.05459415  0.06337543   -0.13107734 -0.04126797   -0.04033887  0.03612178
 -0.13107734 -0.04126797   -0.05459415  0.06337543    0.04033887 -0.03612178
 -0.04033887  0.03612178    0.04033887 -0.03612178   -0.07347562  0.06209996
    2    2
  0.23204891  0.00000000   -0.00212462  0.00000000   -0.00486053 -0.00742001
 -0.00212462  0.00000000    0.23204891  0.00000000    0.00486053  0.00742001
 -0.00486053  0.00742001    0.00486053 -0.00742001    0.28752612  0.00000000

     Dynamical  Matrix in cartesian axes

     q = (   -0.250000000   0.750000000   0.750000000 ) 

    1    1
  0.28752612  0.00000000   -0.00486053 -0.00742001   -0.00486053 -0.00742001
 -0.00486053  0.00742001    0.23204891  0.00000000    0.00212462  0.00000000
 -0.00486053  0.00742001    0.00212462  0.00000000    0.23204891  0.00000000
    1    2
 -0.06209996  0.07347562   -0.03612178  0.04033887   -0.03612178  0.04033887
 -0.03612178  0.04033887   -0.06337543  0.05459415   -0.04126797 -0.13107734
 -0.03612178  0.04033887   -0.04126797 -0.13107734   -0.06337543  0.05459415
    2    1
 -0.06209996 -0.07347562   -0.03612178 -0.04033887   -0.03612178 -0.04033887
 -0.03612178 -0.04033887   -0.06337543 -0.05459415   -0.04126797  0.13107734
 -0.03612178 -0.04033887   -0.04126797  0.13107734   -0.06337543 -0.05459415
    2    2
  0.28752612  0.00000000   -0.00486053  0.00742001   -0.00486053  0.00742001
 -0.00486053 -0.00742001    0.23204891  0.00000000    0.00212462  0.00000000
 -0.00486053 -0.00742001    0.00212462  0.00000000    0.23204891  0.00000000

     Dynamical  Matrix in cartesian axes

     q = (    0.250000000   0.750000000  -0.750000000 ) 

    1    1
  0.28752612  0.00000000    0.00486053  0.00742001   -0.00486053 -0.00742001
  0.00486053 -0.00742001    0.23204891  0.00000000   -0.00212462  0.00000000
 -0.00486053  0.00742001   -0.00212462  0.00000000    0.23204891  0.00000000
    1    2
 -0.07347562 -0.06209996    0.04033887  0.03612178   -0.04033887 -0.03612178
  0.04033887  0.03612178   -0.05459415 -0.06337543   -0.13107734  0.04126797
 -0.04033887 -0.03612178   -0.13107734  0.04126797   -0.05459415 -0.06337543
    2    1
 -0.07347562  0.06209996    0.04033887 -0.03612178   -0.04033887  0.03612178
  0.04033887 -0.03612178   -0.05459415  0.06337543   -0.13107734 -0.04126797
 -0.04033887  0.03612178   -0.13107734 -0.04126797   -0.05459415  0.06337543
    2    2
  0.28752612  0.00000000    0.00486053 -0.00742001   -0.00486053  0.00742001
  0.00486053  0.00742001    0.23204891  0.00000000   -0.00212462  0.00000000
 -0.00486053 -0.00742001   -0.00212462  0.00000000    0.23204891  0.00000000

     Dynamical  Matrix in cartesian axes

     q = (   -0.250000000  -0.750000000  -0.750000000 ) 

    1    1
  0.28752612  0.00000000    0.00486053  0.00742001    0.00486053  0.00742001
  0.00486053 -0.00742001    0.23204891  0.00000000    0.00212462  0.00000000
  0.00486053 -0.00742001    0.00212462  0.00000000    0.23204891  0.00000000
    1    2
  0.07347562  0.06209996   -0.04033887 -0.03612178   -0.04033887 -0.03612178
 -0.04033887 -0.03612178    0.05459415  0.06337543   -0.13107734  0.04126797
 -0.04033887 -0.03612178   -0.13107734  0.04126797    0.05459415  0.06337543
    2    1
  0.07347562 -0.06209996   -0.04033887  0.03612178   -0.04033887  0.03612178
 -0.04033887  0.03612178    0.05459415 -0.06337543   -0.13107734 -0.04126797
 -0.04033887  0.03612178   -0.13107734 -0.04126797    0.05459415 -0.06337543
    2    2
  0.28752612  0.00000000    0.00486053 -0.00742001    0.00486053 -0.00742001
  0.00486053  0.00742001    0.23204891  0.00000000    0.00212462  0.00000000
  0.00486053  0.00742001    0.00212462  0.00000000    0.23204891  0.00000000

     Dynamical  Matrix in cartesian axes

     q = (    0.750000000   0.750000000  -0.250000000 ) 

    1    1
  0.23204891  0.00000000    0.00212462  0.00000000   -0.00486053  0.00742001
  0.00212462  0.00000000    0.23204891  0.00000000   -0.00486053  0.00742001
 -0.00486053 -0.00742001   -0.00486053 -0.00742001    0.28752612  0.00000000
    1    2
 -0.06337543  0.05459415   -0.04126797 -0.13107734   -0.03612178  0.04033887
 -0.04126797 -0.13107734   -0.06337543  0.05459415   -0.03612178  0.04033887
 -0.03612178  0.04033887   -0.03612178  0.04033887   -0.06209996  0.07347562
    2    1
 -0.06337543 -0.05459415   -0.04126797  0.13107734   -0.03612178 -0.04033887
 -0.04126797  0.13107734   -0.06337543 -0.05459415   -0.03612178 -0.04033887
 -0.03612178 -0.04033887   -0.03612178 -0.04033887   -0.06209996 -0.07347562
    2    2
  0.23204891  0.00000000    0.00212462  0.00000000   -0.00486053 -0.00742001
  0.00212462  0.00000000    0.23204891  0.00000000   -0.00486053 -0.00742001
 -0.00486053  0.00742001   -0.00486053  0.00742001    0.28752612  0.00000000

     Dynamical  Matrix in cartesian axes

     q = (    0.750000000  -0.750000000   0.250000000 ) 

    1    1
  0.23204891  0.00000000   -0.00212462  0.00000000    0.00486053 -0.00742001
 -0.00212462  0.00000000    0.23204891  0.00000000   -0.00486053  0.00742001
  0.00486053  0.00742001   -0.00486053 -0.00742001    0.28752612  0.00000000
    1    2
 -0.05459415 -0.06337543   -0.13107734  0.04126797    0.04033887  0.03612178
 -0.13107734  0.04126797   -0.05459415 -0.06337543   -0.04033887 -0.03612178
  0.04033887  0.03612178   -0.04033887 -0.03612178   -0.07347562 -0.06209996
    2    1
 -0.05459415  0.06337543   -0.13107734 -0.04126797    0.04033887 -0.03612178
 -0.13107734 -0.04126797   -0.05459415  0.06337543   -0.04033887  0.03612178
  0.04033887 -0.03612178   -0.04033887  0.03612178   -0.07347562  0.06209996
    2    2
  0.23204891  0.00000000   -0.00212462  0.00000000    0.00486053  0.00742001
 -0.00212462  0.00000000    0.23204891  0.00000000   -0.00486053 -0.00742001
  0.00486053 -0.00742001   -0.00486053  0.00742001    0.28752612  0.00000000

     Dynamical  Matrix in cartesian axes

     q = (   -0.750000000  -0.750000000  -0.250000000 ) 

    1    1
  0.23204891  0.00000000    0.00212462  0.00000000    0.00486053 -0.00742001
  0.00212462  0.00000000    0.23204891  0.00000000    0.00486053 -0.00742001
  0.00486053  0.00742001    0.00486053  0.00742001    0.28752612  0.00000000
    1    2
  0.05459415  0.06337543   -0.13107734  0.04126797   -0.04033887 -0.03612178
 -0.13107734  0.04126797    0.05459415  0.06337543   -0.04033887 -0.03612178
 -0.04033887 -0.03612178   -0.04033887 -0.03612178    0.07347562  0.06209996
    2    1
  0.05459415 -0.06337543   -0.13107734 -0.04126797   -0.04033887  0.03612178
 -0.13107734 -0.04126797    0.05459415 -0.06337543   -0.04033887  0.03612178
 -0.04033887  0.03612178   -0.04033887  0.03612178    0.07347562 -0.06209996
    2    2
  0.23204891  0.00000000    0.00212462  0.00000000    0.00486053  0.00742001
  0.00212462  0.00000000    0.23204891  0.00000000    0.00486053  0.00742001
  0.00486053 -0.00742001    0.00486053 -0.00742001    0.28752612  0.00000000

     Dynamical  Matrix in cartesian axes

     q = (    0.250000000  -0.750000000   0.750000000 ) 

    1    1
  0.28752612  0.00000000   -0.00486053 -0.00742001    0.00486053  0.00742001
 -0.00486053  0.00742001    0.23204891  0.00000000   -0.00212462  0.00000000
  0.00486053 -0.00742001   -0.00212462  0.00000000    0.23204891  0.00000000
    1    2
 -0.07347562 -0.06209996   -0.04033887 -0.03612178    0.04033887  0.03612178
 -0.04033887 -0.03612178   -0.05459415 -0.06337543   -0.13107734  0.04126797
  0.04033887  0.03612178   -0.13107734  0.04126797   -0.05459415 -0.06337543
    2    1
 -0.07347562  0.06209996   -0.04033887  0.03612178    0.04033887 -0.03612178
 -0.04033887  0.03612178   -0.05459415  0.06337543   -0.13107734 -0.04126797
  0.04033887 -0.03612178   -0.13107734 -0.04126797   -0.05459415  0.06337543
    2    2
  0.28752612  0.00000000   -0.00486053  0.00742001    0.00486053 -0.00742001
 -0.00486053 -0.00742001    0.23204891  0.00000000   -0.00212462  0.00000000
  0.00486053  0.00742001   -0.00212462  0.00000000    0.23204891  0.00000000

     Dynamical  Matrix in cartesian axes

     q = (   -0.750000000  -0.750000000   0.250000000 ) 

    1    1
  0.23204891  0.00000000    0.00212462  0.00000000   -0.00486053 -0.00742001
  0.00212462  0.00000000    0.23204891  0.00000000   -0.00486053 -0.00742001
 -0.00486053  0.00742001   -0.00486053  0.00742001    0.28752612  0.00000000
    1    2
 -0.06337543 -0.05459415   -0.04126797  0.13107734   -0.03612178 -0.04033887
 -0.04126797  0.13107734   -0.06337543 -0.05459415   -0.03612178 -0.04033887
 -0.03612178 -0.04033887   -0.03612178 -0.04033887   -0.06209996 -0.07347562
    2    1
 -0.06337543  0.05459415   -0.04126797 -0.13107734   -0.03612178  0.04033887
 -0.04126797 -0.13107734   -0.06337543  0.05459415   -0.03612178  0.04033887
 -0.03612178  0.04033887   -0.03612178  0.04033887   -0.06209996  0.07347562
    2    2
  0.23204891  0.00000000    0.00212462  0.00000000   -0.00486053  0.00742001
  0.00212462  0.00000000    0.23204891  0.00000000   -0.00486053  0.00742001
 -0.00486053 -0.00742001   -0.00486053 -0.00742001    0.28752612  0.00000000

     Dynamical  Matrix in cartesian axes

     q = (    0.250000000   0.750000000   0.750000000 ) 

    1    1
  0.28752612  0.00000000    0.00486053 -0.00742001    0.00486053 -0.00742001
  0.00486053  0.00742001    0.23204891  0.00000000    0.00212462  0.00000000
  0.00486053  0.00742001    0.00212462  0.00000000    0.23204891  0.00000000
    1    2
  0.07347562 -0.06209996   -0.04033887  0.03612178   -0.04033887  0.03612178
 -0.04033887  0.03612178    0.05459415 -0.06337543   -0.13107734 -0.04126797
 -0.04033887  0.03612178   -0.13107734 -0.04126797    0.05459415 -0.06337543
    2    1
  0.07347562  0.06209996   -0.04033887 -0.03612178   -0.04033887 -0.03612178
 -0.04033887 -0.03612178    0.05459415  0.06337543   -0.13107734  0.04126797
 -0.04033887 -0.03612178   -0.13107734  0.04126797    0.05459415  0.06337543
    2    2
  0.28752612  0.00000000    0.00486053  0.00742001    0.00486053  0.00742001
  0.00486053 -0.00742001    0.23204891  0.00000000    0.00212462  0.00000000
  0.00486053 -0.00742001    0.00212462  0.00000000    0.23204891  0.00000000

     Dynamical  Matrix in cartesian axes

     q = (   -0.250000000  -0.750000000   0.750000000 ) 

    1    1
  0.28752612  0.00000000    0.00486053 -0.00742001   -0.00486053  0.00742001
  0.00486053  0.00742001    0.23204891  0.00000000   -0.00212462  0.00000000
 -0.00486053 -0.00742001   -0.00212462  0.00000000    0.23204891  0.00000000
    1    2
 -0.07347562  0.06209996    0.04033887 -0.03612178   -0.04033887  0.03612178
  0.04033887 -0.03612178   -0.05459415  0.06337543   -0.13107734 -0.04126797
 -0.04033887  0.03612178   -0.13107734 -0.04126797   -0.05459415  0.06337543
    2    1
 -0.07347562 -0.06209996    0.04033887  0.03612178   -0.04033887 -0.03612178
  0.04033887  0.03612178   -0.05459415 -0.06337543   -0.13107734  0.04126797
 -0.04033887 -0.03612178   -0.13107734  0.04126797   -0.05459415 -0.06337543
    2    2
  0.28752612  0.00000000    0.00486053  0.00742001   -0.00486053 -0.00742001
  0.00486053 -0.00742001    0.23204891  0.00000000   -0.00212462  0.00000000
 -0.00486053  0.00742001   -0.00212462  0.00000000    0.23204891  0.00000000

     Dynamical  Matrix in cartesian axes

     q = (    0.750000000   0.750000000   0.250000000 ) 

    1    1
  0.23204891  0.00000000    0.00212462  0.00000000    0.00486053  0.00742001
  0.00212462  0.00000000    0.23204891  0.00000000    0.00486053  0.00742001
  0.00486053 -0.00742001    0.00486053 -0.00742001    0.28752612  0.00000000
    1    2
  0.05459415 -0.06337543   -0.13107734 -0.04126797   -0.04033887  0.03612178
 -0.13107734 -0.04126797    0.05459415 -0.06337543   -0.04033887  0.03612178
 -0.04033887  0.03612178   -0.04033887  0.03612178    0.07347562 -0.06209996
    2    1
  0.05459415  0.06337543   -0.13107734  0.04126797   -0.04033887 -0.03612178
 -0.13107734  0.04126797    0.05459415  0.06337543   -0.04033887 -0.03612178
 -0.04033887 -0.03612178   -0.04033887 -0.03612178    0.07347562  0.06209996
    2    2
  0.23204891  0.00000000    0.00212462  0.00000000    0.00486053 -0.00742001
  0.00212462  0.00000000    0.23204891  0.00000000    0.00486053 -0.00742001
  0.00486053  0.00742001    0.00486053  0.00742001    0.28752612  0.00000000

     Dynamical  Matrix in cartesian axes

     q = (    0.250000000  -0.750000000  -0.750000000 ) 

    1    1
  0.28752612  0.00000000   -0.00486053  0.00742001   -0.00486053  0.00742001
 -0.00486053 -0.00742001    0.23204891  0.00000000    0.00212462  0.00000000
 -0.00486053 -0.00742001    0.00212462  0.00000000    0.23204891  0.00000000
    1    2
 -0.06209996 -0.07347562   -0.03612178 -0.04033887   -0.03612178 -0.04033887
 -0.03612178 -0.04033887   -0.06337543 -0.05459415   -0.04126797  0.13107734
 -0.03612178 -0.04033887   -0.04126797  0.13107734   -0.06337543 -0.05459415
    2    1
 -0.06209996  0.07347562   -0.03612178  0.04033887   -0.03612178  0.04033887
 -0.03612178  0.04033887   -0.06337543  0.05459415   -0.04126797 -0.13107734
 -0.03612178  0.04033887   -0.04126797 -0.13107734   -0.06337543  0.05459415
    2    2
  0.28752612  0.00000000   -0.00486053 -0.00742001   -0.00486053 -0.00742001
 -0.00486053  0.00742001    0.23204891  0.00000000    0.00212462  0.00000000
 -0.00486053  0.00742001    0.00212462  0.00000000    0.23204891  0.00000000

     Dynamical  Matrix in cartesian axes

     q = (    0.750000000  -0.750000000  -0.250000000 ) 

    1    1
  0.23204891  0.00000000   -0.00212462  0.00000000   -0.00486053 -0.00742001
 -0.00212462  0.00000000    0.23204891  0.00000000    0.00486053  0.00742001
 -0.00486053  0.00742001    0.00486053 -0.00742001    0.28752612  0.00000000
    1    2
 -0.05459415  0.06337543   -0.13107734 -0.04126797   -0.04033887  0.03612178
 -0.13107734 -0.04126797   -0.05459415  0.06337543    0.04033887 -0.03612178
 -0.04033887  0.03612178    0.04033887 -0.03612178   -0.07347562  0.06209996
    2    1
 -0.05459415 -0.06337543   -0.13107734  0.04126797   -0.04033887 -0.03612178
 -0.13107734  0.04126797   -0.05459415 -0.06337543    0.04033887  0.03612178
 -0.04033887 -0.03612178    0.04033887  0.03612178   -0.07347562 -0.06209996
    2    2
  0.23204891  0.00000000   -0.00212462  0.00000000   -0.00486053  0.00742001
 -0.00212462  0.00000000    0.23204891  0.00000000    0.00486053 -0.00742001
 -0.00486053 -0.00742001    0.00486053  0.00742001    0.28752612  0.00000000

     Diagonalizing the dynamical matrix

     q = (    0.750000000  -0.250000000   0.750000000 ) 

 **************************************************************************
     freq (    1) =       4.260912 [THz] =     142.128729 [cm-1]
 (  0.059116 -0.496493 -0.000000 -0.000000 -0.059116  0.496493 ) 
 (  0.500000 -0.000000  0.000000 -0.000000 -0.500000  0.000000 ) 
     freq (    2) =       5.524556 [THz] =     184.279363 [cm-1]
 ( -0.398612 -0.194485 -0.299231  0.130495 -0.398612 -0.194485 ) 
 ( -0.443527  0.000000 -0.211707 -0.248492 -0.443527  0.000000 ) 
     freq (    3) =       9.010227 [THz] =     300.548835 [cm-1]
 (  0.128785 -0.247758  0.395405  0.433261  0.128785 -0.247758 ) 
 ( -0.279231 -0.000000  0.202062  0.550665 -0.279231  0.000000 ) 
     freq (    4) =      11.934359 [THz] =     398.087365 [cm-1]
 (  0.116915  0.312613 -0.415838 -0.322933  0.116915  0.312613 ) 
 ( -0.333761 -0.000000  0.448138  0.276368 -0.333761  0.000000 ) 
     freq (    5) =      13.276536 [THz] =     442.857572 [cm-1]
 (  0.059116 -0.496493 -0.000000  0.000000 -0.059116  0.496493 ) 
 ( -0.500000  0.000000  0.000000  0.000000  0.500000  0.000000 ) 
     freq (    6) =      13.675174 [THz] =     456.154720 [cm-1]
 ( -0.301651 -0.151408 -0.477304  0.210584 -0.301651 -0.151408 ) 
 (  0.337517 -0.000000  0.332117  0.402321  0.337517 -0.000000 ) 
 **************************************************************************
