Dynamical matrix file
                                                                           
  1    2  2 10.3402000  0.0000000  0.0000000  0.0000000  0.0000000  0.0000000
           1  'Si  '    25598.822984527003     
    1    1      0.0000000000      0.0000000000      0.0000000000
    2    1      0.2500000000      0.2500000000      0.2500000000

     Dynamical  Matrix in cartesian axes

     q = (   -0.250000000   0.250000000  -0.250000000 ) 

    1    1
  0.26851889  0.00000000   -0.01090430  0.00000000    0.01090430  0.00000000
 -0.01090430  0.00000000    0.26851889  0.00000000   -0.01090430  0.00000000
  0.01090430  0.00000000   -0.01090430  0.00000000    0.26851889  0.00000000
    1    2
 -0.19310184 -0.05547132   -0.03648272  0.03721385    0.03648272 -0.03721385
 -0.03648272  0.03721385   -0.19310184 -0.05547132   -0.03648272  0.03721385
  0.03648272 -0.03721385   -0.03648272  0.03721385   -0.19310184 -0.05547132
    2    1
 -0.19310184  0.05547132   -0.03648272 -0.03721385    0.03648272  0.03721385
 -0.03648272 -0.03721385   -0.19310184  0.05547132   -0.03648272 -0.03721385
  0.03648272  0.03721385   -0.03648272 -0.03721385   -0.19310184  0.05547132
    2    2
  0.26851889  0.00000000   -0.01090430  0.00000000    0.01090430  0.00000000
 -0.01090430  0.00000000    0.26851889  0.00000000   -0.01090430  0.00000000
  0.01090430  0.00000000   -0.01090430  0.00000000    0.26851889  0.00000000

     Dynamical  Matrix in cartesian axes

     q = (    0.250000000  -0.250000000  -0.250000000 ) 

    1    1
  0.26851889  0.00000000   -0.01090430  0.00000000   -0.01090430  0.00000000
 -0.01090430  0.00000000    0.26851889  0.00000000    0.01090430  0.00000000
 -0.01090430  0.00000000    0.01090430  0.00000000    0.26851889  0.00000000
    1    2
 -0.19310184 -0.05547132   -0.03648272  0.03721385   -0.03648272  0.03721385
 -0.03648272  0.03721385   -0.19310184 -0.05547132    0.03648272 -0.03721385
 -0.03648272  0.03721385    0.03648272 -0.03721385   -0.19310184 -0.05547132
    2    1
 -0.19310184  0.05547132   -0.03648272 -0.03721385   -0.03648272 -0.03721385
 -0.03648272 -0.03721385   -0.19310184  0.05547132    0.03648272  0.03721385
 -0.03648272 -0.03721385    0.03648272  0.03721385   -0.19310184  0.05547132
    2    2
  0.26851889  0.00000000   -0.01090430  0.00000000   -0.01090430  0.00000000
 -0.01090430  0.00000000    0.26851889  0.00000000    0.01090430  0.00000000
 -0.01090430  0.00000000    0.01090430  0.00000000    0.26851889  0.00000000

     Dynamical  Matrix in cartesian axes

     q = (    0.250000000  -0.250000000   0.250000000 ) 

    1    1
  0.26851889  0.00000000   -0.01090430  0.00000000    0.01090430  0.00000000
 -0.01090430  0.00000000    0.26851889  0.00000000   -0.01090430  0.00000000
  0.01090430  0.00000000   -0.01090430  0.00000000    0.26851889  0.00000000
    1    2
 -0.19310184  0.05547132   -0.03648272 -0.03721385    0.03648272  0.03721385
 -0.03648272 -0.03721385   -0.19310184  0.05547132   -0.03648272 -0.03721385
  0.03648272  0.03721385   -0.03648272 -0.03721385   -0.19310184  0.05547132
    2    1
 -0.19310184 -0.05547132   -0.03648272  0.03721385    0.03648272 -0.03721385
 -0.03648272  0.03721385   -0.19310184 -0.05547132   -0.03648272  0.03721385
  0.03648272 -0.03721385   -0.03648272  0.03721385   -0.19310184 -0.05547132
    2    2
  0.26851889  0.00000000   -0.01090430  0.00000000    0.01090430  0.00000000
 -0.01090430  0.00000000    0.26851889  0.00000000   -0.01090430  0.00000000
  0.01090430  0.00000000   -0.01090430  0.00000000    0.26851889  0.00000000

     Dynamical  Matrix in cartesian axes

     q = (    0.250000000   0.250000000   0.250000000 ) 

    1    1
  0.26851889  0.00000000    0.01090430  0.00000000    0.01090430  0.00000000
  0.01090430  0.00000000    0.26851889  0.00000000    0.01090430  0.00000000
  0.01090430  0.00000000    0.01090430  0.00000000    0.26851889  0.00000000
    1    2
 -0.05547132  0.19310184   -0.03721385 -0.03648272   -0.03721385 -0.03648272
 -0.03721385 -0.03648272   -0.05547132  0.19310184   -0.03721385 -0.03648272
 -0.03721385 -0.03648272   -0.03721385 -0.03648272   -0.05547132  0.19310184
    2    1
 -0.05547132 -0.19310184   -0.03721385  0.03648272   -0.03721385  0.03648272
 -0.03721385  0.03648272   -0.05547132 -0.19310184   -0.03721385  0.03648272
 -0.03721385  0.03648272   -0.03721385  0.03648272   -0.05547132 -0.19310184
    2    2
  0.26851889  0.00000000    0.01090430  0.00000000    0.01090430  0.00000000
  0.01090430  0.00000000    0.26851889  0.00000000    0.01090430  0.00000000
  0.01090430  0.00000000    0.01090430  0.00000000    0.26851889  0.00000000

     Dynamical  Matrix in cartesian axes

     q = (   -0.250000000  -0.250000000  -0.250000000 ) 

    1    1
  0.26851889  0.00000000    0.01090430  0.00000000    0.01090430  0.00000000
  0.01090430  0.00000000    0.26851889  0.00000000    0.01090430  0.00000000
  0.01090430  0.00000000    0.01090430  0.00000000    0.26851889  0.00000000
    1    2
 -0.05547132 -0.19310184   -0.03721385  0.03648272   -0.03721385  0.03648272
 -0.03721385  0.03648272   -0.05547132 -0.19310184   -0.03721385  0.03648272
 -0.03721385  0.03648272   -0.03721385  0.03648272   -0.05547132 -0.19310184
    2    1
 -0.05547132  0.19310184   -0.03721385 -0.03648272   -0.03721385 -0.03648272
 -0.03721385 -0.03648272   -0.05547132  0.19310184   -0.03721385 -0.03648272
 -0.03721385 -0.03648272   -0.03721385 -0.03648272   -0.05547132  0.19310184
    2    2
  0.26851889  0.00000000    0.01090430  0.00000000    0.01090430  0.00000000
  0.01090430  0.00000000    0.26851889  0.00000000    0.01090430  0.00000000
  0.01090430  0.00000000    0.01090430  0.00000000    0.26851889  0.00000000

     Dynamical  Matrix in cartesian axes

     q = (   -0.250000000  -0.250000000   0.250000000 ) 

    1    1
  0.26851889  0.00000000    0.01090430  0.00000000   -0.01090430  0.00000000
  0.01090430  0.00000000    0.26851889  0.00000000   -0.01090430  0.00000000
 -0.01090430  0.00000000   -0.01090430  0.00000000    0.26851889  0.00000000
    1    2
 -0.19310184 -0.05547132    0.03648272 -0.03721385   -0.03648272  0.03721385
  0.03648272 -0.03721385   -0.19310184 -0.05547132   -0.03648272  0.03721385
 -0.03648272  0.03721385   -0.03648272  0.03721385   -0.19310184 -0.05547132
    2    1
 -0.19310184  0.05547132    0.03648272  0.03721385   -0.03648272 -0.03721385
  0.03648272  0.03721385   -0.19310184  0.05547132   -0.03648272 -0.03721385
 -0.03648272 -0.03721385   -0.03648272 -0.03721385   -0.19310184  0.05547132
    2    2
  0.26851889  0.00000000    0.01090430  0.00000000   -0.01090430  0.00000000
  0.01090430  0.00000000    0.26851889  0.00000000   -0.01090430  0.00000000
 -0.01090430  0.00000000   -0.01090430  0.00000000    0.26851889  0.00000000

     Dynamical  Matrix in cartesian axes

     q = (   -0.250000000   0.250000000   0.250000000 ) 

    1    1
  0.26851889  0.00000000   -0.01090430  0.00000000   -0.01090430  0.00000000
 -0.01090430  0.00000000    0.26851889  0.00000000    0.01090430  0.00000000
 -0.01090430  0.00000000    0.01090430  0.00000000    0.26851889  0.00000000
    1    2
 -0.19310184  0.05547132   -0.03648272 -0.03721385   -0.03648272 -0.03721385
 -0.03648272 -0.03721385   -0.19310184  0.05547132    0.03648272  0.03721385
 -0.03648272 -0.03721385    0.03648272  0.03721385   -0.19310184  0.05547132
    2    1
 -0.19310184 -0.05547132   -0.03648272  0.03721385   -0.03648272  0.03721385
 -0.03648272  0.03721385   -0.19310184 -0.05547132    0.03648272 -0.03721385
 -0.03648272  0.03721385    0.03648272 -0.03721385   -0.19310184 -0.05547132
    2    2
  0.26851889  0.00000000   -0.01090430  0.00000000   -0.01090430  0.00000000
 -0.01090430  0.00000000    0.26851889  0.00000000    0.01090430  0.00000000
 -0.01090430  0.00000000    0.01090430  0.00000000    0.26851889  0.00000000

     Dynamical  Matrix in cartesian axes

     q = (    0.250000000   0.250000000  -0.250000000 ) 

    1    1
  0.26851889  0.00000000    0.01090430  0.00000000   -0.01090430  0.00000000
  0.01090430  0.00000000    0.26851889  0.00000000   -0.01090430  0.00000000
 -0.01090430  0.00000000   -0.01090430  0.00000000    0.26851889  0.00000000
    1    2
 -0.19310184  0.05547132    0.03648272  0.03721385   -0.03648272 -0.03721385
  0.03648272  0.03721385   -0.19310184  0.05547132   -0.03648272 -0.03721385
 -0.03648272 -0.03721385   -0.03648272 -0.03721385   -0.19310184  0.05547132
    2    1
 -0.19310184 -0.05547132    0.03648272 -0.03721385   -0.03648272  0.03721385
  0.03648272 -0.03721385   -0.19310184 -0.05547132   -0.03648272  0.03721385
 -0.03648272  0.03721385   -0.03648272  0.03721385   -0.19310184 -0.05547132
    2    2
  0.26851889  0.00000000    0.01090430  0.00000000   -0.01090430  0.00000000
  0.01090430  0.00000000    0.26851889  0.00000000   -0.01090430  0.00000000
 -0.01090430  0.00000000   -0.01090430  0.00000000    0.26851889  0.00000000

     Diagonalizing the dynamical matrix

     q = (   -0.250000000   0.250000000  -0.250000000 ) 

 **************************************************************************
     freq (    1) =       3.397722 [THz] =     113.335816 [cm-1]
 ( -0.501358  0.215048 -0.363636  0.226000  0.137722  0.010952 ) 
 ( -0.482733  0.254115 -0.344576  0.254115  0.138157  0.000000 ) 
     freq (    2) =       3.397722 [THz] =     113.335816 [cm-1]
 ( -0.172815 -0.076569  0.385997 -0.032130  0.558812  0.044439 ) 
 ( -0.178341 -0.062628  0.382235 -0.062628  0.560577  0.000000 ) 
     freq (    3) =       6.923957 [THz] =     230.958345 [cm-1]
 ( -0.277193 -0.299718  0.277193  0.299718 -0.277193 -0.299718 ) 
 ( -0.408248 -0.000000  0.408248 -0.000000 -0.408248  0.000000 ) 
     freq (    4) =      14.055496 [THz] =     468.840879 [cm-1]
 ( -0.277193 -0.299718  0.277193  0.299718 -0.277193 -0.299718 ) 
 (  0.408248  0.000000 -0.408248  0.000000  0.408248  0.000000 ) 
     freq (    5) =      14.362866 [THz] =     479.093645 [cm-1]
 (  0.287882  0.023125 -0.287651 -0.022644 -0.575533 -0.045769 ) 
 ( -0.288809 -0.000231  0.288541 -0.000231  0.577350  0.000000 ) 
     freq (    6) =      14.362866 [THz] =     479.093645 [cm-1]
 (  0.216494  0.450614  0.216801  0.450638  0.000307  0.000024 ) 
 ( -0.251534 -0.432034 -0.251842 -0.432034 -0.000308  0.000000 ) 
 **************************************************************************
