Dynamical matrix file
                                                                           
  1    2  2 10.3240000  0.0000000  0.0000000  0.0000000  0.0000000  0.0000000
           1  'Si  '    25598.822984527003     
    1    1      0.0000000000      0.0000000000      0.0000000000
    2    1      0.2500000000      0.2500000000      0.2500000000

     Dynamical  Matrix in cartesian axes

     q = (    0.750000000  -0.250000000   0.750000000 ) 

    1    1
  0.24735336  0.00000000   -0.00634106  0.00769996    0.00590930  0.00000000
 -0.00634106 -0.00769996    0.29871881  0.00000000   -0.00634106 -0.00769996
  0.00590930  0.00000000   -0.00634106  0.00769996    0.24735336  0.00000000
    1    2
 -0.06069305  0.06181960   -0.04127127  0.04368611   -0.04163517 -0.13648509
 -0.04127127  0.04368611   -0.05907013  0.08028676   -0.04127127  0.04368611
 -0.04163517 -0.13648509   -0.04127127  0.04368611   -0.06069305  0.06181960
    2    1
 -0.06069305 -0.06181960   -0.04127127 -0.04368611   -0.04163517  0.13648509
 -0.04127127 -0.04368611   -0.05907013 -0.08028676   -0.04127127 -0.04368611
 -0.04163517  0.13648509   -0.04127127 -0.04368611   -0.06069305 -0.06181960
    2    2
  0.24735336  0.00000000   -0.00634106 -0.00769996    0.00590930  0.00000000
 -0.00634106  0.00769996    0.29871881  0.00000000   -0.00634106  0.00769996
  0.00590930  0.00000000   -0.00634106 -0.00769996    0.24735336  0.00000000

     Dynamical  Matrix in cartesian axes

     q = (    0.750000000  -0.250000000  -0.750000000 ) 

    1    1
  0.24735336  0.00000000   -0.00634106 -0.00769996   -0.00590930  0.00000000
 -0.00634106  0.00769996    0.29871881  0.00000000    0.00634106 -0.00769996
 -0.00590930  0.00000000    0.00634106  0.00769996    0.24735336  0.00000000
    1    2
 -0.06181960  0.06069305   -0.04368611  0.04127127   -0.13648509 -0.04163517
 -0.04368611  0.04127127   -0.08028676  0.05907013    0.04368611 -0.04127127
 -0.13648509 -0.04163517    0.04368611 -0.04127127   -0.06181960  0.06069305
    2    1
 -0.06181960 -0.06069305   -0.04368611 -0.04127127   -0.13648509  0.04163517
 -0.04368611 -0.04127127   -0.08028676 -0.05907013    0.04368611  0.04127127
 -0.13648509  0.04163517    0.04368611  0.04127127   -0.06181960 -0.06069305
    2    2
  0.24735336  0.00000000   -0.00634106  0.00769996   -0.00590930  0.00000000
 -0.00634106 -0.00769996    0.29871881  0.00000000    0.00634106  0.00769996
 -0.00590930  0.00000000    0.00634106 -0.00769996    0.24735336  0.00000000

     Dynamical  Matrix in cartesian axes

     q = (   -0.750000000  -0.250000000  -0.750000000 ) 

    1    1
  0.24735336  0.00000000    0.00634106 -0.00769996    0.00590930  0.00000000
  0.00634106  0.00769996    0.29871881  0.00000000    0.00634106  0.00769996
  0.00590930  0.00000000    0.00634106 -0.00769996    0.24735336  0.00000000
    1    2
  0.06181960  0.06069305   -0.04368611 -0.04127127   -0.13648509  0.04163517
 -0.04368611 -0.04127127    0.08028676  0.05907013   -0.04368611 -0.04127127
 -0.13648509  0.04163517   -0.04368611 -0.04127127    0.06181960  0.06069305
    2    1
  0.06181960 -0.06069305   -0.04368611  0.04127127   -0.13648509 -0.04163517
 -0.04368611  0.04127127    0.08028676 -0.05907013   -0.04368611  0.04127127
 -0.13648509 -0.04163517   -0.04368611  0.04127127    0.06181960 -0.06069305
    2    2
  0.24735336  0.00000000    0.00634106  0.00769996    0.00590930  0.00000000
  0.00634106 -0.00769996    0.29871881  0.00000000    0.00634106 -0.00769996
  0.00590930  0.00000000    0.00634106  0.00769996    0.24735336  0.00000000

     Dynamical  Matrix in cartesian axes

     q = (   -0.750000000  -0.250000000   0.750000000 ) 

    1    1
  0.24735336  0.00000000    0.00634106  0.00769996   -0.00590930  0.00000000
  0.00634106 -0.00769996    0.29871881  0.00000000   -0.00634106  0.00769996
 -0.00590930  0.00000000   -0.00634106 -0.00769996    0.24735336  0.00000000
    1    2
 -0.06181960  0.06069305    0.04368611 -0.04127127   -0.13648509 -0.04163517
  0.04368611 -0.04127127   -0.08028676  0.05907013   -0.04368611  0.04127127
 -0.13648509 -0.04163517   -0.04368611  0.04127127   -0.06181960  0.06069305
    2    1
 -0.06181960 -0.06069305    0.04368611  0.04127127   -0.13648509  0.04163517
  0.04368611  0.04127127   -0.08028676 -0.05907013   -0.04368611 -0.04127127
 -0.13648509  0.04163517   -0.04368611 -0.04127127   -0.06181960 -0.06069305
    2    2
  0.24735336  0.00000000    0.00634106 -0.00769996   -0.00590930  0.00000000
  0.00634106  0.00769996    0.29871881  0.00000000   -0.00634106 -0.00769996
 -0.00590930  0.00000000   -0.00634106  0.00769996    0.24735336  0.00000000

     Dynamical  Matrix in cartesian axes

     q = (   -0.750000000   0.250000000  -0.750000000 ) 

    1    1
  0.24735336  0.00000000   -0.00634106 -0.00769996    0.00590930  0.00000000
 -0.00634106  0.00769996    0.29871881  0.00000000   -0.00634106  0.00769996
  0.00590930  0.00000000   -0.00634106 -0.00769996    0.24735336  0.00000000
    1    2
 -0.06069305 -0.06181960   -0.04127127 -0.04368611   -0.04163517  0.13648509
 -0.04127127 -0.04368611   -0.05907013 -0.08028676   -0.04127127 -0.04368611
 -0.04163517  0.13648509   -0.04127127 -0.04368611   -0.06069305 -0.06181960
    2    1
 -0.06069305  0.06181960   -0.04127127  0.04368611   -0.04163517 -0.13648509
 -0.04127127  0.04368611   -0.05907013  0.08028676   -0.04127127  0.04368611
 -0.04163517 -0.13648509   -0.04127127  0.04368611   -0.06069305  0.06181960
    2    2
  0.24735336  0.00000000   -0.00634106  0.00769996    0.00590930  0.00000000
 -0.00634106 -0.00769996    0.29871881  0.00000000   -0.00634106 -0.00769996
  0.00590930  0.00000000   -0.00634106  0.00769996    0.24735336  0.00000000

     Dynamical  Matrix in cartesian axes

     q = (   -0.250000000   0.750000000  -0.750000000 ) 

    1    1
  0.29871881  0.00000000   -0.00634106  0.00769996    0.00634106 -0.00769996
 -0.00634106 -0.00769996    0.24735336  0.00000000   -0.00590930  0.00000000
  0.00634106  0.00769996   -0.00590930  0.00000000    0.24735336  0.00000000
    1    2
 -0.08028676  0.05907013   -0.04368611  0.04127127    0.04368611 -0.04127127
 -0.04368611  0.04127127   -0.06181960  0.06069305   -0.13648509 -0.04163517
  0.04368611 -0.04127127   -0.13648509 -0.04163517   -0.06181960  0.06069305
    2    1
 -0.08028676 -0.05907013   -0.04368611 -0.04127127    0.04368611  0.04127127
 -0.04368611 -0.04127127   -0.06181960 -0.06069305   -0.13648509  0.04163517
  0.04368611  0.04127127   -0.13648509  0.04163517   -0.06181960 -0.06069305
    2    2
  0.29871881  0.00000000   -0.00634106 -0.00769996    0.00634106  0.00769996
 -0.00634106  0.00769996    0.24735336  0.00000000   -0.00590930  0.00000000
  0.00634106 -0.00769996   -0.00590930  0.00000000    0.24735336  0.00000000

     Dynamical  Matrix in cartesian axes

     q = (   -0.750000000   0.750000000  -0.250000000 ) 

    1    1
  0.24735336  0.00000000   -0.00590930  0.00000000    0.00634106  0.00769996
 -0.00590930  0.00000000    0.24735336  0.00000000   -0.00634106 -0.00769996
  0.00634106 -0.00769996   -0.00634106  0.00769996    0.29871881  0.00000000
    1    2
 -0.06181960  0.06069305   -0.13648509 -0.04163517    0.04368611 -0.04127127
 -0.13648509 -0.04163517   -0.06181960  0.06069305   -0.04368611  0.04127127
  0.04368611 -0.04127127   -0.04368611  0.04127127   -0.08028676  0.05907013
    2    1
 -0.06181960 -0.06069305   -0.13648509  0.04163517    0.04368611  0.04127127
 -0.13648509  0.04163517   -0.06181960 -0.06069305   -0.04368611 -0.04127127
  0.04368611  0.04127127   -0.04368611 -0.04127127   -0.08028676 -0.05907013
    2    2
  0.24735336  0.00000000   -0.00590930  0.00000000    0.00634106 -0.00769996
 -0.00590930  0.00000000    0.24735336  0.00000000   -0.00634106  0.00769996
  0.00634106  0.00769996   -0.00634106 -0.00769996    0.29871881  0.00000000

     Dynamical  Matrix in cartesian axes

     q = (    0.750000000   0.250000000   0.750000000 ) 

    1    1
  0.24735336  0.00000000    0.00634106  0.00769996    0.00590930  0.00000000
  0.00634106 -0.00769996    0.29871881  0.00000000    0.00634106 -0.00769996
  0.00590930  0.00000000    0.00634106  0.00769996    0.24735336  0.00000000
    1    2
  0.06181960 -0.06069305   -0.04368611  0.04127127   -0.13648509 -0.04163517
 -0.04368611  0.04127127    0.08028676 -0.05907013   -0.04368611  0.04127127
 -0.13648509 -0.04163517   -0.04368611  0.04127127    0.06181960 -0.06069305
    2    1
  0.06181960  0.06069305   -0.04368611 -0.04127127   -0.13648509  0.04163517
 -0.04368611 -0.04127127    0.08028676  0.05907013   -0.04368611 -0.04127127
 -0.13648509  0.04163517   -0.04368611 -0.04127127    0.06181960  0.06069305
    2    2
  0.24735336  0.00000000    0.00634106 -0.00769996    0.00590930  0.00000000
  0.00634106  0.00769996    0.29871881  0.00000000    0.00634106  0.00769996
  0.00590930  0.00000000    0.00634106 -0.00769996    0.24735336  0.00000000

     Dynamical  Matrix in cartesian axes

     q = (   -0.750000000   0.250000000   0.750000000 ) 

    1    1
  0.24735336  0.00000000   -0.00634106  0.00769996   -0.00590930  0.00000000
 -0.00634106 -0.00769996    0.29871881  0.00000000    0.00634106  0.00769996
 -0.00590930  0.00000000    0.00634106 -0.00769996    0.24735336  0.00000000
    1    2
 -0.06181960 -0.06069305   -0.04368611 -0.04127127   -0.13648509  0.04163517
 -0.04368611 -0.04127127   -0.08028676 -0.05907013    0.04368611  0.04127127
 -0.13648509  0.04163517    0.04368611  0.04127127   -0.06181960 -0.06069305
    2    1
 -0.06181960  0.06069305   -0.04368611  0.04127127   -0.13648509 -0.04163517
 -0.04368611  0.04127127   -0.08028676  0.05907013    0.04368611 -0.04127127
 -0.13648509 -0.04163517    0.04368611 -0.04127127   -0.06181960  0.06069305
    2    2
  0.24735336  0.00000000   -0.00634106 -0.00769996   -0.00590930  0.00000000
 -0.00634106  0.00769996    0.29871881  0.00000000    0.00634106 -0.00769996
 -0.00590930  0.00000000    0.00634106  0.00769996    0.24735336  0.00000000

     Dynamical  Matrix in cartesian axes

     q = (    0.750000000   0.250000000  -0.750000000 ) 

    1    1
  0.24735336  0.00000000    0.00634106 -0.00769996   -0.00590930  0.00000000
  0.00634106  0.00769996    0.29871881  0.00000000   -0.00634106 -0.00769996
 -0.00590930  0.00000000   -0.00634106  0.00769996    0.24735336  0.00000000
    1    2
 -0.06181960 -0.06069305    0.04368611  0.04127127   -0.13648509  0.04163517
  0.04368611  0.04127127   -0.08028676 -0.05907013   -0.04368611 -0.04127127
 -0.13648509  0.04163517   -0.04368611 -0.04127127   -0.06181960 -0.06069305
    2    1
 -0.06181960  0.06069305    0.04368611 -0.04127127   -0.13648509 -0.04163517
  0.04368611 -0.04127127   -0.08028676  0.05907013   -0.04368611  0.04127127
 -0.13648509 -0.04163517   -0.04368611  0.04127127   -0.06181960  0.06069305
    2    2
  0.24735336  0.00000000    0.00634106  0.00769996   -0.00590930  0.00000000
  0.00634106 -0.00769996    0.29871881  0.00000000   -0.00634106  0.00769996
 -0.00590930  0.00000000   -0.00634106 -0.00769996    0.24735336  0.00000000

     Dynamical  Matrix in cartesian axes

     q = (   -0.750000000   0.750000000   0.250000000 ) 

    1    1
  0.24735336  0.00000000   -0.00590930  0.00000000   -0.00634106  0.00769996
 -0.00590930  0.00000000    0.24735336  0.00000000    0.00634106 -0.00769996
 -0.00634106 -0.00769996    0.00634106  0.00769996    0.29871881  0.00000000
    1    2
 -0.06181960 -0.06069305   -0.13648509  0.04163517   -0.04368611 -0.04127127
 -0.13648509  0.04163517   -0.06181960 -0.06069305    0.04368611  0.04127127
 -0.04368611 -0.04127127    0.04368611  0.04127127   -0.08028676 -0.05907013
    2    1
 -0.06181960  0.06069305   -0.13648509 -0.04163517   -0.04368611  0.04127127
 -0.13648509 -0.04163517   -0.06181960  0.06069305    0.04368611 -0.04127127
 -0.04368611  0.04127127    0.04368611 -0.04127127   -0.08028676  0.05907013
    2    2
  0.24735336  0.00000000   -0.00590930  0.00000000   -0.00634106 -0.00769996
 -0.00590930  0.00000000    0.24735336  0.00000000    0.00634106  0.00769996
 -0.00634106  0.00769996    0.00634106 -0.00769996    0.29871881  0.00000000

     Dynamical  Matrix in cartesian axes

     q = (   -0.250000000   0.750000000   0.750000000 ) 

    1    1
  0.29871881  0.00000000   -0.00634106 -0.00769996   -0.00634106 -0.00769996
 -0.00634106  0.00769996    0.24735336  0.00000000    0.00590930  0.00000000
 -0.00634106  0.00769996    0.00590930  0.00000000    0.24735336  0.00000000
    1    2
 -0.05907013  0.08028676   -0.04127127  0.04368611   -0.04127127  0.04368611
 -0.04127127  0.04368611   -0.06069305  0.06181960   -0.04163517 -0.13648509
 -0.04127127  0.04368611   -0.04163517 -0.13648509   -0.06069305  0.06181960
    2    1
 -0.05907013 -0.08028676   -0.04127127 -0.04368611   -0.04127127 -0.04368611
 -0.04127127 -0.04368611   -0.06069305 -0.06181960   -0.04163517  0.13648509
 -0.04127127 -0.04368611   -0.04163517  0.13648509   -0.06069305 -0.06181960
    2    2
  0.29871881  0.00000000   -0.00634106  0.00769996   -0.00634106  0.00769996
 -0.00634106 -0.00769996    0.24735336  0.00000000    0.00590930  0.00000000
 -0.00634106 -0.00769996    0.00590930  0.00000000    0.24735336  0.00000000

     Dynamical  Matrix in cartesian axes

     q = (    0.250000000   0.750000000  -0.750000000 ) 

    1    1
  0.29871881  0.00000000    0.00634106  0.00769996   -0.00634106 -0.00769996
  0.00634106 -0.00769996    0.24735336  0.00000000   -0.00590930  0.00000000
 -0.00634106  0.00769996   -0.00590930  0.00000000    0.24735336  0.00000000
    1    2
 -0.08028676 -0.05907013    0.04368611  0.04127127   -0.04368611 -0.04127127
  0.04368611  0.04127127   -0.06181960 -0.06069305   -0.13648509  0.04163517
 -0.04368611 -0.04127127   -0.13648509  0.04163517   -0.06181960 -0.06069305
    2    1
 -0.08028676  0.05907013    0.04368611 -0.04127127   -0.04368611  0.04127127
  0.04368611 -0.04127127   -0.06181960  0.06069305   -0.13648509 -0.04163517
 -0.04368611  0.04127127   -0.13648509 -0.04163517   -0.06181960  0.06069305
    2    2
  0.29871881  0.00000000    0.00634106 -0.00769996   -0.00634106  0.00769996
  0.00634106  0.00769996    0.24735336  0.00000000   -0.00590930  0.00000000
 -0.00634106 -0.00769996   -0.00590930  0.00000000    0.24735336  0.00000000

     Dynamical  Matrix in cartesian axes

     q = (   -0.250000000  -0.750000000  -0.750000000 ) 

    1    1
  0.29871881  0.00000000    0.00634106  0.00769996    0.00634106  0.00769996
  0.00634106 -0.00769996    0.24735336  0.00000000    0.00590930  0.00000000
  0.00634106 -0.00769996    0.00590930  0.00000000    0.24735336  0.00000000
    1    2
  0.08028676  0.05907013   -0.04368611 -0.04127127   -0.04368611 -0.04127127
 -0.04368611 -0.04127127    0.06181960  0.06069305   -0.13648509  0.04163517
 -0.04368611 -0.04127127   -0.13648509  0.04163517    0.06181960  0.06069305
    2    1
  0.08028676 -0.05907013   -0.04368611  0.04127127   -0.04368611  0.04127127
 -0.04368611  0.04127127    0.06181960 -0.06069305   -0.13648509 -0.04163517
 -0.04368611  0.04127127   -0.13648509 -0.04163517    0.06181960 -0.06069305
    2    2
  0.29871881  0.00000000    0.00634106 -0.00769996    0.00634106 -0.00769996
  0.00634106  0.00769996    0.24735336  0.00000000    0.00590930  0.00000000
  0.00634106  0.00769996    0.00590930  0.00000000    0.24735336  0.00000000

     Dynamical  Matrix in cartesian axes

     q = (    0.750000000   0.750000000  -0.250000000 ) 

    1    1
  0.24735336  0.00000000    0.00590930  0.00000000   -0.00634106  0.00769996
  0.00590930  0.00000000    0.24735336  0.00000000   -0.00634106  0.00769996
 -0.00634106 -0.00769996   -0.00634106 -0.00769996    0.29871881  0.00000000
    1    2
 -0.06069305  0.06181960   -0.04163517 -0.13648509   -0.04127127  0.04368611
 -0.04163517 -0.13648509   -0.06069305  0.06181960   -0.04127127  0.04368611
 -0.04127127  0.04368611   -0.04127127  0.04368611   -0.05907013  0.08028676
    2    1
 -0.06069305 -0.06181960   -0.04163517  0.13648509   -0.04127127 -0.04368611
 -0.04163517  0.13648509   -0.06069305 -0.06181960   -0.04127127 -0.04368611
 -0.04127127 -0.04368611   -0.04127127 -0.04368611   -0.05907013 -0.08028676
    2    2
  0.24735336  0.00000000    0.00590930  0.00000000   -0.00634106 -0.00769996
  0.00590930  0.00000000    0.24735336  0.00000000   -0.00634106 -0.00769996
 -0.00634106  0.00769996   -0.00634106  0.00769996    0.29871881  0.00000000

     Dynamical  Matrix in cartesian axes

     q = (    0.750000000  -0.750000000   0.250000000 ) 

    1    1
  0.24735336  0.00000000   -0.00590930  0.00000000    0.00634106 -0.00769996
 -0.00590930  0.00000000    0.24735336  0.00000000   -0.00634106  0.00769996
  0.00634106  0.00769996   -0.00634106 -0.00769996    0.29871881  0.00000000
    1    2
 -0.06181960 -0.06069305   -0.13648509  0.04163517    0.04368611  0.04127127
 -0.13648509  0.04163517   -0.06181960 -0.06069305   -0.04368611 -0.04127127
  0.04368611  0.04127127   -0.04368611 -0.04127127   -0.08028676 -0.05907013
    2    1
 -0.06181960  0.06069305   -0.13648509 -0.04163517    0.04368611 -0.04127127
 -0.13648509 -0.04163517   -0.06181960  0.06069305   -0.04368611  0.04127127
  0.04368611 -0.04127127   -0.04368611  0.04127127   -0.08028676  0.05907013
    2    2
  0.24735336  0.00000000   -0.00590930  0.00000000    0.00634106  0.00769996
 -0.00590930  0.00000000    0.24735336  0.00000000   -0.00634106 -0.00769996
  0.00634106 -0.00769996   -0.00634106  0.00769996    0.29871881  0.00000000

     Dynamical  Matrix in cartesian axes

     q = (   -0.750000000  -0.750000000  -0.250000000 ) 

    1    1
  0.24735336  0.00000000    0.00590930  0.00000000    0.00634106 -0.00769996
  0.00590930  0.00000000    0.24735336  0.00000000    0.00634106 -0.00769996
  0.00634106  0.00769996    0.00634106  0.00769996    0.29871881  0.00000000
    1    2
  0.06181960  0.06069305   -0.13648509  0.04163517   -0.04368611 -0.04127127
 -0.13648509  0.04163517    0.06181960  0.06069305   -0.04368611 -0.04127127
 -0.04368611 -0.04127127   -0.04368611 -0.04127127    0.08028676  0.05907013
    2    1
  0.06181960 -0.06069305   -0.13648509 -0.04163517   -0.04368611  0.04127127
 -0.13648509 -0.04163517    0.06181960 -0.06069305   -0.04368611  0.04127127
 -0.04368611  0.04127127   -0.04368611  0.04127127    0.08028676 -0.05907013
    2    2
  0.24735336  0.00000000    0.00590930  0.00000000    0.00634106  0.00769996
  0.00590930  0.00000000    0.24735336  0.00000000    0.00634106  0.00769996
  0.00634106 -0.00769996    0.00634106 -0.00769996    0.29871881  0.00000000

     Dynamical  Matrix in cartesian axes

     q = (    0.250000000  -0.750000000   0.750000000 ) 

    1    1
  0.29871881  0.00000000   -0.00634106 -0.00769996    0.00634106  0.00769996
 -0.00634106  0.00769996    0.24735336  0.00000000   -0.00590930  0.00000000
  0.00634106 -0.00769996   -0.00590930  0.00000000    0.24735336  0.00000000
    1    2
 -0.08028676 -0.05907013   -0.04368611 -0.04127127    0.04368611  0.04127127
 -0.04368611 -0.04127127   -0.06181960 -0.06069305   -0.13648509  0.04163517
  0.04368611  0.04127127   -0.13648509  0.04163517   -0.06181960 -0.06069305
    2    1
 -0.08028676  0.05907013   -0.04368611  0.04127127    0.04368611 -0.04127127
 -0.04368611  0.04127127   -0.06181960  0.06069305   -0.13648509 -0.04163517
  0.04368611 -0.04127127   -0.13648509 -0.04163517   -0.06181960  0.06069305
    2    2
  0.29871881  0.00000000   -0.00634106  0.00769996    0.00634106 -0.00769996
 -0.00634106 -0.00769996    0.24735336  0.00000000   -0.00590930  0.00000000
  0.00634106  0.00769996   -0.00590930  0.00000000    0.24735336  0.00000000

     Dynamical  Matrix in cartesian axes

     q = (   -0.750000000  -0.750000000   0.250000000 ) 

    1    1
  0.24735336  0.00000000    0.00590930  0.00000000   -0.00634106 -0.00769996
  0.00590930  0.00000000    0.24735336  0.00000000   -0.00634106 -0.00769996
 -0.00634106  0.00769996   -0.00634106  0.00769996    0.29871881  0.00000000
    1    2
 -0.06069305 -0.06181960   -0.04163517  0.13648509   -0.04127127 -0.04368611
 -0.04163517  0.13648509   -0.06069305 -0.06181960   -0.04127127 -0.04368611
 -0.04127127 -0.04368611   -0.04127127 -0.04368611   -0.05907013 -0.08028676
    2    1
 -0.06069305  0.06181960   -0.04163517 -0.13648509   -0.04127127  0.04368611
 -0.04163517 -0.13648509   -0.06069305  0.06181960   -0.04127127  0.04368611
 -0.04127127  0.04368611   -0.04127127  0.04368611   -0.05907013  0.08028676
    2    2
  0.24735336  0.00000000    0.00590930  0.00000000   -0.00634106  0.00769996
  0.00590930  0.00000000    0.24735336  0.00000000   -0.00634106  0.00769996
 -0.00634106 -0.00769996   -0.00634106 -0.00769996    0.29871881  0.00000000

     Dynamical  Matrix in cartesian axes

     q = (    0.250000000   0.750000000   0.750000000 ) 

    1    1
  0.29871881  0.00000000    0.00634106 -0.00769996    0.00634106 -0.00769996
  0.00634106  0.00769996    0.24735336  0.00000000    0.00590930  0.00000000
  0.00634106  0.00769996    0.00590930  0.00000000    0.24735336  0.00000000
    1    2
  0.08028676 -0.05907013   -0.04368611  0.04127127   -0.04368611  0.04127127
 -0.04368611  0.04127127    0.06181960 -0.06069305   -0.13648509 -0.04163517
 -0.04368611  0.04127127   -0.13648509 -0.04163517    0.06181960 -0.06069305
    2    1
  0.08028676  0.05907013   -0.04368611 -0.04127127   -0.04368611 -0.04127127
 -0.04368611 -0.04127127    0.06181960  0.06069305   -0.13648509  0.04163517
 -0.04368611 -0.04127127   -0.13648509  0.04163517    0.06181960  0.06069305
    2    2
  0.29871881  0.00000000    0.00634106  0.00769996    0.00634106  0.00769996
  0.00634106 -0.00769996    0.24735336  0.00000000    0.00590930  0.00000000
  0.00634106 -0.00769996    0.00590930  0.00000000    0.24735336  0.00000000

     Dynamical  Matrix in cartesian axes

     q = (   -0.250000000  -0.750000000   0.750000000 ) 

    1    1
  0.29871881  0.00000000    0.00634106 -0.00769996   -0.00634106  0.00769996
  0.00634106  0.00769996    0.24735336  0.00000000   -0.00590930  0.00000000
 -0.00634106 -0.00769996   -0.00590930  0.00000000    0.24735336  0.00000000
    1    2
 -0.08028676  0.05907013    0.04368611 -0.04127127   -0.04368611  0.04127127
  0.04368611 -0.04127127   -0.06181960  0.06069305   -0.13648509 -0.04163517
 -0.04368611  0.04127127   -0.13648509 -0.04163517   -0.06181960  0.06069305
    2    1
 -0.08028676 -0.05907013    0.04368611  0.04127127   -0.04368611 -0.04127127
  0.04368611  0.04127127   -0.06181960 -0.06069305   -0.13648509  0.04163517
 -0.04368611 -0.04127127   -0.13648509  0.04163517   -0.06181960 -0.06069305
    2    2
  0.29871881  0.00000000    0.00634106  0.00769996   -0.00634106 -0.00769996
  0.00634106 -0.00769996    0.24735336  0.00000000   -0.00590930  0.00000000
 -0.00634106  0.00769996   -0.00590930  0.00000000    0.24735336  0.00000000

     Dynamical  Matrix in cartesian axes

     q = (    0.750000000   0.750000000   0.250000000 ) 

    1    1
  0.24735336  0.00000000    0.00590930  0.00000000    0.00634106  0.00769996
  0.00590930  0.00000000    0.24735336  0.00000000    0.00634106  0.00769996
  0.00634106 -0.00769996    0.00634106 -0.00769996    0.29871881  0.00000000
    1    2
  0.06181960 -0.06069305   -0.13648509 -0.04163517   -0.04368611  0.04127127
 -0.13648509 -0.04163517    0.06181960 -0.06069305   -0.04368611  0.04127127
 -0.04368611  0.04127127   -0.04368611  0.04127127    0.08028676 -0.05907013
    2    1
  0.06181960  0.06069305   -0.13648509  0.04163517   -0.04368611 -0.04127127
 -0.13648509  0.04163517    0.06181960  0.06069305   -0.04368611 -0.04127127
 -0.04368611 -0.04127127   -0.04368611 -0.04127127    0.08028676  0.05907013
    2    2
  0.24735336  0.00000000    0.00590930  0.00000000    0.00634106 -0.00769996
  0.00590930  0.00000000    0.24735336  0.00000000    0.00634106 -0.00769996
  0.00634106  0.00769996    0.00634106  0.00769996    0.29871881  0.00000000

     Dynamical  Matrix in cartesian axes

     q = (    0.250000000  -0.750000000  -0.750000000 ) 

    1    1
  0.29871881  0.00000000   -0.00634106  0.00769996   -0.00634106  0.00769996
 -0.00634106 -0.00769996    0.24735336  0.00000000    0.00590930  0.00000000
 -0.00634106 -0.00769996    0.00590930  0.00000000    0.24735336  0.00000000
    1    2
 -0.05907013 -0.08028676   -0.04127127 -0.04368611   -0.04127127 -0.04368611
 -0.04127127 -0.04368611   -0.06069305 -0.06181960   -0.04163517  0.13648509
 -0.04127127 -0.04368611   -0.04163517  0.13648509   -0.06069305 -0.06181960
    2    1
 -0.05907013  0.08028676   -0.04127127  0.04368611   -0.04127127  0.04368611
 -0.04127127  0.04368611   -0.06069305  0.06181960   -0.04163517 -0.13648509
 -0.04127127  0.04368611   -0.04163517 -0.13648509   -0.06069305  0.06181960
    2    2
  0.29871881  0.00000000   -0.00634106 -0.00769996   -0.00634106 -0.00769996
 -0.00634106  0.00769996    0.24735336  0.00000000    0.00590930  0.00000000
 -0.00634106  0.00769996    0.00590930  0.00000000    0.24735336  0.00000000

     Dynamical  Matrix in cartesian axes

     q = (    0.750000000  -0.750000000  -0.250000000 ) 

    1    1
  0.24735336  0.00000000   -0.00590930  0.00000000   -0.00634106 -0.00769996
 -0.00590930  0.00000000    0.24735336  0.00000000    0.00634106  0.00769996
 -0.00634106  0.00769996    0.00634106 -0.00769996    0.29871881  0.00000000
    1    2
 -0.06181960  0.06069305   -0.13648509 -0.04163517   -0.04368611  0.04127127
 -0.13648509 -0.04163517   -0.06181960  0.06069305    0.04368611 -0.04127127
 -0.04368611  0.04127127    0.04368611 -0.04127127   -0.08028676  0.05907013
    2    1
 -0.06181960 -0.06069305   -0.13648509  0.04163517   -0.04368611 -0.04127127
 -0.13648509  0.04163517   -0.06181960 -0.06069305    0.04368611  0.04127127
 -0.04368611 -0.04127127    0.04368611  0.04127127   -0.08028676 -0.05907013
    2    2
  0.24735336  0.00000000   -0.00590930  0.00000000   -0.00634106  0.00769996
 -0.00590930  0.00000000    0.24735336  0.00000000    0.00634106 -0.00769996
 -0.00634106 -0.00769996    0.00634106  0.00769996    0.29871881  0.00000000

     Diagonalizing the dynamical matrix

     q = (    0.750000000  -0.250000000   0.750000000 ) 

 **************************************************************************
     freq (    1) =       4.225260 [THz] =     140.939519 [cm-1]
 (  0.047832 -0.497707  0.000000  0.000000 -0.047832  0.497707 ) 
 (  0.500000 -0.000000  0.000000  0.000000 -0.500000  0.000000 ) 
     freq (    2) =       5.878514 [THz] =     196.086125 [cm-1]
 ( -0.390241 -0.163460 -0.344015  0.153753 -0.390241 -0.163460 ) 
 ( -0.423092  0.000000 -0.257902 -0.274723 -0.423092  0.000000 ) 
     freq (    3) =       9.385837 [THz] =     313.077812 [cm-1]
 (  0.116346 -0.288365  0.379746  0.403003  0.116346 -0.288365 ) 
 ( -0.310952 -0.000000  0.231644  0.502950 -0.310952  0.000000 ) 
     freq (    4) =      12.117247 [THz] =     404.187848 [cm-1]
 (  0.077685  0.318238 -0.402925 -0.350759  0.077685  0.318238 ) 
 ( -0.327582  0.000000  0.436305  0.308250 -0.327582  0.000000 ) 
     freq (    5) =      13.649541 [THz] =     455.299675 [cm-1]
 (  0.047832 -0.497707 -0.000000  0.000000 -0.047832  0.497707 ) 
 ( -0.500000  0.000000 -0.000000 -0.000000  0.500000  0.000000 ) 
     freq (    6) =      14.045346 [THz] =     468.502304 [cm-1]
 ( -0.302542 -0.159564 -0.466197  0.220628 -0.302542 -0.159564 ) 
 (  0.342041 -0.000000  0.309436  0.412632  0.342041 -0.000000 ) 
 **************************************************************************
