Dynamical matrix file
                                                                           
  1    2  2 10.3700000  0.0000000  0.0000000  0.0000000  0.0000000  0.0000000
           1  'Si  '    25598.822984527003     
    1    1      0.0000000000      0.0000000000      0.0000000000
    2    1      0.2500000000      0.2500000000      0.2500000000

     Dynamical  Matrix in cartesian axes

     q = (   -0.250000000   0.250000000  -0.250000000 ) 

    1    1
  0.26336698  0.00000000   -0.01153821  0.00000000    0.01153821  0.00000000
 -0.01153821  0.00000000    0.26336698  0.00000000   -0.01153821  0.00000000
  0.01153821  0.00000000   -0.01153821  0.00000000    0.26336698  0.00000000
    1    2
 -0.19633186 -0.05684997   -0.03612594  0.03789943    0.03612594 -0.03789943
 -0.03612594  0.03789943   -0.19633186 -0.05684997   -0.03612594  0.03789943
  0.03612594 -0.03789943   -0.03612594  0.03789943   -0.19633186 -0.05684997
    2    1
 -0.19633186  0.05684997   -0.03612594 -0.03789943    0.03612594  0.03789943
 -0.03612594 -0.03789943   -0.19633186  0.05684997   -0.03612594 -0.03789943
  0.03612594  0.03789943   -0.03612594 -0.03789943   -0.19633186  0.05684997
    2    2
  0.26336698  0.00000000   -0.01153821  0.00000000    0.01153821  0.00000000
 -0.01153821  0.00000000    0.26336698  0.00000000   -0.01153821  0.00000000
  0.01153821  0.00000000   -0.01153821  0.00000000    0.26336698  0.00000000

     Dynamical  Matrix in cartesian axes

     q = (    0.250000000  -0.250000000  -0.250000000 ) 

    1    1
  0.26336698  0.00000000   -0.01153821  0.00000000   -0.01153821  0.00000000
 -0.01153821  0.00000000    0.26336698  0.00000000    0.01153821  0.00000000
 -0.01153821  0.00000000    0.01153821  0.00000000    0.26336698  0.00000000
    1    2
 -0.19633186 -0.05684997   -0.03612594  0.03789943   -0.03612594  0.03789943
 -0.03612594  0.03789943   -0.19633186 -0.05684997    0.03612594 -0.03789943
 -0.03612594  0.03789943    0.03612594 -0.03789943   -0.19633186 -0.05684997
    2    1
 -0.19633186  0.05684997   -0.03612594 -0.03789943   -0.03612594 -0.03789943
 -0.03612594 -0.03789943   -0.19633186  0.05684997    0.03612594  0.03789943
 -0.03612594 -0.03789943    0.03612594  0.03789943   -0.19633186  0.05684997
    2    2
  0.26336698  0.00000000   -0.01153821  0.00000000   -0.01153821  0.00000000
 -0.01153821  0.00000000    0.26336698  0.00000000    0.01153821  0.00000000
 -0.01153821  0.00000000    0.01153821  0.00000000    0.26336698  0.00000000

     Dynamical  Matrix in cartesian axes

     q = (    0.250000000  -0.250000000   0.250000000 ) 

    1    1
  0.26336698  0.00000000   -0.01153821  0.00000000    0.01153821  0.00000000
 -0.01153821  0.00000000    0.26336698  0.00000000   -0.01153821  0.00000000
  0.01153821  0.00000000   -0.01153821  0.00000000    0.26336698  0.00000000
    1    2
 -0.19633186  0.05684997   -0.03612594 -0.03789943    0.03612594  0.03789943
 -0.03612594 -0.03789943   -0.19633186  0.05684997   -0.03612594 -0.03789943
  0.03612594  0.03789943   -0.03612594 -0.03789943   -0.19633186  0.05684997
    2    1
 -0.19633186 -0.05684997   -0.03612594  0.03789943    0.03612594 -0.03789943
 -0.03612594  0.03789943   -0.19633186 -0.05684997   -0.03612594  0.03789943
  0.03612594 -0.03789943   -0.03612594  0.03789943   -0.19633186 -0.05684997
    2    2
  0.26336698  0.00000000   -0.01153821  0.00000000    0.01153821  0.00000000
 -0.01153821  0.00000000    0.26336698  0.00000000   -0.01153821  0.00000000
  0.01153821  0.00000000   -0.01153821  0.00000000    0.26336698  0.00000000

     Dynamical  Matrix in cartesian axes

     q = (    0.250000000   0.250000000   0.250000000 ) 

    1    1
  0.26336698  0.00000000    0.01153821  0.00000000    0.01153821  0.00000000
  0.01153821  0.00000000    0.26336698  0.00000000    0.01153821  0.00000000
  0.01153821  0.00000000    0.01153821  0.00000000    0.26336698  0.00000000
    1    2
 -0.05684997  0.19633186   -0.03789943 -0.03612594   -0.03789943 -0.03612594
 -0.03789943 -0.03612594   -0.05684997  0.19633186   -0.03789943 -0.03612594
 -0.03789943 -0.03612594   -0.03789943 -0.03612594   -0.05684997  0.19633186
    2    1
 -0.05684997 -0.19633186   -0.03789943  0.03612594   -0.03789943  0.03612594
 -0.03789943  0.03612594   -0.05684997 -0.19633186   -0.03789943  0.03612594
 -0.03789943  0.03612594   -0.03789943  0.03612594   -0.05684997 -0.19633186
    2    2
  0.26336698  0.00000000    0.01153821  0.00000000    0.01153821  0.00000000
  0.01153821  0.00000000    0.26336698  0.00000000    0.01153821  0.00000000
  0.01153821  0.00000000    0.01153821  0.00000000    0.26336698  0.00000000

     Dynamical  Matrix in cartesian axes

     q = (   -0.250000000  -0.250000000  -0.250000000 ) 

    1    1
  0.26336698  0.00000000    0.01153821  0.00000000    0.01153821  0.00000000
  0.01153821  0.00000000    0.26336698  0.00000000    0.01153821  0.00000000
  0.01153821  0.00000000    0.01153821  0.00000000    0.26336698  0.00000000
    1    2
 -0.05684997 -0.19633186   -0.03789943  0.03612594   -0.03789943  0.03612594
 -0.03789943  0.03612594   -0.05684997 -0.19633186   -0.03789943  0.03612594
 -0.03789943  0.03612594   -0.03789943  0.03612594   -0.05684997 -0.19633186
    2    1
 -0.05684997  0.19633186   -0.03789943 -0.03612594   -0.03789943 -0.03612594
 -0.03789943 -0.03612594   -0.05684997  0.19633186   -0.03789943 -0.03612594
 -0.03789943 -0.03612594   -0.03789943 -0.03612594   -0.05684997  0.19633186
    2    2
  0.26336698  0.00000000    0.01153821  0.00000000    0.01153821  0.00000000
  0.01153821  0.00000000    0.26336698  0.00000000    0.01153821  0.00000000
  0.01153821  0.00000000    0.01153821  0.00000000    0.26336698  0.00000000

     Dynamical  Matrix in cartesian axes

     q = (   -0.250000000  -0.250000000   0.250000000 ) 

    1    1
  0.26336698  0.00000000    0.01153821  0.00000000   -0.01153821  0.00000000
  0.01153821  0.00000000    0.26336698  0.00000000   -0.01153821  0.00000000
 -0.01153821  0.00000000   -0.01153821  0.00000000    0.26336698  0.00000000
    1    2
 -0.19633186 -0.05684997    0.03612594 -0.03789943   -0.03612594  0.03789943
  0.03612594 -0.03789943   -0.19633186 -0.05684997   -0.03612594  0.03789943
 -0.03612594  0.03789943   -0.03612594  0.03789943   -0.19633186 -0.05684997
    2    1
 -0.19633186  0.05684997    0.03612594  0.03789943   -0.03612594 -0.03789943
  0.03612594  0.03789943   -0.19633186  0.05684997   -0.03612594 -0.03789943
 -0.03612594 -0.03789943   -0.03612594 -0.03789943   -0.19633186  0.05684997
    2    2
  0.26336698  0.00000000    0.01153821  0.00000000   -0.01153821  0.00000000
  0.01153821  0.00000000    0.26336698  0.00000000   -0.01153821  0.00000000
 -0.01153821  0.00000000   -0.01153821  0.00000000    0.26336698  0.00000000

     Dynamical  Matrix in cartesian axes

     q = (   -0.250000000   0.250000000   0.250000000 ) 

    1    1
  0.26336698  0.00000000   -0.01153821  0.00000000   -0.01153821  0.00000000
 -0.01153821  0.00000000    0.26336698  0.00000000    0.01153821  0.00000000
 -0.01153821  0.00000000    0.01153821  0.00000000    0.26336698  0.00000000
    1    2
 -0.19633186  0.05684997   -0.03612594 -0.03789943   -0.03612594 -0.03789943
 -0.03612594 -0.03789943   -0.19633186  0.05684997    0.03612594  0.03789943
 -0.03612594 -0.03789943    0.03612594  0.03789943   -0.19633186  0.05684997
    2    1
 -0.19633186 -0.05684997   -0.03612594  0.03789943   -0.03612594  0.03789943
 -0.03612594  0.03789943   -0.19633186 -0.05684997    0.03612594 -0.03789943
 -0.03612594  0.03789943    0.03612594 -0.03789943   -0.19633186 -0.05684997
    2    2
  0.26336698  0.00000000   -0.01153821  0.00000000   -0.01153821  0.00000000
 -0.01153821  0.00000000    0.26336698  0.00000000    0.01153821  0.00000000
 -0.01153821  0.00000000    0.01153821  0.00000000    0.26336698  0.00000000

     Dynamical  Matrix in cartesian axes

     q = (    0.250000000   0.250000000  -0.250000000 ) 

    1    1
  0.26336698  0.00000000    0.01153821  0.00000000   -0.01153821  0.00000000
  0.01153821  0.00000000    0.26336698  0.00000000   -0.01153821  0.00000000
 -0.01153821  0.00000000   -0.01153821  0.00000000    0.26336698  0.00000000
    1    2
 -0.19633186  0.05684997    0.03612594  0.03789943   -0.03612594 -0.03789943
  0.03612594  0.03789943   -0.19633186  0.05684997   -0.03612594 -0.03789943
 -0.03612594 -0.03789943   -0.03612594 -0.03789943   -0.19633186  0.05684997
    2    1
 -0.19633186 -0.05684997    0.03612594 -0.03789943   -0.03612594  0.03789943
  0.03612594 -0.03789943   -0.19633186 -0.05684997   -0.03612594  0.03789943
 -0.03612594  0.03789943   -0.03612594  0.03789943   -0.19633186 -0.05684997
    2    2
  0.26336698  0.00000000    0.01153821  0.00000000   -0.01153821  0.00000000
  0.01153821  0.00000000    0.26336698  0.00000000   -0.01153821  0.00000000
 -0.01153821  0.00000000   -0.01153821  0.00000000    0.26336698  0.00000000

     Diagonalizing the dynamical matrix

     q = (   -0.250000000   0.250000000  -0.250000000 ) 

 **************************************************************************
     freq (    1) =       2.804265 [THz] =      93.540223 [cm-1]
 (  0.350805  0.013474 -0.219547 -0.033023 -0.570352 -0.046497 ) 
 (  0.350740 -0.015075 -0.221504 -0.015075 -0.572244  0.000000 ) 
     freq (    2) =       2.804265 [THz] =      93.540223 [cm-1]
 ( -0.451989  0.076115 -0.528354  0.069890 -0.076364 -0.006225 ) 
 ( -0.444310  0.112589 -0.520928  0.112589 -0.076618  0.000000 ) 
     freq (    3) =       6.656739 [THz] =     222.044904 [cm-1]
 ( -0.278885 -0.298144  0.278885  0.298144 -0.278885 -0.298144 ) 
 ( -0.408248 -0.000000  0.408248  0.000000 -0.408248  0.000000 ) 
     freq (    4) =      14.067752 [THz] =     469.249690 [cm-1]
 ( -0.278885 -0.298144  0.278885  0.298144 -0.278885 -0.298144 ) 
 (  0.408248  0.000000 -0.408248 -0.000000  0.408248  0.000000 ) 
     freq (    5) =      14.320618 [THz] =     477.684396 [cm-1]
 ( -0.472559 -0.089153 -0.508851 -0.092112 -0.036292 -0.002959 ) 
 (  0.478240  0.050462  0.514653  0.050462  0.036413  0.000000 ) 
     freq (    6) =      14.320618 [THz] =     477.684396 [cm-1]
 (  0.318158  0.029136 -0.256138 -0.017682 -0.574296 -0.046818 ) 
 ( -0.319473 -0.003189  0.256728 -0.003189  0.576201  0.000000 ) 
 **************************************************************************
