Dynamical matrix file
                                                                           
  1    2  2 10.3280000  0.0000000  0.0000000  0.0000000  0.0000000  0.0000000
           1  'Si  '    25598.822984527003     
    1    1      0.0000000000      0.0000000000      0.0000000000
    2    1      0.2500000000      0.2500000000      0.2500000000

     Dynamical  Matrix in cartesian axes

     q = (    0.750000000  -0.250000000   0.750000000 ) 

    1    1
  0.24665928  0.00000000   -0.00631936  0.00768767    0.00588110  0.00000000
 -0.00631936 -0.00768767    0.29797846  0.00000000   -0.00631936 -0.00768767
  0.00588110  0.00000000   -0.00631936  0.00768767    0.24665928  0.00000000
    1    2
 -0.06054339  0.06165747   -0.04107270  0.04347684   -0.04143969 -0.13585998
 -0.04107270  0.04347684   -0.05891796  0.08011785   -0.04107270  0.04347684
 -0.04143969 -0.13585998   -0.04107270  0.04347684   -0.06054339  0.06165747
    2    1
 -0.06054339 -0.06165747   -0.04107270 -0.04347684   -0.04143969  0.13585998
 -0.04107270 -0.04347684   -0.05891796 -0.08011785   -0.04107270 -0.04347684
 -0.04143969  0.13585998   -0.04107270 -0.04347684   -0.06054339 -0.06165747
    2    2
  0.24665928  0.00000000   -0.00631936 -0.00768767    0.00588110  0.00000000
 -0.00631936  0.00768767    0.29797846  0.00000000   -0.00631936  0.00768767
  0.00588110  0.00000000   -0.00631936 -0.00768767    0.24665928  0.00000000

     Dynamical  Matrix in cartesian axes

     q = (    0.750000000  -0.250000000  -0.750000000 ) 

    1    1
  0.24665928  0.00000000   -0.00631936 -0.00768767   -0.00588110  0.00000000
 -0.00631936  0.00768767    0.29797846  0.00000000    0.00631936 -0.00768767
 -0.00588110  0.00000000    0.00631936  0.00768767    0.24665928  0.00000000
    1    2
 -0.06165747  0.06054339   -0.04347684  0.04107270   -0.13585998 -0.04143969
 -0.04347684  0.04107270   -0.08011785  0.05891796    0.04347684 -0.04107270
 -0.13585998 -0.04143969    0.04347684 -0.04107270   -0.06165747  0.06054339
    2    1
 -0.06165747 -0.06054339   -0.04347684 -0.04107270   -0.13585998  0.04143969
 -0.04347684 -0.04107270   -0.08011785 -0.05891796    0.04347684  0.04107270
 -0.13585998  0.04143969    0.04347684  0.04107270   -0.06165747 -0.06054339
    2    2
  0.24665928  0.00000000   -0.00631936  0.00768767   -0.00588110  0.00000000
 -0.00631936 -0.00768767    0.29797846  0.00000000    0.00631936  0.00768767
 -0.00588110  0.00000000    0.00631936 -0.00768767    0.24665928  0.00000000

     Dynamical  Matrix in cartesian axes

     q = (   -0.750000000  -0.250000000  -0.750000000 ) 

    1    1
  0.24665928  0.00000000    0.00631936 -0.00768767    0.00588110  0.00000000
  0.00631936  0.00768767    0.29797846  0.00000000    0.00631936  0.00768767
  0.00588110  0.00000000    0.00631936 -0.00768767    0.24665928  0.00000000
    1    2
  0.06165747  0.06054339   -0.04347684 -0.04107270   -0.13585998  0.04143969
 -0.04347684 -0.04107270    0.08011785  0.05891796   -0.04347684 -0.04107270
 -0.13585998  0.04143969   -0.04347684 -0.04107270    0.06165747  0.06054339
    2    1
  0.06165747 -0.06054339   -0.04347684  0.04107270   -0.13585998 -0.04143969
 -0.04347684  0.04107270    0.08011785 -0.05891796   -0.04347684  0.04107270
 -0.13585998 -0.04143969   -0.04347684  0.04107270    0.06165747 -0.06054339
    2    2
  0.24665928  0.00000000    0.00631936  0.00768767    0.00588110  0.00000000
  0.00631936 -0.00768767    0.29797846  0.00000000    0.00631936 -0.00768767
  0.00588110  0.00000000    0.00631936  0.00768767    0.24665928  0.00000000

     Dynamical  Matrix in cartesian axes

     q = (   -0.750000000  -0.250000000   0.750000000 ) 

    1    1
  0.24665928  0.00000000    0.00631936  0.00768767   -0.00588110  0.00000000
  0.00631936 -0.00768767    0.29797846  0.00000000   -0.00631936  0.00768767
 -0.00588110  0.00000000   -0.00631936 -0.00768767    0.24665928  0.00000000
    1    2
 -0.06165747  0.06054339    0.04347684 -0.04107270   -0.13585998 -0.04143969
  0.04347684 -0.04107270   -0.08011785  0.05891796   -0.04347684  0.04107270
 -0.13585998 -0.04143969   -0.04347684  0.04107270   -0.06165747  0.06054339
    2    1
 -0.06165747 -0.06054339    0.04347684  0.04107270   -0.13585998  0.04143969
  0.04347684  0.04107270   -0.08011785 -0.05891796   -0.04347684 -0.04107270
 -0.13585998  0.04143969   -0.04347684 -0.04107270   -0.06165747 -0.06054339
    2    2
  0.24665928  0.00000000    0.00631936 -0.00768767   -0.00588110  0.00000000
  0.00631936  0.00768767    0.29797846  0.00000000   -0.00631936 -0.00768767
 -0.00588110  0.00000000   -0.00631936  0.00768767    0.24665928  0.00000000

     Dynamical  Matrix in cartesian axes

     q = (   -0.750000000   0.250000000  -0.750000000 ) 

    1    1
  0.24665928  0.00000000   -0.00631936 -0.00768767    0.00588110  0.00000000
 -0.00631936  0.00768767    0.29797846  0.00000000   -0.00631936  0.00768767
  0.00588110  0.00000000   -0.00631936 -0.00768767    0.24665928  0.00000000
    1    2
 -0.06054339 -0.06165747   -0.04107270 -0.04347684   -0.04143969  0.13585998
 -0.04107270 -0.04347684   -0.05891796 -0.08011785   -0.04107270 -0.04347684
 -0.04143969  0.13585998   -0.04107270 -0.04347684   -0.06054339 -0.06165747
    2    1
 -0.06054339  0.06165747   -0.04107270  0.04347684   -0.04143969 -0.13585998
 -0.04107270  0.04347684   -0.05891796  0.08011785   -0.04107270  0.04347684
 -0.04143969 -0.13585998   -0.04107270  0.04347684   -0.06054339  0.06165747
    2    2
  0.24665928  0.00000000   -0.00631936  0.00768767    0.00588110  0.00000000
 -0.00631936 -0.00768767    0.29797846  0.00000000   -0.00631936 -0.00768767
  0.00588110  0.00000000   -0.00631936  0.00768767    0.24665928  0.00000000

     Dynamical  Matrix in cartesian axes

     q = (   -0.250000000   0.750000000  -0.750000000 ) 

    1    1
  0.29797846  0.00000000   -0.00631936  0.00768767    0.00631936 -0.00768767
 -0.00631936 -0.00768767    0.24665928  0.00000000   -0.00588110  0.00000000
  0.00631936  0.00768767   -0.00588110  0.00000000    0.24665928  0.00000000
    1    2
 -0.08011785  0.05891796   -0.04347684  0.04107270    0.04347684 -0.04107270
 -0.04347684  0.04107270   -0.06165747  0.06054339   -0.13585998 -0.04143969
  0.04347684 -0.04107270   -0.13585998 -0.04143969   -0.06165747  0.06054339
    2    1
 -0.08011785 -0.05891796   -0.04347684 -0.04107270    0.04347684  0.04107270
 -0.04347684 -0.04107270   -0.06165747 -0.06054339   -0.13585998  0.04143969
  0.04347684  0.04107270   -0.13585998  0.04143969   -0.06165747 -0.06054339
    2    2
  0.29797846  0.00000000   -0.00631936 -0.00768767    0.00631936  0.00768767
 -0.00631936  0.00768767    0.24665928  0.00000000   -0.00588110  0.00000000
  0.00631936 -0.00768767   -0.00588110  0.00000000    0.24665928  0.00000000

     Dynamical  Matrix in cartesian axes

     q = (   -0.750000000   0.750000000  -0.250000000 ) 

    1    1
  0.24665928  0.00000000   -0.00588110  0.00000000    0.00631936  0.00768767
 -0.00588110  0.00000000    0.24665928  0.00000000   -0.00631936 -0.00768767
  0.00631936 -0.00768767   -0.00631936  0.00768767    0.29797846  0.00000000
    1    2
 -0.06165747  0.06054339   -0.13585998 -0.04143969    0.04347684 -0.04107270
 -0.13585998 -0.04143969   -0.06165747  0.06054339   -0.04347684  0.04107270
  0.04347684 -0.04107270   -0.04347684  0.04107270   -0.08011785  0.05891796
    2    1
 -0.06165747 -0.06054339   -0.13585998  0.04143969    0.04347684  0.04107270
 -0.13585998  0.04143969   -0.06165747 -0.06054339   -0.04347684 -0.04107270
  0.04347684  0.04107270   -0.04347684 -0.04107270   -0.08011785 -0.05891796
    2    2
  0.24665928  0.00000000   -0.00588110  0.00000000    0.00631936 -0.00768767
 -0.00588110  0.00000000    0.24665928  0.00000000   -0.00631936  0.00768767
  0.00631936  0.00768767   -0.00631936 -0.00768767    0.29797846  0.00000000

     Dynamical  Matrix in cartesian axes

     q = (    0.750000000   0.250000000   0.750000000 ) 

    1    1
  0.24665928  0.00000000    0.00631936  0.00768767    0.00588110  0.00000000
  0.00631936 -0.00768767    0.29797846  0.00000000    0.00631936 -0.00768767
  0.00588110  0.00000000    0.00631936  0.00768767    0.24665928  0.00000000
    1    2
  0.06165747 -0.06054339   -0.04347684  0.04107270   -0.13585998 -0.04143969
 -0.04347684  0.04107270    0.08011785 -0.05891796   -0.04347684  0.04107270
 -0.13585998 -0.04143969   -0.04347684  0.04107270    0.06165747 -0.06054339
    2    1
  0.06165747  0.06054339   -0.04347684 -0.04107270   -0.13585998  0.04143969
 -0.04347684 -0.04107270    0.08011785  0.05891796   -0.04347684 -0.04107270
 -0.13585998  0.04143969   -0.04347684 -0.04107270    0.06165747  0.06054339
    2    2
  0.24665928  0.00000000    0.00631936 -0.00768767    0.00588110  0.00000000
  0.00631936  0.00768767    0.29797846  0.00000000    0.00631936  0.00768767
  0.00588110  0.00000000    0.00631936 -0.00768767    0.24665928  0.00000000

     Dynamical  Matrix in cartesian axes

     q = (   -0.750000000   0.250000000   0.750000000 ) 

    1    1
  0.24665928  0.00000000   -0.00631936  0.00768767   -0.00588110  0.00000000
 -0.00631936 -0.00768767    0.29797846  0.00000000    0.00631936  0.00768767
 -0.00588110  0.00000000    0.00631936 -0.00768767    0.24665928  0.00000000
    1    2
 -0.06165747 -0.06054339   -0.04347684 -0.04107270   -0.13585998  0.04143969
 -0.04347684 -0.04107270   -0.08011785 -0.05891796    0.04347684  0.04107270
 -0.13585998  0.04143969    0.04347684  0.04107270   -0.06165747 -0.06054339
    2    1
 -0.06165747  0.06054339   -0.04347684  0.04107270   -0.13585998 -0.04143969
 -0.04347684  0.04107270   -0.08011785  0.05891796    0.04347684 -0.04107270
 -0.13585998 -0.04143969    0.04347684 -0.04107270   -0.06165747  0.06054339
    2    2
  0.24665928  0.00000000   -0.00631936 -0.00768767   -0.00588110  0.00000000
 -0.00631936  0.00768767    0.29797846  0.00000000    0.00631936 -0.00768767
 -0.00588110  0.00000000    0.00631936  0.00768767    0.24665928  0.00000000

     Dynamical  Matrix in cartesian axes

     q = (    0.750000000   0.250000000  -0.750000000 ) 

    1    1
  0.24665928  0.00000000    0.00631936 -0.00768767   -0.00588110  0.00000000
  0.00631936  0.00768767    0.29797846  0.00000000   -0.00631936 -0.00768767
 -0.00588110  0.00000000   -0.00631936  0.00768767    0.24665928  0.00000000
    1    2
 -0.06165747 -0.06054339    0.04347684  0.04107270   -0.13585998  0.04143969
  0.04347684  0.04107270   -0.08011785 -0.05891796   -0.04347684 -0.04107270
 -0.13585998  0.04143969   -0.04347684 -0.04107270   -0.06165747 -0.06054339
    2    1
 -0.06165747  0.06054339    0.04347684 -0.04107270   -0.13585998 -0.04143969
  0.04347684 -0.04107270   -0.08011785  0.05891796   -0.04347684  0.04107270
 -0.13585998 -0.04143969   -0.04347684  0.04107270   -0.06165747  0.06054339
    2    2
  0.24665928  0.00000000    0.00631936  0.00768767   -0.00588110  0.00000000
  0.00631936 -0.00768767    0.29797846  0.00000000   -0.00631936  0.00768767
 -0.00588110  0.00000000   -0.00631936 -0.00768767    0.24665928  0.00000000

     Dynamical  Matrix in cartesian axes

     q = (   -0.750000000   0.750000000   0.250000000 ) 

    1    1
  0.24665928  0.00000000   -0.00588110  0.00000000   -0.00631936  0.00768767
 -0.00588110  0.00000000    0.24665928  0.00000000    0.00631936 -0.00768767
 -0.00631936 -0.00768767    0.00631936  0.00768767    0.29797846  0.00000000
    1    2
 -0.06165747 -0.06054339   -0.13585998  0.04143969   -0.04347684 -0.04107270
 -0.13585998  0.04143969   -0.06165747 -0.06054339    0.04347684  0.04107270
 -0.04347684 -0.04107270    0.04347684  0.04107270   -0.08011785 -0.05891796
    2    1
 -0.06165747  0.06054339   -0.13585998 -0.04143969   -0.04347684  0.04107270
 -0.13585998 -0.04143969   -0.06165747  0.06054339    0.04347684 -0.04107270
 -0.04347684  0.04107270    0.04347684 -0.04107270   -0.08011785  0.05891796
    2    2
  0.24665928  0.00000000   -0.00588110  0.00000000   -0.00631936 -0.00768767
 -0.00588110  0.00000000    0.24665928  0.00000000    0.00631936  0.00768767
 -0.00631936  0.00768767    0.00631936 -0.00768767    0.29797846  0.00000000

     Dynamical  Matrix in cartesian axes

     q = (   -0.250000000   0.750000000   0.750000000 ) 

    1    1
  0.29797846  0.00000000   -0.00631936 -0.00768767   -0.00631936 -0.00768767
 -0.00631936  0.00768767    0.24665928  0.00000000    0.00588110  0.00000000
 -0.00631936  0.00768767    0.00588110  0.00000000    0.24665928  0.00000000
    1    2
 -0.05891796  0.08011785   -0.04107270  0.04347684   -0.04107270  0.04347684
 -0.04107270  0.04347684   -0.06054339  0.06165747   -0.04143969 -0.13585998
 -0.04107270  0.04347684   -0.04143969 -0.13585998   -0.06054339  0.06165747
    2    1
 -0.05891796 -0.08011785   -0.04107270 -0.04347684   -0.04107270 -0.04347684
 -0.04107270 -0.04347684   -0.06054339 -0.06165747   -0.04143969  0.13585998
 -0.04107270 -0.04347684   -0.04143969  0.13585998   -0.06054339 -0.06165747
    2    2
  0.29797846  0.00000000   -0.00631936  0.00768767   -0.00631936  0.00768767
 -0.00631936 -0.00768767    0.24665928  0.00000000    0.00588110  0.00000000
 -0.00631936 -0.00768767    0.00588110  0.00000000    0.24665928  0.00000000

     Dynamical  Matrix in cartesian axes

     q = (    0.250000000   0.750000000  -0.750000000 ) 

    1    1
  0.29797846  0.00000000    0.00631936  0.00768767   -0.00631936 -0.00768767
  0.00631936 -0.00768767    0.24665928  0.00000000   -0.00588110  0.00000000
 -0.00631936  0.00768767   -0.00588110  0.00000000    0.24665928  0.00000000
    1    2
 -0.08011785 -0.05891796    0.04347684  0.04107270   -0.04347684 -0.04107270
  0.04347684  0.04107270   -0.06165747 -0.06054339   -0.13585998  0.04143969
 -0.04347684 -0.04107270   -0.13585998  0.04143969   -0.06165747 -0.06054339
    2    1
 -0.08011785  0.05891796    0.04347684 -0.04107270   -0.04347684  0.04107270
  0.04347684 -0.04107270   -0.06165747  0.06054339   -0.13585998 -0.04143969
 -0.04347684  0.04107270   -0.13585998 -0.04143969   -0.06165747  0.06054339
    2    2
  0.29797846  0.00000000    0.00631936 -0.00768767   -0.00631936  0.00768767
  0.00631936  0.00768767    0.24665928  0.00000000   -0.00588110  0.00000000
 -0.00631936 -0.00768767   -0.00588110  0.00000000    0.24665928  0.00000000

     Dynamical  Matrix in cartesian axes

     q = (   -0.250000000  -0.750000000  -0.750000000 ) 

    1    1
  0.29797846  0.00000000    0.00631936  0.00768767    0.00631936  0.00768767
  0.00631936 -0.00768767    0.24665928  0.00000000    0.00588110  0.00000000
  0.00631936 -0.00768767    0.00588110  0.00000000    0.24665928  0.00000000
    1    2
  0.08011785  0.05891796   -0.04347684 -0.04107270   -0.04347684 -0.04107270
 -0.04347684 -0.04107270    0.06165747  0.06054339   -0.13585998  0.04143969
 -0.04347684 -0.04107270   -0.13585998  0.04143969    0.06165747  0.06054339
    2    1
  0.08011785 -0.05891796   -0.04347684  0.04107270   -0.04347684  0.04107270
 -0.04347684  0.04107270    0.06165747 -0.06054339   -0.13585998 -0.04143969
 -0.04347684  0.04107270   -0.13585998 -0.04143969    0.06165747 -0.06054339
    2    2
  0.29797846  0.00000000    0.00631936 -0.00768767    0.00631936 -0.00768767
  0.00631936  0.00768767    0.24665928  0.00000000    0.00588110  0.00000000
  0.00631936  0.00768767    0.00588110  0.00000000    0.24665928  0.00000000

     Dynamical  Matrix in cartesian axes

     q = (    0.750000000   0.750000000  -0.250000000 ) 

    1    1
  0.24665928  0.00000000    0.00588110  0.00000000   -0.00631936  0.00768767
  0.00588110  0.00000000    0.24665928  0.00000000   -0.00631936  0.00768767
 -0.00631936 -0.00768767   -0.00631936 -0.00768767    0.29797846  0.00000000
    1    2
 -0.06054339  0.06165747   -0.04143969 -0.13585998   -0.04107270  0.04347684
 -0.04143969 -0.13585998   -0.06054339  0.06165747   -0.04107270  0.04347684
 -0.04107270  0.04347684   -0.04107270  0.04347684   -0.05891796  0.08011785
    2    1
 -0.06054339 -0.06165747   -0.04143969  0.13585998   -0.04107270 -0.04347684
 -0.04143969  0.13585998   -0.06054339 -0.06165747   -0.04107270 -0.04347684
 -0.04107270 -0.04347684   -0.04107270 -0.04347684   -0.05891796 -0.08011785
    2    2
  0.24665928  0.00000000    0.00588110  0.00000000   -0.00631936 -0.00768767
  0.00588110  0.00000000    0.24665928  0.00000000   -0.00631936 -0.00768767
 -0.00631936  0.00768767   -0.00631936  0.00768767    0.29797846  0.00000000

     Dynamical  Matrix in cartesian axes

     q = (    0.750000000  -0.750000000   0.250000000 ) 

    1    1
  0.24665928  0.00000000   -0.00588110  0.00000000    0.00631936 -0.00768767
 -0.00588110  0.00000000    0.24665928  0.00000000   -0.00631936  0.00768767
  0.00631936  0.00768767   -0.00631936 -0.00768767    0.29797846  0.00000000
    1    2
 -0.06165747 -0.06054339   -0.13585998  0.04143969    0.04347684  0.04107270
 -0.13585998  0.04143969   -0.06165747 -0.06054339   -0.04347684 -0.04107270
  0.04347684  0.04107270   -0.04347684 -0.04107270   -0.08011785 -0.05891796
    2    1
 -0.06165747  0.06054339   -0.13585998 -0.04143969    0.04347684 -0.04107270
 -0.13585998 -0.04143969   -0.06165747  0.06054339   -0.04347684  0.04107270
  0.04347684 -0.04107270   -0.04347684  0.04107270   -0.08011785  0.05891796
    2    2
  0.24665928  0.00000000   -0.00588110  0.00000000    0.00631936  0.00768767
 -0.00588110  0.00000000    0.24665928  0.00000000   -0.00631936 -0.00768767
  0.00631936 -0.00768767   -0.00631936  0.00768767    0.29797846  0.00000000

     Dynamical  Matrix in cartesian axes

     q = (   -0.750000000  -0.750000000  -0.250000000 ) 

    1    1
  0.24665928  0.00000000    0.00588110  0.00000000    0.00631936 -0.00768767
  0.00588110  0.00000000    0.24665928  0.00000000    0.00631936 -0.00768767
  0.00631936  0.00768767    0.00631936  0.00768767    0.29797846  0.00000000
    1    2
  0.06165747  0.06054339   -0.13585998  0.04143969   -0.04347684 -0.04107270
 -0.13585998  0.04143969    0.06165747  0.06054339   -0.04347684 -0.04107270
 -0.04347684 -0.04107270   -0.04347684 -0.04107270    0.08011785  0.05891796
    2    1
  0.06165747 -0.06054339   -0.13585998 -0.04143969   -0.04347684  0.04107270
 -0.13585998 -0.04143969    0.06165747 -0.06054339   -0.04347684  0.04107270
 -0.04347684  0.04107270   -0.04347684  0.04107270    0.08011785 -0.05891796
    2    2
  0.24665928  0.00000000    0.00588110  0.00000000    0.00631936  0.00768767
  0.00588110  0.00000000    0.24665928  0.00000000    0.00631936  0.00768767
  0.00631936 -0.00768767    0.00631936 -0.00768767    0.29797846  0.00000000

     Dynamical  Matrix in cartesian axes

     q = (    0.250000000  -0.750000000   0.750000000 ) 

    1    1
  0.29797846  0.00000000   -0.00631936 -0.00768767    0.00631936  0.00768767
 -0.00631936  0.00768767    0.24665928  0.00000000   -0.00588110  0.00000000
  0.00631936 -0.00768767   -0.00588110  0.00000000    0.24665928  0.00000000
    1    2
 -0.08011785 -0.05891796   -0.04347684 -0.04107270    0.04347684  0.04107270
 -0.04347684 -0.04107270   -0.06165747 -0.06054339   -0.13585998  0.04143969
  0.04347684  0.04107270   -0.13585998  0.04143969   -0.06165747 -0.06054339
    2    1
 -0.08011785  0.05891796   -0.04347684  0.04107270    0.04347684 -0.04107270
 -0.04347684  0.04107270   -0.06165747  0.06054339   -0.13585998 -0.04143969
  0.04347684 -0.04107270   -0.13585998 -0.04143969   -0.06165747  0.06054339
    2    2
  0.29797846  0.00000000   -0.00631936  0.00768767    0.00631936 -0.00768767
 -0.00631936 -0.00768767    0.24665928  0.00000000   -0.00588110  0.00000000
  0.00631936  0.00768767   -0.00588110  0.00000000    0.24665928  0.00000000

     Dynamical  Matrix in cartesian axes

     q = (   -0.750000000  -0.750000000   0.250000000 ) 

    1    1
  0.24665928  0.00000000    0.00588110  0.00000000   -0.00631936 -0.00768767
  0.00588110  0.00000000    0.24665928  0.00000000   -0.00631936 -0.00768767
 -0.00631936  0.00768767   -0.00631936  0.00768767    0.29797846  0.00000000
    1    2
 -0.06054339 -0.06165747   -0.04143969  0.13585998   -0.04107270 -0.04347684
 -0.04143969  0.13585998   -0.06054339 -0.06165747   -0.04107270 -0.04347684
 -0.04107270 -0.04347684   -0.04107270 -0.04347684   -0.05891796 -0.08011785
    2    1
 -0.06054339  0.06165747   -0.04143969 -0.13585998   -0.04107270  0.04347684
 -0.04143969 -0.13585998   -0.06054339  0.06165747   -0.04107270  0.04347684
 -0.04107270  0.04347684   -0.04107270  0.04347684   -0.05891796  0.08011785
    2    2
  0.24665928  0.00000000    0.00588110  0.00000000   -0.00631936  0.00768767
  0.00588110  0.00000000    0.24665928  0.00000000   -0.00631936  0.00768767
 -0.00631936 -0.00768767   -0.00631936 -0.00768767    0.29797846  0.00000000

     Dynamical  Matrix in cartesian axes

     q = (    0.250000000   0.750000000   0.750000000 ) 

    1    1
  0.29797846  0.00000000    0.00631936 -0.00768767    0.00631936 -0.00768767
  0.00631936  0.00768767    0.24665928  0.00000000    0.00588110  0.00000000
  0.00631936  0.00768767    0.00588110  0.00000000    0.24665928  0.00000000
    1    2
  0.08011785 -0.05891796   -0.04347684  0.04107270   -0.04347684  0.04107270
 -0.04347684  0.04107270    0.06165747 -0.06054339   -0.13585998 -0.04143969
 -0.04347684  0.04107270   -0.13585998 -0.04143969    0.06165747 -0.06054339
    2    1
  0.08011785  0.05891796   -0.04347684 -0.04107270   -0.04347684 -0.04107270
 -0.04347684 -0.04107270    0.06165747  0.06054339   -0.13585998  0.04143969
 -0.04347684 -0.04107270   -0.13585998  0.04143969    0.06165747  0.06054339
    2    2
  0.29797846  0.00000000    0.00631936  0.00768767    0.00631936  0.00768767
  0.00631936 -0.00768767    0.24665928  0.00000000    0.00588110  0.00000000
  0.00631936 -0.00768767    0.00588110  0.00000000    0.24665928  0.00000000

     Dynamical  Matrix in cartesian axes

     q = (   -0.250000000  -0.750000000   0.750000000 ) 

    1    1
  0.29797846  0.00000000    0.00631936 -0.00768767   -0.00631936  0.00768767
  0.00631936  0.00768767    0.24665928  0.00000000   -0.00588110  0.00000000
 -0.00631936 -0.00768767   -0.00588110  0.00000000    0.24665928  0.00000000
    1    2
 -0.08011785  0.05891796    0.04347684 -0.04107270   -0.04347684  0.04107270
  0.04347684 -0.04107270   -0.06165747  0.06054339   -0.13585998 -0.04143969
 -0.04347684  0.04107270   -0.13585998 -0.04143969   -0.06165747  0.06054339
    2    1
 -0.08011785 -0.05891796    0.04347684  0.04107270   -0.04347684 -0.04107270
  0.04347684  0.04107270   -0.06165747 -0.06054339   -0.13585998  0.04143969
 -0.04347684 -0.04107270   -0.13585998  0.04143969   -0.06165747 -0.06054339
    2    2
  0.29797846  0.00000000    0.00631936  0.00768767   -0.00631936 -0.00768767
  0.00631936 -0.00768767    0.24665928  0.00000000   -0.00588110  0.00000000
 -0.00631936  0.00768767   -0.00588110  0.00000000    0.24665928  0.00000000

     Dynamical  Matrix in cartesian axes

     q = (    0.750000000   0.750000000   0.250000000 ) 

    1    1
  0.24665928  0.00000000    0.00588110  0.00000000    0.00631936  0.00768767
  0.00588110  0.00000000    0.24665928  0.00000000    0.00631936  0.00768767
  0.00631936 -0.00768767    0.00631936 -0.00768767    0.29797846  0.00000000
    1    2
  0.06165747 -0.06054339   -0.13585998 -0.04143969   -0.04347684  0.04107270
 -0.13585998 -0.04143969    0.06165747 -0.06054339   -0.04347684  0.04107270
 -0.04347684  0.04107270   -0.04347684  0.04107270    0.08011785 -0.05891796
    2    1
  0.06165747  0.06054339   -0.13585998  0.04143969   -0.04347684 -0.04107270
 -0.13585998  0.04143969    0.06165747  0.06054339   -0.04347684 -0.04107270
 -0.04347684 -0.04107270   -0.04347684 -0.04107270    0.08011785  0.05891796
    2    2
  0.24665928  0.00000000    0.00588110  0.00000000    0.00631936 -0.00768767
  0.00588110  0.00000000    0.24665928  0.00000000    0.00631936 -0.00768767
  0.00631936  0.00768767    0.00631936  0.00768767    0.29797846  0.00000000

     Dynamical  Matrix in cartesian axes

     q = (    0.250000000  -0.750000000  -0.750000000 ) 

    1    1
  0.29797846  0.00000000   -0.00631936  0.00768767   -0.00631936  0.00768767
 -0.00631936 -0.00768767    0.24665928  0.00000000    0.00588110  0.00000000
 -0.00631936 -0.00768767    0.00588110  0.00000000    0.24665928  0.00000000
    1    2
 -0.05891796 -0.08011785   -0.04107270 -0.04347684   -0.04107270 -0.04347684
 -0.04107270 -0.04347684   -0.06054339 -0.06165747   -0.04143969  0.13585998
 -0.04107270 -0.04347684   -0.04143969  0.13585998   -0.06054339 -0.06165747
    2    1
 -0.05891796  0.08011785   -0.04107270  0.04347684   -0.04107270  0.04347684
 -0.04107270  0.04347684   -0.06054339  0.06165747   -0.04143969 -0.13585998
 -0.04107270  0.04347684   -0.04143969 -0.13585998   -0.06054339  0.06165747
    2    2
  0.29797846  0.00000000   -0.00631936 -0.00768767   -0.00631936 -0.00768767
 -0.00631936  0.00768767    0.24665928  0.00000000    0.00588110  0.00000000
 -0.00631936  0.00768767    0.00588110  0.00000000    0.24665928  0.00000000

     Dynamical  Matrix in cartesian axes

     q = (    0.750000000  -0.750000000  -0.250000000 ) 

    1    1
  0.24665928  0.00000000   -0.00588110  0.00000000   -0.00631936 -0.00768767
 -0.00588110  0.00000000    0.24665928  0.00000000    0.00631936  0.00768767
 -0.00631936  0.00768767    0.00631936 -0.00768767    0.29797846  0.00000000
    1    2
 -0.06165747  0.06054339   -0.13585998 -0.04143969   -0.04347684  0.04107270
 -0.13585998 -0.04143969   -0.06165747  0.06054339    0.04347684 -0.04107270
 -0.04347684  0.04107270    0.04347684 -0.04107270   -0.08011785  0.05891796
    2    1
 -0.06165747 -0.06054339   -0.13585998  0.04143969   -0.04347684 -0.04107270
 -0.13585998  0.04143969   -0.06165747 -0.06054339    0.04347684  0.04107270
 -0.04347684 -0.04107270    0.04347684  0.04107270   -0.08011785 -0.05891796
    2    2
  0.24665928  0.00000000   -0.00588110  0.00000000   -0.00631936  0.00768767
 -0.00588110  0.00000000    0.24665928  0.00000000    0.00631936 -0.00768767
 -0.00631936 -0.00768767    0.00631936  0.00768767    0.29797846  0.00000000

     Diagonalizing the dynamical matrix

     q = (    0.750000000  -0.250000000   0.750000000 ) 

 **************************************************************************
     freq (    1) =       4.230927 [THz] =     141.128544 [cm-1]
 (  0.048135 -0.497678  0.000000 -0.000000 -0.048135  0.497678 ) 
 (  0.500000 -0.000000  0.000000  0.000000 -0.500000  0.000000 ) 
     freq (    2) =       5.879794 [THz] =     196.128807 [cm-1]
 ( -0.390453 -0.162881 -0.344059  0.153803 -0.390453 -0.162881 ) 
 ( -0.423065  0.000000 -0.258322 -0.274411 -0.423065  0.000000 ) 
     freq (    3) =       9.375226 [THz] =     312.723865 [cm-1]
 (  0.115552 -0.288754  0.380656  0.402043  0.115552 -0.288754 ) 
 ( -0.311016  0.000000  0.231840  0.502780 -0.311016  0.000000 ) 
     freq (    4) =      12.099175 [THz] =     403.585042 [cm-1]
 (  0.079227  0.318374 -0.403159 -0.349549  0.079227  0.318374 ) 
 ( -0.328084  0.000000  0.436560  0.306818 -0.328084  0.000000 ) 
     freq (    5) =      13.627142 [THz] =     454.552517 [cm-1]
 (  0.048135 -0.497678  0.000000 -0.000000 -0.048135  0.497678 ) 
 ( -0.500000 -0.000000 -0.000000 -0.000000  0.500000  0.000000 ) 
     freq (    6) =      14.023431 [THz] =     467.771297 [cm-1]
 ( -0.302329 -0.158881 -0.466832  0.220855 -0.302329 -0.158881 ) 
 (  0.341534  0.000000  0.310502  0.412671  0.341534 -0.000000 ) 
 **************************************************************************
