Dynamical matrix file
                                                                           
  1    2  2 10.2900000  0.0000000  0.0000000  0.0000000  0.0000000  0.0000000
           1  'Si  '    25598.822984527003     
    1    1      0.0000000000      0.0000000000      0.0000000000
    2    1      0.2500000000      0.2500000000      0.2500000000

     Dynamical  Matrix in cartesian axes

     q = (   -0.250000000   0.250000000  -0.250000000 ) 

    1    1
  0.27647750  0.00000000   -0.01193155  0.00000000    0.01193155 -0.00000000
 -0.01193155  0.00000000    0.27647750  0.00000000   -0.01193155 -0.00000000
  0.01193155  0.00000000   -0.01193155  0.00000000    0.27647750  0.00000000
    1    2
 -0.20558585 -0.05978926   -0.04028755  0.04190284    0.04028755 -0.04190284
 -0.04028755  0.04190284   -0.20558585 -0.05978926   -0.04028755  0.04190284
  0.04028755 -0.04190284   -0.04028755  0.04190284   -0.20558585 -0.05978926
    2    1
 -0.20558585  0.05978926   -0.04028755 -0.04190284    0.04028755  0.04190284
 -0.04028755 -0.04190284   -0.20558585  0.05978926   -0.04028755 -0.04190284
  0.04028755  0.04190284   -0.04028755 -0.04190284   -0.20558585  0.05978926
    2    2
  0.27647750 -0.00000000   -0.01193155 -0.00000000    0.01193155  0.00000000
 -0.01193155 -0.00000000    0.27647750 -0.00000000   -0.01193155  0.00000000
  0.01193155  0.00000000   -0.01193155  0.00000000    0.27647750 -0.00000000

     Dynamical  Matrix in cartesian axes

     q = (    0.250000000  -0.250000000  -0.250000000 ) 

    1    1
  0.27647750  0.00000000   -0.01193155  0.00000000   -0.01193155  0.00000000
 -0.01193155  0.00000000    0.27647750  0.00000000    0.01193155  0.00000000
 -0.01193155  0.00000000    0.01193155  0.00000000    0.27647750  0.00000000
    1    2
 -0.20558585 -0.05978926   -0.04028755  0.04190284   -0.04028755  0.04190284
 -0.04028755  0.04190284   -0.20558585 -0.05978926    0.04028755 -0.04190284
 -0.04028755  0.04190284    0.04028755 -0.04190284   -0.20558585 -0.05978926
    2    1
 -0.20558585  0.05978926   -0.04028755 -0.04190284   -0.04028755 -0.04190284
 -0.04028755 -0.04190284   -0.20558585  0.05978926    0.04028755  0.04190284
 -0.04028755 -0.04190284    0.04028755  0.04190284   -0.20558585  0.05978926
    2    2
  0.27647750  0.00000000   -0.01193155  0.00000000   -0.01193155  0.00000000
 -0.01193155  0.00000000    0.27647750  0.00000000    0.01193155  0.00000000
 -0.01193155  0.00000000    0.01193155  0.00000000    0.27647750  0.00000000

     Dynamical  Matrix in cartesian axes

     q = (    0.250000000  -0.250000000   0.250000000 ) 

    1    1
  0.27647750 -0.00000000   -0.01193155 -0.00000000    0.01193155  0.00000000
 -0.01193155 -0.00000000    0.27647750 -0.00000000   -0.01193155  0.00000000
  0.01193155  0.00000000   -0.01193155  0.00000000    0.27647750 -0.00000000
    1    2
 -0.20558585  0.05978926   -0.04028755 -0.04190284    0.04028755  0.04190284
 -0.04028755 -0.04190284   -0.20558585  0.05978926   -0.04028755 -0.04190284
  0.04028755  0.04190284   -0.04028755 -0.04190284   -0.20558585  0.05978926
    2    1
 -0.20558585 -0.05978926   -0.04028755  0.04190284    0.04028755 -0.04190284
 -0.04028755  0.04190284   -0.20558585 -0.05978926   -0.04028755  0.04190284
  0.04028755 -0.04190284   -0.04028755  0.04190284   -0.20558585 -0.05978926
    2    2
  0.27647750  0.00000000   -0.01193155  0.00000000    0.01193155 -0.00000000
 -0.01193155  0.00000000    0.27647750  0.00000000   -0.01193155 -0.00000000
  0.01193155  0.00000000   -0.01193155  0.00000000    0.27647750  0.00000000

     Dynamical  Matrix in cartesian axes

     q = (    0.250000000   0.250000000   0.250000000 ) 

    1    1
  0.27647750  0.00000000    0.01193155  0.00000000    0.01193155  0.00000000
  0.01193155  0.00000000    0.27647750  0.00000000    0.01193155 -0.00000000
  0.01193155 -0.00000000    0.01193155 -0.00000000    0.27647750  0.00000000
    1    2
 -0.05978926  0.20558585   -0.04190284 -0.04028755   -0.04190284 -0.04028755
 -0.04190284 -0.04028755   -0.05978926  0.20558585   -0.04190284 -0.04028755
 -0.04190284 -0.04028755   -0.04190284 -0.04028755   -0.05978926  0.20558585
    2    1
 -0.05978926 -0.20558585   -0.04190284  0.04028755   -0.04190284  0.04028755
 -0.04190284  0.04028755   -0.05978926 -0.20558585   -0.04190284  0.04028755
 -0.04190284  0.04028755   -0.04190284  0.04028755   -0.05978926 -0.20558585
    2    2
  0.27647750 -0.00000000    0.01193155  0.00000000    0.01193155  0.00000000
  0.01193155 -0.00000000    0.27647750 -0.00000000    0.01193155  0.00000000
  0.01193155  0.00000000    0.01193155  0.00000000    0.27647750 -0.00000000

     Dynamical  Matrix in cartesian axes

     q = (   -0.250000000  -0.250000000  -0.250000000 ) 

    1    1
  0.27647750 -0.00000000    0.01193155  0.00000000    0.01193155  0.00000000
  0.01193155 -0.00000000    0.27647750 -0.00000000    0.01193155  0.00000000
  0.01193155  0.00000000    0.01193155  0.00000000    0.27647750 -0.00000000
    1    2
 -0.05978926 -0.20558585   -0.04190284  0.04028755   -0.04190284  0.04028755
 -0.04190284  0.04028755   -0.05978926 -0.20558585   -0.04190284  0.04028755
 -0.04190284  0.04028755   -0.04190284  0.04028755   -0.05978926 -0.20558585
    2    1
 -0.05978926  0.20558585   -0.04190284 -0.04028755   -0.04190284 -0.04028755
 -0.04190284 -0.04028755   -0.05978926  0.20558585   -0.04190284 -0.04028755
 -0.04190284 -0.04028755   -0.04190284 -0.04028755   -0.05978926  0.20558585
    2    2
  0.27647750  0.00000000    0.01193155  0.00000000    0.01193155  0.00000000
  0.01193155  0.00000000    0.27647750  0.00000000    0.01193155 -0.00000000
  0.01193155 -0.00000000    0.01193155 -0.00000000    0.27647750  0.00000000

     Dynamical  Matrix in cartesian axes

     q = (   -0.250000000  -0.250000000   0.250000000 ) 

    1    1
  0.27647750  0.00000000    0.01193155  0.00000000   -0.01193155  0.00000000
  0.01193155  0.00000000    0.27647750  0.00000000   -0.01193155  0.00000000
 -0.01193155  0.00000000   -0.01193155  0.00000000    0.27647750  0.00000000
    1    2
 -0.20558585 -0.05978926    0.04028755 -0.04190284   -0.04028755  0.04190284
  0.04028755 -0.04190284   -0.20558585 -0.05978926   -0.04028755  0.04190284
 -0.04028755  0.04190284   -0.04028755  0.04190284   -0.20558585 -0.05978926
    2    1
 -0.20558585  0.05978926    0.04028755  0.04190284   -0.04028755 -0.04190284
  0.04028755  0.04190284   -0.20558585  0.05978926   -0.04028755 -0.04190284
 -0.04028755 -0.04190284   -0.04028755 -0.04190284   -0.20558585  0.05978926
    2    2
  0.27647750 -0.00000000    0.01193155 -0.00000000   -0.01193155 -0.00000000
  0.01193155  0.00000000    0.27647750 -0.00000000   -0.01193155  0.00000000
 -0.01193155 -0.00000000   -0.01193155 -0.00000000    0.27647750 -0.00000000

     Dynamical  Matrix in cartesian axes

     q = (   -0.250000000   0.250000000   0.250000000 ) 

    1    1
  0.27647750  0.00000000   -0.01193155  0.00000000   -0.01193155  0.00000000
 -0.01193155  0.00000000    0.27647750  0.00000000    0.01193155  0.00000000
 -0.01193155  0.00000000    0.01193155  0.00000000    0.27647750  0.00000000
    1    2
 -0.20558585  0.05978926   -0.04028755 -0.04190284   -0.04028755 -0.04190284
 -0.04028755 -0.04190284   -0.20558585  0.05978926    0.04028755  0.04190284
 -0.04028755 -0.04190284    0.04028755  0.04190284   -0.20558585  0.05978926
    2    1
 -0.20558585 -0.05978926   -0.04028755  0.04190284   -0.04028755  0.04190284
 -0.04028755  0.04190284   -0.20558585 -0.05978926    0.04028755 -0.04190284
 -0.04028755  0.04190284    0.04028755 -0.04190284   -0.20558585 -0.05978926
    2    2
  0.27647750  0.00000000   -0.01193155  0.00000000   -0.01193155  0.00000000
 -0.01193155  0.00000000    0.27647750  0.00000000    0.01193155  0.00000000
 -0.01193155  0.00000000    0.01193155  0.00000000    0.27647750  0.00000000

     Dynamical  Matrix in cartesian axes

     q = (    0.250000000   0.250000000  -0.250000000 ) 

    1    1
  0.27647750 -0.00000000    0.01193155 -0.00000000   -0.01193155 -0.00000000
  0.01193155  0.00000000    0.27647750 -0.00000000   -0.01193155  0.00000000
 -0.01193155 -0.00000000   -0.01193155 -0.00000000    0.27647750 -0.00000000
    1    2
 -0.20558585  0.05978926    0.04028755  0.04190284   -0.04028755 -0.04190284
  0.04028755  0.04190284   -0.20558585  0.05978926   -0.04028755 -0.04190284
 -0.04028755 -0.04190284   -0.04028755 -0.04190284   -0.20558585  0.05978926
    2    1
 -0.20558585 -0.05978926    0.04028755 -0.04190284   -0.04028755  0.04190284
  0.04028755 -0.04190284   -0.20558585 -0.05978926   -0.04028755  0.04190284
 -0.04028755  0.04190284   -0.04028755  0.04190284   -0.20558585 -0.05978926
    2    2
  0.27647750  0.00000000    0.01193155  0.00000000   -0.01193155  0.00000000
  0.01193155  0.00000000    0.27647750  0.00000000   -0.01193155  0.00000000
 -0.01193155  0.00000000   -0.01193155  0.00000000    0.27647750  0.00000000

     Diagonalizing the dynamical matrix

     q = (   -0.250000000   0.250000000  -0.250000000 ) 

 **************************************************************************
     freq (    1) =       2.760428 [THz] =      92.077965 [cm-1]
 ( -0.175076 -0.032622  0.387444  0.008300  0.562520  0.040921 ) 
 ( -0.176981 -0.019833  0.387025 -0.019833  0.564006 -0.000000 ) 
     freq (    2) =       2.760428 [THz] =      92.077965 [cm-1]
 ( -0.546815  0.051099 -0.423728  0.060053  0.123087  0.008954 ) 
 ( -0.541666  0.090639 -0.418254  0.090639  0.123412  0.000000 ) 
     freq (    3) =       6.818202 [THz] =     227.430733 [cm-1]
 (  0.268062  0.307912 -0.268062 -0.307912  0.268062  0.307912 ) 
 (  0.408248 -0.000000 -0.408248 -0.000000  0.408248  0.000000 ) 
     freq (    4) =      14.404071 [THz] =     480.468096 [cm-1]
 (  0.268062  0.307912 -0.268062 -0.307912  0.268062  0.307912 ) 
 ( -0.408248  0.000000  0.408248 -0.000000 -0.408248  0.000000 ) 
     freq (    5) =      14.699577 [THz] =     490.325111 [cm-1]
 ( -0.559457 -0.116640 -0.336971 -0.100455  0.222487  0.016185 ) 
 (  0.566446  0.075741  0.343371  0.075741 -0.223075  0.000000 ) 
     freq (    6) =      14.699577 [THz] =     490.325111 [cm-1]
 ( -0.077795  0.026153  0.453316  0.064790  0.531110  0.038636 ) 
 (  0.075692 -0.031729 -0.456822 -0.031729 -0.532514  0.000000 ) 
 **************************************************************************
