Dynamical matrix file
                                                                           
  1    2  2 10.3980000  0.0000000  0.0000000  0.0000000  0.0000000  0.0000000
           1  'Si  '    25598.822984527003     
    1    1      0.0000000000      0.0000000000      0.0000000000
    2    1      0.2500000000      0.2500000000      0.2500000000

     Dynamical  Matrix in cartesian axes

     q = (    0.750000000  -0.250000000   0.750000000 ) 

    1    1
  0.25236764  0.00000000   -0.00491142  0.00802585    0.00199385  0.00000000
 -0.00491142 -0.00802585    0.30676404  0.00000000   -0.00491142 -0.00802585
  0.00199385  0.00000000   -0.00491142  0.00802585    0.25236764  0.00000000
    1    2
 -0.04963798  0.08043036   -0.03294617  0.03781298   -0.03906710 -0.12318270
 -0.03294617  0.03781298   -0.04773503  0.09991723   -0.03294617  0.03781298
 -0.03906710 -0.12318270   -0.03294617  0.03781298   -0.04963798  0.08043036
    2    1
 -0.04963798 -0.08043036   -0.03294617 -0.03781298   -0.03906710  0.12318270
 -0.03294617 -0.03781298   -0.04773503 -0.09991723   -0.03294617 -0.03781298
 -0.03906710  0.12318270   -0.03294617 -0.03781298   -0.04963798 -0.08043036
    2    2
  0.25236764  0.00000000   -0.00491142 -0.00802585    0.00199385  0.00000000
 -0.00491142  0.00802585    0.30676404  0.00000000   -0.00491142  0.00802585
  0.00199385  0.00000000   -0.00491142 -0.00802585    0.25236764  0.00000000

     Dynamical  Matrix in cartesian axes

     q = (    0.750000000  -0.250000000  -0.750000000 ) 

    1    1
  0.25236764  0.00000000   -0.00491142 -0.00802585   -0.00199385  0.00000000
 -0.00491142  0.00802585    0.30676404  0.00000000    0.00491142 -0.00802585
 -0.00199385  0.00000000    0.00491142  0.00802585    0.25236764  0.00000000
    1    2
 -0.08043036  0.04963798   -0.03781298  0.03294617   -0.12318270 -0.03906710
 -0.03781298  0.03294617   -0.09991723  0.04773503    0.03781298 -0.03294617
 -0.12318270 -0.03906710    0.03781298 -0.03294617   -0.08043036  0.04963798
    2    1
 -0.08043036 -0.04963798   -0.03781298 -0.03294617   -0.12318270  0.03906710
 -0.03781298 -0.03294617   -0.09991723 -0.04773503    0.03781298  0.03294617
 -0.12318270  0.03906710    0.03781298  0.03294617   -0.08043036 -0.04963798
    2    2
  0.25236764  0.00000000   -0.00491142  0.00802585   -0.00199385  0.00000000
 -0.00491142 -0.00802585    0.30676404  0.00000000    0.00491142  0.00802585
 -0.00199385  0.00000000    0.00491142 -0.00802585    0.25236764  0.00000000

     Dynamical  Matrix in cartesian axes

     q = (   -0.750000000  -0.250000000  -0.750000000 ) 

    1    1
  0.25236764  0.00000000    0.00491142 -0.00802585    0.00199385  0.00000000
  0.00491142  0.00802585    0.30676404  0.00000000    0.00491142  0.00802585
  0.00199385  0.00000000    0.00491142 -0.00802585    0.25236764  0.00000000
    1    2
  0.08043036  0.04963798   -0.03781298 -0.03294617   -0.12318270  0.03906710
 -0.03781298 -0.03294617    0.09991723  0.04773503   -0.03781298 -0.03294617
 -0.12318270  0.03906710   -0.03781298 -0.03294617    0.08043036  0.04963798
    2    1
  0.08043036 -0.04963798   -0.03781298  0.03294617   -0.12318270 -0.03906710
 -0.03781298  0.03294617    0.09991723 -0.04773503   -0.03781298  0.03294617
 -0.12318270 -0.03906710   -0.03781298  0.03294617    0.08043036 -0.04963798
    2    2
  0.25236764  0.00000000    0.00491142  0.00802585    0.00199385  0.00000000
  0.00491142 -0.00802585    0.30676404  0.00000000    0.00491142 -0.00802585
  0.00199385  0.00000000    0.00491142  0.00802585    0.25236764  0.00000000

     Dynamical  Matrix in cartesian axes

     q = (   -0.750000000  -0.250000000   0.750000000 ) 

    1    1
  0.25236764  0.00000000    0.00491142  0.00802585   -0.00199385  0.00000000
  0.00491142 -0.00802585    0.30676404  0.00000000   -0.00491142  0.00802585
 -0.00199385  0.00000000   -0.00491142 -0.00802585    0.25236764  0.00000000
    1    2
 -0.08043036  0.04963798    0.03781298 -0.03294617   -0.12318270 -0.03906710
  0.03781298 -0.03294617   -0.09991723  0.04773503   -0.03781298  0.03294617
 -0.12318270 -0.03906710   -0.03781298  0.03294617   -0.08043036  0.04963798
    2    1
 -0.08043036 -0.04963798    0.03781298  0.03294617   -0.12318270  0.03906710
  0.03781298  0.03294617   -0.09991723 -0.04773503   -0.03781298 -0.03294617
 -0.12318270  0.03906710   -0.03781298 -0.03294617   -0.08043036 -0.04963798
    2    2
  0.25236764  0.00000000    0.00491142 -0.00802585   -0.00199385  0.00000000
  0.00491142  0.00802585    0.30676404  0.00000000   -0.00491142 -0.00802585
 -0.00199385  0.00000000   -0.00491142  0.00802585    0.25236764  0.00000000

     Dynamical  Matrix in cartesian axes

     q = (   -0.750000000   0.250000000  -0.750000000 ) 

    1    1
  0.25236764  0.00000000   -0.00491142 -0.00802585    0.00199385  0.00000000
 -0.00491142  0.00802585    0.30676404  0.00000000   -0.00491142  0.00802585
  0.00199385  0.00000000   -0.00491142 -0.00802585    0.25236764  0.00000000
    1    2
 -0.04963798 -0.08043036   -0.03294617 -0.03781298   -0.03906710  0.12318270
 -0.03294617 -0.03781298   -0.04773503 -0.09991723   -0.03294617 -0.03781298
 -0.03906710  0.12318270   -0.03294617 -0.03781298   -0.04963798 -0.08043036
    2    1
 -0.04963798  0.08043036   -0.03294617  0.03781298   -0.03906710 -0.12318270
 -0.03294617  0.03781298   -0.04773503  0.09991723   -0.03294617  0.03781298
 -0.03906710 -0.12318270   -0.03294617  0.03781298   -0.04963798  0.08043036
    2    2
  0.25236764  0.00000000   -0.00491142  0.00802585    0.00199385  0.00000000
 -0.00491142 -0.00802585    0.30676404  0.00000000   -0.00491142 -0.00802585
  0.00199385  0.00000000   -0.00491142  0.00802585    0.25236764  0.00000000

     Dynamical  Matrix in cartesian axes

     q = (   -0.250000000   0.750000000  -0.750000000 ) 

    1    1
  0.30676404  0.00000000   -0.00491142  0.00802585    0.00491142 -0.00802585
 -0.00491142 -0.00802585    0.25236764  0.00000000   -0.00199385  0.00000000
  0.00491142  0.00802585   -0.00199385  0.00000000    0.25236764  0.00000000
    1    2
 -0.09991723  0.04773503   -0.03781298  0.03294617    0.03781298 -0.03294617
 -0.03781298  0.03294617   -0.08043036  0.04963798   -0.12318270 -0.03906710
  0.03781298 -0.03294617   -0.12318270 -0.03906710   -0.08043036  0.04963798
    2    1
 -0.09991723 -0.04773503   -0.03781298 -0.03294617    0.03781298  0.03294617
 -0.03781298 -0.03294617   -0.08043036 -0.04963798   -0.12318270  0.03906710
  0.03781298  0.03294617   -0.12318270  0.03906710   -0.08043036 -0.04963798
    2    2
  0.30676404  0.00000000   -0.00491142 -0.00802585    0.00491142  0.00802585
 -0.00491142  0.00802585    0.25236764  0.00000000   -0.00199385  0.00000000
  0.00491142 -0.00802585   -0.00199385  0.00000000    0.25236764  0.00000000

     Dynamical  Matrix in cartesian axes

     q = (   -0.750000000   0.750000000  -0.250000000 ) 

    1    1
  0.25236764  0.00000000   -0.00199385  0.00000000    0.00491142  0.00802585
 -0.00199385  0.00000000    0.25236764  0.00000000   -0.00491142 -0.00802585
  0.00491142 -0.00802585   -0.00491142  0.00802585    0.30676404  0.00000000
    1    2
 -0.08043036  0.04963798   -0.12318270 -0.03906710    0.03781298 -0.03294617
 -0.12318270 -0.03906710   -0.08043036  0.04963798   -0.03781298  0.03294617
  0.03781298 -0.03294617   -0.03781298  0.03294617   -0.09991723  0.04773503
    2    1
 -0.08043036 -0.04963798   -0.12318270  0.03906710    0.03781298  0.03294617
 -0.12318270  0.03906710   -0.08043036 -0.04963798   -0.03781298 -0.03294617
  0.03781298  0.03294617   -0.03781298 -0.03294617   -0.09991723 -0.04773503
    2    2
  0.25236764  0.00000000   -0.00199385  0.00000000    0.00491142 -0.00802585
 -0.00199385  0.00000000    0.25236764  0.00000000   -0.00491142  0.00802585
  0.00491142  0.00802585   -0.00491142 -0.00802585    0.30676404  0.00000000

     Dynamical  Matrix in cartesian axes

     q = (    0.750000000   0.250000000   0.750000000 ) 

    1    1
  0.25236764  0.00000000    0.00491142  0.00802585    0.00199385  0.00000000
  0.00491142 -0.00802585    0.30676404  0.00000000    0.00491142 -0.00802585
  0.00199385  0.00000000    0.00491142  0.00802585    0.25236764  0.00000000
    1    2
  0.08043036 -0.04963798   -0.03781298  0.03294617   -0.12318270 -0.03906710
 -0.03781298  0.03294617    0.09991723 -0.04773503   -0.03781298  0.03294617
 -0.12318270 -0.03906710   -0.03781298  0.03294617    0.08043036 -0.04963798
    2    1
  0.08043036  0.04963798   -0.03781298 -0.03294617   -0.12318270  0.03906710
 -0.03781298 -0.03294617    0.09991723  0.04773503   -0.03781298 -0.03294617
 -0.12318270  0.03906710   -0.03781298 -0.03294617    0.08043036  0.04963798
    2    2
  0.25236764  0.00000000    0.00491142 -0.00802585    0.00199385  0.00000000
  0.00491142  0.00802585    0.30676404  0.00000000    0.00491142  0.00802585
  0.00199385  0.00000000    0.00491142 -0.00802585    0.25236764  0.00000000

     Dynamical  Matrix in cartesian axes

     q = (   -0.750000000   0.250000000   0.750000000 ) 

    1    1
  0.25236764  0.00000000   -0.00491142  0.00802585   -0.00199385  0.00000000
 -0.00491142 -0.00802585    0.30676404  0.00000000    0.00491142  0.00802585
 -0.00199385  0.00000000    0.00491142 -0.00802585    0.25236764  0.00000000
    1    2
 -0.08043036 -0.04963798   -0.03781298 -0.03294617   -0.12318270  0.03906710
 -0.03781298 -0.03294617   -0.09991723 -0.04773503    0.03781298  0.03294617
 -0.12318270  0.03906710    0.03781298  0.03294617   -0.08043036 -0.04963798
    2    1
 -0.08043036  0.04963798   -0.03781298  0.03294617   -0.12318270 -0.03906710
 -0.03781298  0.03294617   -0.09991723  0.04773503    0.03781298 -0.03294617
 -0.12318270 -0.03906710    0.03781298 -0.03294617   -0.08043036  0.04963798
    2    2
  0.25236764  0.00000000   -0.00491142 -0.00802585   -0.00199385  0.00000000
 -0.00491142  0.00802585    0.30676404  0.00000000    0.00491142 -0.00802585
 -0.00199385  0.00000000    0.00491142  0.00802585    0.25236764  0.00000000

     Dynamical  Matrix in cartesian axes

     q = (    0.750000000   0.250000000  -0.750000000 ) 

    1    1
  0.25236764  0.00000000    0.00491142 -0.00802585   -0.00199385  0.00000000
  0.00491142  0.00802585    0.30676404  0.00000000   -0.00491142 -0.00802585
 -0.00199385  0.00000000   -0.00491142  0.00802585    0.25236764  0.00000000
    1    2
 -0.08043036 -0.04963798    0.03781298  0.03294617   -0.12318270  0.03906710
  0.03781298  0.03294617   -0.09991723 -0.04773503   -0.03781298 -0.03294617
 -0.12318270  0.03906710   -0.03781298 -0.03294617   -0.08043036 -0.04963798
    2    1
 -0.08043036  0.04963798    0.03781298 -0.03294617   -0.12318270 -0.03906710
  0.03781298 -0.03294617   -0.09991723  0.04773503   -0.03781298  0.03294617
 -0.12318270 -0.03906710   -0.03781298  0.03294617   -0.08043036  0.04963798
    2    2
  0.25236764  0.00000000    0.00491142  0.00802585   -0.00199385  0.00000000
  0.00491142 -0.00802585    0.30676404  0.00000000   -0.00491142  0.00802585
 -0.00199385  0.00000000   -0.00491142 -0.00802585    0.25236764  0.00000000

     Dynamical  Matrix in cartesian axes

     q = (   -0.750000000   0.750000000   0.250000000 ) 

    1    1
  0.25236764  0.00000000   -0.00199385  0.00000000   -0.00491142  0.00802585
 -0.00199385  0.00000000    0.25236764  0.00000000    0.00491142 -0.00802585
 -0.00491142 -0.00802585    0.00491142  0.00802585    0.30676404  0.00000000
    1    2
 -0.08043036 -0.04963798   -0.12318270  0.03906710   -0.03781298 -0.03294617
 -0.12318270  0.03906710   -0.08043036 -0.04963798    0.03781298  0.03294617
 -0.03781298 -0.03294617    0.03781298  0.03294617   -0.09991723 -0.04773503
    2    1
 -0.08043036  0.04963798   -0.12318270 -0.03906710   -0.03781298  0.03294617
 -0.12318270 -0.03906710   -0.08043036  0.04963798    0.03781298 -0.03294617
 -0.03781298  0.03294617    0.03781298 -0.03294617   -0.09991723  0.04773503
    2    2
  0.25236764  0.00000000   -0.00199385  0.00000000   -0.00491142 -0.00802585
 -0.00199385  0.00000000    0.25236764  0.00000000    0.00491142  0.00802585
 -0.00491142  0.00802585    0.00491142 -0.00802585    0.30676404  0.00000000

     Dynamical  Matrix in cartesian axes

     q = (   -0.250000000   0.750000000   0.750000000 ) 

    1    1
  0.30676404  0.00000000   -0.00491142 -0.00802585   -0.00491142 -0.00802585
 -0.00491142  0.00802585    0.25236764  0.00000000    0.00199385  0.00000000
 -0.00491142  0.00802585    0.00199385  0.00000000    0.25236764  0.00000000
    1    2
 -0.04773503  0.09991723   -0.03294617  0.03781298   -0.03294617  0.03781298
 -0.03294617  0.03781298   -0.04963798  0.08043036   -0.03906710 -0.12318270
 -0.03294617  0.03781298   -0.03906710 -0.12318270   -0.04963798  0.08043036
    2    1
 -0.04773503 -0.09991723   -0.03294617 -0.03781298   -0.03294617 -0.03781298
 -0.03294617 -0.03781298   -0.04963798 -0.08043036   -0.03906710  0.12318270
 -0.03294617 -0.03781298   -0.03906710  0.12318270   -0.04963798 -0.08043036
    2    2
  0.30676404  0.00000000   -0.00491142  0.00802585   -0.00491142  0.00802585
 -0.00491142 -0.00802585    0.25236764  0.00000000    0.00199385  0.00000000
 -0.00491142 -0.00802585    0.00199385  0.00000000    0.25236764  0.00000000

     Dynamical  Matrix in cartesian axes

     q = (    0.250000000   0.750000000  -0.750000000 ) 

    1    1
  0.30676404  0.00000000    0.00491142  0.00802585   -0.00491142 -0.00802585
  0.00491142 -0.00802585    0.25236764  0.00000000   -0.00199385  0.00000000
 -0.00491142  0.00802585   -0.00199385  0.00000000    0.25236764  0.00000000
    1    2
 -0.09991723 -0.04773503    0.03781298  0.03294617   -0.03781298 -0.03294617
  0.03781298  0.03294617   -0.08043036 -0.04963798   -0.12318270  0.03906710
 -0.03781298 -0.03294617   -0.12318270  0.03906710   -0.08043036 -0.04963798
    2    1
 -0.09991723  0.04773503    0.03781298 -0.03294617   -0.03781298  0.03294617
  0.03781298 -0.03294617   -0.08043036  0.04963798   -0.12318270 -0.03906710
 -0.03781298  0.03294617   -0.12318270 -0.03906710   -0.08043036  0.04963798
    2    2
  0.30676404  0.00000000    0.00491142 -0.00802585   -0.00491142  0.00802585
  0.00491142  0.00802585    0.25236764  0.00000000   -0.00199385  0.00000000
 -0.00491142 -0.00802585   -0.00199385  0.00000000    0.25236764  0.00000000

     Dynamical  Matrix in cartesian axes

     q = (   -0.250000000  -0.750000000  -0.750000000 ) 

    1    1
  0.30676404  0.00000000    0.00491142  0.00802585    0.00491142  0.00802585
  0.00491142 -0.00802585    0.25236764  0.00000000    0.00199385  0.00000000
  0.00491142 -0.00802585    0.00199385  0.00000000    0.25236764  0.00000000
    1    2
  0.09991723  0.04773503   -0.03781298 -0.03294617   -0.03781298 -0.03294617
 -0.03781298 -0.03294617    0.08043036  0.04963798   -0.12318270  0.03906710
 -0.03781298 -0.03294617   -0.12318270  0.03906710    0.08043036  0.04963798
    2    1
  0.09991723 -0.04773503   -0.03781298  0.03294617   -0.03781298  0.03294617
 -0.03781298  0.03294617    0.08043036 -0.04963798   -0.12318270 -0.03906710
 -0.03781298  0.03294617   -0.12318270 -0.03906710    0.08043036 -0.04963798
    2    2
  0.30676404  0.00000000    0.00491142 -0.00802585    0.00491142 -0.00802585
  0.00491142  0.00802585    0.25236764  0.00000000    0.00199385  0.00000000
  0.00491142  0.00802585    0.00199385  0.00000000    0.25236764  0.00000000

     Dynamical  Matrix in cartesian axes

     q = (    0.750000000   0.750000000  -0.250000000 ) 

    1    1
  0.25236764  0.00000000    0.00199385  0.00000000   -0.00491142  0.00802585
  0.00199385  0.00000000    0.25236764  0.00000000   -0.00491142  0.00802585
 -0.00491142 -0.00802585   -0.00491142 -0.00802585    0.30676404  0.00000000
    1    2
 -0.04963798  0.08043036   -0.03906710 -0.12318270   -0.03294617  0.03781298
 -0.03906710 -0.12318270   -0.04963798  0.08043036   -0.03294617  0.03781298
 -0.03294617  0.03781298   -0.03294617  0.03781298   -0.04773503  0.09991723
    2    1
 -0.04963798 -0.08043036   -0.03906710  0.12318270   -0.03294617 -0.03781298
 -0.03906710  0.12318270   -0.04963798 -0.08043036   -0.03294617 -0.03781298
 -0.03294617 -0.03781298   -0.03294617 -0.03781298   -0.04773503 -0.09991723
    2    2
  0.25236764  0.00000000    0.00199385  0.00000000   -0.00491142 -0.00802585
  0.00199385  0.00000000    0.25236764  0.00000000   -0.00491142 -0.00802585
 -0.00491142  0.00802585   -0.00491142  0.00802585    0.30676404  0.00000000

     Dynamical  Matrix in cartesian axes

     q = (    0.750000000  -0.750000000   0.250000000 ) 

    1    1
  0.25236764  0.00000000   -0.00199385  0.00000000    0.00491142 -0.00802585
 -0.00199385  0.00000000    0.25236764  0.00000000   -0.00491142  0.00802585
  0.00491142  0.00802585   -0.00491142 -0.00802585    0.30676404  0.00000000
    1    2
 -0.08043036 -0.04963798   -0.12318270  0.03906710    0.03781298  0.03294617
 -0.12318270  0.03906710   -0.08043036 -0.04963798   -0.03781298 -0.03294617
  0.03781298  0.03294617   -0.03781298 -0.03294617   -0.09991723 -0.04773503
    2    1
 -0.08043036  0.04963798   -0.12318270 -0.03906710    0.03781298 -0.03294617
 -0.12318270 -0.03906710   -0.08043036  0.04963798   -0.03781298  0.03294617
  0.03781298 -0.03294617   -0.03781298  0.03294617   -0.09991723  0.04773503
    2    2
  0.25236764  0.00000000   -0.00199385  0.00000000    0.00491142  0.00802585
 -0.00199385  0.00000000    0.25236764  0.00000000   -0.00491142 -0.00802585
  0.00491142 -0.00802585   -0.00491142  0.00802585    0.30676404  0.00000000

     Dynamical  Matrix in cartesian axes

     q = (   -0.750000000  -0.750000000  -0.250000000 ) 

    1    1
  0.25236764  0.00000000    0.00199385  0.00000000    0.00491142 -0.00802585
  0.00199385  0.00000000    0.25236764  0.00000000    0.00491142 -0.00802585
  0.00491142  0.00802585    0.00491142  0.00802585    0.30676404  0.00000000
    1    2
  0.08043036  0.04963798   -0.12318270  0.03906710   -0.03781298 -0.03294617
 -0.12318270  0.03906710    0.08043036  0.04963798   -0.03781298 -0.03294617
 -0.03781298 -0.03294617   -0.03781298 -0.03294617    0.09991723  0.04773503
    2    1
  0.08043036 -0.04963798   -0.12318270 -0.03906710   -0.03781298  0.03294617
 -0.12318270 -0.03906710    0.08043036 -0.04963798   -0.03781298  0.03294617
 -0.03781298  0.03294617   -0.03781298  0.03294617    0.09991723 -0.04773503
    2    2
  0.25236764  0.00000000    0.00199385  0.00000000    0.00491142  0.00802585
  0.00199385  0.00000000    0.25236764  0.00000000    0.00491142  0.00802585
  0.00491142 -0.00802585    0.00491142 -0.00802585    0.30676404  0.00000000

     Dynamical  Matrix in cartesian axes

     q = (    0.250000000  -0.750000000   0.750000000 ) 

    1    1
  0.30676404  0.00000000   -0.00491142 -0.00802585    0.00491142  0.00802585
 -0.00491142  0.00802585    0.25236764  0.00000000   -0.00199385  0.00000000
  0.00491142 -0.00802585   -0.00199385  0.00000000    0.25236764  0.00000000
    1    2
 -0.09991723 -0.04773503   -0.03781298 -0.03294617    0.03781298  0.03294617
 -0.03781298 -0.03294617   -0.08043036 -0.04963798   -0.12318270  0.03906710
  0.03781298  0.03294617   -0.12318270  0.03906710   -0.08043036 -0.04963798
    2    1
 -0.09991723  0.04773503   -0.03781298  0.03294617    0.03781298 -0.03294617
 -0.03781298  0.03294617   -0.08043036  0.04963798   -0.12318270 -0.03906710
  0.03781298 -0.03294617   -0.12318270 -0.03906710   -0.08043036  0.04963798
    2    2
  0.30676404  0.00000000   -0.00491142  0.00802585    0.00491142 -0.00802585
 -0.00491142 -0.00802585    0.25236764  0.00000000   -0.00199385  0.00000000
  0.00491142  0.00802585   -0.00199385  0.00000000    0.25236764  0.00000000

     Dynamical  Matrix in cartesian axes

     q = (   -0.750000000  -0.750000000   0.250000000 ) 

    1    1
  0.25236764  0.00000000    0.00199385  0.00000000   -0.00491142 -0.00802585
  0.00199385  0.00000000    0.25236764  0.00000000   -0.00491142 -0.00802585
 -0.00491142  0.00802585   -0.00491142  0.00802585    0.30676404  0.00000000
    1    2
 -0.04963798 -0.08043036   -0.03906710  0.12318270   -0.03294617 -0.03781298
 -0.03906710  0.12318270   -0.04963798 -0.08043036   -0.03294617 -0.03781298
 -0.03294617 -0.03781298   -0.03294617 -0.03781298   -0.04773503 -0.09991723
    2    1
 -0.04963798  0.08043036   -0.03906710 -0.12318270   -0.03294617  0.03781298
 -0.03906710 -0.12318270   -0.04963798  0.08043036   -0.03294617  0.03781298
 -0.03294617  0.03781298   -0.03294617  0.03781298   -0.04773503  0.09991723
    2    2
  0.25236764  0.00000000    0.00199385  0.00000000   -0.00491142  0.00802585
  0.00199385  0.00000000    0.25236764  0.00000000   -0.00491142  0.00802585
 -0.00491142 -0.00802585   -0.00491142 -0.00802585    0.30676404  0.00000000

     Dynamical  Matrix in cartesian axes

     q = (    0.250000000   0.750000000   0.750000000 ) 

    1    1
  0.30676404  0.00000000    0.00491142 -0.00802585    0.00491142 -0.00802585
  0.00491142  0.00802585    0.25236764  0.00000000    0.00199385  0.00000000
  0.00491142  0.00802585    0.00199385  0.00000000    0.25236764  0.00000000
    1    2
  0.09991723 -0.04773503   -0.03781298  0.03294617   -0.03781298  0.03294617
 -0.03781298  0.03294617    0.08043036 -0.04963798   -0.12318270 -0.03906710
 -0.03781298  0.03294617   -0.12318270 -0.03906710    0.08043036 -0.04963798
    2    1
  0.09991723  0.04773503   -0.03781298 -0.03294617   -0.03781298 -0.03294617
 -0.03781298 -0.03294617    0.08043036  0.04963798   -0.12318270  0.03906710
 -0.03781298 -0.03294617   -0.12318270  0.03906710    0.08043036  0.04963798
    2    2
  0.30676404  0.00000000    0.00491142  0.00802585    0.00491142  0.00802585
  0.00491142 -0.00802585    0.25236764  0.00000000    0.00199385  0.00000000
  0.00491142 -0.00802585    0.00199385  0.00000000    0.25236764  0.00000000

     Dynamical  Matrix in cartesian axes

     q = (   -0.250000000  -0.750000000   0.750000000 ) 

    1    1
  0.30676404  0.00000000    0.00491142 -0.00802585   -0.00491142  0.00802585
  0.00491142  0.00802585    0.25236764  0.00000000   -0.00199385  0.00000000
 -0.00491142 -0.00802585   -0.00199385  0.00000000    0.25236764  0.00000000
    1    2
 -0.09991723  0.04773503    0.03781298 -0.03294617   -0.03781298  0.03294617
  0.03781298 -0.03294617   -0.08043036  0.04963798   -0.12318270 -0.03906710
 -0.03781298  0.03294617   -0.12318270 -0.03906710   -0.08043036  0.04963798
    2    1
 -0.09991723 -0.04773503    0.03781298  0.03294617   -0.03781298 -0.03294617
  0.03781298  0.03294617   -0.08043036 -0.04963798   -0.12318270  0.03906710
 -0.03781298 -0.03294617   -0.12318270  0.03906710   -0.08043036 -0.04963798
    2    2
  0.30676404  0.00000000    0.00491142  0.00802585   -0.00491142 -0.00802585
  0.00491142 -0.00802585    0.25236764  0.00000000   -0.00199385  0.00000000
 -0.00491142  0.00802585   -0.00199385  0.00000000    0.25236764  0.00000000

     Dynamical  Matrix in cartesian axes

     q = (    0.750000000   0.750000000   0.250000000 ) 

    1    1
  0.25236764  0.00000000    0.00199385  0.00000000    0.00491142  0.00802585
  0.00199385  0.00000000    0.25236764  0.00000000    0.00491142  0.00802585
  0.00491142 -0.00802585    0.00491142 -0.00802585    0.30676404  0.00000000
    1    2
  0.08043036 -0.04963798   -0.12318270 -0.03906710   -0.03781298  0.03294617
 -0.12318270 -0.03906710    0.08043036 -0.04963798   -0.03781298  0.03294617
 -0.03781298  0.03294617   -0.03781298  0.03294617    0.09991723 -0.04773503
    2    1
  0.08043036  0.04963798   -0.12318270  0.03906710   -0.03781298 -0.03294617
 -0.12318270  0.03906710    0.08043036  0.04963798   -0.03781298 -0.03294617
 -0.03781298 -0.03294617   -0.03781298 -0.03294617    0.09991723  0.04773503
    2    2
  0.25236764  0.00000000    0.00199385  0.00000000    0.00491142 -0.00802585
  0.00199385  0.00000000    0.25236764  0.00000000    0.00491142 -0.00802585
  0.00491142  0.00802585    0.00491142  0.00802585    0.30676404  0.00000000

     Dynamical  Matrix in cartesian axes

     q = (    0.250000000  -0.750000000  -0.750000000 ) 

    1    1
  0.30676404  0.00000000   -0.00491142  0.00802585   -0.00491142  0.00802585
 -0.00491142 -0.00802585    0.25236764  0.00000000    0.00199385  0.00000000
 -0.00491142 -0.00802585    0.00199385  0.00000000    0.25236764  0.00000000
    1    2
 -0.04773503 -0.09991723   -0.03294617 -0.03781298   -0.03294617 -0.03781298
 -0.03294617 -0.03781298   -0.04963798 -0.08043036   -0.03906710  0.12318270
 -0.03294617 -0.03781298   -0.03906710  0.12318270   -0.04963798 -0.08043036
    2    1
 -0.04773503  0.09991723   -0.03294617  0.03781298   -0.03294617  0.03781298
 -0.03294617  0.03781298   -0.04963798  0.08043036   -0.03906710 -0.12318270
 -0.03294617  0.03781298   -0.03906710 -0.12318270   -0.04963798  0.08043036
    2    2
  0.30676404  0.00000000   -0.00491142 -0.00802585   -0.00491142 -0.00802585
 -0.00491142  0.00802585    0.25236764  0.00000000    0.00199385  0.00000000
 -0.00491142  0.00802585    0.00199385  0.00000000    0.25236764  0.00000000

     Dynamical  Matrix in cartesian axes

     q = (    0.750000000  -0.750000000  -0.250000000 ) 

    1    1
  0.25236764  0.00000000   -0.00199385  0.00000000   -0.00491142 -0.00802585
 -0.00199385  0.00000000    0.25236764  0.00000000    0.00491142  0.00802585
 -0.00491142  0.00802585    0.00491142 -0.00802585    0.30676404  0.00000000
    1    2
 -0.08043036  0.04963798   -0.12318270 -0.03906710   -0.03781298  0.03294617
 -0.12318270 -0.03906710   -0.08043036  0.04963798    0.03781298 -0.03294617
 -0.03781298  0.03294617    0.03781298 -0.03294617   -0.09991723  0.04773503
    2    1
 -0.08043036 -0.04963798   -0.12318270  0.03906710   -0.03781298 -0.03294617
 -0.12318270  0.03906710   -0.08043036 -0.04963798    0.03781298  0.03294617
 -0.03781298 -0.03294617    0.03781298  0.03294617   -0.09991723 -0.04773503
    2    2
  0.25236764  0.00000000   -0.00199385  0.00000000   -0.00491142  0.00802585
 -0.00199385  0.00000000    0.25236764  0.00000000    0.00491142 -0.00802585
 -0.00491142 -0.00802585    0.00491142  0.00802585    0.30676404  0.00000000

     Diagonalizing the dynamical matrix

     q = (    0.750000000  -0.250000000   0.750000000 ) 

 **************************************************************************
     freq (    1) =       4.433315 [THz] =     147.879456 [cm-1]
 (  0.025923 -0.499328  0.000000 -0.000000 -0.025923  0.499328 ) 
 (  0.500000  0.000000  0.000000  0.000000 -0.500000  0.000000 ) 
     freq (    2) =       6.831114 [THz] =     227.861450 [cm-1]
 ( -0.393052 -0.068503 -0.367283  0.216190 -0.393052 -0.068503 ) 
 ( -0.398977 -0.000000 -0.324710 -0.276041 -0.398977  0.000000 ) 
     freq (    3) =       9.658612 [THz] =     322.176629 [cm-1]
 (  0.016847  0.338716 -0.469057 -0.223519  0.016847  0.338716 ) 
 (  0.339135  0.000000 -0.246544 -0.457374  0.339135  0.000000 ) 
     freq (    4) =      11.822062 [THz] =     394.341539 [cm-1]
 ( -0.235563 -0.310797  0.390149  0.208841 -0.235563 -0.310797 ) 
 (  0.389980  0.000000 -0.402101 -0.184784  0.389980  0.000000 ) 
     freq (    5) =      13.858550 [THz] =     462.271473 [cm-1]
 ( -0.025923  0.499328  0.000000 -0.000000  0.025923 -0.499328 ) 
 (  0.500000  0.000000 -0.000000 -0.000000 -0.500000  0.000000 ) 
     freq (    6) =      13.955942 [THz] =     465.520118 [cm-1]
 ( -0.260269 -0.077332 -0.514205  0.296904 -0.260269 -0.077332 ) 
 (  0.271515  0.000000  0.408344  0.431062  0.271515  0.000000 ) 
 **************************************************************************
