Dynamical matrix file
                                                                           
  1    2  2 10.3980000  0.0000000  0.0000000  0.0000000  0.0000000  0.0000000
           1  'Si  '    25598.822984527003     
    1    1      0.0000000000      0.0000000000      0.0000000000
    2    1      0.2500000000      0.2500000000      0.2500000000

     Dynamical  Matrix in cartesian axes

     q = (   -0.250000000   0.250000000  -0.250000000 ) 

    1    1
  0.28909045  0.00000000   -0.01077262  0.00000000    0.01077262  0.00000000
 -0.01077262  0.00000000    0.28909045  0.00000000   -0.01077262  0.00000000
  0.01077262  0.00000000   -0.01077262  0.00000000    0.28909045  0.00000000
    1    2
 -0.21507947 -0.06539493   -0.03374219  0.03427104    0.03374219 -0.03427104
 -0.03374219  0.03427104   -0.21507947 -0.06539493   -0.03374219  0.03427104
  0.03374219 -0.03427104   -0.03374219  0.03427104   -0.21507947 -0.06539493
    2    1
 -0.21507947  0.06539493   -0.03374219 -0.03427104    0.03374219  0.03427104
 -0.03374219 -0.03427104   -0.21507947  0.06539493   -0.03374219 -0.03427104
  0.03374219  0.03427104   -0.03374219 -0.03427104   -0.21507947  0.06539493
    2    2
  0.28909045  0.00000000   -0.01077262  0.00000000    0.01077262  0.00000000
 -0.01077262  0.00000000    0.28909045  0.00000000   -0.01077262  0.00000000
  0.01077262  0.00000000   -0.01077262  0.00000000    0.28909045  0.00000000

     Dynamical  Matrix in cartesian axes

     q = (    0.250000000  -0.250000000  -0.250000000 ) 

    1    1
  0.28909045  0.00000000   -0.01077262  0.00000000   -0.01077262  0.00000000
 -0.01077262  0.00000000    0.28909045  0.00000000    0.01077262  0.00000000
 -0.01077262  0.00000000    0.01077262  0.00000000    0.28909045  0.00000000
    1    2
 -0.21507947 -0.06539493   -0.03374219  0.03427104   -0.03374219  0.03427104
 -0.03374219  0.03427104   -0.21507947 -0.06539493    0.03374219 -0.03427104
 -0.03374219  0.03427104    0.03374219 -0.03427104   -0.21507947 -0.06539493
    2    1
 -0.21507947  0.06539493   -0.03374219 -0.03427104   -0.03374219 -0.03427104
 -0.03374219 -0.03427104   -0.21507947  0.06539493    0.03374219  0.03427104
 -0.03374219 -0.03427104    0.03374219  0.03427104   -0.21507947  0.06539493
    2    2
  0.28909045  0.00000000   -0.01077262  0.00000000   -0.01077262  0.00000000
 -0.01077262  0.00000000    0.28909045  0.00000000    0.01077262  0.00000000
 -0.01077262  0.00000000    0.01077262  0.00000000    0.28909045  0.00000000

     Dynamical  Matrix in cartesian axes

     q = (    0.250000000  -0.250000000   0.250000000 ) 

    1    1
  0.28909045  0.00000000   -0.01077262  0.00000000    0.01077262  0.00000000
 -0.01077262  0.00000000    0.28909045  0.00000000   -0.01077262  0.00000000
  0.01077262  0.00000000   -0.01077262  0.00000000    0.28909045  0.00000000
    1    2
 -0.21507947  0.06539493   -0.03374219 -0.03427104    0.03374219  0.03427104
 -0.03374219 -0.03427104   -0.21507947  0.06539493   -0.03374219 -0.03427104
  0.03374219  0.03427104   -0.03374219 -0.03427104   -0.21507947  0.06539493
    2    1
 -0.21507947 -0.06539493   -0.03374219  0.03427104    0.03374219 -0.03427104
 -0.03374219  0.03427104   -0.21507947 -0.06539493   -0.03374219  0.03427104
  0.03374219 -0.03427104   -0.03374219  0.03427104   -0.21507947 -0.06539493
    2    2
  0.28909045  0.00000000   -0.01077262  0.00000000    0.01077262  0.00000000
 -0.01077262  0.00000000    0.28909045  0.00000000   -0.01077262  0.00000000
  0.01077262  0.00000000   -0.01077262  0.00000000    0.28909045  0.00000000

     Dynamical  Matrix in cartesian axes

     q = (    0.250000000   0.250000000   0.250000000 ) 

    1    1
  0.28909045  0.00000000    0.01077262  0.00000000    0.01077262  0.00000000
  0.01077262  0.00000000    0.28909045  0.00000000    0.01077262  0.00000000
  0.01077262  0.00000000    0.01077262  0.00000000    0.28909045  0.00000000
    1    2
 -0.06539493  0.21507947   -0.03427104 -0.03374219   -0.03427104 -0.03374219
 -0.03427104 -0.03374219   -0.06539493  0.21507947   -0.03427104 -0.03374219
 -0.03427104 -0.03374219   -0.03427104 -0.03374219   -0.06539493  0.21507947
    2    1
 -0.06539493 -0.21507947   -0.03427104  0.03374219   -0.03427104  0.03374219
 -0.03427104  0.03374219   -0.06539493 -0.21507947   -0.03427104  0.03374219
 -0.03427104  0.03374219   -0.03427104  0.03374219   -0.06539493 -0.21507947
    2    2
  0.28909045  0.00000000    0.01077262  0.00000000    0.01077262  0.00000000
  0.01077262  0.00000000    0.28909045  0.00000000    0.01077262  0.00000000
  0.01077262  0.00000000    0.01077262  0.00000000    0.28909045  0.00000000

     Dynamical  Matrix in cartesian axes

     q = (   -0.250000000  -0.250000000  -0.250000000 ) 

    1    1
  0.28909045  0.00000000    0.01077262  0.00000000    0.01077262  0.00000000
  0.01077262  0.00000000    0.28909045  0.00000000    0.01077262  0.00000000
  0.01077262  0.00000000    0.01077262  0.00000000    0.28909045  0.00000000
    1    2
 -0.06539493 -0.21507947   -0.03427104  0.03374219   -0.03427104  0.03374219
 -0.03427104  0.03374219   -0.06539493 -0.21507947   -0.03427104  0.03374219
 -0.03427104  0.03374219   -0.03427104  0.03374219   -0.06539493 -0.21507947
    2    1
 -0.06539493  0.21507947   -0.03427104 -0.03374219   -0.03427104 -0.03374219
 -0.03427104 -0.03374219   -0.06539493  0.21507947   -0.03427104 -0.03374219
 -0.03427104 -0.03374219   -0.03427104 -0.03374219   -0.06539493  0.21507947
    2    2
  0.28909045  0.00000000    0.01077262  0.00000000    0.01077262  0.00000000
  0.01077262  0.00000000    0.28909045  0.00000000    0.01077262  0.00000000
  0.01077262  0.00000000    0.01077262  0.00000000    0.28909045  0.00000000

     Dynamical  Matrix in cartesian axes

     q = (   -0.250000000  -0.250000000   0.250000000 ) 

    1    1
  0.28909045  0.00000000    0.01077262  0.00000000   -0.01077262  0.00000000
  0.01077262  0.00000000    0.28909045  0.00000000   -0.01077262  0.00000000
 -0.01077262  0.00000000   -0.01077262  0.00000000    0.28909045  0.00000000
    1    2
 -0.21507947 -0.06539493    0.03374219 -0.03427104   -0.03374219  0.03427104
  0.03374219 -0.03427104   -0.21507947 -0.06539493   -0.03374219  0.03427104
 -0.03374219  0.03427104   -0.03374219  0.03427104   -0.21507947 -0.06539493
    2    1
 -0.21507947  0.06539493    0.03374219  0.03427104   -0.03374219 -0.03427104
  0.03374219  0.03427104   -0.21507947  0.06539493   -0.03374219 -0.03427104
 -0.03374219 -0.03427104   -0.03374219 -0.03427104   -0.21507947  0.06539493
    2    2
  0.28909045  0.00000000    0.01077262  0.00000000   -0.01077262  0.00000000
  0.01077262  0.00000000    0.28909045  0.00000000   -0.01077262  0.00000000
 -0.01077262  0.00000000   -0.01077262  0.00000000    0.28909045  0.00000000

     Dynamical  Matrix in cartesian axes

     q = (   -0.250000000   0.250000000   0.250000000 ) 

    1    1
  0.28909045  0.00000000   -0.01077262  0.00000000   -0.01077262  0.00000000
 -0.01077262  0.00000000    0.28909045  0.00000000    0.01077262  0.00000000
 -0.01077262  0.00000000    0.01077262  0.00000000    0.28909045  0.00000000
    1    2
 -0.21507947  0.06539493   -0.03374219 -0.03427104   -0.03374219 -0.03427104
 -0.03374219 -0.03427104   -0.21507947  0.06539493    0.03374219  0.03427104
 -0.03374219 -0.03427104    0.03374219  0.03427104   -0.21507947  0.06539493
    2    1
 -0.21507947 -0.06539493   -0.03374219  0.03427104   -0.03374219  0.03427104
 -0.03374219  0.03427104   -0.21507947 -0.06539493    0.03374219 -0.03427104
 -0.03374219  0.03427104    0.03374219 -0.03427104   -0.21507947 -0.06539493
    2    2
  0.28909045  0.00000000   -0.01077262  0.00000000   -0.01077262  0.00000000
 -0.01077262  0.00000000    0.28909045  0.00000000    0.01077262  0.00000000
 -0.01077262  0.00000000    0.01077262  0.00000000    0.28909045  0.00000000

     Dynamical  Matrix in cartesian axes

     q = (    0.250000000   0.250000000  -0.250000000 ) 

    1    1
  0.28909045  0.00000000    0.01077262  0.00000000   -0.01077262  0.00000000
  0.01077262  0.00000000    0.28909045  0.00000000   -0.01077262  0.00000000
 -0.01077262  0.00000000   -0.01077262  0.00000000    0.28909045  0.00000000
    1    2
 -0.21507947  0.06539493    0.03374219  0.03427104   -0.03374219 -0.03427104
  0.03374219  0.03427104   -0.21507947  0.06539493   -0.03374219 -0.03427104
 -0.03374219 -0.03427104   -0.03374219 -0.03427104   -0.21507947  0.06539493
    2    1
 -0.21507947 -0.06539493    0.03374219 -0.03427104   -0.03374219  0.03427104
  0.03374219 -0.03427104   -0.21507947 -0.06539493   -0.03374219  0.03427104
 -0.03374219  0.03427104   -0.03374219  0.03427104   -0.21507947 -0.06539493
    2    2
  0.28909045  0.00000000    0.01077262  0.00000000   -0.01077262  0.00000000
  0.01077262  0.00000000    0.28909045  0.00000000   -0.01077262  0.00000000
 -0.01077262  0.00000000   -0.01077262  0.00000000    0.28909045  0.00000000

     Diagonalizing the dynamical matrix

     q = (   -0.250000000   0.250000000  -0.250000000 ) 

 **************************************************************************
     freq (    1) =       3.413361 [THz] =     113.857462 [cm-1]
 ( -0.575492 -0.026122 -0.266736  0.012499  0.308756  0.038621 ) 
 ( -0.574284  0.045509 -0.263122  0.045509  0.311162  0.000000 ) 
     freq (    2) =       3.413361 [THz] =     113.857462 [cm-1]
 (  0.028157 -0.025823  0.510721  0.034539  0.482564  0.060362 ) 
 (  0.024735 -0.029118  0.511059 -0.029118  0.486324  0.000000 ) 
     freq (    3) =       6.860691 [THz] =     228.848011 [cm-1]
 ( -0.302324 -0.274348  0.302324  0.274348 -0.302324 -0.274348 ) 
 ( -0.408248  0.000000  0.408248 -0.000000 -0.408248  0.000000 ) 
     freq (    4) =      14.683375 [THz] =     489.784667 [cm-1]
 ( -0.302324 -0.274348  0.302324  0.274348 -0.302324 -0.274348 ) 
 (  0.408248 -0.000000 -0.408248 -0.000000  0.408248  0.000000 ) 
     freq (    5) =      14.956332 [THz] =     498.889530 [cm-1]
 ( -0.448962 -0.220872 -0.448223 -0.220780  0.000739  0.000092 ) 
 (  0.472905  0.163440  0.472160  0.163440 -0.000745  0.000000 ) 
     freq (    6) =      14.956332 [THz] =     498.889530 [cm-1]
 (  0.285864  0.035545 -0.287021 -0.036115 -0.572885 -0.071659 ) 
 ( -0.288065  0.000211  0.289284  0.000211  0.577350  0.000000 ) 
 **************************************************************************
