Dynamical matrix file
                                                                           
  1    2  2 10.3420000  0.0000000  0.0000000  0.0000000  0.0000000  0.0000000
           1  'Si  '    25598.822984527003     
    1    1      0.0000000000      0.0000000000      0.0000000000
    2    1      0.2500000000      0.2500000000      0.2500000000

     Dynamical  Matrix in cartesian axes

     q = (   -0.250000000   0.250000000  -0.250000000 ) 

    1    1
  0.28134568  0.00000000   -0.01079143  0.00000000    0.01079143  0.00000000
 -0.01079143  0.00000000    0.28134568  0.00000000   -0.01079143  0.00000000
  0.01079143  0.00000000   -0.01079143  0.00000000    0.28134568  0.00000000
    1    2
 -0.20568495 -0.06073654   -0.03642498  0.03720033    0.03642498 -0.03720033
 -0.03642498  0.03720033   -0.20568495 -0.06073654   -0.03642498  0.03720033
  0.03642498 -0.03720033   -0.03642498  0.03720033   -0.20568495 -0.06073654
    2    1
 -0.20568495  0.06073654   -0.03642498 -0.03720033    0.03642498  0.03720033
 -0.03642498 -0.03720033   -0.20568495  0.06073654   -0.03642498 -0.03720033
  0.03642498  0.03720033   -0.03642498 -0.03720033   -0.20568495  0.06073654
    2    2
  0.28134568  0.00000000   -0.01079143  0.00000000    0.01079143  0.00000000
 -0.01079143  0.00000000    0.28134568  0.00000000   -0.01079143  0.00000000
  0.01079143  0.00000000   -0.01079143  0.00000000    0.28134568  0.00000000

     Dynamical  Matrix in cartesian axes

     q = (    0.250000000  -0.250000000  -0.250000000 ) 

    1    1
  0.28134568  0.00000000   -0.01079143  0.00000000   -0.01079143  0.00000000
 -0.01079143  0.00000000    0.28134568  0.00000000    0.01079143  0.00000000
 -0.01079143  0.00000000    0.01079143  0.00000000    0.28134568  0.00000000
    1    2
 -0.20568495 -0.06073654   -0.03642498  0.03720033   -0.03642498  0.03720033
 -0.03642498  0.03720033   -0.20568495 -0.06073654    0.03642498 -0.03720033
 -0.03642498  0.03720033    0.03642498 -0.03720033   -0.20568495 -0.06073654
    2    1
 -0.20568495  0.06073654   -0.03642498 -0.03720033   -0.03642498 -0.03720033
 -0.03642498 -0.03720033   -0.20568495  0.06073654    0.03642498  0.03720033
 -0.03642498 -0.03720033    0.03642498  0.03720033   -0.20568495  0.06073654
    2    2
  0.28134568  0.00000000   -0.01079143  0.00000000   -0.01079143  0.00000000
 -0.01079143  0.00000000    0.28134568  0.00000000    0.01079143  0.00000000
 -0.01079143  0.00000000    0.01079143  0.00000000    0.28134568  0.00000000

     Dynamical  Matrix in cartesian axes

     q = (    0.250000000  -0.250000000   0.250000000 ) 

    1    1
  0.28134568  0.00000000   -0.01079143  0.00000000    0.01079143  0.00000000
 -0.01079143  0.00000000    0.28134568  0.00000000   -0.01079143  0.00000000
  0.01079143  0.00000000   -0.01079143  0.00000000    0.28134568  0.00000000
    1    2
 -0.20568495  0.06073654   -0.03642498 -0.03720033    0.03642498  0.03720033
 -0.03642498 -0.03720033   -0.20568495  0.06073654   -0.03642498 -0.03720033
  0.03642498  0.03720033   -0.03642498 -0.03720033   -0.20568495  0.06073654
    2    1
 -0.20568495 -0.06073654   -0.03642498  0.03720033    0.03642498 -0.03720033
 -0.03642498  0.03720033   -0.20568495 -0.06073654   -0.03642498  0.03720033
  0.03642498 -0.03720033   -0.03642498  0.03720033   -0.20568495 -0.06073654
    2    2
  0.28134568  0.00000000   -0.01079143  0.00000000    0.01079143  0.00000000
 -0.01079143  0.00000000    0.28134568  0.00000000   -0.01079143  0.00000000
  0.01079143  0.00000000   -0.01079143  0.00000000    0.28134568  0.00000000

     Dynamical  Matrix in cartesian axes

     q = (    0.250000000   0.250000000   0.250000000 ) 

    1    1
  0.28134568  0.00000000    0.01079143  0.00000000    0.01079143  0.00000000
  0.01079143  0.00000000    0.28134568  0.00000000    0.01079143  0.00000000
  0.01079143  0.00000000    0.01079143  0.00000000    0.28134568  0.00000000
    1    2
 -0.06073654  0.20568495   -0.03720033 -0.03642498   -0.03720033 -0.03642498
 -0.03720033 -0.03642498   -0.06073654  0.20568495   -0.03720033 -0.03642498
 -0.03720033 -0.03642498   -0.03720033 -0.03642498   -0.06073654  0.20568495
    2    1
 -0.06073654 -0.20568495   -0.03720033  0.03642498   -0.03720033  0.03642498
 -0.03720033  0.03642498   -0.06073654 -0.20568495   -0.03720033  0.03642498
 -0.03720033  0.03642498   -0.03720033  0.03642498   -0.06073654 -0.20568495
    2    2
  0.28134568  0.00000000    0.01079143  0.00000000    0.01079143  0.00000000
  0.01079143  0.00000000    0.28134568  0.00000000    0.01079143  0.00000000
  0.01079143  0.00000000    0.01079143  0.00000000    0.28134568  0.00000000

     Dynamical  Matrix in cartesian axes

     q = (   -0.250000000  -0.250000000  -0.250000000 ) 

    1    1
  0.28134568  0.00000000    0.01079143  0.00000000    0.01079143  0.00000000
  0.01079143  0.00000000    0.28134568  0.00000000    0.01079143  0.00000000
  0.01079143  0.00000000    0.01079143  0.00000000    0.28134568  0.00000000
    1    2
 -0.06073654 -0.20568495   -0.03720033  0.03642498   -0.03720033  0.03642498
 -0.03720033  0.03642498   -0.06073654 -0.20568495   -0.03720033  0.03642498
 -0.03720033  0.03642498   -0.03720033  0.03642498   -0.06073654 -0.20568495
    2    1
 -0.06073654  0.20568495   -0.03720033 -0.03642498   -0.03720033 -0.03642498
 -0.03720033 -0.03642498   -0.06073654  0.20568495   -0.03720033 -0.03642498
 -0.03720033 -0.03642498   -0.03720033 -0.03642498   -0.06073654  0.20568495
    2    2
  0.28134568  0.00000000    0.01079143  0.00000000    0.01079143  0.00000000
  0.01079143  0.00000000    0.28134568  0.00000000    0.01079143  0.00000000
  0.01079143  0.00000000    0.01079143  0.00000000    0.28134568  0.00000000

     Dynamical  Matrix in cartesian axes

     q = (   -0.250000000  -0.250000000   0.250000000 ) 

    1    1
  0.28134568  0.00000000    0.01079143  0.00000000   -0.01079143  0.00000000
  0.01079143  0.00000000    0.28134568  0.00000000   -0.01079143  0.00000000
 -0.01079143  0.00000000   -0.01079143  0.00000000    0.28134568  0.00000000
    1    2
 -0.20568495 -0.06073654    0.03642498 -0.03720033   -0.03642498  0.03720033
  0.03642498 -0.03720033   -0.20568495 -0.06073654   -0.03642498  0.03720033
 -0.03642498  0.03720033   -0.03642498  0.03720033   -0.20568495 -0.06073654
    2    1
 -0.20568495  0.06073654    0.03642498  0.03720033   -0.03642498 -0.03720033
  0.03642498  0.03720033   -0.20568495  0.06073654   -0.03642498 -0.03720033
 -0.03642498 -0.03720033   -0.03642498 -0.03720033   -0.20568495  0.06073654
    2    2
  0.28134568  0.00000000    0.01079143  0.00000000   -0.01079143  0.00000000
  0.01079143  0.00000000    0.28134568  0.00000000   -0.01079143  0.00000000
 -0.01079143  0.00000000   -0.01079143  0.00000000    0.28134568  0.00000000

     Dynamical  Matrix in cartesian axes

     q = (   -0.250000000   0.250000000   0.250000000 ) 

    1    1
  0.28134568  0.00000000   -0.01079143  0.00000000   -0.01079143  0.00000000
 -0.01079143  0.00000000    0.28134568  0.00000000    0.01079143  0.00000000
 -0.01079143  0.00000000    0.01079143  0.00000000    0.28134568  0.00000000
    1    2
 -0.20568495  0.06073654   -0.03642498 -0.03720033   -0.03642498 -0.03720033
 -0.03642498 -0.03720033   -0.20568495  0.06073654    0.03642498  0.03720033
 -0.03642498 -0.03720033    0.03642498  0.03720033   -0.20568495  0.06073654
    2    1
 -0.20568495 -0.06073654   -0.03642498  0.03720033   -0.03642498  0.03720033
 -0.03642498  0.03720033   -0.20568495 -0.06073654    0.03642498 -0.03720033
 -0.03642498  0.03720033    0.03642498 -0.03720033   -0.20568495 -0.06073654
    2    2
  0.28134568  0.00000000   -0.01079143  0.00000000   -0.01079143  0.00000000
 -0.01079143  0.00000000    0.28134568  0.00000000    0.01079143  0.00000000
 -0.01079143  0.00000000    0.01079143  0.00000000    0.28134568  0.00000000

     Dynamical  Matrix in cartesian axes

     q = (    0.250000000   0.250000000  -0.250000000 ) 

    1    1
  0.28134568  0.00000000    0.01079143  0.00000000   -0.01079143  0.00000000
  0.01079143  0.00000000    0.28134568  0.00000000   -0.01079143  0.00000000
 -0.01079143  0.00000000   -0.01079143  0.00000000    0.28134568  0.00000000
    1    2
 -0.20568495  0.06073654    0.03642498  0.03720033   -0.03642498 -0.03720033
  0.03642498  0.03720033   -0.20568495  0.06073654   -0.03642498 -0.03720033
 -0.03642498 -0.03720033   -0.03642498 -0.03720033   -0.20568495  0.06073654
    2    1
 -0.20568495 -0.06073654    0.03642498 -0.03720033   -0.03642498  0.03720033
  0.03642498 -0.03720033   -0.20568495 -0.06073654   -0.03642498  0.03720033
 -0.03642498  0.03720033   -0.03642498  0.03720033   -0.20568495 -0.06073654
    2    2
  0.28134568  0.00000000    0.01079143  0.00000000   -0.01079143  0.00000000
  0.01079143  0.00000000    0.28134568  0.00000000   -0.01079143  0.00000000
 -0.01079143  0.00000000   -0.01079143  0.00000000    0.28134568  0.00000000

     Diagonalizing the dynamical matrix

     q = (   -0.250000000   0.250000000  -0.250000000 ) 

 **************************************************************************
     freq (    1) =       3.397584 [THz] =     113.331198 [cm-1]
 ( -0.312360 -0.260827  0.188971 -0.212091  0.501331  0.048736 ) 
 ( -0.336131 -0.229381  0.167563 -0.229381  0.503694 -0.000000 ) 
     freq (    2) =       3.397584 [THz] =     113.331198 [cm-1]
 ( -0.030303  0.408430  0.250554  0.435733  0.280856  0.027303 ) 
 (  0.009358  0.409446  0.291538  0.409446  0.282180  0.000000 ) 
     freq (    3) =       6.925349 [THz] =     231.004767 [cm-1]
 (  0.286184  0.291144 -0.286184 -0.291144  0.286184  0.291144 ) 
 (  0.408248  0.000000 -0.408248 -0.000000  0.408248  0.000000 ) 
     freq (    4) =      14.428896 [THz] =     481.296157 [cm-1]
 (  0.286184  0.291144 -0.286184 -0.291144  0.286184  0.291144 ) 
 ( -0.408248  0.000000  0.408248  0.000000 -0.408248  0.000000 ) 
     freq (    5) =      14.738878 [THz] =     491.636038 [cm-1]
 (  0.485442 -0.218428  0.396279 -0.227096 -0.089164 -0.008668 ) 
 ( -0.462030  0.264373 -0.372446  0.264373  0.089584  0.000000 ) 
     freq (    6) =      14.738878 [THz] =     491.636038 [cm-1]
 ( -0.214596 -0.062582  0.353085 -0.007396  0.567682  0.055186 ) 
 (  0.219645  0.041524 -0.350713  0.041524 -0.570358  0.000000 ) 
 **************************************************************************
