Dynamical matrix file
                                                                           
  1    2  2 10.3420000  0.0000000  0.0000000  0.0000000  0.0000000  0.0000000
           1  'Si  '    25598.822984527003     
    1    1      0.0000000000      0.0000000000      0.0000000000
    2    1      0.2500000000      0.2500000000      0.2500000000

     Dynamical  Matrix in cartesian axes

     q = (    0.750000000  -0.250000000   0.750000000 ) 

    1    1
  0.24386110  0.00000000   -0.00471200  0.00740958    0.00142036  0.00000000
 -0.00471200 -0.00740958    0.29966398  0.00000000   -0.00471200 -0.00740958
  0.00142036  0.00000000   -0.00471200  0.00740958    0.24386110  0.00000000
    1    2
 -0.05800446  0.06762584   -0.03617779  0.04023880   -0.04101735 -0.13051673
 -0.03617779  0.04023880   -0.05654056  0.08680319   -0.03617779  0.04023880
 -0.04101735 -0.13051673   -0.03617779  0.04023880   -0.05800446  0.06762584
    2    1
 -0.05800446 -0.06762584   -0.03617779 -0.04023880   -0.04101735  0.13051673
 -0.03617779 -0.04023880   -0.05654056 -0.08680319   -0.03617779 -0.04023880
 -0.04101735  0.13051673   -0.03617779 -0.04023880   -0.05800446 -0.06762584
    2    2
  0.24386110  0.00000000   -0.00471200 -0.00740958    0.00142036  0.00000000
 -0.00471200  0.00740958    0.29966398  0.00000000   -0.00471200  0.00740958
  0.00142036  0.00000000   -0.00471200 -0.00740958    0.24386110  0.00000000

     Dynamical  Matrix in cartesian axes

     q = (    0.750000000  -0.250000000  -0.750000000 ) 

    1    1
  0.24386110  0.00000000   -0.00471200 -0.00740958   -0.00142036  0.00000000
 -0.00471200  0.00740958    0.29966398  0.00000000    0.00471200 -0.00740958
 -0.00142036  0.00000000    0.00471200  0.00740958    0.24386110  0.00000000
    1    2
 -0.06762584  0.05800446   -0.04023880  0.03617779   -0.13051673 -0.04101735
 -0.04023880  0.03617779   -0.08680319  0.05654056    0.04023880 -0.03617779
 -0.13051673 -0.04101735    0.04023880 -0.03617779   -0.06762584  0.05800446
    2    1
 -0.06762584 -0.05800446   -0.04023880 -0.03617779   -0.13051673  0.04101735
 -0.04023880 -0.03617779   -0.08680319 -0.05654056    0.04023880  0.03617779
 -0.13051673  0.04101735    0.04023880  0.03617779   -0.06762584 -0.05800446
    2    2
  0.24386110  0.00000000   -0.00471200  0.00740958   -0.00142036  0.00000000
 -0.00471200 -0.00740958    0.29966398  0.00000000    0.00471200  0.00740958
 -0.00142036  0.00000000    0.00471200 -0.00740958    0.24386110  0.00000000

     Dynamical  Matrix in cartesian axes

     q = (   -0.750000000  -0.250000000  -0.750000000 ) 

    1    1
  0.24386110  0.00000000    0.00471200 -0.00740958    0.00142036  0.00000000
  0.00471200  0.00740958    0.29966398  0.00000000    0.00471200  0.00740958
  0.00142036  0.00000000    0.00471200 -0.00740958    0.24386110  0.00000000
    1    2
  0.06762584  0.05800446   -0.04023880 -0.03617779   -0.13051673  0.04101735
 -0.04023880 -0.03617779    0.08680319  0.05654056   -0.04023880 -0.03617779
 -0.13051673  0.04101735   -0.04023880 -0.03617779    0.06762584  0.05800446
    2    1
  0.06762584 -0.05800446   -0.04023880  0.03617779   -0.13051673 -0.04101735
 -0.04023880  0.03617779    0.08680319 -0.05654056   -0.04023880  0.03617779
 -0.13051673 -0.04101735   -0.04023880  0.03617779    0.06762584 -0.05800446
    2    2
  0.24386110  0.00000000    0.00471200  0.00740958    0.00142036  0.00000000
  0.00471200 -0.00740958    0.29966398  0.00000000    0.00471200 -0.00740958
  0.00142036  0.00000000    0.00471200  0.00740958    0.24386110  0.00000000

     Dynamical  Matrix in cartesian axes

     q = (   -0.750000000  -0.250000000   0.750000000 ) 

    1    1
  0.24386110  0.00000000    0.00471200  0.00740958   -0.00142036  0.00000000
  0.00471200 -0.00740958    0.29966398  0.00000000   -0.00471200  0.00740958
 -0.00142036  0.00000000   -0.00471200 -0.00740958    0.24386110  0.00000000
    1    2
 -0.06762584  0.05800446    0.04023880 -0.03617779   -0.13051673 -0.04101735
  0.04023880 -0.03617779   -0.08680319  0.05654056   -0.04023880  0.03617779
 -0.13051673 -0.04101735   -0.04023880  0.03617779   -0.06762584  0.05800446
    2    1
 -0.06762584 -0.05800446    0.04023880  0.03617779   -0.13051673  0.04101735
  0.04023880  0.03617779   -0.08680319 -0.05654056   -0.04023880 -0.03617779
 -0.13051673  0.04101735   -0.04023880 -0.03617779   -0.06762584 -0.05800446
    2    2
  0.24386110  0.00000000    0.00471200 -0.00740958   -0.00142036  0.00000000
  0.00471200  0.00740958    0.29966398  0.00000000   -0.00471200 -0.00740958
 -0.00142036  0.00000000   -0.00471200  0.00740958    0.24386110  0.00000000

     Dynamical  Matrix in cartesian axes

     q = (   -0.750000000   0.250000000  -0.750000000 ) 

    1    1
  0.24386110  0.00000000   -0.00471200 -0.00740958    0.00142036  0.00000000
 -0.00471200  0.00740958    0.29966398  0.00000000   -0.00471200  0.00740958
  0.00142036  0.00000000   -0.00471200 -0.00740958    0.24386110  0.00000000
    1    2
 -0.05800446 -0.06762584   -0.03617779 -0.04023880   -0.04101735  0.13051673
 -0.03617779 -0.04023880   -0.05654056 -0.08680319   -0.03617779 -0.04023880
 -0.04101735  0.13051673   -0.03617779 -0.04023880   -0.05800446 -0.06762584
    2    1
 -0.05800446  0.06762584   -0.03617779  0.04023880   -0.04101735 -0.13051673
 -0.03617779  0.04023880   -0.05654056  0.08680319   -0.03617779  0.04023880
 -0.04101735 -0.13051673   -0.03617779  0.04023880   -0.05800446  0.06762584
    2    2
  0.24386110  0.00000000   -0.00471200  0.00740958    0.00142036  0.00000000
 -0.00471200 -0.00740958    0.29966398  0.00000000   -0.00471200 -0.00740958
  0.00142036  0.00000000   -0.00471200  0.00740958    0.24386110  0.00000000

     Dynamical  Matrix in cartesian axes

     q = (   -0.250000000   0.750000000  -0.750000000 ) 

    1    1
  0.29966398  0.00000000   -0.00471200  0.00740958    0.00471200 -0.00740958
 -0.00471200 -0.00740958    0.24386110  0.00000000   -0.00142036  0.00000000
  0.00471200  0.00740958   -0.00142036  0.00000000    0.24386110  0.00000000
    1    2
 -0.08680319  0.05654056   -0.04023880  0.03617779    0.04023880 -0.03617779
 -0.04023880  0.03617779   -0.06762584  0.05800446   -0.13051673 -0.04101735
  0.04023880 -0.03617779   -0.13051673 -0.04101735   -0.06762584  0.05800446
    2    1
 -0.08680319 -0.05654056   -0.04023880 -0.03617779    0.04023880  0.03617779
 -0.04023880 -0.03617779   -0.06762584 -0.05800446   -0.13051673  0.04101735
  0.04023880  0.03617779   -0.13051673  0.04101735   -0.06762584 -0.05800446
    2    2
  0.29966398  0.00000000   -0.00471200 -0.00740958    0.00471200  0.00740958
 -0.00471200  0.00740958    0.24386110  0.00000000   -0.00142036  0.00000000
  0.00471200 -0.00740958   -0.00142036  0.00000000    0.24386110  0.00000000

     Dynamical  Matrix in cartesian axes

     q = (   -0.750000000   0.750000000  -0.250000000 ) 

    1    1
  0.24386110  0.00000000   -0.00142036  0.00000000    0.00471200  0.00740958
 -0.00142036  0.00000000    0.24386110  0.00000000   -0.00471200 -0.00740958
  0.00471200 -0.00740958   -0.00471200  0.00740958    0.29966398  0.00000000
    1    2
 -0.06762584  0.05800446   -0.13051673 -0.04101735    0.04023880 -0.03617779
 -0.13051673 -0.04101735   -0.06762584  0.05800446   -0.04023880  0.03617779
  0.04023880 -0.03617779   -0.04023880  0.03617779   -0.08680319  0.05654056
    2    1
 -0.06762584 -0.05800446   -0.13051673  0.04101735    0.04023880  0.03617779
 -0.13051673  0.04101735   -0.06762584 -0.05800446   -0.04023880 -0.03617779
  0.04023880  0.03617779   -0.04023880 -0.03617779   -0.08680319 -0.05654056
    2    2
  0.24386110  0.00000000   -0.00142036  0.00000000    0.00471200 -0.00740958
 -0.00142036  0.00000000    0.24386110  0.00000000   -0.00471200  0.00740958
  0.00471200  0.00740958   -0.00471200 -0.00740958    0.29966398  0.00000000

     Dynamical  Matrix in cartesian axes

     q = (    0.750000000   0.250000000   0.750000000 ) 

    1    1
  0.24386110  0.00000000    0.00471200  0.00740958    0.00142036  0.00000000
  0.00471200 -0.00740958    0.29966398  0.00000000    0.00471200 -0.00740958
  0.00142036  0.00000000    0.00471200  0.00740958    0.24386110  0.00000000
    1    2
  0.06762584 -0.05800446   -0.04023880  0.03617779   -0.13051673 -0.04101735
 -0.04023880  0.03617779    0.08680319 -0.05654056   -0.04023880  0.03617779
 -0.13051673 -0.04101735   -0.04023880  0.03617779    0.06762584 -0.05800446
    2    1
  0.06762584  0.05800446   -0.04023880 -0.03617779   -0.13051673  0.04101735
 -0.04023880 -0.03617779    0.08680319  0.05654056   -0.04023880 -0.03617779
 -0.13051673  0.04101735   -0.04023880 -0.03617779    0.06762584  0.05800446
    2    2
  0.24386110  0.00000000    0.00471200 -0.00740958    0.00142036  0.00000000
  0.00471200  0.00740958    0.29966398  0.00000000    0.00471200  0.00740958
  0.00142036  0.00000000    0.00471200 -0.00740958    0.24386110  0.00000000

     Dynamical  Matrix in cartesian axes

     q = (   -0.750000000   0.250000000   0.750000000 ) 

    1    1
  0.24386110  0.00000000   -0.00471200  0.00740958   -0.00142036  0.00000000
 -0.00471200 -0.00740958    0.29966398  0.00000000    0.00471200  0.00740958
 -0.00142036  0.00000000    0.00471200 -0.00740958    0.24386110  0.00000000
    1    2
 -0.06762584 -0.05800446   -0.04023880 -0.03617779   -0.13051673  0.04101735
 -0.04023880 -0.03617779   -0.08680319 -0.05654056    0.04023880  0.03617779
 -0.13051673  0.04101735    0.04023880  0.03617779   -0.06762584 -0.05800446
    2    1
 -0.06762584  0.05800446   -0.04023880  0.03617779   -0.13051673 -0.04101735
 -0.04023880  0.03617779   -0.08680319  0.05654056    0.04023880 -0.03617779
 -0.13051673 -0.04101735    0.04023880 -0.03617779   -0.06762584  0.05800446
    2    2
  0.24386110  0.00000000   -0.00471200 -0.00740958   -0.00142036  0.00000000
 -0.00471200  0.00740958    0.29966398  0.00000000    0.00471200 -0.00740958
 -0.00142036  0.00000000    0.00471200  0.00740958    0.24386110  0.00000000

     Dynamical  Matrix in cartesian axes

     q = (    0.750000000   0.250000000  -0.750000000 ) 

    1    1
  0.24386110  0.00000000    0.00471200 -0.00740958   -0.00142036  0.00000000
  0.00471200  0.00740958    0.29966398  0.00000000   -0.00471200 -0.00740958
 -0.00142036  0.00000000   -0.00471200  0.00740958    0.24386110  0.00000000
    1    2
 -0.06762584 -0.05800446    0.04023880  0.03617779   -0.13051673  0.04101735
  0.04023880  0.03617779   -0.08680319 -0.05654056   -0.04023880 -0.03617779
 -0.13051673  0.04101735   -0.04023880 -0.03617779   -0.06762584 -0.05800446
    2    1
 -0.06762584  0.05800446    0.04023880 -0.03617779   -0.13051673 -0.04101735
  0.04023880 -0.03617779   -0.08680319  0.05654056   -0.04023880  0.03617779
 -0.13051673 -0.04101735   -0.04023880  0.03617779   -0.06762584  0.05800446
    2    2
  0.24386110  0.00000000    0.00471200  0.00740958   -0.00142036  0.00000000
  0.00471200 -0.00740958    0.29966398  0.00000000   -0.00471200  0.00740958
 -0.00142036  0.00000000   -0.00471200 -0.00740958    0.24386110  0.00000000

     Dynamical  Matrix in cartesian axes

     q = (   -0.750000000   0.750000000   0.250000000 ) 

    1    1
  0.24386110  0.00000000   -0.00142036  0.00000000   -0.00471200  0.00740958
 -0.00142036  0.00000000    0.24386110  0.00000000    0.00471200 -0.00740958
 -0.00471200 -0.00740958    0.00471200  0.00740958    0.29966398  0.00000000
    1    2
 -0.06762584 -0.05800446   -0.13051673  0.04101735   -0.04023880 -0.03617779
 -0.13051673  0.04101735   -0.06762584 -0.05800446    0.04023880  0.03617779
 -0.04023880 -0.03617779    0.04023880  0.03617779   -0.08680319 -0.05654056
    2    1
 -0.06762584  0.05800446   -0.13051673 -0.04101735   -0.04023880  0.03617779
 -0.13051673 -0.04101735   -0.06762584  0.05800446    0.04023880 -0.03617779
 -0.04023880  0.03617779    0.04023880 -0.03617779   -0.08680319  0.05654056
    2    2
  0.24386110  0.00000000   -0.00142036  0.00000000   -0.00471200 -0.00740958
 -0.00142036  0.00000000    0.24386110  0.00000000    0.00471200  0.00740958
 -0.00471200  0.00740958    0.00471200 -0.00740958    0.29966398  0.00000000

     Dynamical  Matrix in cartesian axes

     q = (   -0.250000000   0.750000000   0.750000000 ) 

    1    1
  0.29966398  0.00000000   -0.00471200 -0.00740958   -0.00471200 -0.00740958
 -0.00471200  0.00740958    0.24386110  0.00000000    0.00142036  0.00000000
 -0.00471200  0.00740958    0.00142036  0.00000000    0.24386110  0.00000000
    1    2
 -0.05654056  0.08680319   -0.03617779  0.04023880   -0.03617779  0.04023880
 -0.03617779  0.04023880   -0.05800446  0.06762584   -0.04101735 -0.13051673
 -0.03617779  0.04023880   -0.04101735 -0.13051673   -0.05800446  0.06762584
    2    1
 -0.05654056 -0.08680319   -0.03617779 -0.04023880   -0.03617779 -0.04023880
 -0.03617779 -0.04023880   -0.05800446 -0.06762584   -0.04101735  0.13051673
 -0.03617779 -0.04023880   -0.04101735  0.13051673   -0.05800446 -0.06762584
    2    2
  0.29966398  0.00000000   -0.00471200  0.00740958   -0.00471200  0.00740958
 -0.00471200 -0.00740958    0.24386110  0.00000000    0.00142036  0.00000000
 -0.00471200 -0.00740958    0.00142036  0.00000000    0.24386110  0.00000000

     Dynamical  Matrix in cartesian axes

     q = (    0.250000000   0.750000000  -0.750000000 ) 

    1    1
  0.29966398  0.00000000    0.00471200  0.00740958   -0.00471200 -0.00740958
  0.00471200 -0.00740958    0.24386110  0.00000000   -0.00142036  0.00000000
 -0.00471200  0.00740958   -0.00142036  0.00000000    0.24386110  0.00000000
    1    2
 -0.08680319 -0.05654056    0.04023880  0.03617779   -0.04023880 -0.03617779
  0.04023880  0.03617779   -0.06762584 -0.05800446   -0.13051673  0.04101735
 -0.04023880 -0.03617779   -0.13051673  0.04101735   -0.06762584 -0.05800446
    2    1
 -0.08680319  0.05654056    0.04023880 -0.03617779   -0.04023880  0.03617779
  0.04023880 -0.03617779   -0.06762584  0.05800446   -0.13051673 -0.04101735
 -0.04023880  0.03617779   -0.13051673 -0.04101735   -0.06762584  0.05800446
    2    2
  0.29966398  0.00000000    0.00471200 -0.00740958   -0.00471200  0.00740958
  0.00471200  0.00740958    0.24386110  0.00000000   -0.00142036  0.00000000
 -0.00471200 -0.00740958   -0.00142036  0.00000000    0.24386110  0.00000000

     Dynamical  Matrix in cartesian axes

     q = (   -0.250000000  -0.750000000  -0.750000000 ) 

    1    1
  0.29966398  0.00000000    0.00471200  0.00740958    0.00471200  0.00740958
  0.00471200 -0.00740958    0.24386110  0.00000000    0.00142036  0.00000000
  0.00471200 -0.00740958    0.00142036  0.00000000    0.24386110  0.00000000
    1    2
  0.08680319  0.05654056   -0.04023880 -0.03617779   -0.04023880 -0.03617779
 -0.04023880 -0.03617779    0.06762584  0.05800446   -0.13051673  0.04101735
 -0.04023880 -0.03617779   -0.13051673  0.04101735    0.06762584  0.05800446
    2    1
  0.08680319 -0.05654056   -0.04023880  0.03617779   -0.04023880  0.03617779
 -0.04023880  0.03617779    0.06762584 -0.05800446   -0.13051673 -0.04101735
 -0.04023880  0.03617779   -0.13051673 -0.04101735    0.06762584 -0.05800446
    2    2
  0.29966398  0.00000000    0.00471200 -0.00740958    0.00471200 -0.00740958
  0.00471200  0.00740958    0.24386110  0.00000000    0.00142036  0.00000000
  0.00471200  0.00740958    0.00142036  0.00000000    0.24386110  0.00000000

     Dynamical  Matrix in cartesian axes

     q = (    0.750000000   0.750000000  -0.250000000 ) 

    1    1
  0.24386110  0.00000000    0.00142036  0.00000000   -0.00471200  0.00740958
  0.00142036  0.00000000    0.24386110  0.00000000   -0.00471200  0.00740958
 -0.00471200 -0.00740958   -0.00471200 -0.00740958    0.29966398  0.00000000
    1    2
 -0.05800446  0.06762584   -0.04101735 -0.13051673   -0.03617779  0.04023880
 -0.04101735 -0.13051673   -0.05800446  0.06762584   -0.03617779  0.04023880
 -0.03617779  0.04023880   -0.03617779  0.04023880   -0.05654056  0.08680319
    2    1
 -0.05800446 -0.06762584   -0.04101735  0.13051673   -0.03617779 -0.04023880
 -0.04101735  0.13051673   -0.05800446 -0.06762584   -0.03617779 -0.04023880
 -0.03617779 -0.04023880   -0.03617779 -0.04023880   -0.05654056 -0.08680319
    2    2
  0.24386110  0.00000000    0.00142036  0.00000000   -0.00471200 -0.00740958
  0.00142036  0.00000000    0.24386110  0.00000000   -0.00471200 -0.00740958
 -0.00471200  0.00740958   -0.00471200  0.00740958    0.29966398  0.00000000

     Dynamical  Matrix in cartesian axes

     q = (    0.750000000  -0.750000000   0.250000000 ) 

    1    1
  0.24386110  0.00000000   -0.00142036  0.00000000    0.00471200 -0.00740958
 -0.00142036  0.00000000    0.24386110  0.00000000   -0.00471200  0.00740958
  0.00471200  0.00740958   -0.00471200 -0.00740958    0.29966398  0.00000000
    1    2
 -0.06762584 -0.05800446   -0.13051673  0.04101735    0.04023880  0.03617779
 -0.13051673  0.04101735   -0.06762584 -0.05800446   -0.04023880 -0.03617779
  0.04023880  0.03617779   -0.04023880 -0.03617779   -0.08680319 -0.05654056
    2    1
 -0.06762584  0.05800446   -0.13051673 -0.04101735    0.04023880 -0.03617779
 -0.13051673 -0.04101735   -0.06762584  0.05800446   -0.04023880  0.03617779
  0.04023880 -0.03617779   -0.04023880  0.03617779   -0.08680319  0.05654056
    2    2
  0.24386110  0.00000000   -0.00142036  0.00000000    0.00471200  0.00740958
 -0.00142036  0.00000000    0.24386110  0.00000000   -0.00471200 -0.00740958
  0.00471200 -0.00740958   -0.00471200  0.00740958    0.29966398  0.00000000

     Dynamical  Matrix in cartesian axes

     q = (   -0.750000000  -0.750000000  -0.250000000 ) 

    1    1
  0.24386110  0.00000000    0.00142036  0.00000000    0.00471200 -0.00740958
  0.00142036  0.00000000    0.24386110  0.00000000    0.00471200 -0.00740958
  0.00471200  0.00740958    0.00471200  0.00740958    0.29966398  0.00000000
    1    2
  0.06762584  0.05800446   -0.13051673  0.04101735   -0.04023880 -0.03617779
 -0.13051673  0.04101735    0.06762584  0.05800446   -0.04023880 -0.03617779
 -0.04023880 -0.03617779   -0.04023880 -0.03617779    0.08680319  0.05654056
    2    1
  0.06762584 -0.05800446   -0.13051673 -0.04101735   -0.04023880  0.03617779
 -0.13051673 -0.04101735    0.06762584 -0.05800446   -0.04023880  0.03617779
 -0.04023880  0.03617779   -0.04023880  0.03617779    0.08680319 -0.05654056
    2    2
  0.24386110  0.00000000    0.00142036  0.00000000    0.00471200  0.00740958
  0.00142036  0.00000000    0.24386110  0.00000000    0.00471200  0.00740958
  0.00471200 -0.00740958    0.00471200 -0.00740958    0.29966398  0.00000000

     Dynamical  Matrix in cartesian axes

     q = (    0.250000000  -0.750000000   0.750000000 ) 

    1    1
  0.29966398  0.00000000   -0.00471200 -0.00740958    0.00471200  0.00740958
 -0.00471200  0.00740958    0.24386110  0.00000000   -0.00142036  0.00000000
  0.00471200 -0.00740958   -0.00142036  0.00000000    0.24386110  0.00000000
    1    2
 -0.08680319 -0.05654056   -0.04023880 -0.03617779    0.04023880  0.03617779
 -0.04023880 -0.03617779   -0.06762584 -0.05800446   -0.13051673  0.04101735
  0.04023880  0.03617779   -0.13051673  0.04101735   -0.06762584 -0.05800446
    2    1
 -0.08680319  0.05654056   -0.04023880  0.03617779    0.04023880 -0.03617779
 -0.04023880  0.03617779   -0.06762584  0.05800446   -0.13051673 -0.04101735
  0.04023880 -0.03617779   -0.13051673 -0.04101735   -0.06762584  0.05800446
    2    2
  0.29966398  0.00000000   -0.00471200  0.00740958    0.00471200 -0.00740958
 -0.00471200 -0.00740958    0.24386110  0.00000000   -0.00142036  0.00000000
  0.00471200  0.00740958   -0.00142036  0.00000000    0.24386110  0.00000000

     Dynamical  Matrix in cartesian axes

     q = (   -0.750000000  -0.750000000   0.250000000 ) 

    1    1
  0.24386110  0.00000000    0.00142036  0.00000000   -0.00471200 -0.00740958
  0.00142036  0.00000000    0.24386110  0.00000000   -0.00471200 -0.00740958
 -0.00471200  0.00740958   -0.00471200  0.00740958    0.29966398  0.00000000
    1    2
 -0.05800446 -0.06762584   -0.04101735  0.13051673   -0.03617779 -0.04023880
 -0.04101735  0.13051673   -0.05800446 -0.06762584   -0.03617779 -0.04023880
 -0.03617779 -0.04023880   -0.03617779 -0.04023880   -0.05654056 -0.08680319
    2    1
 -0.05800446  0.06762584   -0.04101735 -0.13051673   -0.03617779  0.04023880
 -0.04101735 -0.13051673   -0.05800446  0.06762584   -0.03617779  0.04023880
 -0.03617779  0.04023880   -0.03617779  0.04023880   -0.05654056  0.08680319
    2    2
  0.24386110  0.00000000    0.00142036  0.00000000   -0.00471200  0.00740958
  0.00142036  0.00000000    0.24386110  0.00000000   -0.00471200  0.00740958
 -0.00471200 -0.00740958   -0.00471200 -0.00740958    0.29966398  0.00000000

     Dynamical  Matrix in cartesian axes

     q = (    0.250000000   0.750000000   0.750000000 ) 

    1    1
  0.29966398  0.00000000    0.00471200 -0.00740958    0.00471200 -0.00740958
  0.00471200  0.00740958    0.24386110  0.00000000    0.00142036  0.00000000
  0.00471200  0.00740958    0.00142036  0.00000000    0.24386110  0.00000000
    1    2
  0.08680319 -0.05654056   -0.04023880  0.03617779   -0.04023880  0.03617779
 -0.04023880  0.03617779    0.06762584 -0.05800446   -0.13051673 -0.04101735
 -0.04023880  0.03617779   -0.13051673 -0.04101735    0.06762584 -0.05800446
    2    1
  0.08680319  0.05654056   -0.04023880 -0.03617779   -0.04023880 -0.03617779
 -0.04023880 -0.03617779    0.06762584  0.05800446   -0.13051673  0.04101735
 -0.04023880 -0.03617779   -0.13051673  0.04101735    0.06762584  0.05800446
    2    2
  0.29966398  0.00000000    0.00471200  0.00740958    0.00471200  0.00740958
  0.00471200 -0.00740958    0.24386110  0.00000000    0.00142036  0.00000000
  0.00471200 -0.00740958    0.00142036  0.00000000    0.24386110  0.00000000

     Dynamical  Matrix in cartesian axes

     q = (   -0.250000000  -0.750000000   0.750000000 ) 

    1    1
  0.29966398  0.00000000    0.00471200 -0.00740958   -0.00471200  0.00740958
  0.00471200  0.00740958    0.24386110  0.00000000   -0.00142036  0.00000000
 -0.00471200 -0.00740958   -0.00142036  0.00000000    0.24386110  0.00000000
    1    2
 -0.08680319  0.05654056    0.04023880 -0.03617779   -0.04023880  0.03617779
  0.04023880 -0.03617779   -0.06762584  0.05800446   -0.13051673 -0.04101735
 -0.04023880  0.03617779   -0.13051673 -0.04101735   -0.06762584  0.05800446
    2    1
 -0.08680319 -0.05654056    0.04023880  0.03617779   -0.04023880 -0.03617779
  0.04023880  0.03617779   -0.06762584 -0.05800446   -0.13051673  0.04101735
 -0.04023880 -0.03617779   -0.13051673  0.04101735   -0.06762584 -0.05800446
    2    2
  0.29966398  0.00000000    0.00471200  0.00740958   -0.00471200 -0.00740958
  0.00471200 -0.00740958    0.24386110  0.00000000   -0.00142036  0.00000000
 -0.00471200  0.00740958   -0.00142036  0.00000000    0.24386110  0.00000000

     Dynamical  Matrix in cartesian axes

     q = (    0.750000000   0.750000000   0.250000000 ) 

    1    1
  0.24386110  0.00000000    0.00142036  0.00000000    0.00471200  0.00740958
  0.00142036  0.00000000    0.24386110  0.00000000    0.00471200  0.00740958
  0.00471200 -0.00740958    0.00471200 -0.00740958    0.29966398  0.00000000
    1    2
  0.06762584 -0.05800446   -0.13051673 -0.04101735   -0.04023880  0.03617779
 -0.13051673 -0.04101735    0.06762584 -0.05800446   -0.04023880  0.03617779
 -0.04023880  0.03617779   -0.04023880  0.03617779    0.08680319 -0.05654056
    2    1
  0.06762584  0.05800446   -0.13051673  0.04101735   -0.04023880 -0.03617779
 -0.13051673  0.04101735    0.06762584  0.05800446   -0.04023880 -0.03617779
 -0.04023880 -0.03617779   -0.04023880 -0.03617779    0.08680319  0.05654056
    2    2
  0.24386110  0.00000000    0.00142036  0.00000000    0.00471200 -0.00740958
  0.00142036  0.00000000    0.24386110  0.00000000    0.00471200 -0.00740958
  0.00471200  0.00740958    0.00471200  0.00740958    0.29966398  0.00000000

     Dynamical  Matrix in cartesian axes

     q = (    0.250000000  -0.750000000  -0.750000000 ) 

    1    1
  0.29966398  0.00000000   -0.00471200  0.00740958   -0.00471200  0.00740958
 -0.00471200 -0.00740958    0.24386110  0.00000000    0.00142036  0.00000000
 -0.00471200 -0.00740958    0.00142036  0.00000000    0.24386110  0.00000000
    1    2
 -0.05654056 -0.08680319   -0.03617779 -0.04023880   -0.03617779 -0.04023880
 -0.03617779 -0.04023880   -0.05800446 -0.06762584   -0.04101735  0.13051673
 -0.03617779 -0.04023880   -0.04101735  0.13051673   -0.05800446 -0.06762584
    2    1
 -0.05654056  0.08680319   -0.03617779  0.04023880   -0.03617779  0.04023880
 -0.03617779  0.04023880   -0.05800446  0.06762584   -0.04101735 -0.13051673
 -0.03617779  0.04023880   -0.04101735 -0.13051673   -0.05800446  0.06762584
    2    2
  0.29966398  0.00000000   -0.00471200 -0.00740958   -0.00471200 -0.00740958
 -0.00471200  0.00740958    0.24386110  0.00000000    0.00142036  0.00000000
 -0.00471200  0.00740958    0.00142036  0.00000000    0.24386110  0.00000000

     Dynamical  Matrix in cartesian axes

     q = (    0.750000000  -0.750000000  -0.250000000 ) 

    1    1
  0.24386110  0.00000000   -0.00142036  0.00000000   -0.00471200 -0.00740958
 -0.00142036  0.00000000    0.24386110  0.00000000    0.00471200  0.00740958
 -0.00471200  0.00740958    0.00471200 -0.00740958    0.29966398  0.00000000
    1    2
 -0.06762584  0.05800446   -0.13051673 -0.04101735   -0.04023880  0.03617779
 -0.13051673 -0.04101735   -0.06762584  0.05800446    0.04023880 -0.03617779
 -0.04023880  0.03617779    0.04023880 -0.03617779   -0.08680319  0.05654056
    2    1
 -0.06762584 -0.05800446   -0.13051673  0.04101735   -0.04023880 -0.03617779
 -0.13051673  0.04101735   -0.06762584 -0.05800446    0.04023880  0.03617779
 -0.04023880 -0.03617779    0.04023880  0.03617779   -0.08680319 -0.05654056
    2    2
  0.24386110  0.00000000   -0.00142036  0.00000000   -0.00471200  0.00740958
 -0.00142036  0.00000000    0.24386110  0.00000000    0.00471200 -0.00740958
 -0.00471200 -0.00740958    0.00471200  0.00740958    0.29966398  0.00000000

     Diagonalizing the dynamical matrix

     q = (    0.750000000  -0.250000000   0.750000000 ) 

 **************************************************************************
     freq (    1) =       4.292057 [THz] =     143.167625 [cm-1]
 ( -0.042709  0.498173 -0.000000  0.000000  0.042709 -0.498173 ) 
 ( -0.500000 -0.000000 -0.000000 -0.000000  0.500000  0.000000 ) 
     freq (    2) =       6.131713 [THz] =     204.531942 [cm-1]
 ( -0.400157 -0.146393 -0.332536  0.162195 -0.400157 -0.146393 ) 
 ( -0.426094  0.000000 -0.256569 -0.266570 -0.426094  0.000000 ) 
     freq (    3) =       9.358828 [THz] =     312.176889 [cm-1]
 ( -0.081756  0.294586 -0.434387 -0.352673 -0.081756  0.294586 ) 
 (  0.305720 -0.000000 -0.223666 -0.512878  0.305720  0.000000 ) 
     freq (    4) =      11.944906 [THz] =     398.439174 [cm-1]
 ( -0.160714 -0.323795  0.400531  0.279697 -0.160714 -0.323795 ) 
 (  0.361486  0.000000 -0.428607 -0.234418  0.361486  0.000000 ) 
     freq (    5) =      13.659569 [THz] =     455.634174 [cm-1]
 ( -0.042709  0.498173 -0.000000  0.000000  0.042709 -0.498173 ) 
 (  0.500000 -0.000000  0.000000  0.000000 -0.500000  0.000000 ) 
     freq (    6) =      13.890080 [THz] =     463.323191 [cm-1]
 (  0.284650  0.115243  0.500424 -0.246905  0.284650  0.115243 ) 
 ( -0.307094  0.000000 -0.371196 -0.416654 -0.307094  0.000000 ) 
 **************************************************************************
