Dynamical matrix file
                                                                           
  1    2  2 10.3210000  0.0000000  0.0000000  0.0000000  0.0000000  0.0000000
           1  'Si  '    25598.822984527003     
    1    1      0.0000000000      0.0000000000      0.0000000000
    2    1      0.2500000000      0.2500000000      0.2500000000

     Dynamical  Matrix in cartesian axes

     q = (    0.750000000  -0.250000000   0.750000000 ) 

    1    1
  0.23522795  0.00000000   -0.00489916  0.00747736    0.00210244  0.00000000
 -0.00489916 -0.00747736    0.29108806  0.00000000   -0.00489916 -0.00747736
  0.00210244  0.00000000   -0.00489916  0.00747736    0.23522795  0.00000000
    1    2
 -0.06404254  0.05555716   -0.03707297  0.04133874   -0.04222695 -0.13407898
 -0.03707297  0.04133874   -0.06274109  0.07443522   -0.03707297  0.04133874
 -0.04222695 -0.13407898   -0.03707297  0.04133874   -0.06404254  0.05555716
    2    1
 -0.06404254 -0.05555716   -0.03707297 -0.04133874   -0.04222695  0.13407898
 -0.03707297 -0.04133874   -0.06274109 -0.07443522   -0.03707297 -0.04133874
 -0.04222695  0.13407898   -0.03707297 -0.04133874   -0.06404254 -0.05555716
    2    2
  0.23522795  0.00000000   -0.00489916 -0.00747736    0.00210244  0.00000000
 -0.00489916  0.00747736    0.29108806  0.00000000   -0.00489916  0.00747736
  0.00210244  0.00000000   -0.00489916 -0.00747736    0.23522795  0.00000000

     Dynamical  Matrix in cartesian axes

     q = (    0.750000000  -0.250000000  -0.750000000 ) 

    1    1
  0.23522795  0.00000000   -0.00489916 -0.00747736   -0.00210244  0.00000000
 -0.00489916  0.00747736    0.29108806  0.00000000    0.00489916 -0.00747736
 -0.00210244  0.00000000    0.00489916  0.00747736    0.23522795  0.00000000
    1    2
 -0.05555716  0.06404254   -0.04133874  0.03707297   -0.13407898 -0.04222695
 -0.04133874  0.03707297   -0.07443522  0.06274109    0.04133874 -0.03707297
 -0.13407898 -0.04222695    0.04133874 -0.03707297   -0.05555716  0.06404254
    2    1
 -0.05555716 -0.06404254   -0.04133874 -0.03707297   -0.13407898  0.04222695
 -0.04133874 -0.03707297   -0.07443522 -0.06274109    0.04133874  0.03707297
 -0.13407898  0.04222695    0.04133874  0.03707297   -0.05555716 -0.06404254
    2    2
  0.23522795  0.00000000   -0.00489916  0.00747736   -0.00210244  0.00000000
 -0.00489916 -0.00747736    0.29108806  0.00000000    0.00489916  0.00747736
 -0.00210244  0.00000000    0.00489916 -0.00747736    0.23522795  0.00000000

     Dynamical  Matrix in cartesian axes

     q = (   -0.750000000  -0.250000000  -0.750000000 ) 

    1    1
  0.23522795  0.00000000    0.00489916 -0.00747736    0.00210244  0.00000000
  0.00489916  0.00747736    0.29108806  0.00000000    0.00489916  0.00747736
  0.00210244  0.00000000    0.00489916 -0.00747736    0.23522795  0.00000000
    1    2
  0.05555716  0.06404254   -0.04133874 -0.03707297   -0.13407898  0.04222695
 -0.04133874 -0.03707297    0.07443522  0.06274109   -0.04133874 -0.03707297
 -0.13407898  0.04222695   -0.04133874 -0.03707297    0.05555716  0.06404254
    2    1
  0.05555716 -0.06404254   -0.04133874  0.03707297   -0.13407898 -0.04222695
 -0.04133874  0.03707297    0.07443522 -0.06274109   -0.04133874  0.03707297
 -0.13407898 -0.04222695   -0.04133874  0.03707297    0.05555716 -0.06404254
    2    2
  0.23522795  0.00000000    0.00489916  0.00747736    0.00210244  0.00000000
  0.00489916 -0.00747736    0.29108806  0.00000000    0.00489916 -0.00747736
  0.00210244  0.00000000    0.00489916  0.00747736    0.23522795  0.00000000

     Dynamical  Matrix in cartesian axes

     q = (   -0.750000000  -0.250000000   0.750000000 ) 

    1    1
  0.23522795  0.00000000    0.00489916  0.00747736   -0.00210244  0.00000000
  0.00489916 -0.00747736    0.29108806  0.00000000   -0.00489916  0.00747736
 -0.00210244  0.00000000   -0.00489916 -0.00747736    0.23522795  0.00000000
    1    2
 -0.05555716  0.06404254    0.04133874 -0.03707297   -0.13407898 -0.04222695
  0.04133874 -0.03707297   -0.07443522  0.06274109   -0.04133874  0.03707297
 -0.13407898 -0.04222695   -0.04133874  0.03707297   -0.05555716  0.06404254
    2    1
 -0.05555716 -0.06404254    0.04133874  0.03707297   -0.13407898  0.04222695
  0.04133874  0.03707297   -0.07443522 -0.06274109   -0.04133874 -0.03707297
 -0.13407898  0.04222695   -0.04133874 -0.03707297   -0.05555716 -0.06404254
    2    2
  0.23522795  0.00000000    0.00489916 -0.00747736   -0.00210244  0.00000000
  0.00489916  0.00747736    0.29108806  0.00000000   -0.00489916 -0.00747736
 -0.00210244  0.00000000   -0.00489916  0.00747736    0.23522795  0.00000000

     Dynamical  Matrix in cartesian axes

     q = (   -0.750000000   0.250000000  -0.750000000 ) 

    1    1
  0.23522795  0.00000000   -0.00489916 -0.00747736    0.00210244  0.00000000
 -0.00489916  0.00747736    0.29108806  0.00000000   -0.00489916  0.00747736
  0.00210244  0.00000000   -0.00489916 -0.00747736    0.23522795  0.00000000
    1    2
 -0.06404254 -0.05555716   -0.03707297 -0.04133874   -0.04222695  0.13407898
 -0.03707297 -0.04133874   -0.06274109 -0.07443522   -0.03707297 -0.04133874
 -0.04222695  0.13407898   -0.03707297 -0.04133874   -0.06404254 -0.05555716
    2    1
 -0.06404254  0.05555716   -0.03707297  0.04133874   -0.04222695 -0.13407898
 -0.03707297  0.04133874   -0.06274109  0.07443522   -0.03707297  0.04133874
 -0.04222695 -0.13407898   -0.03707297  0.04133874   -0.06404254  0.05555716
    2    2
  0.23522795  0.00000000   -0.00489916  0.00747736    0.00210244  0.00000000
 -0.00489916 -0.00747736    0.29108806  0.00000000   -0.00489916 -0.00747736
  0.00210244  0.00000000   -0.00489916  0.00747736    0.23522795  0.00000000

     Dynamical  Matrix in cartesian axes

     q = (   -0.250000000   0.750000000  -0.750000000 ) 

    1    1
  0.29108806  0.00000000   -0.00489916  0.00747736    0.00489916 -0.00747736
 -0.00489916 -0.00747736    0.23522795  0.00000000   -0.00210244  0.00000000
  0.00489916  0.00747736   -0.00210244  0.00000000    0.23522795  0.00000000
    1    2
 -0.07443522  0.06274109   -0.04133874  0.03707297    0.04133874 -0.03707297
 -0.04133874  0.03707297   -0.05555716  0.06404254   -0.13407898 -0.04222695
  0.04133874 -0.03707297   -0.13407898 -0.04222695   -0.05555716  0.06404254
    2    1
 -0.07443522 -0.06274109   -0.04133874 -0.03707297    0.04133874  0.03707297
 -0.04133874 -0.03707297   -0.05555716 -0.06404254   -0.13407898  0.04222695
  0.04133874  0.03707297   -0.13407898  0.04222695   -0.05555716 -0.06404254
    2    2
  0.29108806  0.00000000   -0.00489916 -0.00747736    0.00489916  0.00747736
 -0.00489916  0.00747736    0.23522795  0.00000000   -0.00210244  0.00000000
  0.00489916 -0.00747736   -0.00210244  0.00000000    0.23522795  0.00000000

     Dynamical  Matrix in cartesian axes

     q = (   -0.750000000   0.750000000  -0.250000000 ) 

    1    1
  0.23522795  0.00000000   -0.00210244  0.00000000    0.00489916  0.00747736
 -0.00210244  0.00000000    0.23522795  0.00000000   -0.00489916 -0.00747736
  0.00489916 -0.00747736   -0.00489916  0.00747736    0.29108806  0.00000000
    1    2
 -0.05555716  0.06404254   -0.13407898 -0.04222695    0.04133874 -0.03707297
 -0.13407898 -0.04222695   -0.05555716  0.06404254   -0.04133874  0.03707297
  0.04133874 -0.03707297   -0.04133874  0.03707297   -0.07443522  0.06274109
    2    1
 -0.05555716 -0.06404254   -0.13407898  0.04222695    0.04133874  0.03707297
 -0.13407898  0.04222695   -0.05555716 -0.06404254   -0.04133874 -0.03707297
  0.04133874  0.03707297   -0.04133874 -0.03707297   -0.07443522 -0.06274109
    2    2
  0.23522795  0.00000000   -0.00210244  0.00000000    0.00489916 -0.00747736
 -0.00210244  0.00000000    0.23522795  0.00000000   -0.00489916  0.00747736
  0.00489916  0.00747736   -0.00489916 -0.00747736    0.29108806  0.00000000

     Dynamical  Matrix in cartesian axes

     q = (    0.750000000   0.250000000   0.750000000 ) 

    1    1
  0.23522795  0.00000000    0.00489916  0.00747736    0.00210244  0.00000000
  0.00489916 -0.00747736    0.29108806  0.00000000    0.00489916 -0.00747736
  0.00210244  0.00000000    0.00489916  0.00747736    0.23522795  0.00000000
    1    2
  0.05555716 -0.06404254   -0.04133874  0.03707297   -0.13407898 -0.04222695
 -0.04133874  0.03707297    0.07443522 -0.06274109   -0.04133874  0.03707297
 -0.13407898 -0.04222695   -0.04133874  0.03707297    0.05555716 -0.06404254
    2    1
  0.05555716  0.06404254   -0.04133874 -0.03707297   -0.13407898  0.04222695
 -0.04133874 -0.03707297    0.07443522  0.06274109   -0.04133874 -0.03707297
 -0.13407898  0.04222695   -0.04133874 -0.03707297    0.05555716  0.06404254
    2    2
  0.23522795  0.00000000    0.00489916 -0.00747736    0.00210244  0.00000000
  0.00489916  0.00747736    0.29108806  0.00000000    0.00489916  0.00747736
  0.00210244  0.00000000    0.00489916 -0.00747736    0.23522795  0.00000000

     Dynamical  Matrix in cartesian axes

     q = (   -0.750000000   0.250000000   0.750000000 ) 

    1    1
  0.23522795  0.00000000   -0.00489916  0.00747736   -0.00210244  0.00000000
 -0.00489916 -0.00747736    0.29108806  0.00000000    0.00489916  0.00747736
 -0.00210244  0.00000000    0.00489916 -0.00747736    0.23522795  0.00000000
    1    2
 -0.05555716 -0.06404254   -0.04133874 -0.03707297   -0.13407898  0.04222695
 -0.04133874 -0.03707297   -0.07443522 -0.06274109    0.04133874  0.03707297
 -0.13407898  0.04222695    0.04133874  0.03707297   -0.05555716 -0.06404254
    2    1
 -0.05555716  0.06404254   -0.04133874  0.03707297   -0.13407898 -0.04222695
 -0.04133874  0.03707297   -0.07443522  0.06274109    0.04133874 -0.03707297
 -0.13407898 -0.04222695    0.04133874 -0.03707297   -0.05555716  0.06404254
    2    2
  0.23522795  0.00000000   -0.00489916 -0.00747736   -0.00210244  0.00000000
 -0.00489916  0.00747736    0.29108806  0.00000000    0.00489916 -0.00747736
 -0.00210244  0.00000000    0.00489916  0.00747736    0.23522795  0.00000000

     Dynamical  Matrix in cartesian axes

     q = (    0.750000000   0.250000000  -0.750000000 ) 

    1    1
  0.23522795  0.00000000    0.00489916 -0.00747736   -0.00210244  0.00000000
  0.00489916  0.00747736    0.29108806  0.00000000   -0.00489916 -0.00747736
 -0.00210244  0.00000000   -0.00489916  0.00747736    0.23522795  0.00000000
    1    2
 -0.05555716 -0.06404254    0.04133874  0.03707297   -0.13407898  0.04222695
  0.04133874  0.03707297   -0.07443522 -0.06274109   -0.04133874 -0.03707297
 -0.13407898  0.04222695   -0.04133874 -0.03707297   -0.05555716 -0.06404254
    2    1
 -0.05555716  0.06404254    0.04133874 -0.03707297   -0.13407898 -0.04222695
  0.04133874 -0.03707297   -0.07443522  0.06274109   -0.04133874  0.03707297
 -0.13407898 -0.04222695   -0.04133874  0.03707297   -0.05555716  0.06404254
    2    2
  0.23522795  0.00000000    0.00489916  0.00747736   -0.00210244  0.00000000
  0.00489916 -0.00747736    0.29108806  0.00000000   -0.00489916  0.00747736
 -0.00210244  0.00000000   -0.00489916 -0.00747736    0.23522795  0.00000000

     Dynamical  Matrix in cartesian axes

     q = (   -0.750000000   0.750000000   0.250000000 ) 

    1    1
  0.23522795  0.00000000   -0.00210244  0.00000000   -0.00489916  0.00747736
 -0.00210244  0.00000000    0.23522795  0.00000000    0.00489916 -0.00747736
 -0.00489916 -0.00747736    0.00489916  0.00747736    0.29108806  0.00000000
    1    2
 -0.05555716 -0.06404254   -0.13407898  0.04222695   -0.04133874 -0.03707297
 -0.13407898  0.04222695   -0.05555716 -0.06404254    0.04133874  0.03707297
 -0.04133874 -0.03707297    0.04133874  0.03707297   -0.07443522 -0.06274109
    2    1
 -0.05555716  0.06404254   -0.13407898 -0.04222695   -0.04133874  0.03707297
 -0.13407898 -0.04222695   -0.05555716  0.06404254    0.04133874 -0.03707297
 -0.04133874  0.03707297    0.04133874 -0.03707297   -0.07443522  0.06274109
    2    2
  0.23522795  0.00000000   -0.00210244  0.00000000   -0.00489916 -0.00747736
 -0.00210244  0.00000000    0.23522795  0.00000000    0.00489916  0.00747736
 -0.00489916  0.00747736    0.00489916 -0.00747736    0.29108806  0.00000000

     Dynamical  Matrix in cartesian axes

     q = (   -0.250000000   0.750000000   0.750000000 ) 

    1    1
  0.29108806  0.00000000   -0.00489916 -0.00747736   -0.00489916 -0.00747736
 -0.00489916  0.00747736    0.23522795  0.00000000    0.00210244  0.00000000
 -0.00489916  0.00747736    0.00210244  0.00000000    0.23522795  0.00000000
    1    2
 -0.06274109  0.07443522   -0.03707297  0.04133874   -0.03707297  0.04133874
 -0.03707297  0.04133874   -0.06404254  0.05555716   -0.04222695 -0.13407898
 -0.03707297  0.04133874   -0.04222695 -0.13407898   -0.06404254  0.05555716
    2    1
 -0.06274109 -0.07443522   -0.03707297 -0.04133874   -0.03707297 -0.04133874
 -0.03707297 -0.04133874   -0.06404254 -0.05555716   -0.04222695  0.13407898
 -0.03707297 -0.04133874   -0.04222695  0.13407898   -0.06404254 -0.05555716
    2    2
  0.29108806  0.00000000   -0.00489916  0.00747736   -0.00489916  0.00747736
 -0.00489916 -0.00747736    0.23522795  0.00000000    0.00210244  0.00000000
 -0.00489916 -0.00747736    0.00210244  0.00000000    0.23522795  0.00000000

     Dynamical  Matrix in cartesian axes

     q = (    0.250000000   0.750000000  -0.750000000 ) 

    1    1
  0.29108806  0.00000000    0.00489916  0.00747736   -0.00489916 -0.00747736
  0.00489916 -0.00747736    0.23522795  0.00000000   -0.00210244  0.00000000
 -0.00489916  0.00747736   -0.00210244  0.00000000    0.23522795  0.00000000
    1    2
 -0.07443522 -0.06274109    0.04133874  0.03707297   -0.04133874 -0.03707297
  0.04133874  0.03707297   -0.05555716 -0.06404254   -0.13407898  0.04222695
 -0.04133874 -0.03707297   -0.13407898  0.04222695   -0.05555716 -0.06404254
    2    1
 -0.07443522  0.06274109    0.04133874 -0.03707297   -0.04133874  0.03707297
  0.04133874 -0.03707297   -0.05555716  0.06404254   -0.13407898 -0.04222695
 -0.04133874  0.03707297   -0.13407898 -0.04222695   -0.05555716  0.06404254
    2    2
  0.29108806  0.00000000    0.00489916 -0.00747736   -0.00489916  0.00747736
  0.00489916  0.00747736    0.23522795  0.00000000   -0.00210244  0.00000000
 -0.00489916 -0.00747736   -0.00210244  0.00000000    0.23522795  0.00000000

     Dynamical  Matrix in cartesian axes

     q = (   -0.250000000  -0.750000000  -0.750000000 ) 

    1    1
  0.29108806  0.00000000    0.00489916  0.00747736    0.00489916  0.00747736
  0.00489916 -0.00747736    0.23522795  0.00000000    0.00210244  0.00000000
  0.00489916 -0.00747736    0.00210244  0.00000000    0.23522795  0.00000000
    1    2
  0.07443522  0.06274109   -0.04133874 -0.03707297   -0.04133874 -0.03707297
 -0.04133874 -0.03707297    0.05555716  0.06404254   -0.13407898  0.04222695
 -0.04133874 -0.03707297   -0.13407898  0.04222695    0.05555716  0.06404254
    2    1
  0.07443522 -0.06274109   -0.04133874  0.03707297   -0.04133874  0.03707297
 -0.04133874  0.03707297    0.05555716 -0.06404254   -0.13407898 -0.04222695
 -0.04133874  0.03707297   -0.13407898 -0.04222695    0.05555716 -0.06404254
    2    2
  0.29108806  0.00000000    0.00489916 -0.00747736    0.00489916 -0.00747736
  0.00489916  0.00747736    0.23522795  0.00000000    0.00210244  0.00000000
  0.00489916  0.00747736    0.00210244  0.00000000    0.23522795  0.00000000

     Dynamical  Matrix in cartesian axes

     q = (    0.750000000   0.750000000  -0.250000000 ) 

    1    1
  0.23522795  0.00000000    0.00210244  0.00000000   -0.00489916  0.00747736
  0.00210244  0.00000000    0.23522795  0.00000000   -0.00489916  0.00747736
 -0.00489916 -0.00747736   -0.00489916 -0.00747736    0.29108806  0.00000000
    1    2
 -0.06404254  0.05555716   -0.04222695 -0.13407898   -0.03707297  0.04133874
 -0.04222695 -0.13407898   -0.06404254  0.05555716   -0.03707297  0.04133874
 -0.03707297  0.04133874   -0.03707297  0.04133874   -0.06274109  0.07443522
    2    1
 -0.06404254 -0.05555716   -0.04222695  0.13407898   -0.03707297 -0.04133874
 -0.04222695  0.13407898   -0.06404254 -0.05555716   -0.03707297 -0.04133874
 -0.03707297 -0.04133874   -0.03707297 -0.04133874   -0.06274109 -0.07443522
    2    2
  0.23522795  0.00000000    0.00210244  0.00000000   -0.00489916 -0.00747736
  0.00210244  0.00000000    0.23522795  0.00000000   -0.00489916 -0.00747736
 -0.00489916  0.00747736   -0.00489916  0.00747736    0.29108806  0.00000000

     Dynamical  Matrix in cartesian axes

     q = (    0.750000000  -0.750000000   0.250000000 ) 

    1    1
  0.23522795  0.00000000   -0.00210244  0.00000000    0.00489916 -0.00747736
 -0.00210244  0.00000000    0.23522795  0.00000000   -0.00489916  0.00747736
  0.00489916  0.00747736   -0.00489916 -0.00747736    0.29108806  0.00000000
    1    2
 -0.05555716 -0.06404254   -0.13407898  0.04222695    0.04133874  0.03707297
 -0.13407898  0.04222695   -0.05555716 -0.06404254   -0.04133874 -0.03707297
  0.04133874  0.03707297   -0.04133874 -0.03707297   -0.07443522 -0.06274109
    2    1
 -0.05555716  0.06404254   -0.13407898 -0.04222695    0.04133874 -0.03707297
 -0.13407898 -0.04222695   -0.05555716  0.06404254   -0.04133874  0.03707297
  0.04133874 -0.03707297   -0.04133874  0.03707297   -0.07443522  0.06274109
    2    2
  0.23522795  0.00000000   -0.00210244  0.00000000    0.00489916  0.00747736
 -0.00210244  0.00000000    0.23522795  0.00000000   -0.00489916 -0.00747736
  0.00489916 -0.00747736   -0.00489916  0.00747736    0.29108806  0.00000000

     Dynamical  Matrix in cartesian axes

     q = (   -0.750000000  -0.750000000  -0.250000000 ) 

    1    1
  0.23522795  0.00000000    0.00210244  0.00000000    0.00489916 -0.00747736
  0.00210244  0.00000000    0.23522795  0.00000000    0.00489916 -0.00747736
  0.00489916  0.00747736    0.00489916  0.00747736    0.29108806  0.00000000
    1    2
  0.05555716  0.06404254   -0.13407898  0.04222695   -0.04133874 -0.03707297
 -0.13407898  0.04222695    0.05555716  0.06404254   -0.04133874 -0.03707297
 -0.04133874 -0.03707297   -0.04133874 -0.03707297    0.07443522  0.06274109
    2    1
  0.05555716 -0.06404254   -0.13407898 -0.04222695   -0.04133874  0.03707297
 -0.13407898 -0.04222695    0.05555716 -0.06404254   -0.04133874  0.03707297
 -0.04133874  0.03707297   -0.04133874  0.03707297    0.07443522 -0.06274109
    2    2
  0.23522795  0.00000000    0.00210244  0.00000000    0.00489916  0.00747736
  0.00210244  0.00000000    0.23522795  0.00000000    0.00489916  0.00747736
  0.00489916 -0.00747736    0.00489916 -0.00747736    0.29108806  0.00000000

     Dynamical  Matrix in cartesian axes

     q = (    0.250000000  -0.750000000   0.750000000 ) 

    1    1
  0.29108806  0.00000000   -0.00489916 -0.00747736    0.00489916  0.00747736
 -0.00489916  0.00747736    0.23522795  0.00000000   -0.00210244  0.00000000
  0.00489916 -0.00747736   -0.00210244  0.00000000    0.23522795  0.00000000
    1    2
 -0.07443522 -0.06274109   -0.04133874 -0.03707297    0.04133874  0.03707297
 -0.04133874 -0.03707297   -0.05555716 -0.06404254   -0.13407898  0.04222695
  0.04133874  0.03707297   -0.13407898  0.04222695   -0.05555716 -0.06404254
    2    1
 -0.07443522  0.06274109   -0.04133874  0.03707297    0.04133874 -0.03707297
 -0.04133874  0.03707297   -0.05555716  0.06404254   -0.13407898 -0.04222695
  0.04133874 -0.03707297   -0.13407898 -0.04222695   -0.05555716  0.06404254
    2    2
  0.29108806  0.00000000   -0.00489916  0.00747736    0.00489916 -0.00747736
 -0.00489916 -0.00747736    0.23522795  0.00000000   -0.00210244  0.00000000
  0.00489916  0.00747736   -0.00210244  0.00000000    0.23522795  0.00000000

     Dynamical  Matrix in cartesian axes

     q = (   -0.750000000  -0.750000000   0.250000000 ) 

    1    1
  0.23522795  0.00000000    0.00210244  0.00000000   -0.00489916 -0.00747736
  0.00210244  0.00000000    0.23522795  0.00000000   -0.00489916 -0.00747736
 -0.00489916  0.00747736   -0.00489916  0.00747736    0.29108806  0.00000000
    1    2
 -0.06404254 -0.05555716   -0.04222695  0.13407898   -0.03707297 -0.04133874
 -0.04222695  0.13407898   -0.06404254 -0.05555716   -0.03707297 -0.04133874
 -0.03707297 -0.04133874   -0.03707297 -0.04133874   -0.06274109 -0.07443522
    2    1
 -0.06404254  0.05555716   -0.04222695 -0.13407898   -0.03707297  0.04133874
 -0.04222695 -0.13407898   -0.06404254  0.05555716   -0.03707297  0.04133874
 -0.03707297  0.04133874   -0.03707297  0.04133874   -0.06274109  0.07443522
    2    2
  0.23522795  0.00000000    0.00210244  0.00000000   -0.00489916  0.00747736
  0.00210244  0.00000000    0.23522795  0.00000000   -0.00489916  0.00747736
 -0.00489916 -0.00747736   -0.00489916 -0.00747736    0.29108806  0.00000000

     Dynamical  Matrix in cartesian axes

     q = (    0.250000000   0.750000000   0.750000000 ) 

    1    1
  0.29108806  0.00000000    0.00489916 -0.00747736    0.00489916 -0.00747736
  0.00489916  0.00747736    0.23522795  0.00000000    0.00210244  0.00000000
  0.00489916  0.00747736    0.00210244  0.00000000    0.23522795  0.00000000
    1    2
  0.07443522 -0.06274109   -0.04133874  0.03707297   -0.04133874  0.03707297
 -0.04133874  0.03707297    0.05555716 -0.06404254   -0.13407898 -0.04222695
 -0.04133874  0.03707297   -0.13407898 -0.04222695    0.05555716 -0.06404254
    2    1
  0.07443522  0.06274109   -0.04133874 -0.03707297   -0.04133874 -0.03707297
 -0.04133874 -0.03707297    0.05555716  0.06404254   -0.13407898  0.04222695
 -0.04133874 -0.03707297   -0.13407898  0.04222695    0.05555716  0.06404254
    2    2
  0.29108806  0.00000000    0.00489916  0.00747736    0.00489916  0.00747736
  0.00489916 -0.00747736    0.23522795  0.00000000    0.00210244  0.00000000
  0.00489916 -0.00747736    0.00210244  0.00000000    0.23522795  0.00000000

     Dynamical  Matrix in cartesian axes

     q = (   -0.250000000  -0.750000000   0.750000000 ) 

    1    1
  0.29108806  0.00000000    0.00489916 -0.00747736   -0.00489916  0.00747736
  0.00489916  0.00747736    0.23522795  0.00000000   -0.00210244  0.00000000
 -0.00489916 -0.00747736   -0.00210244  0.00000000    0.23522795  0.00000000
    1    2
 -0.07443522  0.06274109    0.04133874 -0.03707297   -0.04133874  0.03707297
  0.04133874 -0.03707297   -0.05555716  0.06404254   -0.13407898 -0.04222695
 -0.04133874  0.03707297   -0.13407898 -0.04222695   -0.05555716  0.06404254
    2    1
 -0.07443522 -0.06274109    0.04133874  0.03707297   -0.04133874 -0.03707297
  0.04133874  0.03707297   -0.05555716 -0.06404254   -0.13407898  0.04222695
 -0.04133874 -0.03707297   -0.13407898  0.04222695   -0.05555716 -0.06404254
    2    2
  0.29108806  0.00000000    0.00489916  0.00747736   -0.00489916 -0.00747736
  0.00489916 -0.00747736    0.23522795  0.00000000   -0.00210244  0.00000000
 -0.00489916  0.00747736   -0.00210244  0.00000000    0.23522795  0.00000000

     Dynamical  Matrix in cartesian axes

     q = (    0.750000000   0.750000000   0.250000000 ) 

    1    1
  0.23522795  0.00000000    0.00210244  0.00000000    0.00489916  0.00747736
  0.00210244  0.00000000    0.23522795  0.00000000    0.00489916  0.00747736
  0.00489916 -0.00747736    0.00489916 -0.00747736    0.29108806  0.00000000
    1    2
  0.05555716 -0.06404254   -0.13407898 -0.04222695   -0.04133874  0.03707297
 -0.13407898 -0.04222695    0.05555716 -0.06404254   -0.04133874  0.03707297
 -0.04133874  0.03707297   -0.04133874  0.03707297    0.07443522 -0.06274109
    2    1
  0.05555716  0.06404254   -0.13407898  0.04222695   -0.04133874 -0.03707297
 -0.13407898  0.04222695    0.05555716  0.06404254   -0.04133874 -0.03707297
 -0.04133874 -0.03707297   -0.04133874 -0.03707297    0.07443522  0.06274109
    2    2
  0.23522795  0.00000000    0.00210244  0.00000000    0.00489916 -0.00747736
  0.00210244  0.00000000    0.23522795  0.00000000    0.00489916 -0.00747736
  0.00489916  0.00747736    0.00489916  0.00747736    0.29108806  0.00000000

     Dynamical  Matrix in cartesian axes

     q = (    0.250000000  -0.750000000  -0.750000000 ) 

    1    1
  0.29108806  0.00000000   -0.00489916  0.00747736   -0.00489916  0.00747736
 -0.00489916 -0.00747736    0.23522795  0.00000000    0.00210244  0.00000000
 -0.00489916 -0.00747736    0.00210244  0.00000000    0.23522795  0.00000000
    1    2
 -0.06274109 -0.07443522   -0.03707297 -0.04133874   -0.03707297 -0.04133874
 -0.03707297 -0.04133874   -0.06404254 -0.05555716   -0.04222695  0.13407898
 -0.03707297 -0.04133874   -0.04222695  0.13407898   -0.06404254 -0.05555716
    2    1
 -0.06274109  0.07443522   -0.03707297  0.04133874   -0.03707297  0.04133874
 -0.03707297  0.04133874   -0.06404254  0.05555716   -0.04222695 -0.13407898
 -0.03707297  0.04133874   -0.04222695 -0.13407898   -0.06404254  0.05555716
    2    2
  0.29108806  0.00000000   -0.00489916 -0.00747736   -0.00489916 -0.00747736
 -0.00489916  0.00747736    0.23522795  0.00000000    0.00210244  0.00000000
 -0.00489916  0.00747736    0.00210244  0.00000000    0.23522795  0.00000000

     Dynamical  Matrix in cartesian axes

     q = (    0.750000000  -0.750000000  -0.250000000 ) 

    1    1
  0.23522795  0.00000000   -0.00210244  0.00000000   -0.00489916 -0.00747736
 -0.00210244  0.00000000    0.23522795  0.00000000    0.00489916  0.00747736
 -0.00489916  0.00747736    0.00489916 -0.00747736    0.29108806  0.00000000
    1    2
 -0.05555716  0.06404254   -0.13407898 -0.04222695   -0.04133874  0.03707297
 -0.13407898 -0.04222695   -0.05555716  0.06404254    0.04133874 -0.03707297
 -0.04133874  0.03707297    0.04133874 -0.03707297   -0.07443522  0.06274109
    2    1
 -0.05555716 -0.06404254   -0.13407898  0.04222695   -0.04133874 -0.03707297
 -0.13407898  0.04222695   -0.05555716 -0.06404254    0.04133874  0.03707297
 -0.04133874 -0.03707297    0.04133874  0.03707297   -0.07443522 -0.06274109
    2    2
  0.23522795  0.00000000   -0.00210244  0.00000000   -0.00489916  0.00747736
 -0.00210244  0.00000000    0.23522795  0.00000000    0.00489916 -0.00747736
 -0.00489916 -0.00747736    0.00489916  0.00747736    0.29108806  0.00000000

     Diagonalizing the dynamical matrix

     q = (    0.750000000  -0.250000000   0.750000000 ) 

 **************************************************************************
     freq (    1) =       4.225909 [THz] =     140.961166 [cm-1]
 (  0.057143 -0.496724  0.000000  0.000000 -0.057143  0.496724 ) 
 (  0.500000  0.000000 -0.000000  0.000000 -0.500000  0.000000 ) 
     freq (    2) =       5.513090 [THz] =     183.896871 [cm-1]
 ( -0.397399 -0.196517 -0.299531  0.131115 -0.397399 -0.196517 ) 
 ( -0.443334 -0.000000 -0.210376 -0.250303 -0.443334  0.000000 ) 
     freq (    3) =       9.063176 [THz] =     302.315022 [cm-1]
 (  0.131961 -0.246477  0.390883  0.436900  0.131961 -0.246477 ) 
 ( -0.279580 -0.000000  0.200675  0.550817 -0.279580  0.000000 ) 
     freq (    4) =      12.015443 [THz] =     400.792022 [cm-1]
 (  0.110138  0.312839 -0.414974 -0.328328  0.110138  0.312839 ) 
 ( -0.331660  0.000000  0.447501  0.282393 -0.331660  0.000000 ) 
     freq (    5) =      13.389190 [THz] =     446.615293 [cm-1]
 (  0.057143 -0.496724 -0.000000 -0.000000 -0.057143  0.496724 ) 
 ( -0.500000  0.000000 -0.000000  0.000000  0.500000  0.000000 ) 
     freq (    6) =      13.781125 [THz] =     459.688860 [cm-1]
 ( -0.302635 -0.153960 -0.474574  0.210229 -0.302635 -0.153960 ) 
 (  0.339546 -0.000000  0.327661  0.402561  0.339546 -0.000000 ) 
 **************************************************************************
