Dynamical matrix file
                                                                           
  1    2  2 10.3210000  0.0000000  0.0000000  0.0000000  0.0000000  0.0000000
           1  'Si  '    25598.822984527003     
    1    1      0.0000000000      0.0000000000      0.0000000000
    2    1      0.2500000000      0.2500000000      0.2500000000

     Dynamical  Matrix in cartesian axes

     q = (   -0.250000000   0.250000000  -0.250000000 ) 

    1    1
  0.27176167  0.00000000   -0.01098077  0.00000000    0.01098077  0.00000000
 -0.01098077  0.00000000    0.27176167  0.00000000   -0.01098077  0.00000000
  0.01098077  0.00000000   -0.01098077  0.00000000    0.27176167  0.00000000
    1    2
 -0.19552179 -0.05624737   -0.03749363  0.03820003    0.03749363 -0.03820003
 -0.03749363  0.03820003   -0.19552179 -0.05624737   -0.03749363  0.03820003
  0.03749363 -0.03820003   -0.03749363  0.03820003   -0.19552179 -0.05624737
    2    1
 -0.19552179  0.05624737   -0.03749363 -0.03820003    0.03749363  0.03820003
 -0.03749363 -0.03820003   -0.19552179  0.05624737   -0.03749363 -0.03820003
  0.03749363  0.03820003   -0.03749363 -0.03820003   -0.19552179  0.05624737
    2    2
  0.27176167  0.00000000   -0.01098077  0.00000000    0.01098077  0.00000000
 -0.01098077  0.00000000    0.27176167  0.00000000   -0.01098077  0.00000000
  0.01098077  0.00000000   -0.01098077  0.00000000    0.27176167  0.00000000

     Dynamical  Matrix in cartesian axes

     q = (    0.250000000  -0.250000000  -0.250000000 ) 

    1    1
  0.27176167  0.00000000   -0.01098077  0.00000000   -0.01098077  0.00000000
 -0.01098077  0.00000000    0.27176167  0.00000000    0.01098077  0.00000000
 -0.01098077  0.00000000    0.01098077  0.00000000    0.27176167  0.00000000
    1    2
 -0.19552179 -0.05624737   -0.03749363  0.03820003   -0.03749363  0.03820003
 -0.03749363  0.03820003   -0.19552179 -0.05624737    0.03749363 -0.03820003
 -0.03749363  0.03820003    0.03749363 -0.03820003   -0.19552179 -0.05624737
    2    1
 -0.19552179  0.05624737   -0.03749363 -0.03820003   -0.03749363 -0.03820003
 -0.03749363 -0.03820003   -0.19552179  0.05624737    0.03749363  0.03820003
 -0.03749363 -0.03820003    0.03749363  0.03820003   -0.19552179  0.05624737
    2    2
  0.27176167  0.00000000   -0.01098077  0.00000000   -0.01098077  0.00000000
 -0.01098077  0.00000000    0.27176167  0.00000000    0.01098077  0.00000000
 -0.01098077  0.00000000    0.01098077  0.00000000    0.27176167  0.00000000

     Dynamical  Matrix in cartesian axes

     q = (    0.250000000  -0.250000000   0.250000000 ) 

    1    1
  0.27176167  0.00000000   -0.01098077  0.00000000    0.01098077  0.00000000
 -0.01098077  0.00000000    0.27176167  0.00000000   -0.01098077  0.00000000
  0.01098077  0.00000000   -0.01098077  0.00000000    0.27176167  0.00000000
    1    2
 -0.19552179  0.05624737   -0.03749363 -0.03820003    0.03749363  0.03820003
 -0.03749363 -0.03820003   -0.19552179  0.05624737   -0.03749363 -0.03820003
  0.03749363  0.03820003   -0.03749363 -0.03820003   -0.19552179  0.05624737
    2    1
 -0.19552179 -0.05624737   -0.03749363  0.03820003    0.03749363 -0.03820003
 -0.03749363  0.03820003   -0.19552179 -0.05624737   -0.03749363  0.03820003
  0.03749363 -0.03820003   -0.03749363  0.03820003   -0.19552179 -0.05624737
    2    2
  0.27176167  0.00000000   -0.01098077  0.00000000    0.01098077  0.00000000
 -0.01098077  0.00000000    0.27176167  0.00000000   -0.01098077  0.00000000
  0.01098077  0.00000000   -0.01098077  0.00000000    0.27176167  0.00000000

     Dynamical  Matrix in cartesian axes

     q = (    0.250000000   0.250000000   0.250000000 ) 

    1    1
  0.27176167  0.00000000    0.01098077  0.00000000    0.01098077  0.00000000
  0.01098077  0.00000000    0.27176167  0.00000000    0.01098077  0.00000000
  0.01098077  0.00000000    0.01098077  0.00000000    0.27176167  0.00000000
    1    2
 -0.05624737  0.19552179   -0.03820003 -0.03749363   -0.03820003 -0.03749363
 -0.03820003 -0.03749363   -0.05624737  0.19552179   -0.03820003 -0.03749363
 -0.03820003 -0.03749363   -0.03820003 -0.03749363   -0.05624737  0.19552179
    2    1
 -0.05624737 -0.19552179   -0.03820003  0.03749363   -0.03820003  0.03749363
 -0.03820003  0.03749363   -0.05624737 -0.19552179   -0.03820003  0.03749363
 -0.03820003  0.03749363   -0.03820003  0.03749363   -0.05624737 -0.19552179
    2    2
  0.27176167  0.00000000    0.01098077  0.00000000    0.01098077  0.00000000
  0.01098077  0.00000000    0.27176167  0.00000000    0.01098077  0.00000000
  0.01098077  0.00000000    0.01098077  0.00000000    0.27176167  0.00000000

     Dynamical  Matrix in cartesian axes

     q = (   -0.250000000  -0.250000000  -0.250000000 ) 

    1    1
  0.27176167  0.00000000    0.01098077  0.00000000    0.01098077  0.00000000
  0.01098077  0.00000000    0.27176167  0.00000000    0.01098077  0.00000000
  0.01098077  0.00000000    0.01098077  0.00000000    0.27176167  0.00000000
    1    2
 -0.05624737 -0.19552179   -0.03820003  0.03749363   -0.03820003  0.03749363
 -0.03820003  0.03749363   -0.05624737 -0.19552179   -0.03820003  0.03749363
 -0.03820003  0.03749363   -0.03820003  0.03749363   -0.05624737 -0.19552179
    2    1
 -0.05624737  0.19552179   -0.03820003 -0.03749363   -0.03820003 -0.03749363
 -0.03820003 -0.03749363   -0.05624737  0.19552179   -0.03820003 -0.03749363
 -0.03820003 -0.03749363   -0.03820003 -0.03749363   -0.05624737  0.19552179
    2    2
  0.27176167  0.00000000    0.01098077  0.00000000    0.01098077  0.00000000
  0.01098077  0.00000000    0.27176167  0.00000000    0.01098077  0.00000000
  0.01098077  0.00000000    0.01098077  0.00000000    0.27176167  0.00000000

     Dynamical  Matrix in cartesian axes

     q = (   -0.250000000  -0.250000000   0.250000000 ) 

    1    1
  0.27176167  0.00000000    0.01098077  0.00000000   -0.01098077  0.00000000
  0.01098077  0.00000000    0.27176167  0.00000000   -0.01098077  0.00000000
 -0.01098077  0.00000000   -0.01098077  0.00000000    0.27176167  0.00000000
    1    2
 -0.19552179 -0.05624737    0.03749363 -0.03820003   -0.03749363  0.03820003
  0.03749363 -0.03820003   -0.19552179 -0.05624737   -0.03749363  0.03820003
 -0.03749363  0.03820003   -0.03749363  0.03820003   -0.19552179 -0.05624737
    2    1
 -0.19552179  0.05624737    0.03749363  0.03820003   -0.03749363 -0.03820003
  0.03749363  0.03820003   -0.19552179  0.05624737   -0.03749363 -0.03820003
 -0.03749363 -0.03820003   -0.03749363 -0.03820003   -0.19552179  0.05624737
    2    2
  0.27176167  0.00000000    0.01098077  0.00000000   -0.01098077  0.00000000
  0.01098077  0.00000000    0.27176167  0.00000000   -0.01098077  0.00000000
 -0.01098077  0.00000000   -0.01098077  0.00000000    0.27176167  0.00000000

     Dynamical  Matrix in cartesian axes

     q = (   -0.250000000   0.250000000   0.250000000 ) 

    1    1
  0.27176167  0.00000000   -0.01098077  0.00000000   -0.01098077  0.00000000
 -0.01098077  0.00000000    0.27176167  0.00000000    0.01098077  0.00000000
 -0.01098077  0.00000000    0.01098077  0.00000000    0.27176167  0.00000000
    1    2
 -0.19552179  0.05624737   -0.03749363 -0.03820003   -0.03749363 -0.03820003
 -0.03749363 -0.03820003   -0.19552179  0.05624737    0.03749363  0.03820003
 -0.03749363 -0.03820003    0.03749363  0.03820003   -0.19552179  0.05624737
    2    1
 -0.19552179 -0.05624737   -0.03749363  0.03820003   -0.03749363  0.03820003
 -0.03749363  0.03820003   -0.19552179 -0.05624737    0.03749363 -0.03820003
 -0.03749363  0.03820003    0.03749363 -0.03820003   -0.19552179 -0.05624737
    2    2
  0.27176167  0.00000000   -0.01098077  0.00000000   -0.01098077  0.00000000
 -0.01098077  0.00000000    0.27176167  0.00000000    0.01098077  0.00000000
 -0.01098077  0.00000000    0.01098077  0.00000000    0.27176167  0.00000000

     Dynamical  Matrix in cartesian axes

     q = (    0.250000000   0.250000000  -0.250000000 ) 

    1    1
  0.27176167  0.00000000    0.01098077  0.00000000   -0.01098077  0.00000000
  0.01098077  0.00000000    0.27176167  0.00000000   -0.01098077  0.00000000
 -0.01098077  0.00000000   -0.01098077  0.00000000    0.27176167  0.00000000
    1    2
 -0.19552179  0.05624737    0.03749363  0.03820003   -0.03749363 -0.03820003
  0.03749363  0.03820003   -0.19552179  0.05624737   -0.03749363 -0.03820003
 -0.03749363 -0.03820003   -0.03749363 -0.03820003   -0.19552179  0.05624737
    2    1
 -0.19552179 -0.05624737    0.03749363 -0.03820003   -0.03749363  0.03820003
  0.03749363 -0.03820003   -0.19552179 -0.05624737   -0.03749363  0.03820003
 -0.03749363  0.03820003   -0.03749363  0.03820003   -0.19552179 -0.05624737
    2    2
  0.27176167  0.00000000    0.01098077  0.00000000   -0.01098077  0.00000000
  0.01098077  0.00000000    0.27176167  0.00000000   -0.01098077  0.00000000
 -0.01098077  0.00000000   -0.01098077  0.00000000    0.27176167  0.00000000

     Diagonalizing the dynamical matrix

     q = (   -0.250000000   0.250000000  -0.250000000 ) 

 **************************************************************************
     freq (    1) =       3.382908 [THz] =     112.841665 [cm-1]
 (  0.529933  0.163999  0.384158  0.152708 -0.145776 -0.011291 ) 
 (  0.541015  0.122588  0.394803  0.122588 -0.146212  0.000000 ) 
     freq (    2) =       3.382908 [THz] =     112.841665 [cm-1]
 (  0.158785 -0.019889 -0.398077 -0.063019 -0.556862 -0.043130 ) 
 (  0.156775 -0.032091 -0.401754 -0.032091 -0.558530  0.000000 ) 
     freq (    3) =       6.957483 [THz] =     232.076647 [cm-1]
 (  0.274550  0.302141 -0.274550 -0.302141  0.274550  0.302141 ) 
 (  0.408248 -0.000000 -0.408248  0.000000  0.408248  0.000000 ) 
     freq (    4) =      14.140827 [THz] =     471.687205 [cm-1]
 (  0.274550  0.302141 -0.274550 -0.302141  0.274550  0.302141 ) 
 ( -0.408248  0.000000  0.408248  0.000000 -0.408248  0.000000 ) 
     freq (    5) =      14.459245 [THz] =     482.308503 [cm-1]
 (  0.288019  0.022212 -0.287607 -0.022371 -0.575626 -0.044583 ) 
 ( -0.288875  0.000095  0.288476  0.000095  0.577350  0.000000 ) 
     freq (    6) =      14.459245 [THz] =     482.308503 [cm-1]
 ( -0.466305  0.180124 -0.466559  0.180104 -0.000255 -0.000020 ) 
 (  0.451003 -0.215594  0.451259 -0.215594  0.000255  0.000000 ) 
 **************************************************************************
