Dynamical matrix file
                                                                           
  1    2  2 10.3720000  0.0000000  0.0000000  0.0000000  0.0000000  0.0000000
           1  'Si  '    25598.822984527003     
    1    1      0.0000000000      0.0000000000      0.0000000000
    2    1      0.2500000000      0.2500000000      0.2500000000

     Dynamical  Matrix in cartesian axes

     q = (    0.750000000  -0.250000000   0.750000000 ) 

    1    1
  0.23933977  0.00000000   -0.00612264  0.00755158    0.00562466  0.00000000
 -0.00612264 -0.00755158    0.29001278  0.00000000   -0.00612264 -0.00755158
  0.00562466  0.00000000   -0.00612264  0.00755158    0.23933977  0.00000000
    1    2
 -0.05887344  0.05994551   -0.03897073  0.04127244   -0.03929942 -0.12916127
 -0.03897073  0.04127244   -0.05733215  0.07837924   -0.03897073  0.04127244
 -0.03929942 -0.12916127   -0.03897073  0.04127244   -0.05887344  0.05994551
    2    1
 -0.05887344 -0.05994551   -0.03897073 -0.04127244   -0.03929942  0.12916127
 -0.03897073 -0.04127244   -0.05733215 -0.07837924   -0.03897073 -0.04127244
 -0.03929942  0.12916127   -0.03897073 -0.04127244   -0.05887344 -0.05994551
    2    2
  0.23933977  0.00000000   -0.00612264 -0.00755158    0.00562466  0.00000000
 -0.00612264  0.00755158    0.29001278  0.00000000   -0.00612264  0.00755158
  0.00562466  0.00000000   -0.00612264 -0.00755158    0.23933977  0.00000000

     Dynamical  Matrix in cartesian axes

     q = (    0.750000000  -0.250000000  -0.750000000 ) 

    1    1
  0.23933977  0.00000000   -0.00612264 -0.00755158   -0.00562466  0.00000000
 -0.00612264  0.00755158    0.29001278  0.00000000    0.00612264 -0.00755158
 -0.00562466  0.00000000    0.00612264  0.00755158    0.23933977  0.00000000
    1    2
 -0.05994551  0.05887344   -0.04127244  0.03897073   -0.12916127 -0.03929942
 -0.04127244  0.03897073   -0.07837924  0.05733215    0.04127244 -0.03897073
 -0.12916127 -0.03929942    0.04127244 -0.03897073   -0.05994551  0.05887344
    2    1
 -0.05994551 -0.05887344   -0.04127244 -0.03897073   -0.12916127  0.03929942
 -0.04127244 -0.03897073   -0.07837924 -0.05733215    0.04127244  0.03897073
 -0.12916127  0.03929942    0.04127244  0.03897073   -0.05994551 -0.05887344
    2    2
  0.23933977  0.00000000   -0.00612264  0.00755158   -0.00562466  0.00000000
 -0.00612264 -0.00755158    0.29001278  0.00000000    0.00612264  0.00755158
 -0.00562466  0.00000000    0.00612264 -0.00755158    0.23933977  0.00000000

     Dynamical  Matrix in cartesian axes

     q = (   -0.750000000  -0.250000000  -0.750000000 ) 

    1    1
  0.23933977  0.00000000    0.00612264 -0.00755158    0.00562466  0.00000000
  0.00612264  0.00755158    0.29001278  0.00000000    0.00612264  0.00755158
  0.00562466  0.00000000    0.00612264 -0.00755158    0.23933977  0.00000000
    1    2
  0.05994551  0.05887344   -0.04127244 -0.03897073   -0.12916127  0.03929942
 -0.04127244 -0.03897073    0.07837924  0.05733215   -0.04127244 -0.03897073
 -0.12916127  0.03929942   -0.04127244 -0.03897073    0.05994551  0.05887344
    2    1
  0.05994551 -0.05887344   -0.04127244  0.03897073   -0.12916127 -0.03929942
 -0.04127244  0.03897073    0.07837924 -0.05733215   -0.04127244  0.03897073
 -0.12916127 -0.03929942   -0.04127244  0.03897073    0.05994551 -0.05887344
    2    2
  0.23933977  0.00000000    0.00612264  0.00755158    0.00562466  0.00000000
  0.00612264 -0.00755158    0.29001278  0.00000000    0.00612264 -0.00755158
  0.00562466  0.00000000    0.00612264  0.00755158    0.23933977  0.00000000

     Dynamical  Matrix in cartesian axes

     q = (   -0.750000000  -0.250000000   0.750000000 ) 

    1    1
  0.23933977  0.00000000    0.00612264  0.00755158   -0.00562466  0.00000000
  0.00612264 -0.00755158    0.29001278  0.00000000   -0.00612264  0.00755158
 -0.00562466  0.00000000   -0.00612264 -0.00755158    0.23933977  0.00000000
    1    2
 -0.05994551  0.05887344    0.04127244 -0.03897073   -0.12916127 -0.03929942
  0.04127244 -0.03897073   -0.07837924  0.05733215   -0.04127244  0.03897073
 -0.12916127 -0.03929942   -0.04127244  0.03897073   -0.05994551  0.05887344
    2    1
 -0.05994551 -0.05887344    0.04127244  0.03897073   -0.12916127  0.03929942
  0.04127244  0.03897073   -0.07837924 -0.05733215   -0.04127244 -0.03897073
 -0.12916127  0.03929942   -0.04127244 -0.03897073   -0.05994551 -0.05887344
    2    2
  0.23933977  0.00000000    0.00612264 -0.00755158   -0.00562466  0.00000000
  0.00612264  0.00755158    0.29001278  0.00000000   -0.00612264 -0.00755158
 -0.00562466  0.00000000   -0.00612264  0.00755158    0.23933977  0.00000000

     Dynamical  Matrix in cartesian axes

     q = (   -0.750000000   0.250000000  -0.750000000 ) 

    1    1
  0.23933977  0.00000000   -0.00612264 -0.00755158    0.00562466  0.00000000
 -0.00612264  0.00755158    0.29001278  0.00000000   -0.00612264  0.00755158
  0.00562466  0.00000000   -0.00612264 -0.00755158    0.23933977  0.00000000
    1    2
 -0.05887344 -0.05994551   -0.03897073 -0.04127244   -0.03929942  0.12916127
 -0.03897073 -0.04127244   -0.05733215 -0.07837924   -0.03897073 -0.04127244
 -0.03929942  0.12916127   -0.03897073 -0.04127244   -0.05887344 -0.05994551
    2    1
 -0.05887344  0.05994551   -0.03897073  0.04127244   -0.03929942 -0.12916127
 -0.03897073  0.04127244   -0.05733215  0.07837924   -0.03897073  0.04127244
 -0.03929942 -0.12916127   -0.03897073  0.04127244   -0.05887344  0.05994551
    2    2
  0.23933977  0.00000000   -0.00612264  0.00755158    0.00562466  0.00000000
 -0.00612264 -0.00755158    0.29001278  0.00000000   -0.00612264 -0.00755158
  0.00562466  0.00000000   -0.00612264  0.00755158    0.23933977  0.00000000

     Dynamical  Matrix in cartesian axes

     q = (   -0.250000000   0.750000000  -0.750000000 ) 

    1    1
  0.29001278  0.00000000   -0.00612264  0.00755158    0.00612264 -0.00755158
 -0.00612264 -0.00755158    0.23933977  0.00000000   -0.00562466  0.00000000
  0.00612264  0.00755158   -0.00562466  0.00000000    0.23933977  0.00000000
    1    2
 -0.07837924  0.05733215   -0.04127244  0.03897073    0.04127244 -0.03897073
 -0.04127244  0.03897073   -0.05994551  0.05887344   -0.12916127 -0.03929942
  0.04127244 -0.03897073   -0.12916127 -0.03929942   -0.05994551  0.05887344
    2    1
 -0.07837924 -0.05733215   -0.04127244 -0.03897073    0.04127244  0.03897073
 -0.04127244 -0.03897073   -0.05994551 -0.05887344   -0.12916127  0.03929942
  0.04127244  0.03897073   -0.12916127  0.03929942   -0.05994551 -0.05887344
    2    2
  0.29001278  0.00000000   -0.00612264 -0.00755158    0.00612264  0.00755158
 -0.00612264  0.00755158    0.23933977  0.00000000   -0.00562466  0.00000000
  0.00612264 -0.00755158   -0.00562466  0.00000000    0.23933977  0.00000000

     Dynamical  Matrix in cartesian axes

     q = (   -0.750000000   0.750000000  -0.250000000 ) 

    1    1
  0.23933977  0.00000000   -0.00562466  0.00000000    0.00612264  0.00755158
 -0.00562466  0.00000000    0.23933977  0.00000000   -0.00612264 -0.00755158
  0.00612264 -0.00755158   -0.00612264  0.00755158    0.29001278  0.00000000
    1    2
 -0.05994551  0.05887344   -0.12916127 -0.03929942    0.04127244 -0.03897073
 -0.12916127 -0.03929942   -0.05994551  0.05887344   -0.04127244  0.03897073
  0.04127244 -0.03897073   -0.04127244  0.03897073   -0.07837924  0.05733215
    2    1
 -0.05994551 -0.05887344   -0.12916127  0.03929942    0.04127244  0.03897073
 -0.12916127  0.03929942   -0.05994551 -0.05887344   -0.04127244 -0.03897073
  0.04127244  0.03897073   -0.04127244 -0.03897073   -0.07837924 -0.05733215
    2    2
  0.23933977  0.00000000   -0.00562466  0.00000000    0.00612264 -0.00755158
 -0.00562466  0.00000000    0.23933977  0.00000000   -0.00612264  0.00755158
  0.00612264  0.00755158   -0.00612264 -0.00755158    0.29001278  0.00000000

     Dynamical  Matrix in cartesian axes

     q = (    0.750000000   0.250000000   0.750000000 ) 

    1    1
  0.23933977  0.00000000    0.00612264  0.00755158    0.00562466  0.00000000
  0.00612264 -0.00755158    0.29001278  0.00000000    0.00612264 -0.00755158
  0.00562466  0.00000000    0.00612264  0.00755158    0.23933977  0.00000000
    1    2
  0.05994551 -0.05887344   -0.04127244  0.03897073   -0.12916127 -0.03929942
 -0.04127244  0.03897073    0.07837924 -0.05733215   -0.04127244  0.03897073
 -0.12916127 -0.03929942   -0.04127244  0.03897073    0.05994551 -0.05887344
    2    1
  0.05994551  0.05887344   -0.04127244 -0.03897073   -0.12916127  0.03929942
 -0.04127244 -0.03897073    0.07837924  0.05733215   -0.04127244 -0.03897073
 -0.12916127  0.03929942   -0.04127244 -0.03897073    0.05994551  0.05887344
    2    2
  0.23933977  0.00000000    0.00612264 -0.00755158    0.00562466  0.00000000
  0.00612264  0.00755158    0.29001278  0.00000000    0.00612264  0.00755158
  0.00562466  0.00000000    0.00612264 -0.00755158    0.23933977  0.00000000

     Dynamical  Matrix in cartesian axes

     q = (   -0.750000000   0.250000000   0.750000000 ) 

    1    1
  0.23933977  0.00000000   -0.00612264  0.00755158   -0.00562466  0.00000000
 -0.00612264 -0.00755158    0.29001278  0.00000000    0.00612264  0.00755158
 -0.00562466  0.00000000    0.00612264 -0.00755158    0.23933977  0.00000000
    1    2
 -0.05994551 -0.05887344   -0.04127244 -0.03897073   -0.12916127  0.03929942
 -0.04127244 -0.03897073   -0.07837924 -0.05733215    0.04127244  0.03897073
 -0.12916127  0.03929942    0.04127244  0.03897073   -0.05994551 -0.05887344
    2    1
 -0.05994551  0.05887344   -0.04127244  0.03897073   -0.12916127 -0.03929942
 -0.04127244  0.03897073   -0.07837924  0.05733215    0.04127244 -0.03897073
 -0.12916127 -0.03929942    0.04127244 -0.03897073   -0.05994551  0.05887344
    2    2
  0.23933977  0.00000000   -0.00612264 -0.00755158   -0.00562466  0.00000000
 -0.00612264  0.00755158    0.29001278  0.00000000    0.00612264 -0.00755158
 -0.00562466  0.00000000    0.00612264  0.00755158    0.23933977  0.00000000

     Dynamical  Matrix in cartesian axes

     q = (    0.750000000   0.250000000  -0.750000000 ) 

    1    1
  0.23933977  0.00000000    0.00612264 -0.00755158   -0.00562466  0.00000000
  0.00612264  0.00755158    0.29001278  0.00000000   -0.00612264 -0.00755158
 -0.00562466  0.00000000   -0.00612264  0.00755158    0.23933977  0.00000000
    1    2
 -0.05994551 -0.05887344    0.04127244  0.03897073   -0.12916127  0.03929942
  0.04127244  0.03897073   -0.07837924 -0.05733215   -0.04127244 -0.03897073
 -0.12916127  0.03929942   -0.04127244 -0.03897073   -0.05994551 -0.05887344
    2    1
 -0.05994551  0.05887344    0.04127244 -0.03897073   -0.12916127 -0.03929942
  0.04127244 -0.03897073   -0.07837924  0.05733215   -0.04127244  0.03897073
 -0.12916127 -0.03929942   -0.04127244  0.03897073   -0.05994551  0.05887344
    2    2
  0.23933977  0.00000000    0.00612264  0.00755158   -0.00562466  0.00000000
  0.00612264 -0.00755158    0.29001278  0.00000000   -0.00612264  0.00755158
 -0.00562466  0.00000000   -0.00612264 -0.00755158    0.23933977  0.00000000

     Dynamical  Matrix in cartesian axes

     q = (   -0.750000000   0.750000000   0.250000000 ) 

    1    1
  0.23933977  0.00000000   -0.00562466  0.00000000   -0.00612264  0.00755158
 -0.00562466  0.00000000    0.23933977  0.00000000    0.00612264 -0.00755158
 -0.00612264 -0.00755158    0.00612264  0.00755158    0.29001278  0.00000000
    1    2
 -0.05994551 -0.05887344   -0.12916127  0.03929942   -0.04127244 -0.03897073
 -0.12916127  0.03929942   -0.05994551 -0.05887344    0.04127244  0.03897073
 -0.04127244 -0.03897073    0.04127244  0.03897073   -0.07837924 -0.05733215
    2    1
 -0.05994551  0.05887344   -0.12916127 -0.03929942   -0.04127244  0.03897073
 -0.12916127 -0.03929942   -0.05994551  0.05887344    0.04127244 -0.03897073
 -0.04127244  0.03897073    0.04127244 -0.03897073   -0.07837924  0.05733215
    2    2
  0.23933977  0.00000000   -0.00562466  0.00000000   -0.00612264 -0.00755158
 -0.00562466  0.00000000    0.23933977  0.00000000    0.00612264  0.00755158
 -0.00612264  0.00755158    0.00612264 -0.00755158    0.29001278  0.00000000

     Dynamical  Matrix in cartesian axes

     q = (   -0.250000000   0.750000000   0.750000000 ) 

    1    1
  0.29001278  0.00000000   -0.00612264 -0.00755158   -0.00612264 -0.00755158
 -0.00612264  0.00755158    0.23933977  0.00000000    0.00562466  0.00000000
 -0.00612264  0.00755158    0.00562466  0.00000000    0.23933977  0.00000000
    1    2
 -0.05733215  0.07837924   -0.03897073  0.04127244   -0.03897073  0.04127244
 -0.03897073  0.04127244   -0.05887344  0.05994551   -0.03929942 -0.12916127
 -0.03897073  0.04127244   -0.03929942 -0.12916127   -0.05887344  0.05994551
    2    1
 -0.05733215 -0.07837924   -0.03897073 -0.04127244   -0.03897073 -0.04127244
 -0.03897073 -0.04127244   -0.05887344 -0.05994551   -0.03929942  0.12916127
 -0.03897073 -0.04127244   -0.03929942  0.12916127   -0.05887344 -0.05994551
    2    2
  0.29001278  0.00000000   -0.00612264  0.00755158   -0.00612264  0.00755158
 -0.00612264 -0.00755158    0.23933977  0.00000000    0.00562466  0.00000000
 -0.00612264 -0.00755158    0.00562466  0.00000000    0.23933977  0.00000000

     Dynamical  Matrix in cartesian axes

     q = (    0.250000000   0.750000000  -0.750000000 ) 

    1    1
  0.29001278  0.00000000    0.00612264  0.00755158   -0.00612264 -0.00755158
  0.00612264 -0.00755158    0.23933977  0.00000000   -0.00562466  0.00000000
 -0.00612264  0.00755158   -0.00562466  0.00000000    0.23933977  0.00000000
    1    2
 -0.07837924 -0.05733215    0.04127244  0.03897073   -0.04127244 -0.03897073
  0.04127244  0.03897073   -0.05994551 -0.05887344   -0.12916127  0.03929942
 -0.04127244 -0.03897073   -0.12916127  0.03929942   -0.05994551 -0.05887344
    2    1
 -0.07837924  0.05733215    0.04127244 -0.03897073   -0.04127244  0.03897073
  0.04127244 -0.03897073   -0.05994551  0.05887344   -0.12916127 -0.03929942
 -0.04127244  0.03897073   -0.12916127 -0.03929942   -0.05994551  0.05887344
    2    2
  0.29001278  0.00000000    0.00612264 -0.00755158   -0.00612264  0.00755158
  0.00612264  0.00755158    0.23933977  0.00000000   -0.00562466  0.00000000
 -0.00612264 -0.00755158   -0.00562466  0.00000000    0.23933977  0.00000000

     Dynamical  Matrix in cartesian axes

     q = (   -0.250000000  -0.750000000  -0.750000000 ) 

    1    1
  0.29001278  0.00000000    0.00612264  0.00755158    0.00612264  0.00755158
  0.00612264 -0.00755158    0.23933977  0.00000000    0.00562466  0.00000000
  0.00612264 -0.00755158    0.00562466  0.00000000    0.23933977  0.00000000
    1    2
  0.07837924  0.05733215   -0.04127244 -0.03897073   -0.04127244 -0.03897073
 -0.04127244 -0.03897073    0.05994551  0.05887344   -0.12916127  0.03929942
 -0.04127244 -0.03897073   -0.12916127  0.03929942    0.05994551  0.05887344
    2    1
  0.07837924 -0.05733215   -0.04127244  0.03897073   -0.04127244  0.03897073
 -0.04127244  0.03897073    0.05994551 -0.05887344   -0.12916127 -0.03929942
 -0.04127244  0.03897073   -0.12916127 -0.03929942    0.05994551 -0.05887344
    2    2
  0.29001278  0.00000000    0.00612264 -0.00755158    0.00612264 -0.00755158
  0.00612264  0.00755158    0.23933977  0.00000000    0.00562466  0.00000000
  0.00612264  0.00755158    0.00562466  0.00000000    0.23933977  0.00000000

     Dynamical  Matrix in cartesian axes

     q = (    0.750000000   0.750000000  -0.250000000 ) 

    1    1
  0.23933977  0.00000000    0.00562466  0.00000000   -0.00612264  0.00755158
  0.00562466  0.00000000    0.23933977  0.00000000   -0.00612264  0.00755158
 -0.00612264 -0.00755158   -0.00612264 -0.00755158    0.29001278  0.00000000
    1    2
 -0.05887344  0.05994551   -0.03929942 -0.12916127   -0.03897073  0.04127244
 -0.03929942 -0.12916127   -0.05887344  0.05994551   -0.03897073  0.04127244
 -0.03897073  0.04127244   -0.03897073  0.04127244   -0.05733215  0.07837924
    2    1
 -0.05887344 -0.05994551   -0.03929942  0.12916127   -0.03897073 -0.04127244
 -0.03929942  0.12916127   -0.05887344 -0.05994551   -0.03897073 -0.04127244
 -0.03897073 -0.04127244   -0.03897073 -0.04127244   -0.05733215 -0.07837924
    2    2
  0.23933977  0.00000000    0.00562466  0.00000000   -0.00612264 -0.00755158
  0.00562466  0.00000000    0.23933977  0.00000000   -0.00612264 -0.00755158
 -0.00612264  0.00755158   -0.00612264  0.00755158    0.29001278  0.00000000

     Dynamical  Matrix in cartesian axes

     q = (    0.750000000  -0.750000000   0.250000000 ) 

    1    1
  0.23933977  0.00000000   -0.00562466  0.00000000    0.00612264 -0.00755158
 -0.00562466  0.00000000    0.23933977  0.00000000   -0.00612264  0.00755158
  0.00612264  0.00755158   -0.00612264 -0.00755158    0.29001278  0.00000000
    1    2
 -0.05994551 -0.05887344   -0.12916127  0.03929942    0.04127244  0.03897073
 -0.12916127  0.03929942   -0.05994551 -0.05887344   -0.04127244 -0.03897073
  0.04127244  0.03897073   -0.04127244 -0.03897073   -0.07837924 -0.05733215
    2    1
 -0.05994551  0.05887344   -0.12916127 -0.03929942    0.04127244 -0.03897073
 -0.12916127 -0.03929942   -0.05994551  0.05887344   -0.04127244  0.03897073
  0.04127244 -0.03897073   -0.04127244  0.03897073   -0.07837924  0.05733215
    2    2
  0.23933977  0.00000000   -0.00562466  0.00000000    0.00612264  0.00755158
 -0.00562466  0.00000000    0.23933977  0.00000000   -0.00612264 -0.00755158
  0.00612264 -0.00755158   -0.00612264  0.00755158    0.29001278  0.00000000

     Dynamical  Matrix in cartesian axes

     q = (   -0.750000000  -0.750000000  -0.250000000 ) 

    1    1
  0.23933977  0.00000000    0.00562466  0.00000000    0.00612264 -0.00755158
  0.00562466  0.00000000    0.23933977  0.00000000    0.00612264 -0.00755158
  0.00612264  0.00755158    0.00612264  0.00755158    0.29001278  0.00000000
    1    2
  0.05994551  0.05887344   -0.12916127  0.03929942   -0.04127244 -0.03897073
 -0.12916127  0.03929942    0.05994551  0.05887344   -0.04127244 -0.03897073
 -0.04127244 -0.03897073   -0.04127244 -0.03897073    0.07837924  0.05733215
    2    1
  0.05994551 -0.05887344   -0.12916127 -0.03929942   -0.04127244  0.03897073
 -0.12916127 -0.03929942    0.05994551 -0.05887344   -0.04127244  0.03897073
 -0.04127244  0.03897073   -0.04127244  0.03897073    0.07837924 -0.05733215
    2    2
  0.23933977  0.00000000    0.00562466  0.00000000    0.00612264  0.00755158
  0.00562466  0.00000000    0.23933977  0.00000000    0.00612264  0.00755158
  0.00612264 -0.00755158    0.00612264 -0.00755158    0.29001278  0.00000000

     Dynamical  Matrix in cartesian axes

     q = (    0.250000000  -0.750000000   0.750000000 ) 

    1    1
  0.29001278  0.00000000   -0.00612264 -0.00755158    0.00612264  0.00755158
 -0.00612264  0.00755158    0.23933977  0.00000000   -0.00562466  0.00000000
  0.00612264 -0.00755158   -0.00562466  0.00000000    0.23933977  0.00000000
    1    2
 -0.07837924 -0.05733215   -0.04127244 -0.03897073    0.04127244  0.03897073
 -0.04127244 -0.03897073   -0.05994551 -0.05887344   -0.12916127  0.03929942
  0.04127244  0.03897073   -0.12916127  0.03929942   -0.05994551 -0.05887344
    2    1
 -0.07837924  0.05733215   -0.04127244  0.03897073    0.04127244 -0.03897073
 -0.04127244  0.03897073   -0.05994551  0.05887344   -0.12916127 -0.03929942
  0.04127244 -0.03897073   -0.12916127 -0.03929942   -0.05994551  0.05887344
    2    2
  0.29001278  0.00000000   -0.00612264  0.00755158    0.00612264 -0.00755158
 -0.00612264 -0.00755158    0.23933977  0.00000000   -0.00562466  0.00000000
  0.00612264  0.00755158   -0.00562466  0.00000000    0.23933977  0.00000000

     Dynamical  Matrix in cartesian axes

     q = (   -0.750000000  -0.750000000   0.250000000 ) 

    1    1
  0.23933977  0.00000000    0.00562466  0.00000000   -0.00612264 -0.00755158
  0.00562466  0.00000000    0.23933977  0.00000000   -0.00612264 -0.00755158
 -0.00612264  0.00755158   -0.00612264  0.00755158    0.29001278  0.00000000
    1    2
 -0.05887344 -0.05994551   -0.03929942  0.12916127   -0.03897073 -0.04127244
 -0.03929942  0.12916127   -0.05887344 -0.05994551   -0.03897073 -0.04127244
 -0.03897073 -0.04127244   -0.03897073 -0.04127244   -0.05733215 -0.07837924
    2    1
 -0.05887344  0.05994551   -0.03929942 -0.12916127   -0.03897073  0.04127244
 -0.03929942 -0.12916127   -0.05887344  0.05994551   -0.03897073  0.04127244
 -0.03897073  0.04127244   -0.03897073  0.04127244   -0.05733215  0.07837924
    2    2
  0.23933977  0.00000000    0.00562466  0.00000000   -0.00612264  0.00755158
  0.00562466  0.00000000    0.23933977  0.00000000   -0.00612264  0.00755158
 -0.00612264 -0.00755158   -0.00612264 -0.00755158    0.29001278  0.00000000

     Dynamical  Matrix in cartesian axes

     q = (    0.250000000   0.750000000   0.750000000 ) 

    1    1
  0.29001278  0.00000000    0.00612264 -0.00755158    0.00612264 -0.00755158
  0.00612264  0.00755158    0.23933977  0.00000000    0.00562466  0.00000000
  0.00612264  0.00755158    0.00562466  0.00000000    0.23933977  0.00000000
    1    2
  0.07837924 -0.05733215   -0.04127244  0.03897073   -0.04127244  0.03897073
 -0.04127244  0.03897073    0.05994551 -0.05887344   -0.12916127 -0.03929942
 -0.04127244  0.03897073   -0.12916127 -0.03929942    0.05994551 -0.05887344
    2    1
  0.07837924  0.05733215   -0.04127244 -0.03897073   -0.04127244 -0.03897073
 -0.04127244 -0.03897073    0.05994551  0.05887344   -0.12916127  0.03929942
 -0.04127244 -0.03897073   -0.12916127  0.03929942    0.05994551  0.05887344
    2    2
  0.29001278  0.00000000    0.00612264  0.00755158    0.00612264  0.00755158
  0.00612264 -0.00755158    0.23933977  0.00000000    0.00562466  0.00000000
  0.00612264 -0.00755158    0.00562466  0.00000000    0.23933977  0.00000000

     Dynamical  Matrix in cartesian axes

     q = (   -0.250000000  -0.750000000   0.750000000 ) 

    1    1
  0.29001278  0.00000000    0.00612264 -0.00755158   -0.00612264  0.00755158
  0.00612264  0.00755158    0.23933977  0.00000000   -0.00562466  0.00000000
 -0.00612264 -0.00755158   -0.00562466  0.00000000    0.23933977  0.00000000
    1    2
 -0.07837924  0.05733215    0.04127244 -0.03897073   -0.04127244  0.03897073
  0.04127244 -0.03897073   -0.05994551  0.05887344   -0.12916127 -0.03929942
 -0.04127244  0.03897073   -0.12916127 -0.03929942   -0.05994551  0.05887344
    2    1
 -0.07837924 -0.05733215    0.04127244  0.03897073   -0.04127244 -0.03897073
  0.04127244  0.03897073   -0.05994551 -0.05887344   -0.12916127  0.03929942
 -0.04127244 -0.03897073   -0.12916127  0.03929942   -0.05994551 -0.05887344
    2    2
  0.29001278  0.00000000    0.00612264  0.00755158   -0.00612264 -0.00755158
  0.00612264 -0.00755158    0.23933977  0.00000000   -0.00562466  0.00000000
 -0.00612264  0.00755158   -0.00562466  0.00000000    0.23933977  0.00000000

     Dynamical  Matrix in cartesian axes

     q = (    0.750000000   0.750000000   0.250000000 ) 

    1    1
  0.23933977  0.00000000    0.00562466  0.00000000    0.00612264  0.00755158
  0.00562466  0.00000000    0.23933977  0.00000000    0.00612264  0.00755158
  0.00612264 -0.00755158    0.00612264 -0.00755158    0.29001278  0.00000000
    1    2
  0.05994551 -0.05887344   -0.12916127 -0.03929942   -0.04127244  0.03897073
 -0.12916127 -0.03929942    0.05994551 -0.05887344   -0.04127244  0.03897073
 -0.04127244  0.03897073   -0.04127244  0.03897073    0.07837924 -0.05733215
    2    1
  0.05994551  0.05887344   -0.12916127  0.03929942   -0.04127244 -0.03897073
 -0.12916127  0.03929942    0.05994551  0.05887344   -0.04127244 -0.03897073
 -0.04127244 -0.03897073   -0.04127244 -0.03897073    0.07837924  0.05733215
    2    2
  0.23933977  0.00000000    0.00562466  0.00000000    0.00612264 -0.00755158
  0.00562466  0.00000000    0.23933977  0.00000000    0.00612264 -0.00755158
  0.00612264  0.00755158    0.00612264  0.00755158    0.29001278  0.00000000

     Dynamical  Matrix in cartesian axes

     q = (    0.250000000  -0.750000000  -0.750000000 ) 

    1    1
  0.29001278  0.00000000   -0.00612264  0.00755158   -0.00612264  0.00755158
 -0.00612264 -0.00755158    0.23933977  0.00000000    0.00562466  0.00000000
 -0.00612264 -0.00755158    0.00562466  0.00000000    0.23933977  0.00000000
    1    2
 -0.05733215 -0.07837924   -0.03897073 -0.04127244   -0.03897073 -0.04127244
 -0.03897073 -0.04127244   -0.05887344 -0.05994551   -0.03929942  0.12916127
 -0.03897073 -0.04127244   -0.03929942  0.12916127   -0.05887344 -0.05994551
    2    1
 -0.05733215  0.07837924   -0.03897073  0.04127244   -0.03897073  0.04127244
 -0.03897073  0.04127244   -0.05887344  0.05994551   -0.03929942 -0.12916127
 -0.03897073  0.04127244   -0.03929942 -0.12916127   -0.05887344  0.05994551
    2    2
  0.29001278  0.00000000   -0.00612264 -0.00755158   -0.00612264 -0.00755158
 -0.00612264  0.00755158    0.23933977  0.00000000    0.00562466  0.00000000
 -0.00612264  0.00755158    0.00562466  0.00000000    0.23933977  0.00000000

     Dynamical  Matrix in cartesian axes

     q = (    0.750000000  -0.750000000  -0.250000000 ) 

    1    1
  0.23933977  0.00000000   -0.00562466  0.00000000   -0.00612264 -0.00755158
 -0.00562466  0.00000000    0.23933977  0.00000000    0.00612264  0.00755158
 -0.00612264  0.00755158    0.00612264 -0.00755158    0.29001278  0.00000000
    1    2
 -0.05994551  0.05887344   -0.12916127 -0.03929942   -0.04127244  0.03897073
 -0.12916127 -0.03929942   -0.05994551  0.05887344    0.04127244 -0.03897073
 -0.04127244  0.03897073    0.04127244 -0.03897073   -0.07837924  0.05733215
    2    1
 -0.05994551 -0.05887344   -0.12916127  0.03929942   -0.04127244 -0.03897073
 -0.12916127  0.03929942   -0.05994551 -0.05887344    0.04127244  0.03897073
 -0.04127244 -0.03897073    0.04127244  0.03897073   -0.07837924 -0.05733215
    2    2
  0.23933977  0.00000000   -0.00562466  0.00000000   -0.00612264  0.00755158
 -0.00562466  0.00000000    0.23933977  0.00000000    0.00612264 -0.00755158
 -0.00612264 -0.00755158    0.00612264  0.00755158    0.29001278  0.00000000

     Diagonalizing the dynamical matrix

     q = (    0.750000000  -0.250000000   0.750000000 ) 

 **************************************************************************
     freq (    1) =       4.293370 [THz] =     143.211398 [cm-1]
 ( -0.051479  0.497343 -0.000000 -0.000000  0.051479 -0.497343 ) 
 ( -0.500000 -0.000000  0.000000 -0.000000  0.500000  0.000000 ) 
     freq (    2) =       5.895832 [THz] =     196.663777 [cm-1]
 ( -0.392570 -0.155806 -0.345359  0.154767 -0.392570 -0.155806 ) 
 ( -0.422359 -0.000000 -0.263909 -0.271253 -0.422359  0.000000 ) 
     freq (    3) =       9.260638 [THz] =     308.901631 [cm-1]
 ( -0.106080  0.293650 -0.390485 -0.390583 -0.106080  0.293650 ) 
 (  0.312223 -0.000000 -0.234679 -0.499960  0.312223  0.000000 ) 
     freq (    4) =      11.905437 [THz] =     397.122627 [cm-1]
 ( -0.095928 -0.319592  0.405106  0.336463 -0.095928 -0.319592 ) 
 (  0.333678  0.000000 -0.438721 -0.291276  0.333678  0.000000 ) 
     freq (    5) =      13.386345 [THz] =     446.520418 [cm-1]
 ( -0.051479  0.497343  0.000000 -0.000000  0.051479 -0.497343 ) 
 (  0.500000  0.000000 -0.000000 -0.000000 -0.500000  0.000000 ) 
     freq (    6) =      13.788109 [THz] =     459.921807 [cm-1]
 (  0.299773  0.151410  0.473802 -0.223458  0.299773  0.151410 ) 
 ( -0.335841 -0.000000 -0.322175 -0.413068 -0.335841  0.000000 ) 
 **************************************************************************
