Dynamical matrix file
                                                                           
  1    2  2 10.3720000  0.0000000  0.0000000  0.0000000  0.0000000  0.0000000
           1  'Si  '    25598.822984527003     
    1    1      0.0000000000      0.0000000000      0.0000000000
    2    1      0.2500000000      0.2500000000      0.2500000000

     Dynamical  Matrix in cartesian axes

     q = (   -0.250000000   0.250000000  -0.250000000 ) 

    1    1
  0.26304785  0.00000000   -0.01152770  0.00000000    0.01152770  0.00000000
 -0.01152770  0.00000000    0.26304785  0.00000000   -0.01152770  0.00000000
  0.01152770  0.00000000   -0.01152770  0.00000000    0.26304785  0.00000000
    1    2
 -0.19610793 -0.05677873   -0.03602520  0.03780374    0.03602520 -0.03780374
 -0.03602520  0.03780374   -0.19610793 -0.05677873   -0.03602520  0.03780374
  0.03602520 -0.03780374   -0.03602520  0.03780374   -0.19610793 -0.05677873
    2    1
 -0.19610793  0.05677873   -0.03602520 -0.03780374    0.03602520  0.03780374
 -0.03602520 -0.03780374   -0.19610793  0.05677873   -0.03602520 -0.03780374
  0.03602520  0.03780374   -0.03602520 -0.03780374   -0.19610793  0.05677873
    2    2
  0.26304785  0.00000000   -0.01152770  0.00000000    0.01152770  0.00000000
 -0.01152770  0.00000000    0.26304785  0.00000000   -0.01152770  0.00000000
  0.01152770  0.00000000   -0.01152770  0.00000000    0.26304785  0.00000000

     Dynamical  Matrix in cartesian axes

     q = (    0.250000000  -0.250000000  -0.250000000 ) 

    1    1
  0.26304785  0.00000000   -0.01152770  0.00000000   -0.01152770  0.00000000
 -0.01152770  0.00000000    0.26304785  0.00000000    0.01152770  0.00000000
 -0.01152770  0.00000000    0.01152770  0.00000000    0.26304785  0.00000000
    1    2
 -0.19610793 -0.05677873   -0.03602520  0.03780374   -0.03602520  0.03780374
 -0.03602520  0.03780374   -0.19610793 -0.05677873    0.03602520 -0.03780374
 -0.03602520  0.03780374    0.03602520 -0.03780374   -0.19610793 -0.05677873
    2    1
 -0.19610793  0.05677873   -0.03602520 -0.03780374   -0.03602520 -0.03780374
 -0.03602520 -0.03780374   -0.19610793  0.05677873    0.03602520  0.03780374
 -0.03602520 -0.03780374    0.03602520  0.03780374   -0.19610793  0.05677873
    2    2
  0.26304785  0.00000000   -0.01152770  0.00000000   -0.01152770  0.00000000
 -0.01152770  0.00000000    0.26304785  0.00000000    0.01152770  0.00000000
 -0.01152770  0.00000000    0.01152770  0.00000000    0.26304785  0.00000000

     Dynamical  Matrix in cartesian axes

     q = (    0.250000000  -0.250000000   0.250000000 ) 

    1    1
  0.26304785  0.00000000   -0.01152770  0.00000000    0.01152770  0.00000000
 -0.01152770  0.00000000    0.26304785  0.00000000   -0.01152770  0.00000000
  0.01152770  0.00000000   -0.01152770  0.00000000    0.26304785  0.00000000
    1    2
 -0.19610793  0.05677873   -0.03602520 -0.03780374    0.03602520  0.03780374
 -0.03602520 -0.03780374   -0.19610793  0.05677873   -0.03602520 -0.03780374
  0.03602520  0.03780374   -0.03602520 -0.03780374   -0.19610793  0.05677873
    2    1
 -0.19610793 -0.05677873   -0.03602520  0.03780374    0.03602520 -0.03780374
 -0.03602520  0.03780374   -0.19610793 -0.05677873   -0.03602520  0.03780374
  0.03602520 -0.03780374   -0.03602520  0.03780374   -0.19610793 -0.05677873
    2    2
  0.26304785  0.00000000   -0.01152770  0.00000000    0.01152770  0.00000000
 -0.01152770  0.00000000    0.26304785  0.00000000   -0.01152770  0.00000000
  0.01152770  0.00000000   -0.01152770  0.00000000    0.26304785  0.00000000

     Dynamical  Matrix in cartesian axes

     q = (    0.250000000   0.250000000   0.250000000 ) 

    1    1
  0.26304785  0.00000000    0.01152770  0.00000000    0.01152770  0.00000000
  0.01152770  0.00000000    0.26304785  0.00000000    0.01152770  0.00000000
  0.01152770  0.00000000    0.01152770  0.00000000    0.26304785  0.00000000
    1    2
 -0.05677873  0.19610793   -0.03780374 -0.03602520   -0.03780374 -0.03602520
 -0.03780374 -0.03602520   -0.05677873  0.19610793   -0.03780374 -0.03602520
 -0.03780374 -0.03602520   -0.03780374 -0.03602520   -0.05677873  0.19610793
    2    1
 -0.05677873 -0.19610793   -0.03780374  0.03602520   -0.03780374  0.03602520
 -0.03780374  0.03602520   -0.05677873 -0.19610793   -0.03780374  0.03602520
 -0.03780374  0.03602520   -0.03780374  0.03602520   -0.05677873 -0.19610793
    2    2
  0.26304785  0.00000000    0.01152770  0.00000000    0.01152770  0.00000000
  0.01152770  0.00000000    0.26304785  0.00000000    0.01152770  0.00000000
  0.01152770  0.00000000    0.01152770  0.00000000    0.26304785  0.00000000

     Dynamical  Matrix in cartesian axes

     q = (   -0.250000000  -0.250000000  -0.250000000 ) 

    1    1
  0.26304785  0.00000000    0.01152770  0.00000000    0.01152770  0.00000000
  0.01152770  0.00000000    0.26304785  0.00000000    0.01152770  0.00000000
  0.01152770  0.00000000    0.01152770  0.00000000    0.26304785  0.00000000
    1    2
 -0.05677873 -0.19610793   -0.03780374  0.03602520   -0.03780374  0.03602520
 -0.03780374  0.03602520   -0.05677873 -0.19610793   -0.03780374  0.03602520
 -0.03780374  0.03602520   -0.03780374  0.03602520   -0.05677873 -0.19610793
    2    1
 -0.05677873  0.19610793   -0.03780374 -0.03602520   -0.03780374 -0.03602520
 -0.03780374 -0.03602520   -0.05677873  0.19610793   -0.03780374 -0.03602520
 -0.03780374 -0.03602520   -0.03780374 -0.03602520   -0.05677873  0.19610793
    2    2
  0.26304785  0.00000000    0.01152770  0.00000000    0.01152770  0.00000000
  0.01152770  0.00000000    0.26304785  0.00000000    0.01152770  0.00000000
  0.01152770  0.00000000    0.01152770  0.00000000    0.26304785  0.00000000

     Dynamical  Matrix in cartesian axes

     q = (   -0.250000000  -0.250000000   0.250000000 ) 

    1    1
  0.26304785  0.00000000    0.01152770  0.00000000   -0.01152770  0.00000000
  0.01152770  0.00000000    0.26304785  0.00000000   -0.01152770  0.00000000
 -0.01152770  0.00000000   -0.01152770  0.00000000    0.26304785  0.00000000
    1    2
 -0.19610793 -0.05677873    0.03602520 -0.03780374   -0.03602520  0.03780374
  0.03602520 -0.03780374   -0.19610793 -0.05677873   -0.03602520  0.03780374
 -0.03602520  0.03780374   -0.03602520  0.03780374   -0.19610793 -0.05677873
    2    1
 -0.19610793  0.05677873    0.03602520  0.03780374   -0.03602520 -0.03780374
  0.03602520  0.03780374   -0.19610793  0.05677873   -0.03602520 -0.03780374
 -0.03602520 -0.03780374   -0.03602520 -0.03780374   -0.19610793  0.05677873
    2    2
  0.26304785  0.00000000    0.01152770  0.00000000   -0.01152770  0.00000000
  0.01152770  0.00000000    0.26304785  0.00000000   -0.01152770  0.00000000
 -0.01152770  0.00000000   -0.01152770  0.00000000    0.26304785  0.00000000

     Dynamical  Matrix in cartesian axes

     q = (   -0.250000000   0.250000000   0.250000000 ) 

    1    1
  0.26304785  0.00000000   -0.01152770  0.00000000   -0.01152770  0.00000000
 -0.01152770  0.00000000    0.26304785  0.00000000    0.01152770  0.00000000
 -0.01152770  0.00000000    0.01152770  0.00000000    0.26304785  0.00000000
    1    2
 -0.19610793  0.05677873   -0.03602520 -0.03780374   -0.03602520 -0.03780374
 -0.03602520 -0.03780374   -0.19610793  0.05677873    0.03602520  0.03780374
 -0.03602520 -0.03780374    0.03602520  0.03780374   -0.19610793  0.05677873
    2    1
 -0.19610793 -0.05677873   -0.03602520  0.03780374   -0.03602520  0.03780374
 -0.03602520  0.03780374   -0.19610793 -0.05677873    0.03602520 -0.03780374
 -0.03602520  0.03780374    0.03602520 -0.03780374   -0.19610793 -0.05677873
    2    2
  0.26304785  0.00000000   -0.01152770  0.00000000   -0.01152770  0.00000000
 -0.01152770  0.00000000    0.26304785  0.00000000    0.01152770  0.00000000
 -0.01152770  0.00000000    0.01152770  0.00000000    0.26304785  0.00000000

     Dynamical  Matrix in cartesian axes

     q = (    0.250000000   0.250000000  -0.250000000 ) 

    1    1
  0.26304785  0.00000000    0.01152770  0.00000000   -0.01152770  0.00000000
  0.01152770  0.00000000    0.26304785  0.00000000   -0.01152770  0.00000000
 -0.01152770  0.00000000   -0.01152770  0.00000000    0.26304785  0.00000000
    1    2
 -0.19610793  0.05677873    0.03602520  0.03780374   -0.03602520 -0.03780374
  0.03602520  0.03780374   -0.19610793  0.05677873   -0.03602520 -0.03780374
 -0.03602520 -0.03780374   -0.03602520 -0.03780374   -0.19610793  0.05677873
    2    1
 -0.19610793 -0.05677873    0.03602520 -0.03780374   -0.03602520  0.03780374
  0.03602520 -0.03780374   -0.19610793 -0.05677873   -0.03602520  0.03780374
 -0.03602520  0.03780374   -0.03602520  0.03780374   -0.19610793 -0.05677873
    2    2
  0.26304785  0.00000000    0.01152770  0.00000000   -0.01152770  0.00000000
  0.01152770  0.00000000    0.26304785  0.00000000   -0.01152770  0.00000000
 -0.01152770  0.00000000   -0.01152770  0.00000000    0.26304785  0.00000000

     Diagonalizing the dynamical matrix

     q = (   -0.250000000   0.250000000  -0.250000000 ) 

 **************************************************************************
     freq (    1) =       2.805244 [THz] =      93.572884 [cm-1]
 ( -0.299439  0.091374  0.260315  0.137129  0.559754  0.045755 ) 
 ( -0.291000  0.115466  0.270622  0.115466  0.561621 -0.000000 ) 
     freq (    2) =       2.805244 [THz] =      93.572884 [cm-1]
 (  0.015383 -0.484854  0.148784 -0.473950  0.133401  0.010904 ) 
 ( -0.024170 -0.484496  0.109677 -0.484496  0.133846  0.000000 ) 
     freq (    3) =       6.652510 [THz] =     221.903851 [cm-1]
 (  0.279152  0.297894 -0.279152 -0.297894  0.279152  0.297894 ) 
 (  0.408248  0.000000 -0.408248 -0.000000  0.408248  0.000000 ) 
     freq (    4) =      14.059526 [THz] =     468.975319 [cm-1]
 (  0.279152  0.297894 -0.279152 -0.297894  0.279152  0.297894 ) 
 ( -0.408248  0.000000  0.408248 -0.000000 -0.408248  0.000000 ) 
     freq (    5) =      14.311312 [THz] =     477.373973 [cm-1]
 (  0.528930  0.147008  0.405684  0.136933 -0.123247 -0.010074 ) 
 ( -0.539149 -0.103427 -0.415491 -0.103427  0.123658  0.000000 ) 
     freq (    6) =      14.311312 [THz] =     477.373973 [cm-1]
 (  0.178572 -0.008157 -0.383505 -0.054102 -0.562078 -0.045945 ) 
 ( -0.177314  0.022678  0.386638  0.022678  0.563952  0.000000 ) 
 **************************************************************************
