Dynamical matrix file
                                                                           
  1    2  2 10.3200000  0.0000000  0.0000000  0.0000000  0.0000000  0.0000000
           1  'Si  '    25598.822984527003     
    1    1      0.0000000000      0.0000000000      0.0000000000
    2    1      0.2500000000      0.2500000000      0.2500000000

     Dynamical  Matrix in cartesian axes

     q = (   -0.250000000   0.250000000  -0.250000000 ) 

    1    1
  0.27150091  0.00000000   -0.01178808  0.00000000    0.01178808  0.00000000
 -0.01178808  0.00000000    0.27150091  0.00000000   -0.01178808  0.00000000
  0.01178808  0.00000000   -0.01178808  0.00000000    0.27150091  0.00000000
    1    2
 -0.20206257 -0.05866925   -0.03869852  0.04036543    0.03869852 -0.04036543
 -0.03869852  0.04036543   -0.20206257 -0.05866925   -0.03869852  0.04036543
  0.03869852 -0.04036543   -0.03869852  0.04036543   -0.20206257 -0.05866925
    2    1
 -0.20206257  0.05866925   -0.03869852 -0.04036543    0.03869852  0.04036543
 -0.03869852 -0.04036543   -0.20206257  0.05866925   -0.03869852 -0.04036543
  0.03869852  0.04036543   -0.03869852 -0.04036543   -0.20206257  0.05866925
    2    2
  0.27150091  0.00000000   -0.01178808  0.00000000    0.01178808  0.00000000
 -0.01178808  0.00000000    0.27150091  0.00000000   -0.01178808  0.00000000
  0.01178808  0.00000000   -0.01178808  0.00000000    0.27150091  0.00000000

     Dynamical  Matrix in cartesian axes

     q = (    0.250000000  -0.250000000  -0.250000000 ) 

    1    1
  0.27150091  0.00000000   -0.01178808  0.00000000   -0.01178808  0.00000000
 -0.01178808  0.00000000    0.27150091  0.00000000    0.01178808  0.00000000
 -0.01178808  0.00000000    0.01178808  0.00000000    0.27150091  0.00000000
    1    2
 -0.20206257 -0.05866925   -0.03869852  0.04036543   -0.03869852  0.04036543
 -0.03869852  0.04036543   -0.20206257 -0.05866925    0.03869852 -0.04036543
 -0.03869852  0.04036543    0.03869852 -0.04036543   -0.20206257 -0.05866925
    2    1
 -0.20206257  0.05866925   -0.03869852 -0.04036543   -0.03869852 -0.04036543
 -0.03869852 -0.04036543   -0.20206257  0.05866925    0.03869852  0.04036543
 -0.03869852 -0.04036543    0.03869852  0.04036543   -0.20206257  0.05866925
    2    2
  0.27150091  0.00000000   -0.01178808  0.00000000   -0.01178808  0.00000000
 -0.01178808  0.00000000    0.27150091  0.00000000    0.01178808  0.00000000
 -0.01178808  0.00000000    0.01178808  0.00000000    0.27150091  0.00000000

     Dynamical  Matrix in cartesian axes

     q = (    0.250000000  -0.250000000   0.250000000 ) 

    1    1
  0.27150091  0.00000000   -0.01178808  0.00000000    0.01178808  0.00000000
 -0.01178808  0.00000000    0.27150091  0.00000000   -0.01178808  0.00000000
  0.01178808  0.00000000   -0.01178808  0.00000000    0.27150091  0.00000000
    1    2
 -0.20206257  0.05866925   -0.03869852 -0.04036543    0.03869852  0.04036543
 -0.03869852 -0.04036543   -0.20206257  0.05866925   -0.03869852 -0.04036543
  0.03869852  0.04036543   -0.03869852 -0.04036543   -0.20206257  0.05866925
    2    1
 -0.20206257 -0.05866925   -0.03869852  0.04036543    0.03869852 -0.04036543
 -0.03869852  0.04036543   -0.20206257 -0.05866925   -0.03869852  0.04036543
  0.03869852 -0.04036543   -0.03869852  0.04036543   -0.20206257 -0.05866925
    2    2
  0.27150091  0.00000000   -0.01178808  0.00000000    0.01178808  0.00000000
 -0.01178808  0.00000000    0.27150091  0.00000000   -0.01178808  0.00000000
  0.01178808  0.00000000   -0.01178808  0.00000000    0.27150091  0.00000000

     Dynamical  Matrix in cartesian axes

     q = (    0.250000000   0.250000000   0.250000000 ) 

    1    1
  0.27150091  0.00000000    0.01178808  0.00000000    0.01178808  0.00000000
  0.01178808  0.00000000    0.27150091  0.00000000    0.01178808  0.00000000
  0.01178808  0.00000000    0.01178808  0.00000000    0.27150091  0.00000000
    1    2
 -0.05866925  0.20206257   -0.04036543 -0.03869852   -0.04036543 -0.03869852
 -0.04036543 -0.03869852   -0.05866925  0.20206257   -0.04036543 -0.03869852
 -0.04036543 -0.03869852   -0.04036543 -0.03869852   -0.05866925  0.20206257
    2    1
 -0.05866925 -0.20206257   -0.04036543  0.03869852   -0.04036543  0.03869852
 -0.04036543  0.03869852   -0.05866925 -0.20206257   -0.04036543  0.03869852
 -0.04036543  0.03869852   -0.04036543  0.03869852   -0.05866925 -0.20206257
    2    2
  0.27150091  0.00000000    0.01178808  0.00000000    0.01178808  0.00000000
  0.01178808  0.00000000    0.27150091  0.00000000    0.01178808  0.00000000
  0.01178808  0.00000000    0.01178808  0.00000000    0.27150091  0.00000000

     Dynamical  Matrix in cartesian axes

     q = (   -0.250000000  -0.250000000  -0.250000000 ) 

    1    1
  0.27150091  0.00000000    0.01178808  0.00000000    0.01178808  0.00000000
  0.01178808  0.00000000    0.27150091  0.00000000    0.01178808  0.00000000
  0.01178808  0.00000000    0.01178808  0.00000000    0.27150091  0.00000000
    1    2
 -0.05866925 -0.20206257   -0.04036543  0.03869852   -0.04036543  0.03869852
 -0.04036543  0.03869852   -0.05866925 -0.20206257   -0.04036543  0.03869852
 -0.04036543  0.03869852   -0.04036543  0.03869852   -0.05866925 -0.20206257
    2    1
 -0.05866925  0.20206257   -0.04036543 -0.03869852   -0.04036543 -0.03869852
 -0.04036543 -0.03869852   -0.05866925  0.20206257   -0.04036543 -0.03869852
 -0.04036543 -0.03869852   -0.04036543 -0.03869852   -0.05866925  0.20206257
    2    2
  0.27150091  0.00000000    0.01178808  0.00000000    0.01178808  0.00000000
  0.01178808  0.00000000    0.27150091  0.00000000    0.01178808  0.00000000
  0.01178808  0.00000000    0.01178808  0.00000000    0.27150091  0.00000000

     Dynamical  Matrix in cartesian axes

     q = (   -0.250000000  -0.250000000   0.250000000 ) 

    1    1
  0.27150091  0.00000000    0.01178808  0.00000000   -0.01178808  0.00000000
  0.01178808  0.00000000    0.27150091  0.00000000   -0.01178808  0.00000000
 -0.01178808  0.00000000   -0.01178808  0.00000000    0.27150091  0.00000000
    1    2
 -0.20206257 -0.05866925    0.03869852 -0.04036543   -0.03869852  0.04036543
  0.03869852 -0.04036543   -0.20206257 -0.05866925   -0.03869852  0.04036543
 -0.03869852  0.04036543   -0.03869852  0.04036543   -0.20206257 -0.05866925
    2    1
 -0.20206257  0.05866925    0.03869852  0.04036543   -0.03869852 -0.04036543
  0.03869852  0.04036543   -0.20206257  0.05866925   -0.03869852 -0.04036543
 -0.03869852 -0.04036543   -0.03869852 -0.04036543   -0.20206257  0.05866925
    2    2
  0.27150091  0.00000000    0.01178808  0.00000000   -0.01178808  0.00000000
  0.01178808  0.00000000    0.27150091  0.00000000   -0.01178808  0.00000000
 -0.01178808  0.00000000   -0.01178808  0.00000000    0.27150091  0.00000000

     Dynamical  Matrix in cartesian axes

     q = (   -0.250000000   0.250000000   0.250000000 ) 

    1    1
  0.27150091  0.00000000   -0.01178808  0.00000000   -0.01178808  0.00000000
 -0.01178808  0.00000000    0.27150091  0.00000000    0.01178808  0.00000000
 -0.01178808  0.00000000    0.01178808  0.00000000    0.27150091  0.00000000
    1    2
 -0.20206257  0.05866925   -0.03869852 -0.04036543   -0.03869852 -0.04036543
 -0.03869852 -0.04036543   -0.20206257  0.05866925    0.03869852  0.04036543
 -0.03869852 -0.04036543    0.03869852  0.04036543   -0.20206257  0.05866925
    2    1
 -0.20206257 -0.05866925   -0.03869852  0.04036543   -0.03869852  0.04036543
 -0.03869852  0.04036543   -0.20206257 -0.05866925    0.03869852 -0.04036543
 -0.03869852  0.04036543    0.03869852 -0.04036543   -0.20206257 -0.05866925
    2    2
  0.27150091  0.00000000   -0.01178808  0.00000000   -0.01178808  0.00000000
 -0.01178808  0.00000000    0.27150091  0.00000000    0.01178808  0.00000000
 -0.01178808  0.00000000    0.01178808  0.00000000    0.27150091  0.00000000

     Dynamical  Matrix in cartesian axes

     q = (    0.250000000   0.250000000  -0.250000000 ) 

    1    1
  0.27150091  0.00000000    0.01178808  0.00000000   -0.01178808  0.00000000
  0.01178808  0.00000000    0.27150091  0.00000000   -0.01178808  0.00000000
 -0.01178808  0.00000000   -0.01178808  0.00000000    0.27150091  0.00000000
    1    2
 -0.20206257  0.05866925    0.03869852  0.04036543   -0.03869852 -0.04036543
  0.03869852  0.04036543   -0.20206257  0.05866925   -0.03869852 -0.04036543
 -0.03869852 -0.04036543   -0.03869852 -0.04036543   -0.20206257  0.05866925
    2    1
 -0.20206257 -0.05866925    0.03869852 -0.04036543   -0.03869852  0.04036543
  0.03869852 -0.04036543   -0.20206257 -0.05866925   -0.03869852  0.04036543
 -0.03869852  0.04036543   -0.03869852  0.04036543   -0.20206257 -0.05866925
    2    2
  0.27150091  0.00000000    0.01178808  0.00000000   -0.01178808  0.00000000
  0.01178808  0.00000000    0.27150091  0.00000000   -0.01178808  0.00000000
 -0.01178808  0.00000000   -0.01178808  0.00000000    0.27150091  0.00000000

     Diagonalizing the dynamical matrix

     q = (   -0.250000000   0.250000000  -0.250000000 ) 

 **************************************************************************
     freq (    1) =       2.778301 [THz] =      92.674152 [cm-1]
 ( -0.277698  0.004688 -0.576720 -0.018045 -0.299021 -0.022733 ) 
 ( -0.276544  0.025726 -0.576428  0.025726 -0.299884  0.000000 ) 
     freq (    2) =       2.778301 [THz] =      92.674152 [cm-1]
 (  0.505645  0.022759  0.013706 -0.014640 -0.491939 -0.037400 ) 
 (  0.505916 -0.015637  0.012557 -0.015637 -0.493359  0.000000 ) 
     freq (    3) =       6.759360 [THz] =     225.467986 [cm-1]
 (  0.272144  0.304310 -0.272144 -0.304310  0.272144  0.304310 ) 
 (  0.408248 -0.000000 -0.408248 -0.000000  0.408248  0.000000 ) 
     freq (    4) =      14.276744 [THz] =     476.220904 [cm-1]
 (  0.272144  0.304310 -0.272144 -0.304310  0.272144  0.304310 ) 
 ( -0.408248  0.000000  0.408248 -0.000000 -0.408248  0.000000 ) 
     freq (    5) =      14.556501 [THz] =     485.552614 [cm-1]
 ( -0.501755 -0.253927 -0.207491 -0.231556  0.294265  0.022371 ) 
 (  0.519561  0.215160  0.224447  0.215160 -0.295114  0.000000 ) 
     freq (    6) =      14.556501 [THz] =     485.552614 [cm-1]
 (  0.036500 -0.125553 -0.458299 -0.163170 -0.494799 -0.037617 ) 
 ( -0.026877  0.127959  0.469350  0.127959  0.496227  0.000000 ) 
 **************************************************************************
