Dynamical matrix file
                                                                           
  1    2  2 10.3990000  0.0000000  0.0000000  0.0000000  0.0000000  0.0000000
           1  'Si  '    25598.822984527003     
    1    1      0.0000000000      0.0000000000      0.0000000000
    2    1      0.2500000000      0.2500000000      0.2500000000

     Dynamical  Matrix in cartesian axes

     q = (    0.750000000  -0.250000000   0.750000000 ) 

    1    1
  0.25182605 -0.00000000   -0.00471581  0.00771971    0.00165292 -0.00000000
 -0.00471581 -0.00771971    0.30607500  0.00000000   -0.00471581 -0.00771971
  0.00165292 -0.00000000   -0.00471581  0.00771971    0.25182605 -0.00000000
    1    2
 -0.04947237  0.08077846   -0.03276693  0.03746111   -0.03890278 -0.12263642
 -0.03276693  0.03746111   -0.04784537  0.10016684   -0.03276693  0.03746111
 -0.03890278 -0.12263642   -0.03276693  0.03746111   -0.04947237  0.08077846
    2    1
 -0.04947237 -0.08077846   -0.03276693 -0.03746111   -0.03890278  0.12263642
 -0.03276693 -0.03746111   -0.04784537 -0.10016684   -0.03276693 -0.03746111
 -0.03890278  0.12263642   -0.03276693 -0.03746111   -0.04947237 -0.08077846
    2    2
  0.25182605  0.00000000   -0.00471581 -0.00771971    0.00165292  0.00000000
 -0.00471581  0.00771971    0.30607500 -0.00000000   -0.00471581  0.00771971
  0.00165292  0.00000000   -0.00471581 -0.00771971    0.25182605  0.00000000

     Dynamical  Matrix in cartesian axes

     q = (    0.750000000  -0.250000000  -0.750000000 ) 

    1    1
  0.25182605  0.00000000   -0.00471581 -0.00771971   -0.00165292 -0.00000000
 -0.00471581  0.00771971    0.30607500  0.00000000    0.00471581 -0.00771971
 -0.00165292 -0.00000000    0.00471581  0.00771971    0.25182605  0.00000000
    1    2
 -0.08077846  0.04947237   -0.03746111  0.03276693   -0.12263642 -0.03890278
 -0.03746111  0.03276693   -0.10016684  0.04784537    0.03746111 -0.03276693
 -0.12263642 -0.03890278    0.03746111 -0.03276693   -0.08077846  0.04947237
    2    1
 -0.08077846 -0.04947237   -0.03746111 -0.03276693   -0.12263642  0.03890278
 -0.03746111 -0.03276693   -0.10016684 -0.04784537    0.03746111  0.03276693
 -0.12263642  0.03890278    0.03746111  0.03276693   -0.08077846 -0.04947237
    2    2
  0.25182605 -0.00000000   -0.00471581  0.00771971   -0.00165292  0.00000000
 -0.00471581 -0.00771971    0.30607500  0.00000000    0.00471581  0.00771971
 -0.00165292  0.00000000    0.00471581 -0.00771971    0.25182605 -0.00000000

     Dynamical  Matrix in cartesian axes

     q = (   -0.750000000  -0.250000000  -0.750000000 ) 

    1    1
  0.25182605 -0.00000000    0.00471581 -0.00771971    0.00165292 -0.00000000
  0.00471581  0.00771971    0.30607500  0.00000000    0.00471581  0.00771971
  0.00165292 -0.00000000    0.00471581 -0.00771971    0.25182605 -0.00000000
    1    2
  0.08077846  0.04947237   -0.03746111 -0.03276693   -0.12263642  0.03890278
 -0.03746111 -0.03276693    0.10016684  0.04784537   -0.03746111 -0.03276693
 -0.12263642  0.03890278   -0.03746111 -0.03276693    0.08077846  0.04947237
    2    1
  0.08077846 -0.04947237   -0.03746111  0.03276693   -0.12263642 -0.03890278
 -0.03746111  0.03276693    0.10016684 -0.04784537   -0.03746111  0.03276693
 -0.12263642 -0.03890278   -0.03746111  0.03276693    0.08077846 -0.04947237
    2    2
  0.25182605  0.00000000    0.00471581  0.00771971    0.00165292  0.00000000
  0.00471581 -0.00771971    0.30607500 -0.00000000    0.00471581 -0.00771971
  0.00165292  0.00000000    0.00471581  0.00771971    0.25182605  0.00000000

     Dynamical  Matrix in cartesian axes

     q = (   -0.750000000  -0.250000000   0.750000000 ) 

    1    1
  0.25182605  0.00000000    0.00471581  0.00771971   -0.00165292 -0.00000000
  0.00471581 -0.00771971    0.30607500 -0.00000000   -0.00471581  0.00771971
 -0.00165292 -0.00000000   -0.00471581 -0.00771971    0.25182605  0.00000000
    1    2
 -0.08077846  0.04947237    0.03746111 -0.03276693   -0.12263642 -0.03890278
  0.03746111 -0.03276693   -0.10016684  0.04784537   -0.03746111  0.03276693
 -0.12263642 -0.03890278   -0.03746111  0.03276693   -0.08077846  0.04947237
    2    1
 -0.08077846 -0.04947237    0.03746111  0.03276693   -0.12263642  0.03890278
  0.03746111  0.03276693   -0.10016684 -0.04784537   -0.03746111 -0.03276693
 -0.12263642  0.03890278   -0.03746111 -0.03276693   -0.08077846 -0.04947237
    2    2
  0.25182605 -0.00000000    0.00471581 -0.00771971   -0.00165292  0.00000000
  0.00471581  0.00771971    0.30607500  0.00000000   -0.00471581 -0.00771971
 -0.00165292  0.00000000   -0.00471581  0.00771971    0.25182605 -0.00000000

     Dynamical  Matrix in cartesian axes

     q = (   -0.750000000   0.250000000  -0.750000000 ) 

    1    1
  0.25182605  0.00000000   -0.00471581 -0.00771971    0.00165292  0.00000000
 -0.00471581  0.00771971    0.30607500 -0.00000000   -0.00471581  0.00771971
  0.00165292  0.00000000   -0.00471581 -0.00771971    0.25182605  0.00000000
    1    2
 -0.04947237 -0.08077846   -0.03276693 -0.03746111   -0.03890278  0.12263642
 -0.03276693 -0.03746111   -0.04784537 -0.10016684   -0.03276693 -0.03746111
 -0.03890278  0.12263642   -0.03276693 -0.03746111   -0.04947237 -0.08077846
    2    1
 -0.04947237  0.08077846   -0.03276693  0.03746111   -0.03890278 -0.12263642
 -0.03276693  0.03746111   -0.04784537  0.10016684   -0.03276693  0.03746111
 -0.03890278 -0.12263642   -0.03276693  0.03746111   -0.04947237  0.08077846
    2    2
  0.25182605 -0.00000000   -0.00471581  0.00771971    0.00165292 -0.00000000
 -0.00471581 -0.00771971    0.30607500  0.00000000   -0.00471581 -0.00771971
  0.00165292 -0.00000000   -0.00471581  0.00771971    0.25182605 -0.00000000

     Dynamical  Matrix in cartesian axes

     q = (   -0.250000000   0.750000000  -0.750000000 ) 

    1    1
  0.30607500 -0.00000000   -0.00471581  0.00771971    0.00471581 -0.00771971
 -0.00471581 -0.00771971    0.25182605  0.00000000   -0.00165292 -0.00000000
  0.00471581  0.00771971   -0.00165292 -0.00000000    0.25182605  0.00000000
    1    2
 -0.10016684  0.04784537   -0.03746111  0.03276693    0.03746111 -0.03276693
 -0.03746111  0.03276693   -0.08077846  0.04947237   -0.12263642 -0.03890278
  0.03746111 -0.03276693   -0.12263642 -0.03890278   -0.08077846  0.04947237
    2    1
 -0.10016684 -0.04784537   -0.03746111 -0.03276693    0.03746111  0.03276693
 -0.03746111 -0.03276693   -0.08077846 -0.04947237   -0.12263642  0.03890278
  0.03746111  0.03276693   -0.12263642  0.03890278   -0.08077846 -0.04947237
    2    2
  0.30607500  0.00000000   -0.00471581 -0.00771971    0.00471581  0.00771971
 -0.00471581  0.00771971    0.25182605 -0.00000000   -0.00165292  0.00000000
  0.00471581 -0.00771971   -0.00165292  0.00000000    0.25182605 -0.00000000

     Dynamical  Matrix in cartesian axes

     q = (   -0.750000000   0.750000000  -0.250000000 ) 

    1    1
  0.25182605  0.00000000   -0.00165292 -0.00000000    0.00471581  0.00771971
 -0.00165292 -0.00000000    0.25182605  0.00000000   -0.00471581 -0.00771971
  0.00471581 -0.00771971   -0.00471581  0.00771971    0.30607500 -0.00000000
    1    2
 -0.08077846  0.04947237   -0.12263642 -0.03890278    0.03746111 -0.03276693
 -0.12263642 -0.03890278   -0.08077846  0.04947237   -0.03746111  0.03276693
  0.03746111 -0.03276693   -0.03746111  0.03276693   -0.10016684  0.04784537
    2    1
 -0.08077846 -0.04947237   -0.12263642  0.03890278    0.03746111  0.03276693
 -0.12263642  0.03890278   -0.08077846 -0.04947237   -0.03746111 -0.03276693
  0.03746111  0.03276693   -0.03746111 -0.03276693   -0.10016684 -0.04784537
    2    2
  0.25182605 -0.00000000   -0.00165292  0.00000000    0.00471581 -0.00771971
 -0.00165292  0.00000000    0.25182605 -0.00000000   -0.00471581  0.00771971
  0.00471581  0.00771971   -0.00471581 -0.00771971    0.30607500  0.00000000

     Dynamical  Matrix in cartesian axes

     q = (    0.750000000   0.250000000   0.750000000 ) 

    1    1
  0.25182605  0.00000000    0.00471581  0.00771971    0.00165292  0.00000000
  0.00471581 -0.00771971    0.30607500 -0.00000000    0.00471581 -0.00771971
  0.00165292  0.00000000    0.00471581  0.00771971    0.25182605  0.00000000
    1    2
  0.08077846 -0.04947237   -0.03746111  0.03276693   -0.12263642 -0.03890278
 -0.03746111  0.03276693    0.10016684 -0.04784537   -0.03746111  0.03276693
 -0.12263642 -0.03890278   -0.03746111  0.03276693    0.08077846 -0.04947237
    2    1
  0.08077846  0.04947237   -0.03746111 -0.03276693   -0.12263642  0.03890278
 -0.03746111 -0.03276693    0.10016684  0.04784537   -0.03746111 -0.03276693
 -0.12263642  0.03890278   -0.03746111 -0.03276693    0.08077846  0.04947237
    2    2
  0.25182605 -0.00000000    0.00471581 -0.00771971    0.00165292 -0.00000000
  0.00471581  0.00771971    0.30607500  0.00000000    0.00471581  0.00771971
  0.00165292 -0.00000000    0.00471581 -0.00771971    0.25182605 -0.00000000

     Dynamical  Matrix in cartesian axes

     q = (   -0.750000000   0.250000000   0.750000000 ) 

    1    1
  0.25182605 -0.00000000   -0.00471581  0.00771971   -0.00165292  0.00000000
 -0.00471581 -0.00771971    0.30607500  0.00000000    0.00471581  0.00771971
 -0.00165292  0.00000000    0.00471581 -0.00771971    0.25182605 -0.00000000
    1    2
 -0.08077846 -0.04947237   -0.03746111 -0.03276693   -0.12263642  0.03890278
 -0.03746111 -0.03276693   -0.10016684 -0.04784537    0.03746111  0.03276693
 -0.12263642  0.03890278    0.03746111  0.03276693   -0.08077846 -0.04947237
    2    1
 -0.08077846  0.04947237   -0.03746111  0.03276693   -0.12263642 -0.03890278
 -0.03746111  0.03276693   -0.10016684  0.04784537    0.03746111 -0.03276693
 -0.12263642 -0.03890278    0.03746111 -0.03276693   -0.08077846  0.04947237
    2    2
  0.25182605  0.00000000   -0.00471581 -0.00771971   -0.00165292 -0.00000000
 -0.00471581  0.00771971    0.30607500  0.00000000    0.00471581 -0.00771971
 -0.00165292 -0.00000000    0.00471581  0.00771971    0.25182605  0.00000000

     Dynamical  Matrix in cartesian axes

     q = (    0.750000000   0.250000000  -0.750000000 ) 

    1    1
  0.25182605 -0.00000000    0.00471581 -0.00771971   -0.00165292  0.00000000
  0.00471581  0.00771971    0.30607500  0.00000000   -0.00471581 -0.00771971
 -0.00165292  0.00000000   -0.00471581  0.00771971    0.25182605 -0.00000000
    1    2
 -0.08077846 -0.04947237    0.03746111  0.03276693   -0.12263642  0.03890278
  0.03746111  0.03276693   -0.10016684 -0.04784537   -0.03746111 -0.03276693
 -0.12263642  0.03890278   -0.03746111 -0.03276693   -0.08077846 -0.04947237
    2    1
 -0.08077846  0.04947237    0.03746111 -0.03276693   -0.12263642 -0.03890278
  0.03746111 -0.03276693   -0.10016684  0.04784537   -0.03746111  0.03276693
 -0.12263642 -0.03890278   -0.03746111  0.03276693   -0.08077846  0.04947237
    2    2
  0.25182605  0.00000000    0.00471581  0.00771971   -0.00165292 -0.00000000
  0.00471581 -0.00771971    0.30607500 -0.00000000   -0.00471581  0.00771971
 -0.00165292 -0.00000000   -0.00471581 -0.00771971    0.25182605  0.00000000

     Dynamical  Matrix in cartesian axes

     q = (   -0.750000000   0.750000000   0.250000000 ) 

    1    1
  0.25182605 -0.00000000   -0.00165292  0.00000000   -0.00471581  0.00771971
 -0.00165292  0.00000000    0.25182605 -0.00000000    0.00471581 -0.00771971
 -0.00471581 -0.00771971    0.00471581  0.00771971    0.30607500  0.00000000
    1    2
 -0.08077846 -0.04947237   -0.12263642  0.03890278   -0.03746111 -0.03276693
 -0.12263642  0.03890278   -0.08077846 -0.04947237    0.03746111  0.03276693
 -0.03746111 -0.03276693    0.03746111  0.03276693   -0.10016684 -0.04784537
    2    1
 -0.08077846  0.04947237   -0.12263642 -0.03890278   -0.03746111  0.03276693
 -0.12263642 -0.03890278   -0.08077846  0.04947237    0.03746111 -0.03276693
 -0.03746111  0.03276693    0.03746111 -0.03276693   -0.10016684  0.04784537
    2    2
  0.25182605  0.00000000   -0.00165292 -0.00000000   -0.00471581 -0.00771971
 -0.00165292 -0.00000000    0.25182605  0.00000000    0.00471581  0.00771971
 -0.00471581  0.00771971    0.00471581 -0.00771971    0.30607500 -0.00000000

     Dynamical  Matrix in cartesian axes

     q = (   -0.250000000   0.750000000   0.750000000 ) 

    1    1
  0.30607500  0.00000000   -0.00471581 -0.00771971   -0.00471581 -0.00771971
 -0.00471581  0.00771971    0.25182605 -0.00000000    0.00165292  0.00000000
 -0.00471581  0.00771971    0.00165292 -0.00000000    0.25182605 -0.00000000
    1    2
 -0.04784537  0.10016684   -0.03276693  0.03746111   -0.03276693  0.03746111
 -0.03276693  0.03746111   -0.04947237  0.08077846   -0.03890278 -0.12263642
 -0.03276693  0.03746111   -0.03890278 -0.12263642   -0.04947237  0.08077846
    2    1
 -0.04784537 -0.10016684   -0.03276693 -0.03746111   -0.03276693 -0.03746111
 -0.03276693 -0.03746111   -0.04947237 -0.08077846   -0.03890278  0.12263642
 -0.03276693 -0.03746111   -0.03890278  0.12263642   -0.04947237 -0.08077846
    2    2
  0.30607500 -0.00000000   -0.00471581  0.00771971   -0.00471581  0.00771971
 -0.00471581 -0.00771971    0.25182605  0.00000000    0.00165292 -0.00000000
 -0.00471581 -0.00771971    0.00165292  0.00000000    0.25182605  0.00000000

     Dynamical  Matrix in cartesian axes

     q = (    0.250000000   0.750000000  -0.750000000 ) 

    1    1
  0.30607500  0.00000000    0.00471581  0.00771971   -0.00471581 -0.00771971
  0.00471581 -0.00771971    0.25182605 -0.00000000   -0.00165292  0.00000000
 -0.00471581  0.00771971   -0.00165292  0.00000000    0.25182605 -0.00000000
    1    2
 -0.10016684 -0.04784537    0.03746111  0.03276693   -0.03746111 -0.03276693
  0.03746111  0.03276693   -0.08077846 -0.04947237   -0.12263642  0.03890278
 -0.03746111 -0.03276693   -0.12263642  0.03890278   -0.08077846 -0.04947237
    2    1
 -0.10016684  0.04784537    0.03746111 -0.03276693   -0.03746111  0.03276693
  0.03746111 -0.03276693   -0.08077846  0.04947237   -0.12263642 -0.03890278
 -0.03746111  0.03276693   -0.12263642 -0.03890278   -0.08077846  0.04947237
    2    2
  0.30607500 -0.00000000    0.00471581 -0.00771971   -0.00471581  0.00771971
  0.00471581  0.00771971    0.25182605  0.00000000   -0.00165292 -0.00000000
 -0.00471581 -0.00771971   -0.00165292 -0.00000000    0.25182605  0.00000000

     Dynamical  Matrix in cartesian axes

     q = (   -0.250000000  -0.750000000  -0.750000000 ) 

    1    1
  0.30607500  0.00000000    0.00471581  0.00771971    0.00471581  0.00771971
  0.00471581 -0.00771971    0.25182605 -0.00000000    0.00165292 -0.00000000
  0.00471581 -0.00771971    0.00165292  0.00000000    0.25182605 -0.00000000
    1    2
  0.10016684  0.04784537   -0.03746111 -0.03276693   -0.03746111 -0.03276693
 -0.03746111 -0.03276693    0.08077846  0.04947237   -0.12263642  0.03890278
 -0.03746111 -0.03276693   -0.12263642  0.03890278    0.08077846  0.04947237
    2    1
  0.10016684 -0.04784537   -0.03746111  0.03276693   -0.03746111  0.03276693
 -0.03746111  0.03276693    0.08077846 -0.04947237   -0.12263642 -0.03890278
 -0.03746111  0.03276693   -0.12263642 -0.03890278    0.08077846 -0.04947237
    2    2
  0.30607500 -0.00000000    0.00471581 -0.00771971    0.00471581 -0.00771971
  0.00471581  0.00771971    0.25182605  0.00000000    0.00165292  0.00000000
  0.00471581  0.00771971    0.00165292 -0.00000000    0.25182605  0.00000000

     Dynamical  Matrix in cartesian axes

     q = (    0.750000000   0.750000000  -0.250000000 ) 

    1    1
  0.25182605 -0.00000000    0.00165292 -0.00000000   -0.00471581  0.00771971
  0.00165292 -0.00000000    0.25182605 -0.00000000   -0.00471581  0.00771971
 -0.00471581 -0.00771971   -0.00471581 -0.00771971    0.30607500  0.00000000
    1    2
 -0.04947237  0.08077846   -0.03890278 -0.12263642   -0.03276693  0.03746111
 -0.03890278 -0.12263642   -0.04947237  0.08077846   -0.03276693  0.03746111
 -0.03276693  0.03746111   -0.03276693  0.03746111   -0.04784537  0.10016684
    2    1
 -0.04947237 -0.08077846   -0.03890278  0.12263642   -0.03276693 -0.03746111
 -0.03890278  0.12263642   -0.04947237 -0.08077846   -0.03276693 -0.03746111
 -0.03276693 -0.03746111   -0.03276693 -0.03746111   -0.04784537 -0.10016684
    2    2
  0.25182605  0.00000000    0.00165292  0.00000000   -0.00471581 -0.00771971
  0.00165292  0.00000000    0.25182605  0.00000000   -0.00471581 -0.00771971
 -0.00471581  0.00771971   -0.00471581  0.00771971    0.30607500 -0.00000000

     Dynamical  Matrix in cartesian axes

     q = (    0.750000000  -0.750000000   0.250000000 ) 

    1    1
  0.25182605 -0.00000000   -0.00165292  0.00000000    0.00471581 -0.00771971
 -0.00165292  0.00000000    0.25182605 -0.00000000   -0.00471581  0.00771971
  0.00471581  0.00771971   -0.00471581 -0.00771971    0.30607500  0.00000000
    1    2
 -0.08077846 -0.04947237   -0.12263642  0.03890278    0.03746111  0.03276693
 -0.12263642  0.03890278   -0.08077846 -0.04947237   -0.03746111 -0.03276693
  0.03746111  0.03276693   -0.03746111 -0.03276693   -0.10016684 -0.04784537
    2    1
 -0.08077846  0.04947237   -0.12263642 -0.03890278    0.03746111 -0.03276693
 -0.12263642 -0.03890278   -0.08077846  0.04947237   -0.03746111  0.03276693
  0.03746111 -0.03276693   -0.03746111  0.03276693   -0.10016684  0.04784537
    2    2
  0.25182605  0.00000000   -0.00165292 -0.00000000    0.00471581  0.00771971
 -0.00165292 -0.00000000    0.25182605  0.00000000   -0.00471581 -0.00771971
  0.00471581 -0.00771971   -0.00471581  0.00771971    0.30607500 -0.00000000

     Dynamical  Matrix in cartesian axes

     q = (   -0.750000000  -0.750000000  -0.250000000 ) 

    1    1
  0.25182605 -0.00000000    0.00165292 -0.00000000    0.00471581 -0.00771971
  0.00165292 -0.00000000    0.25182605 -0.00000000    0.00471581 -0.00771971
  0.00471581  0.00771971    0.00471581  0.00771971    0.30607500  0.00000000
    1    2
  0.08077846  0.04947237   -0.12263642  0.03890278   -0.03746111 -0.03276693
 -0.12263642  0.03890278    0.08077846  0.04947237   -0.03746111 -0.03276693
 -0.03746111 -0.03276693   -0.03746111 -0.03276693    0.10016684  0.04784537
    2    1
  0.08077846 -0.04947237   -0.12263642 -0.03890278   -0.03746111  0.03276693
 -0.12263642 -0.03890278    0.08077846 -0.04947237   -0.03746111  0.03276693
 -0.03746111  0.03276693   -0.03746111  0.03276693    0.10016684 -0.04784537
    2    2
  0.25182605  0.00000000    0.00165292  0.00000000    0.00471581  0.00771971
  0.00165292  0.00000000    0.25182605  0.00000000    0.00471581  0.00771971
  0.00471581 -0.00771971    0.00471581 -0.00771971    0.30607500 -0.00000000

     Dynamical  Matrix in cartesian axes

     q = (    0.250000000  -0.750000000   0.750000000 ) 

    1    1
  0.30607500  0.00000000   -0.00471581 -0.00771971    0.00471581  0.00771971
 -0.00471581  0.00771971    0.25182605 -0.00000000   -0.00165292  0.00000000
  0.00471581 -0.00771971   -0.00165292  0.00000000    0.25182605 -0.00000000
    1    2
 -0.10016684 -0.04784537   -0.03746111 -0.03276693    0.03746111  0.03276693
 -0.03746111 -0.03276693   -0.08077846 -0.04947237   -0.12263642  0.03890278
  0.03746111  0.03276693   -0.12263642  0.03890278   -0.08077846 -0.04947237
    2    1
 -0.10016684  0.04784537   -0.03746111  0.03276693    0.03746111 -0.03276693
 -0.03746111  0.03276693   -0.08077846  0.04947237   -0.12263642 -0.03890278
  0.03746111 -0.03276693   -0.12263642 -0.03890278   -0.08077846  0.04947237
    2    2
  0.30607500 -0.00000000   -0.00471581  0.00771971    0.00471581 -0.00771971
 -0.00471581 -0.00771971    0.25182605  0.00000000   -0.00165292 -0.00000000
  0.00471581  0.00771971   -0.00165292 -0.00000000    0.25182605  0.00000000

     Dynamical  Matrix in cartesian axes

     q = (   -0.750000000  -0.750000000   0.250000000 ) 

    1    1
  0.25182605  0.00000000    0.00165292  0.00000000   -0.00471581 -0.00771971
  0.00165292  0.00000000    0.25182605  0.00000000   -0.00471581 -0.00771971
 -0.00471581  0.00771971   -0.00471581  0.00771971    0.30607500 -0.00000000
    1    2
 -0.04947237 -0.08077846   -0.03890278  0.12263642   -0.03276693 -0.03746111
 -0.03890278  0.12263642   -0.04947237 -0.08077846   -0.03276693 -0.03746111
 -0.03276693 -0.03746111   -0.03276693 -0.03746111   -0.04784537 -0.10016684
    2    1
 -0.04947237  0.08077846   -0.03890278 -0.12263642   -0.03276693  0.03746111
 -0.03890278 -0.12263642   -0.04947237  0.08077846   -0.03276693  0.03746111
 -0.03276693  0.03746111   -0.03276693  0.03746111   -0.04784537  0.10016684
    2    2
  0.25182605 -0.00000000    0.00165292 -0.00000000   -0.00471581  0.00771971
  0.00165292 -0.00000000    0.25182605 -0.00000000   -0.00471581  0.00771971
 -0.00471581 -0.00771971   -0.00471581 -0.00771971    0.30607500  0.00000000

     Dynamical  Matrix in cartesian axes

     q = (    0.250000000   0.750000000   0.750000000 ) 

    1    1
  0.30607500 -0.00000000    0.00471581 -0.00771971    0.00471581 -0.00771971
  0.00471581  0.00771971    0.25182605  0.00000000    0.00165292  0.00000000
  0.00471581  0.00771971    0.00165292 -0.00000000    0.25182605  0.00000000
    1    2
  0.10016684 -0.04784537   -0.03746111  0.03276693   -0.03746111  0.03276693
 -0.03746111  0.03276693    0.08077846 -0.04947237   -0.12263642 -0.03890278
 -0.03746111  0.03276693   -0.12263642 -0.03890278    0.08077846 -0.04947237
    2    1
  0.10016684  0.04784537   -0.03746111 -0.03276693   -0.03746111 -0.03276693
 -0.03746111 -0.03276693    0.08077846  0.04947237   -0.12263642  0.03890278
 -0.03746111 -0.03276693   -0.12263642  0.03890278    0.08077846  0.04947237
    2    2
  0.30607500  0.00000000    0.00471581  0.00771971    0.00471581  0.00771971
  0.00471581 -0.00771971    0.25182605 -0.00000000    0.00165292 -0.00000000
  0.00471581 -0.00771971    0.00165292  0.00000000    0.25182605 -0.00000000

     Dynamical  Matrix in cartesian axes

     q = (   -0.250000000  -0.750000000   0.750000000 ) 

    1    1
  0.30607500 -0.00000000    0.00471581 -0.00771971   -0.00471581  0.00771971
  0.00471581  0.00771971    0.25182605  0.00000000   -0.00165292 -0.00000000
 -0.00471581 -0.00771971   -0.00165292 -0.00000000    0.25182605  0.00000000
    1    2
 -0.10016684  0.04784537    0.03746111 -0.03276693   -0.03746111  0.03276693
  0.03746111 -0.03276693   -0.08077846  0.04947237   -0.12263642 -0.03890278
 -0.03746111  0.03276693   -0.12263642 -0.03890278   -0.08077846  0.04947237
    2    1
 -0.10016684 -0.04784537    0.03746111  0.03276693   -0.03746111 -0.03276693
  0.03746111  0.03276693   -0.08077846 -0.04947237   -0.12263642  0.03890278
 -0.03746111 -0.03276693   -0.12263642  0.03890278   -0.08077846 -0.04947237
    2    2
  0.30607500  0.00000000    0.00471581  0.00771971   -0.00471581 -0.00771971
  0.00471581 -0.00771971    0.25182605 -0.00000000   -0.00165292  0.00000000
 -0.00471581  0.00771971   -0.00165292  0.00000000    0.25182605 -0.00000000

     Dynamical  Matrix in cartesian axes

     q = (    0.750000000   0.750000000   0.250000000 ) 

    1    1
  0.25182605  0.00000000    0.00165292  0.00000000    0.00471581  0.00771971
  0.00165292  0.00000000    0.25182605  0.00000000    0.00471581  0.00771971
  0.00471581 -0.00771971    0.00471581 -0.00771971    0.30607500 -0.00000000
    1    2
  0.08077846 -0.04947237   -0.12263642 -0.03890278   -0.03746111  0.03276693
 -0.12263642 -0.03890278    0.08077846 -0.04947237   -0.03746111  0.03276693
 -0.03746111  0.03276693   -0.03746111  0.03276693    0.10016684 -0.04784537
    2    1
  0.08077846  0.04947237   -0.12263642  0.03890278   -0.03746111 -0.03276693
 -0.12263642  0.03890278    0.08077846  0.04947237   -0.03746111 -0.03276693
 -0.03746111 -0.03276693   -0.03746111 -0.03276693    0.10016684  0.04784537
    2    2
  0.25182605 -0.00000000    0.00165292 -0.00000000    0.00471581 -0.00771971
  0.00165292 -0.00000000    0.25182605 -0.00000000    0.00471581 -0.00771971
  0.00471581  0.00771971    0.00471581  0.00771971    0.30607500  0.00000000

     Dynamical  Matrix in cartesian axes

     q = (    0.250000000  -0.750000000  -0.750000000 ) 

    1    1
  0.30607500 -0.00000000   -0.00471581  0.00771971   -0.00471581  0.00771971
 -0.00471581 -0.00771971    0.25182605  0.00000000    0.00165292 -0.00000000
 -0.00471581 -0.00771971    0.00165292  0.00000000    0.25182605  0.00000000
    1    2
 -0.04784537 -0.10016684   -0.03276693 -0.03746111   -0.03276693 -0.03746111
 -0.03276693 -0.03746111   -0.04947237 -0.08077846   -0.03890278  0.12263642
 -0.03276693 -0.03746111   -0.03890278  0.12263642   -0.04947237 -0.08077846
    2    1
 -0.04784537  0.10016684   -0.03276693  0.03746111   -0.03276693  0.03746111
 -0.03276693  0.03746111   -0.04947237  0.08077846   -0.03890278 -0.12263642
 -0.03276693  0.03746111   -0.03890278 -0.12263642   -0.04947237  0.08077846
    2    2
  0.30607500  0.00000000   -0.00471581 -0.00771971   -0.00471581 -0.00771971
 -0.00471581  0.00771971    0.25182605 -0.00000000    0.00165292  0.00000000
 -0.00471581  0.00771971    0.00165292 -0.00000000    0.25182605 -0.00000000

     Dynamical  Matrix in cartesian axes

     q = (    0.750000000  -0.750000000  -0.250000000 ) 

    1    1
  0.25182605  0.00000000   -0.00165292 -0.00000000   -0.00471581 -0.00771971
 -0.00165292 -0.00000000    0.25182605  0.00000000    0.00471581  0.00771971
 -0.00471581  0.00771971    0.00471581 -0.00771971    0.30607500 -0.00000000
    1    2
 -0.08077846  0.04947237   -0.12263642 -0.03890278   -0.03746111  0.03276693
 -0.12263642 -0.03890278   -0.08077846  0.04947237    0.03746111 -0.03276693
 -0.03746111  0.03276693    0.03746111 -0.03276693   -0.10016684  0.04784537
    2    1
 -0.08077846 -0.04947237   -0.12263642  0.03890278   -0.03746111 -0.03276693
 -0.12263642  0.03890278   -0.08077846 -0.04947237    0.03746111  0.03276693
 -0.03746111 -0.03276693    0.03746111  0.03276693   -0.10016684 -0.04784537
    2    2
  0.25182605 -0.00000000   -0.00165292  0.00000000   -0.00471581  0.00771971
 -0.00165292  0.00000000    0.25182605 -0.00000000    0.00471581 -0.00771971
 -0.00471581 -0.00771971    0.00471581  0.00771971    0.30607500  0.00000000

     Diagonalizing the dynamical matrix

     q = (    0.750000000  -0.250000000   0.750000000 ) 

 **************************************************************************
     freq (    1) =       4.433186 [THz] =     147.875183 [cm-1]
 (  0.025945 -0.499326 -0.000000 -0.000000 -0.025945  0.499326 ) 
 (  0.500000 -0.000000  0.000000 -0.000000 -0.500000  0.000000 ) 
     freq (    2) =       6.824278 [THz] =     227.633420 [cm-1]
 ( -0.392779 -0.067526 -0.367657  0.217160 -0.392779 -0.067526 ) 
 ( -0.398541  0.000000 -0.325547 -0.276313 -0.398541  0.000000 ) 
     freq (    3) =       9.652983 [THz] =     321.988863 [cm-1]
 (  0.022777  0.337960 -0.472158 -0.218162  0.022777  0.337960 ) 
 (  0.338727  0.000000 -0.249418 -0.456419  0.338727  0.000000 ) 
     freq (    4) =      11.796869 [THz] =     393.501191 [cm-1]
 ( -0.241160 -0.309680  0.387641  0.203999 -0.241160 -0.309680 ) 
 (  0.392504  0.000000 -0.399124 -0.180504  0.392504  0.000000 ) 
     freq (    5) =      13.852468 [THz] =     462.068595 [cm-1]
 ( -0.025945  0.499326 -0.000000  0.000000  0.025945 -0.499326 ) 
 (  0.500000 -0.000000  0.000000  0.000000 -0.500000  0.000000 ) 
     freq (    6) =      13.936876 [THz] =     464.884145 [cm-1]
 ( -0.258712 -0.073741 -0.515748  0.298772 -0.258712 -0.073741 ) 
 (  0.269016 -0.000000  0.414096  0.428702  0.269016  0.000000 ) 
 **************************************************************************
