Dynamical matrix file
                                                                           
  1    2  2 10.3990000  0.0000000  0.0000000  0.0000000  0.0000000  0.0000000
           1  'Si  '    25598.822984527003     
    1    1      0.0000000000      0.0000000000      0.0000000000
    2    1      0.2500000000      0.2500000000      0.2500000000

     Dynamical  Matrix in cartesian axes

     q = (   -0.250000000   0.250000000  -0.250000000 ) 

    1    1
  0.28878626  0.00000000   -0.01067258  0.00000000    0.01067258  0.00000000
 -0.01067258  0.00000000    0.28878626  0.00000000   -0.01067258  0.00000000
  0.01067258  0.00000000   -0.01067258  0.00000000    0.28878626  0.00000000
    1    2
 -0.21503956 -0.06534782   -0.03360772  0.03420869    0.03360772 -0.03420869
 -0.03360772  0.03420869   -0.21503956 -0.06534782   -0.03360772  0.03420869
  0.03360772 -0.03420869   -0.03360772  0.03420869   -0.21503956 -0.06534782
    2    1
 -0.21503956  0.06534782   -0.03360772 -0.03420869    0.03360772  0.03420869
 -0.03360772 -0.03420869   -0.21503956  0.06534782   -0.03360772 -0.03420869
  0.03360772  0.03420869   -0.03360772 -0.03420869   -0.21503956  0.06534782
    2    2
  0.28878626  0.00000000   -0.01067258  0.00000000    0.01067258  0.00000000
 -0.01067258  0.00000000    0.28878626  0.00000000   -0.01067258  0.00000000
  0.01067258  0.00000000   -0.01067258  0.00000000    0.28878626  0.00000000

     Dynamical  Matrix in cartesian axes

     q = (    0.250000000  -0.250000000  -0.250000000 ) 

    1    1
  0.28878626  0.00000000   -0.01067258  0.00000000   -0.01067258  0.00000000
 -0.01067258  0.00000000    0.28878626  0.00000000    0.01067258  0.00000000
 -0.01067258  0.00000000    0.01067258  0.00000000    0.28878626  0.00000000
    1    2
 -0.21503956 -0.06534782   -0.03360772  0.03420869   -0.03360772  0.03420869
 -0.03360772  0.03420869   -0.21503956 -0.06534782    0.03360772 -0.03420869
 -0.03360772  0.03420869    0.03360772 -0.03420869   -0.21503956 -0.06534782
    2    1
 -0.21503956  0.06534782   -0.03360772 -0.03420869   -0.03360772 -0.03420869
 -0.03360772 -0.03420869   -0.21503956  0.06534782    0.03360772  0.03420869
 -0.03360772 -0.03420869    0.03360772  0.03420869   -0.21503956  0.06534782
    2    2
  0.28878626  0.00000000   -0.01067258  0.00000000   -0.01067258  0.00000000
 -0.01067258  0.00000000    0.28878626  0.00000000    0.01067258  0.00000000
 -0.01067258  0.00000000    0.01067258  0.00000000    0.28878626  0.00000000

     Dynamical  Matrix in cartesian axes

     q = (    0.250000000  -0.250000000   0.250000000 ) 

    1    1
  0.28878626  0.00000000   -0.01067258  0.00000000    0.01067258  0.00000000
 -0.01067258  0.00000000    0.28878626  0.00000000   -0.01067258  0.00000000
  0.01067258  0.00000000   -0.01067258  0.00000000    0.28878626  0.00000000
    1    2
 -0.21503956  0.06534782   -0.03360772 -0.03420869    0.03360772  0.03420869
 -0.03360772 -0.03420869   -0.21503956  0.06534782   -0.03360772 -0.03420869
  0.03360772  0.03420869   -0.03360772 -0.03420869   -0.21503956  0.06534782
    2    1
 -0.21503956 -0.06534782   -0.03360772  0.03420869    0.03360772 -0.03420869
 -0.03360772  0.03420869   -0.21503956 -0.06534782   -0.03360772  0.03420869
  0.03360772 -0.03420869   -0.03360772  0.03420869   -0.21503956 -0.06534782
    2    2
  0.28878626  0.00000000   -0.01067258  0.00000000    0.01067258  0.00000000
 -0.01067258  0.00000000    0.28878626  0.00000000   -0.01067258  0.00000000
  0.01067258  0.00000000   -0.01067258  0.00000000    0.28878626  0.00000000

     Dynamical  Matrix in cartesian axes

     q = (    0.250000000   0.250000000   0.250000000 ) 

    1    1
  0.28878626  0.00000000    0.01067258  0.00000000    0.01067258  0.00000000
  0.01067258  0.00000000    0.28878626  0.00000000    0.01067258  0.00000000
  0.01067258  0.00000000    0.01067258  0.00000000    0.28878626  0.00000000
    1    2
 -0.06534782  0.21503956   -0.03420869 -0.03360772   -0.03420869 -0.03360772
 -0.03420869 -0.03360772   -0.06534782  0.21503956   -0.03420869 -0.03360772
 -0.03420869 -0.03360772   -0.03420869 -0.03360772   -0.06534782  0.21503956
    2    1
 -0.06534782 -0.21503956   -0.03420869  0.03360772   -0.03420869  0.03360772
 -0.03420869  0.03360772   -0.06534782 -0.21503956   -0.03420869  0.03360772
 -0.03420869  0.03360772   -0.03420869  0.03360772   -0.06534782 -0.21503956
    2    2
  0.28878626  0.00000000    0.01067258  0.00000000    0.01067258  0.00000000
  0.01067258  0.00000000    0.28878626  0.00000000    0.01067258  0.00000000
  0.01067258  0.00000000    0.01067258  0.00000000    0.28878626  0.00000000

     Dynamical  Matrix in cartesian axes

     q = (   -0.250000000  -0.250000000  -0.250000000 ) 

    1    1
  0.28878626  0.00000000    0.01067258  0.00000000    0.01067258  0.00000000
  0.01067258  0.00000000    0.28878626  0.00000000    0.01067258  0.00000000
  0.01067258  0.00000000    0.01067258  0.00000000    0.28878626  0.00000000
    1    2
 -0.06534782 -0.21503956   -0.03420869  0.03360772   -0.03420869  0.03360772
 -0.03420869  0.03360772   -0.06534782 -0.21503956   -0.03420869  0.03360772
 -0.03420869  0.03360772   -0.03420869  0.03360772   -0.06534782 -0.21503956
    2    1
 -0.06534782  0.21503956   -0.03420869 -0.03360772   -0.03420869 -0.03360772
 -0.03420869 -0.03360772   -0.06534782  0.21503956   -0.03420869 -0.03360772
 -0.03420869 -0.03360772   -0.03420869 -0.03360772   -0.06534782  0.21503956
    2    2
  0.28878626  0.00000000    0.01067258  0.00000000    0.01067258  0.00000000
  0.01067258  0.00000000    0.28878626  0.00000000    0.01067258  0.00000000
  0.01067258  0.00000000    0.01067258  0.00000000    0.28878626  0.00000000

     Dynamical  Matrix in cartesian axes

     q = (   -0.250000000  -0.250000000   0.250000000 ) 

    1    1
  0.28878626  0.00000000    0.01067258  0.00000000   -0.01067258  0.00000000
  0.01067258  0.00000000    0.28878626  0.00000000   -0.01067258  0.00000000
 -0.01067258  0.00000000   -0.01067258  0.00000000    0.28878626  0.00000000
    1    2
 -0.21503956 -0.06534782    0.03360772 -0.03420869   -0.03360772  0.03420869
  0.03360772 -0.03420869   -0.21503956 -0.06534782   -0.03360772  0.03420869
 -0.03360772  0.03420869   -0.03360772  0.03420869   -0.21503956 -0.06534782
    2    1
 -0.21503956  0.06534782    0.03360772  0.03420869   -0.03360772 -0.03420869
  0.03360772  0.03420869   -0.21503956  0.06534782   -0.03360772 -0.03420869
 -0.03360772 -0.03420869   -0.03360772 -0.03420869   -0.21503956  0.06534782
    2    2
  0.28878626  0.00000000    0.01067258  0.00000000   -0.01067258  0.00000000
  0.01067258  0.00000000    0.28878626  0.00000000   -0.01067258  0.00000000
 -0.01067258  0.00000000   -0.01067258  0.00000000    0.28878626  0.00000000

     Dynamical  Matrix in cartesian axes

     q = (   -0.250000000   0.250000000   0.250000000 ) 

    1    1
  0.28878626  0.00000000   -0.01067258  0.00000000   -0.01067258  0.00000000
 -0.01067258  0.00000000    0.28878626  0.00000000    0.01067258  0.00000000
 -0.01067258  0.00000000    0.01067258  0.00000000    0.28878626  0.00000000
    1    2
 -0.21503956  0.06534782   -0.03360772 -0.03420869   -0.03360772 -0.03420869
 -0.03360772 -0.03420869   -0.21503956  0.06534782    0.03360772  0.03420869
 -0.03360772 -0.03420869    0.03360772  0.03420869   -0.21503956  0.06534782
    2    1
 -0.21503956 -0.06534782   -0.03360772  0.03420869   -0.03360772  0.03420869
 -0.03360772  0.03420869   -0.21503956 -0.06534782    0.03360772 -0.03420869
 -0.03360772  0.03420869    0.03360772 -0.03420869   -0.21503956 -0.06534782
    2    2
  0.28878626  0.00000000   -0.01067258  0.00000000   -0.01067258  0.00000000
 -0.01067258  0.00000000    0.28878626  0.00000000    0.01067258  0.00000000
 -0.01067258  0.00000000    0.01067258  0.00000000    0.28878626  0.00000000

     Dynamical  Matrix in cartesian axes

     q = (    0.250000000   0.250000000  -0.250000000 ) 

    1    1
  0.28878626  0.00000000    0.01067258  0.00000000   -0.01067258  0.00000000
  0.01067258  0.00000000    0.28878626  0.00000000   -0.01067258  0.00000000
 -0.01067258  0.00000000   -0.01067258  0.00000000    0.28878626  0.00000000
    1    2
 -0.21503956  0.06534782    0.03360772  0.03420869   -0.03360772 -0.03420869
  0.03360772  0.03420869   -0.21503956  0.06534782   -0.03360772 -0.03420869
 -0.03360772 -0.03420869   -0.03360772 -0.03420869   -0.21503956  0.06534782
    2    1
 -0.21503956 -0.06534782    0.03360772 -0.03420869   -0.03360772  0.03420869
  0.03360772 -0.03420869   -0.21503956 -0.06534782   -0.03360772  0.03420869
 -0.03360772  0.03420869   -0.03360772  0.03420869   -0.21503956 -0.06534782
    2    2
  0.28878626  0.00000000    0.01067258  0.00000000   -0.01067258  0.00000000
  0.01067258  0.00000000    0.28878626  0.00000000   -0.01067258  0.00000000
 -0.01067258  0.00000000   -0.01067258  0.00000000    0.28878626  0.00000000

     Diagonalizing the dynamical matrix

     q = (   -0.250000000   0.250000000  -0.250000000 ) 

 **************************************************************************
     freq (    1) =       3.411316 [THz] =     113.789269 [cm-1]
 ( -0.125400 -0.004760  0.420859  0.063650  0.546259  0.068410 ) 
 ( -0.125019  0.010859  0.425506  0.010859  0.550526 -0.000000 ) 
     freq (    2) =       3.411316 [THz] =     113.789269 [cm-1]
 ( -0.553867 -0.104002 -0.381277 -0.082388  0.172591  0.021614 ) 
 ( -0.562498 -0.034371 -0.388559 -0.034371  0.173939  0.000000 ) 
     freq (    3) =       6.843457 [THz] =     228.273147 [cm-1]
 (  0.302711  0.273921 -0.302711 -0.273921  0.302711  0.273921 ) 
 (  0.408248 -0.000000 -0.408248  0.000000  0.408248  0.000000 ) 
     freq (    4) =      14.676896 [THz] =     489.568552 [cm-1]
 (  0.302711  0.273921 -0.302711 -0.273921  0.302711  0.273921 ) 
 ( -0.408248  0.000000  0.408248  0.000000 -0.408248  0.000000 ) 
     freq (    5) =      14.951027 [THz] =     498.712563 [cm-1]
 ( -0.286651 -0.035606  0.286224  0.036137  0.572875  0.071744 ) 
 (  0.288854 -0.000290 -0.288496 -0.000290 -0.577350  0.000000 ) 
     freq (    6) =      14.951027 [THz] =     498.712563 [cm-1]
 ( -0.313047  0.389741 -0.313437  0.389692 -0.000390 -0.000049 ) 
 (  0.262190 -0.425621  0.262583 -0.425621  0.000393  0.000000 ) 
 **************************************************************************
