Dynamical matrix file
                                                                           
  1    2  2 10.3060000  0.0000000  0.0000000  0.0000000  0.0000000  0.0000000
           1  'Si  '    25598.822984527003     
    1    1      0.0000000000      0.0000000000      0.0000000000
    2    1      0.2500000000      0.2500000000      0.2500000000

     Dynamical  Matrix in cartesian axes

     q = (   -0.250000000   0.250000000  -0.250000000 ) 

    1    1
  0.27382350  0.00000000   -0.01185464  0.00000000    0.01185464  0.00000000
 -0.01185464  0.00000000    0.27382350  0.00000000   -0.01185464  0.00000000
  0.01185464  0.00000000   -0.01185464  0.00000000    0.27382350  0.00000000
    1    2
 -0.20370437 -0.05919047   -0.03943615  0.04107828    0.03943615 -0.04107828
 -0.03943615  0.04107828   -0.20370437 -0.05919047   -0.03943615  0.04107828
  0.03943615 -0.04107828   -0.03943615  0.04107828   -0.20370437 -0.05919047
    2    1
 -0.20370437  0.05919047   -0.03943615 -0.04107828    0.03943615  0.04107828
 -0.03943615 -0.04107828   -0.20370437  0.05919047   -0.03943615 -0.04107828
  0.03943615  0.04107828   -0.03943615 -0.04107828   -0.20370437  0.05919047
    2    2
  0.27382350  0.00000000   -0.01185464  0.00000000    0.01185464  0.00000000
 -0.01185464  0.00000000    0.27382350  0.00000000   -0.01185464  0.00000000
  0.01185464  0.00000000   -0.01185464  0.00000000    0.27382350  0.00000000

     Dynamical  Matrix in cartesian axes

     q = (    0.250000000  -0.250000000  -0.250000000 ) 

    1    1
  0.27382350  0.00000000   -0.01185464  0.00000000   -0.01185464  0.00000000
 -0.01185464  0.00000000    0.27382350  0.00000000    0.01185464  0.00000000
 -0.01185464  0.00000000    0.01185464  0.00000000    0.27382350  0.00000000
    1    2
 -0.20370437 -0.05919047   -0.03943615  0.04107828   -0.03943615  0.04107828
 -0.03943615  0.04107828   -0.20370437 -0.05919047    0.03943615 -0.04107828
 -0.03943615  0.04107828    0.03943615 -0.04107828   -0.20370437 -0.05919047
    2    1
 -0.20370437  0.05919047   -0.03943615 -0.04107828   -0.03943615 -0.04107828
 -0.03943615 -0.04107828   -0.20370437  0.05919047    0.03943615  0.04107828
 -0.03943615 -0.04107828    0.03943615  0.04107828   -0.20370437  0.05919047
    2    2
  0.27382350  0.00000000   -0.01185464  0.00000000   -0.01185464  0.00000000
 -0.01185464  0.00000000    0.27382350  0.00000000    0.01185464  0.00000000
 -0.01185464  0.00000000    0.01185464  0.00000000    0.27382350  0.00000000

     Dynamical  Matrix in cartesian axes

     q = (    0.250000000  -0.250000000   0.250000000 ) 

    1    1
  0.27382350  0.00000000   -0.01185464  0.00000000    0.01185464  0.00000000
 -0.01185464  0.00000000    0.27382350  0.00000000   -0.01185464  0.00000000
  0.01185464  0.00000000   -0.01185464  0.00000000    0.27382350  0.00000000
    1    2
 -0.20370437  0.05919047   -0.03943615 -0.04107828    0.03943615  0.04107828
 -0.03943615 -0.04107828   -0.20370437  0.05919047   -0.03943615 -0.04107828
  0.03943615  0.04107828   -0.03943615 -0.04107828   -0.20370437  0.05919047
    2    1
 -0.20370437 -0.05919047   -0.03943615  0.04107828    0.03943615 -0.04107828
 -0.03943615  0.04107828   -0.20370437 -0.05919047   -0.03943615  0.04107828
  0.03943615 -0.04107828   -0.03943615  0.04107828   -0.20370437 -0.05919047
    2    2
  0.27382350  0.00000000   -0.01185464  0.00000000    0.01185464  0.00000000
 -0.01185464  0.00000000    0.27382350  0.00000000   -0.01185464  0.00000000
  0.01185464  0.00000000   -0.01185464  0.00000000    0.27382350  0.00000000

     Dynamical  Matrix in cartesian axes

     q = (    0.250000000   0.250000000   0.250000000 ) 

    1    1
  0.27382350  0.00000000    0.01185464  0.00000000    0.01185464  0.00000000
  0.01185464  0.00000000    0.27382350  0.00000000    0.01185464  0.00000000
  0.01185464  0.00000000    0.01185464  0.00000000    0.27382350  0.00000000
    1    2
 -0.05919047  0.20370437   -0.04107828 -0.03943615   -0.04107828 -0.03943615
 -0.04107828 -0.03943615   -0.05919047  0.20370437   -0.04107828 -0.03943615
 -0.04107828 -0.03943615   -0.04107828 -0.03943615   -0.05919047  0.20370437
    2    1
 -0.05919047 -0.20370437   -0.04107828  0.03943615   -0.04107828  0.03943615
 -0.04107828  0.03943615   -0.05919047 -0.20370437   -0.04107828  0.03943615
 -0.04107828  0.03943615   -0.04107828  0.03943615   -0.05919047 -0.20370437
    2    2
  0.27382350  0.00000000    0.01185464  0.00000000    0.01185464  0.00000000
  0.01185464  0.00000000    0.27382350  0.00000000    0.01185464  0.00000000
  0.01185464  0.00000000    0.01185464  0.00000000    0.27382350  0.00000000

     Dynamical  Matrix in cartesian axes

     q = (   -0.250000000  -0.250000000  -0.250000000 ) 

    1    1
  0.27382350  0.00000000    0.01185464  0.00000000    0.01185464  0.00000000
  0.01185464  0.00000000    0.27382350  0.00000000    0.01185464  0.00000000
  0.01185464  0.00000000    0.01185464  0.00000000    0.27382350  0.00000000
    1    2
 -0.05919047 -0.20370437   -0.04107828  0.03943615   -0.04107828  0.03943615
 -0.04107828  0.03943615   -0.05919047 -0.20370437   -0.04107828  0.03943615
 -0.04107828  0.03943615   -0.04107828  0.03943615   -0.05919047 -0.20370437
    2    1
 -0.05919047  0.20370437   -0.04107828 -0.03943615   -0.04107828 -0.03943615
 -0.04107828 -0.03943615   -0.05919047  0.20370437   -0.04107828 -0.03943615
 -0.04107828 -0.03943615   -0.04107828 -0.03943615   -0.05919047  0.20370437
    2    2
  0.27382350  0.00000000    0.01185464  0.00000000    0.01185464  0.00000000
  0.01185464  0.00000000    0.27382350  0.00000000    0.01185464  0.00000000
  0.01185464  0.00000000    0.01185464  0.00000000    0.27382350  0.00000000

     Dynamical  Matrix in cartesian axes

     q = (   -0.250000000  -0.250000000   0.250000000 ) 

    1    1
  0.27382350  0.00000000    0.01185464  0.00000000   -0.01185464  0.00000000
  0.01185464  0.00000000    0.27382350  0.00000000   -0.01185464  0.00000000
 -0.01185464  0.00000000   -0.01185464  0.00000000    0.27382350  0.00000000
    1    2
 -0.20370437 -0.05919047    0.03943615 -0.04107828   -0.03943615  0.04107828
  0.03943615 -0.04107828   -0.20370437 -0.05919047   -0.03943615  0.04107828
 -0.03943615  0.04107828   -0.03943615  0.04107828   -0.20370437 -0.05919047
    2    1
 -0.20370437  0.05919047    0.03943615  0.04107828   -0.03943615 -0.04107828
  0.03943615  0.04107828   -0.20370437  0.05919047   -0.03943615 -0.04107828
 -0.03943615 -0.04107828   -0.03943615 -0.04107828   -0.20370437  0.05919047
    2    2
  0.27382350  0.00000000    0.01185464  0.00000000   -0.01185464  0.00000000
  0.01185464  0.00000000    0.27382350  0.00000000   -0.01185464  0.00000000
 -0.01185464  0.00000000   -0.01185464  0.00000000    0.27382350  0.00000000

     Dynamical  Matrix in cartesian axes

     q = (   -0.250000000   0.250000000   0.250000000 ) 

    1    1
  0.27382350  0.00000000   -0.01185464  0.00000000   -0.01185464  0.00000000
 -0.01185464  0.00000000    0.27382350  0.00000000    0.01185464  0.00000000
 -0.01185464  0.00000000    0.01185464  0.00000000    0.27382350  0.00000000
    1    2
 -0.20370437  0.05919047   -0.03943615 -0.04107828   -0.03943615 -0.04107828
 -0.03943615 -0.04107828   -0.20370437  0.05919047    0.03943615  0.04107828
 -0.03943615 -0.04107828    0.03943615  0.04107828   -0.20370437  0.05919047
    2    1
 -0.20370437 -0.05919047   -0.03943615  0.04107828   -0.03943615  0.04107828
 -0.03943615  0.04107828   -0.20370437 -0.05919047    0.03943615 -0.04107828
 -0.03943615  0.04107828    0.03943615 -0.04107828   -0.20370437 -0.05919047
    2    2
  0.27382350  0.00000000   -0.01185464  0.00000000   -0.01185464  0.00000000
 -0.01185464  0.00000000    0.27382350  0.00000000    0.01185464  0.00000000
 -0.01185464  0.00000000    0.01185464  0.00000000    0.27382350  0.00000000

     Dynamical  Matrix in cartesian axes

     q = (    0.250000000   0.250000000  -0.250000000 ) 

    1    1
  0.27382350  0.00000000    0.01185464  0.00000000   -0.01185464  0.00000000
  0.01185464  0.00000000    0.27382350  0.00000000   -0.01185464  0.00000000
 -0.01185464  0.00000000   -0.01185464  0.00000000    0.27382350  0.00000000
    1    2
 -0.20370437  0.05919047    0.03943615  0.04107828   -0.03943615 -0.04107828
  0.03943615  0.04107828   -0.20370437  0.05919047   -0.03943615 -0.04107828
 -0.03943615 -0.04107828   -0.03943615 -0.04107828   -0.20370437  0.05919047
    2    1
 -0.20370437 -0.05919047    0.03943615 -0.04107828   -0.03943615  0.04107828
  0.03943615 -0.04107828   -0.20370437 -0.05919047   -0.03943615  0.04107828
 -0.03943615  0.04107828   -0.03943615  0.04107828   -0.20370437 -0.05919047
    2    2
  0.27382350  0.00000000    0.01185464  0.00000000   -0.01185464  0.00000000
  0.01185464  0.00000000    0.27382350  0.00000000   -0.01185464  0.00000000
 -0.01185464  0.00000000   -0.01185464  0.00000000    0.27382350  0.00000000

     Diagonalizing the dynamical matrix

     q = (   -0.250000000   0.250000000  -0.250000000 ) 

 **************************************************************************
     freq (    1) =       2.770506 [THz] =      92.414126 [cm-1]
 (  0.254618 -0.218384 -0.252185 -0.256137 -0.506803 -0.037753 ) 
 (  0.237691 -0.236695 -0.270516 -0.236695 -0.508207  0.000000 ) 
     freq (    2) =       2.770506 [THz] =      92.414126 [cm-1]
 ( -0.134349 -0.450291  0.138862 -0.429939  0.273211  0.020352 ) 
 ( -0.167429 -0.439066  0.106539 -0.439066  0.273968  0.000000 ) 
     freq (    3) =       6.787131 [THz] =     226.394331 [cm-1]
 ( -0.270245 -0.305997  0.270245  0.305997 -0.270245 -0.305997 ) 
 ( -0.408248  0.000000  0.408248 -0.000000 -0.408248  0.000000 ) 
     freq (    4) =      14.336169 [THz] =     478.203117 [cm-1]
 (  0.270245  0.305997 -0.270245 -0.305997  0.270245  0.305997 ) 
 ( -0.408248 -0.000000  0.408248 -0.000000 -0.408248  0.000000 ) 
     freq (    5) =      14.623360 [THz] =     487.782789 [cm-1]
 (  0.074848  0.088922 -0.452312  0.049652 -0.527160 -0.039270 ) 
 ( -0.081247 -0.083116  0.447373 -0.083116  0.528620  0.000000 ) 
     freq (    6) =      14.623360 [THz] =     487.782789 [cm-1]
 (  0.545508 -0.149148  0.313999 -0.166393 -0.231509 -0.017246 ) 
 ( -0.532921  0.189260 -0.300771  0.189260  0.232150  0.000000 ) 
 **************************************************************************
