Dynamical matrix file
                                                                           
  1    2  2 10.3060000  0.0000000  0.0000000  0.0000000  0.0000000  0.0000000
           1  'Si  '    25598.822984527003     
    1    1      0.0000000000      0.0000000000      0.0000000000
    2    1      0.2500000000      0.2500000000      0.2500000000

     Dynamical  Matrix in cartesian axes

     q = (    0.750000000  -0.250000000   0.750000000 ) 

    1    1
  0.25041028  0.00000000   -0.00641989  0.00775510    0.00601076  0.00000000
 -0.00641989 -0.00775510    0.30204814  0.00000000   -0.00641989 -0.00775510
  0.00601076  0.00000000   -0.00641989  0.00775510    0.25041028  0.00000000
    1    2
 -0.06139241  0.06254006   -0.04215975  0.04461314   -0.04253879 -0.13930918
 -0.04215975  0.04461314   -0.05972961  0.08101887   -0.04215975  0.04461314
 -0.04253879 -0.13930918   -0.04215975  0.04461314   -0.06139241  0.06254006
    2    1
 -0.06139241 -0.06254006   -0.04215975 -0.04461314   -0.04253879  0.13930918
 -0.04215975 -0.04461314   -0.05972961 -0.08101887   -0.04215975 -0.04461314
 -0.04253879  0.13930918   -0.04215975 -0.04461314   -0.06139241 -0.06254006
    2    2
  0.25041028  0.00000000   -0.00641989 -0.00775510    0.00601076  0.00000000
 -0.00641989  0.00775510    0.30204814  0.00000000   -0.00641989  0.00775510
  0.00601076  0.00000000   -0.00641989 -0.00775510    0.25041028  0.00000000

     Dynamical  Matrix in cartesian axes

     q = (    0.750000000  -0.250000000  -0.750000000 ) 

    1    1
  0.25041028  0.00000000   -0.00641989 -0.00775510   -0.00601076  0.00000000
 -0.00641989  0.00775510    0.30204814  0.00000000    0.00641989 -0.00775510
 -0.00601076  0.00000000    0.00641989  0.00775510    0.25041028  0.00000000
    1    2
 -0.06254006  0.06139241   -0.04461314  0.04215975   -0.13930918 -0.04253879
 -0.04461314  0.04215975   -0.08101887  0.05972961    0.04461314 -0.04215975
 -0.13930918 -0.04253879    0.04461314 -0.04215975   -0.06254006  0.06139241
    2    1
 -0.06254006 -0.06139241   -0.04461314 -0.04215975   -0.13930918  0.04253879
 -0.04461314 -0.04215975   -0.08101887 -0.05972961    0.04461314  0.04215975
 -0.13930918  0.04253879    0.04461314  0.04215975   -0.06254006 -0.06139241
    2    2
  0.25041028  0.00000000   -0.00641989  0.00775510   -0.00601076  0.00000000
 -0.00641989 -0.00775510    0.30204814  0.00000000    0.00641989  0.00775510
 -0.00601076  0.00000000    0.00641989 -0.00775510    0.25041028  0.00000000

     Dynamical  Matrix in cartesian axes

     q = (   -0.750000000  -0.250000000  -0.750000000 ) 

    1    1
  0.25041028  0.00000000    0.00641989 -0.00775510    0.00601076  0.00000000
  0.00641989  0.00775510    0.30204814  0.00000000    0.00641989  0.00775510
  0.00601076  0.00000000    0.00641989 -0.00775510    0.25041028  0.00000000
    1    2
  0.06254006  0.06139241   -0.04461314 -0.04215975   -0.13930918  0.04253879
 -0.04461314 -0.04215975    0.08101887  0.05972961   -0.04461314 -0.04215975
 -0.13930918  0.04253879   -0.04461314 -0.04215975    0.06254006  0.06139241
    2    1
  0.06254006 -0.06139241   -0.04461314  0.04215975   -0.13930918 -0.04253879
 -0.04461314  0.04215975    0.08101887 -0.05972961   -0.04461314  0.04215975
 -0.13930918 -0.04253879   -0.04461314  0.04215975    0.06254006 -0.06139241
    2    2
  0.25041028  0.00000000    0.00641989  0.00775510    0.00601076  0.00000000
  0.00641989 -0.00775510    0.30204814  0.00000000    0.00641989 -0.00775510
  0.00601076  0.00000000    0.00641989  0.00775510    0.25041028  0.00000000

     Dynamical  Matrix in cartesian axes

     q = (   -0.750000000  -0.250000000   0.750000000 ) 

    1    1
  0.25041028  0.00000000    0.00641989  0.00775510   -0.00601076  0.00000000
  0.00641989 -0.00775510    0.30204814  0.00000000   -0.00641989  0.00775510
 -0.00601076  0.00000000   -0.00641989 -0.00775510    0.25041028  0.00000000
    1    2
 -0.06254006  0.06139241    0.04461314 -0.04215975   -0.13930918 -0.04253879
  0.04461314 -0.04215975   -0.08101887  0.05972961   -0.04461314  0.04215975
 -0.13930918 -0.04253879   -0.04461314  0.04215975   -0.06254006  0.06139241
    2    1
 -0.06254006 -0.06139241    0.04461314  0.04215975   -0.13930918  0.04253879
  0.04461314  0.04215975   -0.08101887 -0.05972961   -0.04461314 -0.04215975
 -0.13930918  0.04253879   -0.04461314 -0.04215975   -0.06254006 -0.06139241
    2    2
  0.25041028  0.00000000    0.00641989 -0.00775510   -0.00601076  0.00000000
  0.00641989  0.00775510    0.30204814  0.00000000   -0.00641989 -0.00775510
 -0.00601076  0.00000000   -0.00641989  0.00775510    0.25041028  0.00000000

     Dynamical  Matrix in cartesian axes

     q = (   -0.750000000   0.250000000  -0.750000000 ) 

    1    1
  0.25041028  0.00000000   -0.00641989 -0.00775510    0.00601076  0.00000000
 -0.00641989  0.00775510    0.30204814  0.00000000   -0.00641989  0.00775510
  0.00601076  0.00000000   -0.00641989 -0.00775510    0.25041028  0.00000000
    1    2
 -0.06139241 -0.06254006   -0.04215975 -0.04461314   -0.04253879  0.13930918
 -0.04215975 -0.04461314   -0.05972961 -0.08101887   -0.04215975 -0.04461314
 -0.04253879  0.13930918   -0.04215975 -0.04461314   -0.06139241 -0.06254006
    2    1
 -0.06139241  0.06254006   -0.04215975  0.04461314   -0.04253879 -0.13930918
 -0.04215975  0.04461314   -0.05972961  0.08101887   -0.04215975  0.04461314
 -0.04253879 -0.13930918   -0.04215975  0.04461314   -0.06139241  0.06254006
    2    2
  0.25041028  0.00000000   -0.00641989  0.00775510    0.00601076  0.00000000
 -0.00641989 -0.00775510    0.30204814  0.00000000   -0.00641989 -0.00775510
  0.00601076  0.00000000   -0.00641989  0.00775510    0.25041028  0.00000000

     Dynamical  Matrix in cartesian axes

     q = (   -0.250000000   0.750000000  -0.750000000 ) 

    1    1
  0.30204814  0.00000000   -0.00641989  0.00775510    0.00641989 -0.00775510
 -0.00641989 -0.00775510    0.25041028  0.00000000   -0.00601076  0.00000000
  0.00641989  0.00775510   -0.00601076  0.00000000    0.25041028  0.00000000
    1    2
 -0.08101887  0.05972961   -0.04461314  0.04215975    0.04461314 -0.04215975
 -0.04461314  0.04215975   -0.06254006  0.06139241   -0.13930918 -0.04253879
  0.04461314 -0.04215975   -0.13930918 -0.04253879   -0.06254006  0.06139241
    2    1
 -0.08101887 -0.05972961   -0.04461314 -0.04215975    0.04461314  0.04215975
 -0.04461314 -0.04215975   -0.06254006 -0.06139241   -0.13930918  0.04253879
  0.04461314  0.04215975   -0.13930918  0.04253879   -0.06254006 -0.06139241
    2    2
  0.30204814  0.00000000   -0.00641989 -0.00775510    0.00641989  0.00775510
 -0.00641989  0.00775510    0.25041028  0.00000000   -0.00601076  0.00000000
  0.00641989 -0.00775510   -0.00601076  0.00000000    0.25041028  0.00000000

     Dynamical  Matrix in cartesian axes

     q = (   -0.750000000   0.750000000  -0.250000000 ) 

    1    1
  0.25041028  0.00000000   -0.00601076  0.00000000    0.00641989  0.00775510
 -0.00601076  0.00000000    0.25041028  0.00000000   -0.00641989 -0.00775510
  0.00641989 -0.00775510   -0.00641989  0.00775510    0.30204814  0.00000000
    1    2
 -0.06254006  0.06139241   -0.13930918 -0.04253879    0.04461314 -0.04215975
 -0.13930918 -0.04253879   -0.06254006  0.06139241   -0.04461314  0.04215975
  0.04461314 -0.04215975   -0.04461314  0.04215975   -0.08101887  0.05972961
    2    1
 -0.06254006 -0.06139241   -0.13930918  0.04253879    0.04461314  0.04215975
 -0.13930918  0.04253879   -0.06254006 -0.06139241   -0.04461314 -0.04215975
  0.04461314  0.04215975   -0.04461314 -0.04215975   -0.08101887 -0.05972961
    2    2
  0.25041028  0.00000000   -0.00601076  0.00000000    0.00641989 -0.00775510
 -0.00601076  0.00000000    0.25041028  0.00000000   -0.00641989  0.00775510
  0.00641989  0.00775510   -0.00641989 -0.00775510    0.30204814  0.00000000

     Dynamical  Matrix in cartesian axes

     q = (    0.750000000   0.250000000   0.750000000 ) 

    1    1
  0.25041028  0.00000000    0.00641989  0.00775510    0.00601076  0.00000000
  0.00641989 -0.00775510    0.30204814  0.00000000    0.00641989 -0.00775510
  0.00601076  0.00000000    0.00641989  0.00775510    0.25041028  0.00000000
    1    2
  0.06254006 -0.06139241   -0.04461314  0.04215975   -0.13930918 -0.04253879
 -0.04461314  0.04215975    0.08101887 -0.05972961   -0.04461314  0.04215975
 -0.13930918 -0.04253879   -0.04461314  0.04215975    0.06254006 -0.06139241
    2    1
  0.06254006  0.06139241   -0.04461314 -0.04215975   -0.13930918  0.04253879
 -0.04461314 -0.04215975    0.08101887  0.05972961   -0.04461314 -0.04215975
 -0.13930918  0.04253879   -0.04461314 -0.04215975    0.06254006  0.06139241
    2    2
  0.25041028  0.00000000    0.00641989 -0.00775510    0.00601076  0.00000000
  0.00641989  0.00775510    0.30204814  0.00000000    0.00641989  0.00775510
  0.00601076  0.00000000    0.00641989 -0.00775510    0.25041028  0.00000000

     Dynamical  Matrix in cartesian axes

     q = (   -0.750000000   0.250000000   0.750000000 ) 

    1    1
  0.25041028  0.00000000   -0.00641989  0.00775510   -0.00601076  0.00000000
 -0.00641989 -0.00775510    0.30204814  0.00000000    0.00641989  0.00775510
 -0.00601076  0.00000000    0.00641989 -0.00775510    0.25041028  0.00000000
    1    2
 -0.06254006 -0.06139241   -0.04461314 -0.04215975   -0.13930918  0.04253879
 -0.04461314 -0.04215975   -0.08101887 -0.05972961    0.04461314  0.04215975
 -0.13930918  0.04253879    0.04461314  0.04215975   -0.06254006 -0.06139241
    2    1
 -0.06254006  0.06139241   -0.04461314  0.04215975   -0.13930918 -0.04253879
 -0.04461314  0.04215975   -0.08101887  0.05972961    0.04461314 -0.04215975
 -0.13930918 -0.04253879    0.04461314 -0.04215975   -0.06254006  0.06139241
    2    2
  0.25041028  0.00000000   -0.00641989 -0.00775510   -0.00601076  0.00000000
 -0.00641989  0.00775510    0.30204814  0.00000000    0.00641989 -0.00775510
 -0.00601076  0.00000000    0.00641989  0.00775510    0.25041028  0.00000000

     Dynamical  Matrix in cartesian axes

     q = (    0.750000000   0.250000000  -0.750000000 ) 

    1    1
  0.25041028  0.00000000    0.00641989 -0.00775510   -0.00601076  0.00000000
  0.00641989  0.00775510    0.30204814  0.00000000   -0.00641989 -0.00775510
 -0.00601076  0.00000000   -0.00641989  0.00775510    0.25041028  0.00000000
    1    2
 -0.06254006 -0.06139241    0.04461314  0.04215975   -0.13930918  0.04253879
  0.04461314  0.04215975   -0.08101887 -0.05972961   -0.04461314 -0.04215975
 -0.13930918  0.04253879   -0.04461314 -0.04215975   -0.06254006 -0.06139241
    2    1
 -0.06254006  0.06139241    0.04461314 -0.04215975   -0.13930918 -0.04253879
  0.04461314 -0.04215975   -0.08101887  0.05972961   -0.04461314  0.04215975
 -0.13930918 -0.04253879   -0.04461314  0.04215975   -0.06254006  0.06139241
    2    2
  0.25041028  0.00000000    0.00641989  0.00775510   -0.00601076  0.00000000
  0.00641989 -0.00775510    0.30204814  0.00000000   -0.00641989  0.00775510
 -0.00601076  0.00000000   -0.00641989 -0.00775510    0.25041028  0.00000000

     Dynamical  Matrix in cartesian axes

     q = (   -0.750000000   0.750000000   0.250000000 ) 

    1    1
  0.25041028  0.00000000   -0.00601076  0.00000000   -0.00641989  0.00775510
 -0.00601076  0.00000000    0.25041028  0.00000000    0.00641989 -0.00775510
 -0.00641989 -0.00775510    0.00641989  0.00775510    0.30204814  0.00000000
    1    2
 -0.06254006 -0.06139241   -0.13930918  0.04253879   -0.04461314 -0.04215975
 -0.13930918  0.04253879   -0.06254006 -0.06139241    0.04461314  0.04215975
 -0.04461314 -0.04215975    0.04461314  0.04215975   -0.08101887 -0.05972961
    2    1
 -0.06254006  0.06139241   -0.13930918 -0.04253879   -0.04461314  0.04215975
 -0.13930918 -0.04253879   -0.06254006  0.06139241    0.04461314 -0.04215975
 -0.04461314  0.04215975    0.04461314 -0.04215975   -0.08101887  0.05972961
    2    2
  0.25041028  0.00000000   -0.00601076  0.00000000   -0.00641989 -0.00775510
 -0.00601076  0.00000000    0.25041028  0.00000000    0.00641989  0.00775510
 -0.00641989  0.00775510    0.00641989 -0.00775510    0.30204814  0.00000000

     Dynamical  Matrix in cartesian axes

     q = (   -0.250000000   0.750000000   0.750000000 ) 

    1    1
  0.30204814  0.00000000   -0.00641989 -0.00775510   -0.00641989 -0.00775510
 -0.00641989  0.00775510    0.25041028  0.00000000    0.00601076  0.00000000
 -0.00641989  0.00775510    0.00601076  0.00000000    0.25041028  0.00000000
    1    2
 -0.05972961  0.08101887   -0.04215975  0.04461314   -0.04215975  0.04461314
 -0.04215975  0.04461314   -0.06139241  0.06254006   -0.04253879 -0.13930918
 -0.04215975  0.04461314   -0.04253879 -0.13930918   -0.06139241  0.06254006
    2    1
 -0.05972961 -0.08101887   -0.04215975 -0.04461314   -0.04215975 -0.04461314
 -0.04215975 -0.04461314   -0.06139241 -0.06254006   -0.04253879  0.13930918
 -0.04215975 -0.04461314   -0.04253879  0.13930918   -0.06139241 -0.06254006
    2    2
  0.30204814  0.00000000   -0.00641989  0.00775510   -0.00641989  0.00775510
 -0.00641989 -0.00775510    0.25041028  0.00000000    0.00601076  0.00000000
 -0.00641989 -0.00775510    0.00601076  0.00000000    0.25041028  0.00000000

     Dynamical  Matrix in cartesian axes

     q = (    0.250000000   0.750000000  -0.750000000 ) 

    1    1
  0.30204814  0.00000000    0.00641989  0.00775510   -0.00641989 -0.00775510
  0.00641989 -0.00775510    0.25041028  0.00000000   -0.00601076  0.00000000
 -0.00641989  0.00775510   -0.00601076  0.00000000    0.25041028  0.00000000
    1    2
 -0.08101887 -0.05972961    0.04461314  0.04215975   -0.04461314 -0.04215975
  0.04461314  0.04215975   -0.06254006 -0.06139241   -0.13930918  0.04253879
 -0.04461314 -0.04215975   -0.13930918  0.04253879   -0.06254006 -0.06139241
    2    1
 -0.08101887  0.05972961    0.04461314 -0.04215975   -0.04461314  0.04215975
  0.04461314 -0.04215975   -0.06254006  0.06139241   -0.13930918 -0.04253879
 -0.04461314  0.04215975   -0.13930918 -0.04253879   -0.06254006  0.06139241
    2    2
  0.30204814  0.00000000    0.00641989 -0.00775510   -0.00641989  0.00775510
  0.00641989  0.00775510    0.25041028  0.00000000   -0.00601076  0.00000000
 -0.00641989 -0.00775510   -0.00601076  0.00000000    0.25041028  0.00000000

     Dynamical  Matrix in cartesian axes

     q = (   -0.250000000  -0.750000000  -0.750000000 ) 

    1    1
  0.30204814  0.00000000    0.00641989  0.00775510    0.00641989  0.00775510
  0.00641989 -0.00775510    0.25041028  0.00000000    0.00601076  0.00000000
  0.00641989 -0.00775510    0.00601076  0.00000000    0.25041028  0.00000000
    1    2
  0.08101887  0.05972961   -0.04461314 -0.04215975   -0.04461314 -0.04215975
 -0.04461314 -0.04215975    0.06254006  0.06139241   -0.13930918  0.04253879
 -0.04461314 -0.04215975   -0.13930918  0.04253879    0.06254006  0.06139241
    2    1
  0.08101887 -0.05972961   -0.04461314  0.04215975   -0.04461314  0.04215975
 -0.04461314  0.04215975    0.06254006 -0.06139241   -0.13930918 -0.04253879
 -0.04461314  0.04215975   -0.13930918 -0.04253879    0.06254006 -0.06139241
    2    2
  0.30204814  0.00000000    0.00641989 -0.00775510    0.00641989 -0.00775510
  0.00641989  0.00775510    0.25041028  0.00000000    0.00601076  0.00000000
  0.00641989  0.00775510    0.00601076  0.00000000    0.25041028  0.00000000

     Dynamical  Matrix in cartesian axes

     q = (    0.750000000   0.750000000  -0.250000000 ) 

    1    1
  0.25041028  0.00000000    0.00601076  0.00000000   -0.00641989  0.00775510
  0.00601076  0.00000000    0.25041028  0.00000000   -0.00641989  0.00775510
 -0.00641989 -0.00775510   -0.00641989 -0.00775510    0.30204814  0.00000000
    1    2
 -0.06139241  0.06254006   -0.04253879 -0.13930918   -0.04215975  0.04461314
 -0.04253879 -0.13930918   -0.06139241  0.06254006   -0.04215975  0.04461314
 -0.04215975  0.04461314   -0.04215975  0.04461314   -0.05972961  0.08101887
    2    1
 -0.06139241 -0.06254006   -0.04253879  0.13930918   -0.04215975 -0.04461314
 -0.04253879  0.13930918   -0.06139241 -0.06254006   -0.04215975 -0.04461314
 -0.04215975 -0.04461314   -0.04215975 -0.04461314   -0.05972961 -0.08101887
    2    2
  0.25041028  0.00000000    0.00601076  0.00000000   -0.00641989 -0.00775510
  0.00601076  0.00000000    0.25041028  0.00000000   -0.00641989 -0.00775510
 -0.00641989  0.00775510   -0.00641989  0.00775510    0.30204814  0.00000000

     Dynamical  Matrix in cartesian axes

     q = (    0.750000000  -0.750000000   0.250000000 ) 

    1    1
  0.25041028  0.00000000   -0.00601076  0.00000000    0.00641989 -0.00775510
 -0.00601076  0.00000000    0.25041028  0.00000000   -0.00641989  0.00775510
  0.00641989  0.00775510   -0.00641989 -0.00775510    0.30204814  0.00000000
    1    2
 -0.06254006 -0.06139241   -0.13930918  0.04253879    0.04461314  0.04215975
 -0.13930918  0.04253879   -0.06254006 -0.06139241   -0.04461314 -0.04215975
  0.04461314  0.04215975   -0.04461314 -0.04215975   -0.08101887 -0.05972961
    2    1
 -0.06254006  0.06139241   -0.13930918 -0.04253879    0.04461314 -0.04215975
 -0.13930918 -0.04253879   -0.06254006  0.06139241   -0.04461314  0.04215975
  0.04461314 -0.04215975   -0.04461314  0.04215975   -0.08101887  0.05972961
    2    2
  0.25041028  0.00000000   -0.00601076  0.00000000    0.00641989  0.00775510
 -0.00601076  0.00000000    0.25041028  0.00000000   -0.00641989 -0.00775510
  0.00641989 -0.00775510   -0.00641989  0.00775510    0.30204814  0.00000000

     Dynamical  Matrix in cartesian axes

     q = (   -0.750000000  -0.750000000  -0.250000000 ) 

    1    1
  0.25041028  0.00000000    0.00601076  0.00000000    0.00641989 -0.00775510
  0.00601076  0.00000000    0.25041028  0.00000000    0.00641989 -0.00775510
  0.00641989  0.00775510    0.00641989  0.00775510    0.30204814  0.00000000
    1    2
  0.06254006  0.06139241   -0.13930918  0.04253879   -0.04461314 -0.04215975
 -0.13930918  0.04253879    0.06254006  0.06139241   -0.04461314 -0.04215975
 -0.04461314 -0.04215975   -0.04461314 -0.04215975    0.08101887  0.05972961
    2    1
  0.06254006 -0.06139241   -0.13930918 -0.04253879   -0.04461314  0.04215975
 -0.13930918 -0.04253879    0.06254006 -0.06139241   -0.04461314  0.04215975
 -0.04461314  0.04215975   -0.04461314  0.04215975    0.08101887 -0.05972961
    2    2
  0.25041028  0.00000000    0.00601076  0.00000000    0.00641989  0.00775510
  0.00601076  0.00000000    0.25041028  0.00000000    0.00641989  0.00775510
  0.00641989 -0.00775510    0.00641989 -0.00775510    0.30204814  0.00000000

     Dynamical  Matrix in cartesian axes

     q = (    0.250000000  -0.750000000   0.750000000 ) 

    1    1
  0.30204814  0.00000000   -0.00641989 -0.00775510    0.00641989  0.00775510
 -0.00641989  0.00775510    0.25041028  0.00000000   -0.00601076  0.00000000
  0.00641989 -0.00775510   -0.00601076  0.00000000    0.25041028  0.00000000
    1    2
 -0.08101887 -0.05972961   -0.04461314 -0.04215975    0.04461314  0.04215975
 -0.04461314 -0.04215975   -0.06254006 -0.06139241   -0.13930918  0.04253879
  0.04461314  0.04215975   -0.13930918  0.04253879   -0.06254006 -0.06139241
    2    1
 -0.08101887  0.05972961   -0.04461314  0.04215975    0.04461314 -0.04215975
 -0.04461314  0.04215975   -0.06254006  0.06139241   -0.13930918 -0.04253879
  0.04461314 -0.04215975   -0.13930918 -0.04253879   -0.06254006  0.06139241
    2    2
  0.30204814  0.00000000   -0.00641989  0.00775510    0.00641989 -0.00775510
 -0.00641989 -0.00775510    0.25041028  0.00000000   -0.00601076  0.00000000
  0.00641989  0.00775510   -0.00601076  0.00000000    0.25041028  0.00000000

     Dynamical  Matrix in cartesian axes

     q = (   -0.750000000  -0.750000000   0.250000000 ) 

    1    1
  0.25041028  0.00000000    0.00601076  0.00000000   -0.00641989 -0.00775510
  0.00601076  0.00000000    0.25041028  0.00000000   -0.00641989 -0.00775510
 -0.00641989  0.00775510   -0.00641989  0.00775510    0.30204814  0.00000000
    1    2
 -0.06139241 -0.06254006   -0.04253879  0.13930918   -0.04215975 -0.04461314
 -0.04253879  0.13930918   -0.06139241 -0.06254006   -0.04215975 -0.04461314
 -0.04215975 -0.04461314   -0.04215975 -0.04461314   -0.05972961 -0.08101887
    2    1
 -0.06139241  0.06254006   -0.04253879 -0.13930918   -0.04215975  0.04461314
 -0.04253879 -0.13930918   -0.06139241  0.06254006   -0.04215975  0.04461314
 -0.04215975  0.04461314   -0.04215975  0.04461314   -0.05972961  0.08101887
    2    2
  0.25041028  0.00000000    0.00601076  0.00000000   -0.00641989  0.00775510
  0.00601076  0.00000000    0.25041028  0.00000000   -0.00641989  0.00775510
 -0.00641989 -0.00775510   -0.00641989 -0.00775510    0.30204814  0.00000000

     Dynamical  Matrix in cartesian axes

     q = (    0.250000000   0.750000000   0.750000000 ) 

    1    1
  0.30204814  0.00000000    0.00641989 -0.00775510    0.00641989 -0.00775510
  0.00641989  0.00775510    0.25041028  0.00000000    0.00601076  0.00000000
  0.00641989  0.00775510    0.00601076  0.00000000    0.25041028  0.00000000
    1    2
  0.08101887 -0.05972961   -0.04461314  0.04215975   -0.04461314  0.04215975
 -0.04461314  0.04215975    0.06254006 -0.06139241   -0.13930918 -0.04253879
 -0.04461314  0.04215975   -0.13930918 -0.04253879    0.06254006 -0.06139241
    2    1
  0.08101887  0.05972961   -0.04461314 -0.04215975   -0.04461314 -0.04215975
 -0.04461314 -0.04215975    0.06254006  0.06139241   -0.13930918  0.04253879
 -0.04461314 -0.04215975   -0.13930918  0.04253879    0.06254006  0.06139241
    2    2
  0.30204814  0.00000000    0.00641989  0.00775510    0.00641989  0.00775510
  0.00641989 -0.00775510    0.25041028  0.00000000    0.00601076  0.00000000
  0.00641989 -0.00775510    0.00601076  0.00000000    0.25041028  0.00000000

     Dynamical  Matrix in cartesian axes

     q = (   -0.250000000  -0.750000000   0.750000000 ) 

    1    1
  0.30204814  0.00000000    0.00641989 -0.00775510   -0.00641989  0.00775510
  0.00641989  0.00775510    0.25041028  0.00000000   -0.00601076  0.00000000
 -0.00641989 -0.00775510   -0.00601076  0.00000000    0.25041028  0.00000000
    1    2
 -0.08101887  0.05972961    0.04461314 -0.04215975   -0.04461314  0.04215975
  0.04461314 -0.04215975   -0.06254006  0.06139241   -0.13930918 -0.04253879
 -0.04461314  0.04215975   -0.13930918 -0.04253879   -0.06254006  0.06139241
    2    1
 -0.08101887 -0.05972961    0.04461314  0.04215975   -0.04461314 -0.04215975
  0.04461314  0.04215975   -0.06254006 -0.06139241   -0.13930918  0.04253879
 -0.04461314 -0.04215975   -0.13930918  0.04253879   -0.06254006 -0.06139241
    2    2
  0.30204814  0.00000000    0.00641989  0.00775510   -0.00641989 -0.00775510
  0.00641989 -0.00775510    0.25041028  0.00000000   -0.00601076  0.00000000
 -0.00641989  0.00775510   -0.00601076  0.00000000    0.25041028  0.00000000

     Dynamical  Matrix in cartesian axes

     q = (    0.750000000   0.750000000   0.250000000 ) 

    1    1
  0.25041028  0.00000000    0.00601076  0.00000000    0.00641989  0.00775510
  0.00601076  0.00000000    0.25041028  0.00000000    0.00641989  0.00775510
  0.00641989 -0.00775510    0.00641989 -0.00775510    0.30204814  0.00000000
    1    2
  0.06254006 -0.06139241   -0.13930918 -0.04253879   -0.04461314  0.04215975
 -0.13930918 -0.04253879    0.06254006 -0.06139241   -0.04461314  0.04215975
 -0.04461314  0.04215975   -0.04461314  0.04215975    0.08101887 -0.05972961
    2    1
  0.06254006  0.06139241   -0.13930918  0.04253879   -0.04461314 -0.04215975
 -0.13930918  0.04253879    0.06254006  0.06139241   -0.04461314 -0.04215975
 -0.04461314 -0.04215975   -0.04461314 -0.04215975    0.08101887  0.05972961
    2    2
  0.25041028  0.00000000    0.00601076  0.00000000    0.00641989 -0.00775510
  0.00601076  0.00000000    0.25041028  0.00000000    0.00641989 -0.00775510
  0.00641989  0.00775510    0.00641989  0.00775510    0.30204814  0.00000000

     Dynamical  Matrix in cartesian axes

     q = (    0.250000000  -0.750000000  -0.750000000 ) 

    1    1
  0.30204814  0.00000000   -0.00641989  0.00775510   -0.00641989  0.00775510
 -0.00641989 -0.00775510    0.25041028  0.00000000    0.00601076  0.00000000
 -0.00641989 -0.00775510    0.00601076  0.00000000    0.25041028  0.00000000
    1    2
 -0.05972961 -0.08101887   -0.04215975 -0.04461314   -0.04215975 -0.04461314
 -0.04215975 -0.04461314   -0.06139241 -0.06254006   -0.04253879  0.13930918
 -0.04215975 -0.04461314   -0.04253879  0.13930918   -0.06139241 -0.06254006
    2    1
 -0.05972961  0.08101887   -0.04215975  0.04461314   -0.04215975  0.04461314
 -0.04215975  0.04461314   -0.06139241  0.06254006   -0.04253879 -0.13930918
 -0.04215975  0.04461314   -0.04253879 -0.13930918   -0.06139241  0.06254006
    2    2
  0.30204814  0.00000000   -0.00641989 -0.00775510   -0.00641989 -0.00775510
 -0.00641989  0.00775510    0.25041028  0.00000000    0.00601076  0.00000000
 -0.00641989  0.00775510    0.00601076  0.00000000    0.25041028  0.00000000

     Dynamical  Matrix in cartesian axes

     q = (    0.750000000  -0.750000000  -0.250000000 ) 

    1    1
  0.25041028  0.00000000   -0.00601076  0.00000000   -0.00641989 -0.00775510
 -0.00601076  0.00000000    0.25041028  0.00000000    0.00641989  0.00775510
 -0.00641989  0.00775510    0.00641989 -0.00775510    0.30204814  0.00000000
    1    2
 -0.06254006  0.06139241   -0.13930918 -0.04253879   -0.04461314  0.04215975
 -0.13930918 -0.04253879   -0.06254006  0.06139241    0.04461314 -0.04215975
 -0.04461314  0.04215975    0.04461314 -0.04215975   -0.08101887  0.05972961
    2    1
 -0.06254006 -0.06139241   -0.13930918  0.04253879   -0.04461314 -0.04215975
 -0.13930918  0.04253879   -0.06254006 -0.06139241    0.04461314  0.04215975
 -0.04461314 -0.04215975    0.04461314  0.04215975   -0.08101887 -0.05972961
    2    2
  0.25041028  0.00000000   -0.00601076  0.00000000   -0.00641989  0.00775510
 -0.00601076  0.00000000    0.25041028  0.00000000    0.00641989 -0.00775510
 -0.00641989 -0.00775510    0.00641989  0.00775510    0.30204814  0.00000000

     Diagonalizing the dynamical matrix

     q = (    0.750000000  -0.250000000   0.750000000 ) 

 **************************************************************************
     freq (    1) =       4.197451 [THz] =     140.011885 [cm-1]
 (  0.046500 -0.497833 -0.000000 -0.000000 -0.046500  0.497833 ) 
 (  0.500000 -0.000000  0.000000 -0.000000 -0.500000  0.000000 ) 
     freq (    2) =       5.870296 [THz] =     195.812003 [cm-1]
 ( -0.389367 -0.166284 -0.343449  0.153392 -0.389367 -0.166284 ) 
 ( -0.423387  0.000000 -0.255608 -0.275955 -0.423387  0.000000 ) 
     freq (    3) =       9.432986 [THz] =     314.650541 [cm-1]
 (  0.120047 -0.286276  0.375780  0.407504  0.120047 -0.286276 ) 
 ( -0.310427 -0.000000  0.230481  0.504132 -0.310427  0.000000 ) 
     freq (    4) =      12.197000 [THz] =     406.848130 [cm-1]
 (  0.071060  0.317523 -0.401896 -0.356004  0.071060  0.317523 ) 
 ( -0.325377 -0.000000  0.435182  0.314445 -0.325377  0.000000 ) 
     freq (    5) =      13.749302 [THz] =     458.627350 [cm-1]
 (  0.046500 -0.497833 -0.000000 -0.000000 -0.046500  0.497833 ) 
 ( -0.500000  0.000000  0.000000  0.000000  0.500000  0.000000 ) 
     freq (    6) =      14.143118 [THz] =     471.763644 [cm-1]
 ( -0.303459 -0.162543 -0.463406  0.219634 -0.303459 -0.162543 ) 
 (  0.344250 -0.000000  0.304793  0.412414  0.344250 -0.000000 ) 
 **************************************************************************
