Dynamical matrix file
                                                                           
  1    2  2 10.3404000  0.0000000  0.0000000  0.0000000  0.0000000  0.0000000
           1  'Si  '    25598.822984527003     
    1    1      0.0000000000      0.0000000000      0.0000000000
    2    1      0.2500000000      0.2500000000      0.2500000000

     Dynamical  Matrix in cartesian axes

     q = (    0.750000000  -0.250000000   0.750000000 ) 

    1    1
  0.24410014  0.00000000   -0.00471215  0.00741346    0.00141754  0.00000000
 -0.00471215 -0.00741346    0.29994552  0.00000000   -0.00471215 -0.00741346
  0.00141754  0.00000000   -0.00471215  0.00741346    0.24410014  0.00000000
    1    2
 -0.05807692  0.06767220   -0.03625452  0.04031784   -0.04109833 -0.13075946
 -0.03625452  0.04031784   -0.05660124  0.08684360   -0.03625452  0.04031784
 -0.04109833 -0.13075946   -0.03625452  0.04031784   -0.05807692  0.06767220
    2    1
 -0.05807692 -0.06767220   -0.03625452 -0.04031784   -0.04109833  0.13075946
 -0.03625452 -0.04031784   -0.05660124 -0.08684360   -0.03625452 -0.04031784
 -0.04109833  0.13075946   -0.03625452 -0.04031784   -0.05807692 -0.06767220
    2    2
  0.24410014  0.00000000   -0.00471215 -0.00741346    0.00141754  0.00000000
 -0.00471215  0.00741346    0.29994552  0.00000000   -0.00471215  0.00741346
  0.00141754  0.00000000   -0.00471215 -0.00741346    0.24410014  0.00000000

     Dynamical  Matrix in cartesian axes

     q = (    0.750000000  -0.250000000  -0.750000000 ) 

    1    1
  0.24410014  0.00000000   -0.00471215 -0.00741346   -0.00141754  0.00000000
 -0.00471215  0.00741346    0.29994552  0.00000000    0.00471215 -0.00741346
 -0.00141754  0.00000000    0.00471215  0.00741346    0.24410014  0.00000000
    1    2
 -0.06767220  0.05807692   -0.04031784  0.03625452   -0.13075946 -0.04109833
 -0.04031784  0.03625452   -0.08684360  0.05660124    0.04031784 -0.03625452
 -0.13075946 -0.04109833    0.04031784 -0.03625452   -0.06767220  0.05807692
    2    1
 -0.06767220 -0.05807692   -0.04031784 -0.03625452   -0.13075946  0.04109833
 -0.04031784 -0.03625452   -0.08684360 -0.05660124    0.04031784  0.03625452
 -0.13075946  0.04109833    0.04031784  0.03625452   -0.06767220 -0.05807692
    2    2
  0.24410014  0.00000000   -0.00471215  0.00741346   -0.00141754  0.00000000
 -0.00471215 -0.00741346    0.29994552  0.00000000    0.00471215  0.00741346
 -0.00141754  0.00000000    0.00471215 -0.00741346    0.24410014  0.00000000

     Dynamical  Matrix in cartesian axes

     q = (   -0.750000000  -0.250000000  -0.750000000 ) 

    1    1
  0.24410014  0.00000000    0.00471215 -0.00741346    0.00141754  0.00000000
  0.00471215  0.00741346    0.29994552  0.00000000    0.00471215  0.00741346
  0.00141754  0.00000000    0.00471215 -0.00741346    0.24410014  0.00000000
    1    2
  0.06767220  0.05807692   -0.04031784 -0.03625452   -0.13075946  0.04109833
 -0.04031784 -0.03625452    0.08684360  0.05660124   -0.04031784 -0.03625452
 -0.13075946  0.04109833   -0.04031784 -0.03625452    0.06767220  0.05807692
    2    1
  0.06767220 -0.05807692   -0.04031784  0.03625452   -0.13075946 -0.04109833
 -0.04031784  0.03625452    0.08684360 -0.05660124   -0.04031784  0.03625452
 -0.13075946 -0.04109833   -0.04031784  0.03625452    0.06767220 -0.05807692
    2    2
  0.24410014  0.00000000    0.00471215  0.00741346    0.00141754  0.00000000
  0.00471215 -0.00741346    0.29994552  0.00000000    0.00471215 -0.00741346
  0.00141754  0.00000000    0.00471215  0.00741346    0.24410014  0.00000000

     Dynamical  Matrix in cartesian axes

     q = (   -0.750000000  -0.250000000   0.750000000 ) 

    1    1
  0.24410014  0.00000000    0.00471215  0.00741346   -0.00141754  0.00000000
  0.00471215 -0.00741346    0.29994552  0.00000000   -0.00471215  0.00741346
 -0.00141754  0.00000000   -0.00471215 -0.00741346    0.24410014  0.00000000
    1    2
 -0.06767220  0.05807692    0.04031784 -0.03625452   -0.13075946 -0.04109833
  0.04031784 -0.03625452   -0.08684360  0.05660124   -0.04031784  0.03625452
 -0.13075946 -0.04109833   -0.04031784  0.03625452   -0.06767220  0.05807692
    2    1
 -0.06767220 -0.05807692    0.04031784  0.03625452   -0.13075946  0.04109833
  0.04031784  0.03625452   -0.08684360 -0.05660124   -0.04031784 -0.03625452
 -0.13075946  0.04109833   -0.04031784 -0.03625452   -0.06767220 -0.05807692
    2    2
  0.24410014  0.00000000    0.00471215 -0.00741346   -0.00141754  0.00000000
  0.00471215  0.00741346    0.29994552  0.00000000   -0.00471215 -0.00741346
 -0.00141754  0.00000000   -0.00471215  0.00741346    0.24410014  0.00000000

     Dynamical  Matrix in cartesian axes

     q = (   -0.750000000   0.250000000  -0.750000000 ) 

    1    1
  0.24410014  0.00000000   -0.00471215 -0.00741346    0.00141754  0.00000000
 -0.00471215  0.00741346    0.29994552  0.00000000   -0.00471215  0.00741346
  0.00141754  0.00000000   -0.00471215 -0.00741346    0.24410014  0.00000000
    1    2
 -0.05807692 -0.06767220   -0.03625452 -0.04031784   -0.04109833  0.13075946
 -0.03625452 -0.04031784   -0.05660124 -0.08684360   -0.03625452 -0.04031784
 -0.04109833  0.13075946   -0.03625452 -0.04031784   -0.05807692 -0.06767220
    2    1
 -0.05807692  0.06767220   -0.03625452  0.04031784   -0.04109833 -0.13075946
 -0.03625452  0.04031784   -0.05660124  0.08684360   -0.03625452  0.04031784
 -0.04109833 -0.13075946   -0.03625452  0.04031784   -0.05807692  0.06767220
    2    2
  0.24410014  0.00000000   -0.00471215  0.00741346    0.00141754  0.00000000
 -0.00471215 -0.00741346    0.29994552  0.00000000   -0.00471215 -0.00741346
  0.00141754  0.00000000   -0.00471215  0.00741346    0.24410014  0.00000000

     Dynamical  Matrix in cartesian axes

     q = (   -0.250000000   0.750000000  -0.750000000 ) 

    1    1
  0.29994552  0.00000000   -0.00471215  0.00741346    0.00471215 -0.00741346
 -0.00471215 -0.00741346    0.24410014  0.00000000   -0.00141754  0.00000000
  0.00471215  0.00741346   -0.00141754  0.00000000    0.24410014  0.00000000
    1    2
 -0.08684360  0.05660124   -0.04031784  0.03625452    0.04031784 -0.03625452
 -0.04031784  0.03625452   -0.06767220  0.05807692   -0.13075946 -0.04109833
  0.04031784 -0.03625452   -0.13075946 -0.04109833   -0.06767220  0.05807692
    2    1
 -0.08684360 -0.05660124   -0.04031784 -0.03625452    0.04031784  0.03625452
 -0.04031784 -0.03625452   -0.06767220 -0.05807692   -0.13075946  0.04109833
  0.04031784  0.03625452   -0.13075946  0.04109833   -0.06767220 -0.05807692
    2    2
  0.29994552  0.00000000   -0.00471215 -0.00741346    0.00471215  0.00741346
 -0.00471215  0.00741346    0.24410014  0.00000000   -0.00141754  0.00000000
  0.00471215 -0.00741346   -0.00141754  0.00000000    0.24410014  0.00000000

     Dynamical  Matrix in cartesian axes

     q = (   -0.750000000   0.750000000  -0.250000000 ) 

    1    1
  0.24410014  0.00000000   -0.00141754  0.00000000    0.00471215  0.00741346
 -0.00141754  0.00000000    0.24410014  0.00000000   -0.00471215 -0.00741346
  0.00471215 -0.00741346   -0.00471215  0.00741346    0.29994552  0.00000000
    1    2
 -0.06767220  0.05807692   -0.13075946 -0.04109833    0.04031784 -0.03625452
 -0.13075946 -0.04109833   -0.06767220  0.05807692   -0.04031784  0.03625452
  0.04031784 -0.03625452   -0.04031784  0.03625452   -0.08684360  0.05660124
    2    1
 -0.06767220 -0.05807692   -0.13075946  0.04109833    0.04031784  0.03625452
 -0.13075946  0.04109833   -0.06767220 -0.05807692   -0.04031784 -0.03625452
  0.04031784  0.03625452   -0.04031784 -0.03625452   -0.08684360 -0.05660124
    2    2
  0.24410014  0.00000000   -0.00141754  0.00000000    0.00471215 -0.00741346
 -0.00141754  0.00000000    0.24410014  0.00000000   -0.00471215  0.00741346
  0.00471215  0.00741346   -0.00471215 -0.00741346    0.29994552  0.00000000

     Dynamical  Matrix in cartesian axes

     q = (    0.750000000   0.250000000   0.750000000 ) 

    1    1
  0.24410014  0.00000000    0.00471215  0.00741346    0.00141754  0.00000000
  0.00471215 -0.00741346    0.29994552  0.00000000    0.00471215 -0.00741346
  0.00141754  0.00000000    0.00471215  0.00741346    0.24410014  0.00000000
    1    2
  0.06767220 -0.05807692   -0.04031784  0.03625452   -0.13075946 -0.04109833
 -0.04031784  0.03625452    0.08684360 -0.05660124   -0.04031784  0.03625452
 -0.13075946 -0.04109833   -0.04031784  0.03625452    0.06767220 -0.05807692
    2    1
  0.06767220  0.05807692   -0.04031784 -0.03625452   -0.13075946  0.04109833
 -0.04031784 -0.03625452    0.08684360  0.05660124   -0.04031784 -0.03625452
 -0.13075946  0.04109833   -0.04031784 -0.03625452    0.06767220  0.05807692
    2    2
  0.24410014  0.00000000    0.00471215 -0.00741346    0.00141754  0.00000000
  0.00471215  0.00741346    0.29994552  0.00000000    0.00471215  0.00741346
  0.00141754  0.00000000    0.00471215 -0.00741346    0.24410014  0.00000000

     Dynamical  Matrix in cartesian axes

     q = (   -0.750000000   0.250000000   0.750000000 ) 

    1    1
  0.24410014  0.00000000   -0.00471215  0.00741346   -0.00141754  0.00000000
 -0.00471215 -0.00741346    0.29994552  0.00000000    0.00471215  0.00741346
 -0.00141754  0.00000000    0.00471215 -0.00741346    0.24410014  0.00000000
    1    2
 -0.06767220 -0.05807692   -0.04031784 -0.03625452   -0.13075946  0.04109833
 -0.04031784 -0.03625452   -0.08684360 -0.05660124    0.04031784  0.03625452
 -0.13075946  0.04109833    0.04031784  0.03625452   -0.06767220 -0.05807692
    2    1
 -0.06767220  0.05807692   -0.04031784  0.03625452   -0.13075946 -0.04109833
 -0.04031784  0.03625452   -0.08684360  0.05660124    0.04031784 -0.03625452
 -0.13075946 -0.04109833    0.04031784 -0.03625452   -0.06767220  0.05807692
    2    2
  0.24410014  0.00000000   -0.00471215 -0.00741346   -0.00141754  0.00000000
 -0.00471215  0.00741346    0.29994552  0.00000000    0.00471215 -0.00741346
 -0.00141754  0.00000000    0.00471215  0.00741346    0.24410014  0.00000000

     Dynamical  Matrix in cartesian axes

     q = (    0.750000000   0.250000000  -0.750000000 ) 

    1    1
  0.24410014  0.00000000    0.00471215 -0.00741346   -0.00141754  0.00000000
  0.00471215  0.00741346    0.29994552  0.00000000   -0.00471215 -0.00741346
 -0.00141754  0.00000000   -0.00471215  0.00741346    0.24410014  0.00000000
    1    2
 -0.06767220 -0.05807692    0.04031784  0.03625452   -0.13075946  0.04109833
  0.04031784  0.03625452   -0.08684360 -0.05660124   -0.04031784 -0.03625452
 -0.13075946  0.04109833   -0.04031784 -0.03625452   -0.06767220 -0.05807692
    2    1
 -0.06767220  0.05807692    0.04031784 -0.03625452   -0.13075946 -0.04109833
  0.04031784 -0.03625452   -0.08684360  0.05660124   -0.04031784  0.03625452
 -0.13075946 -0.04109833   -0.04031784  0.03625452   -0.06767220  0.05807692
    2    2
  0.24410014  0.00000000    0.00471215  0.00741346   -0.00141754  0.00000000
  0.00471215 -0.00741346    0.29994552  0.00000000   -0.00471215  0.00741346
 -0.00141754  0.00000000   -0.00471215 -0.00741346    0.24410014  0.00000000

     Dynamical  Matrix in cartesian axes

     q = (   -0.750000000   0.750000000   0.250000000 ) 

    1    1
  0.24410014  0.00000000   -0.00141754  0.00000000   -0.00471215  0.00741346
 -0.00141754  0.00000000    0.24410014  0.00000000    0.00471215 -0.00741346
 -0.00471215 -0.00741346    0.00471215  0.00741346    0.29994552  0.00000000
    1    2
 -0.06767220 -0.05807692   -0.13075946  0.04109833   -0.04031784 -0.03625452
 -0.13075946  0.04109833   -0.06767220 -0.05807692    0.04031784  0.03625452
 -0.04031784 -0.03625452    0.04031784  0.03625452   -0.08684360 -0.05660124
    2    1
 -0.06767220  0.05807692   -0.13075946 -0.04109833   -0.04031784  0.03625452
 -0.13075946 -0.04109833   -0.06767220  0.05807692    0.04031784 -0.03625452
 -0.04031784  0.03625452    0.04031784 -0.03625452   -0.08684360  0.05660124
    2    2
  0.24410014  0.00000000   -0.00141754  0.00000000   -0.00471215 -0.00741346
 -0.00141754  0.00000000    0.24410014  0.00000000    0.00471215  0.00741346
 -0.00471215  0.00741346    0.00471215 -0.00741346    0.29994552  0.00000000

     Dynamical  Matrix in cartesian axes

     q = (   -0.250000000   0.750000000   0.750000000 ) 

    1    1
  0.29994552  0.00000000   -0.00471215 -0.00741346   -0.00471215 -0.00741346
 -0.00471215  0.00741346    0.24410014  0.00000000    0.00141754  0.00000000
 -0.00471215  0.00741346    0.00141754  0.00000000    0.24410014  0.00000000
    1    2
 -0.05660124  0.08684360   -0.03625452  0.04031784   -0.03625452  0.04031784
 -0.03625452  0.04031784   -0.05807692  0.06767220   -0.04109833 -0.13075946
 -0.03625452  0.04031784   -0.04109833 -0.13075946   -0.05807692  0.06767220
    2    1
 -0.05660124 -0.08684360   -0.03625452 -0.04031784   -0.03625452 -0.04031784
 -0.03625452 -0.04031784   -0.05807692 -0.06767220   -0.04109833  0.13075946
 -0.03625452 -0.04031784   -0.04109833  0.13075946   -0.05807692 -0.06767220
    2    2
  0.29994552  0.00000000   -0.00471215  0.00741346   -0.00471215  0.00741346
 -0.00471215 -0.00741346    0.24410014  0.00000000    0.00141754  0.00000000
 -0.00471215 -0.00741346    0.00141754  0.00000000    0.24410014  0.00000000

     Dynamical  Matrix in cartesian axes

     q = (    0.250000000   0.750000000  -0.750000000 ) 

    1    1
  0.29994552  0.00000000    0.00471215  0.00741346   -0.00471215 -0.00741346
  0.00471215 -0.00741346    0.24410014  0.00000000   -0.00141754  0.00000000
 -0.00471215  0.00741346   -0.00141754  0.00000000    0.24410014  0.00000000
    1    2
 -0.08684360 -0.05660124    0.04031784  0.03625452   -0.04031784 -0.03625452
  0.04031784  0.03625452   -0.06767220 -0.05807692   -0.13075946  0.04109833
 -0.04031784 -0.03625452   -0.13075946  0.04109833   -0.06767220 -0.05807692
    2    1
 -0.08684360  0.05660124    0.04031784 -0.03625452   -0.04031784  0.03625452
  0.04031784 -0.03625452   -0.06767220  0.05807692   -0.13075946 -0.04109833
 -0.04031784  0.03625452   -0.13075946 -0.04109833   -0.06767220  0.05807692
    2    2
  0.29994552  0.00000000    0.00471215 -0.00741346   -0.00471215  0.00741346
  0.00471215  0.00741346    0.24410014  0.00000000   -0.00141754  0.00000000
 -0.00471215 -0.00741346   -0.00141754  0.00000000    0.24410014  0.00000000

     Dynamical  Matrix in cartesian axes

     q = (   -0.250000000  -0.750000000  -0.750000000 ) 

    1    1
  0.29994552  0.00000000    0.00471215  0.00741346    0.00471215  0.00741346
  0.00471215 -0.00741346    0.24410014  0.00000000    0.00141754  0.00000000
  0.00471215 -0.00741346    0.00141754  0.00000000    0.24410014  0.00000000
    1    2
  0.08684360  0.05660124   -0.04031784 -0.03625452   -0.04031784 -0.03625452
 -0.04031784 -0.03625452    0.06767220  0.05807692   -0.13075946  0.04109833
 -0.04031784 -0.03625452   -0.13075946  0.04109833    0.06767220  0.05807692
    2    1
  0.08684360 -0.05660124   -0.04031784  0.03625452   -0.04031784  0.03625452
 -0.04031784  0.03625452    0.06767220 -0.05807692   -0.13075946 -0.04109833
 -0.04031784  0.03625452   -0.13075946 -0.04109833    0.06767220 -0.05807692
    2    2
  0.29994552  0.00000000    0.00471215 -0.00741346    0.00471215 -0.00741346
  0.00471215  0.00741346    0.24410014  0.00000000    0.00141754  0.00000000
  0.00471215  0.00741346    0.00141754  0.00000000    0.24410014  0.00000000

     Dynamical  Matrix in cartesian axes

     q = (    0.750000000   0.750000000  -0.250000000 ) 

    1    1
  0.24410014  0.00000000    0.00141754  0.00000000   -0.00471215  0.00741346
  0.00141754  0.00000000    0.24410014  0.00000000   -0.00471215  0.00741346
 -0.00471215 -0.00741346   -0.00471215 -0.00741346    0.29994552  0.00000000
    1    2
 -0.05807692  0.06767220   -0.04109833 -0.13075946   -0.03625452  0.04031784
 -0.04109833 -0.13075946   -0.05807692  0.06767220   -0.03625452  0.04031784
 -0.03625452  0.04031784   -0.03625452  0.04031784   -0.05660124  0.08684360
    2    1
 -0.05807692 -0.06767220   -0.04109833  0.13075946   -0.03625452 -0.04031784
 -0.04109833  0.13075946   -0.05807692 -0.06767220   -0.03625452 -0.04031784
 -0.03625452 -0.04031784   -0.03625452 -0.04031784   -0.05660124 -0.08684360
    2    2
  0.24410014  0.00000000    0.00141754  0.00000000   -0.00471215 -0.00741346
  0.00141754  0.00000000    0.24410014  0.00000000   -0.00471215 -0.00741346
 -0.00471215  0.00741346   -0.00471215  0.00741346    0.29994552  0.00000000

     Dynamical  Matrix in cartesian axes

     q = (    0.750000000  -0.750000000   0.250000000 ) 

    1    1
  0.24410014  0.00000000   -0.00141754  0.00000000    0.00471215 -0.00741346
 -0.00141754  0.00000000    0.24410014  0.00000000   -0.00471215  0.00741346
  0.00471215  0.00741346   -0.00471215 -0.00741346    0.29994552  0.00000000
    1    2
 -0.06767220 -0.05807692   -0.13075946  0.04109833    0.04031784  0.03625452
 -0.13075946  0.04109833   -0.06767220 -0.05807692   -0.04031784 -0.03625452
  0.04031784  0.03625452   -0.04031784 -0.03625452   -0.08684360 -0.05660124
    2    1
 -0.06767220  0.05807692   -0.13075946 -0.04109833    0.04031784 -0.03625452
 -0.13075946 -0.04109833   -0.06767220  0.05807692   -0.04031784  0.03625452
  0.04031784 -0.03625452   -0.04031784  0.03625452   -0.08684360  0.05660124
    2    2
  0.24410014  0.00000000   -0.00141754  0.00000000    0.00471215  0.00741346
 -0.00141754  0.00000000    0.24410014  0.00000000   -0.00471215 -0.00741346
  0.00471215 -0.00741346   -0.00471215  0.00741346    0.29994552  0.00000000

     Dynamical  Matrix in cartesian axes

     q = (   -0.750000000  -0.750000000  -0.250000000 ) 

    1    1
  0.24410014  0.00000000    0.00141754  0.00000000    0.00471215 -0.00741346
  0.00141754  0.00000000    0.24410014  0.00000000    0.00471215 -0.00741346
  0.00471215  0.00741346    0.00471215  0.00741346    0.29994552  0.00000000
    1    2
  0.06767220  0.05807692   -0.13075946  0.04109833   -0.04031784 -0.03625452
 -0.13075946  0.04109833    0.06767220  0.05807692   -0.04031784 -0.03625452
 -0.04031784 -0.03625452   -0.04031784 -0.03625452    0.08684360  0.05660124
    2    1
  0.06767220 -0.05807692   -0.13075946 -0.04109833   -0.04031784  0.03625452
 -0.13075946 -0.04109833    0.06767220 -0.05807692   -0.04031784  0.03625452
 -0.04031784  0.03625452   -0.04031784  0.03625452    0.08684360 -0.05660124
    2    2
  0.24410014  0.00000000    0.00141754  0.00000000    0.00471215  0.00741346
  0.00141754  0.00000000    0.24410014  0.00000000    0.00471215  0.00741346
  0.00471215 -0.00741346    0.00471215 -0.00741346    0.29994552  0.00000000

     Dynamical  Matrix in cartesian axes

     q = (    0.250000000  -0.750000000   0.750000000 ) 

    1    1
  0.29994552  0.00000000   -0.00471215 -0.00741346    0.00471215  0.00741346
 -0.00471215  0.00741346    0.24410014  0.00000000   -0.00141754  0.00000000
  0.00471215 -0.00741346   -0.00141754  0.00000000    0.24410014  0.00000000
    1    2
 -0.08684360 -0.05660124   -0.04031784 -0.03625452    0.04031784  0.03625452
 -0.04031784 -0.03625452   -0.06767220 -0.05807692   -0.13075946  0.04109833
  0.04031784  0.03625452   -0.13075946  0.04109833   -0.06767220 -0.05807692
    2    1
 -0.08684360  0.05660124   -0.04031784  0.03625452    0.04031784 -0.03625452
 -0.04031784  0.03625452   -0.06767220  0.05807692   -0.13075946 -0.04109833
  0.04031784 -0.03625452   -0.13075946 -0.04109833   -0.06767220  0.05807692
    2    2
  0.29994552  0.00000000   -0.00471215  0.00741346    0.00471215 -0.00741346
 -0.00471215 -0.00741346    0.24410014  0.00000000   -0.00141754  0.00000000
  0.00471215  0.00741346   -0.00141754  0.00000000    0.24410014  0.00000000

     Dynamical  Matrix in cartesian axes

     q = (   -0.750000000  -0.750000000   0.250000000 ) 

    1    1
  0.24410014  0.00000000    0.00141754  0.00000000   -0.00471215 -0.00741346
  0.00141754  0.00000000    0.24410014  0.00000000   -0.00471215 -0.00741346
 -0.00471215  0.00741346   -0.00471215  0.00741346    0.29994552  0.00000000
    1    2
 -0.05807692 -0.06767220   -0.04109833  0.13075946   -0.03625452 -0.04031784
 -0.04109833  0.13075946   -0.05807692 -0.06767220   -0.03625452 -0.04031784
 -0.03625452 -0.04031784   -0.03625452 -0.04031784   -0.05660124 -0.08684360
    2    1
 -0.05807692  0.06767220   -0.04109833 -0.13075946   -0.03625452  0.04031784
 -0.04109833 -0.13075946   -0.05807692  0.06767220   -0.03625452  0.04031784
 -0.03625452  0.04031784   -0.03625452  0.04031784   -0.05660124  0.08684360
    2    2
  0.24410014  0.00000000    0.00141754  0.00000000   -0.00471215  0.00741346
  0.00141754  0.00000000    0.24410014  0.00000000   -0.00471215  0.00741346
 -0.00471215 -0.00741346   -0.00471215 -0.00741346    0.29994552  0.00000000

     Dynamical  Matrix in cartesian axes

     q = (    0.250000000   0.750000000   0.750000000 ) 

    1    1
  0.29994552  0.00000000    0.00471215 -0.00741346    0.00471215 -0.00741346
  0.00471215  0.00741346    0.24410014  0.00000000    0.00141754  0.00000000
  0.00471215  0.00741346    0.00141754  0.00000000    0.24410014  0.00000000
    1    2
  0.08684360 -0.05660124   -0.04031784  0.03625452   -0.04031784  0.03625452
 -0.04031784  0.03625452    0.06767220 -0.05807692   -0.13075946 -0.04109833
 -0.04031784  0.03625452   -0.13075946 -0.04109833    0.06767220 -0.05807692
    2    1
  0.08684360  0.05660124   -0.04031784 -0.03625452   -0.04031784 -0.03625452
 -0.04031784 -0.03625452    0.06767220  0.05807692   -0.13075946  0.04109833
 -0.04031784 -0.03625452   -0.13075946  0.04109833    0.06767220  0.05807692
    2    2
  0.29994552  0.00000000    0.00471215  0.00741346    0.00471215  0.00741346
  0.00471215 -0.00741346    0.24410014  0.00000000    0.00141754  0.00000000
  0.00471215 -0.00741346    0.00141754  0.00000000    0.24410014  0.00000000

     Dynamical  Matrix in cartesian axes

     q = (   -0.250000000  -0.750000000   0.750000000 ) 

    1    1
  0.29994552  0.00000000    0.00471215 -0.00741346   -0.00471215  0.00741346
  0.00471215  0.00741346    0.24410014  0.00000000   -0.00141754  0.00000000
 -0.00471215 -0.00741346   -0.00141754  0.00000000    0.24410014  0.00000000
    1    2
 -0.08684360  0.05660124    0.04031784 -0.03625452   -0.04031784  0.03625452
  0.04031784 -0.03625452   -0.06767220  0.05807692   -0.13075946 -0.04109833
 -0.04031784  0.03625452   -0.13075946 -0.04109833   -0.06767220  0.05807692
    2    1
 -0.08684360 -0.05660124    0.04031784  0.03625452   -0.04031784 -0.03625452
  0.04031784  0.03625452   -0.06767220 -0.05807692   -0.13075946  0.04109833
 -0.04031784 -0.03625452   -0.13075946  0.04109833   -0.06767220 -0.05807692
    2    2
  0.29994552  0.00000000    0.00471215  0.00741346   -0.00471215 -0.00741346
  0.00471215 -0.00741346    0.24410014  0.00000000   -0.00141754  0.00000000
 -0.00471215  0.00741346   -0.00141754  0.00000000    0.24410014  0.00000000

     Dynamical  Matrix in cartesian axes

     q = (    0.750000000   0.750000000   0.250000000 ) 

    1    1
  0.24410014  0.00000000    0.00141754  0.00000000    0.00471215  0.00741346
  0.00141754  0.00000000    0.24410014  0.00000000    0.00471215  0.00741346
  0.00471215 -0.00741346    0.00471215 -0.00741346    0.29994552  0.00000000
    1    2
  0.06767220 -0.05807692   -0.13075946 -0.04109833   -0.04031784  0.03625452
 -0.13075946 -0.04109833    0.06767220 -0.05807692   -0.04031784  0.03625452
 -0.04031784  0.03625452   -0.04031784  0.03625452    0.08684360 -0.05660124
    2    1
  0.06767220  0.05807692   -0.13075946  0.04109833   -0.04031784 -0.03625452
 -0.13075946  0.04109833    0.06767220  0.05807692   -0.04031784 -0.03625452
 -0.04031784 -0.03625452   -0.04031784 -0.03625452    0.08684360  0.05660124
    2    2
  0.24410014  0.00000000    0.00141754  0.00000000    0.00471215 -0.00741346
  0.00141754  0.00000000    0.24410014  0.00000000    0.00471215 -0.00741346
  0.00471215  0.00741346    0.00471215  0.00741346    0.29994552  0.00000000

     Dynamical  Matrix in cartesian axes

     q = (    0.250000000  -0.750000000  -0.750000000 ) 

    1    1
  0.29994552  0.00000000   -0.00471215  0.00741346   -0.00471215  0.00741346
 -0.00471215 -0.00741346    0.24410014  0.00000000    0.00141754  0.00000000
 -0.00471215 -0.00741346    0.00141754  0.00000000    0.24410014  0.00000000
    1    2
 -0.05660124 -0.08684360   -0.03625452 -0.04031784   -0.03625452 -0.04031784
 -0.03625452 -0.04031784   -0.05807692 -0.06767220   -0.04109833  0.13075946
 -0.03625452 -0.04031784   -0.04109833  0.13075946   -0.05807692 -0.06767220
    2    1
 -0.05660124  0.08684360   -0.03625452  0.04031784   -0.03625452  0.04031784
 -0.03625452  0.04031784   -0.05807692  0.06767220   -0.04109833 -0.13075946
 -0.03625452  0.04031784   -0.04109833 -0.13075946   -0.05807692  0.06767220
    2    2
  0.29994552  0.00000000   -0.00471215 -0.00741346   -0.00471215 -0.00741346
 -0.00471215  0.00741346    0.24410014  0.00000000    0.00141754  0.00000000
 -0.00471215  0.00741346    0.00141754  0.00000000    0.24410014  0.00000000

     Dynamical  Matrix in cartesian axes

     q = (    0.750000000  -0.750000000  -0.250000000 ) 

    1    1
  0.24410014  0.00000000   -0.00141754  0.00000000   -0.00471215 -0.00741346
 -0.00141754  0.00000000    0.24410014  0.00000000    0.00471215  0.00741346
 -0.00471215  0.00741346    0.00471215 -0.00741346    0.29994552  0.00000000
    1    2
 -0.06767220  0.05807692   -0.13075946 -0.04109833   -0.04031784  0.03625452
 -0.13075946 -0.04109833   -0.06767220  0.05807692    0.04031784 -0.03625452
 -0.04031784  0.03625452    0.04031784 -0.03625452   -0.08684360  0.05660124
    2    1
 -0.06767220 -0.05807692   -0.13075946  0.04109833   -0.04031784 -0.03625452
 -0.13075946  0.04109833   -0.06767220 -0.05807692    0.04031784  0.03625452
 -0.04031784 -0.03625452    0.04031784  0.03625452   -0.08684360 -0.05660124
    2    2
  0.24410014  0.00000000   -0.00141754  0.00000000   -0.00471215  0.00741346
 -0.00141754  0.00000000    0.24410014  0.00000000    0.00471215 -0.00741346
 -0.00471215 -0.00741346    0.00471215  0.00741346    0.29994552  0.00000000

     Diagonalizing the dynamical matrix

     q = (    0.750000000  -0.250000000   0.750000000 ) 

 **************************************************************************
     freq (    1) =       4.289818 [THz] =     143.092920 [cm-1]
 ( -0.042626  0.498180 -0.000000  0.000000  0.042626 -0.498180 ) 
 ( -0.500000 -0.000000 -0.000000 -0.000000  0.500000  0.000000 ) 
     freq (    2) =       6.130059 [THz] =     204.476762 [cm-1]
 ( -0.400095 -0.146811 -0.332377  0.162067 -0.400095 -0.146811 ) 
 ( -0.426181 -0.000000 -0.256205 -0.266645 -0.426181  0.000000 ) 
     freq (    3) =       9.362720 [THz] =     312.306727 [cm-1]
 ( -0.082339  0.294308 -0.433941 -0.353413 -0.082339  0.294308 ) 
 (  0.305609 -0.000000 -0.223430 -0.513113  0.305609  0.000000 ) 
     freq (    4) =      11.951713 [THz] =     398.666237 [cm-1]
 ( -0.160008 -0.323872  0.400574  0.280265 -0.160008 -0.323872 ) 
 (  0.361242  0.000000 -0.428702 -0.234995  0.361242  0.000000 ) 
     freq (    5) =      13.667756 [THz] =     455.907266 [cm-1]
 ( -0.042626  0.498180  0.000000 -0.000000  0.042626 -0.498180 ) 
 (  0.500000  0.000000 -0.000000 -0.000000 -0.500000  0.000000 ) 
     freq (    6) =      13.898089 [THz] =     463.590344 [cm-1]
 (  0.284827  0.115544  0.500178 -0.246713  0.284827  0.115544 ) 
 ( -0.307371  0.000000 -0.370751 -0.416641 -0.307371  0.000000 ) 
 **************************************************************************
