Dynamical matrix file
                                                                           
  1    2  2 10.3404000  0.0000000  0.0000000  0.0000000  0.0000000  0.0000000
           1  'Si  '    25598.822984527003     
    1    1      0.0000000000      0.0000000000      0.0000000000
    2    1      0.2500000000      0.2500000000      0.2500000000

     Dynamical  Matrix in cartesian axes

     q = (   -0.250000000   0.250000000  -0.250000000 ) 

    1    1
  0.28159219  0.00000000   -0.01079792  0.00000000    0.01079792  0.00000000
 -0.01079792  0.00000000    0.28159219  0.00000000   -0.01079792  0.00000000
  0.01079792  0.00000000   -0.01079792  0.00000000    0.28159219  0.00000000
    1    2
 -0.20585008 -0.06078689   -0.03650751  0.03728164    0.03650751 -0.03728164
 -0.03650751  0.03728164   -0.20585008 -0.06078689   -0.03650751  0.03728164
  0.03650751 -0.03728164   -0.03650751  0.03728164   -0.20585008 -0.06078689
    2    1
 -0.20585008  0.06078689   -0.03650751 -0.03728164    0.03650751  0.03728164
 -0.03650751 -0.03728164   -0.20585008  0.06078689   -0.03650751 -0.03728164
  0.03650751  0.03728164   -0.03650751 -0.03728164   -0.20585008  0.06078689
    2    2
  0.28159219  0.00000000   -0.01079792  0.00000000    0.01079792  0.00000000
 -0.01079792  0.00000000    0.28159219  0.00000000   -0.01079792  0.00000000
  0.01079792  0.00000000   -0.01079792  0.00000000    0.28159219  0.00000000

     Dynamical  Matrix in cartesian axes

     q = (    0.250000000  -0.250000000  -0.250000000 ) 

    1    1
  0.28159219  0.00000000   -0.01079792  0.00000000   -0.01079792  0.00000000
 -0.01079792  0.00000000    0.28159219  0.00000000    0.01079792  0.00000000
 -0.01079792  0.00000000    0.01079792  0.00000000    0.28159219  0.00000000
    1    2
 -0.20585008 -0.06078689   -0.03650751  0.03728164   -0.03650751  0.03728164
 -0.03650751  0.03728164   -0.20585008 -0.06078689    0.03650751 -0.03728164
 -0.03650751  0.03728164    0.03650751 -0.03728164   -0.20585008 -0.06078689
    2    1
 -0.20585008  0.06078689   -0.03650751 -0.03728164   -0.03650751 -0.03728164
 -0.03650751 -0.03728164   -0.20585008  0.06078689    0.03650751  0.03728164
 -0.03650751 -0.03728164    0.03650751  0.03728164   -0.20585008  0.06078689
    2    2
  0.28159219  0.00000000   -0.01079792  0.00000000   -0.01079792  0.00000000
 -0.01079792  0.00000000    0.28159219  0.00000000    0.01079792  0.00000000
 -0.01079792  0.00000000    0.01079792  0.00000000    0.28159219  0.00000000

     Dynamical  Matrix in cartesian axes

     q = (    0.250000000  -0.250000000   0.250000000 ) 

    1    1
  0.28159219  0.00000000   -0.01079792  0.00000000    0.01079792  0.00000000
 -0.01079792  0.00000000    0.28159219  0.00000000   -0.01079792  0.00000000
  0.01079792  0.00000000   -0.01079792  0.00000000    0.28159219  0.00000000
    1    2
 -0.20585008  0.06078689   -0.03650751 -0.03728164    0.03650751  0.03728164
 -0.03650751 -0.03728164   -0.20585008  0.06078689   -0.03650751 -0.03728164
  0.03650751  0.03728164   -0.03650751 -0.03728164   -0.20585008  0.06078689
    2    1
 -0.20585008 -0.06078689   -0.03650751  0.03728164    0.03650751 -0.03728164
 -0.03650751  0.03728164   -0.20585008 -0.06078689   -0.03650751  0.03728164
  0.03650751 -0.03728164   -0.03650751  0.03728164   -0.20585008 -0.06078689
    2    2
  0.28159219  0.00000000   -0.01079792  0.00000000    0.01079792  0.00000000
 -0.01079792  0.00000000    0.28159219  0.00000000   -0.01079792  0.00000000
  0.01079792  0.00000000   -0.01079792  0.00000000    0.28159219  0.00000000

     Dynamical  Matrix in cartesian axes

     q = (    0.250000000   0.250000000   0.250000000 ) 

    1    1
  0.28159219  0.00000000    0.01079792  0.00000000    0.01079792  0.00000000
  0.01079792  0.00000000    0.28159219  0.00000000    0.01079792  0.00000000
  0.01079792  0.00000000    0.01079792  0.00000000    0.28159219  0.00000000
    1    2
 -0.06078689  0.20585008   -0.03728164 -0.03650751   -0.03728164 -0.03650751
 -0.03728164 -0.03650751   -0.06078689  0.20585008   -0.03728164 -0.03650751
 -0.03728164 -0.03650751   -0.03728164 -0.03650751   -0.06078689  0.20585008
    2    1
 -0.06078689 -0.20585008   -0.03728164  0.03650751   -0.03728164  0.03650751
 -0.03728164  0.03650751   -0.06078689 -0.20585008   -0.03728164  0.03650751
 -0.03728164  0.03650751   -0.03728164  0.03650751   -0.06078689 -0.20585008
    2    2
  0.28159219  0.00000000    0.01079792  0.00000000    0.01079792  0.00000000
  0.01079792  0.00000000    0.28159219  0.00000000    0.01079792  0.00000000
  0.01079792  0.00000000    0.01079792  0.00000000    0.28159219  0.00000000

     Dynamical  Matrix in cartesian axes

     q = (   -0.250000000  -0.250000000  -0.250000000 ) 

    1    1
  0.28159219  0.00000000    0.01079792  0.00000000    0.01079792  0.00000000
  0.01079792  0.00000000    0.28159219  0.00000000    0.01079792  0.00000000
  0.01079792  0.00000000    0.01079792  0.00000000    0.28159219  0.00000000
    1    2
 -0.06078689 -0.20585008   -0.03728164  0.03650751   -0.03728164  0.03650751
 -0.03728164  0.03650751   -0.06078689 -0.20585008   -0.03728164  0.03650751
 -0.03728164  0.03650751   -0.03728164  0.03650751   -0.06078689 -0.20585008
    2    1
 -0.06078689  0.20585008   -0.03728164 -0.03650751   -0.03728164 -0.03650751
 -0.03728164 -0.03650751   -0.06078689  0.20585008   -0.03728164 -0.03650751
 -0.03728164 -0.03650751   -0.03728164 -0.03650751   -0.06078689  0.20585008
    2    2
  0.28159219  0.00000000    0.01079792  0.00000000    0.01079792  0.00000000
  0.01079792  0.00000000    0.28159219  0.00000000    0.01079792  0.00000000
  0.01079792  0.00000000    0.01079792  0.00000000    0.28159219  0.00000000

     Dynamical  Matrix in cartesian axes

     q = (   -0.250000000  -0.250000000   0.250000000 ) 

    1    1
  0.28159219  0.00000000    0.01079792  0.00000000   -0.01079792  0.00000000
  0.01079792  0.00000000    0.28159219  0.00000000   -0.01079792  0.00000000
 -0.01079792  0.00000000   -0.01079792  0.00000000    0.28159219  0.00000000
    1    2
 -0.20585008 -0.06078689    0.03650751 -0.03728164   -0.03650751  0.03728164
  0.03650751 -0.03728164   -0.20585008 -0.06078689   -0.03650751  0.03728164
 -0.03650751  0.03728164   -0.03650751  0.03728164   -0.20585008 -0.06078689
    2    1
 -0.20585008  0.06078689    0.03650751  0.03728164   -0.03650751 -0.03728164
  0.03650751  0.03728164   -0.20585008  0.06078689   -0.03650751 -0.03728164
 -0.03650751 -0.03728164   -0.03650751 -0.03728164   -0.20585008  0.06078689
    2    2
  0.28159219  0.00000000    0.01079792  0.00000000   -0.01079792  0.00000000
  0.01079792  0.00000000    0.28159219  0.00000000   -0.01079792  0.00000000
 -0.01079792  0.00000000   -0.01079792  0.00000000    0.28159219  0.00000000

     Dynamical  Matrix in cartesian axes

     q = (   -0.250000000   0.250000000   0.250000000 ) 

    1    1
  0.28159219  0.00000000   -0.01079792  0.00000000   -0.01079792  0.00000000
 -0.01079792  0.00000000    0.28159219  0.00000000    0.01079792  0.00000000
 -0.01079792  0.00000000    0.01079792  0.00000000    0.28159219  0.00000000
    1    2
 -0.20585008  0.06078689   -0.03650751 -0.03728164   -0.03650751 -0.03728164
 -0.03650751 -0.03728164   -0.20585008  0.06078689    0.03650751  0.03728164
 -0.03650751 -0.03728164    0.03650751  0.03728164   -0.20585008  0.06078689
    2    1
 -0.20585008 -0.06078689   -0.03650751  0.03728164   -0.03650751  0.03728164
 -0.03650751  0.03728164   -0.20585008 -0.06078689    0.03650751 -0.03728164
 -0.03650751  0.03728164    0.03650751 -0.03728164   -0.20585008 -0.06078689
    2    2
  0.28159219  0.00000000   -0.01079792  0.00000000   -0.01079792  0.00000000
 -0.01079792  0.00000000    0.28159219  0.00000000    0.01079792  0.00000000
 -0.01079792  0.00000000    0.01079792  0.00000000    0.28159219  0.00000000

     Dynamical  Matrix in cartesian axes

     q = (    0.250000000   0.250000000  -0.250000000 ) 

    1    1
  0.28159219  0.00000000    0.01079792  0.00000000   -0.01079792  0.00000000
  0.01079792  0.00000000    0.28159219  0.00000000   -0.01079792  0.00000000
 -0.01079792  0.00000000   -0.01079792  0.00000000    0.28159219  0.00000000
    1    2
 -0.20585008  0.06078689    0.03650751  0.03728164   -0.03650751 -0.03728164
  0.03650751  0.03728164   -0.20585008  0.06078689   -0.03650751 -0.03728164
 -0.03650751 -0.03728164   -0.03650751 -0.03728164   -0.20585008  0.06078689
    2    1
 -0.20585008 -0.06078689    0.03650751 -0.03728164   -0.03650751  0.03728164
  0.03650751 -0.03728164   -0.20585008 -0.06078689   -0.03650751  0.03728164
 -0.03650751  0.03728164   -0.03650751  0.03728164   -0.20585008 -0.06078689
    2    2
  0.28159219  0.00000000    0.01079792  0.00000000   -0.01079792  0.00000000
  0.01079792  0.00000000    0.28159219  0.00000000   -0.01079792  0.00000000
 -0.01079792  0.00000000   -0.01079792  0.00000000    0.28159219  0.00000000

     Diagonalizing the dynamical matrix

     q = (   -0.250000000   0.250000000  -0.250000000 ) 

 **************************************************************************
     freq (    1) =       3.397366 [THz] =     113.323947 [cm-1]
 ( -0.485926  0.218915 -0.394499  0.227782  0.091427  0.008867 ) 
 ( -0.462524  0.264801 -0.370668  0.264801  0.091856 -0.000000 ) 
     freq (    2) =       3.397366 [THz] =     113.323947 [cm-1]
 ( -0.212726 -0.063505  0.354608 -0.008481  0.567334  0.055023 ) 
 ( -0.217863 -0.042673  0.352133 -0.042673  0.569996  0.000000 ) 
     freq (    3) =       6.928629 [THz] =     231.114196 [cm-1]
 ( -0.285955 -0.291370  0.285955  0.291370 -0.285955 -0.291370 ) 
 ( -0.408248  0.000000  0.408248  0.000000 -0.408248  0.000000 ) 
     freq (    4) =      14.434923 [THz] =     481.497205 [cm-1]
 (  0.285955  0.291370 -0.285955 -0.291370  0.285955  0.291370 ) 
 ( -0.408248  0.000000  0.408248  0.000000 -0.408248  0.000000 ) 
     freq (    5) =      14.745811 [THz] =     491.867314 [cm-1]
 ( -0.561826  0.087602 -0.237900  0.119018  0.323926  0.031416 ) 
 (  0.550746 -0.141428  0.225300 -0.141428 -0.325446  0.000000 ) 
     freq (    6) =      14.745811 [THz] =     491.867314 [cm-1]
 (  0.035556 -0.093521  0.510212 -0.047486  0.474657  0.046035 ) 
 ( -0.026362  0.096516 -0.503246  0.096516 -0.476884  0.000000 ) 
 **************************************************************************
