Dynamical matrix file
                                                                           
  1    2  2 10.2960000  0.0000000  0.0000000  0.0000000  0.0000000  0.0000000
           1  'Si  '    25598.822984527003     
    1    1      0.0000000000      0.0000000000      0.0000000000
    2    1      0.2500000000      0.2500000000      0.2500000000

     Dynamical  Matrix in cartesian axes

     q = (    0.750000000  -0.250000000   0.750000000 ) 

    1    1
  0.25212162  0.00000000   -0.00646439  0.00778441    0.00606839  0.00000000
 -0.00646439 -0.00778441    0.30390922  0.00000000   -0.00646439 -0.00778441
  0.00606839  0.00000000   -0.00646439  0.00778441    0.25212162  0.00000000
    1    2
 -0.06178354  0.06294360   -0.04265955  0.04513584   -0.04304609 -0.14089735
 -0.04265955  0.04513584   -0.06010385  0.08142453   -0.04265955  0.04513584
 -0.04304609 -0.14089735   -0.04265955  0.04513584   -0.06178354  0.06294360
    2    1
 -0.06178354 -0.06294360   -0.04265955 -0.04513584   -0.04304609  0.14089735
 -0.04265955 -0.04513584   -0.06010385 -0.08142453   -0.04265955 -0.04513584
 -0.04304609  0.14089735   -0.04265955 -0.04513584   -0.06178354 -0.06294360
    2    2
  0.25212162  0.00000000   -0.00646439 -0.00778441    0.00606839  0.00000000
 -0.00646439  0.00778441    0.30390922  0.00000000   -0.00646439  0.00778441
  0.00606839  0.00000000   -0.00646439 -0.00778441    0.25212162  0.00000000

     Dynamical  Matrix in cartesian axes

     q = (    0.750000000  -0.250000000  -0.750000000 ) 

    1    1
  0.25212162  0.00000000   -0.00646439 -0.00778441   -0.00606839  0.00000000
 -0.00646439  0.00778441    0.30390922  0.00000000    0.00646439 -0.00778441
 -0.00606839  0.00000000    0.00646439  0.00778441    0.25212162  0.00000000
    1    2
 -0.06294360  0.06178354   -0.04513584  0.04265955   -0.14089735 -0.04304609
 -0.04513584  0.04265955   -0.08142453  0.06010385    0.04513584 -0.04265955
 -0.14089735 -0.04304609    0.04513584 -0.04265955   -0.06294360  0.06178354
    2    1
 -0.06294360 -0.06178354   -0.04513584 -0.04265955   -0.14089735  0.04304609
 -0.04513584 -0.04265955   -0.08142453 -0.06010385    0.04513584  0.04265955
 -0.14089735  0.04304609    0.04513584  0.04265955   -0.06294360 -0.06178354
    2    2
  0.25212162  0.00000000   -0.00646439  0.00778441   -0.00606839  0.00000000
 -0.00646439 -0.00778441    0.30390922  0.00000000    0.00646439  0.00778441
 -0.00606839  0.00000000    0.00646439 -0.00778441    0.25212162  0.00000000

     Dynamical  Matrix in cartesian axes

     q = (   -0.750000000  -0.250000000  -0.750000000 ) 

    1    1
  0.25212162  0.00000000    0.00646439 -0.00778441    0.00606839  0.00000000
  0.00646439  0.00778441    0.30390922  0.00000000    0.00646439  0.00778441
  0.00606839  0.00000000    0.00646439 -0.00778441    0.25212162  0.00000000
    1    2
  0.06294360  0.06178354   -0.04513584 -0.04265955   -0.14089735  0.04304609
 -0.04513584 -0.04265955    0.08142453  0.06010385   -0.04513584 -0.04265955
 -0.14089735  0.04304609   -0.04513584 -0.04265955    0.06294360  0.06178354
    2    1
  0.06294360 -0.06178354   -0.04513584  0.04265955   -0.14089735 -0.04304609
 -0.04513584  0.04265955    0.08142453 -0.06010385   -0.04513584  0.04265955
 -0.14089735 -0.04304609   -0.04513584  0.04265955    0.06294360 -0.06178354
    2    2
  0.25212162  0.00000000    0.00646439  0.00778441    0.00606839  0.00000000
  0.00646439 -0.00778441    0.30390922  0.00000000    0.00646439 -0.00778441
  0.00606839  0.00000000    0.00646439  0.00778441    0.25212162  0.00000000

     Dynamical  Matrix in cartesian axes

     q = (   -0.750000000  -0.250000000   0.750000000 ) 

    1    1
  0.25212162  0.00000000    0.00646439  0.00778441   -0.00606839  0.00000000
  0.00646439 -0.00778441    0.30390922  0.00000000   -0.00646439  0.00778441
 -0.00606839  0.00000000   -0.00646439 -0.00778441    0.25212162  0.00000000
    1    2
 -0.06294360  0.06178354    0.04513584 -0.04265955   -0.14089735 -0.04304609
  0.04513584 -0.04265955   -0.08142453  0.06010385   -0.04513584  0.04265955
 -0.14089735 -0.04304609   -0.04513584  0.04265955   -0.06294360  0.06178354
    2    1
 -0.06294360 -0.06178354    0.04513584  0.04265955   -0.14089735  0.04304609
  0.04513584  0.04265955   -0.08142453 -0.06010385   -0.04513584 -0.04265955
 -0.14089735  0.04304609   -0.04513584 -0.04265955   -0.06294360 -0.06178354
    2    2
  0.25212162  0.00000000    0.00646439 -0.00778441   -0.00606839  0.00000000
  0.00646439  0.00778441    0.30390922  0.00000000   -0.00646439 -0.00778441
 -0.00606839  0.00000000   -0.00646439  0.00778441    0.25212162  0.00000000

     Dynamical  Matrix in cartesian axes

     q = (   -0.750000000   0.250000000  -0.750000000 ) 

    1    1
  0.25212162  0.00000000   -0.00646439 -0.00778441    0.00606839  0.00000000
 -0.00646439  0.00778441    0.30390922  0.00000000   -0.00646439  0.00778441
  0.00606839  0.00000000   -0.00646439 -0.00778441    0.25212162  0.00000000
    1    2
 -0.06178354 -0.06294360   -0.04265955 -0.04513584   -0.04304609  0.14089735
 -0.04265955 -0.04513584   -0.06010385 -0.08142453   -0.04265955 -0.04513584
 -0.04304609  0.14089735   -0.04265955 -0.04513584   -0.06178354 -0.06294360
    2    1
 -0.06178354  0.06294360   -0.04265955  0.04513584   -0.04304609 -0.14089735
 -0.04265955  0.04513584   -0.06010385  0.08142453   -0.04265955  0.04513584
 -0.04304609 -0.14089735   -0.04265955  0.04513584   -0.06178354  0.06294360
    2    2
  0.25212162  0.00000000   -0.00646439  0.00778441    0.00606839  0.00000000
 -0.00646439 -0.00778441    0.30390922  0.00000000   -0.00646439 -0.00778441
  0.00606839  0.00000000   -0.00646439  0.00778441    0.25212162  0.00000000

     Dynamical  Matrix in cartesian axes

     q = (   -0.250000000   0.750000000  -0.750000000 ) 

    1    1
  0.30390922  0.00000000   -0.00646439  0.00778441    0.00646439 -0.00778441
 -0.00646439 -0.00778441    0.25212162  0.00000000   -0.00606839  0.00000000
  0.00646439  0.00778441   -0.00606839  0.00000000    0.25212162  0.00000000
    1    2
 -0.08142453  0.06010385   -0.04513584  0.04265955    0.04513584 -0.04265955
 -0.04513584  0.04265955   -0.06294360  0.06178354   -0.14089735 -0.04304609
  0.04513584 -0.04265955   -0.14089735 -0.04304609   -0.06294360  0.06178354
    2    1
 -0.08142453 -0.06010385   -0.04513584 -0.04265955    0.04513584  0.04265955
 -0.04513584 -0.04265955   -0.06294360 -0.06178354   -0.14089735  0.04304609
  0.04513584  0.04265955   -0.14089735  0.04304609   -0.06294360 -0.06178354
    2    2
  0.30390922  0.00000000   -0.00646439 -0.00778441    0.00646439  0.00778441
 -0.00646439  0.00778441    0.25212162  0.00000000   -0.00606839  0.00000000
  0.00646439 -0.00778441   -0.00606839  0.00000000    0.25212162  0.00000000

     Dynamical  Matrix in cartesian axes

     q = (   -0.750000000   0.750000000  -0.250000000 ) 

    1    1
  0.25212162  0.00000000   -0.00606839  0.00000000    0.00646439  0.00778441
 -0.00606839  0.00000000    0.25212162  0.00000000   -0.00646439 -0.00778441
  0.00646439 -0.00778441   -0.00646439  0.00778441    0.30390922  0.00000000
    1    2
 -0.06294360  0.06178354   -0.14089735 -0.04304609    0.04513584 -0.04265955
 -0.14089735 -0.04304609   -0.06294360  0.06178354   -0.04513584  0.04265955
  0.04513584 -0.04265955   -0.04513584  0.04265955   -0.08142453  0.06010385
    2    1
 -0.06294360 -0.06178354   -0.14089735  0.04304609    0.04513584  0.04265955
 -0.14089735  0.04304609   -0.06294360 -0.06178354   -0.04513584 -0.04265955
  0.04513584  0.04265955   -0.04513584 -0.04265955   -0.08142453 -0.06010385
    2    2
  0.25212162  0.00000000   -0.00606839  0.00000000    0.00646439 -0.00778441
 -0.00606839  0.00000000    0.25212162  0.00000000   -0.00646439  0.00778441
  0.00646439  0.00778441   -0.00646439 -0.00778441    0.30390922  0.00000000

     Dynamical  Matrix in cartesian axes

     q = (    0.750000000   0.250000000   0.750000000 ) 

    1    1
  0.25212162  0.00000000    0.00646439  0.00778441    0.00606839  0.00000000
  0.00646439 -0.00778441    0.30390922  0.00000000    0.00646439 -0.00778441
  0.00606839  0.00000000    0.00646439  0.00778441    0.25212162  0.00000000
    1    2
  0.06294360 -0.06178354   -0.04513584  0.04265955   -0.14089735 -0.04304609
 -0.04513584  0.04265955    0.08142453 -0.06010385   -0.04513584  0.04265955
 -0.14089735 -0.04304609   -0.04513584  0.04265955    0.06294360 -0.06178354
    2    1
  0.06294360  0.06178354   -0.04513584 -0.04265955   -0.14089735  0.04304609
 -0.04513584 -0.04265955    0.08142453  0.06010385   -0.04513584 -0.04265955
 -0.14089735  0.04304609   -0.04513584 -0.04265955    0.06294360  0.06178354
    2    2
  0.25212162  0.00000000    0.00646439 -0.00778441    0.00606839  0.00000000
  0.00646439  0.00778441    0.30390922  0.00000000    0.00646439  0.00778441
  0.00606839  0.00000000    0.00646439 -0.00778441    0.25212162  0.00000000

     Dynamical  Matrix in cartesian axes

     q = (   -0.750000000   0.250000000   0.750000000 ) 

    1    1
  0.25212162  0.00000000   -0.00646439  0.00778441   -0.00606839  0.00000000
 -0.00646439 -0.00778441    0.30390922  0.00000000    0.00646439  0.00778441
 -0.00606839  0.00000000    0.00646439 -0.00778441    0.25212162  0.00000000
    1    2
 -0.06294360 -0.06178354   -0.04513584 -0.04265955   -0.14089735  0.04304609
 -0.04513584 -0.04265955   -0.08142453 -0.06010385    0.04513584  0.04265955
 -0.14089735  0.04304609    0.04513584  0.04265955   -0.06294360 -0.06178354
    2    1
 -0.06294360  0.06178354   -0.04513584  0.04265955   -0.14089735 -0.04304609
 -0.04513584  0.04265955   -0.08142453  0.06010385    0.04513584 -0.04265955
 -0.14089735 -0.04304609    0.04513584 -0.04265955   -0.06294360  0.06178354
    2    2
  0.25212162  0.00000000   -0.00646439 -0.00778441   -0.00606839  0.00000000
 -0.00646439  0.00778441    0.30390922  0.00000000    0.00646439 -0.00778441
 -0.00606839  0.00000000    0.00646439  0.00778441    0.25212162  0.00000000

     Dynamical  Matrix in cartesian axes

     q = (    0.750000000   0.250000000  -0.750000000 ) 

    1    1
  0.25212162  0.00000000    0.00646439 -0.00778441   -0.00606839  0.00000000
  0.00646439  0.00778441    0.30390922  0.00000000   -0.00646439 -0.00778441
 -0.00606839  0.00000000   -0.00646439  0.00778441    0.25212162  0.00000000
    1    2
 -0.06294360 -0.06178354    0.04513584  0.04265955   -0.14089735  0.04304609
  0.04513584  0.04265955   -0.08142453 -0.06010385   -0.04513584 -0.04265955
 -0.14089735  0.04304609   -0.04513584 -0.04265955   -0.06294360 -0.06178354
    2    1
 -0.06294360  0.06178354    0.04513584 -0.04265955   -0.14089735 -0.04304609
  0.04513584 -0.04265955   -0.08142453  0.06010385   -0.04513584  0.04265955
 -0.14089735 -0.04304609   -0.04513584  0.04265955   -0.06294360  0.06178354
    2    2
  0.25212162  0.00000000    0.00646439  0.00778441   -0.00606839  0.00000000
  0.00646439 -0.00778441    0.30390922  0.00000000   -0.00646439  0.00778441
 -0.00606839  0.00000000   -0.00646439 -0.00778441    0.25212162  0.00000000

     Dynamical  Matrix in cartesian axes

     q = (   -0.750000000   0.750000000   0.250000000 ) 

    1    1
  0.25212162  0.00000000   -0.00606839  0.00000000   -0.00646439  0.00778441
 -0.00606839  0.00000000    0.25212162  0.00000000    0.00646439 -0.00778441
 -0.00646439 -0.00778441    0.00646439  0.00778441    0.30390922  0.00000000
    1    2
 -0.06294360 -0.06178354   -0.14089735  0.04304609   -0.04513584 -0.04265955
 -0.14089735  0.04304609   -0.06294360 -0.06178354    0.04513584  0.04265955
 -0.04513584 -0.04265955    0.04513584  0.04265955   -0.08142453 -0.06010385
    2    1
 -0.06294360  0.06178354   -0.14089735 -0.04304609   -0.04513584  0.04265955
 -0.14089735 -0.04304609   -0.06294360  0.06178354    0.04513584 -0.04265955
 -0.04513584  0.04265955    0.04513584 -0.04265955   -0.08142453  0.06010385
    2    2
  0.25212162  0.00000000   -0.00606839  0.00000000   -0.00646439 -0.00778441
 -0.00606839  0.00000000    0.25212162  0.00000000    0.00646439  0.00778441
 -0.00646439  0.00778441    0.00646439 -0.00778441    0.30390922  0.00000000

     Dynamical  Matrix in cartesian axes

     q = (   -0.250000000   0.750000000   0.750000000 ) 

    1    1
  0.30390922  0.00000000   -0.00646439 -0.00778441   -0.00646439 -0.00778441
 -0.00646439  0.00778441    0.25212162  0.00000000    0.00606839  0.00000000
 -0.00646439  0.00778441    0.00606839  0.00000000    0.25212162  0.00000000
    1    2
 -0.06010385  0.08142453   -0.04265955  0.04513584   -0.04265955  0.04513584
 -0.04265955  0.04513584   -0.06178354  0.06294360   -0.04304609 -0.14089735
 -0.04265955  0.04513584   -0.04304609 -0.14089735   -0.06178354  0.06294360
    2    1
 -0.06010385 -0.08142453   -0.04265955 -0.04513584   -0.04265955 -0.04513584
 -0.04265955 -0.04513584   -0.06178354 -0.06294360   -0.04304609  0.14089735
 -0.04265955 -0.04513584   -0.04304609  0.14089735   -0.06178354 -0.06294360
    2    2
  0.30390922  0.00000000   -0.00646439  0.00778441   -0.00646439  0.00778441
 -0.00646439 -0.00778441    0.25212162  0.00000000    0.00606839  0.00000000
 -0.00646439 -0.00778441    0.00606839  0.00000000    0.25212162  0.00000000

     Dynamical  Matrix in cartesian axes

     q = (    0.250000000   0.750000000  -0.750000000 ) 

    1    1
  0.30390922  0.00000000    0.00646439  0.00778441   -0.00646439 -0.00778441
  0.00646439 -0.00778441    0.25212162  0.00000000   -0.00606839  0.00000000
 -0.00646439  0.00778441   -0.00606839  0.00000000    0.25212162  0.00000000
    1    2
 -0.08142453 -0.06010385    0.04513584  0.04265955   -0.04513584 -0.04265955
  0.04513584  0.04265955   -0.06294360 -0.06178354   -0.14089735  0.04304609
 -0.04513584 -0.04265955   -0.14089735  0.04304609   -0.06294360 -0.06178354
    2    1
 -0.08142453  0.06010385    0.04513584 -0.04265955   -0.04513584  0.04265955
  0.04513584 -0.04265955   -0.06294360  0.06178354   -0.14089735 -0.04304609
 -0.04513584  0.04265955   -0.14089735 -0.04304609   -0.06294360  0.06178354
    2    2
  0.30390922  0.00000000    0.00646439 -0.00778441   -0.00646439  0.00778441
  0.00646439  0.00778441    0.25212162  0.00000000   -0.00606839  0.00000000
 -0.00646439 -0.00778441   -0.00606839  0.00000000    0.25212162  0.00000000

     Dynamical  Matrix in cartesian axes

     q = (   -0.250000000  -0.750000000  -0.750000000 ) 

    1    1
  0.30390922  0.00000000    0.00646439  0.00778441    0.00646439  0.00778441
  0.00646439 -0.00778441    0.25212162  0.00000000    0.00606839  0.00000000
  0.00646439 -0.00778441    0.00606839  0.00000000    0.25212162  0.00000000
    1    2
  0.08142453  0.06010385   -0.04513584 -0.04265955   -0.04513584 -0.04265955
 -0.04513584 -0.04265955    0.06294360  0.06178354   -0.14089735  0.04304609
 -0.04513584 -0.04265955   -0.14089735  0.04304609    0.06294360  0.06178354
    2    1
  0.08142453 -0.06010385   -0.04513584  0.04265955   -0.04513584  0.04265955
 -0.04513584  0.04265955    0.06294360 -0.06178354   -0.14089735 -0.04304609
 -0.04513584  0.04265955   -0.14089735 -0.04304609    0.06294360 -0.06178354
    2    2
  0.30390922  0.00000000    0.00646439 -0.00778441    0.00646439 -0.00778441
  0.00646439  0.00778441    0.25212162  0.00000000    0.00606839  0.00000000
  0.00646439  0.00778441    0.00606839  0.00000000    0.25212162  0.00000000

     Dynamical  Matrix in cartesian axes

     q = (    0.750000000   0.750000000  -0.250000000 ) 

    1    1
  0.25212162  0.00000000    0.00606839  0.00000000   -0.00646439  0.00778441
  0.00606839  0.00000000    0.25212162  0.00000000   -0.00646439  0.00778441
 -0.00646439 -0.00778441   -0.00646439 -0.00778441    0.30390922  0.00000000
    1    2
 -0.06178354  0.06294360   -0.04304609 -0.14089735   -0.04265955  0.04513584
 -0.04304609 -0.14089735   -0.06178354  0.06294360   -0.04265955  0.04513584
 -0.04265955  0.04513584   -0.04265955  0.04513584   -0.06010385  0.08142453
    2    1
 -0.06178354 -0.06294360   -0.04304609  0.14089735   -0.04265955 -0.04513584
 -0.04304609  0.14089735   -0.06178354 -0.06294360   -0.04265955 -0.04513584
 -0.04265955 -0.04513584   -0.04265955 -0.04513584   -0.06010385 -0.08142453
    2    2
  0.25212162  0.00000000    0.00606839  0.00000000   -0.00646439 -0.00778441
  0.00606839  0.00000000    0.25212162  0.00000000   -0.00646439 -0.00778441
 -0.00646439  0.00778441   -0.00646439  0.00778441    0.30390922  0.00000000

     Dynamical  Matrix in cartesian axes

     q = (    0.750000000  -0.750000000   0.250000000 ) 

    1    1
  0.25212162  0.00000000   -0.00606839  0.00000000    0.00646439 -0.00778441
 -0.00606839  0.00000000    0.25212162  0.00000000   -0.00646439  0.00778441
  0.00646439  0.00778441   -0.00646439 -0.00778441    0.30390922  0.00000000
    1    2
 -0.06294360 -0.06178354   -0.14089735  0.04304609    0.04513584  0.04265955
 -0.14089735  0.04304609   -0.06294360 -0.06178354   -0.04513584 -0.04265955
  0.04513584  0.04265955   -0.04513584 -0.04265955   -0.08142453 -0.06010385
    2    1
 -0.06294360  0.06178354   -0.14089735 -0.04304609    0.04513584 -0.04265955
 -0.14089735 -0.04304609   -0.06294360  0.06178354   -0.04513584  0.04265955
  0.04513584 -0.04265955   -0.04513584  0.04265955   -0.08142453  0.06010385
    2    2
  0.25212162  0.00000000   -0.00606839  0.00000000    0.00646439  0.00778441
 -0.00606839  0.00000000    0.25212162  0.00000000   -0.00646439 -0.00778441
  0.00646439 -0.00778441   -0.00646439  0.00778441    0.30390922  0.00000000

     Dynamical  Matrix in cartesian axes

     q = (   -0.750000000  -0.750000000  -0.250000000 ) 

    1    1
  0.25212162  0.00000000    0.00606839  0.00000000    0.00646439 -0.00778441
  0.00606839  0.00000000    0.25212162  0.00000000    0.00646439 -0.00778441
  0.00646439  0.00778441    0.00646439  0.00778441    0.30390922  0.00000000
    1    2
  0.06294360  0.06178354   -0.14089735  0.04304609   -0.04513584 -0.04265955
 -0.14089735  0.04304609    0.06294360  0.06178354   -0.04513584 -0.04265955
 -0.04513584 -0.04265955   -0.04513584 -0.04265955    0.08142453  0.06010385
    2    1
  0.06294360 -0.06178354   -0.14089735 -0.04304609   -0.04513584  0.04265955
 -0.14089735 -0.04304609    0.06294360 -0.06178354   -0.04513584  0.04265955
 -0.04513584  0.04265955   -0.04513584  0.04265955    0.08142453 -0.06010385
    2    2
  0.25212162  0.00000000    0.00606839  0.00000000    0.00646439  0.00778441
  0.00606839  0.00000000    0.25212162  0.00000000    0.00646439  0.00778441
  0.00646439 -0.00778441    0.00646439 -0.00778441    0.30390922  0.00000000

     Dynamical  Matrix in cartesian axes

     q = (    0.250000000  -0.750000000   0.750000000 ) 

    1    1
  0.30390922  0.00000000   -0.00646439 -0.00778441    0.00646439  0.00778441
 -0.00646439  0.00778441    0.25212162  0.00000000   -0.00606839  0.00000000
  0.00646439 -0.00778441   -0.00606839  0.00000000    0.25212162  0.00000000
    1    2
 -0.08142453 -0.06010385   -0.04513584 -0.04265955    0.04513584  0.04265955
 -0.04513584 -0.04265955   -0.06294360 -0.06178354   -0.14089735  0.04304609
  0.04513584  0.04265955   -0.14089735  0.04304609   -0.06294360 -0.06178354
    2    1
 -0.08142453  0.06010385   -0.04513584  0.04265955    0.04513584 -0.04265955
 -0.04513584  0.04265955   -0.06294360  0.06178354   -0.14089735 -0.04304609
  0.04513584 -0.04265955   -0.14089735 -0.04304609   -0.06294360  0.06178354
    2    2
  0.30390922  0.00000000   -0.00646439  0.00778441    0.00646439 -0.00778441
 -0.00646439 -0.00778441    0.25212162  0.00000000   -0.00606839  0.00000000
  0.00646439  0.00778441   -0.00606839  0.00000000    0.25212162  0.00000000

     Dynamical  Matrix in cartesian axes

     q = (   -0.750000000  -0.750000000   0.250000000 ) 

    1    1
  0.25212162  0.00000000    0.00606839  0.00000000   -0.00646439 -0.00778441
  0.00606839  0.00000000    0.25212162  0.00000000   -0.00646439 -0.00778441
 -0.00646439  0.00778441   -0.00646439  0.00778441    0.30390922  0.00000000
    1    2
 -0.06178354 -0.06294360   -0.04304609  0.14089735   -0.04265955 -0.04513584
 -0.04304609  0.14089735   -0.06178354 -0.06294360   -0.04265955 -0.04513584
 -0.04265955 -0.04513584   -0.04265955 -0.04513584   -0.06010385 -0.08142453
    2    1
 -0.06178354  0.06294360   -0.04304609 -0.14089735   -0.04265955  0.04513584
 -0.04304609 -0.14089735   -0.06178354  0.06294360   -0.04265955  0.04513584
 -0.04265955  0.04513584   -0.04265955  0.04513584   -0.06010385  0.08142453
    2    2
  0.25212162  0.00000000    0.00606839  0.00000000   -0.00646439  0.00778441
  0.00606839  0.00000000    0.25212162  0.00000000   -0.00646439  0.00778441
 -0.00646439 -0.00778441   -0.00646439 -0.00778441    0.30390922  0.00000000

     Dynamical  Matrix in cartesian axes

     q = (    0.250000000   0.750000000   0.750000000 ) 

    1    1
  0.30390922  0.00000000    0.00646439 -0.00778441    0.00646439 -0.00778441
  0.00646439  0.00778441    0.25212162  0.00000000    0.00606839  0.00000000
  0.00646439  0.00778441    0.00606839  0.00000000    0.25212162  0.00000000
    1    2
  0.08142453 -0.06010385   -0.04513584  0.04265955   -0.04513584  0.04265955
 -0.04513584  0.04265955    0.06294360 -0.06178354   -0.14089735 -0.04304609
 -0.04513584  0.04265955   -0.14089735 -0.04304609    0.06294360 -0.06178354
    2    1
  0.08142453  0.06010385   -0.04513584 -0.04265955   -0.04513584 -0.04265955
 -0.04513584 -0.04265955    0.06294360  0.06178354   -0.14089735  0.04304609
 -0.04513584 -0.04265955   -0.14089735  0.04304609    0.06294360  0.06178354
    2    2
  0.30390922  0.00000000    0.00646439  0.00778441    0.00646439  0.00778441
  0.00646439 -0.00778441    0.25212162  0.00000000    0.00606839  0.00000000
  0.00646439 -0.00778441    0.00606839  0.00000000    0.25212162  0.00000000

     Dynamical  Matrix in cartesian axes

     q = (   -0.250000000  -0.750000000   0.750000000 ) 

    1    1
  0.30390922  0.00000000    0.00646439 -0.00778441   -0.00646439  0.00778441
  0.00646439  0.00778441    0.25212162  0.00000000   -0.00606839  0.00000000
 -0.00646439 -0.00778441   -0.00606839  0.00000000    0.25212162  0.00000000
    1    2
 -0.08142453  0.06010385    0.04513584 -0.04265955   -0.04513584  0.04265955
  0.04513584 -0.04265955   -0.06294360  0.06178354   -0.14089735 -0.04304609
 -0.04513584  0.04265955   -0.14089735 -0.04304609   -0.06294360  0.06178354
    2    1
 -0.08142453 -0.06010385    0.04513584  0.04265955   -0.04513584 -0.04265955
  0.04513584  0.04265955   -0.06294360 -0.06178354   -0.14089735  0.04304609
 -0.04513584 -0.04265955   -0.14089735  0.04304609   -0.06294360 -0.06178354
    2    2
  0.30390922  0.00000000    0.00646439  0.00778441   -0.00646439 -0.00778441
  0.00646439 -0.00778441    0.25212162  0.00000000   -0.00606839  0.00000000
 -0.00646439  0.00778441   -0.00606839  0.00000000    0.25212162  0.00000000

     Dynamical  Matrix in cartesian axes

     q = (    0.750000000   0.750000000   0.250000000 ) 

    1    1
  0.25212162  0.00000000    0.00606839  0.00000000    0.00646439  0.00778441
  0.00606839  0.00000000    0.25212162  0.00000000    0.00646439  0.00778441
  0.00646439 -0.00778441    0.00646439 -0.00778441    0.30390922  0.00000000
    1    2
  0.06294360 -0.06178354   -0.14089735 -0.04304609   -0.04513584  0.04265955
 -0.14089735 -0.04304609    0.06294360 -0.06178354   -0.04513584  0.04265955
 -0.04513584  0.04265955   -0.04513584  0.04265955    0.08142453 -0.06010385
    2    1
  0.06294360  0.06178354   -0.14089735  0.04304609   -0.04513584 -0.04265955
 -0.14089735  0.04304609    0.06294360  0.06178354   -0.04513584 -0.04265955
 -0.04513584 -0.04265955   -0.04513584 -0.04265955    0.08142453  0.06010385
    2    2
  0.25212162  0.00000000    0.00606839  0.00000000    0.00646439 -0.00778441
  0.00606839  0.00000000    0.25212162  0.00000000    0.00646439 -0.00778441
  0.00646439  0.00778441    0.00646439  0.00778441    0.30390922  0.00000000

     Dynamical  Matrix in cartesian axes

     q = (    0.250000000  -0.750000000  -0.750000000 ) 

    1    1
  0.30390922  0.00000000   -0.00646439  0.00778441   -0.00646439  0.00778441
 -0.00646439 -0.00778441    0.25212162  0.00000000    0.00606839  0.00000000
 -0.00646439 -0.00778441    0.00606839  0.00000000    0.25212162  0.00000000
    1    2
 -0.06010385 -0.08142453   -0.04265955 -0.04513584   -0.04265955 -0.04513584
 -0.04265955 -0.04513584   -0.06178354 -0.06294360   -0.04304609  0.14089735
 -0.04265955 -0.04513584   -0.04304609  0.14089735   -0.06178354 -0.06294360
    2    1
 -0.06010385  0.08142453   -0.04265955  0.04513584   -0.04265955  0.04513584
 -0.04265955  0.04513584   -0.06178354  0.06294360   -0.04304609 -0.14089735
 -0.04265955  0.04513584   -0.04304609 -0.14089735   -0.06178354  0.06294360
    2    2
  0.30390922  0.00000000   -0.00646439 -0.00778441   -0.00646439 -0.00778441
 -0.00646439  0.00778441    0.25212162  0.00000000    0.00606839  0.00000000
 -0.00646439  0.00778441    0.00606839  0.00000000    0.25212162  0.00000000

     Dynamical  Matrix in cartesian axes

     q = (    0.750000000  -0.750000000  -0.250000000 ) 

    1    1
  0.25212162  0.00000000   -0.00606839  0.00000000   -0.00646439 -0.00778441
 -0.00606839  0.00000000    0.25212162  0.00000000    0.00646439  0.00778441
 -0.00646439  0.00778441    0.00646439 -0.00778441    0.30390922  0.00000000
    1    2
 -0.06294360  0.06178354   -0.14089735 -0.04304609   -0.04513584  0.04265955
 -0.14089735 -0.04304609   -0.06294360  0.06178354    0.04513584 -0.04265955
 -0.04513584  0.04265955    0.04513584 -0.04265955   -0.08142453  0.06010385
    2    1
 -0.06294360 -0.06178354   -0.14089735  0.04304609   -0.04513584 -0.04265955
 -0.14089735  0.04304609   -0.06294360 -0.06178354    0.04513584  0.04265955
 -0.04513584 -0.04265955    0.04513584  0.04265955   -0.08142453 -0.06010385
    2    2
  0.25212162  0.00000000   -0.00606839  0.00000000   -0.00646439  0.00778441
 -0.00606839  0.00000000    0.25212162  0.00000000    0.00646439 -0.00778441
 -0.00646439 -0.00778441    0.00646439  0.00778441    0.30390922  0.00000000

     Diagonalizing the dynamical matrix

     q = (    0.750000000  -0.250000000   0.750000000 ) 

 **************************************************************************
     freq (    1) =       4.181365 [THz] =     139.475314 [cm-1]
 (  0.045768 -0.497901  0.000000 -0.000000 -0.045768  0.497901 ) 
 (  0.500000  0.000000  0.000000  0.000000 -0.500000  0.000000 ) 
     freq (    2) =       5.865303 [THz] =     195.645454 [cm-1]
 ( -0.388876 -0.167832 -0.343140  0.153201 -0.388876 -0.167832 ) 
 ( -0.423547 -0.000000 -0.254345 -0.276630 -0.423547  0.000000 ) 
     freq (    3) =       9.459122 [THz] =     315.522363 [cm-1]
 (  0.122070 -0.285102  0.373559  0.409982  0.122070 -0.285102 ) 
 ( -0.310136 -0.000000  0.229856  0.504775 -0.310136  0.000000 ) 
     freq (    4) =      12.241526 [THz] =     408.333351 [cm-1]
 (  0.067395  0.317079 -0.401256 -0.358930  0.067395  0.317079 ) 
 ( -0.324163 -0.000000  0.434510  0.317865 -0.324163  0.000000 ) 
     freq (    5) =      13.804943 [THz] =     460.483334 [cm-1]
 (  0.045768 -0.497901  0.000000  0.000000 -0.045768  0.497901 ) 
 ( -0.500000 -0.000000 -0.000000 -0.000000  0.500000  0.000000 ) 
     freq (    6) =      14.197676 [THz] =     473.583497 [cm-1]
 ( -0.303949 -0.164186 -0.461861  0.219088 -0.303949 -0.164186 ) 
 (  0.345459  0.000000  0.302239  0.412271  0.345459 -0.000000 ) 
 **************************************************************************
