Dynamical matrix file
                                                                           
  1    2  2 10.3320000  0.0000000  0.0000000  0.0000000  0.0000000  0.0000000
           1  'Si  '    25598.822984527003     
    1    1      0.0000000000      0.0000000000      0.0000000000
    2    1      0.2500000000      0.2500000000      0.2500000000

     Dynamical  Matrix in cartesian axes

     q = (   -0.250000000   0.250000000  -0.250000000 ) 

    1    1
  0.26989064  0.00000000   -0.01093657  0.00000000    0.01093657  0.00000000
 -0.01093657  0.00000000    0.26989064  0.00000000   -0.01093657  0.00000000
  0.01093657  0.00000000   -0.01093657  0.00000000    0.26989064  0.00000000
    1    2
 -0.19412558 -0.05580056   -0.03690847  0.03763015    0.03690847 -0.03763015
 -0.03690847  0.03763015   -0.19412558 -0.05580056   -0.03690847  0.03763015
  0.03690847 -0.03763015   -0.03690847  0.03763015   -0.19412558 -0.05580056
    2    1
 -0.19412558  0.05580056   -0.03690847 -0.03763015    0.03690847  0.03763015
 -0.03690847 -0.03763015   -0.19412558  0.05580056   -0.03690847 -0.03763015
  0.03690847  0.03763015   -0.03690847 -0.03763015   -0.19412558  0.05580056
    2    2
  0.26989064  0.00000000   -0.01093657  0.00000000    0.01093657  0.00000000
 -0.01093657  0.00000000    0.26989064  0.00000000   -0.01093657  0.00000000
  0.01093657  0.00000000   -0.01093657  0.00000000    0.26989064  0.00000000

     Dynamical  Matrix in cartesian axes

     q = (    0.250000000  -0.250000000  -0.250000000 ) 

    1    1
  0.26989064  0.00000000   -0.01093657  0.00000000   -0.01093657  0.00000000
 -0.01093657  0.00000000    0.26989064  0.00000000    0.01093657  0.00000000
 -0.01093657  0.00000000    0.01093657  0.00000000    0.26989064  0.00000000
    1    2
 -0.19412558 -0.05580056   -0.03690847  0.03763015   -0.03690847  0.03763015
 -0.03690847  0.03763015   -0.19412558 -0.05580056    0.03690847 -0.03763015
 -0.03690847  0.03763015    0.03690847 -0.03763015   -0.19412558 -0.05580056
    2    1
 -0.19412558  0.05580056   -0.03690847 -0.03763015   -0.03690847 -0.03763015
 -0.03690847 -0.03763015   -0.19412558  0.05580056    0.03690847  0.03763015
 -0.03690847 -0.03763015    0.03690847  0.03763015   -0.19412558  0.05580056
    2    2
  0.26989064  0.00000000   -0.01093657  0.00000000   -0.01093657  0.00000000
 -0.01093657  0.00000000    0.26989064  0.00000000    0.01093657  0.00000000
 -0.01093657  0.00000000    0.01093657  0.00000000    0.26989064  0.00000000

     Dynamical  Matrix in cartesian axes

     q = (    0.250000000  -0.250000000   0.250000000 ) 

    1    1
  0.26989064  0.00000000   -0.01093657  0.00000000    0.01093657  0.00000000
 -0.01093657  0.00000000    0.26989064  0.00000000   -0.01093657  0.00000000
  0.01093657  0.00000000   -0.01093657  0.00000000    0.26989064  0.00000000
    1    2
 -0.19412558  0.05580056   -0.03690847 -0.03763015    0.03690847  0.03763015
 -0.03690847 -0.03763015   -0.19412558  0.05580056   -0.03690847 -0.03763015
  0.03690847  0.03763015   -0.03690847 -0.03763015   -0.19412558  0.05580056
    2    1
 -0.19412558 -0.05580056   -0.03690847  0.03763015    0.03690847 -0.03763015
 -0.03690847  0.03763015   -0.19412558 -0.05580056   -0.03690847  0.03763015
  0.03690847 -0.03763015   -0.03690847  0.03763015   -0.19412558 -0.05580056
    2    2
  0.26989064  0.00000000   -0.01093657  0.00000000    0.01093657  0.00000000
 -0.01093657  0.00000000    0.26989064  0.00000000   -0.01093657  0.00000000
  0.01093657  0.00000000   -0.01093657  0.00000000    0.26989064  0.00000000

     Dynamical  Matrix in cartesian axes

     q = (    0.250000000   0.250000000   0.250000000 ) 

    1    1
  0.26989064  0.00000000    0.01093657  0.00000000    0.01093657  0.00000000
  0.01093657  0.00000000    0.26989064  0.00000000    0.01093657  0.00000000
  0.01093657  0.00000000    0.01093657  0.00000000    0.26989064  0.00000000
    1    2
 -0.05580056  0.19412558   -0.03763015 -0.03690847   -0.03763015 -0.03690847
 -0.03763015 -0.03690847   -0.05580056  0.19412558   -0.03763015 -0.03690847
 -0.03763015 -0.03690847   -0.03763015 -0.03690847   -0.05580056  0.19412558
    2    1
 -0.05580056 -0.19412558   -0.03763015  0.03690847   -0.03763015  0.03690847
 -0.03763015  0.03690847   -0.05580056 -0.19412558   -0.03763015  0.03690847
 -0.03763015  0.03690847   -0.03763015  0.03690847   -0.05580056 -0.19412558
    2    2
  0.26989064  0.00000000    0.01093657  0.00000000    0.01093657  0.00000000
  0.01093657  0.00000000    0.26989064  0.00000000    0.01093657  0.00000000
  0.01093657  0.00000000    0.01093657  0.00000000    0.26989064  0.00000000

     Dynamical  Matrix in cartesian axes

     q = (   -0.250000000  -0.250000000  -0.250000000 ) 

    1    1
  0.26989064  0.00000000    0.01093657  0.00000000    0.01093657  0.00000000
  0.01093657  0.00000000    0.26989064  0.00000000    0.01093657  0.00000000
  0.01093657  0.00000000    0.01093657  0.00000000    0.26989064  0.00000000
    1    2
 -0.05580056 -0.19412558   -0.03763015  0.03690847   -0.03763015  0.03690847
 -0.03763015  0.03690847   -0.05580056 -0.19412558   -0.03763015  0.03690847
 -0.03763015  0.03690847   -0.03763015  0.03690847   -0.05580056 -0.19412558
    2    1
 -0.05580056  0.19412558   -0.03763015 -0.03690847   -0.03763015 -0.03690847
 -0.03763015 -0.03690847   -0.05580056  0.19412558   -0.03763015 -0.03690847
 -0.03763015 -0.03690847   -0.03763015 -0.03690847   -0.05580056  0.19412558
    2    2
  0.26989064  0.00000000    0.01093657  0.00000000    0.01093657  0.00000000
  0.01093657  0.00000000    0.26989064  0.00000000    0.01093657  0.00000000
  0.01093657  0.00000000    0.01093657  0.00000000    0.26989064  0.00000000

     Dynamical  Matrix in cartesian axes

     q = (   -0.250000000  -0.250000000   0.250000000 ) 

    1    1
  0.26989064  0.00000000    0.01093657  0.00000000   -0.01093657  0.00000000
  0.01093657  0.00000000    0.26989064  0.00000000   -0.01093657  0.00000000
 -0.01093657  0.00000000   -0.01093657  0.00000000    0.26989064  0.00000000
    1    2
 -0.19412558 -0.05580056    0.03690847 -0.03763015   -0.03690847  0.03763015
  0.03690847 -0.03763015   -0.19412558 -0.05580056   -0.03690847  0.03763015
 -0.03690847  0.03763015   -0.03690847  0.03763015   -0.19412558 -0.05580056
    2    1
 -0.19412558  0.05580056    0.03690847  0.03763015   -0.03690847 -0.03763015
  0.03690847  0.03763015   -0.19412558  0.05580056   -0.03690847 -0.03763015
 -0.03690847 -0.03763015   -0.03690847 -0.03763015   -0.19412558  0.05580056
    2    2
  0.26989064  0.00000000    0.01093657  0.00000000   -0.01093657  0.00000000
  0.01093657  0.00000000    0.26989064  0.00000000   -0.01093657  0.00000000
 -0.01093657  0.00000000   -0.01093657  0.00000000    0.26989064  0.00000000

     Dynamical  Matrix in cartesian axes

     q = (   -0.250000000   0.250000000   0.250000000 ) 

    1    1
  0.26989064  0.00000000   -0.01093657  0.00000000   -0.01093657  0.00000000
 -0.01093657  0.00000000    0.26989064  0.00000000    0.01093657  0.00000000
 -0.01093657  0.00000000    0.01093657  0.00000000    0.26989064  0.00000000
    1    2
 -0.19412558  0.05580056   -0.03690847 -0.03763015   -0.03690847 -0.03763015
 -0.03690847 -0.03763015   -0.19412558  0.05580056    0.03690847  0.03763015
 -0.03690847 -0.03763015    0.03690847  0.03763015   -0.19412558  0.05580056
    2    1
 -0.19412558 -0.05580056   -0.03690847  0.03763015   -0.03690847  0.03763015
 -0.03690847  0.03763015   -0.19412558 -0.05580056    0.03690847 -0.03763015
 -0.03690847  0.03763015    0.03690847 -0.03763015   -0.19412558 -0.05580056
    2    2
  0.26989064  0.00000000   -0.01093657  0.00000000   -0.01093657  0.00000000
 -0.01093657  0.00000000    0.26989064  0.00000000    0.01093657  0.00000000
 -0.01093657  0.00000000    0.01093657  0.00000000    0.26989064  0.00000000

     Dynamical  Matrix in cartesian axes

     q = (    0.250000000   0.250000000  -0.250000000 ) 

    1    1
  0.26989064  0.00000000    0.01093657  0.00000000   -0.01093657  0.00000000
  0.01093657  0.00000000    0.26989064  0.00000000   -0.01093657  0.00000000
 -0.01093657  0.00000000   -0.01093657  0.00000000    0.26989064  0.00000000
    1    2
 -0.19412558  0.05580056    0.03690847  0.03763015   -0.03690847 -0.03763015
  0.03690847  0.03763015   -0.19412558  0.05580056   -0.03690847 -0.03763015
 -0.03690847 -0.03763015   -0.03690847 -0.03763015   -0.19412558  0.05580056
    2    1
 -0.19412558 -0.05580056    0.03690847 -0.03763015   -0.03690847  0.03763015
  0.03690847 -0.03763015   -0.19412558 -0.05580056   -0.03690847  0.03763015
 -0.03690847  0.03763015   -0.03690847  0.03763015   -0.19412558 -0.05580056
    2    2
  0.26989064  0.00000000    0.01093657  0.00000000   -0.01093657  0.00000000
  0.01093657  0.00000000    0.26989064  0.00000000   -0.01093657  0.00000000
 -0.01093657  0.00000000   -0.01093657  0.00000000    0.26989064  0.00000000

     Diagonalizing the dynamical matrix

     q = (   -0.250000000   0.250000000  -0.250000000 ) 

 **************************************************************************
     freq (    1) =       3.391580 [THz] =     113.130917 [cm-1]
 ( -0.263589 -0.066210  0.309182 -0.021162  0.572771  0.045047 ) 
 ( -0.267969 -0.045339  0.306571 -0.045339  0.574540 -0.000000 ) 
     freq (    2) =       3.391580 [THz] =     113.130917 [cm-1]
 ( -0.258551  0.438887 -0.201827  0.443349  0.056724  0.004461 ) 
 ( -0.223343  0.457808 -0.166444  0.457808  0.056899  0.000000 ) 
     freq (    3) =       6.938145 [THz] =     231.431596 [cm-1]
 (  0.276075  0.300748 -0.276075 -0.300748  0.276075  0.300748 ) 
 (  0.408248  0.000000 -0.408248 -0.000000  0.408248  0.000000 ) 
     freq (    4) =      14.091658 [THz] =     470.047115 [cm-1]
 (  0.276075  0.300748 -0.276075 -0.300748  0.276075  0.300748 ) 
 ( -0.408248  0.000000  0.408248  0.000000 -0.408248  0.000000 ) 
     freq (    5) =      14.403690 [THz] =     480.455371 [cm-1]
 ( -0.288000 -0.022491  0.287573  0.022777  0.575573  0.045268 ) 
 (  0.288877 -0.000159 -0.288474 -0.000159 -0.577350  0.000000 ) 
     freq (    6) =      14.403690 [THz] =     480.455371 [cm-1]
 ( -0.415069  0.278570 -0.415365  0.278547 -0.000296 -0.000023 ) 
 (  0.391950 -0.310256  0.392247 -0.310256  0.000297  0.000000 ) 
 **************************************************************************
