Dynamical matrix file
                                                                           
  1    2  2 10.3320000  0.0000000  0.0000000  0.0000000  0.0000000  0.0000000
           1  'Si  '    25598.822984527003     
    1    1      0.0000000000      0.0000000000      0.0000000000
    2    1      0.2500000000      0.2500000000      0.2500000000

     Dynamical  Matrix in cartesian axes

     q = (    0.750000000  -0.250000000   0.750000000 ) 

    1    1
  0.23340069  0.00000000   -0.00488388  0.00744035    0.00212152  0.00000000
 -0.00488388 -0.00744035    0.28901947  0.00000000   -0.00488388 -0.00744035
  0.00212152  0.00000000   -0.00488388  0.00744035    0.23340069  0.00000000
    1    2
 -0.06364826  0.05500301   -0.03653047  0.04076120   -0.04166443 -0.13234490
 -0.03653047  0.04076120   -0.06238057  0.07389129   -0.03653047  0.04076120
 -0.04166443 -0.13234490   -0.03653047  0.04076120   -0.06364826  0.05500301
    2    1
 -0.06364826 -0.05500301   -0.03653047 -0.04076120   -0.04166443  0.13234490
 -0.03653047 -0.04076120   -0.06238057 -0.07389129   -0.03653047 -0.04076120
 -0.04166443  0.13234490   -0.03653047 -0.04076120   -0.06364826 -0.05500301
    2    2
  0.23340069  0.00000000   -0.00488388 -0.00744035    0.00212152  0.00000000
 -0.00488388  0.00744035    0.28901947  0.00000000   -0.00488388  0.00744035
  0.00212152  0.00000000   -0.00488388 -0.00744035    0.23340069  0.00000000

     Dynamical  Matrix in cartesian axes

     q = (    0.750000000  -0.250000000  -0.750000000 ) 

    1    1
  0.23340069  0.00000000   -0.00488388 -0.00744035   -0.00212152  0.00000000
 -0.00488388  0.00744035    0.28901947  0.00000000    0.00488388 -0.00744035
 -0.00212152  0.00000000    0.00488388  0.00744035    0.23340069  0.00000000
    1    2
 -0.05500301  0.06364826   -0.04076120  0.03653047   -0.13234490 -0.04166443
 -0.04076120  0.03653047   -0.07389129  0.06238057    0.04076120 -0.03653047
 -0.13234490 -0.04166443    0.04076120 -0.03653047   -0.05500301  0.06364826
    2    1
 -0.05500301 -0.06364826   -0.04076120 -0.03653047   -0.13234490  0.04166443
 -0.04076120 -0.03653047   -0.07389129 -0.06238057    0.04076120  0.03653047
 -0.13234490  0.04166443    0.04076120  0.03653047   -0.05500301 -0.06364826
    2    2
  0.23340069  0.00000000   -0.00488388  0.00744035   -0.00212152  0.00000000
 -0.00488388 -0.00744035    0.28901947  0.00000000    0.00488388  0.00744035
 -0.00212152  0.00000000    0.00488388 -0.00744035    0.23340069  0.00000000

     Dynamical  Matrix in cartesian axes

     q = (   -0.750000000  -0.250000000  -0.750000000 ) 

    1    1
  0.23340069  0.00000000    0.00488388 -0.00744035    0.00212152  0.00000000
  0.00488388  0.00744035    0.28901947  0.00000000    0.00488388  0.00744035
  0.00212152  0.00000000    0.00488388 -0.00744035    0.23340069  0.00000000
    1    2
  0.05500301  0.06364826   -0.04076120 -0.03653047   -0.13234490  0.04166443
 -0.04076120 -0.03653047    0.07389129  0.06238057   -0.04076120 -0.03653047
 -0.13234490  0.04166443   -0.04076120 -0.03653047    0.05500301  0.06364826
    2    1
  0.05500301 -0.06364826   -0.04076120  0.03653047   -0.13234490 -0.04166443
 -0.04076120  0.03653047    0.07389129 -0.06238057   -0.04076120  0.03653047
 -0.13234490 -0.04166443   -0.04076120  0.03653047    0.05500301 -0.06364826
    2    2
  0.23340069  0.00000000    0.00488388  0.00744035    0.00212152  0.00000000
  0.00488388 -0.00744035    0.28901947  0.00000000    0.00488388 -0.00744035
  0.00212152  0.00000000    0.00488388  0.00744035    0.23340069  0.00000000

     Dynamical  Matrix in cartesian axes

     q = (   -0.750000000  -0.250000000   0.750000000 ) 

    1    1
  0.23340069  0.00000000    0.00488388  0.00744035   -0.00212152  0.00000000
  0.00488388 -0.00744035    0.28901947  0.00000000   -0.00488388  0.00744035
 -0.00212152  0.00000000   -0.00488388 -0.00744035    0.23340069  0.00000000
    1    2
 -0.05500301  0.06364826    0.04076120 -0.03653047   -0.13234490 -0.04166443
  0.04076120 -0.03653047   -0.07389129  0.06238057   -0.04076120  0.03653047
 -0.13234490 -0.04166443   -0.04076120  0.03653047   -0.05500301  0.06364826
    2    1
 -0.05500301 -0.06364826    0.04076120  0.03653047   -0.13234490  0.04166443
  0.04076120  0.03653047   -0.07389129 -0.06238057   -0.04076120 -0.03653047
 -0.13234490  0.04166443   -0.04076120 -0.03653047   -0.05500301 -0.06364826
    2    2
  0.23340069  0.00000000    0.00488388 -0.00744035   -0.00212152  0.00000000
  0.00488388  0.00744035    0.28901947  0.00000000   -0.00488388 -0.00744035
 -0.00212152  0.00000000   -0.00488388  0.00744035    0.23340069  0.00000000

     Dynamical  Matrix in cartesian axes

     q = (   -0.750000000   0.250000000  -0.750000000 ) 

    1    1
  0.23340069  0.00000000   -0.00488388 -0.00744035    0.00212152  0.00000000
 -0.00488388  0.00744035    0.28901947  0.00000000   -0.00488388  0.00744035
  0.00212152  0.00000000   -0.00488388 -0.00744035    0.23340069  0.00000000
    1    2
 -0.06364826 -0.05500301   -0.03653047 -0.04076120   -0.04166443  0.13234490
 -0.03653047 -0.04076120   -0.06238057 -0.07389129   -0.03653047 -0.04076120
 -0.04166443  0.13234490   -0.03653047 -0.04076120   -0.06364826 -0.05500301
    2    1
 -0.06364826  0.05500301   -0.03653047  0.04076120   -0.04166443 -0.13234490
 -0.03653047  0.04076120   -0.06238057  0.07389129   -0.03653047  0.04076120
 -0.04166443 -0.13234490   -0.03653047  0.04076120   -0.06364826  0.05500301
    2    2
  0.23340069  0.00000000   -0.00488388  0.00744035    0.00212152  0.00000000
 -0.00488388 -0.00744035    0.28901947  0.00000000   -0.00488388 -0.00744035
  0.00212152  0.00000000   -0.00488388  0.00744035    0.23340069  0.00000000

     Dynamical  Matrix in cartesian axes

     q = (   -0.250000000   0.750000000  -0.750000000 ) 

    1    1
  0.28901947  0.00000000   -0.00488388  0.00744035    0.00488388 -0.00744035
 -0.00488388 -0.00744035    0.23340069  0.00000000   -0.00212152  0.00000000
  0.00488388  0.00744035   -0.00212152  0.00000000    0.23340069  0.00000000
    1    2
 -0.07389129  0.06238057   -0.04076120  0.03653047    0.04076120 -0.03653047
 -0.04076120  0.03653047   -0.05500301  0.06364826   -0.13234490 -0.04166443
  0.04076120 -0.03653047   -0.13234490 -0.04166443   -0.05500301  0.06364826
    2    1
 -0.07389129 -0.06238057   -0.04076120 -0.03653047    0.04076120  0.03653047
 -0.04076120 -0.03653047   -0.05500301 -0.06364826   -0.13234490  0.04166443
  0.04076120  0.03653047   -0.13234490  0.04166443   -0.05500301 -0.06364826
    2    2
  0.28901947  0.00000000   -0.00488388 -0.00744035    0.00488388  0.00744035
 -0.00488388  0.00744035    0.23340069  0.00000000   -0.00212152  0.00000000
  0.00488388 -0.00744035   -0.00212152  0.00000000    0.23340069  0.00000000

     Dynamical  Matrix in cartesian axes

     q = (   -0.750000000   0.750000000  -0.250000000 ) 

    1    1
  0.23340069  0.00000000   -0.00212152  0.00000000    0.00488388  0.00744035
 -0.00212152  0.00000000    0.23340069  0.00000000   -0.00488388 -0.00744035
  0.00488388 -0.00744035   -0.00488388  0.00744035    0.28901947  0.00000000
    1    2
 -0.05500301  0.06364826   -0.13234490 -0.04166443    0.04076120 -0.03653047
 -0.13234490 -0.04166443   -0.05500301  0.06364826   -0.04076120  0.03653047
  0.04076120 -0.03653047   -0.04076120  0.03653047   -0.07389129  0.06238057
    2    1
 -0.05500301 -0.06364826   -0.13234490  0.04166443    0.04076120  0.03653047
 -0.13234490  0.04166443   -0.05500301 -0.06364826   -0.04076120 -0.03653047
  0.04076120  0.03653047   -0.04076120 -0.03653047   -0.07389129 -0.06238057
    2    2
  0.23340069  0.00000000   -0.00212152  0.00000000    0.00488388 -0.00744035
 -0.00212152  0.00000000    0.23340069  0.00000000   -0.00488388  0.00744035
  0.00488388  0.00744035   -0.00488388 -0.00744035    0.28901947  0.00000000

     Dynamical  Matrix in cartesian axes

     q = (    0.750000000   0.250000000   0.750000000 ) 

    1    1
  0.23340069  0.00000000    0.00488388  0.00744035    0.00212152  0.00000000
  0.00488388 -0.00744035    0.28901947  0.00000000    0.00488388 -0.00744035
  0.00212152  0.00000000    0.00488388  0.00744035    0.23340069  0.00000000
    1    2
  0.05500301 -0.06364826   -0.04076120  0.03653047   -0.13234490 -0.04166443
 -0.04076120  0.03653047    0.07389129 -0.06238057   -0.04076120  0.03653047
 -0.13234490 -0.04166443   -0.04076120  0.03653047    0.05500301 -0.06364826
    2    1
  0.05500301  0.06364826   -0.04076120 -0.03653047   -0.13234490  0.04166443
 -0.04076120 -0.03653047    0.07389129  0.06238057   -0.04076120 -0.03653047
 -0.13234490  0.04166443   -0.04076120 -0.03653047    0.05500301  0.06364826
    2    2
  0.23340069  0.00000000    0.00488388 -0.00744035    0.00212152  0.00000000
  0.00488388  0.00744035    0.28901947  0.00000000    0.00488388  0.00744035
  0.00212152  0.00000000    0.00488388 -0.00744035    0.23340069  0.00000000

     Dynamical  Matrix in cartesian axes

     q = (   -0.750000000   0.250000000   0.750000000 ) 

    1    1
  0.23340069  0.00000000   -0.00488388  0.00744035   -0.00212152  0.00000000
 -0.00488388 -0.00744035    0.28901947  0.00000000    0.00488388  0.00744035
 -0.00212152  0.00000000    0.00488388 -0.00744035    0.23340069  0.00000000
    1    2
 -0.05500301 -0.06364826   -0.04076120 -0.03653047   -0.13234490  0.04166443
 -0.04076120 -0.03653047   -0.07389129 -0.06238057    0.04076120  0.03653047
 -0.13234490  0.04166443    0.04076120  0.03653047   -0.05500301 -0.06364826
    2    1
 -0.05500301  0.06364826   -0.04076120  0.03653047   -0.13234490 -0.04166443
 -0.04076120  0.03653047   -0.07389129  0.06238057    0.04076120 -0.03653047
 -0.13234490 -0.04166443    0.04076120 -0.03653047   -0.05500301  0.06364826
    2    2
  0.23340069  0.00000000   -0.00488388 -0.00744035   -0.00212152  0.00000000
 -0.00488388  0.00744035    0.28901947  0.00000000    0.00488388 -0.00744035
 -0.00212152  0.00000000    0.00488388  0.00744035    0.23340069  0.00000000

     Dynamical  Matrix in cartesian axes

     q = (    0.750000000   0.250000000  -0.750000000 ) 

    1    1
  0.23340069  0.00000000    0.00488388 -0.00744035   -0.00212152  0.00000000
  0.00488388  0.00744035    0.28901947  0.00000000   -0.00488388 -0.00744035
 -0.00212152  0.00000000   -0.00488388  0.00744035    0.23340069  0.00000000
    1    2
 -0.05500301 -0.06364826    0.04076120  0.03653047   -0.13234490  0.04166443
  0.04076120  0.03653047   -0.07389129 -0.06238057   -0.04076120 -0.03653047
 -0.13234490  0.04166443   -0.04076120 -0.03653047   -0.05500301 -0.06364826
    2    1
 -0.05500301  0.06364826    0.04076120 -0.03653047   -0.13234490 -0.04166443
  0.04076120 -0.03653047   -0.07389129  0.06238057   -0.04076120  0.03653047
 -0.13234490 -0.04166443   -0.04076120  0.03653047   -0.05500301  0.06364826
    2    2
  0.23340069  0.00000000    0.00488388  0.00744035   -0.00212152  0.00000000
  0.00488388 -0.00744035    0.28901947  0.00000000   -0.00488388  0.00744035
 -0.00212152  0.00000000   -0.00488388 -0.00744035    0.23340069  0.00000000

     Dynamical  Matrix in cartesian axes

     q = (   -0.750000000   0.750000000   0.250000000 ) 

    1    1
  0.23340069  0.00000000   -0.00212152  0.00000000   -0.00488388  0.00744035
 -0.00212152  0.00000000    0.23340069  0.00000000    0.00488388 -0.00744035
 -0.00488388 -0.00744035    0.00488388  0.00744035    0.28901947  0.00000000
    1    2
 -0.05500301 -0.06364826   -0.13234490  0.04166443   -0.04076120 -0.03653047
 -0.13234490  0.04166443   -0.05500301 -0.06364826    0.04076120  0.03653047
 -0.04076120 -0.03653047    0.04076120  0.03653047   -0.07389129 -0.06238057
    2    1
 -0.05500301  0.06364826   -0.13234490 -0.04166443   -0.04076120  0.03653047
 -0.13234490 -0.04166443   -0.05500301  0.06364826    0.04076120 -0.03653047
 -0.04076120  0.03653047    0.04076120 -0.03653047   -0.07389129  0.06238057
    2    2
  0.23340069  0.00000000   -0.00212152  0.00000000   -0.00488388 -0.00744035
 -0.00212152  0.00000000    0.23340069  0.00000000    0.00488388  0.00744035
 -0.00488388  0.00744035    0.00488388 -0.00744035    0.28901947  0.00000000

     Dynamical  Matrix in cartesian axes

     q = (   -0.250000000   0.750000000   0.750000000 ) 

    1    1
  0.28901947  0.00000000   -0.00488388 -0.00744035   -0.00488388 -0.00744035
 -0.00488388  0.00744035    0.23340069  0.00000000    0.00212152  0.00000000
 -0.00488388  0.00744035    0.00212152  0.00000000    0.23340069  0.00000000
    1    2
 -0.06238057  0.07389129   -0.03653047  0.04076120   -0.03653047  0.04076120
 -0.03653047  0.04076120   -0.06364826  0.05500301   -0.04166443 -0.13234490
 -0.03653047  0.04076120   -0.04166443 -0.13234490   -0.06364826  0.05500301
    2    1
 -0.06238057 -0.07389129   -0.03653047 -0.04076120   -0.03653047 -0.04076120
 -0.03653047 -0.04076120   -0.06364826 -0.05500301   -0.04166443  0.13234490
 -0.03653047 -0.04076120   -0.04166443  0.13234490   -0.06364826 -0.05500301
    2    2
  0.28901947  0.00000000   -0.00488388  0.00744035   -0.00488388  0.00744035
 -0.00488388 -0.00744035    0.23340069  0.00000000    0.00212152  0.00000000
 -0.00488388 -0.00744035    0.00212152  0.00000000    0.23340069  0.00000000

     Dynamical  Matrix in cartesian axes

     q = (    0.250000000   0.750000000  -0.750000000 ) 

    1    1
  0.28901947  0.00000000    0.00488388  0.00744035   -0.00488388 -0.00744035
  0.00488388 -0.00744035    0.23340069  0.00000000   -0.00212152  0.00000000
 -0.00488388  0.00744035   -0.00212152  0.00000000    0.23340069  0.00000000
    1    2
 -0.07389129 -0.06238057    0.04076120  0.03653047   -0.04076120 -0.03653047
  0.04076120  0.03653047   -0.05500301 -0.06364826   -0.13234490  0.04166443
 -0.04076120 -0.03653047   -0.13234490  0.04166443   -0.05500301 -0.06364826
    2    1
 -0.07389129  0.06238057    0.04076120 -0.03653047   -0.04076120  0.03653047
  0.04076120 -0.03653047   -0.05500301  0.06364826   -0.13234490 -0.04166443
 -0.04076120  0.03653047   -0.13234490 -0.04166443   -0.05500301  0.06364826
    2    2
  0.28901947  0.00000000    0.00488388 -0.00744035   -0.00488388  0.00744035
  0.00488388  0.00744035    0.23340069  0.00000000   -0.00212152  0.00000000
 -0.00488388 -0.00744035   -0.00212152  0.00000000    0.23340069  0.00000000

     Dynamical  Matrix in cartesian axes

     q = (   -0.250000000  -0.750000000  -0.750000000 ) 

    1    1
  0.28901947  0.00000000    0.00488388  0.00744035    0.00488388  0.00744035
  0.00488388 -0.00744035    0.23340069  0.00000000    0.00212152  0.00000000
  0.00488388 -0.00744035    0.00212152  0.00000000    0.23340069  0.00000000
    1    2
  0.07389129  0.06238057   -0.04076120 -0.03653047   -0.04076120 -0.03653047
 -0.04076120 -0.03653047    0.05500301  0.06364826   -0.13234490  0.04166443
 -0.04076120 -0.03653047   -0.13234490  0.04166443    0.05500301  0.06364826
    2    1
  0.07389129 -0.06238057   -0.04076120  0.03653047   -0.04076120  0.03653047
 -0.04076120  0.03653047    0.05500301 -0.06364826   -0.13234490 -0.04166443
 -0.04076120  0.03653047   -0.13234490 -0.04166443    0.05500301 -0.06364826
    2    2
  0.28901947  0.00000000    0.00488388 -0.00744035    0.00488388 -0.00744035
  0.00488388  0.00744035    0.23340069  0.00000000    0.00212152  0.00000000
  0.00488388  0.00744035    0.00212152  0.00000000    0.23340069  0.00000000

     Dynamical  Matrix in cartesian axes

     q = (    0.750000000   0.750000000  -0.250000000 ) 

    1    1
  0.23340069  0.00000000    0.00212152  0.00000000   -0.00488388  0.00744035
  0.00212152  0.00000000    0.23340069  0.00000000   -0.00488388  0.00744035
 -0.00488388 -0.00744035   -0.00488388 -0.00744035    0.28901947  0.00000000
    1    2
 -0.06364826  0.05500301   -0.04166443 -0.13234490   -0.03653047  0.04076120
 -0.04166443 -0.13234490   -0.06364826  0.05500301   -0.03653047  0.04076120
 -0.03653047  0.04076120   -0.03653047  0.04076120   -0.06238057  0.07389129
    2    1
 -0.06364826 -0.05500301   -0.04166443  0.13234490   -0.03653047 -0.04076120
 -0.04166443  0.13234490   -0.06364826 -0.05500301   -0.03653047 -0.04076120
 -0.03653047 -0.04076120   -0.03653047 -0.04076120   -0.06238057 -0.07389129
    2    2
  0.23340069  0.00000000    0.00212152  0.00000000   -0.00488388 -0.00744035
  0.00212152  0.00000000    0.23340069  0.00000000   -0.00488388 -0.00744035
 -0.00488388  0.00744035   -0.00488388  0.00744035    0.28901947  0.00000000

     Dynamical  Matrix in cartesian axes

     q = (    0.750000000  -0.750000000   0.250000000 ) 

    1    1
  0.23340069  0.00000000   -0.00212152  0.00000000    0.00488388 -0.00744035
 -0.00212152  0.00000000    0.23340069  0.00000000   -0.00488388  0.00744035
  0.00488388  0.00744035   -0.00488388 -0.00744035    0.28901947  0.00000000
    1    2
 -0.05500301 -0.06364826   -0.13234490  0.04166443    0.04076120  0.03653047
 -0.13234490  0.04166443   -0.05500301 -0.06364826   -0.04076120 -0.03653047
  0.04076120  0.03653047   -0.04076120 -0.03653047   -0.07389129 -0.06238057
    2    1
 -0.05500301  0.06364826   -0.13234490 -0.04166443    0.04076120 -0.03653047
 -0.13234490 -0.04166443   -0.05500301  0.06364826   -0.04076120  0.03653047
  0.04076120 -0.03653047   -0.04076120  0.03653047   -0.07389129  0.06238057
    2    2
  0.23340069  0.00000000   -0.00212152  0.00000000    0.00488388  0.00744035
 -0.00212152  0.00000000    0.23340069  0.00000000   -0.00488388 -0.00744035
  0.00488388 -0.00744035   -0.00488388  0.00744035    0.28901947  0.00000000

     Dynamical  Matrix in cartesian axes

     q = (   -0.750000000  -0.750000000  -0.250000000 ) 

    1    1
  0.23340069  0.00000000    0.00212152  0.00000000    0.00488388 -0.00744035
  0.00212152  0.00000000    0.23340069  0.00000000    0.00488388 -0.00744035
  0.00488388  0.00744035    0.00488388  0.00744035    0.28901947  0.00000000
    1    2
  0.05500301  0.06364826   -0.13234490  0.04166443   -0.04076120 -0.03653047
 -0.13234490  0.04166443    0.05500301  0.06364826   -0.04076120 -0.03653047
 -0.04076120 -0.03653047   -0.04076120 -0.03653047    0.07389129  0.06238057
    2    1
  0.05500301 -0.06364826   -0.13234490 -0.04166443   -0.04076120  0.03653047
 -0.13234490 -0.04166443    0.05500301 -0.06364826   -0.04076120  0.03653047
 -0.04076120  0.03653047   -0.04076120  0.03653047    0.07389129 -0.06238057
    2    2
  0.23340069  0.00000000    0.00212152  0.00000000    0.00488388  0.00744035
  0.00212152  0.00000000    0.23340069  0.00000000    0.00488388  0.00744035
  0.00488388 -0.00744035    0.00488388 -0.00744035    0.28901947  0.00000000

     Dynamical  Matrix in cartesian axes

     q = (    0.250000000  -0.750000000   0.750000000 ) 

    1    1
  0.28901947  0.00000000   -0.00488388 -0.00744035    0.00488388  0.00744035
 -0.00488388  0.00744035    0.23340069  0.00000000   -0.00212152  0.00000000
  0.00488388 -0.00744035   -0.00212152  0.00000000    0.23340069  0.00000000
    1    2
 -0.07389129 -0.06238057   -0.04076120 -0.03653047    0.04076120  0.03653047
 -0.04076120 -0.03653047   -0.05500301 -0.06364826   -0.13234490  0.04166443
  0.04076120  0.03653047   -0.13234490  0.04166443   -0.05500301 -0.06364826
    2    1
 -0.07389129  0.06238057   -0.04076120  0.03653047    0.04076120 -0.03653047
 -0.04076120  0.03653047   -0.05500301  0.06364826   -0.13234490 -0.04166443
  0.04076120 -0.03653047   -0.13234490 -0.04166443   -0.05500301  0.06364826
    2    2
  0.28901947  0.00000000   -0.00488388  0.00744035    0.00488388 -0.00744035
 -0.00488388 -0.00744035    0.23340069  0.00000000   -0.00212152  0.00000000
  0.00488388  0.00744035   -0.00212152  0.00000000    0.23340069  0.00000000

     Dynamical  Matrix in cartesian axes

     q = (   -0.750000000  -0.750000000   0.250000000 ) 

    1    1
  0.23340069  0.00000000    0.00212152  0.00000000   -0.00488388 -0.00744035
  0.00212152  0.00000000    0.23340069  0.00000000   -0.00488388 -0.00744035
 -0.00488388  0.00744035   -0.00488388  0.00744035    0.28901947  0.00000000
    1    2
 -0.06364826 -0.05500301   -0.04166443  0.13234490   -0.03653047 -0.04076120
 -0.04166443  0.13234490   -0.06364826 -0.05500301   -0.03653047 -0.04076120
 -0.03653047 -0.04076120   -0.03653047 -0.04076120   -0.06238057 -0.07389129
    2    1
 -0.06364826  0.05500301   -0.04166443 -0.13234490   -0.03653047  0.04076120
 -0.04166443 -0.13234490   -0.06364826  0.05500301   -0.03653047  0.04076120
 -0.03653047  0.04076120   -0.03653047  0.04076120   -0.06238057  0.07389129
    2    2
  0.23340069  0.00000000    0.00212152  0.00000000   -0.00488388  0.00744035
  0.00212152  0.00000000    0.23340069  0.00000000   -0.00488388  0.00744035
 -0.00488388 -0.00744035   -0.00488388 -0.00744035    0.28901947  0.00000000

     Dynamical  Matrix in cartesian axes

     q = (    0.250000000   0.750000000   0.750000000 ) 

    1    1
  0.28901947  0.00000000    0.00488388 -0.00744035    0.00488388 -0.00744035
  0.00488388  0.00744035    0.23340069  0.00000000    0.00212152  0.00000000
  0.00488388  0.00744035    0.00212152  0.00000000    0.23340069  0.00000000
    1    2
  0.07389129 -0.06238057   -0.04076120  0.03653047   -0.04076120  0.03653047
 -0.04076120  0.03653047    0.05500301 -0.06364826   -0.13234490 -0.04166443
 -0.04076120  0.03653047   -0.13234490 -0.04166443    0.05500301 -0.06364826
    2    1
  0.07389129  0.06238057   -0.04076120 -0.03653047   -0.04076120 -0.03653047
 -0.04076120 -0.03653047    0.05500301  0.06364826   -0.13234490  0.04166443
 -0.04076120 -0.03653047   -0.13234490  0.04166443    0.05500301  0.06364826
    2    2
  0.28901947  0.00000000    0.00488388  0.00744035    0.00488388  0.00744035
  0.00488388 -0.00744035    0.23340069  0.00000000    0.00212152  0.00000000
  0.00488388 -0.00744035    0.00212152  0.00000000    0.23340069  0.00000000

     Dynamical  Matrix in cartesian axes

     q = (   -0.250000000  -0.750000000   0.750000000 ) 

    1    1
  0.28901947  0.00000000    0.00488388 -0.00744035   -0.00488388  0.00744035
  0.00488388  0.00744035    0.23340069  0.00000000   -0.00212152  0.00000000
 -0.00488388 -0.00744035   -0.00212152  0.00000000    0.23340069  0.00000000
    1    2
 -0.07389129  0.06238057    0.04076120 -0.03653047   -0.04076120  0.03653047
  0.04076120 -0.03653047   -0.05500301  0.06364826   -0.13234490 -0.04166443
 -0.04076120  0.03653047   -0.13234490 -0.04166443   -0.05500301  0.06364826
    2    1
 -0.07389129 -0.06238057    0.04076120  0.03653047   -0.04076120 -0.03653047
  0.04076120  0.03653047   -0.05500301 -0.06364826   -0.13234490  0.04166443
 -0.04076120 -0.03653047   -0.13234490  0.04166443   -0.05500301 -0.06364826
    2    2
  0.28901947  0.00000000    0.00488388  0.00744035   -0.00488388 -0.00744035
  0.00488388 -0.00744035    0.23340069  0.00000000   -0.00212152  0.00000000
 -0.00488388  0.00744035   -0.00212152  0.00000000    0.23340069  0.00000000

     Dynamical  Matrix in cartesian axes

     q = (    0.750000000   0.750000000   0.250000000 ) 

    1    1
  0.23340069  0.00000000    0.00212152  0.00000000    0.00488388  0.00744035
  0.00212152  0.00000000    0.23340069  0.00000000    0.00488388  0.00744035
  0.00488388 -0.00744035    0.00488388 -0.00744035    0.28901947  0.00000000
    1    2
  0.05500301 -0.06364826   -0.13234490 -0.04166443   -0.04076120  0.03653047
 -0.13234490 -0.04166443    0.05500301 -0.06364826   -0.04076120  0.03653047
 -0.04076120  0.03653047   -0.04076120  0.03653047    0.07389129 -0.06238057
    2    1
  0.05500301  0.06364826   -0.13234490  0.04166443   -0.04076120 -0.03653047
 -0.13234490  0.04166443    0.05500301  0.06364826   -0.04076120 -0.03653047
 -0.04076120 -0.03653047   -0.04076120 -0.03653047    0.07389129  0.06238057
    2    2
  0.23340069  0.00000000    0.00212152  0.00000000    0.00488388 -0.00744035
  0.00212152  0.00000000    0.23340069  0.00000000    0.00488388 -0.00744035
  0.00488388  0.00744035    0.00488388  0.00744035    0.28901947  0.00000000

     Dynamical  Matrix in cartesian axes

     q = (    0.250000000  -0.750000000  -0.750000000 ) 

    1    1
  0.28901947  0.00000000   -0.00488388  0.00744035   -0.00488388  0.00744035
 -0.00488388 -0.00744035    0.23340069  0.00000000    0.00212152  0.00000000
 -0.00488388 -0.00744035    0.00212152  0.00000000    0.23340069  0.00000000
    1    2
 -0.06238057 -0.07389129   -0.03653047 -0.04076120   -0.03653047 -0.04076120
 -0.03653047 -0.04076120   -0.06364826 -0.05500301   -0.04166443  0.13234490
 -0.03653047 -0.04076120   -0.04166443  0.13234490   -0.06364826 -0.05500301
    2    1
 -0.06238057  0.07389129   -0.03653047  0.04076120   -0.03653047  0.04076120
 -0.03653047  0.04076120   -0.06364826  0.05500301   -0.04166443 -0.13234490
 -0.03653047  0.04076120   -0.04166443 -0.13234490   -0.06364826  0.05500301
    2    2
  0.28901947  0.00000000   -0.00488388 -0.00744035   -0.00488388 -0.00744035
 -0.00488388  0.00744035    0.23340069  0.00000000    0.00212152  0.00000000
 -0.00488388  0.00744035    0.00212152  0.00000000    0.23340069  0.00000000

     Dynamical  Matrix in cartesian axes

     q = (    0.750000000  -0.750000000  -0.250000000 ) 

    1    1
  0.23340069  0.00000000   -0.00212152  0.00000000   -0.00488388 -0.00744035
 -0.00212152  0.00000000    0.23340069  0.00000000    0.00488388  0.00744035
 -0.00488388  0.00744035    0.00488388 -0.00744035    0.28901947  0.00000000
    1    2
 -0.05500301  0.06364826   -0.13234490 -0.04166443   -0.04076120  0.03653047
 -0.13234490 -0.04166443   -0.05500301  0.06364826    0.04076120 -0.03653047
 -0.04076120  0.03653047    0.04076120 -0.03653047   -0.07389129  0.06238057
    2    1
 -0.05500301 -0.06364826   -0.13234490  0.04166443   -0.04076120 -0.03653047
 -0.13234490  0.04166443   -0.05500301 -0.06364826    0.04076120  0.03653047
 -0.04076120 -0.03653047    0.04076120  0.03653047   -0.07389129 -0.06238057
    2    2
  0.23340069  0.00000000   -0.00212152  0.00000000   -0.00488388  0.00744035
 -0.00212152  0.00000000    0.23340069  0.00000000    0.00488388 -0.00744035
 -0.00488388 -0.00744035    0.00488388  0.00744035    0.28901947  0.00000000

     Diagonalizing the dynamical matrix

     q = (    0.750000000  -0.250000000   0.750000000 ) 

 **************************************************************************
     freq (    1) =       4.246229 [THz] =     141.638947 [cm-1]
 (  0.058271 -0.496593  0.000000  0.000000 -0.058271  0.496593 ) 
 (  0.500000  0.000000 -0.000000  0.000000 -0.500000  0.000000 ) 
     freq (    2) =       5.519895 [THz] =     184.123866 [cm-1]
 ( -0.398065 -0.195287 -0.299517  0.130785 -0.398065 -0.195287 ) 
 ( -0.443388 -0.000000 -0.211297 -0.249336 -0.443388  0.000000 ) 
     freq (    3) =       9.032655 [THz] =     301.296934 [cm-1]
 (  0.130049 -0.247360  0.393511  0.434683  0.130049 -0.247360 ) 
 ( -0.279463  0.000000  0.201628  0.550588 -0.279463  0.000000 ) 
     freq (    4) =      11.968765 [THz] =     399.235026 [cm-1]
 (  0.113979  0.312752 -0.415451 -0.325255  0.113979  0.312752 ) 
 ( -0.332874  0.000000  0.447847  0.278968 -0.332874  0.000000 ) 
     freq (    5) =      13.324301 [THz] =     444.450839 [cm-1]
 (  0.058271 -0.496593 -0.000000 -0.000000 -0.058271  0.496593 ) 
 ( -0.500000  0.000000  0.000000  0.000000  0.500000  0.000000 ) 
     freq (    6) =      13.719986 [THz] =     457.649464 [cm-1]
 ( -0.302062 -0.152517 -0.476155  0.210406 -0.302062 -0.152517 ) 
 (  0.338383 -0.000000  0.330212  0.402436  0.338383 -0.000000 ) 
 **************************************************************************
