Dynamical matrix file
                                                                           
  1    2  2 10.3520000  0.0000000  0.0000000  0.0000000  0.0000000  0.0000000
           1  'Si  '    25598.822984527003     
    1    1      0.0000000000      0.0000000000      0.0000000000
    2    1      0.2500000000      0.2500000000      0.2500000000

     Dynamical  Matrix in cartesian axes

     q = (    0.750000000  -0.250000000   0.750000000 ) 

    1    1
  0.24231535  0.00000000   -0.00468165  0.00738557    0.00140830  0.00000000
 -0.00468165 -0.00738557    0.29790900  0.00000000   -0.00468165 -0.00738557
  0.00140830  0.00000000   -0.00468165  0.00738557    0.24231535  0.00000000
    1    2
 -0.05756957  0.06734167   -0.03567220  0.03972474   -0.04052570 -0.12896499
 -0.03567220  0.03972474   -0.05612555  0.08650845   -0.03567220  0.03972474
 -0.04052570 -0.12896499   -0.03567220  0.03972474   -0.05756957  0.06734167
    2    1
 -0.05756957 -0.06734167   -0.03567220 -0.03972474   -0.04052570  0.12896499
 -0.03567220 -0.03972474   -0.05612555 -0.08650845   -0.03567220 -0.03972474
 -0.04052570  0.12896499   -0.03567220 -0.03972474   -0.05756957 -0.06734167
    2    2
  0.24231535  0.00000000   -0.00468165 -0.00738557    0.00140830  0.00000000
 -0.00468165  0.00738557    0.29790900  0.00000000   -0.00468165  0.00738557
  0.00140830  0.00000000   -0.00468165 -0.00738557    0.24231535  0.00000000

     Dynamical  Matrix in cartesian axes

     q = (    0.750000000  -0.250000000  -0.750000000 ) 

    1    1
  0.24231535  0.00000000   -0.00468165 -0.00738557   -0.00140830  0.00000000
 -0.00468165  0.00738557    0.29790900  0.00000000    0.00468165 -0.00738557
 -0.00140830  0.00000000    0.00468165  0.00738557    0.24231535  0.00000000
    1    2
 -0.06734167  0.05756957   -0.03972474  0.03567220   -0.12896499 -0.04052570
 -0.03972474  0.03567220   -0.08650845  0.05612555    0.03972474 -0.03567220
 -0.12896499 -0.04052570    0.03972474 -0.03567220   -0.06734167  0.05756957
    2    1
 -0.06734167 -0.05756957   -0.03972474 -0.03567220   -0.12896499  0.04052570
 -0.03972474 -0.03567220   -0.08650845 -0.05612555    0.03972474  0.03567220
 -0.12896499  0.04052570    0.03972474  0.03567220   -0.06734167 -0.05756957
    2    2
  0.24231535  0.00000000   -0.00468165  0.00738557   -0.00140830  0.00000000
 -0.00468165 -0.00738557    0.29790900  0.00000000    0.00468165  0.00738557
 -0.00140830  0.00000000    0.00468165 -0.00738557    0.24231535  0.00000000

     Dynamical  Matrix in cartesian axes

     q = (   -0.750000000  -0.250000000  -0.750000000 ) 

    1    1
  0.24231535  0.00000000    0.00468165 -0.00738557    0.00140830  0.00000000
  0.00468165  0.00738557    0.29790900  0.00000000    0.00468165  0.00738557
  0.00140830  0.00000000    0.00468165 -0.00738557    0.24231535  0.00000000
    1    2
  0.06734167  0.05756957   -0.03972474 -0.03567220   -0.12896499  0.04052570
 -0.03972474 -0.03567220    0.08650845  0.05612555   -0.03972474 -0.03567220
 -0.12896499  0.04052570   -0.03972474 -0.03567220    0.06734167  0.05756957
    2    1
  0.06734167 -0.05756957   -0.03972474  0.03567220   -0.12896499 -0.04052570
 -0.03972474  0.03567220    0.08650845 -0.05612555   -0.03972474  0.03567220
 -0.12896499 -0.04052570   -0.03972474  0.03567220    0.06734167 -0.05756957
    2    2
  0.24231535  0.00000000    0.00468165  0.00738557    0.00140830  0.00000000
  0.00468165 -0.00738557    0.29790900  0.00000000    0.00468165 -0.00738557
  0.00140830  0.00000000    0.00468165  0.00738557    0.24231535  0.00000000

     Dynamical  Matrix in cartesian axes

     q = (   -0.750000000  -0.250000000   0.750000000 ) 

    1    1
  0.24231535  0.00000000    0.00468165  0.00738557   -0.00140830  0.00000000
  0.00468165 -0.00738557    0.29790900  0.00000000   -0.00468165  0.00738557
 -0.00140830  0.00000000   -0.00468165 -0.00738557    0.24231535  0.00000000
    1    2
 -0.06734167  0.05756957    0.03972474 -0.03567220   -0.12896499 -0.04052570
  0.03972474 -0.03567220   -0.08650845  0.05612555   -0.03972474  0.03567220
 -0.12896499 -0.04052570   -0.03972474  0.03567220   -0.06734167  0.05756957
    2    1
 -0.06734167 -0.05756957    0.03972474  0.03567220   -0.12896499  0.04052570
  0.03972474  0.03567220   -0.08650845 -0.05612555   -0.03972474 -0.03567220
 -0.12896499  0.04052570   -0.03972474 -0.03567220   -0.06734167 -0.05756957
    2    2
  0.24231535  0.00000000    0.00468165 -0.00738557   -0.00140830  0.00000000
  0.00468165  0.00738557    0.29790900  0.00000000   -0.00468165 -0.00738557
 -0.00140830  0.00000000   -0.00468165  0.00738557    0.24231535  0.00000000

     Dynamical  Matrix in cartesian axes

     q = (   -0.750000000   0.250000000  -0.750000000 ) 

    1    1
  0.24231535  0.00000000   -0.00468165 -0.00738557    0.00140830  0.00000000
 -0.00468165  0.00738557    0.29790900  0.00000000   -0.00468165  0.00738557
  0.00140830  0.00000000   -0.00468165 -0.00738557    0.24231535  0.00000000
    1    2
 -0.05756957 -0.06734167   -0.03567220 -0.03972474   -0.04052570  0.12896499
 -0.03567220 -0.03972474   -0.05612555 -0.08650845   -0.03567220 -0.03972474
 -0.04052570  0.12896499   -0.03567220 -0.03972474   -0.05756957 -0.06734167
    2    1
 -0.05756957  0.06734167   -0.03567220  0.03972474   -0.04052570 -0.12896499
 -0.03567220  0.03972474   -0.05612555  0.08650845   -0.03567220  0.03972474
 -0.04052570 -0.12896499   -0.03567220  0.03972474   -0.05756957  0.06734167
    2    2
  0.24231535  0.00000000   -0.00468165  0.00738557    0.00140830  0.00000000
 -0.00468165 -0.00738557    0.29790900  0.00000000   -0.00468165 -0.00738557
  0.00140830  0.00000000   -0.00468165  0.00738557    0.24231535  0.00000000

     Dynamical  Matrix in cartesian axes

     q = (   -0.250000000   0.750000000  -0.750000000 ) 

    1    1
  0.29790900  0.00000000   -0.00468165  0.00738557    0.00468165 -0.00738557
 -0.00468165 -0.00738557    0.24231535  0.00000000   -0.00140830  0.00000000
  0.00468165  0.00738557   -0.00140830  0.00000000    0.24231535  0.00000000
    1    2
 -0.08650845  0.05612555   -0.03972474  0.03567220    0.03972474 -0.03567220
 -0.03972474  0.03567220   -0.06734167  0.05756957   -0.12896499 -0.04052570
  0.03972474 -0.03567220   -0.12896499 -0.04052570   -0.06734167  0.05756957
    2    1
 -0.08650845 -0.05612555   -0.03972474 -0.03567220    0.03972474  0.03567220
 -0.03972474 -0.03567220   -0.06734167 -0.05756957   -0.12896499  0.04052570
  0.03972474  0.03567220   -0.12896499  0.04052570   -0.06734167 -0.05756957
    2    2
  0.29790900  0.00000000   -0.00468165 -0.00738557    0.00468165  0.00738557
 -0.00468165  0.00738557    0.24231535  0.00000000   -0.00140830  0.00000000
  0.00468165 -0.00738557   -0.00140830  0.00000000    0.24231535  0.00000000

     Dynamical  Matrix in cartesian axes

     q = (   -0.750000000   0.750000000  -0.250000000 ) 

    1    1
  0.24231535  0.00000000   -0.00140830  0.00000000    0.00468165  0.00738557
 -0.00140830  0.00000000    0.24231535  0.00000000   -0.00468165 -0.00738557
  0.00468165 -0.00738557   -0.00468165  0.00738557    0.29790900  0.00000000
    1    2
 -0.06734167  0.05756957   -0.12896499 -0.04052570    0.03972474 -0.03567220
 -0.12896499 -0.04052570   -0.06734167  0.05756957   -0.03972474  0.03567220
  0.03972474 -0.03567220   -0.03972474  0.03567220   -0.08650845  0.05612555
    2    1
 -0.06734167 -0.05756957   -0.12896499  0.04052570    0.03972474  0.03567220
 -0.12896499  0.04052570   -0.06734167 -0.05756957   -0.03972474 -0.03567220
  0.03972474  0.03567220   -0.03972474 -0.03567220   -0.08650845 -0.05612555
    2    2
  0.24231535  0.00000000   -0.00140830  0.00000000    0.00468165 -0.00738557
 -0.00140830  0.00000000    0.24231535  0.00000000   -0.00468165  0.00738557
  0.00468165  0.00738557   -0.00468165 -0.00738557    0.29790900  0.00000000

     Dynamical  Matrix in cartesian axes

     q = (    0.750000000   0.250000000   0.750000000 ) 

    1    1
  0.24231535  0.00000000    0.00468165  0.00738557    0.00140830  0.00000000
  0.00468165 -0.00738557    0.29790900  0.00000000    0.00468165 -0.00738557
  0.00140830  0.00000000    0.00468165  0.00738557    0.24231535  0.00000000
    1    2
  0.06734167 -0.05756957   -0.03972474  0.03567220   -0.12896499 -0.04052570
 -0.03972474  0.03567220    0.08650845 -0.05612555   -0.03972474  0.03567220
 -0.12896499 -0.04052570   -0.03972474  0.03567220    0.06734167 -0.05756957
    2    1
  0.06734167  0.05756957   -0.03972474 -0.03567220   -0.12896499  0.04052570
 -0.03972474 -0.03567220    0.08650845  0.05612555   -0.03972474 -0.03567220
 -0.12896499  0.04052570   -0.03972474 -0.03567220    0.06734167  0.05756957
    2    2
  0.24231535  0.00000000    0.00468165 -0.00738557    0.00140830  0.00000000
  0.00468165  0.00738557    0.29790900  0.00000000    0.00468165  0.00738557
  0.00140830  0.00000000    0.00468165 -0.00738557    0.24231535  0.00000000

     Dynamical  Matrix in cartesian axes

     q = (   -0.750000000   0.250000000   0.750000000 ) 

    1    1
  0.24231535  0.00000000   -0.00468165  0.00738557   -0.00140830  0.00000000
 -0.00468165 -0.00738557    0.29790900  0.00000000    0.00468165  0.00738557
 -0.00140830  0.00000000    0.00468165 -0.00738557    0.24231535  0.00000000
    1    2
 -0.06734167 -0.05756957   -0.03972474 -0.03567220   -0.12896499  0.04052570
 -0.03972474 -0.03567220   -0.08650845 -0.05612555    0.03972474  0.03567220
 -0.12896499  0.04052570    0.03972474  0.03567220   -0.06734167 -0.05756957
    2    1
 -0.06734167  0.05756957   -0.03972474  0.03567220   -0.12896499 -0.04052570
 -0.03972474  0.03567220   -0.08650845  0.05612555    0.03972474 -0.03567220
 -0.12896499 -0.04052570    0.03972474 -0.03567220   -0.06734167  0.05756957
    2    2
  0.24231535  0.00000000   -0.00468165 -0.00738557   -0.00140830  0.00000000
 -0.00468165  0.00738557    0.29790900  0.00000000    0.00468165 -0.00738557
 -0.00140830  0.00000000    0.00468165  0.00738557    0.24231535  0.00000000

     Dynamical  Matrix in cartesian axes

     q = (    0.750000000   0.250000000  -0.750000000 ) 

    1    1
  0.24231535  0.00000000    0.00468165 -0.00738557   -0.00140830  0.00000000
  0.00468165  0.00738557    0.29790900  0.00000000   -0.00468165 -0.00738557
 -0.00140830  0.00000000   -0.00468165  0.00738557    0.24231535  0.00000000
    1    2
 -0.06734167 -0.05756957    0.03972474  0.03567220   -0.12896499  0.04052570
  0.03972474  0.03567220   -0.08650845 -0.05612555   -0.03972474 -0.03567220
 -0.12896499  0.04052570   -0.03972474 -0.03567220   -0.06734167 -0.05756957
    2    1
 -0.06734167  0.05756957    0.03972474 -0.03567220   -0.12896499 -0.04052570
  0.03972474 -0.03567220   -0.08650845  0.05612555   -0.03972474  0.03567220
 -0.12896499 -0.04052570   -0.03972474  0.03567220   -0.06734167  0.05756957
    2    2
  0.24231535  0.00000000    0.00468165  0.00738557   -0.00140830  0.00000000
  0.00468165 -0.00738557    0.29790900  0.00000000   -0.00468165  0.00738557
 -0.00140830  0.00000000   -0.00468165 -0.00738557    0.24231535  0.00000000

     Dynamical  Matrix in cartesian axes

     q = (   -0.750000000   0.750000000   0.250000000 ) 

    1    1
  0.24231535  0.00000000   -0.00140830  0.00000000   -0.00468165  0.00738557
 -0.00140830  0.00000000    0.24231535  0.00000000    0.00468165 -0.00738557
 -0.00468165 -0.00738557    0.00468165  0.00738557    0.29790900  0.00000000
    1    2
 -0.06734167 -0.05756957   -0.12896499  0.04052570   -0.03972474 -0.03567220
 -0.12896499  0.04052570   -0.06734167 -0.05756957    0.03972474  0.03567220
 -0.03972474 -0.03567220    0.03972474  0.03567220   -0.08650845 -0.05612555
    2    1
 -0.06734167  0.05756957   -0.12896499 -0.04052570   -0.03972474  0.03567220
 -0.12896499 -0.04052570   -0.06734167  0.05756957    0.03972474 -0.03567220
 -0.03972474  0.03567220    0.03972474 -0.03567220   -0.08650845  0.05612555
    2    2
  0.24231535  0.00000000   -0.00140830  0.00000000   -0.00468165 -0.00738557
 -0.00140830  0.00000000    0.24231535  0.00000000    0.00468165  0.00738557
 -0.00468165  0.00738557    0.00468165 -0.00738557    0.29790900  0.00000000

     Dynamical  Matrix in cartesian axes

     q = (   -0.250000000   0.750000000   0.750000000 ) 

    1    1
  0.29790900  0.00000000   -0.00468165 -0.00738557   -0.00468165 -0.00738557
 -0.00468165  0.00738557    0.24231535  0.00000000    0.00140830  0.00000000
 -0.00468165  0.00738557    0.00140830  0.00000000    0.24231535  0.00000000
    1    2
 -0.05612555  0.08650845   -0.03567220  0.03972474   -0.03567220  0.03972474
 -0.03567220  0.03972474   -0.05756957  0.06734167   -0.04052570 -0.12896499
 -0.03567220  0.03972474   -0.04052570 -0.12896499   -0.05756957  0.06734167
    2    1
 -0.05612555 -0.08650845   -0.03567220 -0.03972474   -0.03567220 -0.03972474
 -0.03567220 -0.03972474   -0.05756957 -0.06734167   -0.04052570  0.12896499
 -0.03567220 -0.03972474   -0.04052570  0.12896499   -0.05756957 -0.06734167
    2    2
  0.29790900  0.00000000   -0.00468165  0.00738557   -0.00468165  0.00738557
 -0.00468165 -0.00738557    0.24231535  0.00000000    0.00140830  0.00000000
 -0.00468165 -0.00738557    0.00140830  0.00000000    0.24231535  0.00000000

     Dynamical  Matrix in cartesian axes

     q = (    0.250000000   0.750000000  -0.750000000 ) 

    1    1
  0.29790900  0.00000000    0.00468165  0.00738557   -0.00468165 -0.00738557
  0.00468165 -0.00738557    0.24231535  0.00000000   -0.00140830  0.00000000
 -0.00468165  0.00738557   -0.00140830  0.00000000    0.24231535  0.00000000
    1    2
 -0.08650845 -0.05612555    0.03972474  0.03567220   -0.03972474 -0.03567220
  0.03972474  0.03567220   -0.06734167 -0.05756957   -0.12896499  0.04052570
 -0.03972474 -0.03567220   -0.12896499  0.04052570   -0.06734167 -0.05756957
    2    1
 -0.08650845  0.05612555    0.03972474 -0.03567220   -0.03972474  0.03567220
  0.03972474 -0.03567220   -0.06734167  0.05756957   -0.12896499 -0.04052570
 -0.03972474  0.03567220   -0.12896499 -0.04052570   -0.06734167  0.05756957
    2    2
  0.29790900  0.00000000    0.00468165 -0.00738557   -0.00468165  0.00738557
  0.00468165  0.00738557    0.24231535  0.00000000   -0.00140830  0.00000000
 -0.00468165 -0.00738557   -0.00140830  0.00000000    0.24231535  0.00000000

     Dynamical  Matrix in cartesian axes

     q = (   -0.250000000  -0.750000000  -0.750000000 ) 

    1    1
  0.29790900  0.00000000    0.00468165  0.00738557    0.00468165  0.00738557
  0.00468165 -0.00738557    0.24231535  0.00000000    0.00140830  0.00000000
  0.00468165 -0.00738557    0.00140830  0.00000000    0.24231535  0.00000000
    1    2
  0.08650845  0.05612555   -0.03972474 -0.03567220   -0.03972474 -0.03567220
 -0.03972474 -0.03567220    0.06734167  0.05756957   -0.12896499  0.04052570
 -0.03972474 -0.03567220   -0.12896499  0.04052570    0.06734167  0.05756957
    2    1
  0.08650845 -0.05612555   -0.03972474  0.03567220   -0.03972474  0.03567220
 -0.03972474  0.03567220    0.06734167 -0.05756957   -0.12896499 -0.04052570
 -0.03972474  0.03567220   -0.12896499 -0.04052570    0.06734167 -0.05756957
    2    2
  0.29790900  0.00000000    0.00468165 -0.00738557    0.00468165 -0.00738557
  0.00468165  0.00738557    0.24231535  0.00000000    0.00140830  0.00000000
  0.00468165  0.00738557    0.00140830  0.00000000    0.24231535  0.00000000

     Dynamical  Matrix in cartesian axes

     q = (    0.750000000   0.750000000  -0.250000000 ) 

    1    1
  0.24231535  0.00000000    0.00140830  0.00000000   -0.00468165  0.00738557
  0.00140830  0.00000000    0.24231535  0.00000000   -0.00468165  0.00738557
 -0.00468165 -0.00738557   -0.00468165 -0.00738557    0.29790900  0.00000000
    1    2
 -0.05756957  0.06734167   -0.04052570 -0.12896499   -0.03567220  0.03972474
 -0.04052570 -0.12896499   -0.05756957  0.06734167   -0.03567220  0.03972474
 -0.03567220  0.03972474   -0.03567220  0.03972474   -0.05612555  0.08650845
    2    1
 -0.05756957 -0.06734167   -0.04052570  0.12896499   -0.03567220 -0.03972474
 -0.04052570  0.12896499   -0.05756957 -0.06734167   -0.03567220 -0.03972474
 -0.03567220 -0.03972474   -0.03567220 -0.03972474   -0.05612555 -0.08650845
    2    2
  0.24231535  0.00000000    0.00140830  0.00000000   -0.00468165 -0.00738557
  0.00140830  0.00000000    0.24231535  0.00000000   -0.00468165 -0.00738557
 -0.00468165  0.00738557   -0.00468165  0.00738557    0.29790900  0.00000000

     Dynamical  Matrix in cartesian axes

     q = (    0.750000000  -0.750000000   0.250000000 ) 

    1    1
  0.24231535  0.00000000   -0.00140830  0.00000000    0.00468165 -0.00738557
 -0.00140830  0.00000000    0.24231535  0.00000000   -0.00468165  0.00738557
  0.00468165  0.00738557   -0.00468165 -0.00738557    0.29790900  0.00000000
    1    2
 -0.06734167 -0.05756957   -0.12896499  0.04052570    0.03972474  0.03567220
 -0.12896499  0.04052570   -0.06734167 -0.05756957   -0.03972474 -0.03567220
  0.03972474  0.03567220   -0.03972474 -0.03567220   -0.08650845 -0.05612555
    2    1
 -0.06734167  0.05756957   -0.12896499 -0.04052570    0.03972474 -0.03567220
 -0.12896499 -0.04052570   -0.06734167  0.05756957   -0.03972474  0.03567220
  0.03972474 -0.03567220   -0.03972474  0.03567220   -0.08650845  0.05612555
    2    2
  0.24231535  0.00000000   -0.00140830  0.00000000    0.00468165  0.00738557
 -0.00140830  0.00000000    0.24231535  0.00000000   -0.00468165 -0.00738557
  0.00468165 -0.00738557   -0.00468165  0.00738557    0.29790900  0.00000000

     Dynamical  Matrix in cartesian axes

     q = (   -0.750000000  -0.750000000  -0.250000000 ) 

    1    1
  0.24231535  0.00000000    0.00140830  0.00000000    0.00468165 -0.00738557
  0.00140830  0.00000000    0.24231535  0.00000000    0.00468165 -0.00738557
  0.00468165  0.00738557    0.00468165  0.00738557    0.29790900  0.00000000
    1    2
  0.06734167  0.05756957   -0.12896499  0.04052570   -0.03972474 -0.03567220
 -0.12896499  0.04052570    0.06734167  0.05756957   -0.03972474 -0.03567220
 -0.03972474 -0.03567220   -0.03972474 -0.03567220    0.08650845  0.05612555
    2    1
  0.06734167 -0.05756957   -0.12896499 -0.04052570   -0.03972474  0.03567220
 -0.12896499 -0.04052570    0.06734167 -0.05756957   -0.03972474  0.03567220
 -0.03972474  0.03567220   -0.03972474  0.03567220    0.08650845 -0.05612555
    2    2
  0.24231535  0.00000000    0.00140830  0.00000000    0.00468165  0.00738557
  0.00140830  0.00000000    0.24231535  0.00000000    0.00468165  0.00738557
  0.00468165 -0.00738557    0.00468165 -0.00738557    0.29790900  0.00000000

     Dynamical  Matrix in cartesian axes

     q = (    0.250000000  -0.750000000   0.750000000 ) 

    1    1
  0.29790900  0.00000000   -0.00468165 -0.00738557    0.00468165  0.00738557
 -0.00468165  0.00738557    0.24231535  0.00000000   -0.00140830  0.00000000
  0.00468165 -0.00738557   -0.00140830  0.00000000    0.24231535  0.00000000
    1    2
 -0.08650845 -0.05612555   -0.03972474 -0.03567220    0.03972474  0.03567220
 -0.03972474 -0.03567220   -0.06734167 -0.05756957   -0.12896499  0.04052570
  0.03972474  0.03567220   -0.12896499  0.04052570   -0.06734167 -0.05756957
    2    1
 -0.08650845  0.05612555   -0.03972474  0.03567220    0.03972474 -0.03567220
 -0.03972474  0.03567220   -0.06734167  0.05756957   -0.12896499 -0.04052570
  0.03972474 -0.03567220   -0.12896499 -0.04052570   -0.06734167  0.05756957
    2    2
  0.29790900  0.00000000   -0.00468165  0.00738557    0.00468165 -0.00738557
 -0.00468165 -0.00738557    0.24231535  0.00000000   -0.00140830  0.00000000
  0.00468165  0.00738557   -0.00140830  0.00000000    0.24231535  0.00000000

     Dynamical  Matrix in cartesian axes

     q = (   -0.750000000  -0.750000000   0.250000000 ) 

    1    1
  0.24231535  0.00000000    0.00140830  0.00000000   -0.00468165 -0.00738557
  0.00140830  0.00000000    0.24231535  0.00000000   -0.00468165 -0.00738557
 -0.00468165  0.00738557   -0.00468165  0.00738557    0.29790900  0.00000000
    1    2
 -0.05756957 -0.06734167   -0.04052570  0.12896499   -0.03567220 -0.03972474
 -0.04052570  0.12896499   -0.05756957 -0.06734167   -0.03567220 -0.03972474
 -0.03567220 -0.03972474   -0.03567220 -0.03972474   -0.05612555 -0.08650845
    2    1
 -0.05756957  0.06734167   -0.04052570 -0.12896499   -0.03567220  0.03972474
 -0.04052570 -0.12896499   -0.05756957  0.06734167   -0.03567220  0.03972474
 -0.03567220  0.03972474   -0.03567220  0.03972474   -0.05612555  0.08650845
    2    2
  0.24231535  0.00000000    0.00140830  0.00000000   -0.00468165  0.00738557
  0.00140830  0.00000000    0.24231535  0.00000000   -0.00468165  0.00738557
 -0.00468165 -0.00738557   -0.00468165 -0.00738557    0.29790900  0.00000000

     Dynamical  Matrix in cartesian axes

     q = (    0.250000000   0.750000000   0.750000000 ) 

    1    1
  0.29790900  0.00000000    0.00468165 -0.00738557    0.00468165 -0.00738557
  0.00468165  0.00738557    0.24231535  0.00000000    0.00140830  0.00000000
  0.00468165  0.00738557    0.00140830  0.00000000    0.24231535  0.00000000
    1    2
  0.08650845 -0.05612555   -0.03972474  0.03567220   -0.03972474  0.03567220
 -0.03972474  0.03567220    0.06734167 -0.05756957   -0.12896499 -0.04052570
 -0.03972474  0.03567220   -0.12896499 -0.04052570    0.06734167 -0.05756957
    2    1
  0.08650845  0.05612555   -0.03972474 -0.03567220   -0.03972474 -0.03567220
 -0.03972474 -0.03567220    0.06734167  0.05756957   -0.12896499  0.04052570
 -0.03972474 -0.03567220   -0.12896499  0.04052570    0.06734167  0.05756957
    2    2
  0.29790900  0.00000000    0.00468165  0.00738557    0.00468165  0.00738557
  0.00468165 -0.00738557    0.24231535  0.00000000    0.00140830  0.00000000
  0.00468165 -0.00738557    0.00140830  0.00000000    0.24231535  0.00000000

     Dynamical  Matrix in cartesian axes

     q = (   -0.250000000  -0.750000000   0.750000000 ) 

    1    1
  0.29790900  0.00000000    0.00468165 -0.00738557   -0.00468165  0.00738557
  0.00468165  0.00738557    0.24231535  0.00000000   -0.00140830  0.00000000
 -0.00468165 -0.00738557   -0.00140830  0.00000000    0.24231535  0.00000000
    1    2
 -0.08650845  0.05612555    0.03972474 -0.03567220   -0.03972474  0.03567220
  0.03972474 -0.03567220   -0.06734167  0.05756957   -0.12896499 -0.04052570
 -0.03972474  0.03567220   -0.12896499 -0.04052570   -0.06734167  0.05756957
    2    1
 -0.08650845 -0.05612555    0.03972474  0.03567220   -0.03972474 -0.03567220
  0.03972474  0.03567220   -0.06734167 -0.05756957   -0.12896499  0.04052570
 -0.03972474 -0.03567220   -0.12896499  0.04052570   -0.06734167 -0.05756957
    2    2
  0.29790900  0.00000000    0.00468165  0.00738557   -0.00468165 -0.00738557
  0.00468165 -0.00738557    0.24231535  0.00000000   -0.00140830  0.00000000
 -0.00468165  0.00738557   -0.00140830  0.00000000    0.24231535  0.00000000

     Dynamical  Matrix in cartesian axes

     q = (    0.750000000   0.750000000   0.250000000 ) 

    1    1
  0.24231535  0.00000000    0.00140830  0.00000000    0.00468165  0.00738557
  0.00140830  0.00000000    0.24231535  0.00000000    0.00468165  0.00738557
  0.00468165 -0.00738557    0.00468165 -0.00738557    0.29790900  0.00000000
    1    2
  0.06734167 -0.05756957   -0.12896499 -0.04052570   -0.03972474  0.03567220
 -0.12896499 -0.04052570    0.06734167 -0.05756957   -0.03972474  0.03567220
 -0.03972474  0.03567220   -0.03972474  0.03567220    0.08650845 -0.05612555
    2    1
  0.06734167  0.05756957   -0.12896499  0.04052570   -0.03972474 -0.03567220
 -0.12896499  0.04052570    0.06734167  0.05756957   -0.03972474 -0.03567220
 -0.03972474 -0.03567220   -0.03972474 -0.03567220    0.08650845  0.05612555
    2    2
  0.24231535  0.00000000    0.00140830  0.00000000    0.00468165 -0.00738557
  0.00140830  0.00000000    0.24231535  0.00000000    0.00468165 -0.00738557
  0.00468165  0.00738557    0.00468165  0.00738557    0.29790900  0.00000000

     Dynamical  Matrix in cartesian axes

     q = (    0.250000000  -0.750000000  -0.750000000 ) 

    1    1
  0.29790900  0.00000000   -0.00468165  0.00738557   -0.00468165  0.00738557
 -0.00468165 -0.00738557    0.24231535  0.00000000    0.00140830  0.00000000
 -0.00468165 -0.00738557    0.00140830  0.00000000    0.24231535  0.00000000
    1    2
 -0.05612555 -0.08650845   -0.03567220 -0.03972474   -0.03567220 -0.03972474
 -0.03567220 -0.03972474   -0.05756957 -0.06734167   -0.04052570  0.12896499
 -0.03567220 -0.03972474   -0.04052570  0.12896499   -0.05756957 -0.06734167
    2    1
 -0.05612555  0.08650845   -0.03567220  0.03972474   -0.03567220  0.03972474
 -0.03567220  0.03972474   -0.05756957  0.06734167   -0.04052570 -0.12896499
 -0.03567220  0.03972474   -0.04052570 -0.12896499   -0.05756957  0.06734167
    2    2
  0.29790900  0.00000000   -0.00468165 -0.00738557   -0.00468165 -0.00738557
 -0.00468165  0.00738557    0.24231535  0.00000000    0.00140830  0.00000000
 -0.00468165  0.00738557    0.00140830  0.00000000    0.24231535  0.00000000

     Dynamical  Matrix in cartesian axes

     q = (    0.750000000  -0.750000000  -0.250000000 ) 

    1    1
  0.24231535  0.00000000   -0.00140830  0.00000000   -0.00468165 -0.00738557
 -0.00140830  0.00000000    0.24231535  0.00000000    0.00468165  0.00738557
 -0.00468165  0.00738557    0.00468165 -0.00738557    0.29790900  0.00000000
    1    2
 -0.06734167  0.05756957   -0.12896499 -0.04052570   -0.03972474  0.03567220
 -0.12896499 -0.04052570   -0.06734167  0.05756957    0.03972474 -0.03567220
 -0.03972474  0.03567220    0.03972474 -0.03567220   -0.08650845  0.05612555
    2    1
 -0.06734167 -0.05756957   -0.12896499  0.04052570   -0.03972474 -0.03567220
 -0.12896499  0.04052570   -0.06734167 -0.05756957    0.03972474  0.03567220
 -0.03972474 -0.03567220    0.03972474  0.03567220   -0.08650845 -0.05612555
    2    2
  0.24231535  0.00000000   -0.00140830  0.00000000   -0.00468165  0.00738557
 -0.00140830  0.00000000    0.24231535  0.00000000    0.00468165 -0.00738557
 -0.00468165 -0.00738557    0.00468165  0.00738557    0.29790900  0.00000000

     Diagonalizing the dynamical matrix

     q = (    0.750000000  -0.250000000   0.750000000 ) 

 **************************************************************************
     freq (    1) =       4.306343 [THz] =     143.644152 [cm-1]
 ( -0.043249  0.498126  0.000000 -0.000000  0.043249 -0.498126 ) 
 ( -0.500000 -0.000000  0.000000 -0.000000  0.500000  0.000000 ) 
     freq (    2) =       6.142346 [THz] =     204.886594 [cm-1]
 ( -0.400685 -0.143911 -0.333089  0.162892 -0.400685 -0.143911 ) 
 ( -0.425745 -0.000000 -0.258422 -0.265896 -0.425745  0.000000 ) 
     freq (    3) =       9.334325 [THz] =     311.359560 [cm-1]
 ( -0.078217  0.295977 -0.437382 -0.348219 -0.078217  0.295977 ) 
 (  0.306138  0.000000 -0.224913 -0.511834  0.306138  0.000000 ) 
     freq (    4) =      11.900686 [THz] =     396.964155 [cm-1]
 ( -0.165499 -0.323168  0.400280  0.275902 -0.165499 -0.323168 ) 
 (  0.363080 -0.000000 -0.428028 -0.230516  0.363080  0.000000 ) 
     freq (    5) =      13.607502 [THz] =     453.897404 [cm-1]
 ( -0.043249  0.498126 -0.000000  0.000000  0.043249 -0.498126 ) 
 (  0.500000 -0.000000  0.000000  0.000000 -0.500000  0.000000 ) 
     freq (    6) =      13.838896 [THz] =     461.615874 [cm-1]
 (  0.283530  0.113155  0.501990 -0.248232  0.283530  0.113155 ) 
 ( -0.305276  0.000000 -0.374221 -0.416619 -0.305276  0.000000 ) 
 **************************************************************************
