Dynamical matrix file
                                                                           
  1    2  2 10.3520000  0.0000000  0.0000000  0.0000000  0.0000000  0.0000000
           1  'Si  '    25598.822984527003     
    1    1      0.0000000000      0.0000000000      0.0000000000
    2    1      0.2500000000      0.2500000000      0.2500000000

     Dynamical  Matrix in cartesian axes

     q = (   -0.250000000   0.250000000  -0.250000000 ) 

    1    1
  0.27977274  0.00000000   -0.01074550  0.00000000    0.01074550  0.00000000
 -0.01074550  0.00000000    0.27977274  0.00000000   -0.01074550  0.00000000
  0.01074550  0.00000000   -0.01074550  0.00000000    0.27977274  0.00000000
    1    2
 -0.20463314 -0.06041913   -0.03590084  0.03668922    0.03590084 -0.03668922
 -0.03590084  0.03668922   -0.20463314 -0.06041913   -0.03590084  0.03668922
  0.03590084 -0.03668922   -0.03590084  0.03668922   -0.20463314 -0.06041913
    2    1
 -0.20463314  0.06041913   -0.03590084 -0.03668922    0.03590084  0.03668922
 -0.03590084 -0.03668922   -0.20463314  0.06041913   -0.03590084 -0.03668922
  0.03590084  0.03668922   -0.03590084 -0.03668922   -0.20463314  0.06041913
    2    2
  0.27977274  0.00000000   -0.01074550  0.00000000    0.01074550  0.00000000
 -0.01074550  0.00000000    0.27977274  0.00000000   -0.01074550  0.00000000
  0.01074550  0.00000000   -0.01074550  0.00000000    0.27977274  0.00000000

     Dynamical  Matrix in cartesian axes

     q = (    0.250000000  -0.250000000  -0.250000000 ) 

    1    1
  0.27977274  0.00000000   -0.01074550  0.00000000   -0.01074550  0.00000000
 -0.01074550  0.00000000    0.27977274  0.00000000    0.01074550  0.00000000
 -0.01074550  0.00000000    0.01074550  0.00000000    0.27977274  0.00000000
    1    2
 -0.20463314 -0.06041913   -0.03590084  0.03668922   -0.03590084  0.03668922
 -0.03590084  0.03668922   -0.20463314 -0.06041913    0.03590084 -0.03668922
 -0.03590084  0.03668922    0.03590084 -0.03668922   -0.20463314 -0.06041913
    2    1
 -0.20463314  0.06041913   -0.03590084 -0.03668922   -0.03590084 -0.03668922
 -0.03590084 -0.03668922   -0.20463314  0.06041913    0.03590084  0.03668922
 -0.03590084 -0.03668922    0.03590084  0.03668922   -0.20463314  0.06041913
    2    2
  0.27977274  0.00000000   -0.01074550  0.00000000   -0.01074550  0.00000000
 -0.01074550  0.00000000    0.27977274  0.00000000    0.01074550  0.00000000
 -0.01074550  0.00000000    0.01074550  0.00000000    0.27977274  0.00000000

     Dynamical  Matrix in cartesian axes

     q = (    0.250000000  -0.250000000   0.250000000 ) 

    1    1
  0.27977274  0.00000000   -0.01074550  0.00000000    0.01074550  0.00000000
 -0.01074550  0.00000000    0.27977274  0.00000000   -0.01074550  0.00000000
  0.01074550  0.00000000   -0.01074550  0.00000000    0.27977274  0.00000000
    1    2
 -0.20463314  0.06041913   -0.03590084 -0.03668922    0.03590084  0.03668922
 -0.03590084 -0.03668922   -0.20463314  0.06041913   -0.03590084 -0.03668922
  0.03590084  0.03668922   -0.03590084 -0.03668922   -0.20463314  0.06041913
    2    1
 -0.20463314 -0.06041913   -0.03590084  0.03668922    0.03590084 -0.03668922
 -0.03590084  0.03668922   -0.20463314 -0.06041913   -0.03590084  0.03668922
  0.03590084 -0.03668922   -0.03590084  0.03668922   -0.20463314 -0.06041913
    2    2
  0.27977274  0.00000000   -0.01074550  0.00000000    0.01074550  0.00000000
 -0.01074550  0.00000000    0.27977274  0.00000000   -0.01074550  0.00000000
  0.01074550  0.00000000   -0.01074550  0.00000000    0.27977274  0.00000000

     Dynamical  Matrix in cartesian axes

     q = (    0.250000000   0.250000000   0.250000000 ) 

    1    1
  0.27977274  0.00000000    0.01074550  0.00000000    0.01074550  0.00000000
  0.01074550  0.00000000    0.27977274  0.00000000    0.01074550  0.00000000
  0.01074550  0.00000000    0.01074550  0.00000000    0.27977274  0.00000000
    1    2
 -0.06041913  0.20463314   -0.03668922 -0.03590084   -0.03668922 -0.03590084
 -0.03668922 -0.03590084   -0.06041913  0.20463314   -0.03668922 -0.03590084
 -0.03668922 -0.03590084   -0.03668922 -0.03590084   -0.06041913  0.20463314
    2    1
 -0.06041913 -0.20463314   -0.03668922  0.03590084   -0.03668922  0.03590084
 -0.03668922  0.03590084   -0.06041913 -0.20463314   -0.03668922  0.03590084
 -0.03668922  0.03590084   -0.03668922  0.03590084   -0.06041913 -0.20463314
    2    2
  0.27977274  0.00000000    0.01074550  0.00000000    0.01074550  0.00000000
  0.01074550  0.00000000    0.27977274  0.00000000    0.01074550  0.00000000
  0.01074550  0.00000000    0.01074550  0.00000000    0.27977274  0.00000000

     Dynamical  Matrix in cartesian axes

     q = (   -0.250000000  -0.250000000  -0.250000000 ) 

    1    1
  0.27977274  0.00000000    0.01074550  0.00000000    0.01074550  0.00000000
  0.01074550  0.00000000    0.27977274  0.00000000    0.01074550  0.00000000
  0.01074550  0.00000000    0.01074550  0.00000000    0.27977274  0.00000000
    1    2
 -0.06041913 -0.20463314   -0.03668922  0.03590084   -0.03668922  0.03590084
 -0.03668922  0.03590084   -0.06041913 -0.20463314   -0.03668922  0.03590084
 -0.03668922  0.03590084   -0.03668922  0.03590084   -0.06041913 -0.20463314
    2    1
 -0.06041913  0.20463314   -0.03668922 -0.03590084   -0.03668922 -0.03590084
 -0.03668922 -0.03590084   -0.06041913  0.20463314   -0.03668922 -0.03590084
 -0.03668922 -0.03590084   -0.03668922 -0.03590084   -0.06041913  0.20463314
    2    2
  0.27977274  0.00000000    0.01074550  0.00000000    0.01074550  0.00000000
  0.01074550  0.00000000    0.27977274  0.00000000    0.01074550  0.00000000
  0.01074550  0.00000000    0.01074550  0.00000000    0.27977274  0.00000000

     Dynamical  Matrix in cartesian axes

     q = (   -0.250000000  -0.250000000   0.250000000 ) 

    1    1
  0.27977274  0.00000000    0.01074550  0.00000000   -0.01074550  0.00000000
  0.01074550  0.00000000    0.27977274  0.00000000   -0.01074550  0.00000000
 -0.01074550  0.00000000   -0.01074550  0.00000000    0.27977274  0.00000000
    1    2
 -0.20463314 -0.06041913    0.03590084 -0.03668922   -0.03590084  0.03668922
  0.03590084 -0.03668922   -0.20463314 -0.06041913   -0.03590084  0.03668922
 -0.03590084  0.03668922   -0.03590084  0.03668922   -0.20463314 -0.06041913
    2    1
 -0.20463314  0.06041913    0.03590084  0.03668922   -0.03590084 -0.03668922
  0.03590084  0.03668922   -0.20463314  0.06041913   -0.03590084 -0.03668922
 -0.03590084 -0.03668922   -0.03590084 -0.03668922   -0.20463314  0.06041913
    2    2
  0.27977274  0.00000000    0.01074550  0.00000000   -0.01074550  0.00000000
  0.01074550  0.00000000    0.27977274  0.00000000   -0.01074550  0.00000000
 -0.01074550  0.00000000   -0.01074550  0.00000000    0.27977274  0.00000000

     Dynamical  Matrix in cartesian axes

     q = (   -0.250000000   0.250000000   0.250000000 ) 

    1    1
  0.27977274  0.00000000   -0.01074550  0.00000000   -0.01074550  0.00000000
 -0.01074550  0.00000000    0.27977274  0.00000000    0.01074550  0.00000000
 -0.01074550  0.00000000    0.01074550  0.00000000    0.27977274  0.00000000
    1    2
 -0.20463314  0.06041913   -0.03590084 -0.03668922   -0.03590084 -0.03668922
 -0.03590084 -0.03668922   -0.20463314  0.06041913    0.03590084  0.03668922
 -0.03590084 -0.03668922    0.03590084  0.03668922   -0.20463314  0.06041913
    2    1
 -0.20463314 -0.06041913   -0.03590084  0.03668922   -0.03590084  0.03668922
 -0.03590084  0.03668922   -0.20463314 -0.06041913    0.03590084 -0.03668922
 -0.03590084  0.03668922    0.03590084 -0.03668922   -0.20463314 -0.06041913
    2    2
  0.27977274  0.00000000   -0.01074550  0.00000000   -0.01074550  0.00000000
 -0.01074550  0.00000000    0.27977274  0.00000000    0.01074550  0.00000000
 -0.01074550  0.00000000    0.01074550  0.00000000    0.27977274  0.00000000

     Dynamical  Matrix in cartesian axes

     q = (    0.250000000   0.250000000  -0.250000000 ) 

    1    1
  0.27977274  0.00000000    0.01074550  0.00000000   -0.01074550  0.00000000
  0.01074550  0.00000000    0.27977274  0.00000000   -0.01074550  0.00000000
 -0.01074550  0.00000000   -0.01074550  0.00000000    0.27977274  0.00000000
    1    2
 -0.20463314  0.06041913    0.03590084  0.03668922   -0.03590084 -0.03668922
  0.03590084  0.03668922   -0.20463314  0.06041913   -0.03590084 -0.03668922
 -0.03590084 -0.03668922   -0.03590084 -0.03668922   -0.20463314  0.06041913
    2    1
 -0.20463314 -0.06041913    0.03590084 -0.03668922   -0.03590084  0.03668922
  0.03590084 -0.03668922   -0.20463314 -0.06041913   -0.03590084  0.03668922
 -0.03590084  0.03668922   -0.03590084  0.03668922   -0.20463314 -0.06041913
    2    2
  0.27977274  0.00000000    0.01074550  0.00000000   -0.01074550  0.00000000
  0.01074550  0.00000000    0.27977274  0.00000000   -0.01074550  0.00000000
 -0.01074550  0.00000000   -0.01074550  0.00000000    0.27977274  0.00000000

     Diagonalizing the dynamical matrix

     q = (   -0.250000000   0.250000000  -0.250000000 ) 

 **************************************************************************
     freq (    1) =       3.398987 [THz] =     113.377991 [cm-1]
 (  0.213881  0.033891 -0.354899 -0.022222 -0.568780 -0.056113 ) 
 (  0.216175  0.012728 -0.355366  0.012728 -0.571541  0.000000 ) 
     freq (    2) =       3.398987 [THz] =     113.377991 [cm-1]
 (  0.533934 -0.036806  0.452633 -0.044826 -0.081300 -0.008021 ) 
 (  0.527740 -0.089049  0.446046 -0.089049 -0.081695  0.000000 ) 
     freq (    3) =       6.903663 [THz] =     230.281411 [cm-1]
 ( -0.287627 -0.289719  0.287627  0.289719 -0.287627 -0.289719 ) 
 ( -0.408248 -0.000000  0.408248  0.000000 -0.408248  0.000000 ) 
     freq (    4) =      14.390455 [THz] =     480.013894 [cm-1]
 ( -0.287627 -0.289719  0.287627  0.289719 -0.287627 -0.289719 ) 
 (  0.408248  0.000000 -0.408248  0.000000  0.408248  0.000000 ) 
     freq (    5) =      14.694684 [THz] =     490.161910 [cm-1]
 ( -0.391234  0.166631 -0.526497  0.153287 -0.135262 -0.013344 ) 
 (  0.372985 -0.204237  0.508904 -0.204237  0.135919  0.000000 ) 
     freq (    6) =      14.694684 [THz] =     490.161910 [cm-1]
 ( -0.390356  0.011201  0.168057  0.066291  0.558412  0.055090 ) 
 (  0.387370 -0.049472 -0.173753 -0.049472 -0.561123  0.000000 ) 
 **************************************************************************
