Dynamical matrix file
                                                                           
  1    2  2 10.3220000  0.0000000  0.0000000  0.0000000  0.0000000  0.0000000
           1  'Si  '    25598.822984527003     
    1    1      0.0000000000      0.0000000000      0.0000000000
    2    1      0.2500000000      0.2500000000      0.2500000000

     Dynamical  Matrix in cartesian axes

     q = (   -0.250000000   0.250000000  -0.250000000 ) 

    1    1
  0.27117058  0.00000000   -0.01177629  0.00000000    0.01177629  0.00000000
 -0.01177629  0.00000000    0.27117058  0.00000000   -0.01177629  0.00000000
  0.01177629  0.00000000   -0.01177629  0.00000000    0.27117058  0.00000000
    1    2
 -0.20183267 -0.05859627   -0.03859248  0.04026632    0.03859248 -0.04026632
 -0.03859248  0.04026632   -0.20183267 -0.05859627   -0.03859248  0.04026632
  0.03859248 -0.04026632   -0.03859248  0.04026632   -0.20183267 -0.05859627
    2    1
 -0.20183267  0.05859627   -0.03859248 -0.04026632    0.03859248  0.04026632
 -0.03859248 -0.04026632   -0.20183267  0.05859627   -0.03859248 -0.04026632
  0.03859248  0.04026632   -0.03859248 -0.04026632   -0.20183267  0.05859627
    2    2
  0.27117058  0.00000000   -0.01177629  0.00000000    0.01177629  0.00000000
 -0.01177629  0.00000000    0.27117058  0.00000000   -0.01177629  0.00000000
  0.01177629  0.00000000   -0.01177629  0.00000000    0.27117058  0.00000000

     Dynamical  Matrix in cartesian axes

     q = (    0.250000000  -0.250000000  -0.250000000 ) 

    1    1
  0.27117058  0.00000000   -0.01177629  0.00000000   -0.01177629  0.00000000
 -0.01177629  0.00000000    0.27117058  0.00000000    0.01177629  0.00000000
 -0.01177629  0.00000000    0.01177629  0.00000000    0.27117058  0.00000000
    1    2
 -0.20183267 -0.05859627   -0.03859248  0.04026632   -0.03859248  0.04026632
 -0.03859248  0.04026632   -0.20183267 -0.05859627    0.03859248 -0.04026632
 -0.03859248  0.04026632    0.03859248 -0.04026632   -0.20183267 -0.05859627
    2    1
 -0.20183267  0.05859627   -0.03859248 -0.04026632   -0.03859248 -0.04026632
 -0.03859248 -0.04026632   -0.20183267  0.05859627    0.03859248  0.04026632
 -0.03859248 -0.04026632    0.03859248  0.04026632   -0.20183267  0.05859627
    2    2
  0.27117058  0.00000000   -0.01177629  0.00000000   -0.01177629  0.00000000
 -0.01177629  0.00000000    0.27117058  0.00000000    0.01177629  0.00000000
 -0.01177629  0.00000000    0.01177629  0.00000000    0.27117058  0.00000000

     Dynamical  Matrix in cartesian axes

     q = (    0.250000000  -0.250000000   0.250000000 ) 

    1    1
  0.27117058  0.00000000   -0.01177629  0.00000000    0.01177629  0.00000000
 -0.01177629  0.00000000    0.27117058  0.00000000   -0.01177629  0.00000000
  0.01177629  0.00000000   -0.01177629  0.00000000    0.27117058  0.00000000
    1    2
 -0.20183267  0.05859627   -0.03859248 -0.04026632    0.03859248  0.04026632
 -0.03859248 -0.04026632   -0.20183267  0.05859627   -0.03859248 -0.04026632
  0.03859248  0.04026632   -0.03859248 -0.04026632   -0.20183267  0.05859627
    2    1
 -0.20183267 -0.05859627   -0.03859248  0.04026632    0.03859248 -0.04026632
 -0.03859248  0.04026632   -0.20183267 -0.05859627   -0.03859248  0.04026632
  0.03859248 -0.04026632   -0.03859248  0.04026632   -0.20183267 -0.05859627
    2    2
  0.27117058  0.00000000   -0.01177629  0.00000000    0.01177629  0.00000000
 -0.01177629  0.00000000    0.27117058  0.00000000   -0.01177629  0.00000000
  0.01177629  0.00000000   -0.01177629  0.00000000    0.27117058  0.00000000

     Dynamical  Matrix in cartesian axes

     q = (    0.250000000   0.250000000   0.250000000 ) 

    1    1
  0.27117058  0.00000000    0.01177629  0.00000000    0.01177629  0.00000000
  0.01177629  0.00000000    0.27117058  0.00000000    0.01177629  0.00000000
  0.01177629  0.00000000    0.01177629  0.00000000    0.27117058  0.00000000
    1    2
 -0.05859627  0.20183267   -0.04026632 -0.03859248   -0.04026632 -0.03859248
 -0.04026632 -0.03859248   -0.05859627  0.20183267   -0.04026632 -0.03859248
 -0.04026632 -0.03859248   -0.04026632 -0.03859248   -0.05859627  0.20183267
    2    1
 -0.05859627 -0.20183267   -0.04026632  0.03859248   -0.04026632  0.03859248
 -0.04026632  0.03859248   -0.05859627 -0.20183267   -0.04026632  0.03859248
 -0.04026632  0.03859248   -0.04026632  0.03859248   -0.05859627 -0.20183267
    2    2
  0.27117058  0.00000000    0.01177629  0.00000000    0.01177629  0.00000000
  0.01177629  0.00000000    0.27117058  0.00000000    0.01177629  0.00000000
  0.01177629  0.00000000    0.01177629  0.00000000    0.27117058  0.00000000

     Dynamical  Matrix in cartesian axes

     q = (   -0.250000000  -0.250000000  -0.250000000 ) 

    1    1
  0.27117058  0.00000000    0.01177629  0.00000000    0.01177629  0.00000000
  0.01177629  0.00000000    0.27117058  0.00000000    0.01177629  0.00000000
  0.01177629  0.00000000    0.01177629  0.00000000    0.27117058  0.00000000
    1    2
 -0.05859627 -0.20183267   -0.04026632  0.03859248   -0.04026632  0.03859248
 -0.04026632  0.03859248   -0.05859627 -0.20183267   -0.04026632  0.03859248
 -0.04026632  0.03859248   -0.04026632  0.03859248   -0.05859627 -0.20183267
    2    1
 -0.05859627  0.20183267   -0.04026632 -0.03859248   -0.04026632 -0.03859248
 -0.04026632 -0.03859248   -0.05859627  0.20183267   -0.04026632 -0.03859248
 -0.04026632 -0.03859248   -0.04026632 -0.03859248   -0.05859627  0.20183267
    2    2
  0.27117058  0.00000000    0.01177629  0.00000000    0.01177629  0.00000000
  0.01177629  0.00000000    0.27117058  0.00000000    0.01177629  0.00000000
  0.01177629  0.00000000    0.01177629  0.00000000    0.27117058  0.00000000

     Dynamical  Matrix in cartesian axes

     q = (   -0.250000000  -0.250000000   0.250000000 ) 

    1    1
  0.27117058  0.00000000    0.01177629  0.00000000   -0.01177629  0.00000000
  0.01177629  0.00000000    0.27117058  0.00000000   -0.01177629  0.00000000
 -0.01177629  0.00000000   -0.01177629  0.00000000    0.27117058  0.00000000
    1    2
 -0.20183267 -0.05859627    0.03859248 -0.04026632   -0.03859248  0.04026632
  0.03859248 -0.04026632   -0.20183267 -0.05859627   -0.03859248  0.04026632
 -0.03859248  0.04026632   -0.03859248  0.04026632   -0.20183267 -0.05859627
    2    1
 -0.20183267  0.05859627    0.03859248  0.04026632   -0.03859248 -0.04026632
  0.03859248  0.04026632   -0.20183267  0.05859627   -0.03859248 -0.04026632
 -0.03859248 -0.04026632   -0.03859248 -0.04026632   -0.20183267  0.05859627
    2    2
  0.27117058  0.00000000    0.01177629  0.00000000   -0.01177629  0.00000000
  0.01177629  0.00000000    0.27117058  0.00000000   -0.01177629  0.00000000
 -0.01177629  0.00000000   -0.01177629  0.00000000    0.27117058  0.00000000

     Dynamical  Matrix in cartesian axes

     q = (   -0.250000000   0.250000000   0.250000000 ) 

    1    1
  0.27117058  0.00000000   -0.01177629  0.00000000   -0.01177629  0.00000000
 -0.01177629  0.00000000    0.27117058  0.00000000    0.01177629  0.00000000
 -0.01177629  0.00000000    0.01177629  0.00000000    0.27117058  0.00000000
    1    2
 -0.20183267  0.05859627   -0.03859248 -0.04026632   -0.03859248 -0.04026632
 -0.03859248 -0.04026632   -0.20183267  0.05859627    0.03859248  0.04026632
 -0.03859248 -0.04026632    0.03859248  0.04026632   -0.20183267  0.05859627
    2    1
 -0.20183267 -0.05859627   -0.03859248  0.04026632   -0.03859248  0.04026632
 -0.03859248  0.04026632   -0.20183267 -0.05859627    0.03859248 -0.04026632
 -0.03859248  0.04026632    0.03859248 -0.04026632   -0.20183267 -0.05859627
    2    2
  0.27117058  0.00000000   -0.01177629  0.00000000   -0.01177629  0.00000000
 -0.01177629  0.00000000    0.27117058  0.00000000    0.01177629  0.00000000
 -0.01177629  0.00000000    0.01177629  0.00000000    0.27117058  0.00000000

     Dynamical  Matrix in cartesian axes

     q = (    0.250000000   0.250000000  -0.250000000 ) 

    1    1
  0.27117058  0.00000000    0.01177629  0.00000000   -0.01177629  0.00000000
  0.01177629  0.00000000    0.27117058  0.00000000   -0.01177629  0.00000000
 -0.01177629  0.00000000   -0.01177629  0.00000000    0.27117058  0.00000000
    1    2
 -0.20183267  0.05859627    0.03859248  0.04026632   -0.03859248 -0.04026632
  0.03859248  0.04026632   -0.20183267  0.05859627   -0.03859248 -0.04026632
 -0.03859248 -0.04026632   -0.03859248 -0.04026632   -0.20183267  0.05859627
    2    1
 -0.20183267 -0.05859627    0.03859248 -0.04026632   -0.03859248  0.04026632
  0.03859248 -0.04026632   -0.20183267 -0.05859627   -0.03859248  0.04026632
 -0.03859248  0.04026632   -0.03859248  0.04026632   -0.20183267 -0.05859627
    2    2
  0.27117058  0.00000000    0.01177629  0.00000000   -0.01177629  0.00000000
  0.01177629  0.00000000    0.27117058  0.00000000   -0.01177629  0.00000000
 -0.01177629  0.00000000   -0.01177629  0.00000000    0.27117058  0.00000000

     Diagonalizing the dynamical matrix

     q = (   -0.250000000   0.250000000  -0.250000000 ) 

 **************************************************************************
     freq (    1) =       2.779402 [THz] =      92.710860 [cm-1]
 (  0.390203  0.037191 -0.171208 -0.005611 -0.561411 -0.042802 ) 
 (  0.391901  0.007420 -0.171139  0.007420 -0.563041  0.000000 ) 
     freq (    2) =       2.779402 [THz] =      92.710860 [cm-1]
 ( -0.418928 -0.064739 -0.546303 -0.074450 -0.127375 -0.009711 ) 
 ( -0.422637 -0.032706 -0.550382 -0.032706 -0.127744  0.000000 ) 
     freq (    3) =       6.754981 [THz] =     225.321910 [cm-1]
 ( -0.272417 -0.304065  0.272417  0.304065 -0.272417 -0.304065 ) 
 ( -0.408248 -0.000000  0.408248 -0.000000 -0.408248  0.000000 ) 
     freq (    4) =      14.268333 [THz] =     475.940349 [cm-1]
 ( -0.272417 -0.304065  0.272417  0.304065 -0.272417 -0.304065 ) 
 (  0.408248  0.000000 -0.408248  0.000000  0.408248  0.000000 ) 
     freq (    5) =      14.547036 [THz] =     485.236903 [cm-1]
 (  0.257167  0.435817  0.234475  0.434087 -0.022692 -0.001730 ) 
 ( -0.289553 -0.415007 -0.266796 -0.415007  0.022757  0.000000 ) 
     freq (    6) =      14.547036 [THz] =     485.236903 [cm-1]
 (  0.277919  0.004770 -0.297313 -0.039086 -0.575232 -0.043856 ) 
 ( -0.277477  0.016371  0.299424  0.016371  0.576902  0.000000 ) 
 **************************************************************************
