Dynamical matrix file
                                                                           
  1    2  2 10.2880000  0.0000000  0.0000000  0.0000000  0.0000000  0.0000000
           1  'Si  '    25598.822984527003     
    1    1      0.0000000000      0.0000000000      0.0000000000
    2    1      0.2500000000      0.2500000000      0.2500000000

     Dynamical  Matrix in cartesian axes

     q = (    0.750000000  -0.250000000   0.750000000 ) 

    1    1
  0.25349398  0.00000000   -0.00650183  0.00780957    0.00612131  0.00000000
 -0.00650183 -0.00780957    0.30539594  0.00000000   -0.00650183 -0.00780957
  0.00612131  0.00000000   -0.00650183  0.00780957    0.25349398  0.00000000
    1    2
 -0.06210166  0.06326195   -0.04306068  0.04555547   -0.04345684 -0.14217757
 -0.04306068  0.04555547   -0.06040469  0.08174443   -0.04306068  0.04555547
 -0.04345684 -0.14217757   -0.04306068  0.04555547   -0.06210166  0.06326195
    2    1
 -0.06210166 -0.06326195   -0.04306068 -0.04555547   -0.04345684  0.14217757
 -0.04306068 -0.04555547   -0.06040469 -0.08174443   -0.04306068 -0.04555547
 -0.04345684  0.14217757   -0.04306068 -0.04555547   -0.06210166 -0.06326195
    2    2
  0.25349398  0.00000000   -0.00650183 -0.00780957    0.00612131  0.00000000
 -0.00650183  0.00780957    0.30539594  0.00000000   -0.00650183  0.00780957
  0.00612131  0.00000000   -0.00650183 -0.00780957    0.25349398  0.00000000

     Dynamical  Matrix in cartesian axes

     q = (    0.750000000  -0.250000000  -0.750000000 ) 

    1    1
  0.25349398  0.00000000   -0.00650183 -0.00780957   -0.00612131  0.00000000
 -0.00650183  0.00780957    0.30539594  0.00000000    0.00650183 -0.00780957
 -0.00612131  0.00000000    0.00650183  0.00780957    0.25349398  0.00000000
    1    2
 -0.06326195  0.06210166   -0.04555547  0.04306068   -0.14217757 -0.04345684
 -0.04555547  0.04306068   -0.08174443  0.06040469    0.04555547 -0.04306068
 -0.14217757 -0.04345684    0.04555547 -0.04306068   -0.06326195  0.06210166
    2    1
 -0.06326195 -0.06210166   -0.04555547 -0.04306068   -0.14217757  0.04345684
 -0.04555547 -0.04306068   -0.08174443 -0.06040469    0.04555547  0.04306068
 -0.14217757  0.04345684    0.04555547  0.04306068   -0.06326195 -0.06210166
    2    2
  0.25349398  0.00000000   -0.00650183  0.00780957   -0.00612131  0.00000000
 -0.00650183 -0.00780957    0.30539594  0.00000000    0.00650183  0.00780957
 -0.00612131  0.00000000    0.00650183 -0.00780957    0.25349398  0.00000000

     Dynamical  Matrix in cartesian axes

     q = (   -0.750000000  -0.250000000  -0.750000000 ) 

    1    1
  0.25349398  0.00000000    0.00650183 -0.00780957    0.00612131  0.00000000
  0.00650183  0.00780957    0.30539594  0.00000000    0.00650183  0.00780957
  0.00612131  0.00000000    0.00650183 -0.00780957    0.25349398  0.00000000
    1    2
  0.06326195  0.06210166   -0.04555547 -0.04306068   -0.14217757  0.04345684
 -0.04555547 -0.04306068    0.08174443  0.06040469   -0.04555547 -0.04306068
 -0.14217757  0.04345684   -0.04555547 -0.04306068    0.06326195  0.06210166
    2    1
  0.06326195 -0.06210166   -0.04555547  0.04306068   -0.14217757 -0.04345684
 -0.04555547  0.04306068    0.08174443 -0.06040469   -0.04555547  0.04306068
 -0.14217757 -0.04345684   -0.04555547  0.04306068    0.06326195 -0.06210166
    2    2
  0.25349398  0.00000000    0.00650183  0.00780957    0.00612131  0.00000000
  0.00650183 -0.00780957    0.30539594  0.00000000    0.00650183 -0.00780957
  0.00612131  0.00000000    0.00650183  0.00780957    0.25349398  0.00000000

     Dynamical  Matrix in cartesian axes

     q = (   -0.750000000  -0.250000000   0.750000000 ) 

    1    1
  0.25349398  0.00000000    0.00650183  0.00780957   -0.00612131  0.00000000
  0.00650183 -0.00780957    0.30539594  0.00000000   -0.00650183  0.00780957
 -0.00612131  0.00000000   -0.00650183 -0.00780957    0.25349398  0.00000000
    1    2
 -0.06326195  0.06210166    0.04555547 -0.04306068   -0.14217757 -0.04345684
  0.04555547 -0.04306068   -0.08174443  0.06040469   -0.04555547  0.04306068
 -0.14217757 -0.04345684   -0.04555547  0.04306068   -0.06326195  0.06210166
    2    1
 -0.06326195 -0.06210166    0.04555547  0.04306068   -0.14217757  0.04345684
  0.04555547  0.04306068   -0.08174443 -0.06040469   -0.04555547 -0.04306068
 -0.14217757  0.04345684   -0.04555547 -0.04306068   -0.06326195 -0.06210166
    2    2
  0.25349398  0.00000000    0.00650183 -0.00780957   -0.00612131  0.00000000
  0.00650183  0.00780957    0.30539594  0.00000000   -0.00650183 -0.00780957
 -0.00612131  0.00000000   -0.00650183  0.00780957    0.25349398  0.00000000

     Dynamical  Matrix in cartesian axes

     q = (   -0.750000000   0.250000000  -0.750000000 ) 

    1    1
  0.25349398  0.00000000   -0.00650183 -0.00780957    0.00612131  0.00000000
 -0.00650183  0.00780957    0.30539594  0.00000000   -0.00650183  0.00780957
  0.00612131  0.00000000   -0.00650183 -0.00780957    0.25349398  0.00000000
    1    2
 -0.06210166 -0.06326195   -0.04306068 -0.04555547   -0.04345684  0.14217757
 -0.04306068 -0.04555547   -0.06040469 -0.08174443   -0.04306068 -0.04555547
 -0.04345684  0.14217757   -0.04306068 -0.04555547   -0.06210166 -0.06326195
    2    1
 -0.06210166  0.06326195   -0.04306068  0.04555547   -0.04345684 -0.14217757
 -0.04306068  0.04555547   -0.06040469  0.08174443   -0.04306068  0.04555547
 -0.04345684 -0.14217757   -0.04306068  0.04555547   -0.06210166  0.06326195
    2    2
  0.25349398  0.00000000   -0.00650183  0.00780957    0.00612131  0.00000000
 -0.00650183 -0.00780957    0.30539594  0.00000000   -0.00650183 -0.00780957
  0.00612131  0.00000000   -0.00650183  0.00780957    0.25349398  0.00000000

     Dynamical  Matrix in cartesian axes

     q = (   -0.250000000   0.750000000  -0.750000000 ) 

    1    1
  0.30539594  0.00000000   -0.00650183  0.00780957    0.00650183 -0.00780957
 -0.00650183 -0.00780957    0.25349398  0.00000000   -0.00612131  0.00000000
  0.00650183  0.00780957   -0.00612131  0.00000000    0.25349398  0.00000000
    1    2
 -0.08174443  0.06040469   -0.04555547  0.04306068    0.04555547 -0.04306068
 -0.04555547  0.04306068   -0.06326195  0.06210166   -0.14217757 -0.04345684
  0.04555547 -0.04306068   -0.14217757 -0.04345684   -0.06326195  0.06210166
    2    1
 -0.08174443 -0.06040469   -0.04555547 -0.04306068    0.04555547  0.04306068
 -0.04555547 -0.04306068   -0.06326195 -0.06210166   -0.14217757  0.04345684
  0.04555547  0.04306068   -0.14217757  0.04345684   -0.06326195 -0.06210166
    2    2
  0.30539594  0.00000000   -0.00650183 -0.00780957    0.00650183  0.00780957
 -0.00650183  0.00780957    0.25349398  0.00000000   -0.00612131  0.00000000
  0.00650183 -0.00780957   -0.00612131  0.00000000    0.25349398  0.00000000

     Dynamical  Matrix in cartesian axes

     q = (   -0.750000000   0.750000000  -0.250000000 ) 

    1    1
  0.25349398  0.00000000   -0.00612131  0.00000000    0.00650183  0.00780957
 -0.00612131  0.00000000    0.25349398  0.00000000   -0.00650183 -0.00780957
  0.00650183 -0.00780957   -0.00650183  0.00780957    0.30539594  0.00000000
    1    2
 -0.06326195  0.06210166   -0.14217757 -0.04345684    0.04555547 -0.04306068
 -0.14217757 -0.04345684   -0.06326195  0.06210166   -0.04555547  0.04306068
  0.04555547 -0.04306068   -0.04555547  0.04306068   -0.08174443  0.06040469
    2    1
 -0.06326195 -0.06210166   -0.14217757  0.04345684    0.04555547  0.04306068
 -0.14217757  0.04345684   -0.06326195 -0.06210166   -0.04555547 -0.04306068
  0.04555547  0.04306068   -0.04555547 -0.04306068   -0.08174443 -0.06040469
    2    2
  0.25349398  0.00000000   -0.00612131  0.00000000    0.00650183 -0.00780957
 -0.00612131  0.00000000    0.25349398  0.00000000   -0.00650183  0.00780957
  0.00650183  0.00780957   -0.00650183 -0.00780957    0.30539594  0.00000000

     Dynamical  Matrix in cartesian axes

     q = (    0.750000000   0.250000000   0.750000000 ) 

    1    1
  0.25349398  0.00000000    0.00650183  0.00780957    0.00612131  0.00000000
  0.00650183 -0.00780957    0.30539594  0.00000000    0.00650183 -0.00780957
  0.00612131  0.00000000    0.00650183  0.00780957    0.25349398  0.00000000
    1    2
  0.06326195 -0.06210166   -0.04555547  0.04306068   -0.14217757 -0.04345684
 -0.04555547  0.04306068    0.08174443 -0.06040469   -0.04555547  0.04306068
 -0.14217757 -0.04345684   -0.04555547  0.04306068    0.06326195 -0.06210166
    2    1
  0.06326195  0.06210166   -0.04555547 -0.04306068   -0.14217757  0.04345684
 -0.04555547 -0.04306068    0.08174443  0.06040469   -0.04555547 -0.04306068
 -0.14217757  0.04345684   -0.04555547 -0.04306068    0.06326195  0.06210166
    2    2
  0.25349398  0.00000000    0.00650183 -0.00780957    0.00612131  0.00000000
  0.00650183  0.00780957    0.30539594  0.00000000    0.00650183  0.00780957
  0.00612131  0.00000000    0.00650183 -0.00780957    0.25349398  0.00000000

     Dynamical  Matrix in cartesian axes

     q = (   -0.750000000   0.250000000   0.750000000 ) 

    1    1
  0.25349398  0.00000000   -0.00650183  0.00780957   -0.00612131  0.00000000
 -0.00650183 -0.00780957    0.30539594  0.00000000    0.00650183  0.00780957
 -0.00612131  0.00000000    0.00650183 -0.00780957    0.25349398  0.00000000
    1    2
 -0.06326195 -0.06210166   -0.04555547 -0.04306068   -0.14217757  0.04345684
 -0.04555547 -0.04306068   -0.08174443 -0.06040469    0.04555547  0.04306068
 -0.14217757  0.04345684    0.04555547  0.04306068   -0.06326195 -0.06210166
    2    1
 -0.06326195  0.06210166   -0.04555547  0.04306068   -0.14217757 -0.04345684
 -0.04555547  0.04306068   -0.08174443  0.06040469    0.04555547 -0.04306068
 -0.14217757 -0.04345684    0.04555547 -0.04306068   -0.06326195  0.06210166
    2    2
  0.25349398  0.00000000   -0.00650183 -0.00780957   -0.00612131  0.00000000
 -0.00650183  0.00780957    0.30539594  0.00000000    0.00650183 -0.00780957
 -0.00612131  0.00000000    0.00650183  0.00780957    0.25349398  0.00000000

     Dynamical  Matrix in cartesian axes

     q = (    0.750000000   0.250000000  -0.750000000 ) 

    1    1
  0.25349398  0.00000000    0.00650183 -0.00780957   -0.00612131  0.00000000
  0.00650183  0.00780957    0.30539594  0.00000000   -0.00650183 -0.00780957
 -0.00612131  0.00000000   -0.00650183  0.00780957    0.25349398  0.00000000
    1    2
 -0.06326195 -0.06210166    0.04555547  0.04306068   -0.14217757  0.04345684
  0.04555547  0.04306068   -0.08174443 -0.06040469   -0.04555547 -0.04306068
 -0.14217757  0.04345684   -0.04555547 -0.04306068   -0.06326195 -0.06210166
    2    1
 -0.06326195  0.06210166    0.04555547 -0.04306068   -0.14217757 -0.04345684
  0.04555547 -0.04306068   -0.08174443  0.06040469   -0.04555547  0.04306068
 -0.14217757 -0.04345684   -0.04555547  0.04306068   -0.06326195  0.06210166
    2    2
  0.25349398  0.00000000    0.00650183  0.00780957   -0.00612131  0.00000000
  0.00650183 -0.00780957    0.30539594  0.00000000   -0.00650183  0.00780957
 -0.00612131  0.00000000   -0.00650183 -0.00780957    0.25349398  0.00000000

     Dynamical  Matrix in cartesian axes

     q = (   -0.750000000   0.750000000   0.250000000 ) 

    1    1
  0.25349398  0.00000000   -0.00612131  0.00000000   -0.00650183  0.00780957
 -0.00612131  0.00000000    0.25349398  0.00000000    0.00650183 -0.00780957
 -0.00650183 -0.00780957    0.00650183  0.00780957    0.30539594  0.00000000
    1    2
 -0.06326195 -0.06210166   -0.14217757  0.04345684   -0.04555547 -0.04306068
 -0.14217757  0.04345684   -0.06326195 -0.06210166    0.04555547  0.04306068
 -0.04555547 -0.04306068    0.04555547  0.04306068   -0.08174443 -0.06040469
    2    1
 -0.06326195  0.06210166   -0.14217757 -0.04345684   -0.04555547  0.04306068
 -0.14217757 -0.04345684   -0.06326195  0.06210166    0.04555547 -0.04306068
 -0.04555547  0.04306068    0.04555547 -0.04306068   -0.08174443  0.06040469
    2    2
  0.25349398  0.00000000   -0.00612131  0.00000000   -0.00650183 -0.00780957
 -0.00612131  0.00000000    0.25349398  0.00000000    0.00650183  0.00780957
 -0.00650183  0.00780957    0.00650183 -0.00780957    0.30539594  0.00000000

     Dynamical  Matrix in cartesian axes

     q = (   -0.250000000   0.750000000   0.750000000 ) 

    1    1
  0.30539594  0.00000000   -0.00650183 -0.00780957   -0.00650183 -0.00780957
 -0.00650183  0.00780957    0.25349398  0.00000000    0.00612131  0.00000000
 -0.00650183  0.00780957    0.00612131  0.00000000    0.25349398  0.00000000
    1    2
 -0.06040469  0.08174443   -0.04306068  0.04555547   -0.04306068  0.04555547
 -0.04306068  0.04555547   -0.06210166  0.06326195   -0.04345684 -0.14217757
 -0.04306068  0.04555547   -0.04345684 -0.14217757   -0.06210166  0.06326195
    2    1
 -0.06040469 -0.08174443   -0.04306068 -0.04555547   -0.04306068 -0.04555547
 -0.04306068 -0.04555547   -0.06210166 -0.06326195   -0.04345684  0.14217757
 -0.04306068 -0.04555547   -0.04345684  0.14217757   -0.06210166 -0.06326195
    2    2
  0.30539594  0.00000000   -0.00650183  0.00780957   -0.00650183  0.00780957
 -0.00650183 -0.00780957    0.25349398  0.00000000    0.00612131  0.00000000
 -0.00650183 -0.00780957    0.00612131  0.00000000    0.25349398  0.00000000

     Dynamical  Matrix in cartesian axes

     q = (    0.250000000   0.750000000  -0.750000000 ) 

    1    1
  0.30539594  0.00000000    0.00650183  0.00780957   -0.00650183 -0.00780957
  0.00650183 -0.00780957    0.25349398  0.00000000   -0.00612131  0.00000000
 -0.00650183  0.00780957   -0.00612131  0.00000000    0.25349398  0.00000000
    1    2
 -0.08174443 -0.06040469    0.04555547  0.04306068   -0.04555547 -0.04306068
  0.04555547  0.04306068   -0.06326195 -0.06210166   -0.14217757  0.04345684
 -0.04555547 -0.04306068   -0.14217757  0.04345684   -0.06326195 -0.06210166
    2    1
 -0.08174443  0.06040469    0.04555547 -0.04306068   -0.04555547  0.04306068
  0.04555547 -0.04306068   -0.06326195  0.06210166   -0.14217757 -0.04345684
 -0.04555547  0.04306068   -0.14217757 -0.04345684   -0.06326195  0.06210166
    2    2
  0.30539594  0.00000000    0.00650183 -0.00780957   -0.00650183  0.00780957
  0.00650183  0.00780957    0.25349398  0.00000000   -0.00612131  0.00000000
 -0.00650183 -0.00780957   -0.00612131  0.00000000    0.25349398  0.00000000

     Dynamical  Matrix in cartesian axes

     q = (   -0.250000000  -0.750000000  -0.750000000 ) 

    1    1
  0.30539594  0.00000000    0.00650183  0.00780957    0.00650183  0.00780957
  0.00650183 -0.00780957    0.25349398  0.00000000    0.00612131  0.00000000
  0.00650183 -0.00780957    0.00612131  0.00000000    0.25349398  0.00000000
    1    2
  0.08174443  0.06040469   -0.04555547 -0.04306068   -0.04555547 -0.04306068
 -0.04555547 -0.04306068    0.06326195  0.06210166   -0.14217757  0.04345684
 -0.04555547 -0.04306068   -0.14217757  0.04345684    0.06326195  0.06210166
    2    1
  0.08174443 -0.06040469   -0.04555547  0.04306068   -0.04555547  0.04306068
 -0.04555547  0.04306068    0.06326195 -0.06210166   -0.14217757 -0.04345684
 -0.04555547  0.04306068   -0.14217757 -0.04345684    0.06326195 -0.06210166
    2    2
  0.30539594  0.00000000    0.00650183 -0.00780957    0.00650183 -0.00780957
  0.00650183  0.00780957    0.25349398  0.00000000    0.00612131  0.00000000
  0.00650183  0.00780957    0.00612131  0.00000000    0.25349398  0.00000000

     Dynamical  Matrix in cartesian axes

     q = (    0.750000000   0.750000000  -0.250000000 ) 

    1    1
  0.25349398  0.00000000    0.00612131  0.00000000   -0.00650183  0.00780957
  0.00612131  0.00000000    0.25349398  0.00000000   -0.00650183  0.00780957
 -0.00650183 -0.00780957   -0.00650183 -0.00780957    0.30539594  0.00000000
    1    2
 -0.06210166  0.06326195   -0.04345684 -0.14217757   -0.04306068  0.04555547
 -0.04345684 -0.14217757   -0.06210166  0.06326195   -0.04306068  0.04555547
 -0.04306068  0.04555547   -0.04306068  0.04555547   -0.06040469  0.08174443
    2    1
 -0.06210166 -0.06326195   -0.04345684  0.14217757   -0.04306068 -0.04555547
 -0.04345684  0.14217757   -0.06210166 -0.06326195   -0.04306068 -0.04555547
 -0.04306068 -0.04555547   -0.04306068 -0.04555547   -0.06040469 -0.08174443
    2    2
  0.25349398  0.00000000    0.00612131  0.00000000   -0.00650183 -0.00780957
  0.00612131  0.00000000    0.25349398  0.00000000   -0.00650183 -0.00780957
 -0.00650183  0.00780957   -0.00650183  0.00780957    0.30539594  0.00000000

     Dynamical  Matrix in cartesian axes

     q = (    0.750000000  -0.750000000   0.250000000 ) 

    1    1
  0.25349398  0.00000000   -0.00612131  0.00000000    0.00650183 -0.00780957
 -0.00612131  0.00000000    0.25349398  0.00000000   -0.00650183  0.00780957
  0.00650183  0.00780957   -0.00650183 -0.00780957    0.30539594  0.00000000
    1    2
 -0.06326195 -0.06210166   -0.14217757  0.04345684    0.04555547  0.04306068
 -0.14217757  0.04345684   -0.06326195 -0.06210166   -0.04555547 -0.04306068
  0.04555547  0.04306068   -0.04555547 -0.04306068   -0.08174443 -0.06040469
    2    1
 -0.06326195  0.06210166   -0.14217757 -0.04345684    0.04555547 -0.04306068
 -0.14217757 -0.04345684   -0.06326195  0.06210166   -0.04555547  0.04306068
  0.04555547 -0.04306068   -0.04555547  0.04306068   -0.08174443  0.06040469
    2    2
  0.25349398  0.00000000   -0.00612131  0.00000000    0.00650183  0.00780957
 -0.00612131  0.00000000    0.25349398  0.00000000   -0.00650183 -0.00780957
  0.00650183 -0.00780957   -0.00650183  0.00780957    0.30539594  0.00000000

     Dynamical  Matrix in cartesian axes

     q = (   -0.750000000  -0.750000000  -0.250000000 ) 

    1    1
  0.25349398  0.00000000    0.00612131  0.00000000    0.00650183 -0.00780957
  0.00612131  0.00000000    0.25349398  0.00000000    0.00650183 -0.00780957
  0.00650183  0.00780957    0.00650183  0.00780957    0.30539594  0.00000000
    1    2
  0.06326195  0.06210166   -0.14217757  0.04345684   -0.04555547 -0.04306068
 -0.14217757  0.04345684    0.06326195  0.06210166   -0.04555547 -0.04306068
 -0.04555547 -0.04306068   -0.04555547 -0.04306068    0.08174443  0.06040469
    2    1
  0.06326195 -0.06210166   -0.14217757 -0.04345684   -0.04555547  0.04306068
 -0.14217757 -0.04345684    0.06326195 -0.06210166   -0.04555547  0.04306068
 -0.04555547  0.04306068   -0.04555547  0.04306068    0.08174443 -0.06040469
    2    2
  0.25349398  0.00000000    0.00612131  0.00000000    0.00650183  0.00780957
  0.00612131  0.00000000    0.25349398  0.00000000    0.00650183  0.00780957
  0.00650183 -0.00780957    0.00650183 -0.00780957    0.30539594  0.00000000

     Dynamical  Matrix in cartesian axes

     q = (    0.250000000  -0.750000000   0.750000000 ) 

    1    1
  0.30539594  0.00000000   -0.00650183 -0.00780957    0.00650183  0.00780957
 -0.00650183  0.00780957    0.25349398  0.00000000   -0.00612131  0.00000000
  0.00650183 -0.00780957   -0.00612131  0.00000000    0.25349398  0.00000000
    1    2
 -0.08174443 -0.06040469   -0.04555547 -0.04306068    0.04555547  0.04306068
 -0.04555547 -0.04306068   -0.06326195 -0.06210166   -0.14217757  0.04345684
  0.04555547  0.04306068   -0.14217757  0.04345684   -0.06326195 -0.06210166
    2    1
 -0.08174443  0.06040469   -0.04555547  0.04306068    0.04555547 -0.04306068
 -0.04555547  0.04306068   -0.06326195  0.06210166   -0.14217757 -0.04345684
  0.04555547 -0.04306068   -0.14217757 -0.04345684   -0.06326195  0.06210166
    2    2
  0.30539594  0.00000000   -0.00650183  0.00780957    0.00650183 -0.00780957
 -0.00650183 -0.00780957    0.25349398  0.00000000   -0.00612131  0.00000000
  0.00650183  0.00780957   -0.00612131  0.00000000    0.25349398  0.00000000

     Dynamical  Matrix in cartesian axes

     q = (   -0.750000000  -0.750000000   0.250000000 ) 

    1    1
  0.25349398  0.00000000    0.00612131  0.00000000   -0.00650183 -0.00780957
  0.00612131  0.00000000    0.25349398  0.00000000   -0.00650183 -0.00780957
 -0.00650183  0.00780957   -0.00650183  0.00780957    0.30539594  0.00000000
    1    2
 -0.06210166 -0.06326195   -0.04345684  0.14217757   -0.04306068 -0.04555547
 -0.04345684  0.14217757   -0.06210166 -0.06326195   -0.04306068 -0.04555547
 -0.04306068 -0.04555547   -0.04306068 -0.04555547   -0.06040469 -0.08174443
    2    1
 -0.06210166  0.06326195   -0.04345684 -0.14217757   -0.04306068  0.04555547
 -0.04345684 -0.14217757   -0.06210166  0.06326195   -0.04306068  0.04555547
 -0.04306068  0.04555547   -0.04306068  0.04555547   -0.06040469  0.08174443
    2    2
  0.25349398  0.00000000    0.00612131  0.00000000   -0.00650183  0.00780957
  0.00612131  0.00000000    0.25349398  0.00000000   -0.00650183  0.00780957
 -0.00650183 -0.00780957   -0.00650183 -0.00780957    0.30539594  0.00000000

     Dynamical  Matrix in cartesian axes

     q = (    0.250000000   0.750000000   0.750000000 ) 

    1    1
  0.30539594  0.00000000    0.00650183 -0.00780957    0.00650183 -0.00780957
  0.00650183  0.00780957    0.25349398  0.00000000    0.00612131  0.00000000
  0.00650183  0.00780957    0.00612131  0.00000000    0.25349398  0.00000000
    1    2
  0.08174443 -0.06040469   -0.04555547  0.04306068   -0.04555547  0.04306068
 -0.04555547  0.04306068    0.06326195 -0.06210166   -0.14217757 -0.04345684
 -0.04555547  0.04306068   -0.14217757 -0.04345684    0.06326195 -0.06210166
    2    1
  0.08174443  0.06040469   -0.04555547 -0.04306068   -0.04555547 -0.04306068
 -0.04555547 -0.04306068    0.06326195  0.06210166   -0.14217757  0.04345684
 -0.04555547 -0.04306068   -0.14217757  0.04345684    0.06326195  0.06210166
    2    2
  0.30539594  0.00000000    0.00650183  0.00780957    0.00650183  0.00780957
  0.00650183 -0.00780957    0.25349398  0.00000000    0.00612131  0.00000000
  0.00650183 -0.00780957    0.00612131  0.00000000    0.25349398  0.00000000

     Dynamical  Matrix in cartesian axes

     q = (   -0.250000000  -0.750000000   0.750000000 ) 

    1    1
  0.30539594  0.00000000    0.00650183 -0.00780957   -0.00650183  0.00780957
  0.00650183  0.00780957    0.25349398  0.00000000   -0.00612131  0.00000000
 -0.00650183 -0.00780957   -0.00612131  0.00000000    0.25349398  0.00000000
    1    2
 -0.08174443  0.06040469    0.04555547 -0.04306068   -0.04555547  0.04306068
  0.04555547 -0.04306068   -0.06326195  0.06210166   -0.14217757 -0.04345684
 -0.04555547  0.04306068   -0.14217757 -0.04345684   -0.06326195  0.06210166
    2    1
 -0.08174443 -0.06040469    0.04555547  0.04306068   -0.04555547 -0.04306068
  0.04555547  0.04306068   -0.06326195 -0.06210166   -0.14217757  0.04345684
 -0.04555547 -0.04306068   -0.14217757  0.04345684   -0.06326195 -0.06210166
    2    2
  0.30539594  0.00000000    0.00650183  0.00780957   -0.00650183 -0.00780957
  0.00650183 -0.00780957    0.25349398  0.00000000   -0.00612131  0.00000000
 -0.00650183  0.00780957   -0.00612131  0.00000000    0.25349398  0.00000000

     Dynamical  Matrix in cartesian axes

     q = (    0.750000000   0.750000000   0.250000000 ) 

    1    1
  0.25349398  0.00000000    0.00612131  0.00000000    0.00650183  0.00780957
  0.00612131  0.00000000    0.25349398  0.00000000    0.00650183  0.00780957
  0.00650183 -0.00780957    0.00650183 -0.00780957    0.30539594  0.00000000
    1    2
  0.06326195 -0.06210166   -0.14217757 -0.04345684   -0.04555547  0.04306068
 -0.14217757 -0.04345684    0.06326195 -0.06210166   -0.04555547  0.04306068
 -0.04555547  0.04306068   -0.04555547  0.04306068    0.08174443 -0.06040469
    2    1
  0.06326195  0.06210166   -0.14217757  0.04345684   -0.04555547 -0.04306068
 -0.14217757  0.04345684    0.06326195  0.06210166   -0.04555547 -0.04306068
 -0.04555547 -0.04306068   -0.04555547 -0.04306068    0.08174443  0.06040469
    2    2
  0.25349398  0.00000000    0.00612131  0.00000000    0.00650183 -0.00780957
  0.00612131  0.00000000    0.25349398  0.00000000    0.00650183 -0.00780957
  0.00650183  0.00780957    0.00650183  0.00780957    0.30539594  0.00000000

     Dynamical  Matrix in cartesian axes

     q = (    0.250000000  -0.750000000  -0.750000000 ) 

    1    1
  0.30539594  0.00000000   -0.00650183  0.00780957   -0.00650183  0.00780957
 -0.00650183 -0.00780957    0.25349398  0.00000000    0.00612131  0.00000000
 -0.00650183 -0.00780957    0.00612131  0.00000000    0.25349398  0.00000000
    1    2
 -0.06040469 -0.08174443   -0.04306068 -0.04555547   -0.04306068 -0.04555547
 -0.04306068 -0.04555547   -0.06210166 -0.06326195   -0.04345684  0.14217757
 -0.04306068 -0.04555547   -0.04345684  0.14217757   -0.06210166 -0.06326195
    2    1
 -0.06040469  0.08174443   -0.04306068  0.04555547   -0.04306068  0.04555547
 -0.04306068  0.04555547   -0.06210166  0.06326195   -0.04345684 -0.14217757
 -0.04306068  0.04555547   -0.04345684 -0.14217757   -0.06210166  0.06326195
    2    2
  0.30539594  0.00000000   -0.00650183 -0.00780957   -0.00650183 -0.00780957
 -0.00650183  0.00780957    0.25349398  0.00000000    0.00612131  0.00000000
 -0.00650183  0.00780957    0.00612131  0.00000000    0.25349398  0.00000000

     Dynamical  Matrix in cartesian axes

     q = (    0.750000000  -0.750000000  -0.250000000 ) 

    1    1
  0.25349398  0.00000000   -0.00612131  0.00000000   -0.00650183 -0.00780957
 -0.00612131  0.00000000    0.25349398  0.00000000    0.00650183  0.00780957
 -0.00650183  0.00780957    0.00650183 -0.00780957    0.30539594  0.00000000
    1    2
 -0.06326195  0.06210166   -0.14217757 -0.04345684   -0.04555547  0.04306068
 -0.14217757 -0.04345684   -0.06326195  0.06210166    0.04555547 -0.04306068
 -0.04555547  0.04306068    0.04555547 -0.04306068   -0.08174443  0.06040469
    2    1
 -0.06326195 -0.06210166   -0.14217757  0.04345684   -0.04555547 -0.04306068
 -0.14217757  0.04345684   -0.06326195 -0.06210166    0.04555547  0.04306068
 -0.04555547 -0.04306068    0.04555547  0.04306068   -0.08174443 -0.06040469
    2    2
  0.25349398  0.00000000   -0.00612131  0.00000000   -0.00650183  0.00780957
 -0.00612131  0.00000000    0.25349398  0.00000000    0.00650183 -0.00780957
 -0.00650183 -0.00780957    0.00650183  0.00780957    0.30539594  0.00000000

     Diagonalizing the dynamical matrix

     q = (    0.750000000  -0.250000000   0.750000000 ) 

 **************************************************************************
     freq (    1) =       4.167992 [THz] =     139.029237 [cm-1]
 (  0.045192 -0.497953 -0.000000 -0.000000 -0.045192  0.497953 ) 
 (  0.500000 -0.000000  0.000000 -0.000000 -0.500000  0.000000 ) 
     freq (    2) =       5.861080 [THz] =     195.504600 [cm-1]
 ( -0.388483 -0.169066 -0.342890  0.153039 -0.388483 -0.169066 ) 
 ( -0.423678  0.000000 -0.253338 -0.277154 -0.423678  0.000000 ) 
     freq (    3) =       9.479908 [THz] =     316.215701 [cm-1]
 (  0.123648 -0.284156  0.371809  0.411936  0.123648 -0.284156 ) 
 ( -0.309892 -0.000000  0.229371  0.505294 -0.309892  0.000000 ) 
     freq (    4) =      12.277215 [THz] =     409.523795 [cm-1]
 (  0.064469  0.316671 -0.400773 -0.361258  0.064469  0.316671 ) 
 ( -0.323167  0.000000  0.433948  0.320649 -0.323167  0.000000 ) 
     freq (    5) =      13.849325 [THz] =     461.963764 [cm-1]
 (  0.045192 -0.497953 -0.000000 -0.000000 -0.045192  0.497953 ) 
 ( -0.500000  0.000000  0.000000  0.000000  0.500000  0.000000 ) 
     freq (    6) =      14.241389 [THz] =     475.041619 [cm-1]
 ( -0.304344 -0.165536 -0.460588  0.218641 -0.304344 -0.165536 ) 
 (  0.346450 -0.000000  0.300142  0.412140  0.346450 -0.000000 ) 
 **************************************************************************
