Dynamical matrix file
                                                                           
  1    2  2 10.2880000  0.0000000  0.0000000  0.0000000  0.0000000  0.0000000
           1  'Si  '    25598.822984527003     
    1    1      0.0000000000      0.0000000000      0.0000000000
    2    1      0.2500000000      0.2500000000      0.2500000000

     Dynamical  Matrix in cartesian axes

     q = (   -0.250000000   0.250000000  -0.250000000 ) 

    1    1
  0.27681182 -0.00000000   -0.01193904  0.00000000    0.01193904 -0.00000000
 -0.01193904  0.00000000    0.27681182 -0.00000000   -0.01193904  0.00000000
  0.01193904 -0.00000000   -0.01193904  0.00000000    0.27681182 -0.00000000
    1    2
 -0.20582563 -0.05986658   -0.04039296  0.04200776    0.04039296 -0.04200776
 -0.04039296  0.04200776   -0.20582563 -0.05986658   -0.04039296  0.04200776
  0.04039296 -0.04200776   -0.04039296  0.04200776   -0.20582563 -0.05986658
    2    1
 -0.20582563  0.05986658   -0.04039296 -0.04200776    0.04039296  0.04200776
 -0.04039296 -0.04200776   -0.20582563  0.05986658   -0.04039296 -0.04200776
  0.04039296  0.04200776   -0.04039296 -0.04200776   -0.20582563  0.05986658
    2    2
  0.27681182  0.00000000   -0.01193904 -0.00000000    0.01193904  0.00000000
 -0.01193904 -0.00000000    0.27681182  0.00000000   -0.01193904 -0.00000000
  0.01193904  0.00000000   -0.01193904 -0.00000000    0.27681182  0.00000000

     Dynamical  Matrix in cartesian axes

     q = (    0.250000000  -0.250000000  -0.250000000 ) 

    1    1
  0.27681182 -0.00000000   -0.01193904  0.00000000   -0.01193904  0.00000000
 -0.01193904  0.00000000    0.27681182 -0.00000000    0.01193904 -0.00000000
 -0.01193904  0.00000000    0.01193904 -0.00000000    0.27681182 -0.00000000
    1    2
 -0.20582563 -0.05986658   -0.04039296  0.04200776   -0.04039296  0.04200776
 -0.04039296  0.04200776   -0.20582563 -0.05986658    0.04039296 -0.04200776
 -0.04039296  0.04200776    0.04039296 -0.04200776   -0.20582563 -0.05986658
    2    1
 -0.20582563  0.05986658   -0.04039296 -0.04200776   -0.04039296 -0.04200776
 -0.04039296 -0.04200776   -0.20582563  0.05986658    0.04039296  0.04200776
 -0.04039296 -0.04200776    0.04039296  0.04200776   -0.20582563  0.05986658
    2    2
  0.27681182  0.00000000   -0.01193904 -0.00000000   -0.01193904 -0.00000000
 -0.01193904 -0.00000000    0.27681182  0.00000000    0.01193904  0.00000000
 -0.01193904 -0.00000000    0.01193904  0.00000000    0.27681182  0.00000000

     Dynamical  Matrix in cartesian axes

     q = (    0.250000000  -0.250000000   0.250000000 ) 

    1    1
  0.27681182  0.00000000   -0.01193904 -0.00000000    0.01193904  0.00000000
 -0.01193904 -0.00000000    0.27681182  0.00000000   -0.01193904 -0.00000000
  0.01193904  0.00000000   -0.01193904 -0.00000000    0.27681182  0.00000000
    1    2
 -0.20582563  0.05986658   -0.04039296 -0.04200776    0.04039296  0.04200776
 -0.04039296 -0.04200776   -0.20582563  0.05986658   -0.04039296 -0.04200776
  0.04039296  0.04200776   -0.04039296 -0.04200776   -0.20582563  0.05986658
    2    1
 -0.20582563 -0.05986658   -0.04039296  0.04200776    0.04039296 -0.04200776
 -0.04039296  0.04200776   -0.20582563 -0.05986658   -0.04039296  0.04200776
  0.04039296 -0.04200776   -0.04039296  0.04200776   -0.20582563 -0.05986658
    2    2
  0.27681182 -0.00000000   -0.01193904  0.00000000    0.01193904 -0.00000000
 -0.01193904  0.00000000    0.27681182 -0.00000000   -0.01193904  0.00000000
  0.01193904 -0.00000000   -0.01193904  0.00000000    0.27681182 -0.00000000

     Dynamical  Matrix in cartesian axes

     q = (    0.250000000   0.250000000   0.250000000 ) 

    1    1
  0.27681182 -0.00000000    0.01193904 -0.00000000    0.01193904 -0.00000000
  0.01193904 -0.00000000    0.27681182 -0.00000000    0.01193904 -0.00000000
  0.01193904 -0.00000000    0.01193904 -0.00000000    0.27681182 -0.00000000
    1    2
 -0.05986658  0.20582563   -0.04200776 -0.04039296   -0.04200776 -0.04039296
 -0.04200776 -0.04039296   -0.05986658  0.20582563   -0.04200776 -0.04039296
 -0.04200776 -0.04039296   -0.04200776 -0.04039296   -0.05986658  0.20582563
    2    1
 -0.05986658 -0.20582563   -0.04200776  0.04039296   -0.04200776  0.04039296
 -0.04200776  0.04039296   -0.05986658 -0.20582563   -0.04200776  0.04039296
 -0.04200776  0.04039296   -0.04200776  0.04039296   -0.05986658 -0.20582563
    2    2
  0.27681182  0.00000000    0.01193904  0.00000000    0.01193904  0.00000000
  0.01193904  0.00000000    0.27681182  0.00000000    0.01193904  0.00000000
  0.01193904  0.00000000    0.01193904  0.00000000    0.27681182  0.00000000

     Dynamical  Matrix in cartesian axes

     q = (   -0.250000000  -0.250000000  -0.250000000 ) 

    1    1
  0.27681182  0.00000000    0.01193904  0.00000000    0.01193904  0.00000000
  0.01193904  0.00000000    0.27681182  0.00000000    0.01193904  0.00000000
  0.01193904  0.00000000    0.01193904  0.00000000    0.27681182  0.00000000
    1    2
 -0.05986658 -0.20582563   -0.04200776  0.04039296   -0.04200776  0.04039296
 -0.04200776  0.04039296   -0.05986658 -0.20582563   -0.04200776  0.04039296
 -0.04200776  0.04039296   -0.04200776  0.04039296   -0.05986658 -0.20582563
    2    1
 -0.05986658  0.20582563   -0.04200776 -0.04039296   -0.04200776 -0.04039296
 -0.04200776 -0.04039296   -0.05986658  0.20582563   -0.04200776 -0.04039296
 -0.04200776 -0.04039296   -0.04200776 -0.04039296   -0.05986658  0.20582563
    2    2
  0.27681182 -0.00000000    0.01193904 -0.00000000    0.01193904 -0.00000000
  0.01193904 -0.00000000    0.27681182 -0.00000000    0.01193904 -0.00000000
  0.01193904 -0.00000000    0.01193904 -0.00000000    0.27681182 -0.00000000

     Dynamical  Matrix in cartesian axes

     q = (   -0.250000000  -0.250000000   0.250000000 ) 

    1    1
  0.27681182 -0.00000000    0.01193904 -0.00000000   -0.01193904  0.00000000
  0.01193904 -0.00000000    0.27681182 -0.00000000   -0.01193904  0.00000000
 -0.01193904  0.00000000   -0.01193904  0.00000000    0.27681182 -0.00000000
    1    2
 -0.20582563 -0.05986658    0.04039296 -0.04200776   -0.04039296  0.04200776
  0.04039296 -0.04200776   -0.20582563 -0.05986658   -0.04039296  0.04200776
 -0.04039296  0.04200776   -0.04039296  0.04200776   -0.20582563 -0.05986658
    2    1
 -0.20582563  0.05986658    0.04039296  0.04200776   -0.04039296 -0.04200776
  0.04039296  0.04200776   -0.20582563  0.05986658   -0.04039296 -0.04200776
 -0.04039296 -0.04200776   -0.04039296 -0.04200776   -0.20582563  0.05986658
    2    2
  0.27681182  0.00000000    0.01193904  0.00000000   -0.01193904 -0.00000000
  0.01193904  0.00000000    0.27681182  0.00000000   -0.01193904 -0.00000000
 -0.01193904 -0.00000000   -0.01193904 -0.00000000    0.27681182  0.00000000

     Dynamical  Matrix in cartesian axes

     q = (   -0.250000000   0.250000000   0.250000000 ) 

    1    1
  0.27681182  0.00000000   -0.01193904 -0.00000000   -0.01193904 -0.00000000
 -0.01193904 -0.00000000    0.27681182  0.00000000    0.01193904  0.00000000
 -0.01193904 -0.00000000    0.01193904  0.00000000    0.27681182  0.00000000
    1    2
 -0.20582563  0.05986658   -0.04039296 -0.04200776   -0.04039296 -0.04200776
 -0.04039296 -0.04200776   -0.20582563  0.05986658    0.04039296  0.04200776
 -0.04039296 -0.04200776    0.04039296  0.04200776   -0.20582563  0.05986658
    2    1
 -0.20582563 -0.05986658   -0.04039296  0.04200776   -0.04039296  0.04200776
 -0.04039296  0.04200776   -0.20582563 -0.05986658    0.04039296 -0.04200776
 -0.04039296  0.04200776    0.04039296 -0.04200776   -0.20582563 -0.05986658
    2    2
  0.27681182 -0.00000000   -0.01193904  0.00000000   -0.01193904  0.00000000
 -0.01193904  0.00000000    0.27681182 -0.00000000    0.01193904 -0.00000000
 -0.01193904  0.00000000    0.01193904 -0.00000000    0.27681182 -0.00000000

     Dynamical  Matrix in cartesian axes

     q = (    0.250000000   0.250000000  -0.250000000 ) 

    1    1
  0.27681182  0.00000000    0.01193904  0.00000000   -0.01193904 -0.00000000
  0.01193904  0.00000000    0.27681182  0.00000000   -0.01193904 -0.00000000
 -0.01193904 -0.00000000   -0.01193904 -0.00000000    0.27681182  0.00000000
    1    2
 -0.20582563  0.05986658    0.04039296  0.04200776   -0.04039296 -0.04200776
  0.04039296  0.04200776   -0.20582563  0.05986658   -0.04039296 -0.04200776
 -0.04039296 -0.04200776   -0.04039296 -0.04200776   -0.20582563  0.05986658
    2    1
 -0.20582563 -0.05986658    0.04039296 -0.04200776   -0.04039296  0.04200776
  0.04039296 -0.04200776   -0.20582563 -0.05986658   -0.04039296  0.04200776
 -0.04039296  0.04200776   -0.04039296  0.04200776   -0.20582563 -0.05986658
    2    2
  0.27681182 -0.00000000    0.01193904 -0.00000000   -0.01193904  0.00000000
  0.01193904 -0.00000000    0.27681182 -0.00000000   -0.01193904  0.00000000
 -0.01193904  0.00000000   -0.01193904  0.00000000    0.27681182 -0.00000000

     Diagonalizing the dynamical matrix

     q = (   -0.250000000   0.250000000  -0.250000000 ) 

 **************************************************************************
     freq (    1) =       2.759244 [THz] =      92.038478 [cm-1]
 (  0.062981 -0.142396  0.511409 -0.109870  0.448428  0.032526 ) 
 (  0.052514 -0.146579  0.502121 -0.146579  0.449606 -0.000000 ) 
     freq (    2) =       2.759244 [THz] =      92.038478 [cm-1]
 ( -0.537128  0.143472 -0.175879  0.169674  0.361249  0.026202 ) 
 ( -0.525341  0.181953 -0.163143  0.181953  0.362198  0.000000 ) 
     freq (    3) =       6.821724 [THz] =     227.548215 [cm-1]
 (  0.267792  0.308146 -0.267792 -0.308146  0.267792  0.308146 ) 
 (  0.408248  0.000000 -0.408248 -0.000000  0.408248  0.000000 ) 
     freq (    4) =      14.412654 [THz] =     480.754380 [cm-1]
 (  0.267792  0.308146 -0.267792 -0.308146  0.267792  0.308146 ) 
 ( -0.408248  0.000000  0.408248 -0.000000 -0.408248  0.000000 ) 
     freq (    5) =      14.709197 [THz] =     490.645985 [cm-1]
 ( -0.357473 -0.000671  0.211754  0.040617  0.569226  0.041287 ) 
 (  0.356585 -0.025192 -0.214137 -0.025192 -0.570722  0.000000 ) 
     freq (    6) =      14.709197 [THz] =     490.645985 [cm-1]
 ( -0.433170  0.133827 -0.520177  0.127516 -0.087006 -0.006311 ) 
 (  0.422354 -0.164813  0.509589 -0.164813  0.087235  0.000000 ) 
 **************************************************************************
