Dynamical matrix file
                                                                           
  1    2  2 10.4400000  0.0000000  0.0000000  0.0000000  0.0000000  0.0000000
           1  'Si  '    25598.822984527003     
    1    1      0.0000000000      0.0000000000      0.0000000000
    2    1      0.2500000000      0.2500000000      0.2500000000

     Dynamical  Matrix in cartesian axes

     q = (    0.750000000  -0.250000000   0.750000000 ) 

    1    1
  0.24519685  0.00000000   -0.00438434  0.00735816    0.00113110  0.00000000
 -0.00438434 -0.00735816    0.29878910  0.00000000   -0.00438434 -0.00735816
  0.00113110  0.00000000   -0.00438434  0.00735816    0.24519685  0.00000000
    1    2
 -0.04750429  0.08054164   -0.03062226  0.03522037   -0.03693974 -0.11624199
 -0.03062226  0.03522037   -0.04619404  0.09958226   -0.03062226  0.03522037
 -0.03693974 -0.11624199   -0.03062226  0.03522037   -0.04750429  0.08054164
    2    1
 -0.04750429 -0.08054164   -0.03062226 -0.03522037   -0.03693974  0.11624199
 -0.03062226 -0.03522037   -0.04619404 -0.09958226   -0.03062226 -0.03522037
 -0.03693974  0.11624199   -0.03062226 -0.03522037   -0.04750429 -0.08054164
    2    2
  0.24519685  0.00000000   -0.00438434 -0.00735816    0.00113110  0.00000000
 -0.00438434  0.00735816    0.29878910  0.00000000   -0.00438434  0.00735816
  0.00113110  0.00000000   -0.00438434 -0.00735816    0.24519685  0.00000000

     Dynamical  Matrix in cartesian axes

     q = (    0.750000000  -0.250000000  -0.750000000 ) 

    1    1
  0.24519685  0.00000000   -0.00438434 -0.00735816   -0.00113110  0.00000000
 -0.00438434  0.00735816    0.29878910  0.00000000    0.00438434 -0.00735816
 -0.00113110  0.00000000    0.00438434  0.00735816    0.24519685  0.00000000
    1    2
 -0.08054164  0.04750429   -0.03522037  0.03062226   -0.11624199 -0.03693974
 -0.03522037  0.03062226   -0.09958226  0.04619404    0.03522037 -0.03062226
 -0.11624199 -0.03693974    0.03522037 -0.03062226   -0.08054164  0.04750429
    2    1
 -0.08054164 -0.04750429   -0.03522037 -0.03062226   -0.11624199  0.03693974
 -0.03522037 -0.03062226   -0.09958226 -0.04619404    0.03522037  0.03062226
 -0.11624199  0.03693974    0.03522037  0.03062226   -0.08054164 -0.04750429
    2    2
  0.24519685  0.00000000   -0.00438434  0.00735816   -0.00113110  0.00000000
 -0.00438434 -0.00735816    0.29878910  0.00000000    0.00438434  0.00735816
 -0.00113110  0.00000000    0.00438434 -0.00735816    0.24519685  0.00000000

     Dynamical  Matrix in cartesian axes

     q = (   -0.750000000  -0.250000000  -0.750000000 ) 

    1    1
  0.24519685  0.00000000    0.00438434 -0.00735816    0.00113110  0.00000000
  0.00438434  0.00735816    0.29878910  0.00000000    0.00438434  0.00735816
  0.00113110  0.00000000    0.00438434 -0.00735816    0.24519685  0.00000000
    1    2
  0.08054164  0.04750429   -0.03522037 -0.03062226   -0.11624199  0.03693974
 -0.03522037 -0.03062226    0.09958226  0.04619404   -0.03522037 -0.03062226
 -0.11624199  0.03693974   -0.03522037 -0.03062226    0.08054164  0.04750429
    2    1
  0.08054164 -0.04750429   -0.03522037  0.03062226   -0.11624199 -0.03693974
 -0.03522037  0.03062226    0.09958226 -0.04619404   -0.03522037  0.03062226
 -0.11624199 -0.03693974   -0.03522037  0.03062226    0.08054164 -0.04750429
    2    2
  0.24519685  0.00000000    0.00438434  0.00735816    0.00113110  0.00000000
  0.00438434 -0.00735816    0.29878910  0.00000000    0.00438434 -0.00735816
  0.00113110  0.00000000    0.00438434  0.00735816    0.24519685  0.00000000

     Dynamical  Matrix in cartesian axes

     q = (   -0.750000000  -0.250000000   0.750000000 ) 

    1    1
  0.24519685  0.00000000    0.00438434  0.00735816   -0.00113110  0.00000000
  0.00438434 -0.00735816    0.29878910  0.00000000   -0.00438434  0.00735816
 -0.00113110  0.00000000   -0.00438434 -0.00735816    0.24519685  0.00000000
    1    2
 -0.08054164  0.04750429    0.03522037 -0.03062226   -0.11624199 -0.03693974
  0.03522037 -0.03062226   -0.09958226  0.04619404   -0.03522037  0.03062226
 -0.11624199 -0.03693974   -0.03522037  0.03062226   -0.08054164  0.04750429
    2    1
 -0.08054164 -0.04750429    0.03522037  0.03062226   -0.11624199  0.03693974
  0.03522037  0.03062226   -0.09958226 -0.04619404   -0.03522037 -0.03062226
 -0.11624199  0.03693974   -0.03522037 -0.03062226   -0.08054164 -0.04750429
    2    2
  0.24519685  0.00000000    0.00438434 -0.00735816   -0.00113110  0.00000000
  0.00438434  0.00735816    0.29878910  0.00000000   -0.00438434 -0.00735816
 -0.00113110  0.00000000   -0.00438434  0.00735816    0.24519685  0.00000000

     Dynamical  Matrix in cartesian axes

     q = (   -0.750000000   0.250000000  -0.750000000 ) 

    1    1
  0.24519685  0.00000000   -0.00438434 -0.00735816    0.00113110  0.00000000
 -0.00438434  0.00735816    0.29878910  0.00000000   -0.00438434  0.00735816
  0.00113110  0.00000000   -0.00438434 -0.00735816    0.24519685  0.00000000
    1    2
 -0.04750429 -0.08054164   -0.03062226 -0.03522037   -0.03693974  0.11624199
 -0.03062226 -0.03522037   -0.04619404 -0.09958226   -0.03062226 -0.03522037
 -0.03693974  0.11624199   -0.03062226 -0.03522037   -0.04750429 -0.08054164
    2    1
 -0.04750429  0.08054164   -0.03062226  0.03522037   -0.03693974 -0.11624199
 -0.03062226  0.03522037   -0.04619404  0.09958226   -0.03062226  0.03522037
 -0.03693974 -0.11624199   -0.03062226  0.03522037   -0.04750429  0.08054164
    2    2
  0.24519685  0.00000000   -0.00438434  0.00735816    0.00113110  0.00000000
 -0.00438434 -0.00735816    0.29878910  0.00000000   -0.00438434 -0.00735816
  0.00113110  0.00000000   -0.00438434  0.00735816    0.24519685  0.00000000

     Dynamical  Matrix in cartesian axes

     q = (   -0.250000000   0.750000000  -0.750000000 ) 

    1    1
  0.29878910  0.00000000   -0.00438434  0.00735816    0.00438434 -0.00735816
 -0.00438434 -0.00735816    0.24519685  0.00000000   -0.00113110  0.00000000
  0.00438434  0.00735816   -0.00113110  0.00000000    0.24519685  0.00000000
    1    2
 -0.09958226  0.04619404   -0.03522037  0.03062226    0.03522037 -0.03062226
 -0.03522037  0.03062226   -0.08054164  0.04750429   -0.11624199 -0.03693974
  0.03522037 -0.03062226   -0.11624199 -0.03693974   -0.08054164  0.04750429
    2    1
 -0.09958226 -0.04619404   -0.03522037 -0.03062226    0.03522037  0.03062226
 -0.03522037 -0.03062226   -0.08054164 -0.04750429   -0.11624199  0.03693974
  0.03522037  0.03062226   -0.11624199  0.03693974   -0.08054164 -0.04750429
    2    2
  0.29878910  0.00000000   -0.00438434 -0.00735816    0.00438434  0.00735816
 -0.00438434  0.00735816    0.24519685  0.00000000   -0.00113110  0.00000000
  0.00438434 -0.00735816   -0.00113110  0.00000000    0.24519685  0.00000000

     Dynamical  Matrix in cartesian axes

     q = (   -0.750000000   0.750000000  -0.250000000 ) 

    1    1
  0.24519685  0.00000000   -0.00113110  0.00000000    0.00438434  0.00735816
 -0.00113110  0.00000000    0.24519685  0.00000000   -0.00438434 -0.00735816
  0.00438434 -0.00735816   -0.00438434  0.00735816    0.29878910  0.00000000
    1    2
 -0.08054164  0.04750429   -0.11624199 -0.03693974    0.03522037 -0.03062226
 -0.11624199 -0.03693974   -0.08054164  0.04750429   -0.03522037  0.03062226
  0.03522037 -0.03062226   -0.03522037  0.03062226   -0.09958226  0.04619404
    2    1
 -0.08054164 -0.04750429   -0.11624199  0.03693974    0.03522037  0.03062226
 -0.11624199  0.03693974   -0.08054164 -0.04750429   -0.03522037 -0.03062226
  0.03522037  0.03062226   -0.03522037 -0.03062226   -0.09958226 -0.04619404
    2    2
  0.24519685  0.00000000   -0.00113110  0.00000000    0.00438434 -0.00735816
 -0.00113110  0.00000000    0.24519685  0.00000000   -0.00438434  0.00735816
  0.00438434  0.00735816   -0.00438434 -0.00735816    0.29878910  0.00000000

     Dynamical  Matrix in cartesian axes

     q = (    0.750000000   0.250000000   0.750000000 ) 

    1    1
  0.24519685  0.00000000    0.00438434  0.00735816    0.00113110  0.00000000
  0.00438434 -0.00735816    0.29878910  0.00000000    0.00438434 -0.00735816
  0.00113110  0.00000000    0.00438434  0.00735816    0.24519685  0.00000000
    1    2
  0.08054164 -0.04750429   -0.03522037  0.03062226   -0.11624199 -0.03693974
 -0.03522037  0.03062226    0.09958226 -0.04619404   -0.03522037  0.03062226
 -0.11624199 -0.03693974   -0.03522037  0.03062226    0.08054164 -0.04750429
    2    1
  0.08054164  0.04750429   -0.03522037 -0.03062226   -0.11624199  0.03693974
 -0.03522037 -0.03062226    0.09958226  0.04619404   -0.03522037 -0.03062226
 -0.11624199  0.03693974   -0.03522037 -0.03062226    0.08054164  0.04750429
    2    2
  0.24519685  0.00000000    0.00438434 -0.00735816    0.00113110  0.00000000
  0.00438434  0.00735816    0.29878910  0.00000000    0.00438434  0.00735816
  0.00113110  0.00000000    0.00438434 -0.00735816    0.24519685  0.00000000

     Dynamical  Matrix in cartesian axes

     q = (   -0.750000000   0.250000000   0.750000000 ) 

    1    1
  0.24519685  0.00000000   -0.00438434  0.00735816   -0.00113110  0.00000000
 -0.00438434 -0.00735816    0.29878910  0.00000000    0.00438434  0.00735816
 -0.00113110  0.00000000    0.00438434 -0.00735816    0.24519685  0.00000000
    1    2
 -0.08054164 -0.04750429   -0.03522037 -0.03062226   -0.11624199  0.03693974
 -0.03522037 -0.03062226   -0.09958226 -0.04619404    0.03522037  0.03062226
 -0.11624199  0.03693974    0.03522037  0.03062226   -0.08054164 -0.04750429
    2    1
 -0.08054164  0.04750429   -0.03522037  0.03062226   -0.11624199 -0.03693974
 -0.03522037  0.03062226   -0.09958226  0.04619404    0.03522037 -0.03062226
 -0.11624199 -0.03693974    0.03522037 -0.03062226   -0.08054164  0.04750429
    2    2
  0.24519685  0.00000000   -0.00438434 -0.00735816   -0.00113110  0.00000000
 -0.00438434  0.00735816    0.29878910  0.00000000    0.00438434 -0.00735816
 -0.00113110  0.00000000    0.00438434  0.00735816    0.24519685  0.00000000

     Dynamical  Matrix in cartesian axes

     q = (    0.750000000   0.250000000  -0.750000000 ) 

    1    1
  0.24519685  0.00000000    0.00438434 -0.00735816   -0.00113110  0.00000000
  0.00438434  0.00735816    0.29878910  0.00000000   -0.00438434 -0.00735816
 -0.00113110  0.00000000   -0.00438434  0.00735816    0.24519685  0.00000000
    1    2
 -0.08054164 -0.04750429    0.03522037  0.03062226   -0.11624199  0.03693974
  0.03522037  0.03062226   -0.09958226 -0.04619404   -0.03522037 -0.03062226
 -0.11624199  0.03693974   -0.03522037 -0.03062226   -0.08054164 -0.04750429
    2    1
 -0.08054164  0.04750429    0.03522037 -0.03062226   -0.11624199 -0.03693974
  0.03522037 -0.03062226   -0.09958226  0.04619404   -0.03522037  0.03062226
 -0.11624199 -0.03693974   -0.03522037  0.03062226   -0.08054164  0.04750429
    2    2
  0.24519685  0.00000000    0.00438434  0.00735816   -0.00113110  0.00000000
  0.00438434 -0.00735816    0.29878910  0.00000000   -0.00438434  0.00735816
 -0.00113110  0.00000000   -0.00438434 -0.00735816    0.24519685  0.00000000

     Dynamical  Matrix in cartesian axes

     q = (   -0.750000000   0.750000000   0.250000000 ) 

    1    1
  0.24519685  0.00000000   -0.00113110  0.00000000   -0.00438434  0.00735816
 -0.00113110  0.00000000    0.24519685  0.00000000    0.00438434 -0.00735816
 -0.00438434 -0.00735816    0.00438434  0.00735816    0.29878910  0.00000000
    1    2
 -0.08054164 -0.04750429   -0.11624199  0.03693974   -0.03522037 -0.03062226
 -0.11624199  0.03693974   -0.08054164 -0.04750429    0.03522037  0.03062226
 -0.03522037 -0.03062226    0.03522037  0.03062226   -0.09958226 -0.04619404
    2    1
 -0.08054164  0.04750429   -0.11624199 -0.03693974   -0.03522037  0.03062226
 -0.11624199 -0.03693974   -0.08054164  0.04750429    0.03522037 -0.03062226
 -0.03522037  0.03062226    0.03522037 -0.03062226   -0.09958226  0.04619404
    2    2
  0.24519685  0.00000000   -0.00113110  0.00000000   -0.00438434 -0.00735816
 -0.00113110  0.00000000    0.24519685  0.00000000    0.00438434  0.00735816
 -0.00438434  0.00735816    0.00438434 -0.00735816    0.29878910  0.00000000

     Dynamical  Matrix in cartesian axes

     q = (   -0.250000000   0.750000000   0.750000000 ) 

    1    1
  0.29878910  0.00000000   -0.00438434 -0.00735816   -0.00438434 -0.00735816
 -0.00438434  0.00735816    0.24519685  0.00000000    0.00113110  0.00000000
 -0.00438434  0.00735816    0.00113110  0.00000000    0.24519685  0.00000000
    1    2
 -0.04619404  0.09958226   -0.03062226  0.03522037   -0.03062226  0.03522037
 -0.03062226  0.03522037   -0.04750429  0.08054164   -0.03693974 -0.11624199
 -0.03062226  0.03522037   -0.03693974 -0.11624199   -0.04750429  0.08054164
    2    1
 -0.04619404 -0.09958226   -0.03062226 -0.03522037   -0.03062226 -0.03522037
 -0.03062226 -0.03522037   -0.04750429 -0.08054164   -0.03693974  0.11624199
 -0.03062226 -0.03522037   -0.03693974  0.11624199   -0.04750429 -0.08054164
    2    2
  0.29878910  0.00000000   -0.00438434  0.00735816   -0.00438434  0.00735816
 -0.00438434 -0.00735816    0.24519685  0.00000000    0.00113110  0.00000000
 -0.00438434 -0.00735816    0.00113110  0.00000000    0.24519685  0.00000000

     Dynamical  Matrix in cartesian axes

     q = (    0.250000000   0.750000000  -0.750000000 ) 

    1    1
  0.29878910  0.00000000    0.00438434  0.00735816   -0.00438434 -0.00735816
  0.00438434 -0.00735816    0.24519685  0.00000000   -0.00113110  0.00000000
 -0.00438434  0.00735816   -0.00113110  0.00000000    0.24519685  0.00000000
    1    2
 -0.09958226 -0.04619404    0.03522037  0.03062226   -0.03522037 -0.03062226
  0.03522037  0.03062226   -0.08054164 -0.04750429   -0.11624199  0.03693974
 -0.03522037 -0.03062226   -0.11624199  0.03693974   -0.08054164 -0.04750429
    2    1
 -0.09958226  0.04619404    0.03522037 -0.03062226   -0.03522037  0.03062226
  0.03522037 -0.03062226   -0.08054164  0.04750429   -0.11624199 -0.03693974
 -0.03522037  0.03062226   -0.11624199 -0.03693974   -0.08054164  0.04750429
    2    2
  0.29878910  0.00000000    0.00438434 -0.00735816   -0.00438434  0.00735816
  0.00438434  0.00735816    0.24519685  0.00000000   -0.00113110  0.00000000
 -0.00438434 -0.00735816   -0.00113110  0.00000000    0.24519685  0.00000000

     Dynamical  Matrix in cartesian axes

     q = (   -0.250000000  -0.750000000  -0.750000000 ) 

    1    1
  0.29878910  0.00000000    0.00438434  0.00735816    0.00438434  0.00735816
  0.00438434 -0.00735816    0.24519685  0.00000000    0.00113110  0.00000000
  0.00438434 -0.00735816    0.00113110  0.00000000    0.24519685  0.00000000
    1    2
  0.09958226  0.04619404   -0.03522037 -0.03062226   -0.03522037 -0.03062226
 -0.03522037 -0.03062226    0.08054164  0.04750429   -0.11624199  0.03693974
 -0.03522037 -0.03062226   -0.11624199  0.03693974    0.08054164  0.04750429
    2    1
  0.09958226 -0.04619404   -0.03522037  0.03062226   -0.03522037  0.03062226
 -0.03522037  0.03062226    0.08054164 -0.04750429   -0.11624199 -0.03693974
 -0.03522037  0.03062226   -0.11624199 -0.03693974    0.08054164 -0.04750429
    2    2
  0.29878910  0.00000000    0.00438434 -0.00735816    0.00438434 -0.00735816
  0.00438434  0.00735816    0.24519685  0.00000000    0.00113110  0.00000000
  0.00438434  0.00735816    0.00113110  0.00000000    0.24519685  0.00000000

     Dynamical  Matrix in cartesian axes

     q = (    0.750000000   0.750000000  -0.250000000 ) 

    1    1
  0.24519685  0.00000000    0.00113110  0.00000000   -0.00438434  0.00735816
  0.00113110  0.00000000    0.24519685  0.00000000   -0.00438434  0.00735816
 -0.00438434 -0.00735816   -0.00438434 -0.00735816    0.29878910  0.00000000
    1    2
 -0.04750429  0.08054164   -0.03693974 -0.11624199   -0.03062226  0.03522037
 -0.03693974 -0.11624199   -0.04750429  0.08054164   -0.03062226  0.03522037
 -0.03062226  0.03522037   -0.03062226  0.03522037   -0.04619404  0.09958226
    2    1
 -0.04750429 -0.08054164   -0.03693974  0.11624199   -0.03062226 -0.03522037
 -0.03693974  0.11624199   -0.04750429 -0.08054164   -0.03062226 -0.03522037
 -0.03062226 -0.03522037   -0.03062226 -0.03522037   -0.04619404 -0.09958226
    2    2
  0.24519685  0.00000000    0.00113110  0.00000000   -0.00438434 -0.00735816
  0.00113110  0.00000000    0.24519685  0.00000000   -0.00438434 -0.00735816
 -0.00438434  0.00735816   -0.00438434  0.00735816    0.29878910  0.00000000

     Dynamical  Matrix in cartesian axes

     q = (    0.750000000  -0.750000000   0.250000000 ) 

    1    1
  0.24519685  0.00000000   -0.00113110  0.00000000    0.00438434 -0.00735816
 -0.00113110  0.00000000    0.24519685  0.00000000   -0.00438434  0.00735816
  0.00438434  0.00735816   -0.00438434 -0.00735816    0.29878910  0.00000000
    1    2
 -0.08054164 -0.04750429   -0.11624199  0.03693974    0.03522037  0.03062226
 -0.11624199  0.03693974   -0.08054164 -0.04750429   -0.03522037 -0.03062226
  0.03522037  0.03062226   -0.03522037 -0.03062226   -0.09958226 -0.04619404
    2    1
 -0.08054164  0.04750429   -0.11624199 -0.03693974    0.03522037 -0.03062226
 -0.11624199 -0.03693974   -0.08054164  0.04750429   -0.03522037  0.03062226
  0.03522037 -0.03062226   -0.03522037  0.03062226   -0.09958226  0.04619404
    2    2
  0.24519685  0.00000000   -0.00113110  0.00000000    0.00438434  0.00735816
 -0.00113110  0.00000000    0.24519685  0.00000000   -0.00438434 -0.00735816
  0.00438434 -0.00735816   -0.00438434  0.00735816    0.29878910  0.00000000

     Dynamical  Matrix in cartesian axes

     q = (   -0.750000000  -0.750000000  -0.250000000 ) 

    1    1
  0.24519685  0.00000000    0.00113110  0.00000000    0.00438434 -0.00735816
  0.00113110  0.00000000    0.24519685  0.00000000    0.00438434 -0.00735816
  0.00438434  0.00735816    0.00438434  0.00735816    0.29878910  0.00000000
    1    2
  0.08054164  0.04750429   -0.11624199  0.03693974   -0.03522037 -0.03062226
 -0.11624199  0.03693974    0.08054164  0.04750429   -0.03522037 -0.03062226
 -0.03522037 -0.03062226   -0.03522037 -0.03062226    0.09958226  0.04619404
    2    1
  0.08054164 -0.04750429   -0.11624199 -0.03693974   -0.03522037  0.03062226
 -0.11624199 -0.03693974    0.08054164 -0.04750429   -0.03522037  0.03062226
 -0.03522037  0.03062226   -0.03522037  0.03062226    0.09958226 -0.04619404
    2    2
  0.24519685  0.00000000    0.00113110  0.00000000    0.00438434  0.00735816
  0.00113110  0.00000000    0.24519685  0.00000000    0.00438434  0.00735816
  0.00438434 -0.00735816    0.00438434 -0.00735816    0.29878910  0.00000000

     Dynamical  Matrix in cartesian axes

     q = (    0.250000000  -0.750000000   0.750000000 ) 

    1    1
  0.29878910  0.00000000   -0.00438434 -0.00735816    0.00438434  0.00735816
 -0.00438434  0.00735816    0.24519685  0.00000000   -0.00113110  0.00000000
  0.00438434 -0.00735816   -0.00113110  0.00000000    0.24519685  0.00000000
    1    2
 -0.09958226 -0.04619404   -0.03522037 -0.03062226    0.03522037  0.03062226
 -0.03522037 -0.03062226   -0.08054164 -0.04750429   -0.11624199  0.03693974
  0.03522037  0.03062226   -0.11624199  0.03693974   -0.08054164 -0.04750429
    2    1
 -0.09958226  0.04619404   -0.03522037  0.03062226    0.03522037 -0.03062226
 -0.03522037  0.03062226   -0.08054164  0.04750429   -0.11624199 -0.03693974
  0.03522037 -0.03062226   -0.11624199 -0.03693974   -0.08054164  0.04750429
    2    2
  0.29878910  0.00000000   -0.00438434  0.00735816    0.00438434 -0.00735816
 -0.00438434 -0.00735816    0.24519685  0.00000000   -0.00113110  0.00000000
  0.00438434  0.00735816   -0.00113110  0.00000000    0.24519685  0.00000000

     Dynamical  Matrix in cartesian axes

     q = (   -0.750000000  -0.750000000   0.250000000 ) 

    1    1
  0.24519685  0.00000000    0.00113110  0.00000000   -0.00438434 -0.00735816
  0.00113110  0.00000000    0.24519685  0.00000000   -0.00438434 -0.00735816
 -0.00438434  0.00735816   -0.00438434  0.00735816    0.29878910  0.00000000
    1    2
 -0.04750429 -0.08054164   -0.03693974  0.11624199   -0.03062226 -0.03522037
 -0.03693974  0.11624199   -0.04750429 -0.08054164   -0.03062226 -0.03522037
 -0.03062226 -0.03522037   -0.03062226 -0.03522037   -0.04619404 -0.09958226
    2    1
 -0.04750429  0.08054164   -0.03693974 -0.11624199   -0.03062226  0.03522037
 -0.03693974 -0.11624199   -0.04750429  0.08054164   -0.03062226  0.03522037
 -0.03062226  0.03522037   -0.03062226  0.03522037   -0.04619404  0.09958226
    2    2
  0.24519685  0.00000000    0.00113110  0.00000000   -0.00438434  0.00735816
  0.00113110  0.00000000    0.24519685  0.00000000   -0.00438434  0.00735816
 -0.00438434 -0.00735816   -0.00438434 -0.00735816    0.29878910  0.00000000

     Dynamical  Matrix in cartesian axes

     q = (    0.250000000   0.750000000   0.750000000 ) 

    1    1
  0.29878910  0.00000000    0.00438434 -0.00735816    0.00438434 -0.00735816
  0.00438434  0.00735816    0.24519685  0.00000000    0.00113110  0.00000000
  0.00438434  0.00735816    0.00113110  0.00000000    0.24519685  0.00000000
    1    2
  0.09958226 -0.04619404   -0.03522037  0.03062226   -0.03522037  0.03062226
 -0.03522037  0.03062226    0.08054164 -0.04750429   -0.11624199 -0.03693974
 -0.03522037  0.03062226   -0.11624199 -0.03693974    0.08054164 -0.04750429
    2    1
  0.09958226  0.04619404   -0.03522037 -0.03062226   -0.03522037 -0.03062226
 -0.03522037 -0.03062226    0.08054164  0.04750429   -0.11624199  0.03693974
 -0.03522037 -0.03062226   -0.11624199  0.03693974    0.08054164  0.04750429
    2    2
  0.29878910  0.00000000    0.00438434  0.00735816    0.00438434  0.00735816
  0.00438434 -0.00735816    0.24519685  0.00000000    0.00113110  0.00000000
  0.00438434 -0.00735816    0.00113110  0.00000000    0.24519685  0.00000000

     Dynamical  Matrix in cartesian axes

     q = (   -0.250000000  -0.750000000   0.750000000 ) 

    1    1
  0.29878910  0.00000000    0.00438434 -0.00735816   -0.00438434  0.00735816
  0.00438434  0.00735816    0.24519685  0.00000000   -0.00113110  0.00000000
 -0.00438434 -0.00735816   -0.00113110  0.00000000    0.24519685  0.00000000
    1    2
 -0.09958226  0.04619404    0.03522037 -0.03062226   -0.03522037  0.03062226
  0.03522037 -0.03062226   -0.08054164  0.04750429   -0.11624199 -0.03693974
 -0.03522037  0.03062226   -0.11624199 -0.03693974   -0.08054164  0.04750429
    2    1
 -0.09958226 -0.04619404    0.03522037  0.03062226   -0.03522037 -0.03062226
  0.03522037  0.03062226   -0.08054164 -0.04750429   -0.11624199  0.03693974
 -0.03522037 -0.03062226   -0.11624199  0.03693974   -0.08054164 -0.04750429
    2    2
  0.29878910  0.00000000    0.00438434  0.00735816   -0.00438434 -0.00735816
  0.00438434 -0.00735816    0.24519685  0.00000000   -0.00113110  0.00000000
 -0.00438434  0.00735816   -0.00113110  0.00000000    0.24519685  0.00000000

     Dynamical  Matrix in cartesian axes

     q = (    0.750000000   0.750000000   0.250000000 ) 

    1    1
  0.24519685  0.00000000    0.00113110  0.00000000    0.00438434  0.00735816
  0.00113110  0.00000000    0.24519685  0.00000000    0.00438434  0.00735816
  0.00438434 -0.00735816    0.00438434 -0.00735816    0.29878910  0.00000000
    1    2
  0.08054164 -0.04750429   -0.11624199 -0.03693974   -0.03522037  0.03062226
 -0.11624199 -0.03693974    0.08054164 -0.04750429   -0.03522037  0.03062226
 -0.03522037  0.03062226   -0.03522037  0.03062226    0.09958226 -0.04619404
    2    1
  0.08054164  0.04750429   -0.11624199  0.03693974   -0.03522037 -0.03062226
 -0.11624199  0.03693974    0.08054164  0.04750429   -0.03522037 -0.03062226
 -0.03522037 -0.03062226   -0.03522037 -0.03062226    0.09958226  0.04619404
    2    2
  0.24519685  0.00000000    0.00113110  0.00000000    0.00438434 -0.00735816
  0.00113110  0.00000000    0.24519685  0.00000000    0.00438434 -0.00735816
  0.00438434  0.00735816    0.00438434  0.00735816    0.29878910  0.00000000

     Dynamical  Matrix in cartesian axes

     q = (    0.250000000  -0.750000000  -0.750000000 ) 

    1    1
  0.29878910  0.00000000   -0.00438434  0.00735816   -0.00438434  0.00735816
 -0.00438434 -0.00735816    0.24519685  0.00000000    0.00113110  0.00000000
 -0.00438434 -0.00735816    0.00113110  0.00000000    0.24519685  0.00000000
    1    2
 -0.04619404 -0.09958226   -0.03062226 -0.03522037   -0.03062226 -0.03522037
 -0.03062226 -0.03522037   -0.04750429 -0.08054164   -0.03693974  0.11624199
 -0.03062226 -0.03522037   -0.03693974  0.11624199   -0.04750429 -0.08054164
    2    1
 -0.04619404  0.09958226   -0.03062226  0.03522037   -0.03062226  0.03522037
 -0.03062226  0.03522037   -0.04750429  0.08054164   -0.03693974 -0.11624199
 -0.03062226  0.03522037   -0.03693974 -0.11624199   -0.04750429  0.08054164
    2    2
  0.29878910  0.00000000   -0.00438434 -0.00735816   -0.00438434 -0.00735816
 -0.00438434  0.00735816    0.24519685  0.00000000    0.00113110  0.00000000
 -0.00438434  0.00735816    0.00113110  0.00000000    0.24519685  0.00000000

     Dynamical  Matrix in cartesian axes

     q = (    0.750000000  -0.750000000  -0.250000000 ) 

    1    1
  0.24519685  0.00000000   -0.00113110  0.00000000   -0.00438434 -0.00735816
 -0.00113110  0.00000000    0.24519685  0.00000000    0.00438434  0.00735816
 -0.00438434  0.00735816    0.00438434 -0.00735816    0.29878910  0.00000000
    1    2
 -0.08054164  0.04750429   -0.11624199 -0.03693974   -0.03522037  0.03062226
 -0.11624199 -0.03693974   -0.08054164  0.04750429    0.03522037 -0.03062226
 -0.03522037  0.03062226    0.03522037 -0.03062226   -0.09958226  0.04619404
    2    1
 -0.08054164 -0.04750429   -0.11624199  0.03693974   -0.03522037 -0.03062226
 -0.11624199  0.03693974   -0.08054164 -0.04750429    0.03522037  0.03062226
 -0.03522037 -0.03062226    0.03522037  0.03062226   -0.09958226 -0.04619404
    2    2
  0.24519685  0.00000000   -0.00113110  0.00000000   -0.00438434  0.00735816
 -0.00113110  0.00000000    0.24519685  0.00000000    0.00438434 -0.00735816
 -0.00438434 -0.00735816    0.00438434  0.00735816    0.29878910  0.00000000

     Diagonalizing the dynamical matrix

     q = (    0.750000000  -0.250000000   0.750000000 ) 

 **************************************************************************
     freq (    1) =       4.457672 [THz] =     148.691941 [cm-1]
 (  0.026804 -0.499281  0.000000 -0.000000 -0.026804  0.499281 ) 
 (  0.500000 -0.000000  0.000000  0.000000 -0.500000  0.000000 ) 
     freq (    2) =       6.835194 [THz] =     227.997522 [cm-1]
 ( -0.391854 -0.050260 -0.369413  0.226678 -0.391854 -0.050260 ) 
 ( -0.395064  0.000000 -0.337573 -0.271833 -0.395064  0.000000 ) 
     freq (    3) =       9.550785 [THz] =     318.579908 [cm-1]
 (  0.054017  0.336804 -0.483188 -0.183901  0.054017  0.336804 ) 
 (  0.341108  0.000000 -0.258097 -0.447969  0.341108  0.000000 ) 
     freq (    4) =      11.591955 [THz] =     386.665996 [cm-1]
 ( -0.271226 -0.296436  0.380329  0.180207 -0.271226 -0.296436 ) 
 (  0.401793  0.000000 -0.389691 -0.158953  0.401793  0.000000 ) 
     freq (    5) =      13.656824 [THz] =     455.542599 [cm-1]
 ( -0.026804  0.499281 -0.000000 -0.000000  0.026804 -0.499281 ) 
 (  0.500000  0.000000 -0.000000  0.000000 -0.500000  0.000000 ) 
     freq (    6) =      13.734445 [THz] =     458.131780 [cm-1]
 ( -0.249869 -0.060806 -0.520824  0.310609 -0.249869 -0.060806 ) 
 (  0.257161  0.000000  0.432612  0.424951  0.257161  0.000000 ) 
 **************************************************************************
