Dynamical matrix file
                                                                           
  1    2  2 10.4400000  0.0000000  0.0000000  0.0000000  0.0000000  0.0000000
           1  'Si  '    25598.822984527003     
    1    1      0.0000000000      0.0000000000      0.0000000000
    2    1      0.2500000000      0.2500000000      0.2500000000

     Dynamical  Matrix in cartesian axes

     q = (   -0.250000000   0.250000000  -0.250000000 ) 

    1    1
  0.28248612  0.00000000   -0.01036479  0.00000000    0.01036479  0.00000000
 -0.01036479  0.00000000    0.28248612  0.00000000   -0.01036479  0.00000000
  0.01036479  0.00000000   -0.01036479  0.00000000    0.28248612  0.00000000
    1    2
 -0.21151304 -0.06423901   -0.03150615  0.03219176    0.03150615 -0.03219176
 -0.03150615  0.03219176   -0.21151304 -0.06423901   -0.03150615  0.03219176
  0.03150615 -0.03219176   -0.03150615  0.03219176   -0.21151304 -0.06423901
    2    1
 -0.21151304  0.06423901   -0.03150615 -0.03219176    0.03150615  0.03219176
 -0.03150615 -0.03219176   -0.21151304  0.06423901   -0.03150615 -0.03219176
  0.03150615  0.03219176   -0.03150615 -0.03219176   -0.21151304  0.06423901
    2    2
  0.28248612  0.00000000   -0.01036479  0.00000000    0.01036479  0.00000000
 -0.01036479  0.00000000    0.28248612  0.00000000   -0.01036479  0.00000000
  0.01036479  0.00000000   -0.01036479  0.00000000    0.28248612  0.00000000

     Dynamical  Matrix in cartesian axes

     q = (    0.250000000  -0.250000000  -0.250000000 ) 

    1    1
  0.28248612  0.00000000   -0.01036479  0.00000000   -0.01036479  0.00000000
 -0.01036479  0.00000000    0.28248612  0.00000000    0.01036479  0.00000000
 -0.01036479  0.00000000    0.01036479  0.00000000    0.28248612  0.00000000
    1    2
 -0.21151304 -0.06423901   -0.03150615  0.03219176   -0.03150615  0.03219176
 -0.03150615  0.03219176   -0.21151304 -0.06423901    0.03150615 -0.03219176
 -0.03150615  0.03219176    0.03150615 -0.03219176   -0.21151304 -0.06423901
    2    1
 -0.21151304  0.06423901   -0.03150615 -0.03219176   -0.03150615 -0.03219176
 -0.03150615 -0.03219176   -0.21151304  0.06423901    0.03150615  0.03219176
 -0.03150615 -0.03219176    0.03150615  0.03219176   -0.21151304  0.06423901
    2    2
  0.28248612  0.00000000   -0.01036479  0.00000000   -0.01036479  0.00000000
 -0.01036479  0.00000000    0.28248612  0.00000000    0.01036479  0.00000000
 -0.01036479  0.00000000    0.01036479  0.00000000    0.28248612  0.00000000

     Dynamical  Matrix in cartesian axes

     q = (    0.250000000  -0.250000000   0.250000000 ) 

    1    1
  0.28248612  0.00000000   -0.01036479  0.00000000    0.01036479  0.00000000
 -0.01036479  0.00000000    0.28248612  0.00000000   -0.01036479  0.00000000
  0.01036479  0.00000000   -0.01036479  0.00000000    0.28248612  0.00000000
    1    2
 -0.21151304  0.06423901   -0.03150615 -0.03219176    0.03150615  0.03219176
 -0.03150615 -0.03219176   -0.21151304  0.06423901   -0.03150615 -0.03219176
  0.03150615  0.03219176   -0.03150615 -0.03219176   -0.21151304  0.06423901
    2    1
 -0.21151304 -0.06423901   -0.03150615  0.03219176    0.03150615 -0.03219176
 -0.03150615  0.03219176   -0.21151304 -0.06423901   -0.03150615  0.03219176
  0.03150615 -0.03219176   -0.03150615  0.03219176   -0.21151304 -0.06423901
    2    2
  0.28248612  0.00000000   -0.01036479  0.00000000    0.01036479  0.00000000
 -0.01036479  0.00000000    0.28248612  0.00000000   -0.01036479  0.00000000
  0.01036479  0.00000000   -0.01036479  0.00000000    0.28248612  0.00000000

     Dynamical  Matrix in cartesian axes

     q = (    0.250000000   0.250000000   0.250000000 ) 

    1    1
  0.28248612  0.00000000    0.01036479  0.00000000    0.01036479  0.00000000
  0.01036479  0.00000000    0.28248612  0.00000000    0.01036479  0.00000000
  0.01036479  0.00000000    0.01036479  0.00000000    0.28248612  0.00000000
    1    2
 -0.06423901  0.21151304   -0.03219176 -0.03150615   -0.03219176 -0.03150615
 -0.03219176 -0.03150615   -0.06423901  0.21151304   -0.03219176 -0.03150615
 -0.03219176 -0.03150615   -0.03219176 -0.03150615   -0.06423901  0.21151304
    2    1
 -0.06423901 -0.21151304   -0.03219176  0.03150615   -0.03219176  0.03150615
 -0.03219176  0.03150615   -0.06423901 -0.21151304   -0.03219176  0.03150615
 -0.03219176  0.03150615   -0.03219176  0.03150615   -0.06423901 -0.21151304
    2    2
  0.28248612  0.00000000    0.01036479  0.00000000    0.01036479  0.00000000
  0.01036479  0.00000000    0.28248612  0.00000000    0.01036479  0.00000000
  0.01036479  0.00000000    0.01036479  0.00000000    0.28248612  0.00000000

     Dynamical  Matrix in cartesian axes

     q = (   -0.250000000  -0.250000000  -0.250000000 ) 

    1    1
  0.28248612  0.00000000    0.01036479  0.00000000    0.01036479  0.00000000
  0.01036479  0.00000000    0.28248612  0.00000000    0.01036479  0.00000000
  0.01036479  0.00000000    0.01036479  0.00000000    0.28248612  0.00000000
    1    2
 -0.06423901 -0.21151304   -0.03219176  0.03150615   -0.03219176  0.03150615
 -0.03219176  0.03150615   -0.06423901 -0.21151304   -0.03219176  0.03150615
 -0.03219176  0.03150615   -0.03219176  0.03150615   -0.06423901 -0.21151304
    2    1
 -0.06423901  0.21151304   -0.03219176 -0.03150615   -0.03219176 -0.03150615
 -0.03219176 -0.03150615   -0.06423901  0.21151304   -0.03219176 -0.03150615
 -0.03219176 -0.03150615   -0.03219176 -0.03150615   -0.06423901  0.21151304
    2    2
  0.28248612  0.00000000    0.01036479  0.00000000    0.01036479  0.00000000
  0.01036479  0.00000000    0.28248612  0.00000000    0.01036479  0.00000000
  0.01036479  0.00000000    0.01036479  0.00000000    0.28248612  0.00000000

     Dynamical  Matrix in cartesian axes

     q = (   -0.250000000  -0.250000000   0.250000000 ) 

    1    1
  0.28248612  0.00000000    0.01036479  0.00000000   -0.01036479  0.00000000
  0.01036479  0.00000000    0.28248612  0.00000000   -0.01036479  0.00000000
 -0.01036479  0.00000000   -0.01036479  0.00000000    0.28248612  0.00000000
    1    2
 -0.21151304 -0.06423901    0.03150615 -0.03219176   -0.03150615  0.03219176
  0.03150615 -0.03219176   -0.21151304 -0.06423901   -0.03150615  0.03219176
 -0.03150615  0.03219176   -0.03150615  0.03219176   -0.21151304 -0.06423901
    2    1
 -0.21151304  0.06423901    0.03150615  0.03219176   -0.03150615 -0.03219176
  0.03150615  0.03219176   -0.21151304  0.06423901   -0.03150615 -0.03219176
 -0.03150615 -0.03219176   -0.03150615 -0.03219176   -0.21151304  0.06423901
    2    2
  0.28248612  0.00000000    0.01036479  0.00000000   -0.01036479  0.00000000
  0.01036479  0.00000000    0.28248612  0.00000000   -0.01036479  0.00000000
 -0.01036479  0.00000000   -0.01036479  0.00000000    0.28248612  0.00000000

     Dynamical  Matrix in cartesian axes

     q = (   -0.250000000   0.250000000   0.250000000 ) 

    1    1
  0.28248612  0.00000000   -0.01036479  0.00000000   -0.01036479  0.00000000
 -0.01036479  0.00000000    0.28248612  0.00000000    0.01036479  0.00000000
 -0.01036479  0.00000000    0.01036479  0.00000000    0.28248612  0.00000000
    1    2
 -0.21151304  0.06423901   -0.03150615 -0.03219176   -0.03150615 -0.03219176
 -0.03150615 -0.03219176   -0.21151304  0.06423901    0.03150615  0.03219176
 -0.03150615 -0.03219176    0.03150615  0.03219176   -0.21151304  0.06423901
    2    1
 -0.21151304 -0.06423901   -0.03150615  0.03219176   -0.03150615  0.03219176
 -0.03150615  0.03219176   -0.21151304 -0.06423901    0.03150615 -0.03219176
 -0.03150615  0.03219176    0.03150615 -0.03219176   -0.21151304 -0.06423901
    2    2
  0.28248612  0.00000000   -0.01036479  0.00000000   -0.01036479  0.00000000
 -0.01036479  0.00000000    0.28248612  0.00000000    0.01036479  0.00000000
 -0.01036479  0.00000000    0.01036479  0.00000000    0.28248612  0.00000000

     Dynamical  Matrix in cartesian axes

     q = (    0.250000000   0.250000000  -0.250000000 ) 

    1    1
  0.28248612  0.00000000    0.01036479  0.00000000   -0.01036479  0.00000000
  0.01036479  0.00000000    0.28248612  0.00000000   -0.01036479  0.00000000
 -0.01036479  0.00000000   -0.01036479  0.00000000    0.28248612  0.00000000
    1    2
 -0.21151304  0.06423901    0.03150615  0.03219176   -0.03150615 -0.03219176
  0.03150615  0.03219176   -0.21151304  0.06423901   -0.03150615 -0.03219176
 -0.03150615 -0.03219176   -0.03150615 -0.03219176   -0.21151304  0.06423901
    2    1
 -0.21151304 -0.06423901    0.03150615 -0.03219176   -0.03150615  0.03219176
  0.03150615 -0.03219176   -0.21151304 -0.06423901   -0.03150615  0.03219176
 -0.03150615  0.03219176   -0.03150615  0.03219176   -0.21151304 -0.06423901
    2    2
  0.28248612  0.00000000    0.01036479  0.00000000   -0.01036479  0.00000000
  0.01036479  0.00000000    0.28248612  0.00000000   -0.01036479  0.00000000
 -0.01036479  0.00000000   -0.01036479  0.00000000    0.28248612  0.00000000

     Diagonalizing the dynamical matrix

     q = (   -0.250000000   0.250000000  -0.250000000 ) 

 **************************************************************************
     freq (    1) =       3.378566 [THz] =     112.696829 [cm-1]
 (  0.541309  0.173942  0.194173  0.128164 -0.347136 -0.045777 ) 
 (  0.559404  0.101678  0.209263  0.101678 -0.350142  0.000000 ) 
     freq (    2) =       3.378566 [THz] =     112.696829 [cm-1]
 ( -0.052932 -0.085206 -0.508050 -0.145223 -0.455118 -0.060017 ) 
 ( -0.063617 -0.077554 -0.522675 -0.077554 -0.459058  0.000000 ) 
     freq (    3) =       6.718343 [THz] =     224.099799 [cm-1]
 (  0.308589  0.267282 -0.308589 -0.267282  0.308589  0.267282 ) 
 (  0.408248 -0.000000 -0.408248 -0.000000  0.408248  0.000000 ) 
     freq (    4) =      14.534792 [THz] =     484.828473 [cm-1]
 (  0.308589  0.267282 -0.308589 -0.267282  0.308589  0.267282 ) 
 ( -0.408248  0.000000  0.408248 -0.000000 -0.408248  0.000000 ) 
     freq (    5) =      14.788120 [THz] =     493.278583 [cm-1]
 (  0.286507  0.037269 -0.285887 -0.038213 -0.572394 -0.075482 ) 
 ( -0.288921  0.000509  0.288429  0.000509  0.577350  0.000000 ) 
     freq (    6) =      14.788120 [THz] =     493.278583 [cm-1]
 ( -0.274127  0.417986 -0.274774  0.417901 -0.000647 -0.000085 ) 
 (  0.217127 -0.450238  0.217779 -0.450238  0.000652  0.000000 ) 
 **************************************************************************
