Dynamical matrix file
                                                                           
  1    2  2 10.3500000  0.0000000  0.0000000  0.0000000  0.0000000  0.0000000
           1  'Si  '    25598.822984527003     
    1    1      0.0000000000      0.0000000000      0.0000000000
    2    1      0.2500000000      0.2500000000      0.2500000000

     Dynamical  Matrix in cartesian axes

     q = (   -0.250000000   0.250000000  -0.250000000 ) 

    1    1
  0.28008060  0.00000000   -0.01075462  0.00000000    0.01075462  0.00000000
 -0.01075462  0.00000000    0.28008060  0.00000000   -0.01075462  0.00000000
  0.01075462  0.00000000   -0.01075462  0.00000000    0.28008060  0.00000000
    1    2
 -0.20483672 -0.06048035   -0.03600449  0.03678908    0.03600449 -0.03678908
 -0.03600449  0.03678908   -0.20483672 -0.06048035   -0.03600449  0.03678908
  0.03600449 -0.03678908   -0.03600449  0.03678908   -0.20483672 -0.06048035
    2    1
 -0.20483672  0.06048035   -0.03600449 -0.03678908    0.03600449  0.03678908
 -0.03600449 -0.03678908   -0.20483672  0.06048035   -0.03600449 -0.03678908
  0.03600449  0.03678908   -0.03600449 -0.03678908   -0.20483672  0.06048035
    2    2
  0.28008060  0.00000000   -0.01075462  0.00000000    0.01075462  0.00000000
 -0.01075462  0.00000000    0.28008060  0.00000000   -0.01075462  0.00000000
  0.01075462  0.00000000   -0.01075462  0.00000000    0.28008060  0.00000000

     Dynamical  Matrix in cartesian axes

     q = (    0.250000000  -0.250000000  -0.250000000 ) 

    1    1
  0.28008060  0.00000000   -0.01075462  0.00000000   -0.01075462  0.00000000
 -0.01075462  0.00000000    0.28008060  0.00000000    0.01075462  0.00000000
 -0.01075462  0.00000000    0.01075462  0.00000000    0.28008060  0.00000000
    1    2
 -0.20483672 -0.06048035   -0.03600449  0.03678908   -0.03600449  0.03678908
 -0.03600449  0.03678908   -0.20483672 -0.06048035    0.03600449 -0.03678908
 -0.03600449  0.03678908    0.03600449 -0.03678908   -0.20483672 -0.06048035
    2    1
 -0.20483672  0.06048035   -0.03600449 -0.03678908   -0.03600449 -0.03678908
 -0.03600449 -0.03678908   -0.20483672  0.06048035    0.03600449  0.03678908
 -0.03600449 -0.03678908    0.03600449  0.03678908   -0.20483672  0.06048035
    2    2
  0.28008060  0.00000000   -0.01075462  0.00000000   -0.01075462  0.00000000
 -0.01075462  0.00000000    0.28008060  0.00000000    0.01075462  0.00000000
 -0.01075462  0.00000000    0.01075462  0.00000000    0.28008060  0.00000000

     Dynamical  Matrix in cartesian axes

     q = (    0.250000000  -0.250000000   0.250000000 ) 

    1    1
  0.28008060  0.00000000   -0.01075462  0.00000000    0.01075462  0.00000000
 -0.01075462  0.00000000    0.28008060  0.00000000   -0.01075462  0.00000000
  0.01075462  0.00000000   -0.01075462  0.00000000    0.28008060  0.00000000
    1    2
 -0.20483672  0.06048035   -0.03600449 -0.03678908    0.03600449  0.03678908
 -0.03600449 -0.03678908   -0.20483672  0.06048035   -0.03600449 -0.03678908
  0.03600449  0.03678908   -0.03600449 -0.03678908   -0.20483672  0.06048035
    2    1
 -0.20483672 -0.06048035   -0.03600449  0.03678908    0.03600449 -0.03678908
 -0.03600449  0.03678908   -0.20483672 -0.06048035   -0.03600449  0.03678908
  0.03600449 -0.03678908   -0.03600449  0.03678908   -0.20483672 -0.06048035
    2    2
  0.28008060  0.00000000   -0.01075462  0.00000000    0.01075462  0.00000000
 -0.01075462  0.00000000    0.28008060  0.00000000   -0.01075462  0.00000000
  0.01075462  0.00000000   -0.01075462  0.00000000    0.28008060  0.00000000

     Dynamical  Matrix in cartesian axes

     q = (    0.250000000   0.250000000   0.250000000 ) 

    1    1
  0.28008060  0.00000000    0.01075462  0.00000000    0.01075462  0.00000000
  0.01075462  0.00000000    0.28008060  0.00000000    0.01075462  0.00000000
  0.01075462  0.00000000    0.01075462  0.00000000    0.28008060  0.00000000
    1    2
 -0.06048035  0.20483672   -0.03678908 -0.03600449   -0.03678908 -0.03600449
 -0.03678908 -0.03600449   -0.06048035  0.20483672   -0.03678908 -0.03600449
 -0.03678908 -0.03600449   -0.03678908 -0.03600449   -0.06048035  0.20483672
    2    1
 -0.06048035 -0.20483672   -0.03678908  0.03600449   -0.03678908  0.03600449
 -0.03678908  0.03600449   -0.06048035 -0.20483672   -0.03678908  0.03600449
 -0.03678908  0.03600449   -0.03678908  0.03600449   -0.06048035 -0.20483672
    2    2
  0.28008060  0.00000000    0.01075462  0.00000000    0.01075462  0.00000000
  0.01075462  0.00000000    0.28008060  0.00000000    0.01075462  0.00000000
  0.01075462  0.00000000    0.01075462  0.00000000    0.28008060  0.00000000

     Dynamical  Matrix in cartesian axes

     q = (   -0.250000000  -0.250000000  -0.250000000 ) 

    1    1
  0.28008060  0.00000000    0.01075462  0.00000000    0.01075462  0.00000000
  0.01075462  0.00000000    0.28008060  0.00000000    0.01075462  0.00000000
  0.01075462  0.00000000    0.01075462  0.00000000    0.28008060  0.00000000
    1    2
 -0.06048035 -0.20483672   -0.03678908  0.03600449   -0.03678908  0.03600449
 -0.03678908  0.03600449   -0.06048035 -0.20483672   -0.03678908  0.03600449
 -0.03678908  0.03600449   -0.03678908  0.03600449   -0.06048035 -0.20483672
    2    1
 -0.06048035  0.20483672   -0.03678908 -0.03600449   -0.03678908 -0.03600449
 -0.03678908 -0.03600449   -0.06048035  0.20483672   -0.03678908 -0.03600449
 -0.03678908 -0.03600449   -0.03678908 -0.03600449   -0.06048035  0.20483672
    2    2
  0.28008060  0.00000000    0.01075462  0.00000000    0.01075462  0.00000000
  0.01075462  0.00000000    0.28008060  0.00000000    0.01075462  0.00000000
  0.01075462  0.00000000    0.01075462  0.00000000    0.28008060  0.00000000

     Dynamical  Matrix in cartesian axes

     q = (   -0.250000000  -0.250000000   0.250000000 ) 

    1    1
  0.28008060  0.00000000    0.01075462  0.00000000   -0.01075462  0.00000000
  0.01075462  0.00000000    0.28008060  0.00000000   -0.01075462  0.00000000
 -0.01075462  0.00000000   -0.01075462  0.00000000    0.28008060  0.00000000
    1    2
 -0.20483672 -0.06048035    0.03600449 -0.03678908   -0.03600449  0.03678908
  0.03600449 -0.03678908   -0.20483672 -0.06048035   -0.03600449  0.03678908
 -0.03600449  0.03678908   -0.03600449  0.03678908   -0.20483672 -0.06048035
    2    1
 -0.20483672  0.06048035    0.03600449  0.03678908   -0.03600449 -0.03678908
  0.03600449  0.03678908   -0.20483672  0.06048035   -0.03600449 -0.03678908
 -0.03600449 -0.03678908   -0.03600449 -0.03678908   -0.20483672  0.06048035
    2    2
  0.28008060  0.00000000    0.01075462  0.00000000   -0.01075462  0.00000000
  0.01075462  0.00000000    0.28008060  0.00000000   -0.01075462  0.00000000
 -0.01075462  0.00000000   -0.01075462  0.00000000    0.28008060  0.00000000

     Dynamical  Matrix in cartesian axes

     q = (   -0.250000000   0.250000000   0.250000000 ) 

    1    1
  0.28008060  0.00000000   -0.01075462  0.00000000   -0.01075462  0.00000000
 -0.01075462  0.00000000    0.28008060  0.00000000    0.01075462  0.00000000
 -0.01075462  0.00000000    0.01075462  0.00000000    0.28008060  0.00000000
    1    2
 -0.20483672  0.06048035   -0.03600449 -0.03678908   -0.03600449 -0.03678908
 -0.03600449 -0.03678908   -0.20483672  0.06048035    0.03600449  0.03678908
 -0.03600449 -0.03678908    0.03600449  0.03678908   -0.20483672  0.06048035
    2    1
 -0.20483672 -0.06048035   -0.03600449  0.03678908   -0.03600449  0.03678908
 -0.03600449  0.03678908   -0.20483672 -0.06048035    0.03600449 -0.03678908
 -0.03600449  0.03678908    0.03600449 -0.03678908   -0.20483672 -0.06048035
    2    2
  0.28008060  0.00000000   -0.01075462  0.00000000   -0.01075462  0.00000000
 -0.01075462  0.00000000    0.28008060  0.00000000    0.01075462  0.00000000
 -0.01075462  0.00000000    0.01075462  0.00000000    0.28008060  0.00000000

     Dynamical  Matrix in cartesian axes

     q = (    0.250000000   0.250000000  -0.250000000 ) 

    1    1
  0.28008060  0.00000000    0.01075462  0.00000000   -0.01075462  0.00000000
  0.01075462  0.00000000    0.28008060  0.00000000   -0.01075462  0.00000000
 -0.01075462  0.00000000   -0.01075462  0.00000000    0.28008060  0.00000000
    1    2
 -0.20483672  0.06048035    0.03600449  0.03678908   -0.03600449 -0.03678908
  0.03600449  0.03678908   -0.20483672  0.06048035   -0.03600449 -0.03678908
 -0.03600449 -0.03678908   -0.03600449 -0.03678908   -0.20483672  0.06048035
    2    1
 -0.20483672 -0.06048035    0.03600449 -0.03678908   -0.03600449  0.03678908
  0.03600449 -0.03678908   -0.20483672 -0.06048035   -0.03600449  0.03678908
 -0.03600449  0.03678908   -0.03600449  0.03678908   -0.20483672 -0.06048035
    2    2
  0.28008060  0.00000000    0.01075462  0.00000000   -0.01075462  0.00000000
  0.01075462  0.00000000    0.28008060  0.00000000   -0.01075462  0.00000000
 -0.01075462  0.00000000   -0.01075462  0.00000000    0.28008060  0.00000000

     Diagonalizing the dynamical matrix

     q = (   -0.250000000   0.250000000  -0.250000000 ) 

 **************************************************************************
     freq (    1) =       3.398787 [THz] =     113.371317 [cm-1]
 (  0.491867  0.216372  0.399605  0.207296 -0.092262 -0.009076 ) 
 (  0.510686  0.167181  0.417979  0.167181 -0.092708  0.000000 ) 
     freq (    2) =       3.398787 [THz] =     113.371317 [cm-1]
 (  0.211046 -0.006569 -0.356075 -0.062356 -0.567121 -0.055787 ) 
 (  0.209389 -0.027198 -0.360469 -0.027198 -0.569858  0.000000 ) 
     freq (    3) =       6.908055 [THz] =     230.427900 [cm-1]
 (  0.287341  0.290003 -0.287341 -0.290003  0.287341  0.290003 ) 
 (  0.408248 -0.000000 -0.408248 -0.000000  0.408248  0.000000 ) 
     freq (    4) =      14.397926 [THz] =     480.263117 [cm-1]
 (  0.287341  0.290003 -0.287341 -0.290003  0.287341  0.290003 ) 
 ( -0.408248  0.000000  0.408248  0.000000 -0.408248  0.000000 ) 
     freq (    5) =      14.703324 [THz] =     490.450083 [cm-1]
 (  0.287246  0.027882 -0.287331 -0.028638 -0.574577 -0.056520 ) 
 ( -0.288596  0.000372  0.288754  0.000372  0.577350  0.000000 ) 
     freq (    6) =      14.703324 [THz] =     490.450083 [cm-1]
 (  0.056096  0.496889  0.055659  0.496846 -0.000437 -0.000043 ) 
 ( -0.104470 -0.489011 -0.104031 -0.489011  0.000439  0.000000 ) 
 **************************************************************************
