Dynamical matrix file
                                                                           
  1    2  2 10.3500000  0.0000000  0.0000000  0.0000000  0.0000000  0.0000000
           1  'Si  '    25598.822984527003     
    1    1      0.0000000000      0.0000000000      0.0000000000
    2    1      0.2500000000      0.2500000000      0.2500000000

     Dynamical  Matrix in cartesian axes

     q = (    0.750000000  -0.250000000   0.750000000 ) 

    1    1
  0.24261858  0.00000000   -0.00468798  0.00739267    0.00141015  0.00000000
 -0.00468798 -0.00739267    0.29825286  0.00000000   -0.00468798 -0.00739267
  0.00141015  0.00000000   -0.00468798  0.00739267    0.24261858  0.00000000
    1    2
 -0.05765656  0.06739382   -0.03576957  0.03982933   -0.04062305 -0.12927135
 -0.03576957  0.03982933   -0.05621007  0.08655934   -0.03576957  0.03982933
 -0.04062305 -0.12927135   -0.03576957  0.03982933   -0.05765656  0.06739382
    2    1
 -0.05765656 -0.06739382   -0.03576957 -0.03982933   -0.04062305  0.12927135
 -0.03576957 -0.03982933   -0.05621007 -0.08655934   -0.03576957 -0.03982933
 -0.04062305  0.12927135   -0.03576957 -0.03982933   -0.05765656 -0.06739382
    2    2
  0.24261858  0.00000000   -0.00468798 -0.00739267    0.00141015  0.00000000
 -0.00468798  0.00739267    0.29825286  0.00000000   -0.00468798  0.00739267
  0.00141015  0.00000000   -0.00468798 -0.00739267    0.24261858  0.00000000

     Dynamical  Matrix in cartesian axes

     q = (    0.750000000  -0.250000000  -0.750000000 ) 

    1    1
  0.24261858  0.00000000   -0.00468798 -0.00739267   -0.00141015  0.00000000
 -0.00468798  0.00739267    0.29825286  0.00000000    0.00468798 -0.00739267
 -0.00141015  0.00000000    0.00468798  0.00739267    0.24261858  0.00000000
    1    2
 -0.06739382  0.05765656   -0.03982933  0.03576957   -0.12927135 -0.04062305
 -0.03982933  0.03576957   -0.08655934  0.05621007    0.03982933 -0.03576957
 -0.12927135 -0.04062305    0.03982933 -0.03576957   -0.06739382  0.05765656
    2    1
 -0.06739382 -0.05765656   -0.03982933 -0.03576957   -0.12927135  0.04062305
 -0.03982933 -0.03576957   -0.08655934 -0.05621007    0.03982933  0.03576957
 -0.12927135  0.04062305    0.03982933  0.03576957   -0.06739382 -0.05765656
    2    2
  0.24261858  0.00000000   -0.00468798  0.00739267   -0.00141015  0.00000000
 -0.00468798 -0.00739267    0.29825286  0.00000000    0.00468798  0.00739267
 -0.00141015  0.00000000    0.00468798 -0.00739267    0.24261858  0.00000000

     Dynamical  Matrix in cartesian axes

     q = (   -0.750000000  -0.250000000  -0.750000000 ) 

    1    1
  0.24261858  0.00000000    0.00468798 -0.00739267    0.00141015  0.00000000
  0.00468798  0.00739267    0.29825286  0.00000000    0.00468798  0.00739267
  0.00141015  0.00000000    0.00468798 -0.00739267    0.24261858  0.00000000
    1    2
  0.06739382  0.05765656   -0.03982933 -0.03576957   -0.12927135  0.04062305
 -0.03982933 -0.03576957    0.08655934  0.05621007   -0.03982933 -0.03576957
 -0.12927135  0.04062305   -0.03982933 -0.03576957    0.06739382  0.05765656
    2    1
  0.06739382 -0.05765656   -0.03982933  0.03576957   -0.12927135 -0.04062305
 -0.03982933  0.03576957    0.08655934 -0.05621007   -0.03982933  0.03576957
 -0.12927135 -0.04062305   -0.03982933  0.03576957    0.06739382 -0.05765656
    2    2
  0.24261858  0.00000000    0.00468798  0.00739267    0.00141015  0.00000000
  0.00468798 -0.00739267    0.29825286  0.00000000    0.00468798 -0.00739267
  0.00141015  0.00000000    0.00468798  0.00739267    0.24261858  0.00000000

     Dynamical  Matrix in cartesian axes

     q = (   -0.750000000  -0.250000000   0.750000000 ) 

    1    1
  0.24261858  0.00000000    0.00468798  0.00739267   -0.00141015  0.00000000
  0.00468798 -0.00739267    0.29825286  0.00000000   -0.00468798  0.00739267
 -0.00141015  0.00000000   -0.00468798 -0.00739267    0.24261858  0.00000000
    1    2
 -0.06739382  0.05765656    0.03982933 -0.03576957   -0.12927135 -0.04062305
  0.03982933 -0.03576957   -0.08655934  0.05621007   -0.03982933  0.03576957
 -0.12927135 -0.04062305   -0.03982933  0.03576957   -0.06739382  0.05765656
    2    1
 -0.06739382 -0.05765656    0.03982933  0.03576957   -0.12927135  0.04062305
  0.03982933  0.03576957   -0.08655934 -0.05621007   -0.03982933 -0.03576957
 -0.12927135  0.04062305   -0.03982933 -0.03576957   -0.06739382 -0.05765656
    2    2
  0.24261858  0.00000000    0.00468798 -0.00739267   -0.00141015  0.00000000
  0.00468798  0.00739267    0.29825286  0.00000000   -0.00468798 -0.00739267
 -0.00141015  0.00000000   -0.00468798  0.00739267    0.24261858  0.00000000

     Dynamical  Matrix in cartesian axes

     q = (   -0.750000000   0.250000000  -0.750000000 ) 

    1    1
  0.24261858  0.00000000   -0.00468798 -0.00739267    0.00141015  0.00000000
 -0.00468798  0.00739267    0.29825286  0.00000000   -0.00468798  0.00739267
  0.00141015  0.00000000   -0.00468798 -0.00739267    0.24261858  0.00000000
    1    2
 -0.05765656 -0.06739382   -0.03576957 -0.03982933   -0.04062305  0.12927135
 -0.03576957 -0.03982933   -0.05621007 -0.08655934   -0.03576957 -0.03982933
 -0.04062305  0.12927135   -0.03576957 -0.03982933   -0.05765656 -0.06739382
    2    1
 -0.05765656  0.06739382   -0.03576957  0.03982933   -0.04062305 -0.12927135
 -0.03576957  0.03982933   -0.05621007  0.08655934   -0.03576957  0.03982933
 -0.04062305 -0.12927135   -0.03576957  0.03982933   -0.05765656  0.06739382
    2    2
  0.24261858  0.00000000   -0.00468798  0.00739267    0.00141015  0.00000000
 -0.00468798 -0.00739267    0.29825286  0.00000000   -0.00468798 -0.00739267
  0.00141015  0.00000000   -0.00468798  0.00739267    0.24261858  0.00000000

     Dynamical  Matrix in cartesian axes

     q = (   -0.250000000   0.750000000  -0.750000000 ) 

    1    1
  0.29825286  0.00000000   -0.00468798  0.00739267    0.00468798 -0.00739267
 -0.00468798 -0.00739267    0.24261858  0.00000000   -0.00141015  0.00000000
  0.00468798  0.00739267   -0.00141015  0.00000000    0.24261858  0.00000000
    1    2
 -0.08655934  0.05621007   -0.03982933  0.03576957    0.03982933 -0.03576957
 -0.03982933  0.03576957   -0.06739382  0.05765656   -0.12927135 -0.04062305
  0.03982933 -0.03576957   -0.12927135 -0.04062305   -0.06739382  0.05765656
    2    1
 -0.08655934 -0.05621007   -0.03982933 -0.03576957    0.03982933  0.03576957
 -0.03982933 -0.03576957   -0.06739382 -0.05765656   -0.12927135  0.04062305
  0.03982933  0.03576957   -0.12927135  0.04062305   -0.06739382 -0.05765656
    2    2
  0.29825286  0.00000000   -0.00468798 -0.00739267    0.00468798  0.00739267
 -0.00468798  0.00739267    0.24261858  0.00000000   -0.00141015  0.00000000
  0.00468798 -0.00739267   -0.00141015  0.00000000    0.24261858  0.00000000

     Dynamical  Matrix in cartesian axes

     q = (   -0.750000000   0.750000000  -0.250000000 ) 

    1    1
  0.24261858  0.00000000   -0.00141015  0.00000000    0.00468798  0.00739267
 -0.00141015  0.00000000    0.24261858  0.00000000   -0.00468798 -0.00739267
  0.00468798 -0.00739267   -0.00468798  0.00739267    0.29825286  0.00000000
    1    2
 -0.06739382  0.05765656   -0.12927135 -0.04062305    0.03982933 -0.03576957
 -0.12927135 -0.04062305   -0.06739382  0.05765656   -0.03982933  0.03576957
  0.03982933 -0.03576957   -0.03982933  0.03576957   -0.08655934  0.05621007
    2    1
 -0.06739382 -0.05765656   -0.12927135  0.04062305    0.03982933  0.03576957
 -0.12927135  0.04062305   -0.06739382 -0.05765656   -0.03982933 -0.03576957
  0.03982933  0.03576957   -0.03982933 -0.03576957   -0.08655934 -0.05621007
    2    2
  0.24261858  0.00000000   -0.00141015  0.00000000    0.00468798 -0.00739267
 -0.00141015  0.00000000    0.24261858  0.00000000   -0.00468798  0.00739267
  0.00468798  0.00739267   -0.00468798 -0.00739267    0.29825286  0.00000000

     Dynamical  Matrix in cartesian axes

     q = (    0.750000000   0.250000000   0.750000000 ) 

    1    1
  0.24261858  0.00000000    0.00468798  0.00739267    0.00141015  0.00000000
  0.00468798 -0.00739267    0.29825286  0.00000000    0.00468798 -0.00739267
  0.00141015  0.00000000    0.00468798  0.00739267    0.24261858  0.00000000
    1    2
  0.06739382 -0.05765656   -0.03982933  0.03576957   -0.12927135 -0.04062305
 -0.03982933  0.03576957    0.08655934 -0.05621007   -0.03982933  0.03576957
 -0.12927135 -0.04062305   -0.03982933  0.03576957    0.06739382 -0.05765656
    2    1
  0.06739382  0.05765656   -0.03982933 -0.03576957   -0.12927135  0.04062305
 -0.03982933 -0.03576957    0.08655934  0.05621007   -0.03982933 -0.03576957
 -0.12927135  0.04062305   -0.03982933 -0.03576957    0.06739382  0.05765656
    2    2
  0.24261858  0.00000000    0.00468798 -0.00739267    0.00141015  0.00000000
  0.00468798  0.00739267    0.29825286  0.00000000    0.00468798  0.00739267
  0.00141015  0.00000000    0.00468798 -0.00739267    0.24261858  0.00000000

     Dynamical  Matrix in cartesian axes

     q = (   -0.750000000   0.250000000   0.750000000 ) 

    1    1
  0.24261858  0.00000000   -0.00468798  0.00739267   -0.00141015  0.00000000
 -0.00468798 -0.00739267    0.29825286  0.00000000    0.00468798  0.00739267
 -0.00141015  0.00000000    0.00468798 -0.00739267    0.24261858  0.00000000
    1    2
 -0.06739382 -0.05765656   -0.03982933 -0.03576957   -0.12927135  0.04062305
 -0.03982933 -0.03576957   -0.08655934 -0.05621007    0.03982933  0.03576957
 -0.12927135  0.04062305    0.03982933  0.03576957   -0.06739382 -0.05765656
    2    1
 -0.06739382  0.05765656   -0.03982933  0.03576957   -0.12927135 -0.04062305
 -0.03982933  0.03576957   -0.08655934  0.05621007    0.03982933 -0.03576957
 -0.12927135 -0.04062305    0.03982933 -0.03576957   -0.06739382  0.05765656
    2    2
  0.24261858  0.00000000   -0.00468798 -0.00739267   -0.00141015  0.00000000
 -0.00468798  0.00739267    0.29825286  0.00000000    0.00468798 -0.00739267
 -0.00141015  0.00000000    0.00468798  0.00739267    0.24261858  0.00000000

     Dynamical  Matrix in cartesian axes

     q = (    0.750000000   0.250000000  -0.750000000 ) 

    1    1
  0.24261858  0.00000000    0.00468798 -0.00739267   -0.00141015  0.00000000
  0.00468798  0.00739267    0.29825286  0.00000000   -0.00468798 -0.00739267
 -0.00141015  0.00000000   -0.00468798  0.00739267    0.24261858  0.00000000
    1    2
 -0.06739382 -0.05765656    0.03982933  0.03576957   -0.12927135  0.04062305
  0.03982933  0.03576957   -0.08655934 -0.05621007   -0.03982933 -0.03576957
 -0.12927135  0.04062305   -0.03982933 -0.03576957   -0.06739382 -0.05765656
    2    1
 -0.06739382  0.05765656    0.03982933 -0.03576957   -0.12927135 -0.04062305
  0.03982933 -0.03576957   -0.08655934  0.05621007   -0.03982933  0.03576957
 -0.12927135 -0.04062305   -0.03982933  0.03576957   -0.06739382  0.05765656
    2    2
  0.24261858  0.00000000    0.00468798  0.00739267   -0.00141015  0.00000000
  0.00468798 -0.00739267    0.29825286  0.00000000   -0.00468798  0.00739267
 -0.00141015  0.00000000   -0.00468798 -0.00739267    0.24261858  0.00000000

     Dynamical  Matrix in cartesian axes

     q = (   -0.750000000   0.750000000   0.250000000 ) 

    1    1
  0.24261858  0.00000000   -0.00141015  0.00000000   -0.00468798  0.00739267
 -0.00141015  0.00000000    0.24261858  0.00000000    0.00468798 -0.00739267
 -0.00468798 -0.00739267    0.00468798  0.00739267    0.29825286  0.00000000
    1    2
 -0.06739382 -0.05765656   -0.12927135  0.04062305   -0.03982933 -0.03576957
 -0.12927135  0.04062305   -0.06739382 -0.05765656    0.03982933  0.03576957
 -0.03982933 -0.03576957    0.03982933  0.03576957   -0.08655934 -0.05621007
    2    1
 -0.06739382  0.05765656   -0.12927135 -0.04062305   -0.03982933  0.03576957
 -0.12927135 -0.04062305   -0.06739382  0.05765656    0.03982933 -0.03576957
 -0.03982933  0.03576957    0.03982933 -0.03576957   -0.08655934  0.05621007
    2    2
  0.24261858  0.00000000   -0.00141015  0.00000000   -0.00468798 -0.00739267
 -0.00141015  0.00000000    0.24261858  0.00000000    0.00468798  0.00739267
 -0.00468798  0.00739267    0.00468798 -0.00739267    0.29825286  0.00000000

     Dynamical  Matrix in cartesian axes

     q = (   -0.250000000   0.750000000   0.750000000 ) 

    1    1
  0.29825286  0.00000000   -0.00468798 -0.00739267   -0.00468798 -0.00739267
 -0.00468798  0.00739267    0.24261858  0.00000000    0.00141015  0.00000000
 -0.00468798  0.00739267    0.00141015  0.00000000    0.24261858  0.00000000
    1    2
 -0.05621007  0.08655934   -0.03576957  0.03982933   -0.03576957  0.03982933
 -0.03576957  0.03982933   -0.05765656  0.06739382   -0.04062305 -0.12927135
 -0.03576957  0.03982933   -0.04062305 -0.12927135   -0.05765656  0.06739382
    2    1
 -0.05621007 -0.08655934   -0.03576957 -0.03982933   -0.03576957 -0.03982933
 -0.03576957 -0.03982933   -0.05765656 -0.06739382   -0.04062305  0.12927135
 -0.03576957 -0.03982933   -0.04062305  0.12927135   -0.05765656 -0.06739382
    2    2
  0.29825286  0.00000000   -0.00468798  0.00739267   -0.00468798  0.00739267
 -0.00468798 -0.00739267    0.24261858  0.00000000    0.00141015  0.00000000
 -0.00468798 -0.00739267    0.00141015  0.00000000    0.24261858  0.00000000

     Dynamical  Matrix in cartesian axes

     q = (    0.250000000   0.750000000  -0.750000000 ) 

    1    1
  0.29825286  0.00000000    0.00468798  0.00739267   -0.00468798 -0.00739267
  0.00468798 -0.00739267    0.24261858  0.00000000   -0.00141015  0.00000000
 -0.00468798  0.00739267   -0.00141015  0.00000000    0.24261858  0.00000000
    1    2
 -0.08655934 -0.05621007    0.03982933  0.03576957   -0.03982933 -0.03576957
  0.03982933  0.03576957   -0.06739382 -0.05765656   -0.12927135  0.04062305
 -0.03982933 -0.03576957   -0.12927135  0.04062305   -0.06739382 -0.05765656
    2    1
 -0.08655934  0.05621007    0.03982933 -0.03576957   -0.03982933  0.03576957
  0.03982933 -0.03576957   -0.06739382  0.05765656   -0.12927135 -0.04062305
 -0.03982933  0.03576957   -0.12927135 -0.04062305   -0.06739382  0.05765656
    2    2
  0.29825286  0.00000000    0.00468798 -0.00739267   -0.00468798  0.00739267
  0.00468798  0.00739267    0.24261858  0.00000000   -0.00141015  0.00000000
 -0.00468798 -0.00739267   -0.00141015  0.00000000    0.24261858  0.00000000

     Dynamical  Matrix in cartesian axes

     q = (   -0.250000000  -0.750000000  -0.750000000 ) 

    1    1
  0.29825286  0.00000000    0.00468798  0.00739267    0.00468798  0.00739267
  0.00468798 -0.00739267    0.24261858  0.00000000    0.00141015  0.00000000
  0.00468798 -0.00739267    0.00141015  0.00000000    0.24261858  0.00000000
    1    2
  0.08655934  0.05621007   -0.03982933 -0.03576957   -0.03982933 -0.03576957
 -0.03982933 -0.03576957    0.06739382  0.05765656   -0.12927135  0.04062305
 -0.03982933 -0.03576957   -0.12927135  0.04062305    0.06739382  0.05765656
    2    1
  0.08655934 -0.05621007   -0.03982933  0.03576957   -0.03982933  0.03576957
 -0.03982933  0.03576957    0.06739382 -0.05765656   -0.12927135 -0.04062305
 -0.03982933  0.03576957   -0.12927135 -0.04062305    0.06739382 -0.05765656
    2    2
  0.29825286  0.00000000    0.00468798 -0.00739267    0.00468798 -0.00739267
  0.00468798  0.00739267    0.24261858  0.00000000    0.00141015  0.00000000
  0.00468798  0.00739267    0.00141015  0.00000000    0.24261858  0.00000000

     Dynamical  Matrix in cartesian axes

     q = (    0.750000000   0.750000000  -0.250000000 ) 

    1    1
  0.24261858  0.00000000    0.00141015  0.00000000   -0.00468798  0.00739267
  0.00141015  0.00000000    0.24261858  0.00000000   -0.00468798  0.00739267
 -0.00468798 -0.00739267   -0.00468798 -0.00739267    0.29825286  0.00000000
    1    2
 -0.05765656  0.06739382   -0.04062305 -0.12927135   -0.03576957  0.03982933
 -0.04062305 -0.12927135   -0.05765656  0.06739382   -0.03576957  0.03982933
 -0.03576957  0.03982933   -0.03576957  0.03982933   -0.05621007  0.08655934
    2    1
 -0.05765656 -0.06739382   -0.04062305  0.12927135   -0.03576957 -0.03982933
 -0.04062305  0.12927135   -0.05765656 -0.06739382   -0.03576957 -0.03982933
 -0.03576957 -0.03982933   -0.03576957 -0.03982933   -0.05621007 -0.08655934
    2    2
  0.24261858  0.00000000    0.00141015  0.00000000   -0.00468798 -0.00739267
  0.00141015  0.00000000    0.24261858  0.00000000   -0.00468798 -0.00739267
 -0.00468798  0.00739267   -0.00468798  0.00739267    0.29825286  0.00000000

     Dynamical  Matrix in cartesian axes

     q = (    0.750000000  -0.750000000   0.250000000 ) 

    1    1
  0.24261858  0.00000000   -0.00141015  0.00000000    0.00468798 -0.00739267
 -0.00141015  0.00000000    0.24261858  0.00000000   -0.00468798  0.00739267
  0.00468798  0.00739267   -0.00468798 -0.00739267    0.29825286  0.00000000
    1    2
 -0.06739382 -0.05765656   -0.12927135  0.04062305    0.03982933  0.03576957
 -0.12927135  0.04062305   -0.06739382 -0.05765656   -0.03982933 -0.03576957
  0.03982933  0.03576957   -0.03982933 -0.03576957   -0.08655934 -0.05621007
    2    1
 -0.06739382  0.05765656   -0.12927135 -0.04062305    0.03982933 -0.03576957
 -0.12927135 -0.04062305   -0.06739382  0.05765656   -0.03982933  0.03576957
  0.03982933 -0.03576957   -0.03982933  0.03576957   -0.08655934  0.05621007
    2    2
  0.24261858  0.00000000   -0.00141015  0.00000000    0.00468798  0.00739267
 -0.00141015  0.00000000    0.24261858  0.00000000   -0.00468798 -0.00739267
  0.00468798 -0.00739267   -0.00468798  0.00739267    0.29825286  0.00000000

     Dynamical  Matrix in cartesian axes

     q = (   -0.750000000  -0.750000000  -0.250000000 ) 

    1    1
  0.24261858  0.00000000    0.00141015  0.00000000    0.00468798 -0.00739267
  0.00141015  0.00000000    0.24261858  0.00000000    0.00468798 -0.00739267
  0.00468798  0.00739267    0.00468798  0.00739267    0.29825286  0.00000000
    1    2
  0.06739382  0.05765656   -0.12927135  0.04062305   -0.03982933 -0.03576957
 -0.12927135  0.04062305    0.06739382  0.05765656   -0.03982933 -0.03576957
 -0.03982933 -0.03576957   -0.03982933 -0.03576957    0.08655934  0.05621007
    2    1
  0.06739382 -0.05765656   -0.12927135 -0.04062305   -0.03982933  0.03576957
 -0.12927135 -0.04062305    0.06739382 -0.05765656   -0.03982933  0.03576957
 -0.03982933  0.03576957   -0.03982933  0.03576957    0.08655934 -0.05621007
    2    2
  0.24261858  0.00000000    0.00141015  0.00000000    0.00468798  0.00739267
  0.00141015  0.00000000    0.24261858  0.00000000    0.00468798  0.00739267
  0.00468798 -0.00739267    0.00468798 -0.00739267    0.29825286  0.00000000

     Dynamical  Matrix in cartesian axes

     q = (    0.250000000  -0.750000000   0.750000000 ) 

    1    1
  0.29825286  0.00000000   -0.00468798 -0.00739267    0.00468798  0.00739267
 -0.00468798  0.00739267    0.24261858  0.00000000   -0.00141015  0.00000000
  0.00468798 -0.00739267   -0.00141015  0.00000000    0.24261858  0.00000000
    1    2
 -0.08655934 -0.05621007   -0.03982933 -0.03576957    0.03982933  0.03576957
 -0.03982933 -0.03576957   -0.06739382 -0.05765656   -0.12927135  0.04062305
  0.03982933  0.03576957   -0.12927135  0.04062305   -0.06739382 -0.05765656
    2    1
 -0.08655934  0.05621007   -0.03982933  0.03576957    0.03982933 -0.03576957
 -0.03982933  0.03576957   -0.06739382  0.05765656   -0.12927135 -0.04062305
  0.03982933 -0.03576957   -0.12927135 -0.04062305   -0.06739382  0.05765656
    2    2
  0.29825286  0.00000000   -0.00468798  0.00739267    0.00468798 -0.00739267
 -0.00468798 -0.00739267    0.24261858  0.00000000   -0.00141015  0.00000000
  0.00468798  0.00739267   -0.00141015  0.00000000    0.24261858  0.00000000

     Dynamical  Matrix in cartesian axes

     q = (   -0.750000000  -0.750000000   0.250000000 ) 

    1    1
  0.24261858  0.00000000    0.00141015  0.00000000   -0.00468798 -0.00739267
  0.00141015  0.00000000    0.24261858  0.00000000   -0.00468798 -0.00739267
 -0.00468798  0.00739267   -0.00468798  0.00739267    0.29825286  0.00000000
    1    2
 -0.05765656 -0.06739382   -0.04062305  0.12927135   -0.03576957 -0.03982933
 -0.04062305  0.12927135   -0.05765656 -0.06739382   -0.03576957 -0.03982933
 -0.03576957 -0.03982933   -0.03576957 -0.03982933   -0.05621007 -0.08655934
    2    1
 -0.05765656  0.06739382   -0.04062305 -0.12927135   -0.03576957  0.03982933
 -0.04062305 -0.12927135   -0.05765656  0.06739382   -0.03576957  0.03982933
 -0.03576957  0.03982933   -0.03576957  0.03982933   -0.05621007  0.08655934
    2    2
  0.24261858  0.00000000    0.00141015  0.00000000   -0.00468798  0.00739267
  0.00141015  0.00000000    0.24261858  0.00000000   -0.00468798  0.00739267
 -0.00468798 -0.00739267   -0.00468798 -0.00739267    0.29825286  0.00000000

     Dynamical  Matrix in cartesian axes

     q = (    0.250000000   0.750000000   0.750000000 ) 

    1    1
  0.29825286  0.00000000    0.00468798 -0.00739267    0.00468798 -0.00739267
  0.00468798  0.00739267    0.24261858  0.00000000    0.00141015  0.00000000
  0.00468798  0.00739267    0.00141015  0.00000000    0.24261858  0.00000000
    1    2
  0.08655934 -0.05621007   -0.03982933  0.03576957   -0.03982933  0.03576957
 -0.03982933  0.03576957    0.06739382 -0.05765656   -0.12927135 -0.04062305
 -0.03982933  0.03576957   -0.12927135 -0.04062305    0.06739382 -0.05765656
    2    1
  0.08655934  0.05621007   -0.03982933 -0.03576957   -0.03982933 -0.03576957
 -0.03982933 -0.03576957    0.06739382  0.05765656   -0.12927135  0.04062305
 -0.03982933 -0.03576957   -0.12927135  0.04062305    0.06739382  0.05765656
    2    2
  0.29825286  0.00000000    0.00468798  0.00739267    0.00468798  0.00739267
  0.00468798 -0.00739267    0.24261858  0.00000000    0.00141015  0.00000000
  0.00468798 -0.00739267    0.00141015  0.00000000    0.24261858  0.00000000

     Dynamical  Matrix in cartesian axes

     q = (   -0.250000000  -0.750000000   0.750000000 ) 

    1    1
  0.29825286  0.00000000    0.00468798 -0.00739267   -0.00468798  0.00739267
  0.00468798  0.00739267    0.24261858  0.00000000   -0.00141015  0.00000000
 -0.00468798 -0.00739267   -0.00141015  0.00000000    0.24261858  0.00000000
    1    2
 -0.08655934  0.05621007    0.03982933 -0.03576957   -0.03982933  0.03576957
  0.03982933 -0.03576957   -0.06739382  0.05765656   -0.12927135 -0.04062305
 -0.03982933  0.03576957   -0.12927135 -0.04062305   -0.06739382  0.05765656
    2    1
 -0.08655934 -0.05621007    0.03982933  0.03576957   -0.03982933 -0.03576957
  0.03982933  0.03576957   -0.06739382 -0.05765656   -0.12927135  0.04062305
 -0.03982933 -0.03576957   -0.12927135  0.04062305   -0.06739382 -0.05765656
    2    2
  0.29825286  0.00000000    0.00468798  0.00739267   -0.00468798 -0.00739267
  0.00468798 -0.00739267    0.24261858  0.00000000   -0.00141015  0.00000000
 -0.00468798  0.00739267   -0.00141015  0.00000000    0.24261858  0.00000000

     Dynamical  Matrix in cartesian axes

     q = (    0.750000000   0.750000000   0.250000000 ) 

    1    1
  0.24261858  0.00000000    0.00141015  0.00000000    0.00468798  0.00739267
  0.00141015  0.00000000    0.24261858  0.00000000    0.00468798  0.00739267
  0.00468798 -0.00739267    0.00468798 -0.00739267    0.29825286  0.00000000
    1    2
  0.06739382 -0.05765656   -0.12927135 -0.04062305   -0.03982933  0.03576957
 -0.12927135 -0.04062305    0.06739382 -0.05765656   -0.03982933  0.03576957
 -0.03982933  0.03576957   -0.03982933  0.03576957    0.08655934 -0.05621007
    2    1
  0.06739382  0.05765656   -0.12927135  0.04062305   -0.03982933 -0.03576957
 -0.12927135  0.04062305    0.06739382  0.05765656   -0.03982933 -0.03576957
 -0.03982933 -0.03576957   -0.03982933 -0.03576957    0.08655934  0.05621007
    2    2
  0.24261858  0.00000000    0.00141015  0.00000000    0.00468798 -0.00739267
  0.00141015  0.00000000    0.24261858  0.00000000    0.00468798 -0.00739267
  0.00468798  0.00739267    0.00468798  0.00739267    0.29825286  0.00000000

     Dynamical  Matrix in cartesian axes

     q = (    0.250000000  -0.750000000  -0.750000000 ) 

    1    1
  0.29825286  0.00000000   -0.00468798  0.00739267   -0.00468798  0.00739267
 -0.00468798 -0.00739267    0.24261858  0.00000000    0.00141015  0.00000000
 -0.00468798 -0.00739267    0.00141015  0.00000000    0.24261858  0.00000000
    1    2
 -0.05621007 -0.08655934   -0.03576957 -0.03982933   -0.03576957 -0.03982933
 -0.03576957 -0.03982933   -0.05765656 -0.06739382   -0.04062305  0.12927135
 -0.03576957 -0.03982933   -0.04062305  0.12927135   -0.05765656 -0.06739382
    2    1
 -0.05621007  0.08655934   -0.03576957  0.03982933   -0.03576957  0.03982933
 -0.03576957  0.03982933   -0.05765656  0.06739382   -0.04062305 -0.12927135
 -0.03576957  0.03982933   -0.04062305 -0.12927135   -0.05765656  0.06739382
    2    2
  0.29825286  0.00000000   -0.00468798 -0.00739267   -0.00468798 -0.00739267
 -0.00468798  0.00739267    0.24261858  0.00000000    0.00141015  0.00000000
 -0.00468798  0.00739267    0.00141015  0.00000000    0.24261858  0.00000000

     Dynamical  Matrix in cartesian axes

     q = (    0.750000000  -0.750000000  -0.250000000 ) 

    1    1
  0.24261858  0.00000000   -0.00141015  0.00000000   -0.00468798 -0.00739267
 -0.00141015  0.00000000    0.24261858  0.00000000    0.00468798  0.00739267
 -0.00468798  0.00739267    0.00468798 -0.00739267    0.29825286  0.00000000
    1    2
 -0.06739382  0.05765656   -0.12927135 -0.04062305   -0.03982933  0.03576957
 -0.12927135 -0.04062305   -0.06739382  0.05765656    0.03982933 -0.03576957
 -0.03982933  0.03576957    0.03982933 -0.03576957   -0.08655934  0.05621007
    2    1
 -0.06739382 -0.05765656   -0.12927135  0.04062305   -0.03982933 -0.03576957
 -0.12927135  0.04062305   -0.06739382 -0.05765656    0.03982933  0.03576957
 -0.03982933 -0.03576957    0.03982933  0.03576957   -0.08655934 -0.05621007
    2    2
  0.24261858  0.00000000   -0.00141015  0.00000000   -0.00468798  0.00739267
 -0.00141015  0.00000000    0.24261858  0.00000000    0.00468798 -0.00739267
 -0.00468798 -0.00739267    0.00468798  0.00739267    0.29825286  0.00000000

     Diagonalizing the dynamical matrix

     q = (    0.750000000  -0.250000000   0.750000000 ) 

 **************************************************************************
     freq (    1) =       4.303648 [THz] =     143.554243 [cm-1]
 ( -0.043144  0.498135 -0.000000  0.000000  0.043144 -0.498135 ) 
 ( -0.500000  0.000000 -0.000000 -0.000000  0.500000  0.000000 ) 
     freq (    2) =       6.140260 [THz] =     204.817043 [cm-1]
 ( -0.400589 -0.144410 -0.332959  0.162745 -0.400589 -0.144410 ) 
 ( -0.425824  0.000000 -0.258036 -0.266017 -0.425824  0.000000 ) 
     freq (    3) =       9.338919 [THz] =     311.512813 [cm-1]
 ( -0.078967  0.295686 -0.436755 -0.349160 -0.078967  0.295686 ) 
 (  0.306049  0.000000 -0.224646 -0.512057  0.306049  0.000000 ) 
     freq (    4) =      11.909526 [THz] =     397.259018 [cm-1]
 ( -0.164520 -0.323291  0.400340  0.276695 -0.164520 -0.323291 ) 
 (  0.362745  0.000000 -0.428171 -0.231304  0.362745  0.000000 ) 
     freq (    5) =      13.617715 [THz] =     454.238072 [cm-1]
 ( -0.043144  0.498135 -0.000000 -0.000000  0.043144 -0.498135 ) 
 (  0.500000  0.000000 -0.000000  0.000000 -0.500000  0.000000 ) 
     freq (    6) =      13.848939 [THz] =     461.950891 [cm-1]
 (  0.283766  0.113579  0.501664 -0.247965  0.283766  0.113579 ) 
 ( -0.305653 -0.000000 -0.373600 -0.416625 -0.305653  0.000000 ) 
 **************************************************************************
