Dynamical matrix file
                                                                           
  1    2  2 10.4600000  0.0000000  0.0000000  0.0000000  0.0000000  0.0000000
           1  'Si  '    25598.822984527003     
    1    1      0.0000000000      0.0000000000      0.0000000000
    2    1      0.2500000000      0.2500000000      0.2500000000

     Dynamical  Matrix in cartesian axes

     q = (    0.750000000  -0.250000000   0.750000000 ) 

    1    1
  0.24236635 -0.00000000   -0.00433170  0.00730159    0.00113186 -0.00000000
 -0.00433170 -0.00730159    0.29556389  0.00000000   -0.00433170 -0.00730159
  0.00113186 -0.00000000   -0.00433170  0.00730159    0.24236635 -0.00000000
    1    2
 -0.04661546  0.08023741   -0.02971194  0.03428631   -0.03605986 -0.11344570
 -0.02971194  0.03428631   -0.04532927  0.09929182   -0.02971194  0.03428631
 -0.03605986 -0.11344570   -0.02971194  0.03428631   -0.04661546  0.08023741
    2    1
 -0.04661546 -0.08023741   -0.02971194 -0.03428631   -0.03605986  0.11344570
 -0.02971194 -0.03428631   -0.04532927 -0.09929182   -0.02971194 -0.03428631
 -0.03605986  0.11344570   -0.02971194 -0.03428631   -0.04661546 -0.08023741
    2    2
  0.24236635  0.00000000   -0.00433170 -0.00730159    0.00113186  0.00000000
 -0.00433170  0.00730159    0.29556389 -0.00000000   -0.00433170  0.00730159
  0.00113186  0.00000000   -0.00433170 -0.00730159    0.24236635  0.00000000

     Dynamical  Matrix in cartesian axes

     q = (    0.750000000  -0.250000000  -0.750000000 ) 

    1    1
  0.24236635  0.00000000   -0.00433170 -0.00730159   -0.00113186 -0.00000000
 -0.00433170  0.00730159    0.29556389  0.00000000    0.00433170 -0.00730159
 -0.00113186 -0.00000000    0.00433170  0.00730159    0.24236635  0.00000000
    1    2
 -0.08023741  0.04661546   -0.03428631  0.02971194   -0.11344570 -0.03605986
 -0.03428631  0.02971194   -0.09929182  0.04532927    0.03428631 -0.02971194
 -0.11344570 -0.03605986    0.03428631 -0.02971194   -0.08023741  0.04661546
    2    1
 -0.08023741 -0.04661546   -0.03428631 -0.02971194   -0.11344570  0.03605986
 -0.03428631 -0.02971194   -0.09929182 -0.04532927    0.03428631  0.02971194
 -0.11344570  0.03605986    0.03428631  0.02971194   -0.08023741 -0.04661546
    2    2
  0.24236635 -0.00000000   -0.00433170  0.00730159   -0.00113186  0.00000000
 -0.00433170 -0.00730159    0.29556389  0.00000000    0.00433170  0.00730159
 -0.00113186  0.00000000    0.00433170 -0.00730159    0.24236635 -0.00000000

     Dynamical  Matrix in cartesian axes

     q = (   -0.750000000  -0.250000000  -0.750000000 ) 

    1    1
  0.24236635 -0.00000000    0.00433170 -0.00730159    0.00113186 -0.00000000
  0.00433170  0.00730159    0.29556389  0.00000000    0.00433170  0.00730159
  0.00113186 -0.00000000    0.00433170 -0.00730159    0.24236635 -0.00000000
    1    2
  0.08023741  0.04661546   -0.03428631 -0.02971194   -0.11344570  0.03605986
 -0.03428631 -0.02971194    0.09929182  0.04532927   -0.03428631 -0.02971194
 -0.11344570  0.03605986   -0.03428631 -0.02971194    0.08023741  0.04661546
    2    1
  0.08023741 -0.04661546   -0.03428631  0.02971194   -0.11344570 -0.03605986
 -0.03428631  0.02971194    0.09929182 -0.04532927   -0.03428631  0.02971194
 -0.11344570 -0.03605986   -0.03428631  0.02971194    0.08023741 -0.04661546
    2    2
  0.24236635  0.00000000    0.00433170  0.00730159    0.00113186  0.00000000
  0.00433170 -0.00730159    0.29556389 -0.00000000    0.00433170 -0.00730159
  0.00113186  0.00000000    0.00433170  0.00730159    0.24236635  0.00000000

     Dynamical  Matrix in cartesian axes

     q = (   -0.750000000  -0.250000000   0.750000000 ) 

    1    1
  0.24236635  0.00000000    0.00433170  0.00730159   -0.00113186 -0.00000000
  0.00433170 -0.00730159    0.29556389 -0.00000000   -0.00433170  0.00730159
 -0.00113186 -0.00000000   -0.00433170 -0.00730159    0.24236635  0.00000000
    1    2
 -0.08023741  0.04661546    0.03428631 -0.02971194   -0.11344570 -0.03605986
  0.03428631 -0.02971194   -0.09929182  0.04532927   -0.03428631  0.02971194
 -0.11344570 -0.03605986   -0.03428631  0.02971194   -0.08023741  0.04661546
    2    1
 -0.08023741 -0.04661546    0.03428631  0.02971194   -0.11344570  0.03605986
  0.03428631  0.02971194   -0.09929182 -0.04532927   -0.03428631 -0.02971194
 -0.11344570  0.03605986   -0.03428631 -0.02971194   -0.08023741 -0.04661546
    2    2
  0.24236635 -0.00000000    0.00433170 -0.00730159   -0.00113186  0.00000000
  0.00433170  0.00730159    0.29556389  0.00000000   -0.00433170 -0.00730159
 -0.00113186  0.00000000   -0.00433170  0.00730159    0.24236635 -0.00000000

     Dynamical  Matrix in cartesian axes

     q = (   -0.750000000   0.250000000  -0.750000000 ) 

    1    1
  0.24236635  0.00000000   -0.00433170 -0.00730159    0.00113186  0.00000000
 -0.00433170  0.00730159    0.29556389 -0.00000000   -0.00433170  0.00730159
  0.00113186  0.00000000   -0.00433170 -0.00730159    0.24236635  0.00000000
    1    2
 -0.04661546 -0.08023741   -0.02971194 -0.03428631   -0.03605986  0.11344570
 -0.02971194 -0.03428631   -0.04532927 -0.09929182   -0.02971194 -0.03428631
 -0.03605986  0.11344570   -0.02971194 -0.03428631   -0.04661546 -0.08023741
    2    1
 -0.04661546  0.08023741   -0.02971194  0.03428631   -0.03605986 -0.11344570
 -0.02971194  0.03428631   -0.04532927  0.09929182   -0.02971194  0.03428631
 -0.03605986 -0.11344570   -0.02971194  0.03428631   -0.04661546  0.08023741
    2    2
  0.24236635 -0.00000000   -0.00433170  0.00730159    0.00113186 -0.00000000
 -0.00433170 -0.00730159    0.29556389  0.00000000   -0.00433170 -0.00730159
  0.00113186 -0.00000000   -0.00433170  0.00730159    0.24236635 -0.00000000

     Dynamical  Matrix in cartesian axes

     q = (   -0.250000000   0.750000000  -0.750000000 ) 

    1    1
  0.29556389 -0.00000000   -0.00433170  0.00730159    0.00433170 -0.00730159
 -0.00433170 -0.00730159    0.24236635  0.00000000   -0.00113186 -0.00000000
  0.00433170  0.00730159   -0.00113186 -0.00000000    0.24236635  0.00000000
    1    2
 -0.09929182  0.04532927   -0.03428631  0.02971194    0.03428631 -0.02971194
 -0.03428631  0.02971194   -0.08023741  0.04661546   -0.11344570 -0.03605986
  0.03428631 -0.02971194   -0.11344570 -0.03605986   -0.08023741  0.04661546
    2    1
 -0.09929182 -0.04532927   -0.03428631 -0.02971194    0.03428631  0.02971194
 -0.03428631 -0.02971194   -0.08023741 -0.04661546   -0.11344570  0.03605986
  0.03428631  0.02971194   -0.11344570  0.03605986   -0.08023741 -0.04661546
    2    2
  0.29556389  0.00000000   -0.00433170 -0.00730159    0.00433170  0.00730159
 -0.00433170  0.00730159    0.24236635 -0.00000000   -0.00113186  0.00000000
  0.00433170 -0.00730159   -0.00113186  0.00000000    0.24236635 -0.00000000

     Dynamical  Matrix in cartesian axes

     q = (   -0.750000000   0.750000000  -0.250000000 ) 

    1    1
  0.24236635  0.00000000   -0.00113186 -0.00000000    0.00433170  0.00730159
 -0.00113186 -0.00000000    0.24236635  0.00000000   -0.00433170 -0.00730159
  0.00433170 -0.00730159   -0.00433170  0.00730159    0.29556389 -0.00000000
    1    2
 -0.08023741  0.04661546   -0.11344570 -0.03605986    0.03428631 -0.02971194
 -0.11344570 -0.03605986   -0.08023741  0.04661546   -0.03428631  0.02971194
  0.03428631 -0.02971194   -0.03428631  0.02971194   -0.09929182  0.04532927
    2    1
 -0.08023741 -0.04661546   -0.11344570  0.03605986    0.03428631  0.02971194
 -0.11344570  0.03605986   -0.08023741 -0.04661546   -0.03428631 -0.02971194
  0.03428631  0.02971194   -0.03428631 -0.02971194   -0.09929182 -0.04532927
    2    2
  0.24236635 -0.00000000   -0.00113186  0.00000000    0.00433170 -0.00730159
 -0.00113186  0.00000000    0.24236635 -0.00000000   -0.00433170  0.00730159
  0.00433170  0.00730159   -0.00433170 -0.00730159    0.29556389  0.00000000

     Dynamical  Matrix in cartesian axes

     q = (    0.750000000   0.250000000   0.750000000 ) 

    1    1
  0.24236635  0.00000000    0.00433170  0.00730159    0.00113186  0.00000000
  0.00433170 -0.00730159    0.29556389 -0.00000000    0.00433170 -0.00730159
  0.00113186  0.00000000    0.00433170  0.00730159    0.24236635  0.00000000
    1    2
  0.08023741 -0.04661546   -0.03428631  0.02971194   -0.11344570 -0.03605986
 -0.03428631  0.02971194    0.09929182 -0.04532927   -0.03428631  0.02971194
 -0.11344570 -0.03605986   -0.03428631  0.02971194    0.08023741 -0.04661546
    2    1
  0.08023741  0.04661546   -0.03428631 -0.02971194   -0.11344570  0.03605986
 -0.03428631 -0.02971194    0.09929182  0.04532927   -0.03428631 -0.02971194
 -0.11344570  0.03605986   -0.03428631 -0.02971194    0.08023741  0.04661546
    2    2
  0.24236635 -0.00000000    0.00433170 -0.00730159    0.00113186 -0.00000000
  0.00433170  0.00730159    0.29556389  0.00000000    0.00433170  0.00730159
  0.00113186 -0.00000000    0.00433170 -0.00730159    0.24236635 -0.00000000

     Dynamical  Matrix in cartesian axes

     q = (   -0.750000000   0.250000000   0.750000000 ) 

    1    1
  0.24236635 -0.00000000   -0.00433170  0.00730159   -0.00113186  0.00000000
 -0.00433170 -0.00730159    0.29556389  0.00000000    0.00433170  0.00730159
 -0.00113186  0.00000000    0.00433170 -0.00730159    0.24236635 -0.00000000
    1    2
 -0.08023741 -0.04661546   -0.03428631 -0.02971194   -0.11344570  0.03605986
 -0.03428631 -0.02971194   -0.09929182 -0.04532927    0.03428631  0.02971194
 -0.11344570  0.03605986    0.03428631  0.02971194   -0.08023741 -0.04661546
    2    1
 -0.08023741  0.04661546   -0.03428631  0.02971194   -0.11344570 -0.03605986
 -0.03428631  0.02971194   -0.09929182  0.04532927    0.03428631 -0.02971194
 -0.11344570 -0.03605986    0.03428631 -0.02971194   -0.08023741  0.04661546
    2    2
  0.24236635  0.00000000   -0.00433170 -0.00730159   -0.00113186 -0.00000000
 -0.00433170  0.00730159    0.29556389  0.00000000    0.00433170 -0.00730159
 -0.00113186 -0.00000000    0.00433170  0.00730159    0.24236635  0.00000000

     Dynamical  Matrix in cartesian axes

     q = (    0.750000000   0.250000000  -0.750000000 ) 

    1    1
  0.24236635 -0.00000000    0.00433170 -0.00730159   -0.00113186  0.00000000
  0.00433170  0.00730159    0.29556389  0.00000000   -0.00433170 -0.00730159
 -0.00113186  0.00000000   -0.00433170  0.00730159    0.24236635 -0.00000000
    1    2
 -0.08023741 -0.04661546    0.03428631  0.02971194   -0.11344570  0.03605986
  0.03428631  0.02971194   -0.09929182 -0.04532927   -0.03428631 -0.02971194
 -0.11344570  0.03605986   -0.03428631 -0.02971194   -0.08023741 -0.04661546
    2    1
 -0.08023741  0.04661546    0.03428631 -0.02971194   -0.11344570 -0.03605986
  0.03428631 -0.02971194   -0.09929182  0.04532927   -0.03428631  0.02971194
 -0.11344570 -0.03605986   -0.03428631  0.02971194   -0.08023741  0.04661546
    2    2
  0.24236635  0.00000000    0.00433170  0.00730159   -0.00113186 -0.00000000
  0.00433170 -0.00730159    0.29556389 -0.00000000   -0.00433170  0.00730159
 -0.00113186 -0.00000000   -0.00433170 -0.00730159    0.24236635  0.00000000

     Dynamical  Matrix in cartesian axes

     q = (   -0.750000000   0.750000000   0.250000000 ) 

    1    1
  0.24236635 -0.00000000   -0.00113186  0.00000000   -0.00433170  0.00730159
 -0.00113186  0.00000000    0.24236635 -0.00000000    0.00433170 -0.00730159
 -0.00433170 -0.00730159    0.00433170  0.00730159    0.29556389  0.00000000
    1    2
 -0.08023741 -0.04661546   -0.11344570  0.03605986   -0.03428631 -0.02971194
 -0.11344570  0.03605986   -0.08023741 -0.04661546    0.03428631  0.02971194
 -0.03428631 -0.02971194    0.03428631  0.02971194   -0.09929182 -0.04532927
    2    1
 -0.08023741  0.04661546   -0.11344570 -0.03605986   -0.03428631  0.02971194
 -0.11344570 -0.03605986   -0.08023741  0.04661546    0.03428631 -0.02971194
 -0.03428631  0.02971194    0.03428631 -0.02971194   -0.09929182  0.04532927
    2    2
  0.24236635  0.00000000   -0.00113186 -0.00000000   -0.00433170 -0.00730159
 -0.00113186 -0.00000000    0.24236635  0.00000000    0.00433170  0.00730159
 -0.00433170  0.00730159    0.00433170 -0.00730159    0.29556389 -0.00000000

     Dynamical  Matrix in cartesian axes

     q = (   -0.250000000   0.750000000   0.750000000 ) 

    1    1
  0.29556389  0.00000000   -0.00433170 -0.00730159   -0.00433170 -0.00730159
 -0.00433170  0.00730159    0.24236635 -0.00000000    0.00113186  0.00000000
 -0.00433170  0.00730159    0.00113186 -0.00000000    0.24236635 -0.00000000
    1    2
 -0.04532927  0.09929182   -0.02971194  0.03428631   -0.02971194  0.03428631
 -0.02971194  0.03428631   -0.04661546  0.08023741   -0.03605986 -0.11344570
 -0.02971194  0.03428631   -0.03605986 -0.11344570   -0.04661546  0.08023741
    2    1
 -0.04532927 -0.09929182   -0.02971194 -0.03428631   -0.02971194 -0.03428631
 -0.02971194 -0.03428631   -0.04661546 -0.08023741   -0.03605986  0.11344570
 -0.02971194 -0.03428631   -0.03605986  0.11344570   -0.04661546 -0.08023741
    2    2
  0.29556389 -0.00000000   -0.00433170  0.00730159   -0.00433170  0.00730159
 -0.00433170 -0.00730159    0.24236635  0.00000000    0.00113186 -0.00000000
 -0.00433170 -0.00730159    0.00113186  0.00000000    0.24236635  0.00000000

     Dynamical  Matrix in cartesian axes

     q = (    0.250000000   0.750000000  -0.750000000 ) 

    1    1
  0.29556389  0.00000000    0.00433170  0.00730159   -0.00433170 -0.00730159
  0.00433170 -0.00730159    0.24236635 -0.00000000   -0.00113186  0.00000000
 -0.00433170  0.00730159   -0.00113186  0.00000000    0.24236635 -0.00000000
    1    2
 -0.09929182 -0.04532927    0.03428631  0.02971194   -0.03428631 -0.02971194
  0.03428631  0.02971194   -0.08023741 -0.04661546   -0.11344570  0.03605986
 -0.03428631 -0.02971194   -0.11344570  0.03605986   -0.08023741 -0.04661546
    2    1
 -0.09929182  0.04532927    0.03428631 -0.02971194   -0.03428631  0.02971194
  0.03428631 -0.02971194   -0.08023741  0.04661546   -0.11344570 -0.03605986
 -0.03428631  0.02971194   -0.11344570 -0.03605986   -0.08023741  0.04661546
    2    2
  0.29556389 -0.00000000    0.00433170 -0.00730159   -0.00433170  0.00730159
  0.00433170  0.00730159    0.24236635  0.00000000   -0.00113186 -0.00000000
 -0.00433170 -0.00730159   -0.00113186 -0.00000000    0.24236635  0.00000000

     Dynamical  Matrix in cartesian axes

     q = (   -0.250000000  -0.750000000  -0.750000000 ) 

    1    1
  0.29556389  0.00000000    0.00433170  0.00730159    0.00433170  0.00730159
  0.00433170 -0.00730159    0.24236635 -0.00000000    0.00113186 -0.00000000
  0.00433170 -0.00730159    0.00113186  0.00000000    0.24236635 -0.00000000
    1    2
  0.09929182  0.04532927   -0.03428631 -0.02971194   -0.03428631 -0.02971194
 -0.03428631 -0.02971194    0.08023741  0.04661546   -0.11344570  0.03605986
 -0.03428631 -0.02971194   -0.11344570  0.03605986    0.08023741  0.04661546
    2    1
  0.09929182 -0.04532927   -0.03428631  0.02971194   -0.03428631  0.02971194
 -0.03428631  0.02971194    0.08023741 -0.04661546   -0.11344570 -0.03605986
 -0.03428631  0.02971194   -0.11344570 -0.03605986    0.08023741 -0.04661546
    2    2
  0.29556389 -0.00000000    0.00433170 -0.00730159    0.00433170 -0.00730159
  0.00433170  0.00730159    0.24236635  0.00000000    0.00113186  0.00000000
  0.00433170  0.00730159    0.00113186 -0.00000000    0.24236635  0.00000000

     Dynamical  Matrix in cartesian axes

     q = (    0.750000000   0.750000000  -0.250000000 ) 

    1    1
  0.24236635 -0.00000000    0.00113186 -0.00000000   -0.00433170  0.00730159
  0.00113186 -0.00000000    0.24236635 -0.00000000   -0.00433170  0.00730159
 -0.00433170 -0.00730159   -0.00433170 -0.00730159    0.29556389  0.00000000
    1    2
 -0.04661546  0.08023741   -0.03605986 -0.11344570   -0.02971194  0.03428631
 -0.03605986 -0.11344570   -0.04661546  0.08023741   -0.02971194  0.03428631
 -0.02971194  0.03428631   -0.02971194  0.03428631   -0.04532927  0.09929182
    2    1
 -0.04661546 -0.08023741   -0.03605986  0.11344570   -0.02971194 -0.03428631
 -0.03605986  0.11344570   -0.04661546 -0.08023741   -0.02971194 -0.03428631
 -0.02971194 -0.03428631   -0.02971194 -0.03428631   -0.04532927 -0.09929182
    2    2
  0.24236635  0.00000000    0.00113186  0.00000000   -0.00433170 -0.00730159
  0.00113186  0.00000000    0.24236635  0.00000000   -0.00433170 -0.00730159
 -0.00433170  0.00730159   -0.00433170  0.00730159    0.29556389 -0.00000000

     Dynamical  Matrix in cartesian axes

     q = (    0.750000000  -0.750000000   0.250000000 ) 

    1    1
  0.24236635 -0.00000000   -0.00113186  0.00000000    0.00433170 -0.00730159
 -0.00113186  0.00000000    0.24236635 -0.00000000   -0.00433170  0.00730159
  0.00433170  0.00730159   -0.00433170 -0.00730159    0.29556389  0.00000000
    1    2
 -0.08023741 -0.04661546   -0.11344570  0.03605986    0.03428631  0.02971194
 -0.11344570  0.03605986   -0.08023741 -0.04661546   -0.03428631 -0.02971194
  0.03428631  0.02971194   -0.03428631 -0.02971194   -0.09929182 -0.04532927
    2    1
 -0.08023741  0.04661546   -0.11344570 -0.03605986    0.03428631 -0.02971194
 -0.11344570 -0.03605986   -0.08023741  0.04661546   -0.03428631  0.02971194
  0.03428631 -0.02971194   -0.03428631  0.02971194   -0.09929182  0.04532927
    2    2
  0.24236635  0.00000000   -0.00113186 -0.00000000    0.00433170  0.00730159
 -0.00113186 -0.00000000    0.24236635  0.00000000   -0.00433170 -0.00730159
  0.00433170 -0.00730159   -0.00433170  0.00730159    0.29556389 -0.00000000

     Dynamical  Matrix in cartesian axes

     q = (   -0.750000000  -0.750000000  -0.250000000 ) 

    1    1
  0.24236635 -0.00000000    0.00113186 -0.00000000    0.00433170 -0.00730159
  0.00113186 -0.00000000    0.24236635 -0.00000000    0.00433170 -0.00730159
  0.00433170  0.00730159    0.00433170  0.00730159    0.29556389  0.00000000
    1    2
  0.08023741  0.04661546   -0.11344570  0.03605986   -0.03428631 -0.02971194
 -0.11344570  0.03605986    0.08023741  0.04661546   -0.03428631 -0.02971194
 -0.03428631 -0.02971194   -0.03428631 -0.02971194    0.09929182  0.04532927
    2    1
  0.08023741 -0.04661546   -0.11344570 -0.03605986   -0.03428631  0.02971194
 -0.11344570 -0.03605986    0.08023741 -0.04661546   -0.03428631  0.02971194
 -0.03428631  0.02971194   -0.03428631  0.02971194    0.09929182 -0.04532927
    2    2
  0.24236635  0.00000000    0.00113186  0.00000000    0.00433170  0.00730159
  0.00113186  0.00000000    0.24236635  0.00000000    0.00433170  0.00730159
  0.00433170 -0.00730159    0.00433170 -0.00730159    0.29556389 -0.00000000

     Dynamical  Matrix in cartesian axes

     q = (    0.250000000  -0.750000000   0.750000000 ) 

    1    1
  0.29556389  0.00000000   -0.00433170 -0.00730159    0.00433170  0.00730159
 -0.00433170  0.00730159    0.24236635 -0.00000000   -0.00113186  0.00000000
  0.00433170 -0.00730159   -0.00113186  0.00000000    0.24236635 -0.00000000
    1    2
 -0.09929182 -0.04532927   -0.03428631 -0.02971194    0.03428631  0.02971194
 -0.03428631 -0.02971194   -0.08023741 -0.04661546   -0.11344570  0.03605986
  0.03428631  0.02971194   -0.11344570  0.03605986   -0.08023741 -0.04661546
    2    1
 -0.09929182  0.04532927   -0.03428631  0.02971194    0.03428631 -0.02971194
 -0.03428631  0.02971194   -0.08023741  0.04661546   -0.11344570 -0.03605986
  0.03428631 -0.02971194   -0.11344570 -0.03605986   -0.08023741  0.04661546
    2    2
  0.29556389 -0.00000000   -0.00433170  0.00730159    0.00433170 -0.00730159
 -0.00433170 -0.00730159    0.24236635  0.00000000   -0.00113186 -0.00000000
  0.00433170  0.00730159   -0.00113186 -0.00000000    0.24236635  0.00000000

     Dynamical  Matrix in cartesian axes

     q = (   -0.750000000  -0.750000000   0.250000000 ) 

    1    1
  0.24236635  0.00000000    0.00113186  0.00000000   -0.00433170 -0.00730159
  0.00113186  0.00000000    0.24236635  0.00000000   -0.00433170 -0.00730159
 -0.00433170  0.00730159   -0.00433170  0.00730159    0.29556389 -0.00000000
    1    2
 -0.04661546 -0.08023741   -0.03605986  0.11344570   -0.02971194 -0.03428631
 -0.03605986  0.11344570   -0.04661546 -0.08023741   -0.02971194 -0.03428631
 -0.02971194 -0.03428631   -0.02971194 -0.03428631   -0.04532927 -0.09929182
    2    1
 -0.04661546  0.08023741   -0.03605986 -0.11344570   -0.02971194  0.03428631
 -0.03605986 -0.11344570   -0.04661546  0.08023741   -0.02971194  0.03428631
 -0.02971194  0.03428631   -0.02971194  0.03428631   -0.04532927  0.09929182
    2    2
  0.24236635 -0.00000000    0.00113186 -0.00000000   -0.00433170  0.00730159
  0.00113186 -0.00000000    0.24236635 -0.00000000   -0.00433170  0.00730159
 -0.00433170 -0.00730159   -0.00433170 -0.00730159    0.29556389  0.00000000

     Dynamical  Matrix in cartesian axes

     q = (    0.250000000   0.750000000   0.750000000 ) 

    1    1
  0.29556389 -0.00000000    0.00433170 -0.00730159    0.00433170 -0.00730159
  0.00433170  0.00730159    0.24236635  0.00000000    0.00113186  0.00000000
  0.00433170  0.00730159    0.00113186 -0.00000000    0.24236635  0.00000000
    1    2
  0.09929182 -0.04532927   -0.03428631  0.02971194   -0.03428631  0.02971194
 -0.03428631  0.02971194    0.08023741 -0.04661546   -0.11344570 -0.03605986
 -0.03428631  0.02971194   -0.11344570 -0.03605986    0.08023741 -0.04661546
    2    1
  0.09929182  0.04532927   -0.03428631 -0.02971194   -0.03428631 -0.02971194
 -0.03428631 -0.02971194    0.08023741  0.04661546   -0.11344570  0.03605986
 -0.03428631 -0.02971194   -0.11344570  0.03605986    0.08023741  0.04661546
    2    2
  0.29556389  0.00000000    0.00433170  0.00730159    0.00433170  0.00730159
  0.00433170 -0.00730159    0.24236635 -0.00000000    0.00113186 -0.00000000
  0.00433170 -0.00730159    0.00113186  0.00000000    0.24236635 -0.00000000

     Dynamical  Matrix in cartesian axes

     q = (   -0.250000000  -0.750000000   0.750000000 ) 

    1    1
  0.29556389 -0.00000000    0.00433170 -0.00730159   -0.00433170  0.00730159
  0.00433170  0.00730159    0.24236635  0.00000000   -0.00113186 -0.00000000
 -0.00433170 -0.00730159   -0.00113186 -0.00000000    0.24236635  0.00000000
    1    2
 -0.09929182  0.04532927    0.03428631 -0.02971194   -0.03428631  0.02971194
  0.03428631 -0.02971194   -0.08023741  0.04661546   -0.11344570 -0.03605986
 -0.03428631  0.02971194   -0.11344570 -0.03605986   -0.08023741  0.04661546
    2    1
 -0.09929182 -0.04532927    0.03428631  0.02971194   -0.03428631 -0.02971194
  0.03428631  0.02971194   -0.08023741 -0.04661546   -0.11344570  0.03605986
 -0.03428631 -0.02971194   -0.11344570  0.03605986   -0.08023741 -0.04661546
    2    2
  0.29556389  0.00000000    0.00433170  0.00730159   -0.00433170 -0.00730159
  0.00433170 -0.00730159    0.24236635 -0.00000000   -0.00113186  0.00000000
 -0.00433170  0.00730159   -0.00113186  0.00000000    0.24236635 -0.00000000

     Dynamical  Matrix in cartesian axes

     q = (    0.750000000   0.750000000   0.250000000 ) 

    1    1
  0.24236635  0.00000000    0.00113186  0.00000000    0.00433170  0.00730159
  0.00113186  0.00000000    0.24236635  0.00000000    0.00433170  0.00730159
  0.00433170 -0.00730159    0.00433170 -0.00730159    0.29556389 -0.00000000
    1    2
  0.08023741 -0.04661546   -0.11344570 -0.03605986   -0.03428631  0.02971194
 -0.11344570 -0.03605986    0.08023741 -0.04661546   -0.03428631  0.02971194
 -0.03428631  0.02971194   -0.03428631  0.02971194    0.09929182 -0.04532927
    2    1
  0.08023741  0.04661546   -0.11344570  0.03605986   -0.03428631 -0.02971194
 -0.11344570  0.03605986    0.08023741  0.04661546   -0.03428631 -0.02971194
 -0.03428631 -0.02971194   -0.03428631 -0.02971194    0.09929182  0.04532927
    2    2
  0.24236635 -0.00000000    0.00113186 -0.00000000    0.00433170 -0.00730159
  0.00113186 -0.00000000    0.24236635 -0.00000000    0.00433170 -0.00730159
  0.00433170  0.00730159    0.00433170  0.00730159    0.29556389  0.00000000

     Dynamical  Matrix in cartesian axes

     q = (    0.250000000  -0.750000000  -0.750000000 ) 

    1    1
  0.29556389 -0.00000000   -0.00433170  0.00730159   -0.00433170  0.00730159
 -0.00433170 -0.00730159    0.24236635  0.00000000    0.00113186 -0.00000000
 -0.00433170 -0.00730159    0.00113186  0.00000000    0.24236635  0.00000000
    1    2
 -0.04532927 -0.09929182   -0.02971194 -0.03428631   -0.02971194 -0.03428631
 -0.02971194 -0.03428631   -0.04661546 -0.08023741   -0.03605986  0.11344570
 -0.02971194 -0.03428631   -0.03605986  0.11344570   -0.04661546 -0.08023741
    2    1
 -0.04532927  0.09929182   -0.02971194  0.03428631   -0.02971194  0.03428631
 -0.02971194  0.03428631   -0.04661546  0.08023741   -0.03605986 -0.11344570
 -0.02971194  0.03428631   -0.03605986 -0.11344570   -0.04661546  0.08023741
    2    2
  0.29556389  0.00000000   -0.00433170 -0.00730159   -0.00433170 -0.00730159
 -0.00433170  0.00730159    0.24236635 -0.00000000    0.00113186  0.00000000
 -0.00433170  0.00730159    0.00113186 -0.00000000    0.24236635 -0.00000000

     Dynamical  Matrix in cartesian axes

     q = (    0.750000000  -0.750000000  -0.250000000 ) 

    1    1
  0.24236635  0.00000000   -0.00113186 -0.00000000   -0.00433170 -0.00730159
 -0.00113186 -0.00000000    0.24236635  0.00000000    0.00433170  0.00730159
 -0.00433170  0.00730159    0.00433170 -0.00730159    0.29556389 -0.00000000
    1    2
 -0.08023741  0.04661546   -0.11344570 -0.03605986   -0.03428631  0.02971194
 -0.11344570 -0.03605986   -0.08023741  0.04661546    0.03428631 -0.02971194
 -0.03428631  0.02971194    0.03428631 -0.02971194   -0.09929182  0.04532927
    2    1
 -0.08023741 -0.04661546   -0.11344570  0.03605986   -0.03428631 -0.02971194
 -0.11344570  0.03605986   -0.08023741 -0.04661546    0.03428631  0.02971194
 -0.03428631 -0.02971194    0.03428631  0.02971194   -0.09929182 -0.04532927
    2    2
  0.24236635 -0.00000000   -0.00113186  0.00000000   -0.00433170  0.00730159
 -0.00113186  0.00000000    0.24236635 -0.00000000    0.00433170 -0.00730159
 -0.00433170 -0.00730159    0.00433170  0.00730159    0.29556389  0.00000000

     Diagonalizing the dynamical matrix

     q = (    0.750000000  -0.250000000   0.750000000 ) 

 **************************************************************************
     freq (    1) =       4.470233 [THz] =     149.110914 [cm-1]
 (  0.027209 -0.499259  0.000000 -0.000000 -0.027209  0.499259 ) 
 (  0.500000 -0.000000  0.000000 -0.000000 -0.500000  0.000000 ) 
     freq (    2) =       6.842978 [THz] =     228.257193 [cm-1]
 ( -0.390808 -0.041965 -0.370677  0.231549 -0.390808 -0.041965 ) 
 ( -0.393055  0.000000 -0.343836 -0.269801 -0.393055  0.000000 ) 
     freq (    3) =       9.505976 [THz] =     317.085240 [cm-1]
 (  0.068328  0.335907 -0.486646 -0.167842  0.068328  0.335907 ) 
 (  0.342786  0.000000 -0.261477 -0.443424  0.342786  0.000000 ) 
     freq (    4) =      11.506188 [THz] =     383.805135 [cm-1]
 ( -0.283402 -0.289610  0.377796  0.169967 -0.283402 -0.289610 ) 
 (  0.405204  0.000000 -0.385713 -0.151144  0.405204  0.000000 ) 
     freq (    5) =      13.564756 [THz] =     452.471555 [cm-1]
 ( -0.027209  0.499259  0.000000 -0.000000  0.027209 -0.499259 ) 
 (  0.500000  0.000000 -0.000000 -0.000000 -0.500000  0.000000 ) 
     freq (    6) =      13.647104 [THz] =     455.218398 [cm-1]
 ( -0.246203 -0.056559 -0.522395  0.315395 -0.246203 -0.056559 ) 
 (  0.252616  0.000000  0.438518  0.424349  0.252616  0.000000 ) 
 **************************************************************************
