Dynamical matrix file
                                                                           
  1    2  2 10.4600000  0.0000000  0.0000000  0.0000000  0.0000000  0.0000000
           1  'Si  '    25598.822984527003     
    1    1      0.0000000000      0.0000000000      0.0000000000
    2    1      0.2500000000      0.2500000000      0.2500000000

     Dynamical  Matrix in cartesian axes

     q = (   -0.250000000   0.250000000  -0.250000000 ) 

    1    1
  0.27962197  0.00000000   -0.01028271  0.00000000    0.01028271  0.00000000
 -0.01028271  0.00000000    0.27962197  0.00000000   -0.01028271  0.00000000
  0.01028271  0.00000000   -0.01028271  0.00000000    0.27962197  0.00000000
    1    2
 -0.20982753 -0.06375852   -0.03056150  0.03127113    0.03056150 -0.03127113
 -0.03056150  0.03127113   -0.20982753 -0.06375852   -0.03056150  0.03127113
  0.03056150 -0.03127113   -0.03056150  0.03127113   -0.20982753 -0.06375852
    2    1
 -0.20982753  0.06375852   -0.03056150 -0.03127113    0.03056150  0.03127113
 -0.03056150 -0.03127113   -0.20982753  0.06375852   -0.03056150 -0.03127113
  0.03056150  0.03127113   -0.03056150 -0.03127113   -0.20982753  0.06375852
    2    2
  0.27962197  0.00000000   -0.01028271  0.00000000    0.01028271  0.00000000
 -0.01028271  0.00000000    0.27962197  0.00000000   -0.01028271  0.00000000
  0.01028271  0.00000000   -0.01028271  0.00000000    0.27962197  0.00000000

     Dynamical  Matrix in cartesian axes

     q = (    0.250000000  -0.250000000  -0.250000000 ) 

    1    1
  0.27962197  0.00000000   -0.01028271  0.00000000   -0.01028271  0.00000000
 -0.01028271  0.00000000    0.27962197  0.00000000    0.01028271  0.00000000
 -0.01028271  0.00000000    0.01028271  0.00000000    0.27962197  0.00000000
    1    2
 -0.20982753 -0.06375852   -0.03056150  0.03127113   -0.03056150  0.03127113
 -0.03056150  0.03127113   -0.20982753 -0.06375852    0.03056150 -0.03127113
 -0.03056150  0.03127113    0.03056150 -0.03127113   -0.20982753 -0.06375852
    2    1
 -0.20982753  0.06375852   -0.03056150 -0.03127113   -0.03056150 -0.03127113
 -0.03056150 -0.03127113   -0.20982753  0.06375852    0.03056150  0.03127113
 -0.03056150 -0.03127113    0.03056150  0.03127113   -0.20982753  0.06375852
    2    2
  0.27962197  0.00000000   -0.01028271  0.00000000   -0.01028271  0.00000000
 -0.01028271  0.00000000    0.27962197  0.00000000    0.01028271  0.00000000
 -0.01028271  0.00000000    0.01028271  0.00000000    0.27962197  0.00000000

     Dynamical  Matrix in cartesian axes

     q = (    0.250000000  -0.250000000   0.250000000 ) 

    1    1
  0.27962197  0.00000000   -0.01028271  0.00000000    0.01028271  0.00000000
 -0.01028271  0.00000000    0.27962197  0.00000000   -0.01028271  0.00000000
  0.01028271  0.00000000   -0.01028271  0.00000000    0.27962197  0.00000000
    1    2
 -0.20982753  0.06375852   -0.03056150 -0.03127113    0.03056150  0.03127113
 -0.03056150 -0.03127113   -0.20982753  0.06375852   -0.03056150 -0.03127113
  0.03056150  0.03127113   -0.03056150 -0.03127113   -0.20982753  0.06375852
    2    1
 -0.20982753 -0.06375852   -0.03056150  0.03127113    0.03056150 -0.03127113
 -0.03056150  0.03127113   -0.20982753 -0.06375852   -0.03056150  0.03127113
  0.03056150 -0.03127113   -0.03056150  0.03127113   -0.20982753 -0.06375852
    2    2
  0.27962197  0.00000000   -0.01028271  0.00000000    0.01028271  0.00000000
 -0.01028271  0.00000000    0.27962197  0.00000000   -0.01028271  0.00000000
  0.01028271  0.00000000   -0.01028271  0.00000000    0.27962197  0.00000000

     Dynamical  Matrix in cartesian axes

     q = (    0.250000000   0.250000000   0.250000000 ) 

    1    1
  0.27962197  0.00000000    0.01028271  0.00000000    0.01028271  0.00000000
  0.01028271  0.00000000    0.27962197  0.00000000    0.01028271  0.00000000
  0.01028271  0.00000000    0.01028271  0.00000000    0.27962197  0.00000000
    1    2
 -0.06375852  0.20982753   -0.03127113 -0.03056150   -0.03127113 -0.03056150
 -0.03127113 -0.03056150   -0.06375852  0.20982753   -0.03127113 -0.03056150
 -0.03127113 -0.03056150   -0.03127113 -0.03056150   -0.06375852  0.20982753
    2    1
 -0.06375852 -0.20982753   -0.03127113  0.03056150   -0.03127113  0.03056150
 -0.03127113  0.03056150   -0.06375852 -0.20982753   -0.03127113  0.03056150
 -0.03127113  0.03056150   -0.03127113  0.03056150   -0.06375852 -0.20982753
    2    2
  0.27962197  0.00000000    0.01028271  0.00000000    0.01028271  0.00000000
  0.01028271  0.00000000    0.27962197  0.00000000    0.01028271  0.00000000
  0.01028271  0.00000000    0.01028271  0.00000000    0.27962197  0.00000000

     Dynamical  Matrix in cartesian axes

     q = (   -0.250000000  -0.250000000  -0.250000000 ) 

    1    1
  0.27962197  0.00000000    0.01028271  0.00000000    0.01028271  0.00000000
  0.01028271  0.00000000    0.27962197  0.00000000    0.01028271  0.00000000
  0.01028271  0.00000000    0.01028271  0.00000000    0.27962197  0.00000000
    1    2
 -0.06375852 -0.20982753   -0.03127113  0.03056150   -0.03127113  0.03056150
 -0.03127113  0.03056150   -0.06375852 -0.20982753   -0.03127113  0.03056150
 -0.03127113  0.03056150   -0.03127113  0.03056150   -0.06375852 -0.20982753
    2    1
 -0.06375852  0.20982753   -0.03127113 -0.03056150   -0.03127113 -0.03056150
 -0.03127113 -0.03056150   -0.06375852  0.20982753   -0.03127113 -0.03056150
 -0.03127113 -0.03056150   -0.03127113 -0.03056150   -0.06375852  0.20982753
    2    2
  0.27962197  0.00000000    0.01028271  0.00000000    0.01028271  0.00000000
  0.01028271  0.00000000    0.27962197  0.00000000    0.01028271  0.00000000
  0.01028271  0.00000000    0.01028271  0.00000000    0.27962197  0.00000000

     Dynamical  Matrix in cartesian axes

     q = (   -0.250000000  -0.250000000   0.250000000 ) 

    1    1
  0.27962197  0.00000000    0.01028271  0.00000000   -0.01028271  0.00000000
  0.01028271  0.00000000    0.27962197  0.00000000   -0.01028271  0.00000000
 -0.01028271  0.00000000   -0.01028271  0.00000000    0.27962197  0.00000000
    1    2
 -0.20982753 -0.06375852    0.03056150 -0.03127113   -0.03056150  0.03127113
  0.03056150 -0.03127113   -0.20982753 -0.06375852   -0.03056150  0.03127113
 -0.03056150  0.03127113   -0.03056150  0.03127113   -0.20982753 -0.06375852
    2    1
 -0.20982753  0.06375852    0.03056150  0.03127113   -0.03056150 -0.03127113
  0.03056150  0.03127113   -0.20982753  0.06375852   -0.03056150 -0.03127113
 -0.03056150 -0.03127113   -0.03056150 -0.03127113   -0.20982753  0.06375852
    2    2
  0.27962197  0.00000000    0.01028271  0.00000000   -0.01028271  0.00000000
  0.01028271  0.00000000    0.27962197  0.00000000   -0.01028271  0.00000000
 -0.01028271  0.00000000   -0.01028271  0.00000000    0.27962197  0.00000000

     Dynamical  Matrix in cartesian axes

     q = (   -0.250000000   0.250000000   0.250000000 ) 

    1    1
  0.27962197  0.00000000   -0.01028271  0.00000000   -0.01028271  0.00000000
 -0.01028271  0.00000000    0.27962197  0.00000000    0.01028271  0.00000000
 -0.01028271  0.00000000    0.01028271  0.00000000    0.27962197  0.00000000
    1    2
 -0.20982753  0.06375852   -0.03056150 -0.03127113   -0.03056150 -0.03127113
 -0.03056150 -0.03127113   -0.20982753  0.06375852    0.03056150  0.03127113
 -0.03056150 -0.03127113    0.03056150  0.03127113   -0.20982753  0.06375852
    2    1
 -0.20982753 -0.06375852   -0.03056150  0.03127113   -0.03056150  0.03127113
 -0.03056150  0.03127113   -0.20982753 -0.06375852    0.03056150 -0.03127113
 -0.03056150  0.03127113    0.03056150 -0.03127113   -0.20982753 -0.06375852
    2    2
  0.27962197  0.00000000   -0.01028271  0.00000000   -0.01028271  0.00000000
 -0.01028271  0.00000000    0.27962197  0.00000000    0.01028271  0.00000000
 -0.01028271  0.00000000    0.01028271  0.00000000    0.27962197  0.00000000

     Dynamical  Matrix in cartesian axes

     q = (    0.250000000   0.250000000  -0.250000000 ) 

    1    1
  0.27962197  0.00000000    0.01028271  0.00000000   -0.01028271  0.00000000
  0.01028271  0.00000000    0.27962197  0.00000000   -0.01028271  0.00000000
 -0.01028271  0.00000000   -0.01028271  0.00000000    0.27962197  0.00000000
    1    2
 -0.20982753  0.06375852    0.03056150  0.03127113   -0.03056150 -0.03127113
  0.03056150  0.03127113   -0.20982753  0.06375852   -0.03056150 -0.03127113
 -0.03056150 -0.03127113   -0.03056150 -0.03127113   -0.20982753  0.06375852
    2    1
 -0.20982753 -0.06375852    0.03056150 -0.03127113   -0.03056150  0.03127113
  0.03056150 -0.03127113   -0.20982753 -0.06375852   -0.03056150  0.03127113
 -0.03056150  0.03127113   -0.03056150  0.03127113   -0.20982753 -0.06375852
    2    2
  0.27962197  0.00000000    0.01028271  0.00000000   -0.01028271  0.00000000
  0.01028271  0.00000000    0.27962197  0.00000000   -0.01028271  0.00000000
 -0.01028271  0.00000000   -0.01028271  0.00000000    0.27962197  0.00000000

     Diagonalizing the dynamical matrix

     q = (   -0.250000000   0.250000000  -0.250000000 ) 

 **************************************************************************
     freq (    1) =       3.363938 [THz] =     112.208879 [cm-1]
 ( -0.072111 -0.058798  0.455625  0.012523  0.527736  0.071321 ) 
 ( -0.079336 -0.048610  0.453198 -0.048610  0.532533 -0.000000 ) 
     freq (    2) =       3.363938 [THz] =     112.208879 [cm-1]
 ( -0.568376  0.040311 -0.347357  0.070181  0.221019  0.029870 ) 
 ( -0.557857  0.116069 -0.334829  0.116069  0.223028  0.000000 ) 
     freq (    3) =       6.665543 [THz] =     222.338566 [cm-1]
 (  0.311162  0.264282 -0.311162 -0.264282  0.311162  0.264282 ) 
 (  0.408248  0.000000 -0.408248  0.000000  0.408248  0.000000 ) 
     freq (    4) =      14.470872 [THz] =     482.696327 [cm-1]
 (  0.311162  0.264282 -0.311162 -0.264282  0.311162  0.264282 ) 
 ( -0.408248  0.000000  0.408248  0.000000 -0.408248  0.000000 ) 
     freq (    5) =      14.711718 [THz] =     490.730076 [cm-1]
 ( -0.286156 -0.037636  0.285992  0.039687  0.572148  0.077323 ) 
 (  0.288618 -0.001027 -0.288731 -0.001027 -0.577349  0.000000 ) 
     freq (    6) =      14.711718 [THz] =     490.730076 [cm-1]
 ( -0.039287  0.498486 -0.040465  0.498327 -0.001177 -0.000159 ) 
 ( -0.027828 -0.499257 -0.026640 -0.499257  0.001188  0.000000 ) 
 **************************************************************************
