Dynamical matrix file
                                                                           
  1    2  2 10.3950000  0.0000000  0.0000000  0.0000000  0.0000000  0.0000000
           1  'Si  '    25598.822984527003     
    1    1      0.0000000000      0.0000000000      0.0000000000
    2    1      0.2500000000      0.2500000000      0.2500000000

     Dynamical  Matrix in cartesian axes

     q = (   -0.250000000   0.250000000  -0.250000000 ) 

    1    1
  0.28909995  0.00000000   -0.01042204  0.00000000    0.01042204  0.00000000
 -0.01042204  0.00000000    0.28909995  0.00000000   -0.01042204  0.00000000
  0.01042204  0.00000000   -0.01042204  0.00000000    0.28909995  0.00000000
    1    2
 -0.21564310 -0.06540460   -0.03359135  0.03435056    0.03359135 -0.03435056
 -0.03359135  0.03435056   -0.21564310 -0.06540460   -0.03359135  0.03435056
  0.03359135 -0.03435056   -0.03359135  0.03435056   -0.21564310 -0.06540460
    2    1
 -0.21564310  0.06540460   -0.03359135 -0.03435056    0.03359135  0.03435056
 -0.03359135 -0.03435056   -0.21564310  0.06540460   -0.03359135 -0.03435056
  0.03359135  0.03435056   -0.03359135 -0.03435056   -0.21564310  0.06540460
    2    2
  0.28909995  0.00000000   -0.01042204  0.00000000    0.01042204  0.00000000
 -0.01042204  0.00000000    0.28909995  0.00000000   -0.01042204  0.00000000
  0.01042204  0.00000000   -0.01042204  0.00000000    0.28909995  0.00000000

     Dynamical  Matrix in cartesian axes

     q = (    0.250000000  -0.250000000  -0.250000000 ) 

    1    1
  0.28909995  0.00000000   -0.01042204  0.00000000   -0.01042204  0.00000000
 -0.01042204  0.00000000    0.28909995  0.00000000    0.01042204  0.00000000
 -0.01042204  0.00000000    0.01042204  0.00000000    0.28909995  0.00000000
    1    2
 -0.21564310 -0.06540460   -0.03359135  0.03435056   -0.03359135  0.03435056
 -0.03359135  0.03435056   -0.21564310 -0.06540460    0.03359135 -0.03435056
 -0.03359135  0.03435056    0.03359135 -0.03435056   -0.21564310 -0.06540460
    2    1
 -0.21564310  0.06540460   -0.03359135 -0.03435056   -0.03359135 -0.03435056
 -0.03359135 -0.03435056   -0.21564310  0.06540460    0.03359135  0.03435056
 -0.03359135 -0.03435056    0.03359135  0.03435056   -0.21564310  0.06540460
    2    2
  0.28909995  0.00000000   -0.01042204  0.00000000   -0.01042204  0.00000000
 -0.01042204  0.00000000    0.28909995  0.00000000    0.01042204  0.00000000
 -0.01042204  0.00000000    0.01042204  0.00000000    0.28909995  0.00000000

     Dynamical  Matrix in cartesian axes

     q = (    0.250000000  -0.250000000   0.250000000 ) 

    1    1
  0.28909995  0.00000000   -0.01042204  0.00000000    0.01042204  0.00000000
 -0.01042204  0.00000000    0.28909995  0.00000000   -0.01042204  0.00000000
  0.01042204  0.00000000   -0.01042204  0.00000000    0.28909995  0.00000000
    1    2
 -0.21564310  0.06540460   -0.03359135 -0.03435056    0.03359135  0.03435056
 -0.03359135 -0.03435056   -0.21564310  0.06540460   -0.03359135 -0.03435056
  0.03359135  0.03435056   -0.03359135 -0.03435056   -0.21564310  0.06540460
    2    1
 -0.21564310 -0.06540460   -0.03359135  0.03435056    0.03359135 -0.03435056
 -0.03359135  0.03435056   -0.21564310 -0.06540460   -0.03359135  0.03435056
  0.03359135 -0.03435056   -0.03359135  0.03435056   -0.21564310 -0.06540460
    2    2
  0.28909995  0.00000000   -0.01042204  0.00000000    0.01042204  0.00000000
 -0.01042204  0.00000000    0.28909995  0.00000000   -0.01042204  0.00000000
  0.01042204  0.00000000   -0.01042204  0.00000000    0.28909995  0.00000000

     Dynamical  Matrix in cartesian axes

     q = (    0.250000000   0.250000000   0.250000000 ) 

    1    1
  0.28909995  0.00000000    0.01042204  0.00000000    0.01042204  0.00000000
  0.01042204  0.00000000    0.28909995  0.00000000    0.01042204  0.00000000
  0.01042204  0.00000000    0.01042204  0.00000000    0.28909995  0.00000000
    1    2
 -0.06540460  0.21564310   -0.03435056 -0.03359135   -0.03435056 -0.03359135
 -0.03435056 -0.03359135   -0.06540460  0.21564310   -0.03435056 -0.03359135
 -0.03435056 -0.03359135   -0.03435056 -0.03359135   -0.06540460  0.21564310
    2    1
 -0.06540460 -0.21564310   -0.03435056  0.03359135   -0.03435056  0.03359135
 -0.03435056  0.03359135   -0.06540460 -0.21564310   -0.03435056  0.03359135
 -0.03435056  0.03359135   -0.03435056  0.03359135   -0.06540460 -0.21564310
    2    2
  0.28909995  0.00000000    0.01042204  0.00000000    0.01042204  0.00000000
  0.01042204  0.00000000    0.28909995  0.00000000    0.01042204  0.00000000
  0.01042204  0.00000000    0.01042204  0.00000000    0.28909995  0.00000000

     Dynamical  Matrix in cartesian axes

     q = (   -0.250000000  -0.250000000  -0.250000000 ) 

    1    1
  0.28909995  0.00000000    0.01042204  0.00000000    0.01042204  0.00000000
  0.01042204  0.00000000    0.28909995  0.00000000    0.01042204  0.00000000
  0.01042204  0.00000000    0.01042204  0.00000000    0.28909995  0.00000000
    1    2
 -0.06540460 -0.21564310   -0.03435056  0.03359135   -0.03435056  0.03359135
 -0.03435056  0.03359135   -0.06540460 -0.21564310   -0.03435056  0.03359135
 -0.03435056  0.03359135   -0.03435056  0.03359135   -0.06540460 -0.21564310
    2    1
 -0.06540460  0.21564310   -0.03435056 -0.03359135   -0.03435056 -0.03359135
 -0.03435056 -0.03359135   -0.06540460  0.21564310   -0.03435056 -0.03359135
 -0.03435056 -0.03359135   -0.03435056 -0.03359135   -0.06540460  0.21564310
    2    2
  0.28909995  0.00000000    0.01042204  0.00000000    0.01042204  0.00000000
  0.01042204  0.00000000    0.28909995  0.00000000    0.01042204  0.00000000
  0.01042204  0.00000000    0.01042204  0.00000000    0.28909995  0.00000000

     Dynamical  Matrix in cartesian axes

     q = (   -0.250000000  -0.250000000   0.250000000 ) 

    1    1
  0.28909995  0.00000000    0.01042204  0.00000000   -0.01042204  0.00000000
  0.01042204  0.00000000    0.28909995  0.00000000   -0.01042204  0.00000000
 -0.01042204  0.00000000   -0.01042204  0.00000000    0.28909995  0.00000000
    1    2
 -0.21564310 -0.06540460    0.03359135 -0.03435056   -0.03359135  0.03435056
  0.03359135 -0.03435056   -0.21564310 -0.06540460   -0.03359135  0.03435056
 -0.03359135  0.03435056   -0.03359135  0.03435056   -0.21564310 -0.06540460
    2    1
 -0.21564310  0.06540460    0.03359135  0.03435056   -0.03359135 -0.03435056
  0.03359135  0.03435056   -0.21564310  0.06540460   -0.03359135 -0.03435056
 -0.03359135 -0.03435056   -0.03359135 -0.03435056   -0.21564310  0.06540460
    2    2
  0.28909995  0.00000000    0.01042204  0.00000000   -0.01042204  0.00000000
  0.01042204  0.00000000    0.28909995  0.00000000   -0.01042204  0.00000000
 -0.01042204  0.00000000   -0.01042204  0.00000000    0.28909995  0.00000000

     Dynamical  Matrix in cartesian axes

     q = (   -0.250000000   0.250000000   0.250000000 ) 

    1    1
  0.28909995  0.00000000   -0.01042204  0.00000000   -0.01042204  0.00000000
 -0.01042204  0.00000000    0.28909995  0.00000000    0.01042204  0.00000000
 -0.01042204  0.00000000    0.01042204  0.00000000    0.28909995  0.00000000
    1    2
 -0.21564310  0.06540460   -0.03359135 -0.03435056   -0.03359135 -0.03435056
 -0.03359135 -0.03435056   -0.21564310  0.06540460    0.03359135  0.03435056
 -0.03359135 -0.03435056    0.03359135  0.03435056   -0.21564310  0.06540460
    2    1
 -0.21564310 -0.06540460   -0.03359135  0.03435056   -0.03359135  0.03435056
 -0.03359135  0.03435056   -0.21564310 -0.06540460    0.03359135 -0.03435056
 -0.03359135  0.03435056    0.03359135 -0.03435056   -0.21564310 -0.06540460
    2    2
  0.28909995  0.00000000   -0.01042204  0.00000000   -0.01042204  0.00000000
 -0.01042204  0.00000000    0.28909995  0.00000000    0.01042204  0.00000000
 -0.01042204  0.00000000    0.01042204  0.00000000    0.28909995  0.00000000

     Dynamical  Matrix in cartesian axes

     q = (    0.250000000   0.250000000  -0.250000000 ) 

    1    1
  0.28909995  0.00000000    0.01042204  0.00000000   -0.01042204  0.00000000
  0.01042204  0.00000000    0.28909995  0.00000000   -0.01042204  0.00000000
 -0.01042204  0.00000000   -0.01042204  0.00000000    0.28909995  0.00000000
    1    2
 -0.21564310  0.06540460    0.03359135  0.03435056   -0.03359135 -0.03435056
  0.03359135  0.03435056   -0.21564310  0.06540460   -0.03359135 -0.03435056
 -0.03359135 -0.03435056   -0.03359135 -0.03435056   -0.21564310  0.06540460
    2    1
 -0.21564310 -0.06540460    0.03359135 -0.03435056   -0.03359135  0.03435056
  0.03359135 -0.03435056   -0.21564310 -0.06540460   -0.03359135  0.03435056
 -0.03359135  0.03435056   -0.03359135  0.03435056   -0.21564310 -0.06540460
    2    2
  0.28909995  0.00000000    0.01042204  0.00000000   -0.01042204  0.00000000
  0.01042204  0.00000000    0.28909995  0.00000000   -0.01042204  0.00000000
 -0.01042204  0.00000000   -0.01042204  0.00000000    0.28909995  0.00000000

     Diagonalizing the dynamical matrix

     q = (   -0.250000000   0.250000000  -0.250000000 ) 

 **************************************************************************
     freq (    1) =       3.410828 [THz] =     113.772992 [cm-1]
 ( -0.337199 -0.039846  0.232554  0.031144  0.569753  0.070990 ) 
 ( -0.339538  0.002151  0.234620  0.002151  0.574158 -0.000000 ) 
     freq (    2) =       3.410828 [THz] =     113.772992 [cm-1]
 (  0.465445  0.037462  0.525605  0.044958  0.060160  0.007496 ) 
 (  0.466505 -0.020374  0.527131 -0.020374  0.060626  0.000000 ) 
     freq (    3) =       6.815978 [THz] =     227.356561 [cm-1]
 (  0.302949  0.273657 -0.302949 -0.273657  0.302949  0.273657 ) 
 (  0.408248  0.000000 -0.408248  0.000000  0.408248  0.000000 ) 
     freq (    4) =      14.684282 [THz] =     489.814931 [cm-1]
 (  0.302949  0.273657 -0.302949 -0.273657  0.302949  0.273657 ) 
 ( -0.408248  0.000000  0.408248 -0.000000 -0.408248  0.000000 ) 
     freq (    5) =      14.967085 [THz] =     499.248212 [cm-1]
 ( -0.530698 -0.127741 -0.102805 -0.074426  0.427892  0.053314 ) 
 (  0.542420  0.061144  0.111219  0.061144 -0.431201  0.000000 ) 
     freq (    6) =      14.967085 [THz] =     499.248212 [cm-1]
 (  0.165265  0.089796  0.546245  0.137265  0.380980  0.047469 ) 
 ( -0.175099 -0.068673 -0.559025 -0.068673 -0.383926  0.000000 ) 
 **************************************************************************
