Dynamical matrix file
                                                                           
  1    2  2 10.3950000  0.0000000  0.0000000  0.0000000  0.0000000  0.0000000
           1  'Si  '    25598.822984527003     
    1    1      0.0000000000      0.0000000000      0.0000000000
    2    1      0.2500000000      0.2500000000      0.2500000000

     Dynamical  Matrix in cartesian axes

     q = (    0.750000000  -0.250000000   0.750000000 ) 

    1    1
  0.25136948  0.00000000   -0.00427031  0.00716589    0.00062855  0.00000000
 -0.00427031 -0.00716589    0.30598560  0.00000000   -0.00427031 -0.00716589
  0.00062855  0.00000000   -0.00427031  0.00716589    0.25136948  0.00000000
    1    2
 -0.04946196  0.08182974   -0.03254174  0.03711474   -0.03889200 -0.12227284
 -0.03254174  0.03711474   -0.04841322  0.10046491   -0.03254174  0.03711474
 -0.03889200 -0.12227284   -0.03254174  0.03711474   -0.04946196  0.08182974
    2    1
 -0.04946196 -0.08182974   -0.03254174 -0.03711474   -0.03889200  0.12227284
 -0.03254174 -0.03711474   -0.04841322 -0.10046491   -0.03254174 -0.03711474
 -0.03889200  0.12227284   -0.03254174 -0.03711474   -0.04946196 -0.08182974
    2    2
  0.25136948  0.00000000   -0.00427031 -0.00716589    0.00062855  0.00000000
 -0.00427031  0.00716589    0.30598560  0.00000000   -0.00427031  0.00716589
  0.00062855  0.00000000   -0.00427031 -0.00716589    0.25136948  0.00000000

     Dynamical  Matrix in cartesian axes

     q = (    0.750000000  -0.250000000  -0.750000000 ) 

    1    1
  0.25136948  0.00000000   -0.00427031 -0.00716589   -0.00062855  0.00000000
 -0.00427031  0.00716589    0.30598560  0.00000000    0.00427031 -0.00716589
 -0.00062855  0.00000000    0.00427031  0.00716589    0.25136948  0.00000000
    1    2
 -0.08182974  0.04946196   -0.03711474  0.03254174   -0.12227284 -0.03889200
 -0.03711474  0.03254174   -0.10046491  0.04841322    0.03711474 -0.03254174
 -0.12227284 -0.03889200    0.03711474 -0.03254174   -0.08182974  0.04946196
    2    1
 -0.08182974 -0.04946196   -0.03711474 -0.03254174   -0.12227284  0.03889200
 -0.03711474 -0.03254174   -0.10046491 -0.04841322    0.03711474  0.03254174
 -0.12227284  0.03889200    0.03711474  0.03254174   -0.08182974 -0.04946196
    2    2
  0.25136948  0.00000000   -0.00427031  0.00716589   -0.00062855  0.00000000
 -0.00427031 -0.00716589    0.30598560  0.00000000    0.00427031  0.00716589
 -0.00062855  0.00000000    0.00427031 -0.00716589    0.25136948  0.00000000

     Dynamical  Matrix in cartesian axes

     q = (   -0.750000000  -0.250000000  -0.750000000 ) 

    1    1
  0.25136948  0.00000000    0.00427031 -0.00716589    0.00062855  0.00000000
  0.00427031  0.00716589    0.30598560  0.00000000    0.00427031  0.00716589
  0.00062855  0.00000000    0.00427031 -0.00716589    0.25136948  0.00000000
    1    2
  0.08182974  0.04946196   -0.03711474 -0.03254174   -0.12227284  0.03889200
 -0.03711474 -0.03254174    0.10046491  0.04841322   -0.03711474 -0.03254174
 -0.12227284  0.03889200   -0.03711474 -0.03254174    0.08182974  0.04946196
    2    1
  0.08182974 -0.04946196   -0.03711474  0.03254174   -0.12227284 -0.03889200
 -0.03711474  0.03254174    0.10046491 -0.04841322   -0.03711474  0.03254174
 -0.12227284 -0.03889200   -0.03711474  0.03254174    0.08182974 -0.04946196
    2    2
  0.25136948  0.00000000    0.00427031  0.00716589    0.00062855  0.00000000
  0.00427031 -0.00716589    0.30598560  0.00000000    0.00427031 -0.00716589
  0.00062855  0.00000000    0.00427031  0.00716589    0.25136948  0.00000000

     Dynamical  Matrix in cartesian axes

     q = (   -0.750000000  -0.250000000   0.750000000 ) 

    1    1
  0.25136948  0.00000000    0.00427031  0.00716589   -0.00062855  0.00000000
  0.00427031 -0.00716589    0.30598560  0.00000000   -0.00427031  0.00716589
 -0.00062855  0.00000000   -0.00427031 -0.00716589    0.25136948  0.00000000
    1    2
 -0.08182974  0.04946196    0.03711474 -0.03254174   -0.12227284 -0.03889200
  0.03711474 -0.03254174   -0.10046491  0.04841322   -0.03711474  0.03254174
 -0.12227284 -0.03889200   -0.03711474  0.03254174   -0.08182974  0.04946196
    2    1
 -0.08182974 -0.04946196    0.03711474  0.03254174   -0.12227284  0.03889200
  0.03711474  0.03254174   -0.10046491 -0.04841322   -0.03711474 -0.03254174
 -0.12227284  0.03889200   -0.03711474 -0.03254174   -0.08182974 -0.04946196
    2    2
  0.25136948  0.00000000    0.00427031 -0.00716589   -0.00062855  0.00000000
  0.00427031  0.00716589    0.30598560  0.00000000   -0.00427031 -0.00716589
 -0.00062855  0.00000000   -0.00427031  0.00716589    0.25136948  0.00000000

     Dynamical  Matrix in cartesian axes

     q = (   -0.750000000   0.250000000  -0.750000000 ) 

    1    1
  0.25136948  0.00000000   -0.00427031 -0.00716589    0.00062855  0.00000000
 -0.00427031  0.00716589    0.30598560  0.00000000   -0.00427031  0.00716589
  0.00062855  0.00000000   -0.00427031 -0.00716589    0.25136948  0.00000000
    1    2
 -0.04946196 -0.08182974   -0.03254174 -0.03711474   -0.03889200  0.12227284
 -0.03254174 -0.03711474   -0.04841322 -0.10046491   -0.03254174 -0.03711474
 -0.03889200  0.12227284   -0.03254174 -0.03711474   -0.04946196 -0.08182974
    2    1
 -0.04946196  0.08182974   -0.03254174  0.03711474   -0.03889200 -0.12227284
 -0.03254174  0.03711474   -0.04841322  0.10046491   -0.03254174  0.03711474
 -0.03889200 -0.12227284   -0.03254174  0.03711474   -0.04946196  0.08182974
    2    2
  0.25136948  0.00000000   -0.00427031  0.00716589    0.00062855  0.00000000
 -0.00427031 -0.00716589    0.30598560  0.00000000   -0.00427031 -0.00716589
  0.00062855  0.00000000   -0.00427031  0.00716589    0.25136948  0.00000000

     Dynamical  Matrix in cartesian axes

     q = (   -0.250000000   0.750000000  -0.750000000 ) 

    1    1
  0.30598560  0.00000000   -0.00427031  0.00716589    0.00427031 -0.00716589
 -0.00427031 -0.00716589    0.25136948  0.00000000   -0.00062855  0.00000000
  0.00427031  0.00716589   -0.00062855  0.00000000    0.25136948  0.00000000
    1    2
 -0.10046491  0.04841322   -0.03711474  0.03254174    0.03711474 -0.03254174
 -0.03711474  0.03254174   -0.08182974  0.04946196   -0.12227284 -0.03889200
  0.03711474 -0.03254174   -0.12227284 -0.03889200   -0.08182974  0.04946196
    2    1
 -0.10046491 -0.04841322   -0.03711474 -0.03254174    0.03711474  0.03254174
 -0.03711474 -0.03254174   -0.08182974 -0.04946196   -0.12227284  0.03889200
  0.03711474  0.03254174   -0.12227284  0.03889200   -0.08182974 -0.04946196
    2    2
  0.30598560  0.00000000   -0.00427031 -0.00716589    0.00427031  0.00716589
 -0.00427031  0.00716589    0.25136948  0.00000000   -0.00062855  0.00000000
  0.00427031 -0.00716589   -0.00062855  0.00000000    0.25136948  0.00000000

     Dynamical  Matrix in cartesian axes

     q = (   -0.750000000   0.750000000  -0.250000000 ) 

    1    1
  0.25136948  0.00000000   -0.00062855  0.00000000    0.00427031  0.00716589
 -0.00062855  0.00000000    0.25136948  0.00000000   -0.00427031 -0.00716589
  0.00427031 -0.00716589   -0.00427031  0.00716589    0.30598560  0.00000000
    1    2
 -0.08182974  0.04946196   -0.12227284 -0.03889200    0.03711474 -0.03254174
 -0.12227284 -0.03889200   -0.08182974  0.04946196   -0.03711474  0.03254174
  0.03711474 -0.03254174   -0.03711474  0.03254174   -0.10046491  0.04841322
    2    1
 -0.08182974 -0.04946196   -0.12227284  0.03889200    0.03711474  0.03254174
 -0.12227284  0.03889200   -0.08182974 -0.04946196   -0.03711474 -0.03254174
  0.03711474  0.03254174   -0.03711474 -0.03254174   -0.10046491 -0.04841322
    2    2
  0.25136948  0.00000000   -0.00062855  0.00000000    0.00427031 -0.00716589
 -0.00062855  0.00000000    0.25136948  0.00000000   -0.00427031  0.00716589
  0.00427031  0.00716589   -0.00427031 -0.00716589    0.30598560  0.00000000

     Dynamical  Matrix in cartesian axes

     q = (    0.750000000   0.250000000   0.750000000 ) 

    1    1
  0.25136948  0.00000000    0.00427031  0.00716589    0.00062855  0.00000000
  0.00427031 -0.00716589    0.30598560  0.00000000    0.00427031 -0.00716589
  0.00062855  0.00000000    0.00427031  0.00716589    0.25136948  0.00000000
    1    2
  0.08182974 -0.04946196   -0.03711474  0.03254174   -0.12227284 -0.03889200
 -0.03711474  0.03254174    0.10046491 -0.04841322   -0.03711474  0.03254174
 -0.12227284 -0.03889200   -0.03711474  0.03254174    0.08182974 -0.04946196
    2    1
  0.08182974  0.04946196   -0.03711474 -0.03254174   -0.12227284  0.03889200
 -0.03711474 -0.03254174    0.10046491  0.04841322   -0.03711474 -0.03254174
 -0.12227284  0.03889200   -0.03711474 -0.03254174    0.08182974  0.04946196
    2    2
  0.25136948  0.00000000    0.00427031 -0.00716589    0.00062855  0.00000000
  0.00427031  0.00716589    0.30598560  0.00000000    0.00427031  0.00716589
  0.00062855  0.00000000    0.00427031 -0.00716589    0.25136948  0.00000000

     Dynamical  Matrix in cartesian axes

     q = (   -0.750000000   0.250000000   0.750000000 ) 

    1    1
  0.25136948  0.00000000   -0.00427031  0.00716589   -0.00062855  0.00000000
 -0.00427031 -0.00716589    0.30598560  0.00000000    0.00427031  0.00716589
 -0.00062855  0.00000000    0.00427031 -0.00716589    0.25136948  0.00000000
    1    2
 -0.08182974 -0.04946196   -0.03711474 -0.03254174   -0.12227284  0.03889200
 -0.03711474 -0.03254174   -0.10046491 -0.04841322    0.03711474  0.03254174
 -0.12227284  0.03889200    0.03711474  0.03254174   -0.08182974 -0.04946196
    2    1
 -0.08182974  0.04946196   -0.03711474  0.03254174   -0.12227284 -0.03889200
 -0.03711474  0.03254174   -0.10046491  0.04841322    0.03711474 -0.03254174
 -0.12227284 -0.03889200    0.03711474 -0.03254174   -0.08182974  0.04946196
    2    2
  0.25136948  0.00000000   -0.00427031 -0.00716589   -0.00062855  0.00000000
 -0.00427031  0.00716589    0.30598560  0.00000000    0.00427031 -0.00716589
 -0.00062855  0.00000000    0.00427031  0.00716589    0.25136948  0.00000000

     Dynamical  Matrix in cartesian axes

     q = (    0.750000000   0.250000000  -0.750000000 ) 

    1    1
  0.25136948  0.00000000    0.00427031 -0.00716589   -0.00062855  0.00000000
  0.00427031  0.00716589    0.30598560  0.00000000   -0.00427031 -0.00716589
 -0.00062855  0.00000000   -0.00427031  0.00716589    0.25136948  0.00000000
    1    2
 -0.08182974 -0.04946196    0.03711474  0.03254174   -0.12227284  0.03889200
  0.03711474  0.03254174   -0.10046491 -0.04841322   -0.03711474 -0.03254174
 -0.12227284  0.03889200   -0.03711474 -0.03254174   -0.08182974 -0.04946196
    2    1
 -0.08182974  0.04946196    0.03711474 -0.03254174   -0.12227284 -0.03889200
  0.03711474 -0.03254174   -0.10046491  0.04841322   -0.03711474  0.03254174
 -0.12227284 -0.03889200   -0.03711474  0.03254174   -0.08182974  0.04946196
    2    2
  0.25136948  0.00000000    0.00427031  0.00716589   -0.00062855  0.00000000
  0.00427031 -0.00716589    0.30598560  0.00000000   -0.00427031  0.00716589
 -0.00062855  0.00000000   -0.00427031 -0.00716589    0.25136948  0.00000000

     Dynamical  Matrix in cartesian axes

     q = (   -0.750000000   0.750000000   0.250000000 ) 

    1    1
  0.25136948  0.00000000   -0.00062855  0.00000000   -0.00427031  0.00716589
 -0.00062855  0.00000000    0.25136948  0.00000000    0.00427031 -0.00716589
 -0.00427031 -0.00716589    0.00427031  0.00716589    0.30598560  0.00000000
    1    2
 -0.08182974 -0.04946196   -0.12227284  0.03889200   -0.03711474 -0.03254174
 -0.12227284  0.03889200   -0.08182974 -0.04946196    0.03711474  0.03254174
 -0.03711474 -0.03254174    0.03711474  0.03254174   -0.10046491 -0.04841322
    2    1
 -0.08182974  0.04946196   -0.12227284 -0.03889200   -0.03711474  0.03254174
 -0.12227284 -0.03889200   -0.08182974  0.04946196    0.03711474 -0.03254174
 -0.03711474  0.03254174    0.03711474 -0.03254174   -0.10046491  0.04841322
    2    2
  0.25136948  0.00000000   -0.00062855  0.00000000   -0.00427031 -0.00716589
 -0.00062855  0.00000000    0.25136948  0.00000000    0.00427031  0.00716589
 -0.00427031  0.00716589    0.00427031 -0.00716589    0.30598560  0.00000000

     Dynamical  Matrix in cartesian axes

     q = (   -0.250000000   0.750000000   0.750000000 ) 

    1    1
  0.30598560  0.00000000   -0.00427031 -0.00716589   -0.00427031 -0.00716589
 -0.00427031  0.00716589    0.25136948  0.00000000    0.00062855  0.00000000
 -0.00427031  0.00716589    0.00062855  0.00000000    0.25136948  0.00000000
    1    2
 -0.04841322  0.10046491   -0.03254174  0.03711474   -0.03254174  0.03711474
 -0.03254174  0.03711474   -0.04946196  0.08182974   -0.03889200 -0.12227284
 -0.03254174  0.03711474   -0.03889200 -0.12227284   -0.04946196  0.08182974
    2    1
 -0.04841322 -0.10046491   -0.03254174 -0.03711474   -0.03254174 -0.03711474
 -0.03254174 -0.03711474   -0.04946196 -0.08182974   -0.03889200  0.12227284
 -0.03254174 -0.03711474   -0.03889200  0.12227284   -0.04946196 -0.08182974
    2    2
  0.30598560  0.00000000   -0.00427031  0.00716589   -0.00427031  0.00716589
 -0.00427031 -0.00716589    0.25136948  0.00000000    0.00062855  0.00000000
 -0.00427031 -0.00716589    0.00062855  0.00000000    0.25136948  0.00000000

     Dynamical  Matrix in cartesian axes

     q = (    0.250000000   0.750000000  -0.750000000 ) 

    1    1
  0.30598560  0.00000000    0.00427031  0.00716589   -0.00427031 -0.00716589
  0.00427031 -0.00716589    0.25136948  0.00000000   -0.00062855  0.00000000
 -0.00427031  0.00716589   -0.00062855  0.00000000    0.25136948  0.00000000
    1    2
 -0.10046491 -0.04841322    0.03711474  0.03254174   -0.03711474 -0.03254174
  0.03711474  0.03254174   -0.08182974 -0.04946196   -0.12227284  0.03889200
 -0.03711474 -0.03254174   -0.12227284  0.03889200   -0.08182974 -0.04946196
    2    1
 -0.10046491  0.04841322    0.03711474 -0.03254174   -0.03711474  0.03254174
  0.03711474 -0.03254174   -0.08182974  0.04946196   -0.12227284 -0.03889200
 -0.03711474  0.03254174   -0.12227284 -0.03889200   -0.08182974  0.04946196
    2    2
  0.30598560  0.00000000    0.00427031 -0.00716589   -0.00427031  0.00716589
  0.00427031  0.00716589    0.25136948  0.00000000   -0.00062855  0.00000000
 -0.00427031 -0.00716589   -0.00062855  0.00000000    0.25136948  0.00000000

     Dynamical  Matrix in cartesian axes

     q = (   -0.250000000  -0.750000000  -0.750000000 ) 

    1    1
  0.30598560  0.00000000    0.00427031  0.00716589    0.00427031  0.00716589
  0.00427031 -0.00716589    0.25136948  0.00000000    0.00062855  0.00000000
  0.00427031 -0.00716589    0.00062855  0.00000000    0.25136948  0.00000000
    1    2
  0.10046491  0.04841322   -0.03711474 -0.03254174   -0.03711474 -0.03254174
 -0.03711474 -0.03254174    0.08182974  0.04946196   -0.12227284  0.03889200
 -0.03711474 -0.03254174   -0.12227284  0.03889200    0.08182974  0.04946196
    2    1
  0.10046491 -0.04841322   -0.03711474  0.03254174   -0.03711474  0.03254174
 -0.03711474  0.03254174    0.08182974 -0.04946196   -0.12227284 -0.03889200
 -0.03711474  0.03254174   -0.12227284 -0.03889200    0.08182974 -0.04946196
    2    2
  0.30598560  0.00000000    0.00427031 -0.00716589    0.00427031 -0.00716589
  0.00427031  0.00716589    0.25136948  0.00000000    0.00062855  0.00000000
  0.00427031  0.00716589    0.00062855  0.00000000    0.25136948  0.00000000

     Dynamical  Matrix in cartesian axes

     q = (    0.750000000   0.750000000  -0.250000000 ) 

    1    1
  0.25136948  0.00000000    0.00062855  0.00000000   -0.00427031  0.00716589
  0.00062855  0.00000000    0.25136948  0.00000000   -0.00427031  0.00716589
 -0.00427031 -0.00716589   -0.00427031 -0.00716589    0.30598560  0.00000000
    1    2
 -0.04946196  0.08182974   -0.03889200 -0.12227284   -0.03254174  0.03711474
 -0.03889200 -0.12227284   -0.04946196  0.08182974   -0.03254174  0.03711474
 -0.03254174  0.03711474   -0.03254174  0.03711474   -0.04841322  0.10046491
    2    1
 -0.04946196 -0.08182974   -0.03889200  0.12227284   -0.03254174 -0.03711474
 -0.03889200  0.12227284   -0.04946196 -0.08182974   -0.03254174 -0.03711474
 -0.03254174 -0.03711474   -0.03254174 -0.03711474   -0.04841322 -0.10046491
    2    2
  0.25136948  0.00000000    0.00062855  0.00000000   -0.00427031 -0.00716589
  0.00062855  0.00000000    0.25136948  0.00000000   -0.00427031 -0.00716589
 -0.00427031  0.00716589   -0.00427031  0.00716589    0.30598560  0.00000000

     Dynamical  Matrix in cartesian axes

     q = (    0.750000000  -0.750000000   0.250000000 ) 

    1    1
  0.25136948  0.00000000   -0.00062855  0.00000000    0.00427031 -0.00716589
 -0.00062855  0.00000000    0.25136948  0.00000000   -0.00427031  0.00716589
  0.00427031  0.00716589   -0.00427031 -0.00716589    0.30598560  0.00000000
    1    2
 -0.08182974 -0.04946196   -0.12227284  0.03889200    0.03711474  0.03254174
 -0.12227284  0.03889200   -0.08182974 -0.04946196   -0.03711474 -0.03254174
  0.03711474  0.03254174   -0.03711474 -0.03254174   -0.10046491 -0.04841322
    2    1
 -0.08182974  0.04946196   -0.12227284 -0.03889200    0.03711474 -0.03254174
 -0.12227284 -0.03889200   -0.08182974  0.04946196   -0.03711474  0.03254174
  0.03711474 -0.03254174   -0.03711474  0.03254174   -0.10046491  0.04841322
    2    2
  0.25136948  0.00000000   -0.00062855  0.00000000    0.00427031  0.00716589
 -0.00062855  0.00000000    0.25136948  0.00000000   -0.00427031 -0.00716589
  0.00427031 -0.00716589   -0.00427031  0.00716589    0.30598560  0.00000000

     Dynamical  Matrix in cartesian axes

     q = (   -0.750000000  -0.750000000  -0.250000000 ) 

    1    1
  0.25136948  0.00000000    0.00062855  0.00000000    0.00427031 -0.00716589
  0.00062855  0.00000000    0.25136948  0.00000000    0.00427031 -0.00716589
  0.00427031  0.00716589    0.00427031  0.00716589    0.30598560  0.00000000
    1    2
  0.08182974  0.04946196   -0.12227284  0.03889200   -0.03711474 -0.03254174
 -0.12227284  0.03889200    0.08182974  0.04946196   -0.03711474 -0.03254174
 -0.03711474 -0.03254174   -0.03711474 -0.03254174    0.10046491  0.04841322
    2    1
  0.08182974 -0.04946196   -0.12227284 -0.03889200   -0.03711474  0.03254174
 -0.12227284 -0.03889200    0.08182974 -0.04946196   -0.03711474  0.03254174
 -0.03711474  0.03254174   -0.03711474  0.03254174    0.10046491 -0.04841322
    2    2
  0.25136948  0.00000000    0.00062855  0.00000000    0.00427031  0.00716589
  0.00062855  0.00000000    0.25136948  0.00000000    0.00427031  0.00716589
  0.00427031 -0.00716589    0.00427031 -0.00716589    0.30598560  0.00000000

     Dynamical  Matrix in cartesian axes

     q = (    0.250000000  -0.750000000   0.750000000 ) 

    1    1
  0.30598560  0.00000000   -0.00427031 -0.00716589    0.00427031  0.00716589
 -0.00427031  0.00716589    0.25136948  0.00000000   -0.00062855  0.00000000
  0.00427031 -0.00716589   -0.00062855  0.00000000    0.25136948  0.00000000
    1    2
 -0.10046491 -0.04841322   -0.03711474 -0.03254174    0.03711474  0.03254174
 -0.03711474 -0.03254174   -0.08182974 -0.04946196   -0.12227284  0.03889200
  0.03711474  0.03254174   -0.12227284  0.03889200   -0.08182974 -0.04946196
    2    1
 -0.10046491  0.04841322   -0.03711474  0.03254174    0.03711474 -0.03254174
 -0.03711474  0.03254174   -0.08182974  0.04946196   -0.12227284 -0.03889200
  0.03711474 -0.03254174   -0.12227284 -0.03889200   -0.08182974  0.04946196
    2    2
  0.30598560  0.00000000   -0.00427031  0.00716589    0.00427031 -0.00716589
 -0.00427031 -0.00716589    0.25136948  0.00000000   -0.00062855  0.00000000
  0.00427031  0.00716589   -0.00062855  0.00000000    0.25136948  0.00000000

     Dynamical  Matrix in cartesian axes

     q = (   -0.750000000  -0.750000000   0.250000000 ) 

    1    1
  0.25136948  0.00000000    0.00062855  0.00000000   -0.00427031 -0.00716589
  0.00062855  0.00000000    0.25136948  0.00000000   -0.00427031 -0.00716589
 -0.00427031  0.00716589   -0.00427031  0.00716589    0.30598560  0.00000000
    1    2
 -0.04946196 -0.08182974   -0.03889200  0.12227284   -0.03254174 -0.03711474
 -0.03889200  0.12227284   -0.04946196 -0.08182974   -0.03254174 -0.03711474
 -0.03254174 -0.03711474   -0.03254174 -0.03711474   -0.04841322 -0.10046491
    2    1
 -0.04946196  0.08182974   -0.03889200 -0.12227284   -0.03254174  0.03711474
 -0.03889200 -0.12227284   -0.04946196  0.08182974   -0.03254174  0.03711474
 -0.03254174  0.03711474   -0.03254174  0.03711474   -0.04841322  0.10046491
    2    2
  0.25136948  0.00000000    0.00062855  0.00000000   -0.00427031  0.00716589
  0.00062855  0.00000000    0.25136948  0.00000000   -0.00427031  0.00716589
 -0.00427031 -0.00716589   -0.00427031 -0.00716589    0.30598560  0.00000000

     Dynamical  Matrix in cartesian axes

     q = (    0.250000000   0.750000000   0.750000000 ) 

    1    1
  0.30598560  0.00000000    0.00427031 -0.00716589    0.00427031 -0.00716589
  0.00427031  0.00716589    0.25136948  0.00000000    0.00062855  0.00000000
  0.00427031  0.00716589    0.00062855  0.00000000    0.25136948  0.00000000
    1    2
  0.10046491 -0.04841322   -0.03711474  0.03254174   -0.03711474  0.03254174
 -0.03711474  0.03254174    0.08182974 -0.04946196   -0.12227284 -0.03889200
 -0.03711474  0.03254174   -0.12227284 -0.03889200    0.08182974 -0.04946196
    2    1
  0.10046491  0.04841322   -0.03711474 -0.03254174   -0.03711474 -0.03254174
 -0.03711474 -0.03254174    0.08182974  0.04946196   -0.12227284  0.03889200
 -0.03711474 -0.03254174   -0.12227284  0.03889200    0.08182974  0.04946196
    2    2
  0.30598560  0.00000000    0.00427031  0.00716589    0.00427031  0.00716589
  0.00427031 -0.00716589    0.25136948  0.00000000    0.00062855  0.00000000
  0.00427031 -0.00716589    0.00062855  0.00000000    0.25136948  0.00000000

     Dynamical  Matrix in cartesian axes

     q = (   -0.250000000  -0.750000000   0.750000000 ) 

    1    1
  0.30598560  0.00000000    0.00427031 -0.00716589   -0.00427031  0.00716589
  0.00427031  0.00716589    0.25136948  0.00000000   -0.00062855  0.00000000
 -0.00427031 -0.00716589   -0.00062855  0.00000000    0.25136948  0.00000000
    1    2
 -0.10046491  0.04841322    0.03711474 -0.03254174   -0.03711474  0.03254174
  0.03711474 -0.03254174   -0.08182974  0.04946196   -0.12227284 -0.03889200
 -0.03711474  0.03254174   -0.12227284 -0.03889200   -0.08182974  0.04946196
    2    1
 -0.10046491 -0.04841322    0.03711474  0.03254174   -0.03711474 -0.03254174
  0.03711474  0.03254174   -0.08182974 -0.04946196   -0.12227284  0.03889200
 -0.03711474 -0.03254174   -0.12227284  0.03889200   -0.08182974 -0.04946196
    2    2
  0.30598560  0.00000000    0.00427031  0.00716589   -0.00427031 -0.00716589
  0.00427031 -0.00716589    0.25136948  0.00000000   -0.00062855  0.00000000
 -0.00427031  0.00716589   -0.00062855  0.00000000    0.25136948  0.00000000

     Dynamical  Matrix in cartesian axes

     q = (    0.750000000   0.750000000   0.250000000 ) 

    1    1
  0.25136948  0.00000000    0.00062855  0.00000000    0.00427031  0.00716589
  0.00062855  0.00000000    0.25136948  0.00000000    0.00427031  0.00716589
  0.00427031 -0.00716589    0.00427031 -0.00716589    0.30598560  0.00000000
    1    2
  0.08182974 -0.04946196   -0.12227284 -0.03889200   -0.03711474  0.03254174
 -0.12227284 -0.03889200    0.08182974 -0.04946196   -0.03711474  0.03254174
 -0.03711474  0.03254174   -0.03711474  0.03254174    0.10046491 -0.04841322
    2    1
  0.08182974  0.04946196   -0.12227284  0.03889200   -0.03711474 -0.03254174
 -0.12227284  0.03889200    0.08182974  0.04946196   -0.03711474 -0.03254174
 -0.03711474 -0.03254174   -0.03711474 -0.03254174    0.10046491  0.04841322
    2    2
  0.25136948  0.00000000    0.00062855  0.00000000    0.00427031 -0.00716589
  0.00062855  0.00000000    0.25136948  0.00000000    0.00427031 -0.00716589
  0.00427031  0.00716589    0.00427031  0.00716589    0.30598560  0.00000000

     Dynamical  Matrix in cartesian axes

     q = (    0.250000000  -0.750000000  -0.750000000 ) 

    1    1
  0.30598560  0.00000000   -0.00427031  0.00716589   -0.00427031  0.00716589
 -0.00427031 -0.00716589    0.25136948  0.00000000    0.00062855  0.00000000
 -0.00427031 -0.00716589    0.00062855  0.00000000    0.25136948  0.00000000
    1    2
 -0.04841322 -0.10046491   -0.03254174 -0.03711474   -0.03254174 -0.03711474
 -0.03254174 -0.03711474   -0.04946196 -0.08182974   -0.03889200  0.12227284
 -0.03254174 -0.03711474   -0.03889200  0.12227284   -0.04946196 -0.08182974
    2    1
 -0.04841322  0.10046491   -0.03254174  0.03711474   -0.03254174  0.03711474
 -0.03254174  0.03711474   -0.04946196  0.08182974   -0.03889200 -0.12227284
 -0.03254174  0.03711474   -0.03889200 -0.12227284   -0.04946196  0.08182974
    2    2
  0.30598560  0.00000000   -0.00427031 -0.00716589   -0.00427031 -0.00716589
 -0.00427031  0.00716589    0.25136948  0.00000000    0.00062855  0.00000000
 -0.00427031  0.00716589    0.00062855  0.00000000    0.25136948  0.00000000

     Dynamical  Matrix in cartesian axes

     q = (    0.750000000  -0.750000000  -0.250000000 ) 

    1    1
  0.25136948  0.00000000   -0.00062855  0.00000000   -0.00427031 -0.00716589
 -0.00062855  0.00000000    0.25136948  0.00000000    0.00427031  0.00716589
 -0.00427031  0.00716589    0.00427031 -0.00716589    0.30598560  0.00000000
    1    2
 -0.08182974  0.04946196   -0.12227284 -0.03889200   -0.03711474  0.03254174
 -0.12227284 -0.03889200   -0.08182974  0.04946196    0.03711474 -0.03254174
 -0.03711474  0.03254174    0.03711474 -0.03254174   -0.10046491  0.04841322
    2    1
 -0.08182974 -0.04946196   -0.12227284  0.03889200   -0.03711474 -0.03254174
 -0.12227284  0.03889200   -0.08182974 -0.04946196    0.03711474  0.03254174
 -0.03711474 -0.03254174    0.03711474  0.03254174   -0.10046491 -0.04841322
    2    2
  0.25136948  0.00000000   -0.00062855  0.00000000   -0.00427031  0.00716589
 -0.00062855  0.00000000    0.25136948  0.00000000    0.00427031 -0.00716589
 -0.00427031 -0.00716589    0.00427031  0.00716589    0.30598560  0.00000000

     Diagonalizing the dynamical matrix

     q = (    0.750000000  -0.250000000   0.750000000 ) 

 **************************************************************************
     freq (    1) =       4.427508 [THz] =     147.685785 [cm-1]
 (  0.025859 -0.499331  0.000000 -0.000000 -0.025859  0.499331 ) 
 (  0.500000 -0.000000  0.000000  0.000000 -0.500000  0.000000 ) 
     freq (    2) =       6.808704 [THz] =     227.113905 [cm-1]
 ( -0.393867 -0.067163 -0.365472  0.217132 -0.393867 -0.067163 ) 
 ( -0.399552  0.000000 -0.323773 -0.275477 -0.399552  0.000000 ) 
     freq (    3) =       9.650128 [THz] =     321.893633 [cm-1]
 (  0.028450  0.335125 -0.477402 -0.214128  0.028450  0.335125 ) 
 (  0.336331  0.000000 -0.253744 -0.457578  0.336331  0.000000 ) 
     freq (    4) =      11.767352 [THz] =     392.516617 [cm-1]
 ( -0.250273 -0.307788  0.381945  0.198439 -0.250273 -0.307788 ) 
 (  0.396699  0.000000 -0.394928 -0.171148  0.396699  0.000000 ) 
     freq (    5) =      13.871601 [THz] =     462.706792 [cm-1]
 ( -0.025859  0.499331  0.000000 -0.000000  0.025859 -0.499331 ) 
 (  0.500000  0.000000 -0.000000 -0.000000 -0.500000  0.000000 ) 
     freq (    6) =      13.923779 [THz] =     464.447284 [cm-1]
 ( -0.255954 -0.066013 -0.518209  0.302853 -0.255954 -0.066013 ) 
 (  0.264329  0.000000  0.426155  0.422672  0.264329  0.000000 ) 
 **************************************************************************
