Dynamical matrix file
                                                                           
  1    2  2 10.2100000  0.0000000  0.0000000  0.0000000  0.0000000  0.0000000
           1  'Si  '    25598.822984527003     
    1    1      0.0000000000      0.0000000000      0.0000000000
    2    1      0.2500000000      0.2500000000      0.2500000000

     Dynamical  Matrix in cartesian axes

     q = (    0.750000000  -0.250000000   0.750000000 ) 

    1    1
  0.25794239  0.00000000   -0.00531442  0.00789813    0.00229816  0.00000000
 -0.00531442 -0.00789813    0.31563911  0.00000000   -0.00531442 -0.00789813
  0.00229816  0.00000000   -0.00531442  0.00789813    0.25794239  0.00000000
    1    2
 -0.06679727  0.06441475   -0.04132596  0.04679087   -0.04860738 -0.15226085
 -0.04132596  0.04679087   -0.06515285  0.08378436   -0.04132596  0.04679087
 -0.04860738 -0.15226085   -0.04132596  0.04679087   -0.06679727  0.06441475
    2    1
 -0.06679727 -0.06441475   -0.04132596 -0.04679087   -0.04860738  0.15226085
 -0.04132596 -0.04679087   -0.06515285 -0.08378436   -0.04132596 -0.04679087
 -0.04860738  0.15226085   -0.04132596 -0.04679087   -0.06679727 -0.06441475
    2    2
  0.25794239  0.00000000   -0.00531442 -0.00789813    0.00229816  0.00000000
 -0.00531442  0.00789813    0.31563911  0.00000000   -0.00531442  0.00789813
  0.00229816  0.00000000   -0.00531442 -0.00789813    0.25794239  0.00000000

     Dynamical  Matrix in cartesian axes

     q = (    0.750000000  -0.250000000  -0.750000000 ) 

    1    1
  0.25794239  0.00000000   -0.00531442 -0.00789813   -0.00229816  0.00000000
 -0.00531442  0.00789813    0.31563911  0.00000000    0.00531442 -0.00789813
 -0.00229816  0.00000000    0.00531442  0.00789813    0.25794239  0.00000000
    1    2
 -0.06441475  0.06679727   -0.04679087  0.04132596   -0.15226085 -0.04860738
 -0.04679087  0.04132596   -0.08378436  0.06515285    0.04679087 -0.04132596
 -0.15226085 -0.04860738    0.04679087 -0.04132596   -0.06441475  0.06679727
    2    1
 -0.06441475 -0.06679727   -0.04679087 -0.04132596   -0.15226085  0.04860738
 -0.04679087 -0.04132596   -0.08378436 -0.06515285    0.04679087  0.04132596
 -0.15226085  0.04860738    0.04679087  0.04132596   -0.06441475 -0.06679727
    2    2
  0.25794239  0.00000000   -0.00531442  0.00789813   -0.00229816  0.00000000
 -0.00531442 -0.00789813    0.31563911  0.00000000    0.00531442  0.00789813
 -0.00229816  0.00000000    0.00531442 -0.00789813    0.25794239  0.00000000

     Dynamical  Matrix in cartesian axes

     q = (   -0.750000000  -0.250000000  -0.750000000 ) 

    1    1
  0.25794239  0.00000000    0.00531442 -0.00789813    0.00229816  0.00000000
  0.00531442  0.00789813    0.31563911  0.00000000    0.00531442  0.00789813
  0.00229816  0.00000000    0.00531442 -0.00789813    0.25794239  0.00000000
    1    2
  0.06441475  0.06679727   -0.04679087 -0.04132596   -0.15226085  0.04860738
 -0.04679087 -0.04132596    0.08378436  0.06515285   -0.04679087 -0.04132596
 -0.15226085  0.04860738   -0.04679087 -0.04132596    0.06441475  0.06679727
    2    1
  0.06441475 -0.06679727   -0.04679087  0.04132596   -0.15226085 -0.04860738
 -0.04679087  0.04132596    0.08378436 -0.06515285   -0.04679087  0.04132596
 -0.15226085 -0.04860738   -0.04679087  0.04132596    0.06441475 -0.06679727
    2    2
  0.25794239  0.00000000    0.00531442  0.00789813    0.00229816  0.00000000
  0.00531442 -0.00789813    0.31563911  0.00000000    0.00531442 -0.00789813
  0.00229816  0.00000000    0.00531442  0.00789813    0.25794239  0.00000000

     Dynamical  Matrix in cartesian axes

     q = (   -0.750000000  -0.250000000   0.750000000 ) 

    1    1
  0.25794239  0.00000000    0.00531442  0.00789813   -0.00229816  0.00000000
  0.00531442 -0.00789813    0.31563911  0.00000000   -0.00531442  0.00789813
 -0.00229816  0.00000000   -0.00531442 -0.00789813    0.25794239  0.00000000
    1    2
 -0.06441475  0.06679727    0.04679087 -0.04132596   -0.15226085 -0.04860738
  0.04679087 -0.04132596   -0.08378436  0.06515285   -0.04679087  0.04132596
 -0.15226085 -0.04860738   -0.04679087  0.04132596   -0.06441475  0.06679727
    2    1
 -0.06441475 -0.06679727    0.04679087  0.04132596   -0.15226085  0.04860738
  0.04679087  0.04132596   -0.08378436 -0.06515285   -0.04679087 -0.04132596
 -0.15226085  0.04860738   -0.04679087 -0.04132596   -0.06441475 -0.06679727
    2    2
  0.25794239  0.00000000    0.00531442 -0.00789813   -0.00229816  0.00000000
  0.00531442  0.00789813    0.31563911  0.00000000   -0.00531442 -0.00789813
 -0.00229816  0.00000000   -0.00531442  0.00789813    0.25794239  0.00000000

     Dynamical  Matrix in cartesian axes

     q = (   -0.750000000   0.250000000  -0.750000000 ) 

    1    1
  0.25794239  0.00000000   -0.00531442 -0.00789813    0.00229816  0.00000000
 -0.00531442  0.00789813    0.31563911  0.00000000   -0.00531442  0.00789813
  0.00229816  0.00000000   -0.00531442 -0.00789813    0.25794239  0.00000000
    1    2
 -0.06679727 -0.06441475   -0.04132596 -0.04679087   -0.04860738  0.15226085
 -0.04132596 -0.04679087   -0.06515285 -0.08378436   -0.04132596 -0.04679087
 -0.04860738  0.15226085   -0.04132596 -0.04679087   -0.06679727 -0.06441475
    2    1
 -0.06679727  0.06441475   -0.04132596  0.04679087   -0.04860738 -0.15226085
 -0.04132596  0.04679087   -0.06515285  0.08378436   -0.04132596  0.04679087
 -0.04860738 -0.15226085   -0.04132596  0.04679087   -0.06679727  0.06441475
    2    2
  0.25794239  0.00000000   -0.00531442  0.00789813    0.00229816  0.00000000
 -0.00531442 -0.00789813    0.31563911  0.00000000   -0.00531442 -0.00789813
  0.00229816  0.00000000   -0.00531442  0.00789813    0.25794239  0.00000000

     Dynamical  Matrix in cartesian axes

     q = (   -0.250000000   0.750000000  -0.750000000 ) 

    1    1
  0.31563911  0.00000000   -0.00531442  0.00789813    0.00531442 -0.00789813
 -0.00531442 -0.00789813    0.25794239  0.00000000   -0.00229816  0.00000000
  0.00531442  0.00789813   -0.00229816  0.00000000    0.25794239  0.00000000
    1    2
 -0.08378436  0.06515285   -0.04679087  0.04132596    0.04679087 -0.04132596
 -0.04679087  0.04132596   -0.06441475  0.06679727   -0.15226085 -0.04860738
  0.04679087 -0.04132596   -0.15226085 -0.04860738   -0.06441475  0.06679727
    2    1
 -0.08378436 -0.06515285   -0.04679087 -0.04132596    0.04679087  0.04132596
 -0.04679087 -0.04132596   -0.06441475 -0.06679727   -0.15226085  0.04860738
  0.04679087  0.04132596   -0.15226085  0.04860738   -0.06441475 -0.06679727
    2    2
  0.31563911  0.00000000   -0.00531442 -0.00789813    0.00531442  0.00789813
 -0.00531442  0.00789813    0.25794239  0.00000000   -0.00229816  0.00000000
  0.00531442 -0.00789813   -0.00229816  0.00000000    0.25794239  0.00000000

     Dynamical  Matrix in cartesian axes

     q = (   -0.750000000   0.750000000  -0.250000000 ) 

    1    1
  0.25794239  0.00000000   -0.00229816  0.00000000    0.00531442  0.00789813
 -0.00229816  0.00000000    0.25794239  0.00000000   -0.00531442 -0.00789813
  0.00531442 -0.00789813   -0.00531442  0.00789813    0.31563911  0.00000000
    1    2
 -0.06441475  0.06679727   -0.15226085 -0.04860738    0.04679087 -0.04132596
 -0.15226085 -0.04860738   -0.06441475  0.06679727   -0.04679087  0.04132596
  0.04679087 -0.04132596   -0.04679087  0.04132596   -0.08378436  0.06515285
    2    1
 -0.06441475 -0.06679727   -0.15226085  0.04860738    0.04679087  0.04132596
 -0.15226085  0.04860738   -0.06441475 -0.06679727   -0.04679087 -0.04132596
  0.04679087  0.04132596   -0.04679087 -0.04132596   -0.08378436 -0.06515285
    2    2
  0.25794239  0.00000000   -0.00229816  0.00000000    0.00531442 -0.00789813
 -0.00229816  0.00000000    0.25794239  0.00000000   -0.00531442  0.00789813
  0.00531442  0.00789813   -0.00531442 -0.00789813    0.31563911  0.00000000

     Dynamical  Matrix in cartesian axes

     q = (    0.750000000   0.250000000   0.750000000 ) 

    1    1
  0.25794239  0.00000000    0.00531442  0.00789813    0.00229816  0.00000000
  0.00531442 -0.00789813    0.31563911  0.00000000    0.00531442 -0.00789813
  0.00229816  0.00000000    0.00531442  0.00789813    0.25794239  0.00000000
    1    2
  0.06441475 -0.06679727   -0.04679087  0.04132596   -0.15226085 -0.04860738
 -0.04679087  0.04132596    0.08378436 -0.06515285   -0.04679087  0.04132596
 -0.15226085 -0.04860738   -0.04679087  0.04132596    0.06441475 -0.06679727
    2    1
  0.06441475  0.06679727   -0.04679087 -0.04132596   -0.15226085  0.04860738
 -0.04679087 -0.04132596    0.08378436  0.06515285   -0.04679087 -0.04132596
 -0.15226085  0.04860738   -0.04679087 -0.04132596    0.06441475  0.06679727
    2    2
  0.25794239  0.00000000    0.00531442 -0.00789813    0.00229816  0.00000000
  0.00531442  0.00789813    0.31563911  0.00000000    0.00531442  0.00789813
  0.00229816  0.00000000    0.00531442 -0.00789813    0.25794239  0.00000000

     Dynamical  Matrix in cartesian axes

     q = (   -0.750000000   0.250000000   0.750000000 ) 

    1    1
  0.25794239  0.00000000   -0.00531442  0.00789813   -0.00229816  0.00000000
 -0.00531442 -0.00789813    0.31563911  0.00000000    0.00531442  0.00789813
 -0.00229816  0.00000000    0.00531442 -0.00789813    0.25794239  0.00000000
    1    2
 -0.06441475 -0.06679727   -0.04679087 -0.04132596   -0.15226085  0.04860738
 -0.04679087 -0.04132596   -0.08378436 -0.06515285    0.04679087  0.04132596
 -0.15226085  0.04860738    0.04679087  0.04132596   -0.06441475 -0.06679727
    2    1
 -0.06441475  0.06679727   -0.04679087  0.04132596   -0.15226085 -0.04860738
 -0.04679087  0.04132596   -0.08378436  0.06515285    0.04679087 -0.04132596
 -0.15226085 -0.04860738    0.04679087 -0.04132596   -0.06441475  0.06679727
    2    2
  0.25794239  0.00000000   -0.00531442 -0.00789813   -0.00229816  0.00000000
 -0.00531442  0.00789813    0.31563911  0.00000000    0.00531442 -0.00789813
 -0.00229816  0.00000000    0.00531442  0.00789813    0.25794239  0.00000000

     Dynamical  Matrix in cartesian axes

     q = (    0.750000000   0.250000000  -0.750000000 ) 

    1    1
  0.25794239  0.00000000    0.00531442 -0.00789813   -0.00229816  0.00000000
  0.00531442  0.00789813    0.31563911  0.00000000   -0.00531442 -0.00789813
 -0.00229816  0.00000000   -0.00531442  0.00789813    0.25794239  0.00000000
    1    2
 -0.06441475 -0.06679727    0.04679087  0.04132596   -0.15226085  0.04860738
  0.04679087  0.04132596   -0.08378436 -0.06515285   -0.04679087 -0.04132596
 -0.15226085  0.04860738   -0.04679087 -0.04132596   -0.06441475 -0.06679727
    2    1
 -0.06441475  0.06679727    0.04679087 -0.04132596   -0.15226085 -0.04860738
  0.04679087 -0.04132596   -0.08378436  0.06515285   -0.04679087  0.04132596
 -0.15226085 -0.04860738   -0.04679087  0.04132596   -0.06441475  0.06679727
    2    2
  0.25794239  0.00000000    0.00531442  0.00789813   -0.00229816  0.00000000
  0.00531442 -0.00789813    0.31563911  0.00000000   -0.00531442  0.00789813
 -0.00229816  0.00000000   -0.00531442 -0.00789813    0.25794239  0.00000000

     Dynamical  Matrix in cartesian axes

     q = (   -0.750000000   0.750000000   0.250000000 ) 

    1    1
  0.25794239  0.00000000   -0.00229816  0.00000000   -0.00531442  0.00789813
 -0.00229816  0.00000000    0.25794239  0.00000000    0.00531442 -0.00789813
 -0.00531442 -0.00789813    0.00531442  0.00789813    0.31563911  0.00000000
    1    2
 -0.06441475 -0.06679727   -0.15226085  0.04860738   -0.04679087 -0.04132596
 -0.15226085  0.04860738   -0.06441475 -0.06679727    0.04679087  0.04132596
 -0.04679087 -0.04132596    0.04679087  0.04132596   -0.08378436 -0.06515285
    2    1
 -0.06441475  0.06679727   -0.15226085 -0.04860738   -0.04679087  0.04132596
 -0.15226085 -0.04860738   -0.06441475  0.06679727    0.04679087 -0.04132596
 -0.04679087  0.04132596    0.04679087 -0.04132596   -0.08378436  0.06515285
    2    2
  0.25794239  0.00000000   -0.00229816  0.00000000   -0.00531442 -0.00789813
 -0.00229816  0.00000000    0.25794239  0.00000000    0.00531442  0.00789813
 -0.00531442  0.00789813    0.00531442 -0.00789813    0.31563911  0.00000000

     Dynamical  Matrix in cartesian axes

     q = (   -0.250000000   0.750000000   0.750000000 ) 

    1    1
  0.31563911  0.00000000   -0.00531442 -0.00789813   -0.00531442 -0.00789813
 -0.00531442  0.00789813    0.25794239  0.00000000    0.00229816  0.00000000
 -0.00531442  0.00789813    0.00229816  0.00000000    0.25794239  0.00000000
    1    2
 -0.06515285  0.08378436   -0.04132596  0.04679087   -0.04132596  0.04679087
 -0.04132596  0.04679087   -0.06679727  0.06441475   -0.04860738 -0.15226085
 -0.04132596  0.04679087   -0.04860738 -0.15226085   -0.06679727  0.06441475
    2    1
 -0.06515285 -0.08378436   -0.04132596 -0.04679087   -0.04132596 -0.04679087
 -0.04132596 -0.04679087   -0.06679727 -0.06441475   -0.04860738  0.15226085
 -0.04132596 -0.04679087   -0.04860738  0.15226085   -0.06679727 -0.06441475
    2    2
  0.31563911  0.00000000   -0.00531442  0.00789813   -0.00531442  0.00789813
 -0.00531442 -0.00789813    0.25794239  0.00000000    0.00229816  0.00000000
 -0.00531442 -0.00789813    0.00229816  0.00000000    0.25794239  0.00000000

     Dynamical  Matrix in cartesian axes

     q = (    0.250000000   0.750000000  -0.750000000 ) 

    1    1
  0.31563911  0.00000000    0.00531442  0.00789813   -0.00531442 -0.00789813
  0.00531442 -0.00789813    0.25794239  0.00000000   -0.00229816  0.00000000
 -0.00531442  0.00789813   -0.00229816  0.00000000    0.25794239  0.00000000
    1    2
 -0.08378436 -0.06515285    0.04679087  0.04132596   -0.04679087 -0.04132596
  0.04679087  0.04132596   -0.06441475 -0.06679727   -0.15226085  0.04860738
 -0.04679087 -0.04132596   -0.15226085  0.04860738   -0.06441475 -0.06679727
    2    1
 -0.08378436  0.06515285    0.04679087 -0.04132596   -0.04679087  0.04132596
  0.04679087 -0.04132596   -0.06441475  0.06679727   -0.15226085 -0.04860738
 -0.04679087  0.04132596   -0.15226085 -0.04860738   -0.06441475  0.06679727
    2    2
  0.31563911  0.00000000    0.00531442 -0.00789813   -0.00531442  0.00789813
  0.00531442  0.00789813    0.25794239  0.00000000   -0.00229816  0.00000000
 -0.00531442 -0.00789813   -0.00229816  0.00000000    0.25794239  0.00000000

     Dynamical  Matrix in cartesian axes

     q = (   -0.250000000  -0.750000000  -0.750000000 ) 

    1    1
  0.31563911  0.00000000    0.00531442  0.00789813    0.00531442  0.00789813
  0.00531442 -0.00789813    0.25794239  0.00000000    0.00229816  0.00000000
  0.00531442 -0.00789813    0.00229816  0.00000000    0.25794239  0.00000000
    1    2
  0.08378436  0.06515285   -0.04679087 -0.04132596   -0.04679087 -0.04132596
 -0.04679087 -0.04132596    0.06441475  0.06679727   -0.15226085  0.04860738
 -0.04679087 -0.04132596   -0.15226085  0.04860738    0.06441475  0.06679727
    2    1
  0.08378436 -0.06515285   -0.04679087  0.04132596   -0.04679087  0.04132596
 -0.04679087  0.04132596    0.06441475 -0.06679727   -0.15226085 -0.04860738
 -0.04679087  0.04132596   -0.15226085 -0.04860738    0.06441475 -0.06679727
    2    2
  0.31563911  0.00000000    0.00531442 -0.00789813    0.00531442 -0.00789813
  0.00531442  0.00789813    0.25794239  0.00000000    0.00229816  0.00000000
  0.00531442  0.00789813    0.00229816  0.00000000    0.25794239  0.00000000

     Dynamical  Matrix in cartesian axes

     q = (    0.750000000   0.750000000  -0.250000000 ) 

    1    1
  0.25794239  0.00000000    0.00229816  0.00000000   -0.00531442  0.00789813
  0.00229816  0.00000000    0.25794239  0.00000000   -0.00531442  0.00789813
 -0.00531442 -0.00789813   -0.00531442 -0.00789813    0.31563911  0.00000000
    1    2
 -0.06679727  0.06441475   -0.04860738 -0.15226085   -0.04132596  0.04679087
 -0.04860738 -0.15226085   -0.06679727  0.06441475   -0.04132596  0.04679087
 -0.04132596  0.04679087   -0.04132596  0.04679087   -0.06515285  0.08378436
    2    1
 -0.06679727 -0.06441475   -0.04860738  0.15226085   -0.04132596 -0.04679087
 -0.04860738  0.15226085   -0.06679727 -0.06441475   -0.04132596 -0.04679087
 -0.04132596 -0.04679087   -0.04132596 -0.04679087   -0.06515285 -0.08378436
    2    2
  0.25794239  0.00000000    0.00229816  0.00000000   -0.00531442 -0.00789813
  0.00229816  0.00000000    0.25794239  0.00000000   -0.00531442 -0.00789813
 -0.00531442  0.00789813   -0.00531442  0.00789813    0.31563911  0.00000000

     Dynamical  Matrix in cartesian axes

     q = (    0.750000000  -0.750000000   0.250000000 ) 

    1    1
  0.25794239  0.00000000   -0.00229816  0.00000000    0.00531442 -0.00789813
 -0.00229816  0.00000000    0.25794239  0.00000000   -0.00531442  0.00789813
  0.00531442  0.00789813   -0.00531442 -0.00789813    0.31563911  0.00000000
    1    2
 -0.06441475 -0.06679727   -0.15226085  0.04860738    0.04679087  0.04132596
 -0.15226085  0.04860738   -0.06441475 -0.06679727   -0.04679087 -0.04132596
  0.04679087  0.04132596   -0.04679087 -0.04132596   -0.08378436 -0.06515285
    2    1
 -0.06441475  0.06679727   -0.15226085 -0.04860738    0.04679087 -0.04132596
 -0.15226085 -0.04860738   -0.06441475  0.06679727   -0.04679087  0.04132596
  0.04679087 -0.04132596   -0.04679087  0.04132596   -0.08378436  0.06515285
    2    2
  0.25794239  0.00000000   -0.00229816  0.00000000    0.00531442  0.00789813
 -0.00229816  0.00000000    0.25794239  0.00000000   -0.00531442 -0.00789813
  0.00531442 -0.00789813   -0.00531442  0.00789813    0.31563911  0.00000000

     Dynamical  Matrix in cartesian axes

     q = (   -0.750000000  -0.750000000  -0.250000000 ) 

    1    1
  0.25794239  0.00000000    0.00229816  0.00000000    0.00531442 -0.00789813
  0.00229816  0.00000000    0.25794239  0.00000000    0.00531442 -0.00789813
  0.00531442  0.00789813    0.00531442  0.00789813    0.31563911  0.00000000
    1    2
  0.06441475  0.06679727   -0.15226085  0.04860738   -0.04679087 -0.04132596
 -0.15226085  0.04860738    0.06441475  0.06679727   -0.04679087 -0.04132596
 -0.04679087 -0.04132596   -0.04679087 -0.04132596    0.08378436  0.06515285
    2    1
  0.06441475 -0.06679727   -0.15226085 -0.04860738   -0.04679087  0.04132596
 -0.15226085 -0.04860738    0.06441475 -0.06679727   -0.04679087  0.04132596
 -0.04679087  0.04132596   -0.04679087  0.04132596    0.08378436 -0.06515285
    2    2
  0.25794239  0.00000000    0.00229816  0.00000000    0.00531442  0.00789813
  0.00229816  0.00000000    0.25794239  0.00000000    0.00531442  0.00789813
  0.00531442 -0.00789813    0.00531442 -0.00789813    0.31563911  0.00000000

     Dynamical  Matrix in cartesian axes

     q = (    0.250000000  -0.750000000   0.750000000 ) 

    1    1
  0.31563911  0.00000000   -0.00531442 -0.00789813    0.00531442  0.00789813
 -0.00531442  0.00789813    0.25794239  0.00000000   -0.00229816  0.00000000
  0.00531442 -0.00789813   -0.00229816  0.00000000    0.25794239  0.00000000
    1    2
 -0.08378436 -0.06515285   -0.04679087 -0.04132596    0.04679087  0.04132596
 -0.04679087 -0.04132596   -0.06441475 -0.06679727   -0.15226085  0.04860738
  0.04679087  0.04132596   -0.15226085  0.04860738   -0.06441475 -0.06679727
    2    1
 -0.08378436  0.06515285   -0.04679087  0.04132596    0.04679087 -0.04132596
 -0.04679087  0.04132596   -0.06441475  0.06679727   -0.15226085 -0.04860738
  0.04679087 -0.04132596   -0.15226085 -0.04860738   -0.06441475  0.06679727
    2    2
  0.31563911  0.00000000   -0.00531442  0.00789813    0.00531442 -0.00789813
 -0.00531442 -0.00789813    0.25794239  0.00000000   -0.00229816  0.00000000
  0.00531442  0.00789813   -0.00229816  0.00000000    0.25794239  0.00000000

     Dynamical  Matrix in cartesian axes

     q = (   -0.750000000  -0.750000000   0.250000000 ) 

    1    1
  0.25794239  0.00000000    0.00229816  0.00000000   -0.00531442 -0.00789813
  0.00229816  0.00000000    0.25794239  0.00000000   -0.00531442 -0.00789813
 -0.00531442  0.00789813   -0.00531442  0.00789813    0.31563911  0.00000000
    1    2
 -0.06679727 -0.06441475   -0.04860738  0.15226085   -0.04132596 -0.04679087
 -0.04860738  0.15226085   -0.06679727 -0.06441475   -0.04132596 -0.04679087
 -0.04132596 -0.04679087   -0.04132596 -0.04679087   -0.06515285 -0.08378436
    2    1
 -0.06679727  0.06441475   -0.04860738 -0.15226085   -0.04132596  0.04679087
 -0.04860738 -0.15226085   -0.06679727  0.06441475   -0.04132596  0.04679087
 -0.04132596  0.04679087   -0.04132596  0.04679087   -0.06515285  0.08378436
    2    2
  0.25794239  0.00000000    0.00229816  0.00000000   -0.00531442  0.00789813
  0.00229816  0.00000000    0.25794239  0.00000000   -0.00531442  0.00789813
 -0.00531442 -0.00789813   -0.00531442 -0.00789813    0.31563911  0.00000000

     Dynamical  Matrix in cartesian axes

     q = (    0.250000000   0.750000000   0.750000000 ) 

    1    1
  0.31563911  0.00000000    0.00531442 -0.00789813    0.00531442 -0.00789813
  0.00531442  0.00789813    0.25794239  0.00000000    0.00229816  0.00000000
  0.00531442  0.00789813    0.00229816  0.00000000    0.25794239  0.00000000
    1    2
  0.08378436 -0.06515285   -0.04679087  0.04132596   -0.04679087  0.04132596
 -0.04679087  0.04132596    0.06441475 -0.06679727   -0.15226085 -0.04860738
 -0.04679087  0.04132596   -0.15226085 -0.04860738    0.06441475 -0.06679727
    2    1
  0.08378436  0.06515285   -0.04679087 -0.04132596   -0.04679087 -0.04132596
 -0.04679087 -0.04132596    0.06441475  0.06679727   -0.15226085  0.04860738
 -0.04679087 -0.04132596   -0.15226085  0.04860738    0.06441475  0.06679727
    2    2
  0.31563911  0.00000000    0.00531442  0.00789813    0.00531442  0.00789813
  0.00531442 -0.00789813    0.25794239  0.00000000    0.00229816  0.00000000
  0.00531442 -0.00789813    0.00229816  0.00000000    0.25794239  0.00000000

     Dynamical  Matrix in cartesian axes

     q = (   -0.250000000  -0.750000000   0.750000000 ) 

    1    1
  0.31563911  0.00000000    0.00531442 -0.00789813   -0.00531442  0.00789813
  0.00531442  0.00789813    0.25794239  0.00000000   -0.00229816  0.00000000
 -0.00531442 -0.00789813   -0.00229816  0.00000000    0.25794239  0.00000000
    1    2
 -0.08378436  0.06515285    0.04679087 -0.04132596   -0.04679087  0.04132596
  0.04679087 -0.04132596   -0.06441475  0.06679727   -0.15226085 -0.04860738
 -0.04679087  0.04132596   -0.15226085 -0.04860738   -0.06441475  0.06679727
    2    1
 -0.08378436 -0.06515285    0.04679087  0.04132596   -0.04679087 -0.04132596
  0.04679087  0.04132596   -0.06441475 -0.06679727   -0.15226085  0.04860738
 -0.04679087 -0.04132596   -0.15226085  0.04860738   -0.06441475 -0.06679727
    2    2
  0.31563911  0.00000000    0.00531442  0.00789813   -0.00531442 -0.00789813
  0.00531442 -0.00789813    0.25794239  0.00000000   -0.00229816  0.00000000
 -0.00531442  0.00789813   -0.00229816  0.00000000    0.25794239  0.00000000

     Dynamical  Matrix in cartesian axes

     q = (    0.750000000   0.750000000   0.250000000 ) 

    1    1
  0.25794239  0.00000000    0.00229816  0.00000000    0.00531442  0.00789813
  0.00229816  0.00000000    0.25794239  0.00000000    0.00531442  0.00789813
  0.00531442 -0.00789813    0.00531442 -0.00789813    0.31563911  0.00000000
    1    2
  0.06441475 -0.06679727   -0.15226085 -0.04860738   -0.04679087  0.04132596
 -0.15226085 -0.04860738    0.06441475 -0.06679727   -0.04679087  0.04132596
 -0.04679087  0.04132596   -0.04679087  0.04132596    0.08378436 -0.06515285
    2    1
  0.06441475  0.06679727   -0.15226085  0.04860738   -0.04679087 -0.04132596
 -0.15226085  0.04860738    0.06441475  0.06679727   -0.04679087 -0.04132596
 -0.04679087 -0.04132596   -0.04679087 -0.04132596    0.08378436  0.06515285
    2    2
  0.25794239  0.00000000    0.00229816  0.00000000    0.00531442 -0.00789813
  0.00229816  0.00000000    0.25794239  0.00000000    0.00531442 -0.00789813
  0.00531442  0.00789813    0.00531442  0.00789813    0.31563911  0.00000000

     Dynamical  Matrix in cartesian axes

     q = (    0.250000000  -0.750000000  -0.750000000 ) 

    1    1
  0.31563911  0.00000000   -0.00531442  0.00789813   -0.00531442  0.00789813
 -0.00531442 -0.00789813    0.25794239  0.00000000    0.00229816  0.00000000
 -0.00531442 -0.00789813    0.00229816  0.00000000    0.25794239  0.00000000
    1    2
 -0.06515285 -0.08378436   -0.04132596 -0.04679087   -0.04132596 -0.04679087
 -0.04132596 -0.04679087   -0.06679727 -0.06441475   -0.04860738  0.15226085
 -0.04132596 -0.04679087   -0.04860738  0.15226085   -0.06679727 -0.06441475
    2    1
 -0.06515285  0.08378436   -0.04132596  0.04679087   -0.04132596  0.04679087
 -0.04132596  0.04679087   -0.06679727  0.06441475   -0.04860738 -0.15226085
 -0.04132596  0.04679087   -0.04860738 -0.15226085   -0.06679727  0.06441475
    2    2
  0.31563911  0.00000000   -0.00531442 -0.00789813   -0.00531442 -0.00789813
 -0.00531442  0.00789813    0.25794239  0.00000000    0.00229816  0.00000000
 -0.00531442  0.00789813    0.00229816  0.00000000    0.25794239  0.00000000

     Dynamical  Matrix in cartesian axes

     q = (    0.750000000  -0.750000000  -0.250000000 ) 

    1    1
  0.25794239  0.00000000   -0.00229816  0.00000000   -0.00531442 -0.00789813
 -0.00229816  0.00000000    0.25794239  0.00000000    0.00531442  0.00789813
 -0.00531442  0.00789813    0.00531442 -0.00789813    0.31563911  0.00000000
    1    2
 -0.06441475  0.06679727   -0.15226085 -0.04860738   -0.04679087  0.04132596
 -0.15226085 -0.04860738   -0.06441475  0.06679727    0.04679087 -0.04132596
 -0.04679087  0.04132596    0.04679087 -0.04132596   -0.08378436  0.06515285
    2    1
 -0.06441475 -0.06679727   -0.15226085  0.04860738   -0.04679087 -0.04132596
 -0.15226085  0.04860738   -0.06441475 -0.06679727    0.04679087  0.04132596
 -0.04679087 -0.04132596    0.04679087  0.04132596   -0.08378436 -0.06515285
    2    2
  0.25794239  0.00000000   -0.00229816  0.00000000   -0.00531442  0.00789813
 -0.00229816  0.00000000    0.25794239  0.00000000    0.00531442 -0.00789813
 -0.00531442 -0.00789813    0.00531442  0.00789813    0.31563911  0.00000000

     Diagonalizing the dynamical matrix

     q = (    0.750000000  -0.250000000   0.750000000 ) 

 **************************************************************************
     freq (    1) =       4.019142 [THz] =     134.064139 [cm-1]
 (  0.041828 -0.498247 -0.000000  0.000000 -0.041828  0.498247 ) 
 (  0.500000  0.000000 -0.000000 -0.000000 -0.500000  0.000000 ) 
     freq (    2) =       5.680779 [THz] =     189.490376 [cm-1]
 ( -0.392750 -0.198760 -0.305084  0.139312 -0.392750 -0.198760 ) 
 ( -0.440180 -0.000000 -0.209306 -0.262059 -0.440180  0.000000 ) 
     freq (    3) =       9.449976 [THz] =     315.217278 [cm-1]
 (  0.134040 -0.249751  0.389841  0.432827  0.134040 -0.249751 ) 
 ( -0.283447 -0.000000  0.197021  0.548177 -0.283447  0.000000 ) 
     freq (    4) =      12.533279 [THz] =     418.065173 [cm-1]
 (  0.090513  0.313970 -0.417204 -0.335263  0.090513  0.313970 ) 
 ( -0.326757  0.000000  0.437711  0.308008 -0.326757  0.000000 ) 
     freq (    5) =      14.142730 [THz] =     471.750695 [cm-1]
 (  0.041828 -0.498247 -0.000000 -0.000000 -0.041828  0.498247 ) 
 ( -0.500000  0.000000 -0.000000  0.000000  0.500000  0.000000 ) 
     freq (    6) =      14.432671 [THz] =     481.422068 [cm-1]
 ( -0.305117 -0.161348 -0.463902  0.215722 -0.305117 -0.161348 ) 
 (  0.345151 -0.000000  0.309250  0.407560  0.345151 -0.000000 ) 
 **************************************************************************
