Dynamical matrix file
                                                                           
  1    2  2 10.2100000  0.0000000  0.0000000  0.0000000  0.0000000  0.0000000
           1  'Si  '    25598.822984527003     
    1    1      0.0000000000      0.0000000000      0.0000000000
    2    1      0.2500000000      0.2500000000      0.2500000000

     Dynamical  Matrix in cartesian axes

     q = (   -0.250000000   0.250000000  -0.250000000 ) 

    1    1
  0.29433629  0.00000000   -0.01152941 -0.00000000    0.01152941  0.00000000
 -0.01152941 -0.00000000    0.29433629  0.00000000   -0.01152941 -0.00000000
  0.01152941  0.00000000   -0.01152941 -0.00000000    0.29433629  0.00000000
    1    2
 -0.21371097 -0.06248407   -0.04346582  0.04365037    0.04346582 -0.04365037
 -0.04346582  0.04365037   -0.21371097 -0.06248407   -0.04346582  0.04365037
  0.04346582 -0.04365037   -0.04346582  0.04365037   -0.21371097 -0.06248407
    2    1
 -0.21371097  0.06248407   -0.04346582 -0.04365037    0.04346582  0.04365037
 -0.04346582 -0.04365037   -0.21371097  0.06248407   -0.04346582 -0.04365037
  0.04346582  0.04365037   -0.04346582 -0.04365037   -0.21371097  0.06248407
    2    2
  0.29433629 -0.00000000   -0.01152941  0.00000000    0.01152941  0.00000000
 -0.01152941  0.00000000    0.29433629 -0.00000000   -0.01152941  0.00000000
  0.01152941 -0.00000000   -0.01152941  0.00000000    0.29433629  0.00000000

     Dynamical  Matrix in cartesian axes

     q = (    0.250000000  -0.250000000  -0.250000000 ) 

    1    1
  0.29433629  0.00000000   -0.01152941 -0.00000000   -0.01152941 -0.00000000
 -0.01152941 -0.00000000    0.29433629  0.00000000    0.01152941  0.00000000
 -0.01152941 -0.00000000    0.01152941  0.00000000    0.29433629  0.00000000
    1    2
 -0.21371097 -0.06248407   -0.04346582  0.04365037   -0.04346582  0.04365037
 -0.04346582  0.04365037   -0.21371097 -0.06248407    0.04346582 -0.04365037
 -0.04346582  0.04365037    0.04346582 -0.04365037   -0.21371097 -0.06248407
    2    1
 -0.21371097  0.06248407   -0.04346582 -0.04365037   -0.04346582 -0.04365037
 -0.04346582 -0.04365037   -0.21371097  0.06248407    0.04346582  0.04365037
 -0.04346582 -0.04365037    0.04346582  0.04365037   -0.21371097  0.06248407
    2    2
  0.29433629 -0.00000000   -0.01152941  0.00000000   -0.01152941  0.00000000
 -0.01152941  0.00000000    0.29433629 -0.00000000    0.01152941 -0.00000000
 -0.01152941  0.00000000    0.01152941 -0.00000000    0.29433629 -0.00000000

     Dynamical  Matrix in cartesian axes

     q = (    0.250000000  -0.250000000   0.250000000 ) 

    1    1
  0.29433629 -0.00000000   -0.01152941  0.00000000    0.01152941 -0.00000000
 -0.01152941  0.00000000    0.29433629 -0.00000000   -0.01152941  0.00000000
  0.01152941 -0.00000000   -0.01152941  0.00000000    0.29433629 -0.00000000
    1    2
 -0.21371097  0.06248407   -0.04346582 -0.04365037    0.04346582  0.04365037
 -0.04346582 -0.04365037   -0.21371097  0.06248407   -0.04346582 -0.04365037
  0.04346582  0.04365037   -0.04346582 -0.04365037   -0.21371097  0.06248407
    2    1
 -0.21371097 -0.06248407   -0.04346582  0.04365037    0.04346582 -0.04365037
 -0.04346582  0.04365037   -0.21371097 -0.06248407   -0.04346582  0.04365037
  0.04346582 -0.04365037   -0.04346582  0.04365037   -0.21371097 -0.06248407
    2    2
  0.29433629  0.00000000   -0.01152941 -0.00000000    0.01152941  0.00000000
 -0.01152941 -0.00000000    0.29433629  0.00000000   -0.01152941 -0.00000000
  0.01152941  0.00000000   -0.01152941 -0.00000000    0.29433629  0.00000000

     Dynamical  Matrix in cartesian axes

     q = (    0.250000000   0.250000000   0.250000000 ) 

    1    1
  0.29433629  0.00000000    0.01152941  0.00000000    0.01152941  0.00000000
  0.01152941  0.00000000    0.29433629  0.00000000    0.01152941  0.00000000
  0.01152941  0.00000000    0.01152941  0.00000000    0.29433629  0.00000000
    1    2
 -0.06248407  0.21371097   -0.04365037 -0.04346582   -0.04365037 -0.04346582
 -0.04365037 -0.04346582   -0.06248407  0.21371097   -0.04365037 -0.04346582
 -0.04365037 -0.04346582   -0.04365037 -0.04346582   -0.06248407  0.21371097
    2    1
 -0.06248407 -0.21371097   -0.04365037  0.04346582   -0.04365037  0.04346582
 -0.04365037  0.04346582   -0.06248407 -0.21371097   -0.04365037  0.04346582
 -0.04365037  0.04346582   -0.04365037  0.04346582   -0.06248407 -0.21371097
    2    2
  0.29433629 -0.00000000    0.01152941 -0.00000000    0.01152941 -0.00000000
  0.01152941 -0.00000000    0.29433629 -0.00000000    0.01152941 -0.00000000
  0.01152941 -0.00000000    0.01152941 -0.00000000    0.29433629 -0.00000000

     Dynamical  Matrix in cartesian axes

     q = (   -0.250000000  -0.250000000  -0.250000000 ) 

    1    1
  0.29433629 -0.00000000    0.01152941 -0.00000000    0.01152941 -0.00000000
  0.01152941 -0.00000000    0.29433629 -0.00000000    0.01152941 -0.00000000
  0.01152941 -0.00000000    0.01152941 -0.00000000    0.29433629 -0.00000000
    1    2
 -0.06248407 -0.21371097   -0.04365037  0.04346582   -0.04365037  0.04346582
 -0.04365037  0.04346582   -0.06248407 -0.21371097   -0.04365037  0.04346582
 -0.04365037  0.04346582   -0.04365037  0.04346582   -0.06248407 -0.21371097
    2    1
 -0.06248407  0.21371097   -0.04365037 -0.04346582   -0.04365037 -0.04346582
 -0.04365037 -0.04346582   -0.06248407  0.21371097   -0.04365037 -0.04346582
 -0.04365037 -0.04346582   -0.04365037 -0.04346582   -0.06248407  0.21371097
    2    2
  0.29433629  0.00000000    0.01152941  0.00000000    0.01152941  0.00000000
  0.01152941  0.00000000    0.29433629  0.00000000    0.01152941  0.00000000
  0.01152941  0.00000000    0.01152941  0.00000000    0.29433629  0.00000000

     Dynamical  Matrix in cartesian axes

     q = (   -0.250000000  -0.250000000   0.250000000 ) 

    1    1
  0.29433629  0.00000000    0.01152941  0.00000000   -0.01152941 -0.00000000
  0.01152941  0.00000000    0.29433629  0.00000000   -0.01152941 -0.00000000
 -0.01152941 -0.00000000   -0.01152941 -0.00000000    0.29433629  0.00000000
    1    2
 -0.21371097 -0.06248407    0.04346582 -0.04365037   -0.04346582  0.04365037
  0.04346582 -0.04365037   -0.21371097 -0.06248407   -0.04346582  0.04365037
 -0.04346582  0.04365037   -0.04346582  0.04365037   -0.21371097 -0.06248407
    2    1
 -0.21371097  0.06248407    0.04346582  0.04365037   -0.04346582 -0.04365037
  0.04346582  0.04365037   -0.21371097  0.06248407   -0.04346582 -0.04365037
 -0.04346582 -0.04365037   -0.04346582 -0.04365037   -0.21371097  0.06248407
    2    2
  0.29433629 -0.00000000    0.01152941 -0.00000000   -0.01152941  0.00000000
  0.01152941 -0.00000000    0.29433629 -0.00000000   -0.01152941  0.00000000
 -0.01152941  0.00000000   -0.01152941  0.00000000    0.29433629 -0.00000000

     Dynamical  Matrix in cartesian axes

     q = (   -0.250000000   0.250000000   0.250000000 ) 

    1    1
  0.29433629 -0.00000000   -0.01152941  0.00000000   -0.01152941  0.00000000
 -0.01152941  0.00000000    0.29433629 -0.00000000    0.01152941 -0.00000000
 -0.01152941  0.00000000    0.01152941 -0.00000000    0.29433629 -0.00000000
    1    2
 -0.21371097  0.06248407   -0.04346582 -0.04365037   -0.04346582 -0.04365037
 -0.04346582 -0.04365037   -0.21371097  0.06248407    0.04346582  0.04365037
 -0.04346582 -0.04365037    0.04346582  0.04365037   -0.21371097  0.06248407
    2    1
 -0.21371097 -0.06248407   -0.04346582  0.04365037   -0.04346582  0.04365037
 -0.04346582  0.04365037   -0.21371097 -0.06248407    0.04346582 -0.04365037
 -0.04346582  0.04365037    0.04346582 -0.04365037   -0.21371097 -0.06248407
    2    2
  0.29433629  0.00000000   -0.01152941 -0.00000000   -0.01152941 -0.00000000
 -0.01152941 -0.00000000    0.29433629  0.00000000    0.01152941  0.00000000
 -0.01152941 -0.00000000    0.01152941  0.00000000    0.29433629  0.00000000

     Dynamical  Matrix in cartesian axes

     q = (    0.250000000   0.250000000  -0.250000000 ) 

    1    1
  0.29433629 -0.00000000    0.01152941 -0.00000000   -0.01152941  0.00000000
  0.01152941 -0.00000000    0.29433629 -0.00000000   -0.01152941  0.00000000
 -0.01152941  0.00000000   -0.01152941  0.00000000    0.29433629 -0.00000000
    1    2
 -0.21371097  0.06248407    0.04346582  0.04365037   -0.04346582 -0.04365037
  0.04346582  0.04365037   -0.21371097  0.06248407   -0.04346582 -0.04365037
 -0.04346582 -0.04365037   -0.04346582 -0.04365037   -0.21371097  0.06248407
    2    1
 -0.21371097 -0.06248407    0.04346582 -0.04365037   -0.04346582  0.04365037
  0.04346582 -0.04365037   -0.21371097 -0.06248407   -0.04346582  0.04365037
 -0.04346582  0.04365037   -0.04346582  0.04365037   -0.21371097 -0.06248407
    2    2
  0.29433629  0.00000000    0.01152941  0.00000000   -0.01152941 -0.00000000
  0.01152941  0.00000000    0.29433629  0.00000000   -0.01152941 -0.00000000
 -0.01152941 -0.00000000   -0.01152941 -0.00000000    0.29433629  0.00000000

     Diagonalizing the dynamical matrix

     q = (   -0.250000000   0.250000000  -0.250000000 ) 

 **************************************************************************
     freq (    1) =       3.247323 [THz] =     108.319020 [cm-1]
 ( -0.133421  0.003410  0.417923  0.043786  0.551344  0.040376 ) 
 ( -0.132816  0.013145  0.420005  0.013145  0.552820 -0.000000 ) 
     freq (    2) =       3.247323 [THz] =     108.319020 [cm-1]
 ( -0.555331 -0.084430 -0.389273 -0.072269  0.166057  0.012161 ) 
 ( -0.560014 -0.043645 -0.393512 -0.043645  0.166502  0.000000 ) 
     freq (    3) =       7.157204 [THz] =     238.738643 [cm-1]
 (  0.263751  0.311612 -0.263751 -0.311612  0.263751  0.311612 ) 
 (  0.408248  0.000000 -0.408248  0.000000  0.408248  0.000000 ) 
     freq (    4) =      14.736373 [THz] =     491.552504 [cm-1]
 (  0.263751  0.311612 -0.263751 -0.311612  0.263751  0.311612 ) 
 ( -0.408248  0.000000  0.408248 -0.000000 -0.408248  0.000000 ) 
     freq (    5) =      15.119315 [THz] =     504.326075 [cm-1]
 ( -0.469727 -0.170845 -0.470076 -0.170871 -0.000348 -0.000025 ) 
 (  0.480951  0.136082  0.481300  0.136082  0.000349  0.000000 ) 
     freq (    6) =      15.119315 [THz] =     504.326075 [cm-1]
 ( -0.288188 -0.021187  0.287620  0.020981  0.575808  0.042168 ) 
 (  0.288966  0.000082 -0.288384  0.000082 -0.577350  0.000000 ) 
 **************************************************************************
