Dynamical matrix file
                                                                           
  1    2  2 10.3540000  0.0000000  0.0000000  0.0000000  0.0000000  0.0000000
           1  'Si  '    25598.822984527003     
    1    1      0.0000000000      0.0000000000      0.0000000000
    2    1      0.2500000000      0.2500000000      0.2500000000

     Dynamical  Matrix in cartesian axes

     q = (    0.750000000  -0.250000000   0.750000000 ) 

    1    1
  0.24230704  0.00000000   -0.00620193  0.00760769    0.00572609  0.00000000
 -0.00620193 -0.00760769    0.29324819  0.00000000   -0.00620193 -0.00760769
  0.00572609  0.00000000   -0.00620193  0.00760769    0.24230704  0.00000000
    1    2
 -0.05954977  0.06064100   -0.03982071  0.04216377   -0.04016448 -0.13186923
 -0.03982071  0.04216377   -0.05797322  0.07908566   -0.03982071  0.04216377
 -0.04016448 -0.13186923   -0.03982071  0.04216377   -0.05954977  0.06064100
    2    1
 -0.05954977 -0.06064100   -0.03982071 -0.04216377   -0.04016448  0.13186923
 -0.03982071 -0.04216377   -0.05797322 -0.07908566   -0.03982071 -0.04216377
 -0.04016448  0.13186923   -0.03982071 -0.04216377   -0.05954977 -0.06064100
    2    2
  0.24230704  0.00000000   -0.00620193 -0.00760769    0.00572609  0.00000000
 -0.00620193  0.00760769    0.29324819  0.00000000   -0.00620193  0.00760769
  0.00572609  0.00000000   -0.00620193 -0.00760769    0.24230704  0.00000000

     Dynamical  Matrix in cartesian axes

     q = (    0.750000000  -0.250000000  -0.750000000 ) 

    1    1
  0.24230704  0.00000000   -0.00620193 -0.00760769   -0.00572609  0.00000000
 -0.00620193  0.00760769    0.29324819  0.00000000    0.00620193 -0.00760769
 -0.00572609  0.00000000    0.00620193  0.00760769    0.24230704  0.00000000
    1    2
 -0.06064100  0.05954977   -0.04216377  0.03982071   -0.13186923 -0.04016448
 -0.04216377  0.03982071   -0.07908566  0.05797322    0.04216377 -0.03982071
 -0.13186923 -0.04016448    0.04216377 -0.03982071   -0.06064100  0.05954977
    2    1
 -0.06064100 -0.05954977   -0.04216377 -0.03982071   -0.13186923  0.04016448
 -0.04216377 -0.03982071   -0.07908566 -0.05797322    0.04216377  0.03982071
 -0.13186923  0.04016448    0.04216377  0.03982071   -0.06064100 -0.05954977
    2    2
  0.24230704  0.00000000   -0.00620193  0.00760769   -0.00572609  0.00000000
 -0.00620193 -0.00760769    0.29324819  0.00000000    0.00620193  0.00760769
 -0.00572609  0.00000000    0.00620193 -0.00760769    0.24230704  0.00000000

     Dynamical  Matrix in cartesian axes

     q = (   -0.750000000  -0.250000000  -0.750000000 ) 

    1    1
  0.24230704  0.00000000    0.00620193 -0.00760769    0.00572609  0.00000000
  0.00620193  0.00760769    0.29324819  0.00000000    0.00620193  0.00760769
  0.00572609  0.00000000    0.00620193 -0.00760769    0.24230704  0.00000000
    1    2
  0.06064100  0.05954977   -0.04216377 -0.03982071   -0.13186923  0.04016448
 -0.04216377 -0.03982071    0.07908566  0.05797322   -0.04216377 -0.03982071
 -0.13186923  0.04016448   -0.04216377 -0.03982071    0.06064100  0.05954977
    2    1
  0.06064100 -0.05954977   -0.04216377  0.03982071   -0.13186923 -0.04016448
 -0.04216377  0.03982071    0.07908566 -0.05797322   -0.04216377  0.03982071
 -0.13186923 -0.04016448   -0.04216377  0.03982071    0.06064100 -0.05954977
    2    2
  0.24230704  0.00000000    0.00620193  0.00760769    0.00572609  0.00000000
  0.00620193 -0.00760769    0.29324819  0.00000000    0.00620193 -0.00760769
  0.00572609  0.00000000    0.00620193  0.00760769    0.24230704  0.00000000

     Dynamical  Matrix in cartesian axes

     q = (   -0.750000000  -0.250000000   0.750000000 ) 

    1    1
  0.24230704  0.00000000    0.00620193  0.00760769   -0.00572609  0.00000000
  0.00620193 -0.00760769    0.29324819  0.00000000   -0.00620193  0.00760769
 -0.00572609  0.00000000   -0.00620193 -0.00760769    0.24230704  0.00000000
    1    2
 -0.06064100  0.05954977    0.04216377 -0.03982071   -0.13186923 -0.04016448
  0.04216377 -0.03982071   -0.07908566  0.05797322   -0.04216377  0.03982071
 -0.13186923 -0.04016448   -0.04216377  0.03982071   -0.06064100  0.05954977
    2    1
 -0.06064100 -0.05954977    0.04216377  0.03982071   -0.13186923  0.04016448
  0.04216377  0.03982071   -0.07908566 -0.05797322   -0.04216377 -0.03982071
 -0.13186923  0.04016448   -0.04216377 -0.03982071   -0.06064100 -0.05954977
    2    2
  0.24230704  0.00000000    0.00620193 -0.00760769   -0.00572609  0.00000000
  0.00620193  0.00760769    0.29324819  0.00000000   -0.00620193 -0.00760769
 -0.00572609  0.00000000   -0.00620193  0.00760769    0.24230704  0.00000000

     Dynamical  Matrix in cartesian axes

     q = (   -0.750000000   0.250000000  -0.750000000 ) 

    1    1
  0.24230704  0.00000000   -0.00620193 -0.00760769    0.00572609  0.00000000
 -0.00620193  0.00760769    0.29324819  0.00000000   -0.00620193  0.00760769
  0.00572609  0.00000000   -0.00620193 -0.00760769    0.24230704  0.00000000
    1    2
 -0.05954977 -0.06064100   -0.03982071 -0.04216377   -0.04016448  0.13186923
 -0.03982071 -0.04216377   -0.05797322 -0.07908566   -0.03982071 -0.04216377
 -0.04016448  0.13186923   -0.03982071 -0.04216377   -0.05954977 -0.06064100
    2    1
 -0.05954977  0.06064100   -0.03982071  0.04216377   -0.04016448 -0.13186923
 -0.03982071  0.04216377   -0.05797322  0.07908566   -0.03982071  0.04216377
 -0.04016448 -0.13186923   -0.03982071  0.04216377   -0.05954977  0.06064100
    2    2
  0.24230704  0.00000000   -0.00620193  0.00760769    0.00572609  0.00000000
 -0.00620193 -0.00760769    0.29324819  0.00000000   -0.00620193 -0.00760769
  0.00572609  0.00000000   -0.00620193  0.00760769    0.24230704  0.00000000

     Dynamical  Matrix in cartesian axes

     q = (   -0.250000000   0.750000000  -0.750000000 ) 

    1    1
  0.29324819  0.00000000   -0.00620193  0.00760769    0.00620193 -0.00760769
 -0.00620193 -0.00760769    0.24230704  0.00000000   -0.00572609  0.00000000
  0.00620193  0.00760769   -0.00572609  0.00000000    0.24230704  0.00000000
    1    2
 -0.07908566  0.05797322   -0.04216377  0.03982071    0.04216377 -0.03982071
 -0.04216377  0.03982071   -0.06064100  0.05954977   -0.13186923 -0.04016448
  0.04216377 -0.03982071   -0.13186923 -0.04016448   -0.06064100  0.05954977
    2    1
 -0.07908566 -0.05797322   -0.04216377 -0.03982071    0.04216377  0.03982071
 -0.04216377 -0.03982071   -0.06064100 -0.05954977   -0.13186923  0.04016448
  0.04216377  0.03982071   -0.13186923  0.04016448   -0.06064100 -0.05954977
    2    2
  0.29324819  0.00000000   -0.00620193 -0.00760769    0.00620193  0.00760769
 -0.00620193  0.00760769    0.24230704  0.00000000   -0.00572609  0.00000000
  0.00620193 -0.00760769   -0.00572609  0.00000000    0.24230704  0.00000000

     Dynamical  Matrix in cartesian axes

     q = (   -0.750000000   0.750000000  -0.250000000 ) 

    1    1
  0.24230704  0.00000000   -0.00572609  0.00000000    0.00620193  0.00760769
 -0.00572609  0.00000000    0.24230704  0.00000000   -0.00620193 -0.00760769
  0.00620193 -0.00760769   -0.00620193  0.00760769    0.29324819  0.00000000
    1    2
 -0.06064100  0.05954977   -0.13186923 -0.04016448    0.04216377 -0.03982071
 -0.13186923 -0.04016448   -0.06064100  0.05954977   -0.04216377  0.03982071
  0.04216377 -0.03982071   -0.04216377  0.03982071   -0.07908566  0.05797322
    2    1
 -0.06064100 -0.05954977   -0.13186923  0.04016448    0.04216377  0.03982071
 -0.13186923  0.04016448   -0.06064100 -0.05954977   -0.04216377 -0.03982071
  0.04216377  0.03982071   -0.04216377 -0.03982071   -0.07908566 -0.05797322
    2    2
  0.24230704  0.00000000   -0.00572609  0.00000000    0.00620193 -0.00760769
 -0.00572609  0.00000000    0.24230704  0.00000000   -0.00620193  0.00760769
  0.00620193  0.00760769   -0.00620193 -0.00760769    0.29324819  0.00000000

     Dynamical  Matrix in cartesian axes

     q = (    0.750000000   0.250000000   0.750000000 ) 

    1    1
  0.24230704  0.00000000    0.00620193  0.00760769    0.00572609  0.00000000
  0.00620193 -0.00760769    0.29324819  0.00000000    0.00620193 -0.00760769
  0.00572609  0.00000000    0.00620193  0.00760769    0.24230704  0.00000000
    1    2
  0.06064100 -0.05954977   -0.04216377  0.03982071   -0.13186923 -0.04016448
 -0.04216377  0.03982071    0.07908566 -0.05797322   -0.04216377  0.03982071
 -0.13186923 -0.04016448   -0.04216377  0.03982071    0.06064100 -0.05954977
    2    1
  0.06064100  0.05954977   -0.04216377 -0.03982071   -0.13186923  0.04016448
 -0.04216377 -0.03982071    0.07908566  0.05797322   -0.04216377 -0.03982071
 -0.13186923  0.04016448   -0.04216377 -0.03982071    0.06064100  0.05954977
    2    2
  0.24230704  0.00000000    0.00620193 -0.00760769    0.00572609  0.00000000
  0.00620193  0.00760769    0.29324819  0.00000000    0.00620193  0.00760769
  0.00572609  0.00000000    0.00620193 -0.00760769    0.24230704  0.00000000

     Dynamical  Matrix in cartesian axes

     q = (   -0.750000000   0.250000000   0.750000000 ) 

    1    1
  0.24230704  0.00000000   -0.00620193  0.00760769   -0.00572609  0.00000000
 -0.00620193 -0.00760769    0.29324819  0.00000000    0.00620193  0.00760769
 -0.00572609  0.00000000    0.00620193 -0.00760769    0.24230704  0.00000000
    1    2
 -0.06064100 -0.05954977   -0.04216377 -0.03982071   -0.13186923  0.04016448
 -0.04216377 -0.03982071   -0.07908566 -0.05797322    0.04216377  0.03982071
 -0.13186923  0.04016448    0.04216377  0.03982071   -0.06064100 -0.05954977
    2    1
 -0.06064100  0.05954977   -0.04216377  0.03982071   -0.13186923 -0.04016448
 -0.04216377  0.03982071   -0.07908566  0.05797322    0.04216377 -0.03982071
 -0.13186923 -0.04016448    0.04216377 -0.03982071   -0.06064100  0.05954977
    2    2
  0.24230704  0.00000000   -0.00620193 -0.00760769   -0.00572609  0.00000000
 -0.00620193  0.00760769    0.29324819  0.00000000    0.00620193 -0.00760769
 -0.00572609  0.00000000    0.00620193  0.00760769    0.24230704  0.00000000

     Dynamical  Matrix in cartesian axes

     q = (    0.750000000   0.250000000  -0.750000000 ) 

    1    1
  0.24230704  0.00000000    0.00620193 -0.00760769   -0.00572609  0.00000000
  0.00620193  0.00760769    0.29324819  0.00000000   -0.00620193 -0.00760769
 -0.00572609  0.00000000   -0.00620193  0.00760769    0.24230704  0.00000000
    1    2
 -0.06064100 -0.05954977    0.04216377  0.03982071   -0.13186923  0.04016448
  0.04216377  0.03982071   -0.07908566 -0.05797322   -0.04216377 -0.03982071
 -0.13186923  0.04016448   -0.04216377 -0.03982071   -0.06064100 -0.05954977
    2    1
 -0.06064100  0.05954977    0.04216377 -0.03982071   -0.13186923 -0.04016448
  0.04216377 -0.03982071   -0.07908566  0.05797322   -0.04216377  0.03982071
 -0.13186923 -0.04016448   -0.04216377  0.03982071   -0.06064100  0.05954977
    2    2
  0.24230704  0.00000000    0.00620193  0.00760769   -0.00572609  0.00000000
  0.00620193 -0.00760769    0.29324819  0.00000000   -0.00620193  0.00760769
 -0.00572609  0.00000000   -0.00620193 -0.00760769    0.24230704  0.00000000

     Dynamical  Matrix in cartesian axes

     q = (   -0.750000000   0.750000000   0.250000000 ) 

    1    1
  0.24230704  0.00000000   -0.00572609  0.00000000   -0.00620193  0.00760769
 -0.00572609  0.00000000    0.24230704  0.00000000    0.00620193 -0.00760769
 -0.00620193 -0.00760769    0.00620193  0.00760769    0.29324819  0.00000000
    1    2
 -0.06064100 -0.05954977   -0.13186923  0.04016448   -0.04216377 -0.03982071
 -0.13186923  0.04016448   -0.06064100 -0.05954977    0.04216377  0.03982071
 -0.04216377 -0.03982071    0.04216377  0.03982071   -0.07908566 -0.05797322
    2    1
 -0.06064100  0.05954977   -0.13186923 -0.04016448   -0.04216377  0.03982071
 -0.13186923 -0.04016448   -0.06064100  0.05954977    0.04216377 -0.03982071
 -0.04216377  0.03982071    0.04216377 -0.03982071   -0.07908566  0.05797322
    2    2
  0.24230704  0.00000000   -0.00572609  0.00000000   -0.00620193 -0.00760769
 -0.00572609  0.00000000    0.24230704  0.00000000    0.00620193  0.00760769
 -0.00620193  0.00760769    0.00620193 -0.00760769    0.29324819  0.00000000

     Dynamical  Matrix in cartesian axes

     q = (   -0.250000000   0.750000000   0.750000000 ) 

    1    1
  0.29324819  0.00000000   -0.00620193 -0.00760769   -0.00620193 -0.00760769
 -0.00620193  0.00760769    0.24230704  0.00000000    0.00572609  0.00000000
 -0.00620193  0.00760769    0.00572609  0.00000000    0.24230704  0.00000000
    1    2
 -0.05797322  0.07908566   -0.03982071  0.04216377   -0.03982071  0.04216377
 -0.03982071  0.04216377   -0.05954977  0.06064100   -0.04016448 -0.13186923
 -0.03982071  0.04216377   -0.04016448 -0.13186923   -0.05954977  0.06064100
    2    1
 -0.05797322 -0.07908566   -0.03982071 -0.04216377   -0.03982071 -0.04216377
 -0.03982071 -0.04216377   -0.05954977 -0.06064100   -0.04016448  0.13186923
 -0.03982071 -0.04216377   -0.04016448  0.13186923   -0.05954977 -0.06064100
    2    2
  0.29324819  0.00000000   -0.00620193  0.00760769   -0.00620193  0.00760769
 -0.00620193 -0.00760769    0.24230704  0.00000000    0.00572609  0.00000000
 -0.00620193 -0.00760769    0.00572609  0.00000000    0.24230704  0.00000000

     Dynamical  Matrix in cartesian axes

     q = (    0.250000000   0.750000000  -0.750000000 ) 

    1    1
  0.29324819  0.00000000    0.00620193  0.00760769   -0.00620193 -0.00760769
  0.00620193 -0.00760769    0.24230704  0.00000000   -0.00572609  0.00000000
 -0.00620193  0.00760769   -0.00572609  0.00000000    0.24230704  0.00000000
    1    2
 -0.07908566 -0.05797322    0.04216377  0.03982071   -0.04216377 -0.03982071
  0.04216377  0.03982071   -0.06064100 -0.05954977   -0.13186923  0.04016448
 -0.04216377 -0.03982071   -0.13186923  0.04016448   -0.06064100 -0.05954977
    2    1
 -0.07908566  0.05797322    0.04216377 -0.03982071   -0.04216377  0.03982071
  0.04216377 -0.03982071   -0.06064100  0.05954977   -0.13186923 -0.04016448
 -0.04216377  0.03982071   -0.13186923 -0.04016448   -0.06064100  0.05954977
    2    2
  0.29324819  0.00000000    0.00620193 -0.00760769   -0.00620193  0.00760769
  0.00620193  0.00760769    0.24230704  0.00000000   -0.00572609  0.00000000
 -0.00620193 -0.00760769   -0.00572609  0.00000000    0.24230704  0.00000000

     Dynamical  Matrix in cartesian axes

     q = (   -0.250000000  -0.750000000  -0.750000000 ) 

    1    1
  0.29324819  0.00000000    0.00620193  0.00760769    0.00620193  0.00760769
  0.00620193 -0.00760769    0.24230704  0.00000000    0.00572609  0.00000000
  0.00620193 -0.00760769    0.00572609  0.00000000    0.24230704  0.00000000
    1    2
  0.07908566  0.05797322   -0.04216377 -0.03982071   -0.04216377 -0.03982071
 -0.04216377 -0.03982071    0.06064100  0.05954977   -0.13186923  0.04016448
 -0.04216377 -0.03982071   -0.13186923  0.04016448    0.06064100  0.05954977
    2    1
  0.07908566 -0.05797322   -0.04216377  0.03982071   -0.04216377  0.03982071
 -0.04216377  0.03982071    0.06064100 -0.05954977   -0.13186923 -0.04016448
 -0.04216377  0.03982071   -0.13186923 -0.04016448    0.06064100 -0.05954977
    2    2
  0.29324819  0.00000000    0.00620193 -0.00760769    0.00620193 -0.00760769
  0.00620193  0.00760769    0.24230704  0.00000000    0.00572609  0.00000000
  0.00620193  0.00760769    0.00572609  0.00000000    0.24230704  0.00000000

     Dynamical  Matrix in cartesian axes

     q = (    0.750000000   0.750000000  -0.250000000 ) 

    1    1
  0.24230704  0.00000000    0.00572609  0.00000000   -0.00620193  0.00760769
  0.00572609  0.00000000    0.24230704  0.00000000   -0.00620193  0.00760769
 -0.00620193 -0.00760769   -0.00620193 -0.00760769    0.29324819  0.00000000
    1    2
 -0.05954977  0.06064100   -0.04016448 -0.13186923   -0.03982071  0.04216377
 -0.04016448 -0.13186923   -0.05954977  0.06064100   -0.03982071  0.04216377
 -0.03982071  0.04216377   -0.03982071  0.04216377   -0.05797322  0.07908566
    2    1
 -0.05954977 -0.06064100   -0.04016448  0.13186923   -0.03982071 -0.04216377
 -0.04016448  0.13186923   -0.05954977 -0.06064100   -0.03982071 -0.04216377
 -0.03982071 -0.04216377   -0.03982071 -0.04216377   -0.05797322 -0.07908566
    2    2
  0.24230704  0.00000000    0.00572609  0.00000000   -0.00620193 -0.00760769
  0.00572609  0.00000000    0.24230704  0.00000000   -0.00620193 -0.00760769
 -0.00620193  0.00760769   -0.00620193  0.00760769    0.29324819  0.00000000

     Dynamical  Matrix in cartesian axes

     q = (    0.750000000  -0.750000000   0.250000000 ) 

    1    1
  0.24230704  0.00000000   -0.00572609  0.00000000    0.00620193 -0.00760769
 -0.00572609  0.00000000    0.24230704  0.00000000   -0.00620193  0.00760769
  0.00620193  0.00760769   -0.00620193 -0.00760769    0.29324819  0.00000000
    1    2
 -0.06064100 -0.05954977   -0.13186923  0.04016448    0.04216377  0.03982071
 -0.13186923  0.04016448   -0.06064100 -0.05954977   -0.04216377 -0.03982071
  0.04216377  0.03982071   -0.04216377 -0.03982071   -0.07908566 -0.05797322
    2    1
 -0.06064100  0.05954977   -0.13186923 -0.04016448    0.04216377 -0.03982071
 -0.13186923 -0.04016448   -0.06064100  0.05954977   -0.04216377  0.03982071
  0.04216377 -0.03982071   -0.04216377  0.03982071   -0.07908566  0.05797322
    2    2
  0.24230704  0.00000000   -0.00572609  0.00000000    0.00620193  0.00760769
 -0.00572609  0.00000000    0.24230704  0.00000000   -0.00620193 -0.00760769
  0.00620193 -0.00760769   -0.00620193  0.00760769    0.29324819  0.00000000

     Dynamical  Matrix in cartesian axes

     q = (   -0.750000000  -0.750000000  -0.250000000 ) 

    1    1
  0.24230704  0.00000000    0.00572609  0.00000000    0.00620193 -0.00760769
  0.00572609  0.00000000    0.24230704  0.00000000    0.00620193 -0.00760769
  0.00620193  0.00760769    0.00620193  0.00760769    0.29324819  0.00000000
    1    2
  0.06064100  0.05954977   -0.13186923  0.04016448   -0.04216377 -0.03982071
 -0.13186923  0.04016448    0.06064100  0.05954977   -0.04216377 -0.03982071
 -0.04216377 -0.03982071   -0.04216377 -0.03982071    0.07908566  0.05797322
    2    1
  0.06064100 -0.05954977   -0.13186923 -0.04016448   -0.04216377  0.03982071
 -0.13186923 -0.04016448    0.06064100 -0.05954977   -0.04216377  0.03982071
 -0.04216377  0.03982071   -0.04216377  0.03982071    0.07908566 -0.05797322
    2    2
  0.24230704  0.00000000    0.00572609  0.00000000    0.00620193  0.00760769
  0.00572609  0.00000000    0.24230704  0.00000000    0.00620193  0.00760769
  0.00620193 -0.00760769    0.00620193 -0.00760769    0.29324819  0.00000000

     Dynamical  Matrix in cartesian axes

     q = (    0.250000000  -0.750000000   0.750000000 ) 

    1    1
  0.29324819  0.00000000   -0.00620193 -0.00760769    0.00620193  0.00760769
 -0.00620193  0.00760769    0.24230704  0.00000000   -0.00572609  0.00000000
  0.00620193 -0.00760769   -0.00572609  0.00000000    0.24230704  0.00000000
    1    2
 -0.07908566 -0.05797322   -0.04216377 -0.03982071    0.04216377  0.03982071
 -0.04216377 -0.03982071   -0.06064100 -0.05954977   -0.13186923  0.04016448
  0.04216377  0.03982071   -0.13186923  0.04016448   -0.06064100 -0.05954977
    2    1
 -0.07908566  0.05797322   -0.04216377  0.03982071    0.04216377 -0.03982071
 -0.04216377  0.03982071   -0.06064100  0.05954977   -0.13186923 -0.04016448
  0.04216377 -0.03982071   -0.13186923 -0.04016448   -0.06064100  0.05954977
    2    2
  0.29324819  0.00000000   -0.00620193  0.00760769    0.00620193 -0.00760769
 -0.00620193 -0.00760769    0.24230704  0.00000000   -0.00572609  0.00000000
  0.00620193  0.00760769   -0.00572609  0.00000000    0.24230704  0.00000000

     Dynamical  Matrix in cartesian axes

     q = (   -0.750000000  -0.750000000   0.250000000 ) 

    1    1
  0.24230704  0.00000000    0.00572609  0.00000000   -0.00620193 -0.00760769
  0.00572609  0.00000000    0.24230704  0.00000000   -0.00620193 -0.00760769
 -0.00620193  0.00760769   -0.00620193  0.00760769    0.29324819  0.00000000
    1    2
 -0.05954977 -0.06064100   -0.04016448  0.13186923   -0.03982071 -0.04216377
 -0.04016448  0.13186923   -0.05954977 -0.06064100   -0.03982071 -0.04216377
 -0.03982071 -0.04216377   -0.03982071 -0.04216377   -0.05797322 -0.07908566
    2    1
 -0.05954977  0.06064100   -0.04016448 -0.13186923   -0.03982071  0.04216377
 -0.04016448 -0.13186923   -0.05954977  0.06064100   -0.03982071  0.04216377
 -0.03982071  0.04216377   -0.03982071  0.04216377   -0.05797322  0.07908566
    2    2
  0.24230704  0.00000000    0.00572609  0.00000000   -0.00620193  0.00760769
  0.00572609  0.00000000    0.24230704  0.00000000   -0.00620193  0.00760769
 -0.00620193 -0.00760769   -0.00620193 -0.00760769    0.29324819  0.00000000

     Dynamical  Matrix in cartesian axes

     q = (    0.250000000   0.750000000   0.750000000 ) 

    1    1
  0.29324819  0.00000000    0.00620193 -0.00760769    0.00620193 -0.00760769
  0.00620193  0.00760769    0.24230704  0.00000000    0.00572609  0.00000000
  0.00620193  0.00760769    0.00572609  0.00000000    0.24230704  0.00000000
    1    2
  0.07908566 -0.05797322   -0.04216377  0.03982071   -0.04216377  0.03982071
 -0.04216377  0.03982071    0.06064100 -0.05954977   -0.13186923 -0.04016448
 -0.04216377  0.03982071   -0.13186923 -0.04016448    0.06064100 -0.05954977
    2    1
  0.07908566  0.05797322   -0.04216377 -0.03982071   -0.04216377 -0.03982071
 -0.04216377 -0.03982071    0.06064100  0.05954977   -0.13186923  0.04016448
 -0.04216377 -0.03982071   -0.13186923  0.04016448    0.06064100  0.05954977
    2    2
  0.29324819  0.00000000    0.00620193  0.00760769    0.00620193  0.00760769
  0.00620193 -0.00760769    0.24230704  0.00000000    0.00572609  0.00000000
  0.00620193 -0.00760769    0.00572609  0.00000000    0.24230704  0.00000000

     Dynamical  Matrix in cartesian axes

     q = (   -0.250000000  -0.750000000   0.750000000 ) 

    1    1
  0.29324819  0.00000000    0.00620193 -0.00760769   -0.00620193  0.00760769
  0.00620193  0.00760769    0.24230704  0.00000000   -0.00572609  0.00000000
 -0.00620193 -0.00760769   -0.00572609  0.00000000    0.24230704  0.00000000
    1    2
 -0.07908566  0.05797322    0.04216377 -0.03982071   -0.04216377  0.03982071
  0.04216377 -0.03982071   -0.06064100  0.05954977   -0.13186923 -0.04016448
 -0.04216377  0.03982071   -0.13186923 -0.04016448   -0.06064100  0.05954977
    2    1
 -0.07908566 -0.05797322    0.04216377  0.03982071   -0.04216377 -0.03982071
  0.04216377  0.03982071   -0.06064100 -0.05954977   -0.13186923  0.04016448
 -0.04216377 -0.03982071   -0.13186923  0.04016448   -0.06064100 -0.05954977
    2    2
  0.29324819  0.00000000    0.00620193  0.00760769   -0.00620193 -0.00760769
  0.00620193 -0.00760769    0.24230704  0.00000000   -0.00572609  0.00000000
 -0.00620193  0.00760769   -0.00572609  0.00000000    0.24230704  0.00000000

     Dynamical  Matrix in cartesian axes

     q = (    0.750000000   0.750000000   0.250000000 ) 

    1    1
  0.24230704  0.00000000    0.00572609  0.00000000    0.00620193  0.00760769
  0.00572609  0.00000000    0.24230704  0.00000000    0.00620193  0.00760769
  0.00620193 -0.00760769    0.00620193 -0.00760769    0.29324819  0.00000000
    1    2
  0.06064100 -0.05954977   -0.13186923 -0.04016448   -0.04216377  0.03982071
 -0.13186923 -0.04016448    0.06064100 -0.05954977   -0.04216377  0.03982071
 -0.04216377  0.03982071   -0.04216377  0.03982071    0.07908566 -0.05797322
    2    1
  0.06064100  0.05954977   -0.13186923  0.04016448   -0.04216377 -0.03982071
 -0.13186923  0.04016448    0.06064100  0.05954977   -0.04216377 -0.03982071
 -0.04216377 -0.03982071   -0.04216377 -0.03982071    0.07908566  0.05797322
    2    2
  0.24230704  0.00000000    0.00572609  0.00000000    0.00620193 -0.00760769
  0.00572609  0.00000000    0.24230704  0.00000000    0.00620193 -0.00760769
  0.00620193  0.00760769    0.00620193  0.00760769    0.29324819  0.00000000

     Dynamical  Matrix in cartesian axes

     q = (    0.250000000  -0.750000000  -0.750000000 ) 

    1    1
  0.29324819  0.00000000   -0.00620193  0.00760769   -0.00620193  0.00760769
 -0.00620193 -0.00760769    0.24230704  0.00000000    0.00572609  0.00000000
 -0.00620193 -0.00760769    0.00572609  0.00000000    0.24230704  0.00000000
    1    2
 -0.05797322 -0.07908566   -0.03982071 -0.04216377   -0.03982071 -0.04216377
 -0.03982071 -0.04216377   -0.05954977 -0.06064100   -0.04016448  0.13186923
 -0.03982071 -0.04216377   -0.04016448  0.13186923   -0.05954977 -0.06064100
    2    1
 -0.05797322  0.07908566   -0.03982071  0.04216377   -0.03982071  0.04216377
 -0.03982071  0.04216377   -0.05954977  0.06064100   -0.04016448 -0.13186923
 -0.03982071  0.04216377   -0.04016448 -0.13186923   -0.05954977  0.06064100
    2    2
  0.29324819  0.00000000   -0.00620193 -0.00760769   -0.00620193 -0.00760769
 -0.00620193  0.00760769    0.24230704  0.00000000    0.00572609  0.00000000
 -0.00620193  0.00760769    0.00572609  0.00000000    0.24230704  0.00000000

     Dynamical  Matrix in cartesian axes

     q = (    0.750000000  -0.750000000  -0.250000000 ) 

    1    1
  0.24230704  0.00000000   -0.00572609  0.00000000   -0.00620193 -0.00760769
 -0.00572609  0.00000000    0.24230704  0.00000000    0.00620193  0.00760769
 -0.00620193  0.00760769    0.00620193 -0.00760769    0.29324819  0.00000000
    1    2
 -0.06064100  0.05954977   -0.13186923 -0.04016448   -0.04216377  0.03982071
 -0.13186923 -0.04016448   -0.06064100  0.05954977    0.04216377 -0.03982071
 -0.04216377  0.03982071    0.04216377 -0.03982071   -0.07908566  0.05797322
    2    1
 -0.06064100 -0.05954977   -0.13186923  0.04016448   -0.04216377 -0.03982071
 -0.13186923  0.04016448   -0.06064100 -0.05954977    0.04216377  0.03982071
 -0.04216377 -0.03982071    0.04216377  0.03982071   -0.07908566 -0.05797322
    2    2
  0.24230704  0.00000000   -0.00572609  0.00000000   -0.00620193  0.00760769
 -0.00572609  0.00000000    0.24230704  0.00000000    0.00620193 -0.00760769
 -0.00620193 -0.00760769    0.00620193  0.00760769    0.29324819  0.00000000

     Diagonalizing the dynamical matrix

     q = (    0.750000000  -0.250000000   0.750000000 ) 

 **************************************************************************
     freq (    1) =       4.268638 [THz] =     142.386445 [cm-1]
 (  0.050095 -0.497484  0.000000 -0.000000 -0.050095  0.497484 ) 
 (  0.500000 -0.000000  0.000000  0.000000 -0.500000  0.000000 ) 
     freq (    2) =       5.889793 [THz] =     196.462355 [cm-1]
 ( -0.391713 -0.158734 -0.344821  0.154358 -0.391713 -0.158734 ) 
 ( -0.422653  0.000000 -0.261607 -0.272562 -0.422653  0.000000 ) 
     freq (    3) =       9.307452 [THz] =     310.463166 [cm-1]
 (  0.110041 -0.291667  0.386444  0.395352  0.110041 -0.291667 ) 
 ( -0.311735 -0.000000  0.233488  0.501124 -0.311735  0.000000 ) 
     freq (    4) =      11.984327 [THz] =     399.754104 [cm-1]
 (  0.089047  0.319188 -0.404381 -0.341842  0.089047  0.319188 ) 
 ( -0.331376 -0.000000  0.437933  0.297648 -0.331376  0.000000 ) 
     freq (    5) =      13.484410 [THz] =     449.791510 [cm-1]
 (  0.050095 -0.497484  0.000000  0.000000 -0.050095  0.497484 ) 
 ( -0.500000 -0.000000 -0.000000 -0.000000  0.500000  0.000000 ) 
     freq (    6) =      13.883801 [THz] =     463.113737 [cm-1]
 ( -0.300855 -0.154471 -0.470954  0.222378 -0.300855 -0.154471 ) 
 (  0.338194  0.000000  0.317386  0.412936  0.338194 -0.000000 ) 
 **************************************************************************
