Dynamical matrix file
                                                                           
  1    2  2 10.3540000  0.0000000  0.0000000  0.0000000  0.0000000  0.0000000
           1  'Si  '    25598.822984527003     
    1    1      0.0000000000      0.0000000000      0.0000000000
    2    1      0.2500000000      0.2500000000      0.2500000000

     Dynamical  Matrix in cartesian axes

     q = (   -0.250000000   0.250000000  -0.250000000 ) 

    1    1
  0.26593737  0.00000000   -0.01161166  0.00000000    0.01161166  0.00000000
 -0.01161166  0.00000000    0.26593737  0.00000000   -0.01161166  0.00000000
  0.01161166  0.00000000   -0.01161166  0.00000000    0.26593737  0.00000000
    1    2
 -0.19814892 -0.05742541   -0.03693172  0.03867893    0.03693172 -0.03867893
 -0.03693172  0.03867893   -0.19814892 -0.05742541   -0.03693172  0.03867893
  0.03693172 -0.03867893   -0.03693172  0.03867893   -0.19814892 -0.05742541
    2    1
 -0.19814892  0.05742541   -0.03693172 -0.03867893    0.03693172  0.03867893
 -0.03693172 -0.03867893   -0.19814892  0.05742541   -0.03693172 -0.03867893
  0.03693172  0.03867893   -0.03693172 -0.03867893   -0.19814892  0.05742541
    2    2
  0.26593737  0.00000000   -0.01161166  0.00000000    0.01161166  0.00000000
 -0.01161166  0.00000000    0.26593737  0.00000000   -0.01161166  0.00000000
  0.01161166  0.00000000   -0.01161166  0.00000000    0.26593737  0.00000000

     Dynamical  Matrix in cartesian axes

     q = (    0.250000000  -0.250000000  -0.250000000 ) 

    1    1
  0.26593737  0.00000000   -0.01161166  0.00000000   -0.01161166  0.00000000
 -0.01161166  0.00000000    0.26593737  0.00000000    0.01161166  0.00000000
 -0.01161166  0.00000000    0.01161166  0.00000000    0.26593737  0.00000000
    1    2
 -0.19814892 -0.05742541   -0.03693172  0.03867893   -0.03693172  0.03867893
 -0.03693172  0.03867893   -0.19814892 -0.05742541    0.03693172 -0.03867893
 -0.03693172  0.03867893    0.03693172 -0.03867893   -0.19814892 -0.05742541
    2    1
 -0.19814892  0.05742541   -0.03693172 -0.03867893   -0.03693172 -0.03867893
 -0.03693172 -0.03867893   -0.19814892  0.05742541    0.03693172  0.03867893
 -0.03693172 -0.03867893    0.03693172  0.03867893   -0.19814892  0.05742541
    2    2
  0.26593737  0.00000000   -0.01161166  0.00000000   -0.01161166  0.00000000
 -0.01161166  0.00000000    0.26593737  0.00000000    0.01161166  0.00000000
 -0.01161166  0.00000000    0.01161166  0.00000000    0.26593737  0.00000000

     Dynamical  Matrix in cartesian axes

     q = (    0.250000000  -0.250000000   0.250000000 ) 

    1    1
  0.26593737  0.00000000   -0.01161166  0.00000000    0.01161166  0.00000000
 -0.01161166  0.00000000    0.26593737  0.00000000   -0.01161166  0.00000000
  0.01161166  0.00000000   -0.01161166  0.00000000    0.26593737  0.00000000
    1    2
 -0.19814892  0.05742541   -0.03693172 -0.03867893    0.03693172  0.03867893
 -0.03693172 -0.03867893   -0.19814892  0.05742541   -0.03693172 -0.03867893
  0.03693172  0.03867893   -0.03693172 -0.03867893   -0.19814892  0.05742541
    2    1
 -0.19814892 -0.05742541   -0.03693172  0.03867893    0.03693172 -0.03867893
 -0.03693172  0.03867893   -0.19814892 -0.05742541   -0.03693172  0.03867893
  0.03693172 -0.03867893   -0.03693172  0.03867893   -0.19814892 -0.05742541
    2    2
  0.26593737  0.00000000   -0.01161166  0.00000000    0.01161166  0.00000000
 -0.01161166  0.00000000    0.26593737  0.00000000   -0.01161166  0.00000000
  0.01161166  0.00000000   -0.01161166  0.00000000    0.26593737  0.00000000

     Dynamical  Matrix in cartesian axes

     q = (    0.250000000   0.250000000   0.250000000 ) 

    1    1
  0.26593737  0.00000000    0.01161166  0.00000000    0.01161166  0.00000000
  0.01161166  0.00000000    0.26593737  0.00000000    0.01161166  0.00000000
  0.01161166  0.00000000    0.01161166  0.00000000    0.26593737  0.00000000
    1    2
 -0.05742541  0.19814892   -0.03867893 -0.03693172   -0.03867893 -0.03693172
 -0.03867893 -0.03693172   -0.05742541  0.19814892   -0.03867893 -0.03693172
 -0.03867893 -0.03693172   -0.03867893 -0.03693172   -0.05742541  0.19814892
    2    1
 -0.05742541 -0.19814892   -0.03867893  0.03693172   -0.03867893  0.03693172
 -0.03867893  0.03693172   -0.05742541 -0.19814892   -0.03867893  0.03693172
 -0.03867893  0.03693172   -0.03867893  0.03693172   -0.05742541 -0.19814892
    2    2
  0.26593737  0.00000000    0.01161166  0.00000000    0.01161166  0.00000000
  0.01161166  0.00000000    0.26593737  0.00000000    0.01161166  0.00000000
  0.01161166  0.00000000    0.01161166  0.00000000    0.26593737  0.00000000

     Dynamical  Matrix in cartesian axes

     q = (   -0.250000000  -0.250000000  -0.250000000 ) 

    1    1
  0.26593737  0.00000000    0.01161166  0.00000000    0.01161166  0.00000000
  0.01161166  0.00000000    0.26593737  0.00000000    0.01161166  0.00000000
  0.01161166  0.00000000    0.01161166  0.00000000    0.26593737  0.00000000
    1    2
 -0.05742541 -0.19814892   -0.03867893  0.03693172   -0.03867893  0.03693172
 -0.03867893  0.03693172   -0.05742541 -0.19814892   -0.03867893  0.03693172
 -0.03867893  0.03693172   -0.03867893  0.03693172   -0.05742541 -0.19814892
    2    1
 -0.05742541  0.19814892   -0.03867893 -0.03693172   -0.03867893 -0.03693172
 -0.03867893 -0.03693172   -0.05742541  0.19814892   -0.03867893 -0.03693172
 -0.03867893 -0.03693172   -0.03867893 -0.03693172   -0.05742541  0.19814892
    2    2
  0.26593737  0.00000000    0.01161166  0.00000000    0.01161166  0.00000000
  0.01161166  0.00000000    0.26593737  0.00000000    0.01161166  0.00000000
  0.01161166  0.00000000    0.01161166  0.00000000    0.26593737  0.00000000

     Dynamical  Matrix in cartesian axes

     q = (   -0.250000000  -0.250000000   0.250000000 ) 

    1    1
  0.26593737  0.00000000    0.01161166  0.00000000   -0.01161166  0.00000000
  0.01161166  0.00000000    0.26593737  0.00000000   -0.01161166  0.00000000
 -0.01161166  0.00000000   -0.01161166  0.00000000    0.26593737  0.00000000
    1    2
 -0.19814892 -0.05742541    0.03693172 -0.03867893   -0.03693172  0.03867893
  0.03693172 -0.03867893   -0.19814892 -0.05742541   -0.03693172  0.03867893
 -0.03693172  0.03867893   -0.03693172  0.03867893   -0.19814892 -0.05742541
    2    1
 -0.19814892  0.05742541    0.03693172  0.03867893   -0.03693172 -0.03867893
  0.03693172  0.03867893   -0.19814892  0.05742541   -0.03693172 -0.03867893
 -0.03693172 -0.03867893   -0.03693172 -0.03867893   -0.19814892  0.05742541
    2    2
  0.26593737  0.00000000    0.01161166  0.00000000   -0.01161166  0.00000000
  0.01161166  0.00000000    0.26593737  0.00000000   -0.01161166  0.00000000
 -0.01161166  0.00000000   -0.01161166  0.00000000    0.26593737  0.00000000

     Dynamical  Matrix in cartesian axes

     q = (   -0.250000000   0.250000000   0.250000000 ) 

    1    1
  0.26593737  0.00000000   -0.01161166  0.00000000   -0.01161166  0.00000000
 -0.01161166  0.00000000    0.26593737  0.00000000    0.01161166  0.00000000
 -0.01161166  0.00000000    0.01161166  0.00000000    0.26593737  0.00000000
    1    2
 -0.19814892  0.05742541   -0.03693172 -0.03867893   -0.03693172 -0.03867893
 -0.03693172 -0.03867893   -0.19814892  0.05742541    0.03693172  0.03867893
 -0.03693172 -0.03867893    0.03693172  0.03867893   -0.19814892  0.05742541
    2    1
 -0.19814892 -0.05742541   -0.03693172  0.03867893   -0.03693172  0.03867893
 -0.03693172  0.03867893   -0.19814892 -0.05742541    0.03693172 -0.03867893
 -0.03693172  0.03867893    0.03693172 -0.03867893   -0.19814892 -0.05742541
    2    2
  0.26593737  0.00000000   -0.01161166  0.00000000   -0.01161166  0.00000000
 -0.01161166  0.00000000    0.26593737  0.00000000    0.01161166  0.00000000
 -0.01161166  0.00000000    0.01161166  0.00000000    0.26593737  0.00000000

     Dynamical  Matrix in cartesian axes

     q = (    0.250000000   0.250000000  -0.250000000 ) 

    1    1
  0.26593737  0.00000000    0.01161166  0.00000000   -0.01161166  0.00000000
  0.01161166  0.00000000    0.26593737  0.00000000   -0.01161166  0.00000000
 -0.01161166  0.00000000   -0.01161166  0.00000000    0.26593737  0.00000000
    1    2
 -0.19814892  0.05742541    0.03693172  0.03867893   -0.03693172 -0.03867893
  0.03693172  0.03867893   -0.19814892  0.05742541   -0.03693172 -0.03867893
 -0.03693172 -0.03867893   -0.03693172 -0.03867893   -0.19814892  0.05742541
    2    1
 -0.19814892 -0.05742541    0.03693172 -0.03867893   -0.03693172  0.03867893
  0.03693172 -0.03867893   -0.19814892 -0.05742541   -0.03693172  0.03867893
 -0.03693172  0.03867893   -0.03693172  0.03867893   -0.19814892 -0.05742541
    2    2
  0.26593737  0.00000000    0.01161166  0.00000000   -0.01161166  0.00000000
  0.01161166  0.00000000    0.26593737  0.00000000   -0.01161166  0.00000000
 -0.01161166  0.00000000   -0.01161166  0.00000000    0.26593737  0.00000000

     Diagonalizing the dynamical matrix

     q = (   -0.250000000   0.250000000  -0.250000000 ) 

 **************************************************************************
     freq (    1) =       2.796642 [THz] =      93.285919 [cm-1]
 (  0.106415 -0.084589  0.539088 -0.050085  0.432673  0.034503 ) 
 (  0.099354 -0.092780  0.533401 -0.092780  0.434046 -0.000000 ) 
     freq (    2) =       2.796642 [THz] =      93.285919 [cm-1]
 ( -0.557723  0.061640 -0.178221  0.091903  0.379501  0.030263 ) 
 ( -0.551058  0.105779 -0.170352  0.105779  0.380706  0.000000 ) 
     freq (    3) =       6.688845 [THz] =     223.115853 [cm-1]
 (  0.276751  0.300126 -0.276751 -0.300126  0.276751  0.300126 ) 
 (  0.408248 -0.000000 -0.408248  0.000000  0.408248  0.000000 ) 
     freq (    4) =      14.134032 [THz] =     471.460568 [cm-1]
 (  0.276751  0.300126 -0.276751 -0.300126  0.276751  0.300126 ) 
 ( -0.408248  0.000000  0.408248  0.000000 -0.408248  0.000000 ) 
     freq (    5) =      14.395631 [THz] =     480.186562 [cm-1]
 ( -0.322411  0.054283  0.244496  0.099491  0.566907  0.045208 ) 
 (  0.317075 -0.079741 -0.251632 -0.079741 -0.568707  0.000000 ) 
     freq (    6) =      14.395631 [THz] =     480.186562 [cm-1]
 ( -0.172998  0.443294 -0.272210  0.435382 -0.099212 -0.007912 ) 
 (  0.137212 -0.455643  0.236739 -0.455643  0.099527  0.000000 ) 
 **************************************************************************
