Dynamical matrix file
                                                                           
  1    2  2 10.3780000  0.0000000  0.0000000  0.0000000  0.0000000  0.0000000
           1  'Si  '    25598.822984527003     
    1    1      0.0000000000      0.0000000000      0.0000000000
    2    1      0.2500000000      0.2500000000      0.2500000000

     Dynamical  Matrix in cartesian axes

     q = (   -0.250000000   0.250000000  -0.250000000 ) 

    1    1
  0.26210181  0.00000000   -0.01149947  0.00000000    0.01149947  0.00000000
 -0.01149947  0.00000000    0.26210181  0.00000000   -0.01149947  0.00000000
  0.01149947  0.00000000   -0.01149947  0.00000000    0.26210181  0.00000000
    1    2
 -0.19543369 -0.05656490   -0.03572556  0.03751546    0.03572556 -0.03751546
 -0.03572556  0.03751546   -0.19543369 -0.05656490   -0.03572556  0.03751546
  0.03572556 -0.03751546   -0.03572556  0.03751546   -0.19543369 -0.05656490
    2    1
 -0.19543369  0.05656490   -0.03572556 -0.03751546    0.03572556  0.03751546
 -0.03572556 -0.03751546   -0.19543369  0.05656490   -0.03572556 -0.03751546
  0.03572556  0.03751546   -0.03572556 -0.03751546   -0.19543369  0.05656490
    2    2
  0.26210181  0.00000000   -0.01149947  0.00000000    0.01149947  0.00000000
 -0.01149947  0.00000000    0.26210181  0.00000000   -0.01149947  0.00000000
  0.01149947  0.00000000   -0.01149947  0.00000000    0.26210181  0.00000000

     Dynamical  Matrix in cartesian axes

     q = (    0.250000000  -0.250000000  -0.250000000 ) 

    1    1
  0.26210181  0.00000000   -0.01149947  0.00000000   -0.01149947  0.00000000
 -0.01149947  0.00000000    0.26210181  0.00000000    0.01149947  0.00000000
 -0.01149947  0.00000000    0.01149947  0.00000000    0.26210181  0.00000000
    1    2
 -0.19543369 -0.05656490   -0.03572556  0.03751546   -0.03572556  0.03751546
 -0.03572556  0.03751546   -0.19543369 -0.05656490    0.03572556 -0.03751546
 -0.03572556  0.03751546    0.03572556 -0.03751546   -0.19543369 -0.05656490
    2    1
 -0.19543369  0.05656490   -0.03572556 -0.03751546   -0.03572556 -0.03751546
 -0.03572556 -0.03751546   -0.19543369  0.05656490    0.03572556  0.03751546
 -0.03572556 -0.03751546    0.03572556  0.03751546   -0.19543369  0.05656490
    2    2
  0.26210181  0.00000000   -0.01149947  0.00000000   -0.01149947  0.00000000
 -0.01149947  0.00000000    0.26210181  0.00000000    0.01149947  0.00000000
 -0.01149947  0.00000000    0.01149947  0.00000000    0.26210181  0.00000000

     Dynamical  Matrix in cartesian axes

     q = (    0.250000000  -0.250000000   0.250000000 ) 

    1    1
  0.26210181  0.00000000   -0.01149947  0.00000000    0.01149947  0.00000000
 -0.01149947  0.00000000    0.26210181  0.00000000   -0.01149947  0.00000000
  0.01149947  0.00000000   -0.01149947  0.00000000    0.26210181  0.00000000
    1    2
 -0.19543369  0.05656490   -0.03572556 -0.03751546    0.03572556  0.03751546
 -0.03572556 -0.03751546   -0.19543369  0.05656490   -0.03572556 -0.03751546
  0.03572556  0.03751546   -0.03572556 -0.03751546   -0.19543369  0.05656490
    2    1
 -0.19543369 -0.05656490   -0.03572556  0.03751546    0.03572556 -0.03751546
 -0.03572556  0.03751546   -0.19543369 -0.05656490   -0.03572556  0.03751546
  0.03572556 -0.03751546   -0.03572556  0.03751546   -0.19543369 -0.05656490
    2    2
  0.26210181  0.00000000   -0.01149947  0.00000000    0.01149947  0.00000000
 -0.01149947  0.00000000    0.26210181  0.00000000   -0.01149947  0.00000000
  0.01149947  0.00000000   -0.01149947  0.00000000    0.26210181  0.00000000

     Dynamical  Matrix in cartesian axes

     q = (    0.250000000   0.250000000   0.250000000 ) 

    1    1
  0.26210181  0.00000000    0.01149947  0.00000000    0.01149947  0.00000000
  0.01149947  0.00000000    0.26210181  0.00000000    0.01149947  0.00000000
  0.01149947  0.00000000    0.01149947  0.00000000    0.26210181  0.00000000
    1    2
 -0.05656490  0.19543369   -0.03751546 -0.03572556   -0.03751546 -0.03572556
 -0.03751546 -0.03572556   -0.05656490  0.19543369   -0.03751546 -0.03572556
 -0.03751546 -0.03572556   -0.03751546 -0.03572556   -0.05656490  0.19543369
    2    1
 -0.05656490 -0.19543369   -0.03751546  0.03572556   -0.03751546  0.03572556
 -0.03751546  0.03572556   -0.05656490 -0.19543369   -0.03751546  0.03572556
 -0.03751546  0.03572556   -0.03751546  0.03572556   -0.05656490 -0.19543369
    2    2
  0.26210181  0.00000000    0.01149947  0.00000000    0.01149947  0.00000000
  0.01149947  0.00000000    0.26210181  0.00000000    0.01149947  0.00000000
  0.01149947  0.00000000    0.01149947  0.00000000    0.26210181  0.00000000

     Dynamical  Matrix in cartesian axes

     q = (   -0.250000000  -0.250000000  -0.250000000 ) 

    1    1
  0.26210181  0.00000000    0.01149947  0.00000000    0.01149947  0.00000000
  0.01149947  0.00000000    0.26210181  0.00000000    0.01149947  0.00000000
  0.01149947  0.00000000    0.01149947  0.00000000    0.26210181  0.00000000
    1    2
 -0.05656490 -0.19543369   -0.03751546  0.03572556   -0.03751546  0.03572556
 -0.03751546  0.03572556   -0.05656490 -0.19543369   -0.03751546  0.03572556
 -0.03751546  0.03572556   -0.03751546  0.03572556   -0.05656490 -0.19543369
    2    1
 -0.05656490  0.19543369   -0.03751546 -0.03572556   -0.03751546 -0.03572556
 -0.03751546 -0.03572556   -0.05656490  0.19543369   -0.03751546 -0.03572556
 -0.03751546 -0.03572556   -0.03751546 -0.03572556   -0.05656490  0.19543369
    2    2
  0.26210181  0.00000000    0.01149947  0.00000000    0.01149947  0.00000000
  0.01149947  0.00000000    0.26210181  0.00000000    0.01149947  0.00000000
  0.01149947  0.00000000    0.01149947  0.00000000    0.26210181  0.00000000

     Dynamical  Matrix in cartesian axes

     q = (   -0.250000000  -0.250000000   0.250000000 ) 

    1    1
  0.26210181  0.00000000    0.01149947  0.00000000   -0.01149947  0.00000000
  0.01149947  0.00000000    0.26210181  0.00000000   -0.01149947  0.00000000
 -0.01149947  0.00000000   -0.01149947  0.00000000    0.26210181  0.00000000
    1    2
 -0.19543369 -0.05656490    0.03572556 -0.03751546   -0.03572556  0.03751546
  0.03572556 -0.03751546   -0.19543369 -0.05656490   -0.03572556  0.03751546
 -0.03572556  0.03751546   -0.03572556  0.03751546   -0.19543369 -0.05656490
    2    1
 -0.19543369  0.05656490    0.03572556  0.03751546   -0.03572556 -0.03751546
  0.03572556  0.03751546   -0.19543369  0.05656490   -0.03572556 -0.03751546
 -0.03572556 -0.03751546   -0.03572556 -0.03751546   -0.19543369  0.05656490
    2    2
  0.26210181  0.00000000    0.01149947  0.00000000   -0.01149947  0.00000000
  0.01149947  0.00000000    0.26210181  0.00000000   -0.01149947  0.00000000
 -0.01149947  0.00000000   -0.01149947  0.00000000    0.26210181  0.00000000

     Dynamical  Matrix in cartesian axes

     q = (   -0.250000000   0.250000000   0.250000000 ) 

    1    1
  0.26210181  0.00000000   -0.01149947  0.00000000   -0.01149947  0.00000000
 -0.01149947  0.00000000    0.26210181  0.00000000    0.01149947  0.00000000
 -0.01149947  0.00000000    0.01149947  0.00000000    0.26210181  0.00000000
    1    2
 -0.19543369  0.05656490   -0.03572556 -0.03751546   -0.03572556 -0.03751546
 -0.03572556 -0.03751546   -0.19543369  0.05656490    0.03572556  0.03751546
 -0.03572556 -0.03751546    0.03572556  0.03751546   -0.19543369  0.05656490
    2    1
 -0.19543369 -0.05656490   -0.03572556  0.03751546   -0.03572556  0.03751546
 -0.03572556  0.03751546   -0.19543369 -0.05656490    0.03572556 -0.03751546
 -0.03572556  0.03751546    0.03572556 -0.03751546   -0.19543369 -0.05656490
    2    2
  0.26210181  0.00000000   -0.01149947  0.00000000   -0.01149947  0.00000000
 -0.01149947  0.00000000    0.26210181  0.00000000    0.01149947  0.00000000
 -0.01149947  0.00000000    0.01149947  0.00000000    0.26210181  0.00000000

     Dynamical  Matrix in cartesian axes

     q = (    0.250000000   0.250000000  -0.250000000 ) 

    1    1
  0.26210181  0.00000000    0.01149947  0.00000000   -0.01149947  0.00000000
  0.01149947  0.00000000    0.26210181  0.00000000   -0.01149947  0.00000000
 -0.01149947  0.00000000   -0.01149947  0.00000000    0.26210181  0.00000000
    1    2
 -0.19543369  0.05656490    0.03572556  0.03751546   -0.03572556 -0.03751546
  0.03572556  0.03751546   -0.19543369  0.05656490   -0.03572556 -0.03751546
 -0.03572556 -0.03751546   -0.03572556 -0.03751546   -0.19543369  0.05656490
    2    1
 -0.19543369 -0.05656490    0.03572556 -0.03751546   -0.03572556  0.03751546
  0.03572556 -0.03751546   -0.19543369 -0.05656490   -0.03572556  0.03751546
 -0.03572556  0.03751546   -0.03572556  0.03751546   -0.19543369 -0.05656490
    2    2
  0.26210181  0.00000000    0.01149947  0.00000000   -0.01149947  0.00000000
  0.01149947  0.00000000    0.26210181  0.00000000   -0.01149947  0.00000000
 -0.01149947  0.00000000   -0.01149947  0.00000000    0.26210181  0.00000000

     Diagonalizing the dynamical matrix

     q = (   -0.250000000   0.250000000  -0.250000000 ) 

 **************************************************************************
     freq (    1) =       2.808762 [THz] =      93.690227 [cm-1]
 ( -0.563712 -0.113166 -0.248222 -0.087167  0.315490  0.025999 ) 
 ( -0.571102 -0.066486 -0.254543 -0.066486  0.316559  0.000000 ) 
     freq (    2) =       2.808762 [THz] =      93.690227 [cm-1]
 (  0.025567  0.045845  0.506765  0.085500  0.481198  0.039655 ) 
 (  0.029246  0.043591  0.512075  0.043591  0.482829  0.000000 ) 
     freq (    3) =       6.640578 [THz] =     221.505838 [cm-1]
 ( -0.279952 -0.297142  0.279952  0.297142 -0.279952 -0.297142 ) 
 ( -0.408248  0.000000  0.408248  0.000000 -0.408248  0.000000 ) 
     freq (    4) =      14.034999 [THz] =     468.157171 [cm-1]
 ( -0.279952 -0.297142  0.279952  0.297142 -0.279952 -0.297142 ) 
 (  0.408248  0.000000 -0.408248  0.000000  0.408248  0.000000 ) 
     freq (    5) =      14.283480 [THz] =     476.445602 [cm-1]
 ( -0.299009  0.347544 -0.404668  0.338837 -0.105659 -0.008707 ) 
 (  0.269456 -0.370928  0.375473 -0.370928  0.106017  0.000000 ) 
     freq (    6) =      14.283480 [THz] =     476.445602 [cm-1]
 (  0.348532 -0.040803 -0.217083 -0.087415 -0.565616 -0.046611 ) 
 ( -0.344004  0.069290  0.223529  0.069290  0.567533  0.000000 ) 
 **************************************************************************
