Dynamical matrix file
                                                                           
  1    2  2 10.3780000  0.0000000  0.0000000  0.0000000  0.0000000  0.0000000
           1  'Si  '    25598.822984527003     
    1    1      0.0000000000      0.0000000000      0.0000000000
    2    1      0.2500000000      0.2500000000      0.2500000000

     Dynamical  Matrix in cartesian axes

     q = (    0.750000000  -0.250000000   0.750000000 ) 

    1    1
  0.23836802  0.00000000   -0.00609573  0.00753345    0.00559054  0.00000000
 -0.00609573 -0.00753345    0.28895284  0.00000000   -0.00609573 -0.00753345
  0.00559054  0.00000000   -0.00609573  0.00753345    0.23836802  0.00000000
    1    2
 -0.05865028  0.05971555   -0.03869003  0.04097758   -0.03901423 -0.12826740
 -0.03869003  0.04097758   -0.05711810  0.07814606   -0.03869003  0.04097758
 -0.03901423 -0.12826740   -0.03869003  0.04097758   -0.05865028  0.05971555
    2    1
 -0.05865028 -0.05971555   -0.03869003 -0.04097758   -0.03901423  0.12826740
 -0.03869003 -0.04097758   -0.05711810 -0.07814606   -0.03869003 -0.04097758
 -0.03901423  0.12826740   -0.03869003 -0.04097758   -0.05865028 -0.05971555
    2    2
  0.23836802  0.00000000   -0.00609573 -0.00753345    0.00559054  0.00000000
 -0.00609573  0.00753345    0.28895284  0.00000000   -0.00609573  0.00753345
  0.00559054  0.00000000   -0.00609573 -0.00753345    0.23836802  0.00000000

     Dynamical  Matrix in cartesian axes

     q = (    0.750000000  -0.250000000  -0.750000000 ) 

    1    1
  0.23836802  0.00000000   -0.00609573 -0.00753345   -0.00559054  0.00000000
 -0.00609573  0.00753345    0.28895284  0.00000000    0.00609573 -0.00753345
 -0.00559054  0.00000000    0.00609573  0.00753345    0.23836802  0.00000000
    1    2
 -0.05971555  0.05865028   -0.04097758  0.03869003   -0.12826740 -0.03901423
 -0.04097758  0.03869003   -0.07814606  0.05711810    0.04097758 -0.03869003
 -0.12826740 -0.03901423    0.04097758 -0.03869003   -0.05971555  0.05865028
    2    1
 -0.05971555 -0.05865028   -0.04097758 -0.03869003   -0.12826740  0.03901423
 -0.04097758 -0.03869003   -0.07814606 -0.05711810    0.04097758  0.03869003
 -0.12826740  0.03901423    0.04097758  0.03869003   -0.05971555 -0.05865028
    2    2
  0.23836802  0.00000000   -0.00609573  0.00753345   -0.00559054  0.00000000
 -0.00609573 -0.00753345    0.28895284  0.00000000    0.00609573  0.00753345
 -0.00559054  0.00000000    0.00609573 -0.00753345    0.23836802  0.00000000

     Dynamical  Matrix in cartesian axes

     q = (   -0.750000000  -0.250000000  -0.750000000 ) 

    1    1
  0.23836802  0.00000000    0.00609573 -0.00753345    0.00559054  0.00000000
  0.00609573  0.00753345    0.28895284  0.00000000    0.00609573  0.00753345
  0.00559054  0.00000000    0.00609573 -0.00753345    0.23836802  0.00000000
    1    2
  0.05971555  0.05865028   -0.04097758 -0.03869003   -0.12826740  0.03901423
 -0.04097758 -0.03869003    0.07814606  0.05711810   -0.04097758 -0.03869003
 -0.12826740  0.03901423   -0.04097758 -0.03869003    0.05971555  0.05865028
    2    1
  0.05971555 -0.05865028   -0.04097758  0.03869003   -0.12826740 -0.03901423
 -0.04097758  0.03869003    0.07814606 -0.05711810   -0.04097758  0.03869003
 -0.12826740 -0.03901423   -0.04097758  0.03869003    0.05971555 -0.05865028
    2    2
  0.23836802  0.00000000    0.00609573  0.00753345    0.00559054  0.00000000
  0.00609573 -0.00753345    0.28895284  0.00000000    0.00609573 -0.00753345
  0.00559054  0.00000000    0.00609573  0.00753345    0.23836802  0.00000000

     Dynamical  Matrix in cartesian axes

     q = (   -0.750000000  -0.250000000   0.750000000 ) 

    1    1
  0.23836802  0.00000000    0.00609573  0.00753345   -0.00559054  0.00000000
  0.00609573 -0.00753345    0.28895284  0.00000000   -0.00609573  0.00753345
 -0.00559054  0.00000000   -0.00609573 -0.00753345    0.23836802  0.00000000
    1    2
 -0.05971555  0.05865028    0.04097758 -0.03869003   -0.12826740 -0.03901423
  0.04097758 -0.03869003   -0.07814606  0.05711810   -0.04097758  0.03869003
 -0.12826740 -0.03901423   -0.04097758  0.03869003   -0.05971555  0.05865028
    2    1
 -0.05971555 -0.05865028    0.04097758  0.03869003   -0.12826740  0.03901423
  0.04097758  0.03869003   -0.07814606 -0.05711810   -0.04097758 -0.03869003
 -0.12826740  0.03901423   -0.04097758 -0.03869003   -0.05971555 -0.05865028
    2    2
  0.23836802  0.00000000    0.00609573 -0.00753345   -0.00559054  0.00000000
  0.00609573  0.00753345    0.28895284  0.00000000   -0.00609573 -0.00753345
 -0.00559054  0.00000000   -0.00609573  0.00753345    0.23836802  0.00000000

     Dynamical  Matrix in cartesian axes

     q = (   -0.750000000   0.250000000  -0.750000000 ) 

    1    1
  0.23836802  0.00000000   -0.00609573 -0.00753345    0.00559054  0.00000000
 -0.00609573  0.00753345    0.28895284  0.00000000   -0.00609573  0.00753345
  0.00559054  0.00000000   -0.00609573 -0.00753345    0.23836802  0.00000000
    1    2
 -0.05865028 -0.05971555   -0.03869003 -0.04097758   -0.03901423  0.12826740
 -0.03869003 -0.04097758   -0.05711810 -0.07814606   -0.03869003 -0.04097758
 -0.03901423  0.12826740   -0.03869003 -0.04097758   -0.05865028 -0.05971555
    2    1
 -0.05865028  0.05971555   -0.03869003  0.04097758   -0.03901423 -0.12826740
 -0.03869003  0.04097758   -0.05711810  0.07814606   -0.03869003  0.04097758
 -0.03901423 -0.12826740   -0.03869003  0.04097758   -0.05865028  0.05971555
    2    2
  0.23836802  0.00000000   -0.00609573  0.00753345    0.00559054  0.00000000
 -0.00609573 -0.00753345    0.28895284  0.00000000   -0.00609573 -0.00753345
  0.00559054  0.00000000   -0.00609573  0.00753345    0.23836802  0.00000000

     Dynamical  Matrix in cartesian axes

     q = (   -0.250000000   0.750000000  -0.750000000 ) 

    1    1
  0.28895284  0.00000000   -0.00609573  0.00753345    0.00609573 -0.00753345
 -0.00609573 -0.00753345    0.23836802  0.00000000   -0.00559054  0.00000000
  0.00609573  0.00753345   -0.00559054  0.00000000    0.23836802  0.00000000
    1    2
 -0.07814606  0.05711810   -0.04097758  0.03869003    0.04097758 -0.03869003
 -0.04097758  0.03869003   -0.05971555  0.05865028   -0.12826740 -0.03901423
  0.04097758 -0.03869003   -0.12826740 -0.03901423   -0.05971555  0.05865028
    2    1
 -0.07814606 -0.05711810   -0.04097758 -0.03869003    0.04097758  0.03869003
 -0.04097758 -0.03869003   -0.05971555 -0.05865028   -0.12826740  0.03901423
  0.04097758  0.03869003   -0.12826740  0.03901423   -0.05971555 -0.05865028
    2    2
  0.28895284  0.00000000   -0.00609573 -0.00753345    0.00609573  0.00753345
 -0.00609573  0.00753345    0.23836802  0.00000000   -0.00559054  0.00000000
  0.00609573 -0.00753345   -0.00559054  0.00000000    0.23836802  0.00000000

     Dynamical  Matrix in cartesian axes

     q = (   -0.750000000   0.750000000  -0.250000000 ) 

    1    1
  0.23836802  0.00000000   -0.00559054  0.00000000    0.00609573  0.00753345
 -0.00559054  0.00000000    0.23836802  0.00000000   -0.00609573 -0.00753345
  0.00609573 -0.00753345   -0.00609573  0.00753345    0.28895284  0.00000000
    1    2
 -0.05971555  0.05865028   -0.12826740 -0.03901423    0.04097758 -0.03869003
 -0.12826740 -0.03901423   -0.05971555  0.05865028   -0.04097758  0.03869003
  0.04097758 -0.03869003   -0.04097758  0.03869003   -0.07814606  0.05711810
    2    1
 -0.05971555 -0.05865028   -0.12826740  0.03901423    0.04097758  0.03869003
 -0.12826740  0.03901423   -0.05971555 -0.05865028   -0.04097758 -0.03869003
  0.04097758  0.03869003   -0.04097758 -0.03869003   -0.07814606 -0.05711810
    2    2
  0.23836802  0.00000000   -0.00559054  0.00000000    0.00609573 -0.00753345
 -0.00559054  0.00000000    0.23836802  0.00000000   -0.00609573  0.00753345
  0.00609573  0.00753345   -0.00609573 -0.00753345    0.28895284  0.00000000

     Dynamical  Matrix in cartesian axes

     q = (    0.750000000   0.250000000   0.750000000 ) 

    1    1
  0.23836802  0.00000000    0.00609573  0.00753345    0.00559054  0.00000000
  0.00609573 -0.00753345    0.28895284  0.00000000    0.00609573 -0.00753345
  0.00559054  0.00000000    0.00609573  0.00753345    0.23836802  0.00000000
    1    2
  0.05971555 -0.05865028   -0.04097758  0.03869003   -0.12826740 -0.03901423
 -0.04097758  0.03869003    0.07814606 -0.05711810   -0.04097758  0.03869003
 -0.12826740 -0.03901423   -0.04097758  0.03869003    0.05971555 -0.05865028
    2    1
  0.05971555  0.05865028   -0.04097758 -0.03869003   -0.12826740  0.03901423
 -0.04097758 -0.03869003    0.07814606  0.05711810   -0.04097758 -0.03869003
 -0.12826740  0.03901423   -0.04097758 -0.03869003    0.05971555  0.05865028
    2    2
  0.23836802  0.00000000    0.00609573 -0.00753345    0.00559054  0.00000000
  0.00609573  0.00753345    0.28895284  0.00000000    0.00609573  0.00753345
  0.00559054  0.00000000    0.00609573 -0.00753345    0.23836802  0.00000000

     Dynamical  Matrix in cartesian axes

     q = (   -0.750000000   0.250000000   0.750000000 ) 

    1    1
  0.23836802  0.00000000   -0.00609573  0.00753345   -0.00559054  0.00000000
 -0.00609573 -0.00753345    0.28895284  0.00000000    0.00609573  0.00753345
 -0.00559054  0.00000000    0.00609573 -0.00753345    0.23836802  0.00000000
    1    2
 -0.05971555 -0.05865028   -0.04097758 -0.03869003   -0.12826740  0.03901423
 -0.04097758 -0.03869003   -0.07814606 -0.05711810    0.04097758  0.03869003
 -0.12826740  0.03901423    0.04097758  0.03869003   -0.05971555 -0.05865028
    2    1
 -0.05971555  0.05865028   -0.04097758  0.03869003   -0.12826740 -0.03901423
 -0.04097758  0.03869003   -0.07814606  0.05711810    0.04097758 -0.03869003
 -0.12826740 -0.03901423    0.04097758 -0.03869003   -0.05971555  0.05865028
    2    2
  0.23836802  0.00000000   -0.00609573 -0.00753345   -0.00559054  0.00000000
 -0.00609573  0.00753345    0.28895284  0.00000000    0.00609573 -0.00753345
 -0.00559054  0.00000000    0.00609573  0.00753345    0.23836802  0.00000000

     Dynamical  Matrix in cartesian axes

     q = (    0.750000000   0.250000000  -0.750000000 ) 

    1    1
  0.23836802  0.00000000    0.00609573 -0.00753345   -0.00559054  0.00000000
  0.00609573  0.00753345    0.28895284  0.00000000   -0.00609573 -0.00753345
 -0.00559054  0.00000000   -0.00609573  0.00753345    0.23836802  0.00000000
    1    2
 -0.05971555 -0.05865028    0.04097758  0.03869003   -0.12826740  0.03901423
  0.04097758  0.03869003   -0.07814606 -0.05711810   -0.04097758 -0.03869003
 -0.12826740  0.03901423   -0.04097758 -0.03869003   -0.05971555 -0.05865028
    2    1
 -0.05971555  0.05865028    0.04097758 -0.03869003   -0.12826740 -0.03901423
  0.04097758 -0.03869003   -0.07814606  0.05711810   -0.04097758  0.03869003
 -0.12826740 -0.03901423   -0.04097758  0.03869003   -0.05971555  0.05865028
    2    2
  0.23836802  0.00000000    0.00609573  0.00753345   -0.00559054  0.00000000
  0.00609573 -0.00753345    0.28895284  0.00000000   -0.00609573  0.00753345
 -0.00559054  0.00000000   -0.00609573 -0.00753345    0.23836802  0.00000000

     Dynamical  Matrix in cartesian axes

     q = (   -0.750000000   0.750000000   0.250000000 ) 

    1    1
  0.23836802  0.00000000   -0.00559054  0.00000000   -0.00609573  0.00753345
 -0.00559054  0.00000000    0.23836802  0.00000000    0.00609573 -0.00753345
 -0.00609573 -0.00753345    0.00609573  0.00753345    0.28895284  0.00000000
    1    2
 -0.05971555 -0.05865028   -0.12826740  0.03901423   -0.04097758 -0.03869003
 -0.12826740  0.03901423   -0.05971555 -0.05865028    0.04097758  0.03869003
 -0.04097758 -0.03869003    0.04097758  0.03869003   -0.07814606 -0.05711810
    2    1
 -0.05971555  0.05865028   -0.12826740 -0.03901423   -0.04097758  0.03869003
 -0.12826740 -0.03901423   -0.05971555  0.05865028    0.04097758 -0.03869003
 -0.04097758  0.03869003    0.04097758 -0.03869003   -0.07814606  0.05711810
    2    2
  0.23836802  0.00000000   -0.00559054  0.00000000   -0.00609573 -0.00753345
 -0.00559054  0.00000000    0.23836802  0.00000000    0.00609573  0.00753345
 -0.00609573  0.00753345    0.00609573 -0.00753345    0.28895284  0.00000000

     Dynamical  Matrix in cartesian axes

     q = (   -0.250000000   0.750000000   0.750000000 ) 

    1    1
  0.28895284  0.00000000   -0.00609573 -0.00753345   -0.00609573 -0.00753345
 -0.00609573  0.00753345    0.23836802  0.00000000    0.00559054  0.00000000
 -0.00609573  0.00753345    0.00559054  0.00000000    0.23836802  0.00000000
    1    2
 -0.05711810  0.07814606   -0.03869003  0.04097758   -0.03869003  0.04097758
 -0.03869003  0.04097758   -0.05865028  0.05971555   -0.03901423 -0.12826740
 -0.03869003  0.04097758   -0.03901423 -0.12826740   -0.05865028  0.05971555
    2    1
 -0.05711810 -0.07814606   -0.03869003 -0.04097758   -0.03869003 -0.04097758
 -0.03869003 -0.04097758   -0.05865028 -0.05971555   -0.03901423  0.12826740
 -0.03869003 -0.04097758   -0.03901423  0.12826740   -0.05865028 -0.05971555
    2    2
  0.28895284  0.00000000   -0.00609573  0.00753345   -0.00609573  0.00753345
 -0.00609573 -0.00753345    0.23836802  0.00000000    0.00559054  0.00000000
 -0.00609573 -0.00753345    0.00559054  0.00000000    0.23836802  0.00000000

     Dynamical  Matrix in cartesian axes

     q = (    0.250000000   0.750000000  -0.750000000 ) 

    1    1
  0.28895284  0.00000000    0.00609573  0.00753345   -0.00609573 -0.00753345
  0.00609573 -0.00753345    0.23836802  0.00000000   -0.00559054  0.00000000
 -0.00609573  0.00753345   -0.00559054  0.00000000    0.23836802  0.00000000
    1    2
 -0.07814606 -0.05711810    0.04097758  0.03869003   -0.04097758 -0.03869003
  0.04097758  0.03869003   -0.05971555 -0.05865028   -0.12826740  0.03901423
 -0.04097758 -0.03869003   -0.12826740  0.03901423   -0.05971555 -0.05865028
    2    1
 -0.07814606  0.05711810    0.04097758 -0.03869003   -0.04097758  0.03869003
  0.04097758 -0.03869003   -0.05971555  0.05865028   -0.12826740 -0.03901423
 -0.04097758  0.03869003   -0.12826740 -0.03901423   -0.05971555  0.05865028
    2    2
  0.28895284  0.00000000    0.00609573 -0.00753345   -0.00609573  0.00753345
  0.00609573  0.00753345    0.23836802  0.00000000   -0.00559054  0.00000000
 -0.00609573 -0.00753345   -0.00559054  0.00000000    0.23836802  0.00000000

     Dynamical  Matrix in cartesian axes

     q = (   -0.250000000  -0.750000000  -0.750000000 ) 

    1    1
  0.28895284  0.00000000    0.00609573  0.00753345    0.00609573  0.00753345
  0.00609573 -0.00753345    0.23836802  0.00000000    0.00559054  0.00000000
  0.00609573 -0.00753345    0.00559054  0.00000000    0.23836802  0.00000000
    1    2
  0.07814606  0.05711810   -0.04097758 -0.03869003   -0.04097758 -0.03869003
 -0.04097758 -0.03869003    0.05971555  0.05865028   -0.12826740  0.03901423
 -0.04097758 -0.03869003   -0.12826740  0.03901423    0.05971555  0.05865028
    2    1
  0.07814606 -0.05711810   -0.04097758  0.03869003   -0.04097758  0.03869003
 -0.04097758  0.03869003    0.05971555 -0.05865028   -0.12826740 -0.03901423
 -0.04097758  0.03869003   -0.12826740 -0.03901423    0.05971555 -0.05865028
    2    2
  0.28895284  0.00000000    0.00609573 -0.00753345    0.00609573 -0.00753345
  0.00609573  0.00753345    0.23836802  0.00000000    0.00559054  0.00000000
  0.00609573  0.00753345    0.00559054  0.00000000    0.23836802  0.00000000

     Dynamical  Matrix in cartesian axes

     q = (    0.750000000   0.750000000  -0.250000000 ) 

    1    1
  0.23836802  0.00000000    0.00559054  0.00000000   -0.00609573  0.00753345
  0.00559054  0.00000000    0.23836802  0.00000000   -0.00609573  0.00753345
 -0.00609573 -0.00753345   -0.00609573 -0.00753345    0.28895284  0.00000000
    1    2
 -0.05865028  0.05971555   -0.03901423 -0.12826740   -0.03869003  0.04097758
 -0.03901423 -0.12826740   -0.05865028  0.05971555   -0.03869003  0.04097758
 -0.03869003  0.04097758   -0.03869003  0.04097758   -0.05711810  0.07814606
    2    1
 -0.05865028 -0.05971555   -0.03901423  0.12826740   -0.03869003 -0.04097758
 -0.03901423  0.12826740   -0.05865028 -0.05971555   -0.03869003 -0.04097758
 -0.03869003 -0.04097758   -0.03869003 -0.04097758   -0.05711810 -0.07814606
    2    2
  0.23836802  0.00000000    0.00559054  0.00000000   -0.00609573 -0.00753345
  0.00559054  0.00000000    0.23836802  0.00000000   -0.00609573 -0.00753345
 -0.00609573  0.00753345   -0.00609573  0.00753345    0.28895284  0.00000000

     Dynamical  Matrix in cartesian axes

     q = (    0.750000000  -0.750000000   0.250000000 ) 

    1    1
  0.23836802  0.00000000   -0.00559054  0.00000000    0.00609573 -0.00753345
 -0.00559054  0.00000000    0.23836802  0.00000000   -0.00609573  0.00753345
  0.00609573  0.00753345   -0.00609573 -0.00753345    0.28895284  0.00000000
    1    2
 -0.05971555 -0.05865028   -0.12826740  0.03901423    0.04097758  0.03869003
 -0.12826740  0.03901423   -0.05971555 -0.05865028   -0.04097758 -0.03869003
  0.04097758  0.03869003   -0.04097758 -0.03869003   -0.07814606 -0.05711810
    2    1
 -0.05971555  0.05865028   -0.12826740 -0.03901423    0.04097758 -0.03869003
 -0.12826740 -0.03901423   -0.05971555  0.05865028   -0.04097758  0.03869003
  0.04097758 -0.03869003   -0.04097758  0.03869003   -0.07814606  0.05711810
    2    2
  0.23836802  0.00000000   -0.00559054  0.00000000    0.00609573  0.00753345
 -0.00559054  0.00000000    0.23836802  0.00000000   -0.00609573 -0.00753345
  0.00609573 -0.00753345   -0.00609573  0.00753345    0.28895284  0.00000000

     Dynamical  Matrix in cartesian axes

     q = (   -0.750000000  -0.750000000  -0.250000000 ) 

    1    1
  0.23836802  0.00000000    0.00559054  0.00000000    0.00609573 -0.00753345
  0.00559054  0.00000000    0.23836802  0.00000000    0.00609573 -0.00753345
  0.00609573  0.00753345    0.00609573  0.00753345    0.28895284  0.00000000
    1    2
  0.05971555  0.05865028   -0.12826740  0.03901423   -0.04097758 -0.03869003
 -0.12826740  0.03901423    0.05971555  0.05865028   -0.04097758 -0.03869003
 -0.04097758 -0.03869003   -0.04097758 -0.03869003    0.07814606  0.05711810
    2    1
  0.05971555 -0.05865028   -0.12826740 -0.03901423   -0.04097758  0.03869003
 -0.12826740 -0.03901423    0.05971555 -0.05865028   -0.04097758  0.03869003
 -0.04097758  0.03869003   -0.04097758  0.03869003    0.07814606 -0.05711810
    2    2
  0.23836802  0.00000000    0.00559054  0.00000000    0.00609573  0.00753345
  0.00559054  0.00000000    0.23836802  0.00000000    0.00609573  0.00753345
  0.00609573 -0.00753345    0.00609573 -0.00753345    0.28895284  0.00000000

     Dynamical  Matrix in cartesian axes

     q = (    0.250000000  -0.750000000   0.750000000 ) 

    1    1
  0.28895284  0.00000000   -0.00609573 -0.00753345    0.00609573  0.00753345
 -0.00609573  0.00753345    0.23836802  0.00000000   -0.00559054  0.00000000
  0.00609573 -0.00753345   -0.00559054  0.00000000    0.23836802  0.00000000
    1    2
 -0.07814606 -0.05711810   -0.04097758 -0.03869003    0.04097758  0.03869003
 -0.04097758 -0.03869003   -0.05971555 -0.05865028   -0.12826740  0.03901423
  0.04097758  0.03869003   -0.12826740  0.03901423   -0.05971555 -0.05865028
    2    1
 -0.07814606  0.05711810   -0.04097758  0.03869003    0.04097758 -0.03869003
 -0.04097758  0.03869003   -0.05971555  0.05865028   -0.12826740 -0.03901423
  0.04097758 -0.03869003   -0.12826740 -0.03901423   -0.05971555  0.05865028
    2    2
  0.28895284  0.00000000   -0.00609573  0.00753345    0.00609573 -0.00753345
 -0.00609573 -0.00753345    0.23836802  0.00000000   -0.00559054  0.00000000
  0.00609573  0.00753345   -0.00559054  0.00000000    0.23836802  0.00000000

     Dynamical  Matrix in cartesian axes

     q = (   -0.750000000  -0.750000000   0.250000000 ) 

    1    1
  0.23836802  0.00000000    0.00559054  0.00000000   -0.00609573 -0.00753345
  0.00559054  0.00000000    0.23836802  0.00000000   -0.00609573 -0.00753345
 -0.00609573  0.00753345   -0.00609573  0.00753345    0.28895284  0.00000000
    1    2
 -0.05865028 -0.05971555   -0.03901423  0.12826740   -0.03869003 -0.04097758
 -0.03901423  0.12826740   -0.05865028 -0.05971555   -0.03869003 -0.04097758
 -0.03869003 -0.04097758   -0.03869003 -0.04097758   -0.05711810 -0.07814606
    2    1
 -0.05865028  0.05971555   -0.03901423 -0.12826740   -0.03869003  0.04097758
 -0.03901423 -0.12826740   -0.05865028  0.05971555   -0.03869003  0.04097758
 -0.03869003  0.04097758   -0.03869003  0.04097758   -0.05711810  0.07814606
    2    2
  0.23836802  0.00000000    0.00559054  0.00000000   -0.00609573  0.00753345
  0.00559054  0.00000000    0.23836802  0.00000000   -0.00609573  0.00753345
 -0.00609573 -0.00753345   -0.00609573 -0.00753345    0.28895284  0.00000000

     Dynamical  Matrix in cartesian axes

     q = (    0.250000000   0.750000000   0.750000000 ) 

    1    1
  0.28895284  0.00000000    0.00609573 -0.00753345    0.00609573 -0.00753345
  0.00609573  0.00753345    0.23836802  0.00000000    0.00559054  0.00000000
  0.00609573  0.00753345    0.00559054  0.00000000    0.23836802  0.00000000
    1    2
  0.07814606 -0.05711810   -0.04097758  0.03869003   -0.04097758  0.03869003
 -0.04097758  0.03869003    0.05971555 -0.05865028   -0.12826740 -0.03901423
 -0.04097758  0.03869003   -0.12826740 -0.03901423    0.05971555 -0.05865028
    2    1
  0.07814606  0.05711810   -0.04097758 -0.03869003   -0.04097758 -0.03869003
 -0.04097758 -0.03869003    0.05971555  0.05865028   -0.12826740  0.03901423
 -0.04097758 -0.03869003   -0.12826740  0.03901423    0.05971555  0.05865028
    2    2
  0.28895284  0.00000000    0.00609573  0.00753345    0.00609573  0.00753345
  0.00609573 -0.00753345    0.23836802  0.00000000    0.00559054  0.00000000
  0.00609573 -0.00753345    0.00559054  0.00000000    0.23836802  0.00000000

     Dynamical  Matrix in cartesian axes

     q = (   -0.250000000  -0.750000000   0.750000000 ) 

    1    1
  0.28895284  0.00000000    0.00609573 -0.00753345   -0.00609573  0.00753345
  0.00609573  0.00753345    0.23836802  0.00000000   -0.00559054  0.00000000
 -0.00609573 -0.00753345   -0.00559054  0.00000000    0.23836802  0.00000000
    1    2
 -0.07814606  0.05711810    0.04097758 -0.03869003   -0.04097758  0.03869003
  0.04097758 -0.03869003   -0.05971555  0.05865028   -0.12826740 -0.03901423
 -0.04097758  0.03869003   -0.12826740 -0.03901423   -0.05971555  0.05865028
    2    1
 -0.07814606 -0.05711810    0.04097758  0.03869003   -0.04097758 -0.03869003
  0.04097758  0.03869003   -0.05971555 -0.05865028   -0.12826740  0.03901423
 -0.04097758 -0.03869003   -0.12826740  0.03901423   -0.05971555 -0.05865028
    2    2
  0.28895284  0.00000000    0.00609573  0.00753345   -0.00609573 -0.00753345
  0.00609573 -0.00753345    0.23836802  0.00000000   -0.00559054  0.00000000
 -0.00609573  0.00753345   -0.00559054  0.00000000    0.23836802  0.00000000

     Dynamical  Matrix in cartesian axes

     q = (    0.750000000   0.750000000   0.250000000 ) 

    1    1
  0.23836802  0.00000000    0.00559054  0.00000000    0.00609573  0.00753345
  0.00559054  0.00000000    0.23836802  0.00000000    0.00609573  0.00753345
  0.00609573 -0.00753345    0.00609573 -0.00753345    0.28895284  0.00000000
    1    2
  0.05971555 -0.05865028   -0.12826740 -0.03901423   -0.04097758  0.03869003
 -0.12826740 -0.03901423    0.05971555 -0.05865028   -0.04097758  0.03869003
 -0.04097758  0.03869003   -0.04097758  0.03869003    0.07814606 -0.05711810
    2    1
  0.05971555  0.05865028   -0.12826740  0.03901423   -0.04097758 -0.03869003
 -0.12826740  0.03901423    0.05971555  0.05865028   -0.04097758 -0.03869003
 -0.04097758 -0.03869003   -0.04097758 -0.03869003    0.07814606  0.05711810
    2    2
  0.23836802  0.00000000    0.00559054  0.00000000    0.00609573 -0.00753345
  0.00559054  0.00000000    0.23836802  0.00000000    0.00609573 -0.00753345
  0.00609573  0.00753345    0.00609573  0.00753345    0.28895284  0.00000000

     Dynamical  Matrix in cartesian axes

     q = (    0.250000000  -0.750000000  -0.750000000 ) 

    1    1
  0.28895284  0.00000000   -0.00609573  0.00753345   -0.00609573  0.00753345
 -0.00609573 -0.00753345    0.23836802  0.00000000    0.00559054  0.00000000
 -0.00609573 -0.00753345    0.00559054  0.00000000    0.23836802  0.00000000
    1    2
 -0.05711810 -0.07814606   -0.03869003 -0.04097758   -0.03869003 -0.04097758
 -0.03869003 -0.04097758   -0.05865028 -0.05971555   -0.03901423  0.12826740
 -0.03869003 -0.04097758   -0.03901423  0.12826740   -0.05865028 -0.05971555
    2    1
 -0.05711810  0.07814606   -0.03869003  0.04097758   -0.03869003  0.04097758
 -0.03869003  0.04097758   -0.05865028  0.05971555   -0.03901423 -0.12826740
 -0.03869003  0.04097758   -0.03901423 -0.12826740   -0.05865028  0.05971555
    2    2
  0.28895284  0.00000000   -0.00609573 -0.00753345   -0.00609573 -0.00753345
 -0.00609573  0.00753345    0.23836802  0.00000000    0.00559054  0.00000000
 -0.00609573  0.00753345    0.00559054  0.00000000    0.23836802  0.00000000

     Dynamical  Matrix in cartesian axes

     q = (    0.750000000  -0.750000000  -0.250000000 ) 

    1    1
  0.23836802  0.00000000   -0.00559054  0.00000000   -0.00609573 -0.00753345
 -0.00559054  0.00000000    0.23836802  0.00000000    0.00609573  0.00753345
 -0.00609573  0.00753345    0.00609573 -0.00753345    0.28895284  0.00000000
    1    2
 -0.05971555  0.05865028   -0.12826740 -0.03901423   -0.04097758  0.03869003
 -0.12826740 -0.03901423   -0.05971555  0.05865028    0.04097758 -0.03869003
 -0.04097758  0.03869003    0.04097758 -0.03869003   -0.07814606  0.05711810
    2    1
 -0.05971555 -0.05865028   -0.12826740  0.03901423   -0.04097758 -0.03869003
 -0.12826740  0.03901423   -0.05971555 -0.05865028    0.04097758  0.03869003
 -0.04097758 -0.03869003    0.04097758  0.03869003   -0.07814606 -0.05711810
    2    2
  0.23836802  0.00000000   -0.00559054  0.00000000   -0.00609573  0.00753345
 -0.00559054  0.00000000    0.23836802  0.00000000    0.00609573 -0.00753345
 -0.00609573 -0.00753345    0.00609573  0.00753345    0.28895284  0.00000000

     Diagonalizing the dynamical matrix

     q = (    0.750000000  -0.250000000   0.750000000 ) 

 **************************************************************************
     freq (    1) =       4.301917 [THz] =     143.496510 [cm-1]
 ( -0.051946  0.497294 -0.000000  0.000000  0.051946 -0.497294 ) 
 ( -0.500000 -0.000000 -0.000000 -0.000000  0.500000  0.000000 ) 
     freq (    2) =       5.898097 [THz] =     196.739341 [cm-1]
 ( -0.392857 -0.154824 -0.345529  0.154906 -0.392857 -0.154824 ) 
 ( -0.422264 -0.000000 -0.264669 -0.270807 -0.422264  0.000000 ) 
     freq (    3) =       9.245305 [THz] =     308.390191 [cm-1]
 ( -0.104738  0.294296 -0.391845 -0.388969 -0.104738  0.294296 ) 
 (  0.312378  0.000000 -0.235070 -0.499581  0.312378  0.000000 ) 
     freq (    4) =      11.879355 [THz] =     396.252645 [cm-1]
 ( -0.098250 -0.319696  0.405329  0.334651 -0.098250 -0.319696 ) 
 (  0.334453 -0.000000 -0.438956 -0.289137  0.334453  0.000000 ) 
     freq (    5) =      13.353948 [THz] =     445.439759 [cm-1]
 ( -0.051946  0.497294  0.000000 -0.000000  0.051946 -0.497294 ) 
 (  0.500000  0.000000 -0.000000 -0.000000 -0.500000  0.000000 ) 
     freq (    6) =      13.756543 [THz] =     458.868895 [cm-1]
 (  0.299398  0.150384  0.474755 -0.223827  0.299398  0.150384 ) 
 ( -0.335044 -0.000000 -0.323780 -0.413107 -0.335044  0.000000 ) 
 **************************************************************************
