Dynamical matrix file
                                                                           
  1    2  2 10.2840000  0.0000000  0.0000000  0.0000000  0.0000000  0.0000000
           1  'Si  '    25598.822984527003     
    1    1      0.0000000000      0.0000000000      0.0000000000
    2    1      0.2500000000      0.2500000000      0.2500000000

     Dynamical  Matrix in cartesian axes

     q = (   -0.250000000   0.250000000  -0.250000000 ) 

    1    1
  0.27749030  0.00000000   -0.01195958 -0.00000000    0.01195958  0.00000000
 -0.01195958 -0.00000000    0.27749030  0.00000000   -0.01195958 -0.00000000
  0.01195958  0.00000000   -0.01195958 -0.00000000    0.27749030  0.00000000
    1    2
 -0.20630414 -0.06001940   -0.04060872  0.04221660    0.04060872 -0.04221660
 -0.04060872  0.04221660   -0.20630414 -0.06001940   -0.04060872  0.04221660
  0.04060872 -0.04221660   -0.04060872  0.04221660   -0.20630414 -0.06001940
    2    1
 -0.20630414  0.06001940   -0.04060872 -0.04221660    0.04060872  0.04221660
 -0.04060872 -0.04221660   -0.20630414  0.06001940   -0.04060872 -0.04221660
  0.04060872  0.04221660   -0.04060872 -0.04221660   -0.20630414  0.06001940
    2    2
  0.27749030 -0.00000000   -0.01195958  0.00000000    0.01195958 -0.00000000
 -0.01195958  0.00000000    0.27749030 -0.00000000   -0.01195958  0.00000000
  0.01195958 -0.00000000   -0.01195958  0.00000000    0.27749030 -0.00000000

     Dynamical  Matrix in cartesian axes

     q = (    0.250000000  -0.250000000  -0.250000000 ) 

    1    1
  0.27749030  0.00000000   -0.01195958  0.00000000   -0.01195958 -0.00000000
 -0.01195958 -0.00000000    0.27749030  0.00000000    0.01195958  0.00000000
 -0.01195958  0.00000000    0.01195958  0.00000000    0.27749030  0.00000000
    1    2
 -0.20630414 -0.06001940   -0.04060872  0.04221660   -0.04060872  0.04221660
 -0.04060872  0.04221660   -0.20630414 -0.06001940    0.04060872 -0.04221660
 -0.04060872  0.04221660    0.04060872 -0.04221660   -0.20630414 -0.06001940
    2    1
 -0.20630414  0.06001940   -0.04060872 -0.04221660   -0.04060872 -0.04221660
 -0.04060872 -0.04221660   -0.20630414  0.06001940    0.04060872  0.04221660
 -0.04060872 -0.04221660    0.04060872  0.04221660   -0.20630414  0.06001940
    2    2
  0.27749030 -0.00000000   -0.01195958  0.00000000   -0.01195958  0.00000000
 -0.01195958  0.00000000    0.27749030 -0.00000000    0.01195958 -0.00000000
 -0.01195958  0.00000000    0.01195958 -0.00000000    0.27749030 -0.00000000

     Dynamical  Matrix in cartesian axes

     q = (    0.250000000  -0.250000000   0.250000000 ) 

    1    1
  0.27749030 -0.00000000   -0.01195958  0.00000000    0.01195958 -0.00000000
 -0.01195958  0.00000000    0.27749030 -0.00000000   -0.01195958  0.00000000
  0.01195958 -0.00000000   -0.01195958  0.00000000    0.27749030 -0.00000000
    1    2
 -0.20630414  0.06001940   -0.04060872 -0.04221660    0.04060872  0.04221660
 -0.04060872 -0.04221660   -0.20630414  0.06001940   -0.04060872 -0.04221660
  0.04060872  0.04221660   -0.04060872 -0.04221660   -0.20630414  0.06001940
    2    1
 -0.20630414 -0.06001940   -0.04060872  0.04221660    0.04060872 -0.04221660
 -0.04060872  0.04221660   -0.20630414 -0.06001940   -0.04060872  0.04221660
  0.04060872 -0.04221660   -0.04060872  0.04221660   -0.20630414 -0.06001940
    2    2
  0.27749030  0.00000000   -0.01195958 -0.00000000    0.01195958  0.00000000
 -0.01195958 -0.00000000    0.27749030  0.00000000   -0.01195958 -0.00000000
  0.01195958  0.00000000   -0.01195958 -0.00000000    0.27749030  0.00000000

     Dynamical  Matrix in cartesian axes

     q = (    0.250000000   0.250000000   0.250000000 ) 

    1    1
  0.27749030  0.00000000    0.01195958  0.00000000    0.01195958  0.00000000
  0.01195958  0.00000000    0.27749030  0.00000000    0.01195958  0.00000000
  0.01195958  0.00000000    0.01195958  0.00000000    0.27749030  0.00000000
    1    2
 -0.06001940  0.20630414   -0.04221660 -0.04060872   -0.04221660 -0.04060872
 -0.04221660 -0.04060872   -0.06001940  0.20630414   -0.04221660 -0.04060872
 -0.04221660 -0.04060872   -0.04221660 -0.04060872   -0.06001940  0.20630414
    2    1
 -0.06001940 -0.20630414   -0.04221660  0.04060872   -0.04221660  0.04060872
 -0.04221660  0.04060872   -0.06001940 -0.20630414   -0.04221660  0.04060872
 -0.04221660  0.04060872   -0.04221660  0.04060872   -0.06001940 -0.20630414
    2    2
  0.27749030 -0.00000000    0.01195958 -0.00000000    0.01195958 -0.00000000
  0.01195958 -0.00000000    0.27749030 -0.00000000    0.01195958 -0.00000000
  0.01195958 -0.00000000    0.01195958 -0.00000000    0.27749030 -0.00000000

     Dynamical  Matrix in cartesian axes

     q = (   -0.250000000  -0.250000000  -0.250000000 ) 

    1    1
  0.27749030 -0.00000000    0.01195958 -0.00000000    0.01195958 -0.00000000
  0.01195958 -0.00000000    0.27749030 -0.00000000    0.01195958 -0.00000000
  0.01195958 -0.00000000    0.01195958 -0.00000000    0.27749030 -0.00000000
    1    2
 -0.06001940 -0.20630414   -0.04221660  0.04060872   -0.04221660  0.04060872
 -0.04221660  0.04060872   -0.06001940 -0.20630414   -0.04221660  0.04060872
 -0.04221660  0.04060872   -0.04221660  0.04060872   -0.06001940 -0.20630414
    2    1
 -0.06001940  0.20630414   -0.04221660 -0.04060872   -0.04221660 -0.04060872
 -0.04221660 -0.04060872   -0.06001940  0.20630414   -0.04221660 -0.04060872
 -0.04221660 -0.04060872   -0.04221660 -0.04060872   -0.06001940  0.20630414
    2    2
  0.27749030  0.00000000    0.01195958  0.00000000    0.01195958  0.00000000
  0.01195958  0.00000000    0.27749030  0.00000000    0.01195958  0.00000000
  0.01195958  0.00000000    0.01195958  0.00000000    0.27749030  0.00000000

     Dynamical  Matrix in cartesian axes

     q = (   -0.250000000  -0.250000000   0.250000000 ) 

    1    1
  0.27749030  0.00000000    0.01195958  0.00000000   -0.01195958 -0.00000000
  0.01195958  0.00000000    0.27749030  0.00000000   -0.01195958 -0.00000000
 -0.01195958 -0.00000000   -0.01195958 -0.00000000    0.27749030  0.00000000
    1    2
 -0.20630414 -0.06001940    0.04060872 -0.04221660   -0.04060872  0.04221660
  0.04060872 -0.04221660   -0.20630414 -0.06001940   -0.04060872  0.04221660
 -0.04060872  0.04221660   -0.04060872  0.04221660   -0.20630414 -0.06001940
    2    1
 -0.20630414  0.06001940    0.04060872  0.04221660   -0.04060872 -0.04221660
  0.04060872  0.04221660   -0.20630414  0.06001940   -0.04060872 -0.04221660
 -0.04060872 -0.04221660   -0.04060872 -0.04221660   -0.20630414  0.06001940
    2    2
  0.27749030 -0.00000000    0.01195958 -0.00000000   -0.01195958  0.00000000
  0.01195958 -0.00000000    0.27749030 -0.00000000   -0.01195958  0.00000000
 -0.01195958  0.00000000   -0.01195958  0.00000000    0.27749030 -0.00000000

     Dynamical  Matrix in cartesian axes

     q = (   -0.250000000   0.250000000   0.250000000 ) 

    1    1
  0.27749030 -0.00000000   -0.01195958  0.00000000   -0.01195958  0.00000000
 -0.01195958  0.00000000    0.27749030 -0.00000000    0.01195958 -0.00000000
 -0.01195958  0.00000000    0.01195958 -0.00000000    0.27749030 -0.00000000
    1    2
 -0.20630414  0.06001940   -0.04060872 -0.04221660   -0.04060872 -0.04221660
 -0.04060872 -0.04221660   -0.20630414  0.06001940    0.04060872  0.04221660
 -0.04060872 -0.04221660    0.04060872  0.04221660   -0.20630414  0.06001940
    2    1
 -0.20630414 -0.06001940   -0.04060872  0.04221660   -0.04060872  0.04221660
 -0.04060872  0.04221660   -0.20630414 -0.06001940    0.04060872 -0.04221660
 -0.04060872  0.04221660    0.04060872 -0.04221660   -0.20630414 -0.06001940
    2    2
  0.27749030  0.00000000   -0.01195958 -0.00000000   -0.01195958 -0.00000000
 -0.01195958 -0.00000000    0.27749030  0.00000000    0.01195958  0.00000000
 -0.01195958 -0.00000000    0.01195958  0.00000000    0.27749030  0.00000000

     Dynamical  Matrix in cartesian axes

     q = (    0.250000000   0.250000000  -0.250000000 ) 

    1    1
  0.27749030 -0.00000000    0.01195958 -0.00000000   -0.01195958  0.00000000
  0.01195958 -0.00000000    0.27749030 -0.00000000   -0.01195958  0.00000000
 -0.01195958  0.00000000   -0.01195958  0.00000000    0.27749030 -0.00000000
    1    2
 -0.20630414  0.06001940    0.04060872  0.04221660   -0.04060872 -0.04221660
  0.04060872  0.04221660   -0.20630414  0.06001940   -0.04060872 -0.04221660
 -0.04060872 -0.04221660   -0.04060872 -0.04221660   -0.20630414  0.06001940
    2    1
 -0.20630414 -0.06001940    0.04060872 -0.04221660   -0.04060872  0.04221660
  0.04060872 -0.04221660   -0.20630414 -0.06001940   -0.04060872  0.04221660
 -0.04060872  0.04221660   -0.04060872  0.04221660   -0.20630414 -0.06001940
    2    2
  0.27749030  0.00000000    0.01195958  0.00000000   -0.01195958 -0.00000000
  0.01195958  0.00000000    0.27749030  0.00000000   -0.01195958 -0.00000000
 -0.01195958 -0.00000000   -0.01195958 -0.00000000    0.27749030  0.00000000

     Diagonalizing the dynamical matrix

     q = (   -0.250000000   0.250000000  -0.250000000 ) 

 **************************************************************************
     freq (    1) =       2.756909 [THz] =      91.960590 [cm-1]
 (  0.174487  0.058118 -0.386573  0.017664 -0.561061 -0.040453 ) 
 (  0.178215  0.045419 -0.384302  0.045419 -0.562517  0.000000 ) 
     freq (    2) =       2.756909 [THz] =      91.960590 [cm-1]
 (  0.523595 -0.159243  0.393902 -0.168594 -0.129693 -0.009351 ) 
 (  0.510787 -0.196485  0.380757 -0.196485 -0.130030  0.000000 ) 
     freq (    3) =       6.829709 [THz] =     227.814564 [cm-1]
 ( -0.267245 -0.308620  0.267245  0.308620 -0.267245 -0.308620 ) 
 ( -0.408248  0.000000  0.408248 -0.000000 -0.408248  0.000000 ) 
     freq (    4) =      14.429970 [THz] =     481.331992 [cm-1]
 ( -0.267245 -0.308620  0.267245  0.308620 -0.267245 -0.308620 ) 
 (  0.408248 -0.000000 -0.408248  0.000000  0.408248  0.000000 ) 
     freq (    5) =      14.728533 [THz] =     491.290995 [cm-1]
 ( -0.287842 -0.020733  0.288013  0.020787  0.575855  0.041520 ) 
 (  0.288588 -0.000021 -0.288763 -0.000021 -0.577350  0.000000 ) 
     freq (    6) =      14.728533 [THz] =     491.290995 [cm-1]
 (  0.476525  0.151574  0.476421  0.151566 -0.000104 -0.000007 ) 
 ( -0.486191 -0.116912 -0.486088 -0.116912  0.000104  0.000000 ) 
 **************************************************************************
