Dynamical matrix file
                                                                           
  1    2  2 10.4010000  0.0000000  0.0000000  0.0000000  0.0000000  0.0000000
           1  'Si  '    25598.822984527003     
    1    1      0.0000000000      0.0000000000      0.0000000000
    2    1      0.2500000000      0.2500000000      0.2500000000

     Dynamical  Matrix in cartesian axes

     q = (   -0.250000000   0.250000000  -0.250000000 ) 

    1    1
  0.28840455  0.00000000   -0.01060498  0.00000000    0.01060498  0.00000000
 -0.01060498  0.00000000    0.28840455  0.00000000   -0.01060498  0.00000000
  0.01060498  0.00000000   -0.01060498  0.00000000    0.28840455  0.00000000
    1    2
 -0.21489881 -0.06523461   -0.03347319  0.03405026    0.03347319 -0.03405026
 -0.03347319  0.03405026   -0.21489881 -0.06523461   -0.03347319  0.03405026
  0.03347319 -0.03405026   -0.03347319  0.03405026   -0.21489881 -0.06523461
    2    1
 -0.21489881  0.06523461   -0.03347319 -0.03405026    0.03347319  0.03405026
 -0.03347319 -0.03405026   -0.21489881  0.06523461   -0.03347319 -0.03405026
  0.03347319  0.03405026   -0.03347319 -0.03405026   -0.21489881  0.06523461
    2    2
  0.28840455  0.00000000   -0.01060498  0.00000000    0.01060498  0.00000000
 -0.01060498  0.00000000    0.28840455  0.00000000   -0.01060498  0.00000000
  0.01060498  0.00000000   -0.01060498  0.00000000    0.28840455  0.00000000

     Dynamical  Matrix in cartesian axes

     q = (    0.250000000  -0.250000000  -0.250000000 ) 

    1    1
  0.28840455  0.00000000   -0.01060498  0.00000000   -0.01060498  0.00000000
 -0.01060498  0.00000000    0.28840455  0.00000000    0.01060498  0.00000000
 -0.01060498  0.00000000    0.01060498  0.00000000    0.28840455  0.00000000
    1    2
 -0.21489881 -0.06523461   -0.03347319  0.03405026   -0.03347319  0.03405026
 -0.03347319  0.03405026   -0.21489881 -0.06523461    0.03347319 -0.03405026
 -0.03347319  0.03405026    0.03347319 -0.03405026   -0.21489881 -0.06523461
    2    1
 -0.21489881  0.06523461   -0.03347319 -0.03405026   -0.03347319 -0.03405026
 -0.03347319 -0.03405026   -0.21489881  0.06523461    0.03347319  0.03405026
 -0.03347319 -0.03405026    0.03347319  0.03405026   -0.21489881  0.06523461
    2    2
  0.28840455  0.00000000   -0.01060498  0.00000000   -0.01060498  0.00000000
 -0.01060498  0.00000000    0.28840455  0.00000000    0.01060498  0.00000000
 -0.01060498  0.00000000    0.01060498  0.00000000    0.28840455  0.00000000

     Dynamical  Matrix in cartesian axes

     q = (    0.250000000  -0.250000000   0.250000000 ) 

    1    1
  0.28840455  0.00000000   -0.01060498  0.00000000    0.01060498  0.00000000
 -0.01060498  0.00000000    0.28840455  0.00000000   -0.01060498  0.00000000
  0.01060498  0.00000000   -0.01060498  0.00000000    0.28840455  0.00000000
    1    2
 -0.21489881  0.06523461   -0.03347319 -0.03405026    0.03347319  0.03405026
 -0.03347319 -0.03405026   -0.21489881  0.06523461   -0.03347319 -0.03405026
  0.03347319  0.03405026   -0.03347319 -0.03405026   -0.21489881  0.06523461
    2    1
 -0.21489881 -0.06523461   -0.03347319  0.03405026    0.03347319 -0.03405026
 -0.03347319  0.03405026   -0.21489881 -0.06523461   -0.03347319  0.03405026
  0.03347319 -0.03405026   -0.03347319  0.03405026   -0.21489881 -0.06523461
    2    2
  0.28840455  0.00000000   -0.01060498  0.00000000    0.01060498  0.00000000
 -0.01060498  0.00000000    0.28840455  0.00000000   -0.01060498  0.00000000
  0.01060498  0.00000000   -0.01060498  0.00000000    0.28840455  0.00000000

     Dynamical  Matrix in cartesian axes

     q = (    0.250000000   0.250000000   0.250000000 ) 

    1    1
  0.28840455  0.00000000    0.01060498  0.00000000    0.01060498  0.00000000
  0.01060498  0.00000000    0.28840455  0.00000000    0.01060498  0.00000000
  0.01060498  0.00000000    0.01060498  0.00000000    0.28840455  0.00000000
    1    2
 -0.06523461  0.21489881   -0.03405026 -0.03347319   -0.03405026 -0.03347319
 -0.03405026 -0.03347319   -0.06523461  0.21489881   -0.03405026 -0.03347319
 -0.03405026 -0.03347319   -0.03405026 -0.03347319   -0.06523461  0.21489881
    2    1
 -0.06523461 -0.21489881   -0.03405026  0.03347319   -0.03405026  0.03347319
 -0.03405026  0.03347319   -0.06523461 -0.21489881   -0.03405026  0.03347319
 -0.03405026  0.03347319   -0.03405026  0.03347319   -0.06523461 -0.21489881
    2    2
  0.28840455  0.00000000    0.01060498  0.00000000    0.01060498  0.00000000
  0.01060498  0.00000000    0.28840455  0.00000000    0.01060498  0.00000000
  0.01060498  0.00000000    0.01060498  0.00000000    0.28840455  0.00000000

     Dynamical  Matrix in cartesian axes

     q = (   -0.250000000  -0.250000000  -0.250000000 ) 

    1    1
  0.28840455  0.00000000    0.01060498  0.00000000    0.01060498  0.00000000
  0.01060498  0.00000000    0.28840455  0.00000000    0.01060498  0.00000000
  0.01060498  0.00000000    0.01060498  0.00000000    0.28840455  0.00000000
    1    2
 -0.06523461 -0.21489881   -0.03405026  0.03347319   -0.03405026  0.03347319
 -0.03405026  0.03347319   -0.06523461 -0.21489881   -0.03405026  0.03347319
 -0.03405026  0.03347319   -0.03405026  0.03347319   -0.06523461 -0.21489881
    2    1
 -0.06523461  0.21489881   -0.03405026 -0.03347319   -0.03405026 -0.03347319
 -0.03405026 -0.03347319   -0.06523461  0.21489881   -0.03405026 -0.03347319
 -0.03405026 -0.03347319   -0.03405026 -0.03347319   -0.06523461  0.21489881
    2    2
  0.28840455  0.00000000    0.01060498  0.00000000    0.01060498  0.00000000
  0.01060498  0.00000000    0.28840455  0.00000000    0.01060498  0.00000000
  0.01060498  0.00000000    0.01060498  0.00000000    0.28840455  0.00000000

     Dynamical  Matrix in cartesian axes

     q = (   -0.250000000  -0.250000000   0.250000000 ) 

    1    1
  0.28840455  0.00000000    0.01060498  0.00000000   -0.01060498  0.00000000
  0.01060498  0.00000000    0.28840455  0.00000000   -0.01060498  0.00000000
 -0.01060498  0.00000000   -0.01060498  0.00000000    0.28840455  0.00000000
    1    2
 -0.21489881 -0.06523461    0.03347319 -0.03405026   -0.03347319  0.03405026
  0.03347319 -0.03405026   -0.21489881 -0.06523461   -0.03347319  0.03405026
 -0.03347319  0.03405026   -0.03347319  0.03405026   -0.21489881 -0.06523461
    2    1
 -0.21489881  0.06523461    0.03347319  0.03405026   -0.03347319 -0.03405026
  0.03347319  0.03405026   -0.21489881  0.06523461   -0.03347319 -0.03405026
 -0.03347319 -0.03405026   -0.03347319 -0.03405026   -0.21489881  0.06523461
    2    2
  0.28840455  0.00000000    0.01060498  0.00000000   -0.01060498  0.00000000
  0.01060498  0.00000000    0.28840455  0.00000000   -0.01060498  0.00000000
 -0.01060498  0.00000000   -0.01060498  0.00000000    0.28840455  0.00000000

     Dynamical  Matrix in cartesian axes

     q = (   -0.250000000   0.250000000   0.250000000 ) 

    1    1
  0.28840455  0.00000000   -0.01060498  0.00000000   -0.01060498  0.00000000
 -0.01060498  0.00000000    0.28840455  0.00000000    0.01060498  0.00000000
 -0.01060498  0.00000000    0.01060498  0.00000000    0.28840455  0.00000000
    1    2
 -0.21489881  0.06523461   -0.03347319 -0.03405026   -0.03347319 -0.03405026
 -0.03347319 -0.03405026   -0.21489881  0.06523461    0.03347319  0.03405026
 -0.03347319 -0.03405026    0.03347319  0.03405026   -0.21489881  0.06523461
    2    1
 -0.21489881 -0.06523461   -0.03347319  0.03405026   -0.03347319  0.03405026
 -0.03347319  0.03405026   -0.21489881 -0.06523461    0.03347319 -0.03405026
 -0.03347319  0.03405026    0.03347319 -0.03405026   -0.21489881 -0.06523461
    2    2
  0.28840455  0.00000000   -0.01060498  0.00000000   -0.01060498  0.00000000
 -0.01060498  0.00000000    0.28840455  0.00000000    0.01060498  0.00000000
 -0.01060498  0.00000000    0.01060498  0.00000000    0.28840455  0.00000000

     Dynamical  Matrix in cartesian axes

     q = (    0.250000000   0.250000000  -0.250000000 ) 

    1    1
  0.28840455  0.00000000    0.01060498  0.00000000   -0.01060498  0.00000000
  0.01060498  0.00000000    0.28840455  0.00000000   -0.01060498  0.00000000
 -0.01060498  0.00000000   -0.01060498  0.00000000    0.28840455  0.00000000
    1    2
 -0.21489881  0.06523461    0.03347319  0.03405026   -0.03347319 -0.03405026
  0.03347319  0.03405026   -0.21489881  0.06523461   -0.03347319 -0.03405026
 -0.03347319 -0.03405026   -0.03347319 -0.03405026   -0.21489881  0.06523461
    2    1
 -0.21489881 -0.06523461    0.03347319 -0.03405026   -0.03347319  0.03405026
  0.03347319 -0.03405026   -0.21489881 -0.06523461   -0.03347319  0.03405026
 -0.03347319  0.03405026   -0.03347319  0.03405026   -0.21489881 -0.06523461
    2    2
  0.28840455  0.00000000    0.01060498  0.00000000   -0.01060498  0.00000000
  0.01060498  0.00000000    0.28840455  0.00000000   -0.01060498  0.00000000
 -0.01060498  0.00000000   -0.01060498  0.00000000    0.28840455  0.00000000

     Diagonalizing the dynamical matrix

     q = (   -0.250000000   0.250000000  -0.250000000 ) 

 **************************************************************************
     freq (    1) =       3.408427 [THz] =     113.692871 [cm-1]
 ( -0.275230  0.028044 -0.575832 -0.009698 -0.300601 -0.037742 ) 
 ( -0.269593  0.062113 -0.572554  0.062113 -0.302961  0.000000 ) 
     freq (    2) =       3.408427 [THz] =     113.692871 [cm-1]
 (  0.506135  0.024959  0.018488 -0.036268 -0.487646 -0.061226 ) 
 (  0.505301 -0.038288  0.013826 -0.038288 -0.491475  0.000000 ) 
     freq (    3) =       6.833444 [THz] =     227.939150 [cm-1]
 (  0.303267  0.273305 -0.303267 -0.273305  0.303267  0.273305 ) 
 (  0.408248 -0.000000 -0.408248 -0.000000  0.408248  0.000000 ) 
     freq (    4) =      14.666667 [THz] =     489.227350 [cm-1]
 (  0.303267  0.273305 -0.303267 -0.273305  0.303267  0.273305 ) 
 ( -0.408248  0.000000  0.408248  0.000000 -0.408248  0.000000 ) 
     freq (    5) =      14.942801 [THz] =     498.438176 [cm-1]
 ( -0.557712  0.103535 -0.324871  0.132769  0.232841  0.029234 ) 
 (  0.540469 -0.172206  0.305800 -0.172206 -0.234669  0.000000 ) 
     freq (    6) =      14.942801 [THz] =     498.438176 [cm-1]
 ( -0.065384 -0.085419  0.458014 -0.019704  0.523398  0.065715 ) 
 (  0.075516  0.076608 -0.451991  0.076608 -0.527507  0.000000 ) 
 **************************************************************************
