Dynamical matrix file
                                                                           
  1    2  2 10.4010000  0.0000000  0.0000000  0.0000000  0.0000000  0.0000000
           1  'Si  '    25598.822984527003     
    1    1      0.0000000000      0.0000000000      0.0000000000
    2    1      0.2500000000      0.2500000000      0.2500000000

     Dynamical  Matrix in cartesian axes

     q = (    0.750000000  -0.250000000   0.750000000 ) 

    1    1
  0.25125200  0.00000000   -0.00459826  0.00759878    0.00139792  0.00000000
 -0.00459826 -0.00759878    0.30551773  0.00000000   -0.00459826 -0.00759878
  0.00139792  0.00000000   -0.00459826  0.00759878    0.25125200  0.00000000
    1    2
 -0.04933368  0.08097483   -0.03256721  0.03723092   -0.03876397 -0.12211496
 -0.03256721  0.03723092   -0.04784473  0.10020632   -0.03256721  0.03723092
 -0.03876397 -0.12211496   -0.03256721  0.03723092   -0.04933368  0.08097483
    2    1
 -0.04933368 -0.08097483   -0.03256721 -0.03723092   -0.03876397  0.12211496
 -0.03256721 -0.03723092   -0.04784473 -0.10020632   -0.03256721 -0.03723092
 -0.03876397  0.12211496   -0.03256721 -0.03723092   -0.04933368 -0.08097483
    2    2
  0.25125200  0.00000000   -0.00459826 -0.00759878    0.00139792  0.00000000
 -0.00459826  0.00759878    0.30551773  0.00000000   -0.00459826  0.00759878
  0.00139792  0.00000000   -0.00459826 -0.00759878    0.25125200  0.00000000

     Dynamical  Matrix in cartesian axes

     q = (    0.750000000  -0.250000000  -0.750000000 ) 

    1    1
  0.25125200  0.00000000   -0.00459826 -0.00759878   -0.00139792  0.00000000
 -0.00459826  0.00759878    0.30551773  0.00000000    0.00459826 -0.00759878
 -0.00139792  0.00000000    0.00459826  0.00759878    0.25125200  0.00000000
    1    2
 -0.08097483  0.04933368   -0.03723092  0.03256721   -0.12211496 -0.03876397
 -0.03723092  0.03256721   -0.10020632  0.04784473    0.03723092 -0.03256721
 -0.12211496 -0.03876397    0.03723092 -0.03256721   -0.08097483  0.04933368
    2    1
 -0.08097483 -0.04933368   -0.03723092 -0.03256721   -0.12211496  0.03876397
 -0.03723092 -0.03256721   -0.10020632 -0.04784473    0.03723092  0.03256721
 -0.12211496  0.03876397    0.03723092  0.03256721   -0.08097483 -0.04933368
    2    2
  0.25125200  0.00000000   -0.00459826  0.00759878   -0.00139792  0.00000000
 -0.00459826 -0.00759878    0.30551773  0.00000000    0.00459826  0.00759878
 -0.00139792  0.00000000    0.00459826 -0.00759878    0.25125200  0.00000000

     Dynamical  Matrix in cartesian axes

     q = (   -0.750000000  -0.250000000  -0.750000000 ) 

    1    1
  0.25125200  0.00000000    0.00459826 -0.00759878    0.00139792  0.00000000
  0.00459826  0.00759878    0.30551773  0.00000000    0.00459826  0.00759878
  0.00139792  0.00000000    0.00459826 -0.00759878    0.25125200  0.00000000
    1    2
  0.08097483  0.04933368   -0.03723092 -0.03256721   -0.12211496  0.03876397
 -0.03723092 -0.03256721    0.10020632  0.04784473   -0.03723092 -0.03256721
 -0.12211496  0.03876397   -0.03723092 -0.03256721    0.08097483  0.04933368
    2    1
  0.08097483 -0.04933368   -0.03723092  0.03256721   -0.12211496 -0.03876397
 -0.03723092  0.03256721    0.10020632 -0.04784473   -0.03723092  0.03256721
 -0.12211496 -0.03876397   -0.03723092  0.03256721    0.08097483 -0.04933368
    2    2
  0.25125200  0.00000000    0.00459826  0.00759878    0.00139792  0.00000000
  0.00459826 -0.00759878    0.30551773  0.00000000    0.00459826 -0.00759878
  0.00139792  0.00000000    0.00459826  0.00759878    0.25125200  0.00000000

     Dynamical  Matrix in cartesian axes

     q = (   -0.750000000  -0.250000000   0.750000000 ) 

    1    1
  0.25125200  0.00000000    0.00459826  0.00759878   -0.00139792  0.00000000
  0.00459826 -0.00759878    0.30551773  0.00000000   -0.00459826  0.00759878
 -0.00139792  0.00000000   -0.00459826 -0.00759878    0.25125200  0.00000000
    1    2
 -0.08097483  0.04933368    0.03723092 -0.03256721   -0.12211496 -0.03876397
  0.03723092 -0.03256721   -0.10020632  0.04784473   -0.03723092  0.03256721
 -0.12211496 -0.03876397   -0.03723092  0.03256721   -0.08097483  0.04933368
    2    1
 -0.08097483 -0.04933368    0.03723092  0.03256721   -0.12211496  0.03876397
  0.03723092  0.03256721   -0.10020632 -0.04784473   -0.03723092 -0.03256721
 -0.12211496  0.03876397   -0.03723092 -0.03256721   -0.08097483 -0.04933368
    2    2
  0.25125200  0.00000000    0.00459826 -0.00759878   -0.00139792  0.00000000
  0.00459826  0.00759878    0.30551773  0.00000000   -0.00459826 -0.00759878
 -0.00139792  0.00000000   -0.00459826  0.00759878    0.25125200  0.00000000

     Dynamical  Matrix in cartesian axes

     q = (   -0.750000000   0.250000000  -0.750000000 ) 

    1    1
  0.25125200  0.00000000   -0.00459826 -0.00759878    0.00139792  0.00000000
 -0.00459826  0.00759878    0.30551773  0.00000000   -0.00459826  0.00759878
  0.00139792  0.00000000   -0.00459826 -0.00759878    0.25125200  0.00000000
    1    2
 -0.04933368 -0.08097483   -0.03256721 -0.03723092   -0.03876397  0.12211496
 -0.03256721 -0.03723092   -0.04784473 -0.10020632   -0.03256721 -0.03723092
 -0.03876397  0.12211496   -0.03256721 -0.03723092   -0.04933368 -0.08097483
    2    1
 -0.04933368  0.08097483   -0.03256721  0.03723092   -0.03876397 -0.12211496
 -0.03256721  0.03723092   -0.04784473  0.10020632   -0.03256721  0.03723092
 -0.03876397 -0.12211496   -0.03256721  0.03723092   -0.04933368  0.08097483
    2    2
  0.25125200  0.00000000   -0.00459826  0.00759878    0.00139792  0.00000000
 -0.00459826 -0.00759878    0.30551773  0.00000000   -0.00459826 -0.00759878
  0.00139792  0.00000000   -0.00459826  0.00759878    0.25125200  0.00000000

     Dynamical  Matrix in cartesian axes

     q = (   -0.250000000   0.750000000  -0.750000000 ) 

    1    1
  0.30551773  0.00000000   -0.00459826  0.00759878    0.00459826 -0.00759878
 -0.00459826 -0.00759878    0.25125200  0.00000000   -0.00139792  0.00000000
  0.00459826  0.00759878   -0.00139792  0.00000000    0.25125200  0.00000000
    1    2
 -0.10020632  0.04784473   -0.03723092  0.03256721    0.03723092 -0.03256721
 -0.03723092  0.03256721   -0.08097483  0.04933368   -0.12211496 -0.03876397
  0.03723092 -0.03256721   -0.12211496 -0.03876397   -0.08097483  0.04933368
    2    1
 -0.10020632 -0.04784473   -0.03723092 -0.03256721    0.03723092  0.03256721
 -0.03723092 -0.03256721   -0.08097483 -0.04933368   -0.12211496  0.03876397
  0.03723092  0.03256721   -0.12211496  0.03876397   -0.08097483 -0.04933368
    2    2
  0.30551773  0.00000000   -0.00459826 -0.00759878    0.00459826  0.00759878
 -0.00459826  0.00759878    0.25125200  0.00000000   -0.00139792  0.00000000
  0.00459826 -0.00759878   -0.00139792  0.00000000    0.25125200  0.00000000

     Dynamical  Matrix in cartesian axes

     q = (   -0.750000000   0.750000000  -0.250000000 ) 

    1    1
  0.25125200  0.00000000   -0.00139792  0.00000000    0.00459826  0.00759878
 -0.00139792  0.00000000    0.25125200  0.00000000   -0.00459826 -0.00759878
  0.00459826 -0.00759878   -0.00459826  0.00759878    0.30551773  0.00000000
    1    2
 -0.08097483  0.04933368   -0.12211496 -0.03876397    0.03723092 -0.03256721
 -0.12211496 -0.03876397   -0.08097483  0.04933368   -0.03723092  0.03256721
  0.03723092 -0.03256721   -0.03723092  0.03256721   -0.10020632  0.04784473
    2    1
 -0.08097483 -0.04933368   -0.12211496  0.03876397    0.03723092  0.03256721
 -0.12211496  0.03876397   -0.08097483 -0.04933368   -0.03723092 -0.03256721
  0.03723092  0.03256721   -0.03723092 -0.03256721   -0.10020632 -0.04784473
    2    2
  0.25125200  0.00000000   -0.00139792  0.00000000    0.00459826 -0.00759878
 -0.00139792  0.00000000    0.25125200  0.00000000   -0.00459826  0.00759878
  0.00459826  0.00759878   -0.00459826 -0.00759878    0.30551773  0.00000000

     Dynamical  Matrix in cartesian axes

     q = (    0.750000000   0.250000000   0.750000000 ) 

    1    1
  0.25125200  0.00000000    0.00459826  0.00759878    0.00139792  0.00000000
  0.00459826 -0.00759878    0.30551773  0.00000000    0.00459826 -0.00759878
  0.00139792  0.00000000    0.00459826  0.00759878    0.25125200  0.00000000
    1    2
  0.08097483 -0.04933368   -0.03723092  0.03256721   -0.12211496 -0.03876397
 -0.03723092  0.03256721    0.10020632 -0.04784473   -0.03723092  0.03256721
 -0.12211496 -0.03876397   -0.03723092  0.03256721    0.08097483 -0.04933368
    2    1
  0.08097483  0.04933368   -0.03723092 -0.03256721   -0.12211496  0.03876397
 -0.03723092 -0.03256721    0.10020632  0.04784473   -0.03723092 -0.03256721
 -0.12211496  0.03876397   -0.03723092 -0.03256721    0.08097483  0.04933368
    2    2
  0.25125200  0.00000000    0.00459826 -0.00759878    0.00139792  0.00000000
  0.00459826  0.00759878    0.30551773  0.00000000    0.00459826  0.00759878
  0.00139792  0.00000000    0.00459826 -0.00759878    0.25125200  0.00000000

     Dynamical  Matrix in cartesian axes

     q = (   -0.750000000   0.250000000   0.750000000 ) 

    1    1
  0.25125200  0.00000000   -0.00459826  0.00759878   -0.00139792  0.00000000
 -0.00459826 -0.00759878    0.30551773  0.00000000    0.00459826  0.00759878
 -0.00139792  0.00000000    0.00459826 -0.00759878    0.25125200  0.00000000
    1    2
 -0.08097483 -0.04933368   -0.03723092 -0.03256721   -0.12211496  0.03876397
 -0.03723092 -0.03256721   -0.10020632 -0.04784473    0.03723092  0.03256721
 -0.12211496  0.03876397    0.03723092  0.03256721   -0.08097483 -0.04933368
    2    1
 -0.08097483  0.04933368   -0.03723092  0.03256721   -0.12211496 -0.03876397
 -0.03723092  0.03256721   -0.10020632  0.04784473    0.03723092 -0.03256721
 -0.12211496 -0.03876397    0.03723092 -0.03256721   -0.08097483  0.04933368
    2    2
  0.25125200  0.00000000   -0.00459826 -0.00759878   -0.00139792  0.00000000
 -0.00459826  0.00759878    0.30551773  0.00000000    0.00459826 -0.00759878
 -0.00139792  0.00000000    0.00459826  0.00759878    0.25125200  0.00000000

     Dynamical  Matrix in cartesian axes

     q = (    0.750000000   0.250000000  -0.750000000 ) 

    1    1
  0.25125200  0.00000000    0.00459826 -0.00759878   -0.00139792  0.00000000
  0.00459826  0.00759878    0.30551773  0.00000000   -0.00459826 -0.00759878
 -0.00139792  0.00000000   -0.00459826  0.00759878    0.25125200  0.00000000
    1    2
 -0.08097483 -0.04933368    0.03723092  0.03256721   -0.12211496  0.03876397
  0.03723092  0.03256721   -0.10020632 -0.04784473   -0.03723092 -0.03256721
 -0.12211496  0.03876397   -0.03723092 -0.03256721   -0.08097483 -0.04933368
    2    1
 -0.08097483  0.04933368    0.03723092 -0.03256721   -0.12211496 -0.03876397
  0.03723092 -0.03256721   -0.10020632  0.04784473   -0.03723092  0.03256721
 -0.12211496 -0.03876397   -0.03723092  0.03256721   -0.08097483  0.04933368
    2    2
  0.25125200  0.00000000    0.00459826  0.00759878   -0.00139792  0.00000000
  0.00459826 -0.00759878    0.30551773  0.00000000   -0.00459826  0.00759878
 -0.00139792  0.00000000   -0.00459826 -0.00759878    0.25125200  0.00000000

     Dynamical  Matrix in cartesian axes

     q = (   -0.750000000   0.750000000   0.250000000 ) 

    1    1
  0.25125200  0.00000000   -0.00139792  0.00000000   -0.00459826  0.00759878
 -0.00139792  0.00000000    0.25125200  0.00000000    0.00459826 -0.00759878
 -0.00459826 -0.00759878    0.00459826  0.00759878    0.30551773  0.00000000
    1    2
 -0.08097483 -0.04933368   -0.12211496  0.03876397   -0.03723092 -0.03256721
 -0.12211496  0.03876397   -0.08097483 -0.04933368    0.03723092  0.03256721
 -0.03723092 -0.03256721    0.03723092  0.03256721   -0.10020632 -0.04784473
    2    1
 -0.08097483  0.04933368   -0.12211496 -0.03876397   -0.03723092  0.03256721
 -0.12211496 -0.03876397   -0.08097483  0.04933368    0.03723092 -0.03256721
 -0.03723092  0.03256721    0.03723092 -0.03256721   -0.10020632  0.04784473
    2    2
  0.25125200  0.00000000   -0.00139792  0.00000000   -0.00459826 -0.00759878
 -0.00139792  0.00000000    0.25125200  0.00000000    0.00459826  0.00759878
 -0.00459826  0.00759878    0.00459826 -0.00759878    0.30551773  0.00000000

     Dynamical  Matrix in cartesian axes

     q = (   -0.250000000   0.750000000   0.750000000 ) 

    1    1
  0.30551773  0.00000000   -0.00459826 -0.00759878   -0.00459826 -0.00759878
 -0.00459826  0.00759878    0.25125200  0.00000000    0.00139792  0.00000000
 -0.00459826  0.00759878    0.00139792  0.00000000    0.25125200  0.00000000
    1    2
 -0.04784473  0.10020632   -0.03256721  0.03723092   -0.03256721  0.03723092
 -0.03256721  0.03723092   -0.04933368  0.08097483   -0.03876397 -0.12211496
 -0.03256721  0.03723092   -0.03876397 -0.12211496   -0.04933368  0.08097483
    2    1
 -0.04784473 -0.10020632   -0.03256721 -0.03723092   -0.03256721 -0.03723092
 -0.03256721 -0.03723092   -0.04933368 -0.08097483   -0.03876397  0.12211496
 -0.03256721 -0.03723092   -0.03876397  0.12211496   -0.04933368 -0.08097483
    2    2
  0.30551773  0.00000000   -0.00459826  0.00759878   -0.00459826  0.00759878
 -0.00459826 -0.00759878    0.25125200  0.00000000    0.00139792  0.00000000
 -0.00459826 -0.00759878    0.00139792  0.00000000    0.25125200  0.00000000

     Dynamical  Matrix in cartesian axes

     q = (    0.250000000   0.750000000  -0.750000000 ) 

    1    1
  0.30551773  0.00000000    0.00459826  0.00759878   -0.00459826 -0.00759878
  0.00459826 -0.00759878    0.25125200  0.00000000   -0.00139792  0.00000000
 -0.00459826  0.00759878   -0.00139792  0.00000000    0.25125200  0.00000000
    1    2
 -0.10020632 -0.04784473    0.03723092  0.03256721   -0.03723092 -0.03256721
  0.03723092  0.03256721   -0.08097483 -0.04933368   -0.12211496  0.03876397
 -0.03723092 -0.03256721   -0.12211496  0.03876397   -0.08097483 -0.04933368
    2    1
 -0.10020632  0.04784473    0.03723092 -0.03256721   -0.03723092  0.03256721
  0.03723092 -0.03256721   -0.08097483  0.04933368   -0.12211496 -0.03876397
 -0.03723092  0.03256721   -0.12211496 -0.03876397   -0.08097483  0.04933368
    2    2
  0.30551773  0.00000000    0.00459826 -0.00759878   -0.00459826  0.00759878
  0.00459826  0.00759878    0.25125200  0.00000000   -0.00139792  0.00000000
 -0.00459826 -0.00759878   -0.00139792  0.00000000    0.25125200  0.00000000

     Dynamical  Matrix in cartesian axes

     q = (   -0.250000000  -0.750000000  -0.750000000 ) 

    1    1
  0.30551773  0.00000000    0.00459826  0.00759878    0.00459826  0.00759878
  0.00459826 -0.00759878    0.25125200  0.00000000    0.00139792  0.00000000
  0.00459826 -0.00759878    0.00139792  0.00000000    0.25125200  0.00000000
    1    2
  0.10020632  0.04784473   -0.03723092 -0.03256721   -0.03723092 -0.03256721
 -0.03723092 -0.03256721    0.08097483  0.04933368   -0.12211496  0.03876397
 -0.03723092 -0.03256721   -0.12211496  0.03876397    0.08097483  0.04933368
    2    1
  0.10020632 -0.04784473   -0.03723092  0.03256721   -0.03723092  0.03256721
 -0.03723092  0.03256721    0.08097483 -0.04933368   -0.12211496 -0.03876397
 -0.03723092  0.03256721   -0.12211496 -0.03876397    0.08097483 -0.04933368
    2    2
  0.30551773  0.00000000    0.00459826 -0.00759878    0.00459826 -0.00759878
  0.00459826  0.00759878    0.25125200  0.00000000    0.00139792  0.00000000
  0.00459826  0.00759878    0.00139792  0.00000000    0.25125200  0.00000000

     Dynamical  Matrix in cartesian axes

     q = (    0.750000000   0.750000000  -0.250000000 ) 

    1    1
  0.25125200  0.00000000    0.00139792  0.00000000   -0.00459826  0.00759878
  0.00139792  0.00000000    0.25125200  0.00000000   -0.00459826  0.00759878
 -0.00459826 -0.00759878   -0.00459826 -0.00759878    0.30551773  0.00000000
    1    2
 -0.04933368  0.08097483   -0.03876397 -0.12211496   -0.03256721  0.03723092
 -0.03876397 -0.12211496   -0.04933368  0.08097483   -0.03256721  0.03723092
 -0.03256721  0.03723092   -0.03256721  0.03723092   -0.04784473  0.10020632
    2    1
 -0.04933368 -0.08097483   -0.03876397  0.12211496   -0.03256721 -0.03723092
 -0.03876397  0.12211496   -0.04933368 -0.08097483   -0.03256721 -0.03723092
 -0.03256721 -0.03723092   -0.03256721 -0.03723092   -0.04784473 -0.10020632
    2    2
  0.25125200  0.00000000    0.00139792  0.00000000   -0.00459826 -0.00759878
  0.00139792  0.00000000    0.25125200  0.00000000   -0.00459826 -0.00759878
 -0.00459826  0.00759878   -0.00459826  0.00759878    0.30551773  0.00000000

     Dynamical  Matrix in cartesian axes

     q = (    0.750000000  -0.750000000   0.250000000 ) 

    1    1
  0.25125200  0.00000000   -0.00139792  0.00000000    0.00459826 -0.00759878
 -0.00139792  0.00000000    0.25125200  0.00000000   -0.00459826  0.00759878
  0.00459826  0.00759878   -0.00459826 -0.00759878    0.30551773  0.00000000
    1    2
 -0.08097483 -0.04933368   -0.12211496  0.03876397    0.03723092  0.03256721
 -0.12211496  0.03876397   -0.08097483 -0.04933368   -0.03723092 -0.03256721
  0.03723092  0.03256721   -0.03723092 -0.03256721   -0.10020632 -0.04784473
    2    1
 -0.08097483  0.04933368   -0.12211496 -0.03876397    0.03723092 -0.03256721
 -0.12211496 -0.03876397   -0.08097483  0.04933368   -0.03723092  0.03256721
  0.03723092 -0.03256721   -0.03723092  0.03256721   -0.10020632  0.04784473
    2    2
  0.25125200  0.00000000   -0.00139792  0.00000000    0.00459826  0.00759878
 -0.00139792  0.00000000    0.25125200  0.00000000   -0.00459826 -0.00759878
  0.00459826 -0.00759878   -0.00459826  0.00759878    0.30551773  0.00000000

     Dynamical  Matrix in cartesian axes

     q = (   -0.750000000  -0.750000000  -0.250000000 ) 

    1    1
  0.25125200  0.00000000    0.00139792  0.00000000    0.00459826 -0.00759878
  0.00139792  0.00000000    0.25125200  0.00000000    0.00459826 -0.00759878
  0.00459826  0.00759878    0.00459826  0.00759878    0.30551773  0.00000000
    1    2
  0.08097483  0.04933368   -0.12211496  0.03876397   -0.03723092 -0.03256721
 -0.12211496  0.03876397    0.08097483  0.04933368   -0.03723092 -0.03256721
 -0.03723092 -0.03256721   -0.03723092 -0.03256721    0.10020632  0.04784473
    2    1
  0.08097483 -0.04933368   -0.12211496 -0.03876397   -0.03723092  0.03256721
 -0.12211496 -0.03876397    0.08097483 -0.04933368   -0.03723092  0.03256721
 -0.03723092  0.03256721   -0.03723092  0.03256721    0.10020632 -0.04784473
    2    2
  0.25125200  0.00000000    0.00139792  0.00000000    0.00459826  0.00759878
  0.00139792  0.00000000    0.25125200  0.00000000    0.00459826  0.00759878
  0.00459826 -0.00759878    0.00459826 -0.00759878    0.30551773  0.00000000

     Dynamical  Matrix in cartesian axes

     q = (    0.250000000  -0.750000000   0.750000000 ) 

    1    1
  0.30551773  0.00000000   -0.00459826 -0.00759878    0.00459826  0.00759878
 -0.00459826  0.00759878    0.25125200  0.00000000   -0.00139792  0.00000000
  0.00459826 -0.00759878   -0.00139792  0.00000000    0.25125200  0.00000000
    1    2
 -0.10020632 -0.04784473   -0.03723092 -0.03256721    0.03723092  0.03256721
 -0.03723092 -0.03256721   -0.08097483 -0.04933368   -0.12211496  0.03876397
  0.03723092  0.03256721   -0.12211496  0.03876397   -0.08097483 -0.04933368
    2    1
 -0.10020632  0.04784473   -0.03723092  0.03256721    0.03723092 -0.03256721
 -0.03723092  0.03256721   -0.08097483  0.04933368   -0.12211496 -0.03876397
  0.03723092 -0.03256721   -0.12211496 -0.03876397   -0.08097483  0.04933368
    2    2
  0.30551773  0.00000000   -0.00459826  0.00759878    0.00459826 -0.00759878
 -0.00459826 -0.00759878    0.25125200  0.00000000   -0.00139792  0.00000000
  0.00459826  0.00759878   -0.00139792  0.00000000    0.25125200  0.00000000

     Dynamical  Matrix in cartesian axes

     q = (   -0.750000000  -0.750000000   0.250000000 ) 

    1    1
  0.25125200  0.00000000    0.00139792  0.00000000   -0.00459826 -0.00759878
  0.00139792  0.00000000    0.25125200  0.00000000   -0.00459826 -0.00759878
 -0.00459826  0.00759878   -0.00459826  0.00759878    0.30551773  0.00000000
    1    2
 -0.04933368 -0.08097483   -0.03876397  0.12211496   -0.03256721 -0.03723092
 -0.03876397  0.12211496   -0.04933368 -0.08097483   -0.03256721 -0.03723092
 -0.03256721 -0.03723092   -0.03256721 -0.03723092   -0.04784473 -0.10020632
    2    1
 -0.04933368  0.08097483   -0.03876397 -0.12211496   -0.03256721  0.03723092
 -0.03876397 -0.12211496   -0.04933368  0.08097483   -0.03256721  0.03723092
 -0.03256721  0.03723092   -0.03256721  0.03723092   -0.04784473  0.10020632
    2    2
  0.25125200  0.00000000    0.00139792  0.00000000   -0.00459826  0.00759878
  0.00139792  0.00000000    0.25125200  0.00000000   -0.00459826  0.00759878
 -0.00459826 -0.00759878   -0.00459826 -0.00759878    0.30551773  0.00000000

     Dynamical  Matrix in cartesian axes

     q = (    0.250000000   0.750000000   0.750000000 ) 

    1    1
  0.30551773  0.00000000    0.00459826 -0.00759878    0.00459826 -0.00759878
  0.00459826  0.00759878    0.25125200  0.00000000    0.00139792  0.00000000
  0.00459826  0.00759878    0.00139792  0.00000000    0.25125200  0.00000000
    1    2
  0.10020632 -0.04784473   -0.03723092  0.03256721   -0.03723092  0.03256721
 -0.03723092  0.03256721    0.08097483 -0.04933368   -0.12211496 -0.03876397
 -0.03723092  0.03256721   -0.12211496 -0.03876397    0.08097483 -0.04933368
    2    1
  0.10020632  0.04784473   -0.03723092 -0.03256721   -0.03723092 -0.03256721
 -0.03723092 -0.03256721    0.08097483  0.04933368   -0.12211496  0.03876397
 -0.03723092 -0.03256721   -0.12211496  0.03876397    0.08097483  0.04933368
    2    2
  0.30551773  0.00000000    0.00459826  0.00759878    0.00459826  0.00759878
  0.00459826 -0.00759878    0.25125200  0.00000000    0.00139792  0.00000000
  0.00459826 -0.00759878    0.00139792  0.00000000    0.25125200  0.00000000

     Dynamical  Matrix in cartesian axes

     q = (   -0.250000000  -0.750000000   0.750000000 ) 

    1    1
  0.30551773  0.00000000    0.00459826 -0.00759878   -0.00459826  0.00759878
  0.00459826  0.00759878    0.25125200  0.00000000   -0.00139792  0.00000000
 -0.00459826 -0.00759878   -0.00139792  0.00000000    0.25125200  0.00000000
    1    2
 -0.10020632  0.04784473    0.03723092 -0.03256721   -0.03723092  0.03256721
  0.03723092 -0.03256721   -0.08097483  0.04933368   -0.12211496 -0.03876397
 -0.03723092  0.03256721   -0.12211496 -0.03876397   -0.08097483  0.04933368
    2    1
 -0.10020632 -0.04784473    0.03723092  0.03256721   -0.03723092 -0.03256721
  0.03723092  0.03256721   -0.08097483 -0.04933368   -0.12211496  0.03876397
 -0.03723092 -0.03256721   -0.12211496  0.03876397   -0.08097483 -0.04933368
    2    2
  0.30551773  0.00000000    0.00459826  0.00759878   -0.00459826 -0.00759878
  0.00459826 -0.00759878    0.25125200  0.00000000   -0.00139792  0.00000000
 -0.00459826  0.00759878   -0.00139792  0.00000000    0.25125200  0.00000000

     Dynamical  Matrix in cartesian axes

     q = (    0.750000000   0.750000000   0.250000000 ) 

    1    1
  0.25125200  0.00000000    0.00139792  0.00000000    0.00459826  0.00759878
  0.00139792  0.00000000    0.25125200  0.00000000    0.00459826  0.00759878
  0.00459826 -0.00759878    0.00459826 -0.00759878    0.30551773  0.00000000
    1    2
  0.08097483 -0.04933368   -0.12211496 -0.03876397   -0.03723092  0.03256721
 -0.12211496 -0.03876397    0.08097483 -0.04933368   -0.03723092  0.03256721
 -0.03723092  0.03256721   -0.03723092  0.03256721    0.10020632 -0.04784473
    2    1
  0.08097483  0.04933368   -0.12211496  0.03876397   -0.03723092 -0.03256721
 -0.12211496  0.03876397    0.08097483  0.04933368   -0.03723092 -0.03256721
 -0.03723092 -0.03256721   -0.03723092 -0.03256721    0.10020632  0.04784473
    2    2
  0.25125200  0.00000000    0.00139792  0.00000000    0.00459826 -0.00759878
  0.00139792  0.00000000    0.25125200  0.00000000    0.00459826 -0.00759878
  0.00459826  0.00759878    0.00459826  0.00759878    0.30551773  0.00000000

     Dynamical  Matrix in cartesian axes

     q = (    0.250000000  -0.750000000  -0.750000000 ) 

    1    1
  0.30551773  0.00000000   -0.00459826  0.00759878   -0.00459826  0.00759878
 -0.00459826 -0.00759878    0.25125200  0.00000000    0.00139792  0.00000000
 -0.00459826 -0.00759878    0.00139792  0.00000000    0.25125200  0.00000000
    1    2
 -0.04784473 -0.10020632   -0.03256721 -0.03723092   -0.03256721 -0.03723092
 -0.03256721 -0.03723092   -0.04933368 -0.08097483   -0.03876397  0.12211496
 -0.03256721 -0.03723092   -0.03876397  0.12211496   -0.04933368 -0.08097483
    2    1
 -0.04784473  0.10020632   -0.03256721  0.03723092   -0.03256721  0.03723092
 -0.03256721  0.03723092   -0.04933368  0.08097483   -0.03876397 -0.12211496
 -0.03256721  0.03723092   -0.03876397 -0.12211496   -0.04933368  0.08097483
    2    2
  0.30551773  0.00000000   -0.00459826 -0.00759878   -0.00459826 -0.00759878
 -0.00459826  0.00759878    0.25125200  0.00000000    0.00139792  0.00000000
 -0.00459826  0.00759878    0.00139792  0.00000000    0.25125200  0.00000000

     Dynamical  Matrix in cartesian axes

     q = (    0.750000000  -0.750000000  -0.250000000 ) 

    1    1
  0.25125200  0.00000000   -0.00139792  0.00000000   -0.00459826 -0.00759878
 -0.00139792  0.00000000    0.25125200  0.00000000    0.00459826  0.00759878
 -0.00459826  0.00759878    0.00459826 -0.00759878    0.30551773  0.00000000
    1    2
 -0.08097483  0.04933368   -0.12211496 -0.03876397   -0.03723092  0.03256721
 -0.12211496 -0.03876397   -0.08097483  0.04933368    0.03723092 -0.03256721
 -0.03723092  0.03256721    0.03723092 -0.03256721   -0.10020632  0.04784473
    2    1
 -0.08097483 -0.04933368   -0.12211496  0.03876397   -0.03723092 -0.03256721
 -0.12211496  0.03876397   -0.08097483 -0.04933368    0.03723092  0.03256721
 -0.03723092 -0.03256721    0.03723092  0.03256721   -0.10020632 -0.04784473
    2    2
  0.25125200  0.00000000   -0.00139792  0.00000000   -0.00459826  0.00759878
 -0.00139792  0.00000000    0.25125200  0.00000000    0.00459826 -0.00759878
 -0.00459826 -0.00759878    0.00459826  0.00759878    0.30551773  0.00000000

     Diagonalizing the dynamical matrix

     q = (    0.750000000  -0.250000000   0.750000000 ) 

 **************************************************************************
     freq (    1) =       4.433454 [THz] =     147.884091 [cm-1]
 (  0.025987 -0.499324  0.000000  0.000000 -0.025987  0.499324 ) 
 (  0.500000  0.000000 -0.000000  0.000000 -0.500000  0.000000 ) 
     freq (    2) =       6.821681 [THz] =     227.546776 [cm-1]
 ( -0.392957 -0.066241 -0.367370  0.217792 -0.392957 -0.066241 ) 
 ( -0.398501 -0.000000 -0.326056 -0.275829 -0.398501  0.000000 ) 
     freq (    3) =       9.644044 [THz] =     321.690677 [cm-1]
 (  0.026082  0.337422 -0.474057 -0.214948  0.026082  0.337422 ) 
 (  0.338429 -0.000000 -0.250843 -0.456081  0.338429  0.000000 ) 
     freq (    4) =      11.775980 [THz] =     392.804422 [cm-1]
 ( -0.245137 -0.308456  0.386079  0.201168 -0.245137 -0.308456 ) 
 (  0.394001 -0.000000 -0.397699 -0.177092  0.394001  0.000000 ) 
     freq (    5) =      13.842641 [THz] =     461.740811 [cm-1]
 ( -0.025987  0.499324  0.000000 -0.000000  0.025987 -0.499324 ) 
 (  0.500000 -0.000000 -0.000000 -0.000000 -0.500000  0.000000 ) 
     freq (    6) =      13.919936 [THz] =     464.319080 [cm-1]
 ( -0.257566 -0.071312 -0.516652  0.300364 -0.257566 -0.071312 ) 
 (  0.267256 -0.000000  0.417774  0.427333  0.267256  0.000000 ) 
 **************************************************************************
