Dynamical matrix file
                                                                           
  1    2  2 10.3401000  0.0000000  0.0000000  0.0000000  0.0000000  0.0000000
           1  'Si  '    25598.822984527003     
    1    1      0.0000000000      0.0000000000      0.0000000000
    2    1      0.2500000000      0.2500000000      0.2500000000

     Dynamical  Matrix in cartesian axes

     q = (    0.750000000  -0.250000000   0.750000000 ) 

    1    1
  0.23206800  0.00000000   -0.00486287  0.00741897    0.00212720  0.00000000
 -0.00486287 -0.00741897    0.28753712  0.00000000   -0.00486287 -0.00741897
  0.00212720  0.00000000   -0.00486287  0.00741897    0.23206800  0.00000000
    1    2
 -0.06337497  0.05460008   -0.03613091  0.04034060   -0.04126907 -0.13109190
 -0.03613091  0.04034060   -0.06210289  0.07349350   -0.03613091  0.04034060
 -0.04126907 -0.13109190   -0.03613091  0.04034060   -0.06337497  0.05460008
    2    1
 -0.06337497 -0.05460008   -0.03613091 -0.04034060   -0.04126907  0.13109190
 -0.03613091 -0.04034060   -0.06210289 -0.07349350   -0.03613091 -0.04034060
 -0.04126907  0.13109190   -0.03613091 -0.04034060   -0.06337497 -0.05460008
    2    2
  0.23206800  0.00000000   -0.00486287 -0.00741897    0.00212720  0.00000000
 -0.00486287  0.00741897    0.28753712  0.00000000   -0.00486287  0.00741897
  0.00212720  0.00000000   -0.00486287 -0.00741897    0.23206800  0.00000000

     Dynamical  Matrix in cartesian axes

     q = (    0.750000000  -0.250000000  -0.750000000 ) 

    1    1
  0.23206800  0.00000000   -0.00486287 -0.00741897   -0.00212720  0.00000000
 -0.00486287  0.00741897    0.28753712  0.00000000    0.00486287 -0.00741897
 -0.00212720  0.00000000    0.00486287  0.00741897    0.23206800  0.00000000
    1    2
 -0.05460008  0.06337497   -0.04034060  0.03613091   -0.13109190 -0.04126907
 -0.04034060  0.03613091   -0.07349350  0.06210289    0.04034060 -0.03613091
 -0.13109190 -0.04126907    0.04034060 -0.03613091   -0.05460008  0.06337497
    2    1
 -0.05460008 -0.06337497   -0.04034060 -0.03613091   -0.13109190  0.04126907
 -0.04034060 -0.03613091   -0.07349350 -0.06210289    0.04034060  0.03613091
 -0.13109190  0.04126907    0.04034060  0.03613091   -0.05460008 -0.06337497
    2    2
  0.23206800  0.00000000   -0.00486287  0.00741897   -0.00212720  0.00000000
 -0.00486287 -0.00741897    0.28753712  0.00000000    0.00486287  0.00741897
 -0.00212720  0.00000000    0.00486287 -0.00741897    0.23206800  0.00000000

     Dynamical  Matrix in cartesian axes

     q = (   -0.750000000  -0.250000000  -0.750000000 ) 

    1    1
  0.23206800  0.00000000    0.00486287 -0.00741897    0.00212720  0.00000000
  0.00486287  0.00741897    0.28753712  0.00000000    0.00486287  0.00741897
  0.00212720  0.00000000    0.00486287 -0.00741897    0.23206800  0.00000000
    1    2
  0.05460008  0.06337497   -0.04034060 -0.03613091   -0.13109190  0.04126907
 -0.04034060 -0.03613091    0.07349350  0.06210289   -0.04034060 -0.03613091
 -0.13109190  0.04126907   -0.04034060 -0.03613091    0.05460008  0.06337497
    2    1
  0.05460008 -0.06337497   -0.04034060  0.03613091   -0.13109190 -0.04126907
 -0.04034060  0.03613091    0.07349350 -0.06210289   -0.04034060  0.03613091
 -0.13109190 -0.04126907   -0.04034060  0.03613091    0.05460008 -0.06337497
    2    2
  0.23206800  0.00000000    0.00486287  0.00741897    0.00212720  0.00000000
  0.00486287 -0.00741897    0.28753712  0.00000000    0.00486287 -0.00741897
  0.00212720  0.00000000    0.00486287  0.00741897    0.23206800  0.00000000

     Dynamical  Matrix in cartesian axes

     q = (   -0.750000000  -0.250000000   0.750000000 ) 

    1    1
  0.23206800  0.00000000    0.00486287  0.00741897   -0.00212720  0.00000000
  0.00486287 -0.00741897    0.28753712  0.00000000   -0.00486287  0.00741897
 -0.00212720  0.00000000   -0.00486287 -0.00741897    0.23206800  0.00000000
    1    2
 -0.05460008  0.06337497    0.04034060 -0.03613091   -0.13109190 -0.04126907
  0.04034060 -0.03613091   -0.07349350  0.06210289   -0.04034060  0.03613091
 -0.13109190 -0.04126907   -0.04034060  0.03613091   -0.05460008  0.06337497
    2    1
 -0.05460008 -0.06337497    0.04034060  0.03613091   -0.13109190  0.04126907
  0.04034060  0.03613091   -0.07349350 -0.06210289   -0.04034060 -0.03613091
 -0.13109190  0.04126907   -0.04034060 -0.03613091   -0.05460008 -0.06337497
    2    2
  0.23206800  0.00000000    0.00486287 -0.00741897   -0.00212720  0.00000000
  0.00486287  0.00741897    0.28753712  0.00000000   -0.00486287 -0.00741897
 -0.00212720  0.00000000   -0.00486287  0.00741897    0.23206800  0.00000000

     Dynamical  Matrix in cartesian axes

     q = (   -0.750000000   0.250000000  -0.750000000 ) 

    1    1
  0.23206800  0.00000000   -0.00486287 -0.00741897    0.00212720  0.00000000
 -0.00486287  0.00741897    0.28753712  0.00000000   -0.00486287  0.00741897
  0.00212720  0.00000000   -0.00486287 -0.00741897    0.23206800  0.00000000
    1    2
 -0.06337497 -0.05460008   -0.03613091 -0.04034060   -0.04126907  0.13109190
 -0.03613091 -0.04034060   -0.06210289 -0.07349350   -0.03613091 -0.04034060
 -0.04126907  0.13109190   -0.03613091 -0.04034060   -0.06337497 -0.05460008
    2    1
 -0.06337497  0.05460008   -0.03613091  0.04034060   -0.04126907 -0.13109190
 -0.03613091  0.04034060   -0.06210289  0.07349350   -0.03613091  0.04034060
 -0.04126907 -0.13109190   -0.03613091  0.04034060   -0.06337497  0.05460008
    2    2
  0.23206800  0.00000000   -0.00486287  0.00741897    0.00212720  0.00000000
 -0.00486287 -0.00741897    0.28753712  0.00000000   -0.00486287 -0.00741897
  0.00212720  0.00000000   -0.00486287  0.00741897    0.23206800  0.00000000

     Dynamical  Matrix in cartesian axes

     q = (   -0.250000000   0.750000000  -0.750000000 ) 

    1    1
  0.28753712  0.00000000   -0.00486287  0.00741897    0.00486287 -0.00741897
 -0.00486287 -0.00741897    0.23206800  0.00000000   -0.00212720  0.00000000
  0.00486287  0.00741897   -0.00212720  0.00000000    0.23206800  0.00000000
    1    2
 -0.07349350  0.06210289   -0.04034060  0.03613091    0.04034060 -0.03613091
 -0.04034060  0.03613091   -0.05460008  0.06337497   -0.13109190 -0.04126907
  0.04034060 -0.03613091   -0.13109190 -0.04126907   -0.05460008  0.06337497
    2    1
 -0.07349350 -0.06210289   -0.04034060 -0.03613091    0.04034060  0.03613091
 -0.04034060 -0.03613091   -0.05460008 -0.06337497   -0.13109190  0.04126907
  0.04034060  0.03613091   -0.13109190  0.04126907   -0.05460008 -0.06337497
    2    2
  0.28753712  0.00000000   -0.00486287 -0.00741897    0.00486287  0.00741897
 -0.00486287  0.00741897    0.23206800  0.00000000   -0.00212720  0.00000000
  0.00486287 -0.00741897   -0.00212720  0.00000000    0.23206800  0.00000000

     Dynamical  Matrix in cartesian axes

     q = (   -0.750000000   0.750000000  -0.250000000 ) 

    1    1
  0.23206800  0.00000000   -0.00212720  0.00000000    0.00486287  0.00741897
 -0.00212720  0.00000000    0.23206800  0.00000000   -0.00486287 -0.00741897
  0.00486287 -0.00741897   -0.00486287  0.00741897    0.28753712  0.00000000
    1    2
 -0.05460008  0.06337497   -0.13109190 -0.04126907    0.04034060 -0.03613091
 -0.13109190 -0.04126907   -0.05460008  0.06337497   -0.04034060  0.03613091
  0.04034060 -0.03613091   -0.04034060  0.03613091   -0.07349350  0.06210289
    2    1
 -0.05460008 -0.06337497   -0.13109190  0.04126907    0.04034060  0.03613091
 -0.13109190  0.04126907   -0.05460008 -0.06337497   -0.04034060 -0.03613091
  0.04034060  0.03613091   -0.04034060 -0.03613091   -0.07349350 -0.06210289
    2    2
  0.23206800  0.00000000   -0.00212720  0.00000000    0.00486287 -0.00741897
 -0.00212720  0.00000000    0.23206800  0.00000000   -0.00486287  0.00741897
  0.00486287  0.00741897   -0.00486287 -0.00741897    0.28753712  0.00000000

     Dynamical  Matrix in cartesian axes

     q = (    0.750000000   0.250000000   0.750000000 ) 

    1    1
  0.23206800  0.00000000    0.00486287  0.00741897    0.00212720  0.00000000
  0.00486287 -0.00741897    0.28753712  0.00000000    0.00486287 -0.00741897
  0.00212720  0.00000000    0.00486287  0.00741897    0.23206800  0.00000000
    1    2
  0.05460008 -0.06337497   -0.04034060  0.03613091   -0.13109190 -0.04126907
 -0.04034060  0.03613091    0.07349350 -0.06210289   -0.04034060  0.03613091
 -0.13109190 -0.04126907   -0.04034060  0.03613091    0.05460008 -0.06337497
    2    1
  0.05460008  0.06337497   -0.04034060 -0.03613091   -0.13109190  0.04126907
 -0.04034060 -0.03613091    0.07349350  0.06210289   -0.04034060 -0.03613091
 -0.13109190  0.04126907   -0.04034060 -0.03613091    0.05460008  0.06337497
    2    2
  0.23206800  0.00000000    0.00486287 -0.00741897    0.00212720  0.00000000
  0.00486287  0.00741897    0.28753712  0.00000000    0.00486287  0.00741897
  0.00212720  0.00000000    0.00486287 -0.00741897    0.23206800  0.00000000

     Dynamical  Matrix in cartesian axes

     q = (   -0.750000000   0.250000000   0.750000000 ) 

    1    1
  0.23206800  0.00000000   -0.00486287  0.00741897   -0.00212720  0.00000000
 -0.00486287 -0.00741897    0.28753712  0.00000000    0.00486287  0.00741897
 -0.00212720  0.00000000    0.00486287 -0.00741897    0.23206800  0.00000000
    1    2
 -0.05460008 -0.06337497   -0.04034060 -0.03613091   -0.13109190  0.04126907
 -0.04034060 -0.03613091   -0.07349350 -0.06210289    0.04034060  0.03613091
 -0.13109190  0.04126907    0.04034060  0.03613091   -0.05460008 -0.06337497
    2    1
 -0.05460008  0.06337497   -0.04034060  0.03613091   -0.13109190 -0.04126907
 -0.04034060  0.03613091   -0.07349350  0.06210289    0.04034060 -0.03613091
 -0.13109190 -0.04126907    0.04034060 -0.03613091   -0.05460008  0.06337497
    2    2
  0.23206800  0.00000000   -0.00486287 -0.00741897   -0.00212720  0.00000000
 -0.00486287  0.00741897    0.28753712  0.00000000    0.00486287 -0.00741897
 -0.00212720  0.00000000    0.00486287  0.00741897    0.23206800  0.00000000

     Dynamical  Matrix in cartesian axes

     q = (    0.750000000   0.250000000  -0.750000000 ) 

    1    1
  0.23206800  0.00000000    0.00486287 -0.00741897   -0.00212720  0.00000000
  0.00486287  0.00741897    0.28753712  0.00000000   -0.00486287 -0.00741897
 -0.00212720  0.00000000   -0.00486287  0.00741897    0.23206800  0.00000000
    1    2
 -0.05460008 -0.06337497    0.04034060  0.03613091   -0.13109190  0.04126907
  0.04034060  0.03613091   -0.07349350 -0.06210289   -0.04034060 -0.03613091
 -0.13109190  0.04126907   -0.04034060 -0.03613091   -0.05460008 -0.06337497
    2    1
 -0.05460008  0.06337497    0.04034060 -0.03613091   -0.13109190 -0.04126907
  0.04034060 -0.03613091   -0.07349350  0.06210289   -0.04034060  0.03613091
 -0.13109190 -0.04126907   -0.04034060  0.03613091   -0.05460008  0.06337497
    2    2
  0.23206800  0.00000000    0.00486287  0.00741897   -0.00212720  0.00000000
  0.00486287 -0.00741897    0.28753712  0.00000000   -0.00486287  0.00741897
 -0.00212720  0.00000000   -0.00486287 -0.00741897    0.23206800  0.00000000

     Dynamical  Matrix in cartesian axes

     q = (   -0.750000000   0.750000000   0.250000000 ) 

    1    1
  0.23206800  0.00000000   -0.00212720  0.00000000   -0.00486287  0.00741897
 -0.00212720  0.00000000    0.23206800  0.00000000    0.00486287 -0.00741897
 -0.00486287 -0.00741897    0.00486287  0.00741897    0.28753712  0.00000000
    1    2
 -0.05460008 -0.06337497   -0.13109190  0.04126907   -0.04034060 -0.03613091
 -0.13109190  0.04126907   -0.05460008 -0.06337497    0.04034060  0.03613091
 -0.04034060 -0.03613091    0.04034060  0.03613091   -0.07349350 -0.06210289
    2    1
 -0.05460008  0.06337497   -0.13109190 -0.04126907   -0.04034060  0.03613091
 -0.13109190 -0.04126907   -0.05460008  0.06337497    0.04034060 -0.03613091
 -0.04034060  0.03613091    0.04034060 -0.03613091   -0.07349350  0.06210289
    2    2
  0.23206800  0.00000000   -0.00212720  0.00000000   -0.00486287 -0.00741897
 -0.00212720  0.00000000    0.23206800  0.00000000    0.00486287  0.00741897
 -0.00486287  0.00741897    0.00486287 -0.00741897    0.28753712  0.00000000

     Dynamical  Matrix in cartesian axes

     q = (   -0.250000000   0.750000000   0.750000000 ) 

    1    1
  0.28753712  0.00000000   -0.00486287 -0.00741897   -0.00486287 -0.00741897
 -0.00486287  0.00741897    0.23206800  0.00000000    0.00212720  0.00000000
 -0.00486287  0.00741897    0.00212720  0.00000000    0.23206800  0.00000000
    1    2
 -0.06210289  0.07349350   -0.03613091  0.04034060   -0.03613091  0.04034060
 -0.03613091  0.04034060   -0.06337497  0.05460008   -0.04126907 -0.13109190
 -0.03613091  0.04034060   -0.04126907 -0.13109190   -0.06337497  0.05460008
    2    1
 -0.06210289 -0.07349350   -0.03613091 -0.04034060   -0.03613091 -0.04034060
 -0.03613091 -0.04034060   -0.06337497 -0.05460008   -0.04126907  0.13109190
 -0.03613091 -0.04034060   -0.04126907  0.13109190   -0.06337497 -0.05460008
    2    2
  0.28753712  0.00000000   -0.00486287  0.00741897   -0.00486287  0.00741897
 -0.00486287 -0.00741897    0.23206800  0.00000000    0.00212720  0.00000000
 -0.00486287 -0.00741897    0.00212720  0.00000000    0.23206800  0.00000000

     Dynamical  Matrix in cartesian axes

     q = (    0.250000000   0.750000000  -0.750000000 ) 

    1    1
  0.28753712  0.00000000    0.00486287  0.00741897   -0.00486287 -0.00741897
  0.00486287 -0.00741897    0.23206800  0.00000000   -0.00212720  0.00000000
 -0.00486287  0.00741897   -0.00212720  0.00000000    0.23206800  0.00000000
    1    2
 -0.07349350 -0.06210289    0.04034060  0.03613091   -0.04034060 -0.03613091
  0.04034060  0.03613091   -0.05460008 -0.06337497   -0.13109190  0.04126907
 -0.04034060 -0.03613091   -0.13109190  0.04126907   -0.05460008 -0.06337497
    2    1
 -0.07349350  0.06210289    0.04034060 -0.03613091   -0.04034060  0.03613091
  0.04034060 -0.03613091   -0.05460008  0.06337497   -0.13109190 -0.04126907
 -0.04034060  0.03613091   -0.13109190 -0.04126907   -0.05460008  0.06337497
    2    2
  0.28753712  0.00000000    0.00486287 -0.00741897   -0.00486287  0.00741897
  0.00486287  0.00741897    0.23206800  0.00000000   -0.00212720  0.00000000
 -0.00486287 -0.00741897   -0.00212720  0.00000000    0.23206800  0.00000000

     Dynamical  Matrix in cartesian axes

     q = (   -0.250000000  -0.750000000  -0.750000000 ) 

    1    1
  0.28753712  0.00000000    0.00486287  0.00741897    0.00486287  0.00741897
  0.00486287 -0.00741897    0.23206800  0.00000000    0.00212720  0.00000000
  0.00486287 -0.00741897    0.00212720  0.00000000    0.23206800  0.00000000
    1    2
  0.07349350  0.06210289   -0.04034060 -0.03613091   -0.04034060 -0.03613091
 -0.04034060 -0.03613091    0.05460008  0.06337497   -0.13109190  0.04126907
 -0.04034060 -0.03613091   -0.13109190  0.04126907    0.05460008  0.06337497
    2    1
  0.07349350 -0.06210289   -0.04034060  0.03613091   -0.04034060  0.03613091
 -0.04034060  0.03613091    0.05460008 -0.06337497   -0.13109190 -0.04126907
 -0.04034060  0.03613091   -0.13109190 -0.04126907    0.05460008 -0.06337497
    2    2
  0.28753712  0.00000000    0.00486287 -0.00741897    0.00486287 -0.00741897
  0.00486287  0.00741897    0.23206800  0.00000000    0.00212720  0.00000000
  0.00486287  0.00741897    0.00212720  0.00000000    0.23206800  0.00000000

     Dynamical  Matrix in cartesian axes

     q = (    0.750000000   0.750000000  -0.250000000 ) 

    1    1
  0.23206800  0.00000000    0.00212720  0.00000000   -0.00486287  0.00741897
  0.00212720  0.00000000    0.23206800  0.00000000   -0.00486287  0.00741897
 -0.00486287 -0.00741897   -0.00486287 -0.00741897    0.28753712  0.00000000
    1    2
 -0.06337497  0.05460008   -0.04126907 -0.13109190   -0.03613091  0.04034060
 -0.04126907 -0.13109190   -0.06337497  0.05460008   -0.03613091  0.04034060
 -0.03613091  0.04034060   -0.03613091  0.04034060   -0.06210289  0.07349350
    2    1
 -0.06337497 -0.05460008   -0.04126907  0.13109190   -0.03613091 -0.04034060
 -0.04126907  0.13109190   -0.06337497 -0.05460008   -0.03613091 -0.04034060
 -0.03613091 -0.04034060   -0.03613091 -0.04034060   -0.06210289 -0.07349350
    2    2
  0.23206800  0.00000000    0.00212720  0.00000000   -0.00486287 -0.00741897
  0.00212720  0.00000000    0.23206800  0.00000000   -0.00486287 -0.00741897
 -0.00486287  0.00741897   -0.00486287  0.00741897    0.28753712  0.00000000

     Dynamical  Matrix in cartesian axes

     q = (    0.750000000  -0.750000000   0.250000000 ) 

    1    1
  0.23206800  0.00000000   -0.00212720  0.00000000    0.00486287 -0.00741897
 -0.00212720  0.00000000    0.23206800  0.00000000   -0.00486287  0.00741897
  0.00486287  0.00741897   -0.00486287 -0.00741897    0.28753712  0.00000000
    1    2
 -0.05460008 -0.06337497   -0.13109190  0.04126907    0.04034060  0.03613091
 -0.13109190  0.04126907   -0.05460008 -0.06337497   -0.04034060 -0.03613091
  0.04034060  0.03613091   -0.04034060 -0.03613091   -0.07349350 -0.06210289
    2    1
 -0.05460008  0.06337497   -0.13109190 -0.04126907    0.04034060 -0.03613091
 -0.13109190 -0.04126907   -0.05460008  0.06337497   -0.04034060  0.03613091
  0.04034060 -0.03613091   -0.04034060  0.03613091   -0.07349350  0.06210289
    2    2
  0.23206800  0.00000000   -0.00212720  0.00000000    0.00486287  0.00741897
 -0.00212720  0.00000000    0.23206800  0.00000000   -0.00486287 -0.00741897
  0.00486287 -0.00741897   -0.00486287  0.00741897    0.28753712  0.00000000

     Dynamical  Matrix in cartesian axes

     q = (   -0.750000000  -0.750000000  -0.250000000 ) 

    1    1
  0.23206800  0.00000000    0.00212720  0.00000000    0.00486287 -0.00741897
  0.00212720  0.00000000    0.23206800  0.00000000    0.00486287 -0.00741897
  0.00486287  0.00741897    0.00486287  0.00741897    0.28753712  0.00000000
    1    2
  0.05460008  0.06337497   -0.13109190  0.04126907   -0.04034060 -0.03613091
 -0.13109190  0.04126907    0.05460008  0.06337497   -0.04034060 -0.03613091
 -0.04034060 -0.03613091   -0.04034060 -0.03613091    0.07349350  0.06210289
    2    1
  0.05460008 -0.06337497   -0.13109190 -0.04126907   -0.04034060  0.03613091
 -0.13109190 -0.04126907    0.05460008 -0.06337497   -0.04034060  0.03613091
 -0.04034060  0.03613091   -0.04034060  0.03613091    0.07349350 -0.06210289
    2    2
  0.23206800  0.00000000    0.00212720  0.00000000    0.00486287  0.00741897
  0.00212720  0.00000000    0.23206800  0.00000000    0.00486287  0.00741897
  0.00486287 -0.00741897    0.00486287 -0.00741897    0.28753712  0.00000000

     Dynamical  Matrix in cartesian axes

     q = (    0.250000000  -0.750000000   0.750000000 ) 

    1    1
  0.28753712  0.00000000   -0.00486287 -0.00741897    0.00486287  0.00741897
 -0.00486287  0.00741897    0.23206800  0.00000000   -0.00212720  0.00000000
  0.00486287 -0.00741897   -0.00212720  0.00000000    0.23206800  0.00000000
    1    2
 -0.07349350 -0.06210289   -0.04034060 -0.03613091    0.04034060  0.03613091
 -0.04034060 -0.03613091   -0.05460008 -0.06337497   -0.13109190  0.04126907
  0.04034060  0.03613091   -0.13109190  0.04126907   -0.05460008 -0.06337497
    2    1
 -0.07349350  0.06210289   -0.04034060  0.03613091    0.04034060 -0.03613091
 -0.04034060  0.03613091   -0.05460008  0.06337497   -0.13109190 -0.04126907
  0.04034060 -0.03613091   -0.13109190 -0.04126907   -0.05460008  0.06337497
    2    2
  0.28753712  0.00000000   -0.00486287  0.00741897    0.00486287 -0.00741897
 -0.00486287 -0.00741897    0.23206800  0.00000000   -0.00212720  0.00000000
  0.00486287  0.00741897   -0.00212720  0.00000000    0.23206800  0.00000000

     Dynamical  Matrix in cartesian axes

     q = (   -0.750000000  -0.750000000   0.250000000 ) 

    1    1
  0.23206800  0.00000000    0.00212720  0.00000000   -0.00486287 -0.00741897
  0.00212720  0.00000000    0.23206800  0.00000000   -0.00486287 -0.00741897
 -0.00486287  0.00741897   -0.00486287  0.00741897    0.28753712  0.00000000
    1    2
 -0.06337497 -0.05460008   -0.04126907  0.13109190   -0.03613091 -0.04034060
 -0.04126907  0.13109190   -0.06337497 -0.05460008   -0.03613091 -0.04034060
 -0.03613091 -0.04034060   -0.03613091 -0.04034060   -0.06210289 -0.07349350
    2    1
 -0.06337497  0.05460008   -0.04126907 -0.13109190   -0.03613091  0.04034060
 -0.04126907 -0.13109190   -0.06337497  0.05460008   -0.03613091  0.04034060
 -0.03613091  0.04034060   -0.03613091  0.04034060   -0.06210289  0.07349350
    2    2
  0.23206800  0.00000000    0.00212720  0.00000000   -0.00486287  0.00741897
  0.00212720  0.00000000    0.23206800  0.00000000   -0.00486287  0.00741897
 -0.00486287 -0.00741897   -0.00486287 -0.00741897    0.28753712  0.00000000

     Dynamical  Matrix in cartesian axes

     q = (    0.250000000   0.750000000   0.750000000 ) 

    1    1
  0.28753712  0.00000000    0.00486287 -0.00741897    0.00486287 -0.00741897
  0.00486287  0.00741897    0.23206800  0.00000000    0.00212720  0.00000000
  0.00486287  0.00741897    0.00212720  0.00000000    0.23206800  0.00000000
    1    2
  0.07349350 -0.06210289   -0.04034060  0.03613091   -0.04034060  0.03613091
 -0.04034060  0.03613091    0.05460008 -0.06337497   -0.13109190 -0.04126907
 -0.04034060  0.03613091   -0.13109190 -0.04126907    0.05460008 -0.06337497
    2    1
  0.07349350  0.06210289   -0.04034060 -0.03613091   -0.04034060 -0.03613091
 -0.04034060 -0.03613091    0.05460008  0.06337497   -0.13109190  0.04126907
 -0.04034060 -0.03613091   -0.13109190  0.04126907    0.05460008  0.06337497
    2    2
  0.28753712  0.00000000    0.00486287  0.00741897    0.00486287  0.00741897
  0.00486287 -0.00741897    0.23206800  0.00000000    0.00212720  0.00000000
  0.00486287 -0.00741897    0.00212720  0.00000000    0.23206800  0.00000000

     Dynamical  Matrix in cartesian axes

     q = (   -0.250000000  -0.750000000   0.750000000 ) 

    1    1
  0.28753712  0.00000000    0.00486287 -0.00741897   -0.00486287  0.00741897
  0.00486287  0.00741897    0.23206800  0.00000000   -0.00212720  0.00000000
 -0.00486287 -0.00741897   -0.00212720  0.00000000    0.23206800  0.00000000
    1    2
 -0.07349350  0.06210289    0.04034060 -0.03613091   -0.04034060  0.03613091
  0.04034060 -0.03613091   -0.05460008  0.06337497   -0.13109190 -0.04126907
 -0.04034060  0.03613091   -0.13109190 -0.04126907   -0.05460008  0.06337497
    2    1
 -0.07349350 -0.06210289    0.04034060  0.03613091   -0.04034060 -0.03613091
  0.04034060  0.03613091   -0.05460008 -0.06337497   -0.13109190  0.04126907
 -0.04034060 -0.03613091   -0.13109190  0.04126907   -0.05460008 -0.06337497
    2    2
  0.28753712  0.00000000    0.00486287  0.00741897   -0.00486287 -0.00741897
  0.00486287 -0.00741897    0.23206800  0.00000000   -0.00212720  0.00000000
 -0.00486287  0.00741897   -0.00212720  0.00000000    0.23206800  0.00000000

     Dynamical  Matrix in cartesian axes

     q = (    0.750000000   0.750000000   0.250000000 ) 

    1    1
  0.23206800  0.00000000    0.00212720  0.00000000    0.00486287  0.00741897
  0.00212720  0.00000000    0.23206800  0.00000000    0.00486287  0.00741897
  0.00486287 -0.00741897    0.00486287 -0.00741897    0.28753712  0.00000000
    1    2
  0.05460008 -0.06337497   -0.13109190 -0.04126907   -0.04034060  0.03613091
 -0.13109190 -0.04126907    0.05460008 -0.06337497   -0.04034060  0.03613091
 -0.04034060  0.03613091   -0.04034060  0.03613091    0.07349350 -0.06210289
    2    1
  0.05460008  0.06337497   -0.13109190  0.04126907   -0.04034060 -0.03613091
 -0.13109190  0.04126907    0.05460008  0.06337497   -0.04034060 -0.03613091
 -0.04034060 -0.03613091   -0.04034060 -0.03613091    0.07349350  0.06210289
    2    2
  0.23206800  0.00000000    0.00212720  0.00000000    0.00486287 -0.00741897
  0.00212720  0.00000000    0.23206800  0.00000000    0.00486287 -0.00741897
  0.00486287  0.00741897    0.00486287  0.00741897    0.28753712  0.00000000

     Dynamical  Matrix in cartesian axes

     q = (    0.250000000  -0.750000000  -0.750000000 ) 

    1    1
  0.28753712  0.00000000   -0.00486287  0.00741897   -0.00486287  0.00741897
 -0.00486287 -0.00741897    0.23206800  0.00000000    0.00212720  0.00000000
 -0.00486287 -0.00741897    0.00212720  0.00000000    0.23206800  0.00000000
    1    2
 -0.06210289 -0.07349350   -0.03613091 -0.04034060   -0.03613091 -0.04034060
 -0.03613091 -0.04034060   -0.06337497 -0.05460008   -0.04126907  0.13109190
 -0.03613091 -0.04034060   -0.04126907  0.13109190   -0.06337497 -0.05460008
    2    1
 -0.06210289  0.07349350   -0.03613091  0.04034060   -0.03613091  0.04034060
 -0.03613091  0.04034060   -0.06337497  0.05460008   -0.04126907 -0.13109190
 -0.03613091  0.04034060   -0.04126907 -0.13109190   -0.06337497  0.05460008
    2    2
  0.28753712  0.00000000   -0.00486287 -0.00741897   -0.00486287 -0.00741897
 -0.00486287  0.00741897    0.23206800  0.00000000    0.00212720  0.00000000
 -0.00486287  0.00741897    0.00212720  0.00000000    0.23206800  0.00000000

     Dynamical  Matrix in cartesian axes

     q = (    0.750000000  -0.750000000  -0.250000000 ) 

    1    1
  0.23206800  0.00000000   -0.00212720  0.00000000   -0.00486287 -0.00741897
 -0.00212720  0.00000000    0.23206800  0.00000000    0.00486287  0.00741897
 -0.00486287  0.00741897    0.00486287 -0.00741897    0.28753712  0.00000000
    1    2
 -0.05460008  0.06337497   -0.13109190 -0.04126907   -0.04034060  0.03613091
 -0.13109190 -0.04126907   -0.05460008  0.06337497    0.04034060 -0.03613091
 -0.04034060  0.03613091    0.04034060 -0.03613091   -0.07349350  0.06210289
    2    1
 -0.05460008 -0.06337497   -0.13109190  0.04126907   -0.04034060 -0.03613091
 -0.13109190  0.04126907   -0.05460008 -0.06337497    0.04034060  0.03613091
 -0.04034060 -0.03613091    0.04034060  0.03613091   -0.07349350 -0.06210289
    2    2
  0.23206800  0.00000000   -0.00212720  0.00000000   -0.00486287  0.00741897
 -0.00212720  0.00000000    0.23206800  0.00000000    0.00486287 -0.00741897
 -0.00486287 -0.00741897    0.00486287  0.00741897    0.28753712  0.00000000

     Diagonalizing the dynamical matrix

     q = (    0.750000000  -0.250000000   0.750000000 ) 

 **************************************************************************
     freq (    1) =       4.260731 [THz] =     142.122679 [cm-1]
 (  0.059106 -0.496494  0.000000 -0.000000 -0.059106  0.496494 ) 
 (  0.500000 -0.000000  0.000000  0.000000 -0.500000  0.000000 ) 
     freq (    2) =       5.524516 [THz] =     184.278033 [cm-1]
 ( -0.398587 -0.194468 -0.299312  0.130510 -0.398587 -0.194468 ) 
 ( -0.443497  0.000000 -0.211775 -0.248539 -0.443497  0.000000 ) 
     freq (    3) =       9.010561 [THz] =     300.559977 [cm-1]
 (  0.128729 -0.247830  0.395447  0.433174  0.128729 -0.247830 ) 
 ( -0.279268 -0.000000  0.202128  0.550602 -0.279268  0.000000 ) 
     freq (    4) =      11.934624 [THz] =     398.096191 [cm-1]
 (  0.116886  0.312630 -0.415836 -0.322924  0.116886  0.312630 ) 
 ( -0.333766  0.000000  0.448102  0.276413 -0.333766  0.000000 ) 
     freq (    5) =      13.277120 [THz] =     442.877049 [cm-1]
 (  0.059106 -0.496494 -0.000000  0.000000 -0.059106  0.496494 ) 
 ( -0.500000  0.000000 -0.000000  0.000000  0.500000  0.000000 ) 
     freq (    6) =      13.675749 [THz] =     456.173899 [cm-1]
 ( -0.301641 -0.151434 -0.477306  0.210570 -0.301641 -0.151434 ) 
 (  0.337519 -0.000000  0.332093  0.402338  0.337519 -0.000000 ) 
 **************************************************************************
