Dynamical matrix file
                                                                           
  1    2  2 10.3401000  0.0000000  0.0000000  0.0000000  0.0000000  0.0000000
           1  'Si  '    25598.822984527003     
    1    1      0.0000000000      0.0000000000      0.0000000000
    2    1      0.2500000000      0.2500000000      0.2500000000

     Dynamical  Matrix in cartesian axes

     q = (   -0.250000000   0.250000000  -0.250000000 ) 

    1    1
  0.26853532  0.00000000   -0.01090441  0.00000000    0.01090441  0.00000000
 -0.01090441  0.00000000    0.26853532  0.00000000   -0.01090441  0.00000000
  0.01090441  0.00000000   -0.01090441  0.00000000    0.26853532  0.00000000
    1    2
 -0.19311474 -0.05547539   -0.03648766  0.03721900    0.03648766 -0.03721900
 -0.03648766  0.03721900   -0.19311474 -0.05547539   -0.03648766  0.03721900
  0.03648766 -0.03721900   -0.03648766  0.03721900   -0.19311474 -0.05547539
    2    1
 -0.19311474  0.05547539   -0.03648766 -0.03721900    0.03648766  0.03721900
 -0.03648766 -0.03721900   -0.19311474  0.05547539   -0.03648766 -0.03721900
  0.03648766  0.03721900   -0.03648766 -0.03721900   -0.19311474  0.05547539
    2    2
  0.26853532  0.00000000   -0.01090441  0.00000000    0.01090441  0.00000000
 -0.01090441  0.00000000    0.26853532  0.00000000   -0.01090441  0.00000000
  0.01090441  0.00000000   -0.01090441  0.00000000    0.26853532  0.00000000

     Dynamical  Matrix in cartesian axes

     q = (    0.250000000  -0.250000000  -0.250000000 ) 

    1    1
  0.26853532  0.00000000   -0.01090441  0.00000000   -0.01090441  0.00000000
 -0.01090441  0.00000000    0.26853532  0.00000000    0.01090441  0.00000000
 -0.01090441  0.00000000    0.01090441  0.00000000    0.26853532  0.00000000
    1    2
 -0.19311474 -0.05547539   -0.03648766  0.03721900   -0.03648766  0.03721900
 -0.03648766  0.03721900   -0.19311474 -0.05547539    0.03648766 -0.03721900
 -0.03648766  0.03721900    0.03648766 -0.03721900   -0.19311474 -0.05547539
    2    1
 -0.19311474  0.05547539   -0.03648766 -0.03721900   -0.03648766 -0.03721900
 -0.03648766 -0.03721900   -0.19311474  0.05547539    0.03648766  0.03721900
 -0.03648766 -0.03721900    0.03648766  0.03721900   -0.19311474  0.05547539
    2    2
  0.26853532  0.00000000   -0.01090441  0.00000000   -0.01090441  0.00000000
 -0.01090441  0.00000000    0.26853532  0.00000000    0.01090441  0.00000000
 -0.01090441  0.00000000    0.01090441  0.00000000    0.26853532  0.00000000

     Dynamical  Matrix in cartesian axes

     q = (    0.250000000  -0.250000000   0.250000000 ) 

    1    1
  0.26853532  0.00000000   -0.01090441  0.00000000    0.01090441  0.00000000
 -0.01090441  0.00000000    0.26853532  0.00000000   -0.01090441  0.00000000
  0.01090441  0.00000000   -0.01090441  0.00000000    0.26853532  0.00000000
    1    2
 -0.19311474  0.05547539   -0.03648766 -0.03721900    0.03648766  0.03721900
 -0.03648766 -0.03721900   -0.19311474  0.05547539   -0.03648766 -0.03721900
  0.03648766  0.03721900   -0.03648766 -0.03721900   -0.19311474  0.05547539
    2    1
 -0.19311474 -0.05547539   -0.03648766  0.03721900    0.03648766 -0.03721900
 -0.03648766  0.03721900   -0.19311474 -0.05547539   -0.03648766  0.03721900
  0.03648766 -0.03721900   -0.03648766  0.03721900   -0.19311474 -0.05547539
    2    2
  0.26853532  0.00000000   -0.01090441  0.00000000    0.01090441  0.00000000
 -0.01090441  0.00000000    0.26853532  0.00000000   -0.01090441  0.00000000
  0.01090441  0.00000000   -0.01090441  0.00000000    0.26853532  0.00000000

     Dynamical  Matrix in cartesian axes

     q = (    0.250000000   0.250000000   0.250000000 ) 

    1    1
  0.26853532  0.00000000    0.01090441  0.00000000    0.01090441  0.00000000
  0.01090441  0.00000000    0.26853532  0.00000000    0.01090441  0.00000000
  0.01090441  0.00000000    0.01090441  0.00000000    0.26853532  0.00000000
    1    2
 -0.05547539  0.19311474   -0.03721900 -0.03648766   -0.03721900 -0.03648766
 -0.03721900 -0.03648766   -0.05547539  0.19311474   -0.03721900 -0.03648766
 -0.03721900 -0.03648766   -0.03721900 -0.03648766   -0.05547539  0.19311474
    2    1
 -0.05547539 -0.19311474   -0.03721900  0.03648766   -0.03721900  0.03648766
 -0.03721900  0.03648766   -0.05547539 -0.19311474   -0.03721900  0.03648766
 -0.03721900  0.03648766   -0.03721900  0.03648766   -0.05547539 -0.19311474
    2    2
  0.26853532  0.00000000    0.01090441  0.00000000    0.01090441  0.00000000
  0.01090441  0.00000000    0.26853532  0.00000000    0.01090441  0.00000000
  0.01090441  0.00000000    0.01090441  0.00000000    0.26853532  0.00000000

     Dynamical  Matrix in cartesian axes

     q = (   -0.250000000  -0.250000000  -0.250000000 ) 

    1    1
  0.26853532  0.00000000    0.01090441  0.00000000    0.01090441  0.00000000
  0.01090441  0.00000000    0.26853532  0.00000000    0.01090441  0.00000000
  0.01090441  0.00000000    0.01090441  0.00000000    0.26853532  0.00000000
    1    2
 -0.05547539 -0.19311474   -0.03721900  0.03648766   -0.03721900  0.03648766
 -0.03721900  0.03648766   -0.05547539 -0.19311474   -0.03721900  0.03648766
 -0.03721900  0.03648766   -0.03721900  0.03648766   -0.05547539 -0.19311474
    2    1
 -0.05547539  0.19311474   -0.03721900 -0.03648766   -0.03721900 -0.03648766
 -0.03721900 -0.03648766   -0.05547539  0.19311474   -0.03721900 -0.03648766
 -0.03721900 -0.03648766   -0.03721900 -0.03648766   -0.05547539  0.19311474
    2    2
  0.26853532  0.00000000    0.01090441  0.00000000    0.01090441  0.00000000
  0.01090441  0.00000000    0.26853532  0.00000000    0.01090441  0.00000000
  0.01090441  0.00000000    0.01090441  0.00000000    0.26853532  0.00000000

     Dynamical  Matrix in cartesian axes

     q = (   -0.250000000  -0.250000000   0.250000000 ) 

    1    1
  0.26853532  0.00000000    0.01090441  0.00000000   -0.01090441  0.00000000
  0.01090441  0.00000000    0.26853532  0.00000000   -0.01090441  0.00000000
 -0.01090441  0.00000000   -0.01090441  0.00000000    0.26853532  0.00000000
    1    2
 -0.19311474 -0.05547539    0.03648766 -0.03721900   -0.03648766  0.03721900
  0.03648766 -0.03721900   -0.19311474 -0.05547539   -0.03648766  0.03721900
 -0.03648766  0.03721900   -0.03648766  0.03721900   -0.19311474 -0.05547539
    2    1
 -0.19311474  0.05547539    0.03648766  0.03721900   -0.03648766 -0.03721900
  0.03648766  0.03721900   -0.19311474  0.05547539   -0.03648766 -0.03721900
 -0.03648766 -0.03721900   -0.03648766 -0.03721900   -0.19311474  0.05547539
    2    2
  0.26853532  0.00000000    0.01090441  0.00000000   -0.01090441  0.00000000
  0.01090441  0.00000000    0.26853532  0.00000000   -0.01090441  0.00000000
 -0.01090441  0.00000000   -0.01090441  0.00000000    0.26853532  0.00000000

     Dynamical  Matrix in cartesian axes

     q = (   -0.250000000   0.250000000   0.250000000 ) 

    1    1
  0.26853532  0.00000000   -0.01090441  0.00000000   -0.01090441  0.00000000
 -0.01090441  0.00000000    0.26853532  0.00000000    0.01090441  0.00000000
 -0.01090441  0.00000000    0.01090441  0.00000000    0.26853532  0.00000000
    1    2
 -0.19311474  0.05547539   -0.03648766 -0.03721900   -0.03648766 -0.03721900
 -0.03648766 -0.03721900   -0.19311474  0.05547539    0.03648766  0.03721900
 -0.03648766 -0.03721900    0.03648766  0.03721900   -0.19311474  0.05547539
    2    1
 -0.19311474 -0.05547539   -0.03648766  0.03721900   -0.03648766  0.03721900
 -0.03648766  0.03721900   -0.19311474 -0.05547539    0.03648766 -0.03721900
 -0.03648766  0.03721900    0.03648766 -0.03721900   -0.19311474 -0.05547539
    2    2
  0.26853532  0.00000000   -0.01090441  0.00000000   -0.01090441  0.00000000
 -0.01090441  0.00000000    0.26853532  0.00000000    0.01090441  0.00000000
 -0.01090441  0.00000000    0.01090441  0.00000000    0.26853532  0.00000000

     Dynamical  Matrix in cartesian axes

     q = (    0.250000000   0.250000000  -0.250000000 ) 

    1    1
  0.26853532  0.00000000    0.01090441  0.00000000   -0.01090441  0.00000000
  0.01090441  0.00000000    0.26853532  0.00000000   -0.01090441  0.00000000
 -0.01090441  0.00000000   -0.01090441  0.00000000    0.26853532  0.00000000
    1    2
 -0.19311474  0.05547539    0.03648766  0.03721900   -0.03648766 -0.03721900
  0.03648766  0.03721900   -0.19311474  0.05547539   -0.03648766 -0.03721900
 -0.03648766 -0.03721900   -0.03648766 -0.03721900   -0.19311474  0.05547539
    2    1
 -0.19311474 -0.05547539    0.03648766 -0.03721900   -0.03648766  0.03721900
  0.03648766 -0.03721900   -0.19311474 -0.05547539   -0.03648766  0.03721900
 -0.03648766  0.03721900   -0.03648766  0.03721900   -0.19311474 -0.05547539
    2    2
  0.26853532  0.00000000    0.01090441  0.00000000   -0.01090441  0.00000000
  0.01090441  0.00000000    0.26853532  0.00000000   -0.01090441  0.00000000
 -0.01090441  0.00000000   -0.01090441  0.00000000    0.26853532  0.00000000

     Diagonalizing the dynamical matrix

     q = (   -0.250000000   0.250000000  -0.250000000 ) 

 **************************************************************************
     freq (    1) =       3.397636 [THz] =     113.332948 [cm-1]
 (  0.119770  0.051087  0.543389  0.084770  0.423619  0.033683 ) 
 (  0.123443  0.041433  0.548399  0.041433  0.424956 -0.000000 ) 
     freq (    2) =       3.397636 [THz] =     113.332948 [cm-1]
 ( -0.555333 -0.089349 -0.165736 -0.058371  0.389598  0.030978 ) 
 ( -0.560668 -0.045051 -0.169841 -0.045051  0.390827  0.000000 ) 
     freq (    3) =       6.924081 [THz] =     230.962479 [cm-1]
 (  0.277180  0.299730 -0.277180 -0.299730  0.277180  0.299730 ) 
 (  0.408248 -0.000000 -0.408248  0.000000  0.408248  0.000000 ) 
     freq (    4) =      14.055936 [THz] =     468.855551 [cm-1]
 ( -0.277180 -0.299730  0.277180  0.299730 -0.277180 -0.299730 ) 
 (  0.408248  0.000000 -0.408248 -0.000000  0.408248  0.000000 ) 
     freq (    5) =      14.363367 [THz] =     479.110342 [cm-1]
 (  0.089149  0.492005  0.089018  0.491995 -0.000131 -0.000010 ) 
 ( -0.127866 -0.483391 -0.127734 -0.483391  0.000132  0.000000 ) 
     freq (    6) =      14.363367 [THz] =     479.110342 [cm-1]
 ( -0.287747 -0.022769  0.287787  0.022993  0.575534  0.045762 ) 
 (  0.288646 -0.000110 -0.288704 -0.000110 -0.577350  0.000000 ) 
 **************************************************************************
