Dynamical matrix file
                                                                           
  1    2  2 10.3406000  0.0000000  0.0000000  0.0000000  0.0000000  0.0000000
           1  'Si  '    25598.822984527003     
    1    1      0.0000000000      0.0000000000      0.0000000000
    2    1      0.2500000000      0.2500000000      0.2500000000

     Dynamical  Matrix in cartesian axes

     q = (   -0.250000000   0.250000000  -0.250000000 ) 

    1    1
  0.28156091  0.00000000   -0.01079676  0.00000000    0.01079676  0.00000000
 -0.01079676  0.00000000    0.28156091  0.00000000   -0.01079676  0.00000000
  0.01079676  0.00000000   -0.01079676  0.00000000    0.28156091  0.00000000
    1    2
 -0.20582984 -0.06078181   -0.03649671  0.03727248    0.03649671 -0.03727248
 -0.03649671  0.03727248   -0.20582984 -0.06078181   -0.03649671  0.03727248
  0.03649671 -0.03727248   -0.03649671  0.03727248   -0.20582984 -0.06078181
    2    1
 -0.20582984  0.06078181   -0.03649671 -0.03727248    0.03649671  0.03727248
 -0.03649671 -0.03727248   -0.20582984  0.06078181   -0.03649671 -0.03727248
  0.03649671  0.03727248   -0.03649671 -0.03727248   -0.20582984  0.06078181
    2    2
  0.28156091  0.00000000   -0.01079676  0.00000000    0.01079676  0.00000000
 -0.01079676  0.00000000    0.28156091  0.00000000   -0.01079676  0.00000000
  0.01079676  0.00000000   -0.01079676  0.00000000    0.28156091  0.00000000

     Dynamical  Matrix in cartesian axes

     q = (    0.250000000  -0.250000000  -0.250000000 ) 

    1    1
  0.28156091  0.00000000   -0.01079676  0.00000000   -0.01079676  0.00000000
 -0.01079676  0.00000000    0.28156091  0.00000000    0.01079676  0.00000000
 -0.01079676  0.00000000    0.01079676  0.00000000    0.28156091  0.00000000
    1    2
 -0.20582984 -0.06078181   -0.03649671  0.03727248   -0.03649671  0.03727248
 -0.03649671  0.03727248   -0.20582984 -0.06078181    0.03649671 -0.03727248
 -0.03649671  0.03727248    0.03649671 -0.03727248   -0.20582984 -0.06078181
    2    1
 -0.20582984  0.06078181   -0.03649671 -0.03727248   -0.03649671 -0.03727248
 -0.03649671 -0.03727248   -0.20582984  0.06078181    0.03649671  0.03727248
 -0.03649671 -0.03727248    0.03649671  0.03727248   -0.20582984  0.06078181
    2    2
  0.28156091  0.00000000   -0.01079676  0.00000000   -0.01079676  0.00000000
 -0.01079676  0.00000000    0.28156091  0.00000000    0.01079676  0.00000000
 -0.01079676  0.00000000    0.01079676  0.00000000    0.28156091  0.00000000

     Dynamical  Matrix in cartesian axes

     q = (    0.250000000  -0.250000000   0.250000000 ) 

    1    1
  0.28156091  0.00000000   -0.01079676  0.00000000    0.01079676  0.00000000
 -0.01079676  0.00000000    0.28156091  0.00000000   -0.01079676  0.00000000
  0.01079676  0.00000000   -0.01079676  0.00000000    0.28156091  0.00000000
    1    2
 -0.20582984  0.06078181   -0.03649671 -0.03727248    0.03649671  0.03727248
 -0.03649671 -0.03727248   -0.20582984  0.06078181   -0.03649671 -0.03727248
  0.03649671  0.03727248   -0.03649671 -0.03727248   -0.20582984  0.06078181
    2    1
 -0.20582984 -0.06078181   -0.03649671  0.03727248    0.03649671 -0.03727248
 -0.03649671  0.03727248   -0.20582984 -0.06078181   -0.03649671  0.03727248
  0.03649671 -0.03727248   -0.03649671  0.03727248   -0.20582984 -0.06078181
    2    2
  0.28156091  0.00000000   -0.01079676  0.00000000    0.01079676  0.00000000
 -0.01079676  0.00000000    0.28156091  0.00000000   -0.01079676  0.00000000
  0.01079676  0.00000000   -0.01079676  0.00000000    0.28156091  0.00000000

     Dynamical  Matrix in cartesian axes

     q = (    0.250000000   0.250000000   0.250000000 ) 

    1    1
  0.28156091  0.00000000    0.01079676  0.00000000    0.01079676  0.00000000
  0.01079676  0.00000000    0.28156091  0.00000000    0.01079676  0.00000000
  0.01079676  0.00000000    0.01079676  0.00000000    0.28156091  0.00000000
    1    2
 -0.06078181  0.20582984   -0.03727248 -0.03649671   -0.03727248 -0.03649671
 -0.03727248 -0.03649671   -0.06078181  0.20582984   -0.03727248 -0.03649671
 -0.03727248 -0.03649671   -0.03727248 -0.03649671   -0.06078181  0.20582984
    2    1
 -0.06078181 -0.20582984   -0.03727248  0.03649671   -0.03727248  0.03649671
 -0.03727248  0.03649671   -0.06078181 -0.20582984   -0.03727248  0.03649671
 -0.03727248  0.03649671   -0.03727248  0.03649671   -0.06078181 -0.20582984
    2    2
  0.28156091  0.00000000    0.01079676  0.00000000    0.01079676  0.00000000
  0.01079676  0.00000000    0.28156091  0.00000000    0.01079676  0.00000000
  0.01079676  0.00000000    0.01079676  0.00000000    0.28156091  0.00000000

     Dynamical  Matrix in cartesian axes

     q = (   -0.250000000  -0.250000000  -0.250000000 ) 

    1    1
  0.28156091  0.00000000    0.01079676  0.00000000    0.01079676  0.00000000
  0.01079676  0.00000000    0.28156091  0.00000000    0.01079676  0.00000000
  0.01079676  0.00000000    0.01079676  0.00000000    0.28156091  0.00000000
    1    2
 -0.06078181 -0.20582984   -0.03727248  0.03649671   -0.03727248  0.03649671
 -0.03727248  0.03649671   -0.06078181 -0.20582984   -0.03727248  0.03649671
 -0.03727248  0.03649671   -0.03727248  0.03649671   -0.06078181 -0.20582984
    2    1
 -0.06078181  0.20582984   -0.03727248 -0.03649671   -0.03727248 -0.03649671
 -0.03727248 -0.03649671   -0.06078181  0.20582984   -0.03727248 -0.03649671
 -0.03727248 -0.03649671   -0.03727248 -0.03649671   -0.06078181  0.20582984
    2    2
  0.28156091  0.00000000    0.01079676  0.00000000    0.01079676  0.00000000
  0.01079676  0.00000000    0.28156091  0.00000000    0.01079676  0.00000000
  0.01079676  0.00000000    0.01079676  0.00000000    0.28156091  0.00000000

     Dynamical  Matrix in cartesian axes

     q = (   -0.250000000  -0.250000000   0.250000000 ) 

    1    1
  0.28156091  0.00000000    0.01079676  0.00000000   -0.01079676  0.00000000
  0.01079676  0.00000000    0.28156091  0.00000000   -0.01079676  0.00000000
 -0.01079676  0.00000000   -0.01079676  0.00000000    0.28156091  0.00000000
    1    2
 -0.20582984 -0.06078181    0.03649671 -0.03727248   -0.03649671  0.03727248
  0.03649671 -0.03727248   -0.20582984 -0.06078181   -0.03649671  0.03727248
 -0.03649671  0.03727248   -0.03649671  0.03727248   -0.20582984 -0.06078181
    2    1
 -0.20582984  0.06078181    0.03649671  0.03727248   -0.03649671 -0.03727248
  0.03649671  0.03727248   -0.20582984  0.06078181   -0.03649671 -0.03727248
 -0.03649671 -0.03727248   -0.03649671 -0.03727248   -0.20582984  0.06078181
    2    2
  0.28156091  0.00000000    0.01079676  0.00000000   -0.01079676  0.00000000
  0.01079676  0.00000000    0.28156091  0.00000000   -0.01079676  0.00000000
 -0.01079676  0.00000000   -0.01079676  0.00000000    0.28156091  0.00000000

     Dynamical  Matrix in cartesian axes

     q = (   -0.250000000   0.250000000   0.250000000 ) 

    1    1
  0.28156091  0.00000000   -0.01079676  0.00000000   -0.01079676  0.00000000
 -0.01079676  0.00000000    0.28156091  0.00000000    0.01079676  0.00000000
 -0.01079676  0.00000000    0.01079676  0.00000000    0.28156091  0.00000000
    1    2
 -0.20582984  0.06078181   -0.03649671 -0.03727248   -0.03649671 -0.03727248
 -0.03649671 -0.03727248   -0.20582984  0.06078181    0.03649671  0.03727248
 -0.03649671 -0.03727248    0.03649671  0.03727248   -0.20582984  0.06078181
    2    1
 -0.20582984 -0.06078181   -0.03649671  0.03727248   -0.03649671  0.03727248
 -0.03649671  0.03727248   -0.20582984 -0.06078181    0.03649671 -0.03727248
 -0.03649671  0.03727248    0.03649671 -0.03727248   -0.20582984 -0.06078181
    2    2
  0.28156091  0.00000000   -0.01079676  0.00000000   -0.01079676  0.00000000
 -0.01079676  0.00000000    0.28156091  0.00000000    0.01079676  0.00000000
 -0.01079676  0.00000000    0.01079676  0.00000000    0.28156091  0.00000000

     Dynamical  Matrix in cartesian axes

     q = (    0.250000000   0.250000000  -0.250000000 ) 

    1    1
  0.28156091  0.00000000    0.01079676  0.00000000   -0.01079676  0.00000000
  0.01079676  0.00000000    0.28156091  0.00000000   -0.01079676  0.00000000
 -0.01079676  0.00000000   -0.01079676  0.00000000    0.28156091  0.00000000
    1    2
 -0.20582984  0.06078181    0.03649671  0.03727248   -0.03649671 -0.03727248
  0.03649671  0.03727248   -0.20582984  0.06078181   -0.03649671 -0.03727248
 -0.03649671 -0.03727248   -0.03649671 -0.03727248   -0.20582984  0.06078181
    2    1
 -0.20582984 -0.06078181    0.03649671 -0.03727248   -0.03649671  0.03727248
  0.03649671 -0.03727248   -0.20582984 -0.06078181   -0.03649671  0.03727248
 -0.03649671  0.03727248   -0.03649671  0.03727248   -0.20582984 -0.06078181
    2    2
  0.28156091  0.00000000    0.01079676  0.00000000   -0.01079676  0.00000000
  0.01079676  0.00000000    0.28156091  0.00000000   -0.01079676  0.00000000
 -0.01079676  0.00000000   -0.01079676  0.00000000    0.28156091  0.00000000

     Diagonalizing the dynamical matrix

     q = (   -0.250000000   0.250000000  -0.250000000 ) 

 **************************************************************************
     freq (    1) =       3.397392 [THz] =     113.324792 [cm-1]
 ( -0.443891 -0.230132 -0.443891 -0.230132 -0.000000 -0.000000 ) 
 ( -0.464039 -0.186193 -0.464039 -0.186193  0.000000  0.000000 ) 
     freq (    2) =       3.397392 [THz] =     113.324792 [cm-1]
 (  0.287326  0.027875 -0.287326 -0.027875 -0.574652 -0.055750 ) 
 (  0.288675  0.000000 -0.288675 -0.000000 -0.577350  0.000000 ) 
     freq (    3) =       6.928084 [THz] =     231.096020 [cm-1]
 ( -0.285982 -0.291343  0.285982  0.291343 -0.285982 -0.291343 ) 
 ( -0.408248 -0.000000  0.408248 -0.000000 -0.408248  0.000000 ) 
     freq (    4) =      14.434200 [THz] =     481.473090 [cm-1]
 ( -0.285982 -0.291343  0.285982  0.291343 -0.285982 -0.291343 ) 
 (  0.408248 -0.000000 -0.408248 -0.000000  0.408248  0.000000 ) 
     freq (    5) =      14.744942 [THz] =     491.838325 [cm-1]
 ( -0.287326 -0.027875  0.287326  0.027875  0.574652  0.055750 ) 
 (  0.288675  0.000000 -0.288675 -0.000000 -0.577350  0.000000 ) 
     freq (    6) =      14.744942 [THz] =     491.838325 [cm-1]
 (  0.481582  0.134457  0.481582  0.134457  0.000000 -0.000000 ) 
 ( -0.492315 -0.087326 -0.492315 -0.087326  0.000000  0.000000 ) 
 **************************************************************************
