Dynamical matrix file
                                                                           
  1    2  2 10.3406000  0.0000000  0.0000000  0.0000000  0.0000000  0.0000000
           1  'Si  '    25598.822984527003     
    1    1      0.0000000000      0.0000000000      0.0000000000
    2    1      0.2500000000      0.2500000000      0.2500000000

     Dynamical  Matrix in cartesian axes

     q = (    0.750000000  -0.250000000   0.750000000 ) 

    1    1
  0.24407475  0.00000000   -0.00471583  0.00741352    0.00142128  0.00000000
 -0.00471583 -0.00741352    0.29990249  0.00000000   -0.00471583 -0.00741352
  0.00142128  0.00000000   -0.00471583  0.00741352    0.24407475  0.00000000
    1    2
 -0.05806399  0.06766523   -0.03624818  0.04030883   -0.04108488 -0.13073164
 -0.03624818  0.04030883   -0.05659721  0.08684737   -0.03624818  0.04030883
 -0.04108488 -0.13073164   -0.03624818  0.04030883   -0.05806399  0.06766523
    2    1
 -0.05806399 -0.06766523   -0.03624818 -0.04030883   -0.04108488  0.13073164
 -0.03624818 -0.04030883   -0.05659721 -0.08684737   -0.03624818 -0.04030883
 -0.04108488  0.13073164   -0.03624818 -0.04030883   -0.05806399 -0.06766523
    2    2
  0.24407475  0.00000000   -0.00471583 -0.00741352    0.00142128  0.00000000
 -0.00471583  0.00741352    0.29990249  0.00000000   -0.00471583  0.00741352
  0.00142128  0.00000000   -0.00471583 -0.00741352    0.24407475  0.00000000

     Dynamical  Matrix in cartesian axes

     q = (    0.750000000  -0.250000000  -0.750000000 ) 

    1    1
  0.24407475  0.00000000   -0.00471583 -0.00741352   -0.00142128  0.00000000
 -0.00471583  0.00741352    0.29990249  0.00000000    0.00471583 -0.00741352
 -0.00142128  0.00000000    0.00471583  0.00741352    0.24407475  0.00000000
    1    2
 -0.06766523  0.05806399   -0.04030883  0.03624818   -0.13073164 -0.04108488
 -0.04030883  0.03624818   -0.08684737  0.05659721    0.04030883 -0.03624818
 -0.13073164 -0.04108488    0.04030883 -0.03624818   -0.06766523  0.05806399
    2    1
 -0.06766523 -0.05806399   -0.04030883 -0.03624818   -0.13073164  0.04108488
 -0.04030883 -0.03624818   -0.08684737 -0.05659721    0.04030883  0.03624818
 -0.13073164  0.04108488    0.04030883  0.03624818   -0.06766523 -0.05806399
    2    2
  0.24407475  0.00000000   -0.00471583  0.00741352   -0.00142128  0.00000000
 -0.00471583 -0.00741352    0.29990249  0.00000000    0.00471583  0.00741352
 -0.00142128  0.00000000    0.00471583 -0.00741352    0.24407475  0.00000000

     Dynamical  Matrix in cartesian axes

     q = (   -0.750000000  -0.250000000  -0.750000000 ) 

    1    1
  0.24407475  0.00000000    0.00471583 -0.00741352    0.00142128  0.00000000
  0.00471583  0.00741352    0.29990249  0.00000000    0.00471583  0.00741352
  0.00142128  0.00000000    0.00471583 -0.00741352    0.24407475  0.00000000
    1    2
  0.06766523  0.05806399   -0.04030883 -0.03624818   -0.13073164  0.04108488
 -0.04030883 -0.03624818    0.08684737  0.05659721   -0.04030883 -0.03624818
 -0.13073164  0.04108488   -0.04030883 -0.03624818    0.06766523  0.05806399
    2    1
  0.06766523 -0.05806399   -0.04030883  0.03624818   -0.13073164 -0.04108488
 -0.04030883  0.03624818    0.08684737 -0.05659721   -0.04030883  0.03624818
 -0.13073164 -0.04108488   -0.04030883  0.03624818    0.06766523 -0.05806399
    2    2
  0.24407475  0.00000000    0.00471583  0.00741352    0.00142128  0.00000000
  0.00471583 -0.00741352    0.29990249  0.00000000    0.00471583 -0.00741352
  0.00142128  0.00000000    0.00471583  0.00741352    0.24407475  0.00000000

     Dynamical  Matrix in cartesian axes

     q = (   -0.750000000  -0.250000000   0.750000000 ) 

    1    1
  0.24407475  0.00000000    0.00471583  0.00741352   -0.00142128  0.00000000
  0.00471583 -0.00741352    0.29990249  0.00000000   -0.00471583  0.00741352
 -0.00142128  0.00000000   -0.00471583 -0.00741352    0.24407475  0.00000000
    1    2
 -0.06766523  0.05806399    0.04030883 -0.03624818   -0.13073164 -0.04108488
  0.04030883 -0.03624818   -0.08684737  0.05659721   -0.04030883  0.03624818
 -0.13073164 -0.04108488   -0.04030883  0.03624818   -0.06766523  0.05806399
    2    1
 -0.06766523 -0.05806399    0.04030883  0.03624818   -0.13073164  0.04108488
  0.04030883  0.03624818   -0.08684737 -0.05659721   -0.04030883 -0.03624818
 -0.13073164  0.04108488   -0.04030883 -0.03624818   -0.06766523 -0.05806399
    2    2
  0.24407475  0.00000000    0.00471583 -0.00741352   -0.00142128  0.00000000
  0.00471583  0.00741352    0.29990249  0.00000000   -0.00471583 -0.00741352
 -0.00142128  0.00000000   -0.00471583  0.00741352    0.24407475  0.00000000

     Dynamical  Matrix in cartesian axes

     q = (   -0.750000000   0.250000000  -0.750000000 ) 

    1    1
  0.24407475  0.00000000   -0.00471583 -0.00741352    0.00142128  0.00000000
 -0.00471583  0.00741352    0.29990249  0.00000000   -0.00471583  0.00741352
  0.00142128  0.00000000   -0.00471583 -0.00741352    0.24407475  0.00000000
    1    2
 -0.05806399 -0.06766523   -0.03624818 -0.04030883   -0.04108488  0.13073164
 -0.03624818 -0.04030883   -0.05659721 -0.08684737   -0.03624818 -0.04030883
 -0.04108488  0.13073164   -0.03624818 -0.04030883   -0.05806399 -0.06766523
    2    1
 -0.05806399  0.06766523   -0.03624818  0.04030883   -0.04108488 -0.13073164
 -0.03624818  0.04030883   -0.05659721  0.08684737   -0.03624818  0.04030883
 -0.04108488 -0.13073164   -0.03624818  0.04030883   -0.05806399  0.06766523
    2    2
  0.24407475  0.00000000   -0.00471583  0.00741352    0.00142128  0.00000000
 -0.00471583 -0.00741352    0.29990249  0.00000000   -0.00471583 -0.00741352
  0.00142128  0.00000000   -0.00471583  0.00741352    0.24407475  0.00000000

     Dynamical  Matrix in cartesian axes

     q = (   -0.250000000   0.750000000  -0.750000000 ) 

    1    1
  0.29990249  0.00000000   -0.00471583  0.00741352    0.00471583 -0.00741352
 -0.00471583 -0.00741352    0.24407475  0.00000000   -0.00142128  0.00000000
  0.00471583  0.00741352   -0.00142128  0.00000000    0.24407475  0.00000000
    1    2
 -0.08684737  0.05659721   -0.04030883  0.03624818    0.04030883 -0.03624818
 -0.04030883  0.03624818   -0.06766523  0.05806399   -0.13073164 -0.04108488
  0.04030883 -0.03624818   -0.13073164 -0.04108488   -0.06766523  0.05806399
    2    1
 -0.08684737 -0.05659721   -0.04030883 -0.03624818    0.04030883  0.03624818
 -0.04030883 -0.03624818   -0.06766523 -0.05806399   -0.13073164  0.04108488
  0.04030883  0.03624818   -0.13073164  0.04108488   -0.06766523 -0.05806399
    2    2
  0.29990249  0.00000000   -0.00471583 -0.00741352    0.00471583  0.00741352
 -0.00471583  0.00741352    0.24407475  0.00000000   -0.00142128  0.00000000
  0.00471583 -0.00741352   -0.00142128  0.00000000    0.24407475  0.00000000

     Dynamical  Matrix in cartesian axes

     q = (   -0.750000000   0.750000000  -0.250000000 ) 

    1    1
  0.24407475  0.00000000   -0.00142128  0.00000000    0.00471583  0.00741352
 -0.00142128  0.00000000    0.24407475  0.00000000   -0.00471583 -0.00741352
  0.00471583 -0.00741352   -0.00471583  0.00741352    0.29990249  0.00000000
    1    2
 -0.06766523  0.05806399   -0.13073164 -0.04108488    0.04030883 -0.03624818
 -0.13073164 -0.04108488   -0.06766523  0.05806399   -0.04030883  0.03624818
  0.04030883 -0.03624818   -0.04030883  0.03624818   -0.08684737  0.05659721
    2    1
 -0.06766523 -0.05806399   -0.13073164  0.04108488    0.04030883  0.03624818
 -0.13073164  0.04108488   -0.06766523 -0.05806399   -0.04030883 -0.03624818
  0.04030883  0.03624818   -0.04030883 -0.03624818   -0.08684737 -0.05659721
    2    2
  0.24407475  0.00000000   -0.00142128  0.00000000    0.00471583 -0.00741352
 -0.00142128  0.00000000    0.24407475  0.00000000   -0.00471583  0.00741352
  0.00471583  0.00741352   -0.00471583 -0.00741352    0.29990249  0.00000000

     Dynamical  Matrix in cartesian axes

     q = (    0.750000000   0.250000000   0.750000000 ) 

    1    1
  0.24407475  0.00000000    0.00471583  0.00741352    0.00142128  0.00000000
  0.00471583 -0.00741352    0.29990249  0.00000000    0.00471583 -0.00741352
  0.00142128  0.00000000    0.00471583  0.00741352    0.24407475  0.00000000
    1    2
  0.06766523 -0.05806399   -0.04030883  0.03624818   -0.13073164 -0.04108488
 -0.04030883  0.03624818    0.08684737 -0.05659721   -0.04030883  0.03624818
 -0.13073164 -0.04108488   -0.04030883  0.03624818    0.06766523 -0.05806399
    2    1
  0.06766523  0.05806399   -0.04030883 -0.03624818   -0.13073164  0.04108488
 -0.04030883 -0.03624818    0.08684737  0.05659721   -0.04030883 -0.03624818
 -0.13073164  0.04108488   -0.04030883 -0.03624818    0.06766523  0.05806399
    2    2
  0.24407475  0.00000000    0.00471583 -0.00741352    0.00142128  0.00000000
  0.00471583  0.00741352    0.29990249  0.00000000    0.00471583  0.00741352
  0.00142128  0.00000000    0.00471583 -0.00741352    0.24407475  0.00000000

     Dynamical  Matrix in cartesian axes

     q = (   -0.750000000   0.250000000   0.750000000 ) 

    1    1
  0.24407475  0.00000000   -0.00471583  0.00741352   -0.00142128  0.00000000
 -0.00471583 -0.00741352    0.29990249  0.00000000    0.00471583  0.00741352
 -0.00142128  0.00000000    0.00471583 -0.00741352    0.24407475  0.00000000
    1    2
 -0.06766523 -0.05806399   -0.04030883 -0.03624818   -0.13073164  0.04108488
 -0.04030883 -0.03624818   -0.08684737 -0.05659721    0.04030883  0.03624818
 -0.13073164  0.04108488    0.04030883  0.03624818   -0.06766523 -0.05806399
    2    1
 -0.06766523  0.05806399   -0.04030883  0.03624818   -0.13073164 -0.04108488
 -0.04030883  0.03624818   -0.08684737  0.05659721    0.04030883 -0.03624818
 -0.13073164 -0.04108488    0.04030883 -0.03624818   -0.06766523  0.05806399
    2    2
  0.24407475  0.00000000   -0.00471583 -0.00741352   -0.00142128  0.00000000
 -0.00471583  0.00741352    0.29990249  0.00000000    0.00471583 -0.00741352
 -0.00142128  0.00000000    0.00471583  0.00741352    0.24407475  0.00000000

     Dynamical  Matrix in cartesian axes

     q = (    0.750000000   0.250000000  -0.750000000 ) 

    1    1
  0.24407475  0.00000000    0.00471583 -0.00741352   -0.00142128  0.00000000
  0.00471583  0.00741352    0.29990249  0.00000000   -0.00471583 -0.00741352
 -0.00142128  0.00000000   -0.00471583  0.00741352    0.24407475  0.00000000
    1    2
 -0.06766523 -0.05806399    0.04030883  0.03624818   -0.13073164  0.04108488
  0.04030883  0.03624818   -0.08684737 -0.05659721   -0.04030883 -0.03624818
 -0.13073164  0.04108488   -0.04030883 -0.03624818   -0.06766523 -0.05806399
    2    1
 -0.06766523  0.05806399    0.04030883 -0.03624818   -0.13073164 -0.04108488
  0.04030883 -0.03624818   -0.08684737  0.05659721   -0.04030883  0.03624818
 -0.13073164 -0.04108488   -0.04030883  0.03624818   -0.06766523  0.05806399
    2    2
  0.24407475  0.00000000    0.00471583  0.00741352   -0.00142128  0.00000000
  0.00471583 -0.00741352    0.29990249  0.00000000   -0.00471583  0.00741352
 -0.00142128  0.00000000   -0.00471583 -0.00741352    0.24407475  0.00000000

     Dynamical  Matrix in cartesian axes

     q = (   -0.750000000   0.750000000   0.250000000 ) 

    1    1
  0.24407475  0.00000000   -0.00142128  0.00000000   -0.00471583  0.00741352
 -0.00142128  0.00000000    0.24407475  0.00000000    0.00471583 -0.00741352
 -0.00471583 -0.00741352    0.00471583  0.00741352    0.29990249  0.00000000
    1    2
 -0.06766523 -0.05806399   -0.13073164  0.04108488   -0.04030883 -0.03624818
 -0.13073164  0.04108488   -0.06766523 -0.05806399    0.04030883  0.03624818
 -0.04030883 -0.03624818    0.04030883  0.03624818   -0.08684737 -0.05659721
    2    1
 -0.06766523  0.05806399   -0.13073164 -0.04108488   -0.04030883  0.03624818
 -0.13073164 -0.04108488   -0.06766523  0.05806399    0.04030883 -0.03624818
 -0.04030883  0.03624818    0.04030883 -0.03624818   -0.08684737  0.05659721
    2    2
  0.24407475  0.00000000   -0.00142128  0.00000000   -0.00471583 -0.00741352
 -0.00142128  0.00000000    0.24407475  0.00000000    0.00471583  0.00741352
 -0.00471583  0.00741352    0.00471583 -0.00741352    0.29990249  0.00000000

     Dynamical  Matrix in cartesian axes

     q = (   -0.250000000   0.750000000   0.750000000 ) 

    1    1
  0.29990249  0.00000000   -0.00471583 -0.00741352   -0.00471583 -0.00741352
 -0.00471583  0.00741352    0.24407475  0.00000000    0.00142128  0.00000000
 -0.00471583  0.00741352    0.00142128  0.00000000    0.24407475  0.00000000
    1    2
 -0.05659721  0.08684737   -0.03624818  0.04030883   -0.03624818  0.04030883
 -0.03624818  0.04030883   -0.05806399  0.06766523   -0.04108488 -0.13073164
 -0.03624818  0.04030883   -0.04108488 -0.13073164   -0.05806399  0.06766523
    2    1
 -0.05659721 -0.08684737   -0.03624818 -0.04030883   -0.03624818 -0.04030883
 -0.03624818 -0.04030883   -0.05806399 -0.06766523   -0.04108488  0.13073164
 -0.03624818 -0.04030883   -0.04108488  0.13073164   -0.05806399 -0.06766523
    2    2
  0.29990249  0.00000000   -0.00471583  0.00741352   -0.00471583  0.00741352
 -0.00471583 -0.00741352    0.24407475  0.00000000    0.00142128  0.00000000
 -0.00471583 -0.00741352    0.00142128  0.00000000    0.24407475  0.00000000

     Dynamical  Matrix in cartesian axes

     q = (    0.250000000   0.750000000  -0.750000000 ) 

    1    1
  0.29990249  0.00000000    0.00471583  0.00741352   -0.00471583 -0.00741352
  0.00471583 -0.00741352    0.24407475  0.00000000   -0.00142128  0.00000000
 -0.00471583  0.00741352   -0.00142128  0.00000000    0.24407475  0.00000000
    1    2
 -0.08684737 -0.05659721    0.04030883  0.03624818   -0.04030883 -0.03624818
  0.04030883  0.03624818   -0.06766523 -0.05806399   -0.13073164  0.04108488
 -0.04030883 -0.03624818   -0.13073164  0.04108488   -0.06766523 -0.05806399
    2    1
 -0.08684737  0.05659721    0.04030883 -0.03624818   -0.04030883  0.03624818
  0.04030883 -0.03624818   -0.06766523  0.05806399   -0.13073164 -0.04108488
 -0.04030883  0.03624818   -0.13073164 -0.04108488   -0.06766523  0.05806399
    2    2
  0.29990249  0.00000000    0.00471583 -0.00741352   -0.00471583  0.00741352
  0.00471583  0.00741352    0.24407475  0.00000000   -0.00142128  0.00000000
 -0.00471583 -0.00741352   -0.00142128  0.00000000    0.24407475  0.00000000

     Dynamical  Matrix in cartesian axes

     q = (   -0.250000000  -0.750000000  -0.750000000 ) 

    1    1
  0.29990249  0.00000000    0.00471583  0.00741352    0.00471583  0.00741352
  0.00471583 -0.00741352    0.24407475  0.00000000    0.00142128  0.00000000
  0.00471583 -0.00741352    0.00142128  0.00000000    0.24407475  0.00000000
    1    2
  0.08684737  0.05659721   -0.04030883 -0.03624818   -0.04030883 -0.03624818
 -0.04030883 -0.03624818    0.06766523  0.05806399   -0.13073164  0.04108488
 -0.04030883 -0.03624818   -0.13073164  0.04108488    0.06766523  0.05806399
    2    1
  0.08684737 -0.05659721   -0.04030883  0.03624818   -0.04030883  0.03624818
 -0.04030883  0.03624818    0.06766523 -0.05806399   -0.13073164 -0.04108488
 -0.04030883  0.03624818   -0.13073164 -0.04108488    0.06766523 -0.05806399
    2    2
  0.29990249  0.00000000    0.00471583 -0.00741352    0.00471583 -0.00741352
  0.00471583  0.00741352    0.24407475  0.00000000    0.00142128  0.00000000
  0.00471583  0.00741352    0.00142128  0.00000000    0.24407475  0.00000000

     Dynamical  Matrix in cartesian axes

     q = (    0.750000000   0.750000000  -0.250000000 ) 

    1    1
  0.24407475  0.00000000    0.00142128  0.00000000   -0.00471583  0.00741352
  0.00142128  0.00000000    0.24407475  0.00000000   -0.00471583  0.00741352
 -0.00471583 -0.00741352   -0.00471583 -0.00741352    0.29990249  0.00000000
    1    2
 -0.05806399  0.06766523   -0.04108488 -0.13073164   -0.03624818  0.04030883
 -0.04108488 -0.13073164   -0.05806399  0.06766523   -0.03624818  0.04030883
 -0.03624818  0.04030883   -0.03624818  0.04030883   -0.05659721  0.08684737
    2    1
 -0.05806399 -0.06766523   -0.04108488  0.13073164   -0.03624818 -0.04030883
 -0.04108488  0.13073164   -0.05806399 -0.06766523   -0.03624818 -0.04030883
 -0.03624818 -0.04030883   -0.03624818 -0.04030883   -0.05659721 -0.08684737
    2    2
  0.24407475  0.00000000    0.00142128  0.00000000   -0.00471583 -0.00741352
  0.00142128  0.00000000    0.24407475  0.00000000   -0.00471583 -0.00741352
 -0.00471583  0.00741352   -0.00471583  0.00741352    0.29990249  0.00000000

     Dynamical  Matrix in cartesian axes

     q = (    0.750000000  -0.750000000   0.250000000 ) 

    1    1
  0.24407475  0.00000000   -0.00142128  0.00000000    0.00471583 -0.00741352
 -0.00142128  0.00000000    0.24407475  0.00000000   -0.00471583  0.00741352
  0.00471583  0.00741352   -0.00471583 -0.00741352    0.29990249  0.00000000
    1    2
 -0.06766523 -0.05806399   -0.13073164  0.04108488    0.04030883  0.03624818
 -0.13073164  0.04108488   -0.06766523 -0.05806399   -0.04030883 -0.03624818
  0.04030883  0.03624818   -0.04030883 -0.03624818   -0.08684737 -0.05659721
    2    1
 -0.06766523  0.05806399   -0.13073164 -0.04108488    0.04030883 -0.03624818
 -0.13073164 -0.04108488   -0.06766523  0.05806399   -0.04030883  0.03624818
  0.04030883 -0.03624818   -0.04030883  0.03624818   -0.08684737  0.05659721
    2    2
  0.24407475  0.00000000   -0.00142128  0.00000000    0.00471583  0.00741352
 -0.00142128  0.00000000    0.24407475  0.00000000   -0.00471583 -0.00741352
  0.00471583 -0.00741352   -0.00471583  0.00741352    0.29990249  0.00000000

     Dynamical  Matrix in cartesian axes

     q = (   -0.750000000  -0.750000000  -0.250000000 ) 

    1    1
  0.24407475  0.00000000    0.00142128  0.00000000    0.00471583 -0.00741352
  0.00142128  0.00000000    0.24407475  0.00000000    0.00471583 -0.00741352
  0.00471583  0.00741352    0.00471583  0.00741352    0.29990249  0.00000000
    1    2
  0.06766523  0.05806399   -0.13073164  0.04108488   -0.04030883 -0.03624818
 -0.13073164  0.04108488    0.06766523  0.05806399   -0.04030883 -0.03624818
 -0.04030883 -0.03624818   -0.04030883 -0.03624818    0.08684737  0.05659721
    2    1
  0.06766523 -0.05806399   -0.13073164 -0.04108488   -0.04030883  0.03624818
 -0.13073164 -0.04108488    0.06766523 -0.05806399   -0.04030883  0.03624818
 -0.04030883  0.03624818   -0.04030883  0.03624818    0.08684737 -0.05659721
    2    2
  0.24407475  0.00000000    0.00142128  0.00000000    0.00471583  0.00741352
  0.00142128  0.00000000    0.24407475  0.00000000    0.00471583  0.00741352
  0.00471583 -0.00741352    0.00471583 -0.00741352    0.29990249  0.00000000

     Dynamical  Matrix in cartesian axes

     q = (    0.250000000  -0.750000000   0.750000000 ) 

    1    1
  0.29990249  0.00000000   -0.00471583 -0.00741352    0.00471583  0.00741352
 -0.00471583  0.00741352    0.24407475  0.00000000   -0.00142128  0.00000000
  0.00471583 -0.00741352   -0.00142128  0.00000000    0.24407475  0.00000000
    1    2
 -0.08684737 -0.05659721   -0.04030883 -0.03624818    0.04030883  0.03624818
 -0.04030883 -0.03624818   -0.06766523 -0.05806399   -0.13073164  0.04108488
  0.04030883  0.03624818   -0.13073164  0.04108488   -0.06766523 -0.05806399
    2    1
 -0.08684737  0.05659721   -0.04030883  0.03624818    0.04030883 -0.03624818
 -0.04030883  0.03624818   -0.06766523  0.05806399   -0.13073164 -0.04108488
  0.04030883 -0.03624818   -0.13073164 -0.04108488   -0.06766523  0.05806399
    2    2
  0.29990249  0.00000000   -0.00471583  0.00741352    0.00471583 -0.00741352
 -0.00471583 -0.00741352    0.24407475  0.00000000   -0.00142128  0.00000000
  0.00471583  0.00741352   -0.00142128  0.00000000    0.24407475  0.00000000

     Dynamical  Matrix in cartesian axes

     q = (   -0.750000000  -0.750000000   0.250000000 ) 

    1    1
  0.24407475  0.00000000    0.00142128  0.00000000   -0.00471583 -0.00741352
  0.00142128  0.00000000    0.24407475  0.00000000   -0.00471583 -0.00741352
 -0.00471583  0.00741352   -0.00471583  0.00741352    0.29990249  0.00000000
    1    2
 -0.05806399 -0.06766523   -0.04108488  0.13073164   -0.03624818 -0.04030883
 -0.04108488  0.13073164   -0.05806399 -0.06766523   -0.03624818 -0.04030883
 -0.03624818 -0.04030883   -0.03624818 -0.04030883   -0.05659721 -0.08684737
    2    1
 -0.05806399  0.06766523   -0.04108488 -0.13073164   -0.03624818  0.04030883
 -0.04108488 -0.13073164   -0.05806399  0.06766523   -0.03624818  0.04030883
 -0.03624818  0.04030883   -0.03624818  0.04030883   -0.05659721  0.08684737
    2    2
  0.24407475  0.00000000    0.00142128  0.00000000   -0.00471583  0.00741352
  0.00142128  0.00000000    0.24407475  0.00000000   -0.00471583  0.00741352
 -0.00471583 -0.00741352   -0.00471583 -0.00741352    0.29990249  0.00000000

     Dynamical  Matrix in cartesian axes

     q = (    0.250000000   0.750000000   0.750000000 ) 

    1    1
  0.29990249  0.00000000    0.00471583 -0.00741352    0.00471583 -0.00741352
  0.00471583  0.00741352    0.24407475  0.00000000    0.00142128  0.00000000
  0.00471583  0.00741352    0.00142128  0.00000000    0.24407475  0.00000000
    1    2
  0.08684737 -0.05659721   -0.04030883  0.03624818   -0.04030883  0.03624818
 -0.04030883  0.03624818    0.06766523 -0.05806399   -0.13073164 -0.04108488
 -0.04030883  0.03624818   -0.13073164 -0.04108488    0.06766523 -0.05806399
    2    1
  0.08684737  0.05659721   -0.04030883 -0.03624818   -0.04030883 -0.03624818
 -0.04030883 -0.03624818    0.06766523  0.05806399   -0.13073164  0.04108488
 -0.04030883 -0.03624818   -0.13073164  0.04108488    0.06766523  0.05806399
    2    2
  0.29990249  0.00000000    0.00471583  0.00741352    0.00471583  0.00741352
  0.00471583 -0.00741352    0.24407475  0.00000000    0.00142128  0.00000000
  0.00471583 -0.00741352    0.00142128  0.00000000    0.24407475  0.00000000

     Dynamical  Matrix in cartesian axes

     q = (   -0.250000000  -0.750000000   0.750000000 ) 

    1    1
  0.29990249  0.00000000    0.00471583 -0.00741352   -0.00471583  0.00741352
  0.00471583  0.00741352    0.24407475  0.00000000   -0.00142128  0.00000000
 -0.00471583 -0.00741352   -0.00142128  0.00000000    0.24407475  0.00000000
    1    2
 -0.08684737  0.05659721    0.04030883 -0.03624818   -0.04030883  0.03624818
  0.04030883 -0.03624818   -0.06766523  0.05806399   -0.13073164 -0.04108488
 -0.04030883  0.03624818   -0.13073164 -0.04108488   -0.06766523  0.05806399
    2    1
 -0.08684737 -0.05659721    0.04030883  0.03624818   -0.04030883 -0.03624818
  0.04030883  0.03624818   -0.06766523 -0.05806399   -0.13073164  0.04108488
 -0.04030883 -0.03624818   -0.13073164  0.04108488   -0.06766523 -0.05806399
    2    2
  0.29990249  0.00000000    0.00471583  0.00741352   -0.00471583 -0.00741352
  0.00471583 -0.00741352    0.24407475  0.00000000   -0.00142128  0.00000000
 -0.00471583  0.00741352   -0.00142128  0.00000000    0.24407475  0.00000000

     Dynamical  Matrix in cartesian axes

     q = (    0.750000000   0.750000000   0.250000000 ) 

    1    1
  0.24407475  0.00000000    0.00142128  0.00000000    0.00471583  0.00741352
  0.00142128  0.00000000    0.24407475  0.00000000    0.00471583  0.00741352
  0.00471583 -0.00741352    0.00471583 -0.00741352    0.29990249  0.00000000
    1    2
  0.06766523 -0.05806399   -0.13073164 -0.04108488   -0.04030883  0.03624818
 -0.13073164 -0.04108488    0.06766523 -0.05806399   -0.04030883  0.03624818
 -0.04030883  0.03624818   -0.04030883  0.03624818    0.08684737 -0.05659721
    2    1
  0.06766523  0.05806399   -0.13073164  0.04108488   -0.04030883 -0.03624818
 -0.13073164  0.04108488    0.06766523  0.05806399   -0.04030883 -0.03624818
 -0.04030883 -0.03624818   -0.04030883 -0.03624818    0.08684737  0.05659721
    2    2
  0.24407475  0.00000000    0.00142128  0.00000000    0.00471583 -0.00741352
  0.00142128  0.00000000    0.24407475  0.00000000    0.00471583 -0.00741352
  0.00471583  0.00741352    0.00471583  0.00741352    0.29990249  0.00000000

     Dynamical  Matrix in cartesian axes

     q = (    0.250000000  -0.750000000  -0.750000000 ) 

    1    1
  0.29990249  0.00000000   -0.00471583  0.00741352   -0.00471583  0.00741352
 -0.00471583 -0.00741352    0.24407475  0.00000000    0.00142128  0.00000000
 -0.00471583 -0.00741352    0.00142128  0.00000000    0.24407475  0.00000000
    1    2
 -0.05659721 -0.08684737   -0.03624818 -0.04030883   -0.03624818 -0.04030883
 -0.03624818 -0.04030883   -0.05806399 -0.06766523   -0.04108488  0.13073164
 -0.03624818 -0.04030883   -0.04108488  0.13073164   -0.05806399 -0.06766523
    2    1
 -0.05659721  0.08684737   -0.03624818  0.04030883   -0.03624818  0.04030883
 -0.03624818  0.04030883   -0.05806399  0.06766523   -0.04108488 -0.13073164
 -0.03624818  0.04030883   -0.04108488 -0.13073164   -0.05806399  0.06766523
    2    2
  0.29990249  0.00000000   -0.00471583 -0.00741352   -0.00471583 -0.00741352
 -0.00471583  0.00741352    0.24407475  0.00000000    0.00142128  0.00000000
 -0.00471583  0.00741352    0.00142128  0.00000000    0.24407475  0.00000000

     Dynamical  Matrix in cartesian axes

     q = (    0.750000000  -0.750000000  -0.250000000 ) 

    1    1
  0.24407475  0.00000000   -0.00142128  0.00000000   -0.00471583 -0.00741352
 -0.00142128  0.00000000    0.24407475  0.00000000    0.00471583  0.00741352
 -0.00471583  0.00741352    0.00471583 -0.00741352    0.29990249  0.00000000
    1    2
 -0.06766523  0.05806399   -0.13073164 -0.04108488   -0.04030883  0.03624818
 -0.13073164 -0.04108488   -0.06766523  0.05806399    0.04030883 -0.03624818
 -0.04030883  0.03624818    0.04030883 -0.03624818   -0.08684737  0.05659721
    2    1
 -0.06766523 -0.05806399   -0.13073164  0.04108488   -0.04030883 -0.03624818
 -0.13073164  0.04108488   -0.06766523 -0.05806399    0.04030883  0.03624818
 -0.04030883 -0.03624818    0.04030883  0.03624818   -0.08684737 -0.05659721
    2    2
  0.24407475  0.00000000   -0.00142128  0.00000000   -0.00471583  0.00741352
 -0.00142128  0.00000000    0.24407475  0.00000000    0.00471583 -0.00741352
 -0.00471583 -0.00741352    0.00471583  0.00741352    0.29990249  0.00000000

     Diagonalizing the dynamical matrix

     q = (    0.750000000  -0.250000000   0.750000000 ) 

 **************************************************************************
     freq (    1) =       4.290088 [THz] =     143.101938 [cm-1]
 ( -0.042635  0.498179 -0.000000  0.000000  0.042635 -0.498179 ) 
 ( -0.500000 -0.000000 -0.000000 -0.000000  0.500000  0.000000 ) 
     freq (    2) =       6.130200 [THz] =     204.481452 [cm-1]
 ( -0.400079 -0.146730 -0.332472  0.162102 -0.400079 -0.146730 ) 
 ( -0.426137  0.000000 -0.256325 -0.266668 -0.426137  0.000000 ) 
     freq (    3) =       9.362132 [THz] =     312.287114 [cm-1]
 ( -0.082217  0.294401 -0.433990 -0.353255 -0.082217  0.294401 ) 
 (  0.305666  0.000000 -0.223503 -0.513013  0.305666  0.000000 ) 
     freq (    4) =      11.950912 [THz] =     398.639523 [cm-1]
 ( -0.160063 -0.323875  0.400570  0.280201 -0.160063 -0.323875 ) 
 (  0.361269  0.000000 -0.428674 -0.234962  0.361269  0.000000 ) 
     freq (    5) =      13.666770 [THz] =     455.874379 [cm-1]
 ( -0.042635  0.498179 -0.000000  0.000000  0.042635 -0.498179 ) 
 (  0.500000  0.000000  0.000000  0.000000 -0.500000  0.000000 ) 
     freq (    6) =      13.897144 [THz] =     463.558823 [cm-1]
 (  0.284800  0.115536  0.500209 -0.246720  0.284800  0.115536 ) 
 ( -0.307343 -0.000000 -0.370773 -0.416662 -0.307343  0.000000 ) 
 **************************************************************************
