Dynamical matrix file
                                                                           
  1    2  2 10.4070000  0.0000000  0.0000000  0.0000000  0.0000000  0.0000000
           1  'Si  '    25598.822984527003     
    1    1      0.0000000000      0.0000000000      0.0000000000
    2    1      0.2500000000      0.2500000000      0.2500000000

     Dynamical  Matrix in cartesian axes

     q = (    0.750000000  -0.250000000   0.750000000 ) 

    1    1
  0.25018339 -0.00000000   -0.00451827  0.00750121    0.00123643 -0.00000000
 -0.00451827 -0.00750121    0.30438736  0.00000000   -0.00451827 -0.00750121
  0.00123643 -0.00000000   -0.00451827  0.00750121    0.25018339 -0.00000000
    1    2
 -0.04902478  0.08102158   -0.03221897  0.03685810   -0.03845522 -0.12109526
 -0.03221897  0.03685810   -0.04762340  0.10014606   -0.03221897  0.03685810
 -0.03845522 -0.12109526   -0.03221897  0.03685810   -0.04902478  0.08102158
    2    1
 -0.04902478 -0.08102158   -0.03221897 -0.03685810   -0.03845522  0.12109526
 -0.03221897 -0.03685810   -0.04762340 -0.10014606   -0.03221897 -0.03685810
 -0.03845522  0.12109526   -0.03221897 -0.03685810   -0.04902478 -0.08102158
    2    2
  0.25018339  0.00000000   -0.00451827 -0.00750121    0.00123643  0.00000000
 -0.00451827  0.00750121    0.30438736 -0.00000000   -0.00451827  0.00750121
  0.00123643  0.00000000   -0.00451827 -0.00750121    0.25018339  0.00000000

     Dynamical  Matrix in cartesian axes

     q = (    0.750000000  -0.250000000  -0.750000000 ) 

    1    1
  0.25018339  0.00000000   -0.00451827 -0.00750121   -0.00123643 -0.00000000
 -0.00451827  0.00750121    0.30438736 -0.00000000    0.00451827 -0.00750121
 -0.00123643 -0.00000000    0.00451827  0.00750121    0.25018339  0.00000000
    1    2
 -0.08102158  0.04902478   -0.03685810  0.03221897   -0.12109526 -0.03845522
 -0.03685810  0.03221897   -0.10014606  0.04762340    0.03685810 -0.03221897
 -0.12109526 -0.03845522    0.03685810 -0.03221897   -0.08102158  0.04902478
    2    1
 -0.08102158 -0.04902478   -0.03685810 -0.03221897   -0.12109526  0.03845522
 -0.03685810 -0.03221897   -0.10014606 -0.04762340    0.03685810  0.03221897
 -0.12109526  0.03845522    0.03685810  0.03221897   -0.08102158 -0.04902478
    2    2
  0.25018339 -0.00000000   -0.00451827  0.00750121   -0.00123643  0.00000000
 -0.00451827 -0.00750121    0.30438736  0.00000000    0.00451827  0.00750121
 -0.00123643  0.00000000    0.00451827 -0.00750121    0.25018339 -0.00000000

     Dynamical  Matrix in cartesian axes

     q = (   -0.750000000  -0.250000000  -0.750000000 ) 

    1    1
  0.25018339 -0.00000000    0.00451827 -0.00750121    0.00123643 -0.00000000
  0.00451827  0.00750121    0.30438736  0.00000000    0.00451827  0.00750121
  0.00123643 -0.00000000    0.00451827 -0.00750121    0.25018339 -0.00000000
    1    2
  0.08102158  0.04902478   -0.03685810 -0.03221897   -0.12109526  0.03845522
 -0.03685810 -0.03221897    0.10014606  0.04762340   -0.03685810 -0.03221897
 -0.12109526  0.03845522   -0.03685810 -0.03221897    0.08102158  0.04902478
    2    1
  0.08102158 -0.04902478   -0.03685810  0.03221897   -0.12109526 -0.03845522
 -0.03685810  0.03221897    0.10014606 -0.04762340   -0.03685810  0.03221897
 -0.12109526 -0.03845522   -0.03685810  0.03221897    0.08102158 -0.04902478
    2    2
  0.25018339  0.00000000    0.00451827  0.00750121    0.00123643  0.00000000
  0.00451827 -0.00750121    0.30438736 -0.00000000    0.00451827 -0.00750121
  0.00123643  0.00000000    0.00451827  0.00750121    0.25018339  0.00000000

     Dynamical  Matrix in cartesian axes

     q = (   -0.750000000  -0.250000000   0.750000000 ) 

    1    1
  0.25018339  0.00000000    0.00451827  0.00750121   -0.00123643 -0.00000000
  0.00451827 -0.00750121    0.30438736  0.00000000   -0.00451827  0.00750121
 -0.00123643 -0.00000000   -0.00451827 -0.00750121    0.25018339  0.00000000
    1    2
 -0.08102158  0.04902478    0.03685810 -0.03221897   -0.12109526 -0.03845522
  0.03685810 -0.03221897   -0.10014606  0.04762340   -0.03685810  0.03221897
 -0.12109526 -0.03845522   -0.03685810  0.03221897   -0.08102158  0.04902478
    2    1
 -0.08102158 -0.04902478    0.03685810  0.03221897   -0.12109526  0.03845522
  0.03685810  0.03221897   -0.10014606 -0.04762340   -0.03685810 -0.03221897
 -0.12109526  0.03845522   -0.03685810 -0.03221897   -0.08102158 -0.04902478
    2    2
  0.25018339 -0.00000000    0.00451827 -0.00750121   -0.00123643  0.00000000
  0.00451827  0.00750121    0.30438736  0.00000000   -0.00451827 -0.00750121
 -0.00123643  0.00000000   -0.00451827  0.00750121    0.25018339 -0.00000000

     Dynamical  Matrix in cartesian axes

     q = (   -0.750000000   0.250000000  -0.750000000 ) 

    1    1
  0.25018339  0.00000000   -0.00451827 -0.00750121    0.00123643  0.00000000
 -0.00451827  0.00750121    0.30438736 -0.00000000   -0.00451827  0.00750121
  0.00123643  0.00000000   -0.00451827 -0.00750121    0.25018339  0.00000000
    1    2
 -0.04902478 -0.08102158   -0.03221897 -0.03685810   -0.03845522  0.12109526
 -0.03221897 -0.03685810   -0.04762340 -0.10014606   -0.03221897 -0.03685810
 -0.03845522  0.12109526   -0.03221897 -0.03685810   -0.04902478 -0.08102158
    2    1
 -0.04902478  0.08102158   -0.03221897  0.03685810   -0.03845522 -0.12109526
 -0.03221897  0.03685810   -0.04762340  0.10014606   -0.03221897  0.03685810
 -0.03845522 -0.12109526   -0.03221897  0.03685810   -0.04902478  0.08102158
    2    2
  0.25018339 -0.00000000   -0.00451827  0.00750121    0.00123643 -0.00000000
 -0.00451827 -0.00750121    0.30438736  0.00000000   -0.00451827 -0.00750121
  0.00123643 -0.00000000   -0.00451827  0.00750121    0.25018339 -0.00000000

     Dynamical  Matrix in cartesian axes

     q = (   -0.250000000   0.750000000  -0.750000000 ) 

    1    1
  0.30438736 -0.00000000   -0.00451827  0.00750121    0.00451827 -0.00750121
 -0.00451827 -0.00750121    0.25018339  0.00000000   -0.00123643 -0.00000000
  0.00451827  0.00750121   -0.00123643 -0.00000000    0.25018339  0.00000000
    1    2
 -0.10014606  0.04762340   -0.03685810  0.03221897    0.03685810 -0.03221897
 -0.03685810  0.03221897   -0.08102158  0.04902478   -0.12109526 -0.03845522
  0.03685810 -0.03221897   -0.12109526 -0.03845522   -0.08102158  0.04902478
    2    1
 -0.10014606 -0.04762340   -0.03685810 -0.03221897    0.03685810  0.03221897
 -0.03685810 -0.03221897   -0.08102158 -0.04902478   -0.12109526  0.03845522
  0.03685810  0.03221897   -0.12109526  0.03845522   -0.08102158 -0.04902478
    2    2
  0.30438736  0.00000000   -0.00451827 -0.00750121    0.00451827  0.00750121
 -0.00451827  0.00750121    0.25018339 -0.00000000   -0.00123643  0.00000000
  0.00451827 -0.00750121   -0.00123643  0.00000000    0.25018339 -0.00000000

     Dynamical  Matrix in cartesian axes

     q = (   -0.750000000   0.750000000  -0.250000000 ) 

    1    1
  0.25018339  0.00000000   -0.00123643 -0.00000000    0.00451827  0.00750121
 -0.00123643 -0.00000000    0.25018339  0.00000000   -0.00451827 -0.00750121
  0.00451827 -0.00750121   -0.00451827  0.00750121    0.30438736 -0.00000000
    1    2
 -0.08102158  0.04902478   -0.12109526 -0.03845522    0.03685810 -0.03221897
 -0.12109526 -0.03845522   -0.08102158  0.04902478   -0.03685810  0.03221897
  0.03685810 -0.03221897   -0.03685810  0.03221897   -0.10014606  0.04762340
    2    1
 -0.08102158 -0.04902478   -0.12109526  0.03845522    0.03685810  0.03221897
 -0.12109526  0.03845522   -0.08102158 -0.04902478   -0.03685810 -0.03221897
  0.03685810  0.03221897   -0.03685810 -0.03221897   -0.10014606 -0.04762340
    2    2
  0.25018339 -0.00000000   -0.00123643  0.00000000    0.00451827 -0.00750121
 -0.00123643  0.00000000    0.25018339 -0.00000000   -0.00451827  0.00750121
  0.00451827  0.00750121   -0.00451827 -0.00750121    0.30438736  0.00000000

     Dynamical  Matrix in cartesian axes

     q = (    0.750000000   0.250000000   0.750000000 ) 

    1    1
  0.25018339  0.00000000    0.00451827  0.00750121    0.00123643  0.00000000
  0.00451827 -0.00750121    0.30438736 -0.00000000    0.00451827 -0.00750121
  0.00123643  0.00000000    0.00451827  0.00750121    0.25018339  0.00000000
    1    2
  0.08102158 -0.04902478   -0.03685810  0.03221897   -0.12109526 -0.03845522
 -0.03685810  0.03221897    0.10014606 -0.04762340   -0.03685810  0.03221897
 -0.12109526 -0.03845522   -0.03685810  0.03221897    0.08102158 -0.04902478
    2    1
  0.08102158  0.04902478   -0.03685810 -0.03221897   -0.12109526  0.03845522
 -0.03685810 -0.03221897    0.10014606  0.04762340   -0.03685810 -0.03221897
 -0.12109526  0.03845522   -0.03685810 -0.03221897    0.08102158  0.04902478
    2    2
  0.25018339 -0.00000000    0.00451827 -0.00750121    0.00123643 -0.00000000
  0.00451827  0.00750121    0.30438736  0.00000000    0.00451827  0.00750121
  0.00123643 -0.00000000    0.00451827 -0.00750121    0.25018339 -0.00000000

     Dynamical  Matrix in cartesian axes

     q = (   -0.750000000   0.250000000   0.750000000 ) 

    1    1
  0.25018339 -0.00000000   -0.00451827  0.00750121   -0.00123643  0.00000000
 -0.00451827 -0.00750121    0.30438736  0.00000000    0.00451827  0.00750121
 -0.00123643  0.00000000    0.00451827 -0.00750121    0.25018339 -0.00000000
    1    2
 -0.08102158 -0.04902478   -0.03685810 -0.03221897   -0.12109526  0.03845522
 -0.03685810 -0.03221897   -0.10014606 -0.04762340    0.03685810  0.03221897
 -0.12109526  0.03845522    0.03685810  0.03221897   -0.08102158 -0.04902478
    2    1
 -0.08102158  0.04902478   -0.03685810  0.03221897   -0.12109526 -0.03845522
 -0.03685810  0.03221897   -0.10014606  0.04762340    0.03685810 -0.03221897
 -0.12109526 -0.03845522    0.03685810 -0.03221897   -0.08102158  0.04902478
    2    2
  0.25018339  0.00000000   -0.00451827 -0.00750121   -0.00123643 -0.00000000
 -0.00451827  0.00750121    0.30438736 -0.00000000    0.00451827 -0.00750121
 -0.00123643 -0.00000000    0.00451827  0.00750121    0.25018339  0.00000000

     Dynamical  Matrix in cartesian axes

     q = (    0.750000000   0.250000000  -0.750000000 ) 

    1    1
  0.25018339 -0.00000000    0.00451827 -0.00750121   -0.00123643  0.00000000
  0.00451827  0.00750121    0.30438736  0.00000000   -0.00451827 -0.00750121
 -0.00123643  0.00000000   -0.00451827  0.00750121    0.25018339 -0.00000000
    1    2
 -0.08102158 -0.04902478    0.03685810  0.03221897   -0.12109526  0.03845522
  0.03685810  0.03221897   -0.10014606 -0.04762340   -0.03685810 -0.03221897
 -0.12109526  0.03845522   -0.03685810 -0.03221897   -0.08102158 -0.04902478
    2    1
 -0.08102158  0.04902478    0.03685810 -0.03221897   -0.12109526 -0.03845522
  0.03685810 -0.03221897   -0.10014606  0.04762340   -0.03685810  0.03221897
 -0.12109526 -0.03845522   -0.03685810  0.03221897   -0.08102158  0.04902478
    2    2
  0.25018339  0.00000000    0.00451827  0.00750121   -0.00123643 -0.00000000
  0.00451827 -0.00750121    0.30438736  0.00000000   -0.00451827  0.00750121
 -0.00123643 -0.00000000   -0.00451827 -0.00750121    0.25018339  0.00000000

     Dynamical  Matrix in cartesian axes

     q = (   -0.750000000   0.750000000   0.250000000 ) 

    1    1
  0.25018339 -0.00000000   -0.00123643  0.00000000   -0.00451827  0.00750121
 -0.00123643  0.00000000    0.25018339 -0.00000000    0.00451827 -0.00750121
 -0.00451827 -0.00750121    0.00451827  0.00750121    0.30438736  0.00000000
    1    2
 -0.08102158 -0.04902478   -0.12109526  0.03845522   -0.03685810 -0.03221897
 -0.12109526  0.03845522   -0.08102158 -0.04902478    0.03685810  0.03221897
 -0.03685810 -0.03221897    0.03685810  0.03221897   -0.10014606 -0.04762340
    2    1
 -0.08102158  0.04902478   -0.12109526 -0.03845522   -0.03685810  0.03221897
 -0.12109526 -0.03845522   -0.08102158  0.04902478    0.03685810 -0.03221897
 -0.03685810  0.03221897    0.03685810 -0.03221897   -0.10014606  0.04762340
    2    2
  0.25018339  0.00000000   -0.00123643 -0.00000000   -0.00451827 -0.00750121
 -0.00123643 -0.00000000    0.25018339  0.00000000    0.00451827  0.00750121
 -0.00451827  0.00750121    0.00451827 -0.00750121    0.30438736 -0.00000000

     Dynamical  Matrix in cartesian axes

     q = (   -0.250000000   0.750000000   0.750000000 ) 

    1    1
  0.30438736  0.00000000   -0.00451827 -0.00750121   -0.00451827 -0.00750121
 -0.00451827  0.00750121    0.25018339 -0.00000000    0.00123643 -0.00000000
 -0.00451827  0.00750121    0.00123643  0.00000000    0.25018339 -0.00000000
    1    2
 -0.04762340  0.10014606   -0.03221897  0.03685810   -0.03221897  0.03685810
 -0.03221897  0.03685810   -0.04902478  0.08102158   -0.03845522 -0.12109526
 -0.03221897  0.03685810   -0.03845522 -0.12109526   -0.04902478  0.08102158
    2    1
 -0.04762340 -0.10014606   -0.03221897 -0.03685810   -0.03221897 -0.03685810
 -0.03221897 -0.03685810   -0.04902478 -0.08102158   -0.03845522  0.12109526
 -0.03221897 -0.03685810   -0.03845522  0.12109526   -0.04902478 -0.08102158
    2    2
  0.30438736 -0.00000000   -0.00451827  0.00750121   -0.00451827  0.00750121
 -0.00451827 -0.00750121    0.25018339  0.00000000    0.00123643  0.00000000
 -0.00451827 -0.00750121    0.00123643 -0.00000000    0.25018339  0.00000000

     Dynamical  Matrix in cartesian axes

     q = (    0.250000000   0.750000000  -0.750000000 ) 

    1    1
  0.30438736  0.00000000    0.00451827  0.00750121   -0.00451827 -0.00750121
  0.00451827 -0.00750121    0.25018339 -0.00000000   -0.00123643  0.00000000
 -0.00451827  0.00750121   -0.00123643  0.00000000    0.25018339 -0.00000000
    1    2
 -0.10014606 -0.04762340    0.03685810  0.03221897   -0.03685810 -0.03221897
  0.03685810  0.03221897   -0.08102158 -0.04902478   -0.12109526  0.03845522
 -0.03685810 -0.03221897   -0.12109526  0.03845522   -0.08102158 -0.04902478
    2    1
 -0.10014606  0.04762340    0.03685810 -0.03221897   -0.03685810  0.03221897
  0.03685810 -0.03221897   -0.08102158  0.04902478   -0.12109526 -0.03845522
 -0.03685810  0.03221897   -0.12109526 -0.03845522   -0.08102158  0.04902478
    2    2
  0.30438736 -0.00000000    0.00451827 -0.00750121   -0.00451827  0.00750121
  0.00451827  0.00750121    0.25018339  0.00000000   -0.00123643 -0.00000000
 -0.00451827 -0.00750121   -0.00123643 -0.00000000    0.25018339  0.00000000

     Dynamical  Matrix in cartesian axes

     q = (   -0.250000000  -0.750000000  -0.750000000 ) 

    1    1
  0.30438736  0.00000000    0.00451827  0.00750121    0.00451827  0.00750121
  0.00451827 -0.00750121    0.25018339 -0.00000000    0.00123643  0.00000000
  0.00451827 -0.00750121    0.00123643 -0.00000000    0.25018339 -0.00000000
    1    2
  0.10014606  0.04762340   -0.03685810 -0.03221897   -0.03685810 -0.03221897
 -0.03685810 -0.03221897    0.08102158  0.04902478   -0.12109526  0.03845522
 -0.03685810 -0.03221897   -0.12109526  0.03845522    0.08102158  0.04902478
    2    1
  0.10014606 -0.04762340   -0.03685810  0.03221897   -0.03685810  0.03221897
 -0.03685810  0.03221897    0.08102158 -0.04902478   -0.12109526 -0.03845522
 -0.03685810  0.03221897   -0.12109526 -0.03845522    0.08102158 -0.04902478
    2    2
  0.30438736 -0.00000000    0.00451827 -0.00750121    0.00451827 -0.00750121
  0.00451827  0.00750121    0.25018339  0.00000000    0.00123643 -0.00000000
  0.00451827  0.00750121    0.00123643  0.00000000    0.25018339  0.00000000

     Dynamical  Matrix in cartesian axes

     q = (    0.750000000   0.750000000  -0.250000000 ) 

    1    1
  0.25018339 -0.00000000    0.00123643 -0.00000000   -0.00451827  0.00750121
  0.00123643 -0.00000000    0.25018339 -0.00000000   -0.00451827  0.00750121
 -0.00451827 -0.00750121   -0.00451827 -0.00750121    0.30438736  0.00000000
    1    2
 -0.04902478  0.08102158   -0.03845522 -0.12109526   -0.03221897  0.03685810
 -0.03845522 -0.12109526   -0.04902478  0.08102158   -0.03221897  0.03685810
 -0.03221897  0.03685810   -0.03221897  0.03685810   -0.04762340  0.10014606
    2    1
 -0.04902478 -0.08102158   -0.03845522  0.12109526   -0.03221897 -0.03685810
 -0.03845522  0.12109526   -0.04902478 -0.08102158   -0.03221897 -0.03685810
 -0.03221897 -0.03685810   -0.03221897 -0.03685810   -0.04762340 -0.10014606
    2    2
  0.25018339  0.00000000    0.00123643  0.00000000   -0.00451827 -0.00750121
  0.00123643  0.00000000    0.25018339  0.00000000   -0.00451827 -0.00750121
 -0.00451827  0.00750121   -0.00451827  0.00750121    0.30438736 -0.00000000

     Dynamical  Matrix in cartesian axes

     q = (    0.750000000  -0.750000000   0.250000000 ) 

    1    1
  0.25018339 -0.00000000   -0.00123643  0.00000000    0.00451827 -0.00750121
 -0.00123643  0.00000000    0.25018339 -0.00000000   -0.00451827  0.00750121
  0.00451827  0.00750121   -0.00451827 -0.00750121    0.30438736  0.00000000
    1    2
 -0.08102158 -0.04902478   -0.12109526  0.03845522    0.03685810  0.03221897
 -0.12109526  0.03845522   -0.08102158 -0.04902478   -0.03685810 -0.03221897
  0.03685810  0.03221897   -0.03685810 -0.03221897   -0.10014606 -0.04762340
    2    1
 -0.08102158  0.04902478   -0.12109526 -0.03845522    0.03685810 -0.03221897
 -0.12109526 -0.03845522   -0.08102158  0.04902478   -0.03685810  0.03221897
  0.03685810 -0.03221897   -0.03685810  0.03221897   -0.10014606  0.04762340
    2    2
  0.25018339  0.00000000   -0.00123643 -0.00000000    0.00451827  0.00750121
 -0.00123643 -0.00000000    0.25018339  0.00000000   -0.00451827 -0.00750121
  0.00451827 -0.00750121   -0.00451827  0.00750121    0.30438736 -0.00000000

     Dynamical  Matrix in cartesian axes

     q = (   -0.750000000  -0.750000000  -0.250000000 ) 

    1    1
  0.25018339 -0.00000000    0.00123643 -0.00000000    0.00451827 -0.00750121
  0.00123643 -0.00000000    0.25018339 -0.00000000    0.00451827 -0.00750121
  0.00451827  0.00750121    0.00451827  0.00750121    0.30438736  0.00000000
    1    2
  0.08102158  0.04902478   -0.12109526  0.03845522   -0.03685810 -0.03221897
 -0.12109526  0.03845522    0.08102158  0.04902478   -0.03685810 -0.03221897
 -0.03685810 -0.03221897   -0.03685810 -0.03221897    0.10014606  0.04762340
    2    1
  0.08102158 -0.04902478   -0.12109526 -0.03845522   -0.03685810  0.03221897
 -0.12109526 -0.03845522    0.08102158 -0.04902478   -0.03685810  0.03221897
 -0.03685810  0.03221897   -0.03685810  0.03221897    0.10014606 -0.04762340
    2    2
  0.25018339  0.00000000    0.00123643  0.00000000    0.00451827  0.00750121
  0.00123643  0.00000000    0.25018339  0.00000000    0.00451827  0.00750121
  0.00451827 -0.00750121    0.00451827 -0.00750121    0.30438736 -0.00000000

     Dynamical  Matrix in cartesian axes

     q = (    0.250000000  -0.750000000   0.750000000 ) 

    1    1
  0.30438736  0.00000000   -0.00451827 -0.00750121    0.00451827  0.00750121
 -0.00451827  0.00750121    0.25018339 -0.00000000   -0.00123643  0.00000000
  0.00451827 -0.00750121   -0.00123643  0.00000000    0.25018339 -0.00000000
    1    2
 -0.10014606 -0.04762340   -0.03685810 -0.03221897    0.03685810  0.03221897
 -0.03685810 -0.03221897   -0.08102158 -0.04902478   -0.12109526  0.03845522
  0.03685810  0.03221897   -0.12109526  0.03845522   -0.08102158 -0.04902478
    2    1
 -0.10014606  0.04762340   -0.03685810  0.03221897    0.03685810 -0.03221897
 -0.03685810  0.03221897   -0.08102158  0.04902478   -0.12109526 -0.03845522
  0.03685810 -0.03221897   -0.12109526 -0.03845522   -0.08102158  0.04902478
    2    2
  0.30438736 -0.00000000   -0.00451827  0.00750121    0.00451827 -0.00750121
 -0.00451827 -0.00750121    0.25018339  0.00000000   -0.00123643 -0.00000000
  0.00451827  0.00750121   -0.00123643 -0.00000000    0.25018339  0.00000000

     Dynamical  Matrix in cartesian axes

     q = (   -0.750000000  -0.750000000   0.250000000 ) 

    1    1
  0.25018339  0.00000000    0.00123643  0.00000000   -0.00451827 -0.00750121
  0.00123643  0.00000000    0.25018339  0.00000000   -0.00451827 -0.00750121
 -0.00451827  0.00750121   -0.00451827  0.00750121    0.30438736 -0.00000000
    1    2
 -0.04902478 -0.08102158   -0.03845522  0.12109526   -0.03221897 -0.03685810
 -0.03845522  0.12109526   -0.04902478 -0.08102158   -0.03221897 -0.03685810
 -0.03221897 -0.03685810   -0.03221897 -0.03685810   -0.04762340 -0.10014606
    2    1
 -0.04902478  0.08102158   -0.03845522 -0.12109526   -0.03221897  0.03685810
 -0.03845522 -0.12109526   -0.04902478  0.08102158   -0.03221897  0.03685810
 -0.03221897  0.03685810   -0.03221897  0.03685810   -0.04762340  0.10014606
    2    2
  0.25018339 -0.00000000    0.00123643 -0.00000000   -0.00451827  0.00750121
  0.00123643 -0.00000000    0.25018339 -0.00000000   -0.00451827  0.00750121
 -0.00451827 -0.00750121   -0.00451827 -0.00750121    0.30438736  0.00000000

     Dynamical  Matrix in cartesian axes

     q = (    0.250000000   0.750000000   0.750000000 ) 

    1    1
  0.30438736 -0.00000000    0.00451827 -0.00750121    0.00451827 -0.00750121
  0.00451827  0.00750121    0.25018339  0.00000000    0.00123643 -0.00000000
  0.00451827  0.00750121    0.00123643  0.00000000    0.25018339  0.00000000
    1    2
  0.10014606 -0.04762340   -0.03685810  0.03221897   -0.03685810  0.03221897
 -0.03685810  0.03221897    0.08102158 -0.04902478   -0.12109526 -0.03845522
 -0.03685810  0.03221897   -0.12109526 -0.03845522    0.08102158 -0.04902478
    2    1
  0.10014606  0.04762340   -0.03685810 -0.03221897   -0.03685810 -0.03221897
 -0.03685810 -0.03221897    0.08102158  0.04902478   -0.12109526  0.03845522
 -0.03685810 -0.03221897   -0.12109526  0.03845522    0.08102158  0.04902478
    2    2
  0.30438736  0.00000000    0.00451827  0.00750121    0.00451827  0.00750121
  0.00451827 -0.00750121    0.25018339 -0.00000000    0.00123643  0.00000000
  0.00451827 -0.00750121    0.00123643 -0.00000000    0.25018339 -0.00000000

     Dynamical  Matrix in cartesian axes

     q = (   -0.250000000  -0.750000000   0.750000000 ) 

    1    1
  0.30438736 -0.00000000    0.00451827 -0.00750121   -0.00451827  0.00750121
  0.00451827  0.00750121    0.25018339  0.00000000   -0.00123643 -0.00000000
 -0.00451827 -0.00750121   -0.00123643 -0.00000000    0.25018339  0.00000000
    1    2
 -0.10014606  0.04762340    0.03685810 -0.03221897   -0.03685810  0.03221897
  0.03685810 -0.03221897   -0.08102158  0.04902478   -0.12109526 -0.03845522
 -0.03685810  0.03221897   -0.12109526 -0.03845522   -0.08102158  0.04902478
    2    1
 -0.10014606 -0.04762340    0.03685810  0.03221897   -0.03685810 -0.03221897
  0.03685810  0.03221897   -0.08102158 -0.04902478   -0.12109526  0.03845522
 -0.03685810 -0.03221897   -0.12109526  0.03845522   -0.08102158 -0.04902478
    2    2
  0.30438736  0.00000000    0.00451827  0.00750121   -0.00451827 -0.00750121
  0.00451827 -0.00750121    0.25018339 -0.00000000   -0.00123643  0.00000000
 -0.00451827  0.00750121   -0.00123643  0.00000000    0.25018339 -0.00000000

     Dynamical  Matrix in cartesian axes

     q = (    0.750000000   0.750000000   0.250000000 ) 

    1    1
  0.25018339  0.00000000    0.00123643  0.00000000    0.00451827  0.00750121
  0.00123643  0.00000000    0.25018339  0.00000000    0.00451827  0.00750121
  0.00451827 -0.00750121    0.00451827 -0.00750121    0.30438736 -0.00000000
    1    2
  0.08102158 -0.04902478   -0.12109526 -0.03845522   -0.03685810  0.03221897
 -0.12109526 -0.03845522    0.08102158 -0.04902478   -0.03685810  0.03221897
 -0.03685810  0.03221897   -0.03685810  0.03221897    0.10014606 -0.04762340
    2    1
  0.08102158  0.04902478   -0.12109526  0.03845522   -0.03685810 -0.03221897
 -0.12109526  0.03845522    0.08102158  0.04902478   -0.03685810 -0.03221897
 -0.03685810 -0.03221897   -0.03685810 -0.03221897    0.10014606  0.04762340
    2    2
  0.25018339 -0.00000000    0.00123643 -0.00000000    0.00451827 -0.00750121
  0.00123643 -0.00000000    0.25018339 -0.00000000    0.00451827 -0.00750121
  0.00451827  0.00750121    0.00451827  0.00750121    0.30438736  0.00000000

     Dynamical  Matrix in cartesian axes

     q = (    0.250000000  -0.750000000  -0.750000000 ) 

    1    1
  0.30438736 -0.00000000   -0.00451827  0.00750121   -0.00451827  0.00750121
 -0.00451827 -0.00750121    0.25018339  0.00000000    0.00123643  0.00000000
 -0.00451827 -0.00750121    0.00123643 -0.00000000    0.25018339  0.00000000
    1    2
 -0.04762340 -0.10014606   -0.03221897 -0.03685810   -0.03221897 -0.03685810
 -0.03221897 -0.03685810   -0.04902478 -0.08102158   -0.03845522  0.12109526
 -0.03221897 -0.03685810   -0.03845522  0.12109526   -0.04902478 -0.08102158
    2    1
 -0.04762340  0.10014606   -0.03221897  0.03685810   -0.03221897  0.03685810
 -0.03221897  0.03685810   -0.04902478  0.08102158   -0.03845522 -0.12109526
 -0.03221897  0.03685810   -0.03845522 -0.12109526   -0.04902478  0.08102158
    2    2
  0.30438736  0.00000000   -0.00451827 -0.00750121   -0.00451827 -0.00750121
 -0.00451827  0.00750121    0.25018339 -0.00000000    0.00123643 -0.00000000
 -0.00451827  0.00750121    0.00123643  0.00000000    0.25018339 -0.00000000

     Dynamical  Matrix in cartesian axes

     q = (    0.750000000  -0.750000000  -0.250000000 ) 

    1    1
  0.25018339  0.00000000   -0.00123643 -0.00000000   -0.00451827 -0.00750121
 -0.00123643 -0.00000000    0.25018339  0.00000000    0.00451827  0.00750121
 -0.00451827  0.00750121    0.00451827 -0.00750121    0.30438736 -0.00000000
    1    2
 -0.08102158  0.04902478   -0.12109526 -0.03845522   -0.03685810  0.03221897
 -0.12109526 -0.03845522   -0.08102158  0.04902478    0.03685810 -0.03221897
 -0.03685810  0.03221897    0.03685810 -0.03221897   -0.10014606  0.04762340
    2    1
 -0.08102158 -0.04902478   -0.12109526  0.03845522   -0.03685810 -0.03221897
 -0.12109526  0.03845522   -0.08102158 -0.04902478    0.03685810  0.03221897
 -0.03685810 -0.03221897    0.03685810  0.03221897   -0.10014606 -0.04762340
    2    2
  0.25018339 -0.00000000   -0.00123643  0.00000000   -0.00451827  0.00750121
 -0.00123643  0.00000000    0.25018339 -0.00000000    0.00451827 -0.00750121
 -0.00451827 -0.00750121    0.00451827  0.00750121    0.30438736  0.00000000

     Diagonalizing the dynamical matrix

     q = (    0.750000000  -0.250000000   0.750000000 ) 

 **************************************************************************
     freq (    1) =       4.436528 [THz] =     147.986659 [cm-1]
 (  0.026111 -0.499318 -0.000000  0.000000 -0.026111  0.499318 ) 
 (  0.500000 -0.000000 -0.000000 -0.000000 -0.500000  0.000000 ) 
     freq (    2) =       6.822163 [THz] =     227.562852 [cm-1]
 ( -0.392941 -0.063589 -0.367495  0.219216 -0.392941 -0.063589 ) 
 ( -0.398053 -0.000000 -0.327755 -0.275108 -0.398053  0.000000 ) 
     freq (    3) =       9.628301 [THz] =     321.165548 [cm-1]
 (  0.031138  0.337201 -0.476188 -0.209516  0.031138  0.337201 ) 
 (  0.338636 -0.000000 -0.252414 -0.454905  0.338636  0.000000 ) 
     freq (    4) =      11.741986 [THz] =     391.670477 [cm-1]
 ( -0.250410 -0.306459  0.384550  0.197172 -0.250410 -0.306459 ) 
 (  0.395755 -0.000000 -0.396003 -0.173024  0.395755  0.000000 ) 
     freq (    5) =      13.813920 [THz] =     460.782767 [cm-1]
 ( -0.026111  0.499318  0.000000  0.000000  0.026111 -0.499318 ) 
 (  0.500000 -0.000000  0.000000 -0.000000 -0.500000  0.000000 ) 
     freq (    6) =      13.887582 [THz] =     463.239879 [cm-1]
 ( -0.255996 -0.068729 -0.517675  0.302485 -0.255996 -0.068729 ) 
 (  0.265062 -0.000000  0.421536  0.426371  0.265062  0.000000 ) 
 **************************************************************************
