Dynamical matrix file
                                                                           
  1    2  2 10.4070000  0.0000000  0.0000000  0.0000000  0.0000000  0.0000000
           1  'Si  '    25598.822984527003     
    1    1      0.0000000000      0.0000000000      0.0000000000
    2    1      0.2500000000      0.2500000000      0.2500000000

     Dynamical  Matrix in cartesian axes

     q = (   -0.250000000   0.250000000  -0.250000000 ) 

    1    1
  0.28743971  0.00000000   -0.01053230  0.00000000    0.01053230  0.00000000
 -0.01053230  0.00000000    0.28743971  0.00000000   -0.01053230  0.00000000
  0.01053230  0.00000000   -0.01053230  0.00000000    0.28743971  0.00000000
    1    2
 -0.21441362 -0.06508860   -0.03313535  0.03376782    0.03313535 -0.03376782
 -0.03313535  0.03376782   -0.21441362 -0.06508860   -0.03313535  0.03376782
  0.03313535 -0.03376782   -0.03313535  0.03376782   -0.21441362 -0.06508860
    2    1
 -0.21441362  0.06508860   -0.03313535 -0.03376782    0.03313535  0.03376782
 -0.03313535 -0.03376782   -0.21441362  0.06508860   -0.03313535 -0.03376782
  0.03313535  0.03376782   -0.03313535 -0.03376782   -0.21441362  0.06508860
    2    2
  0.28743971  0.00000000   -0.01053230  0.00000000    0.01053230  0.00000000
 -0.01053230  0.00000000    0.28743971  0.00000000   -0.01053230  0.00000000
  0.01053230  0.00000000   -0.01053230  0.00000000    0.28743971  0.00000000

     Dynamical  Matrix in cartesian axes

     q = (    0.250000000  -0.250000000  -0.250000000 ) 

    1    1
  0.28743971  0.00000000   -0.01053230  0.00000000   -0.01053230  0.00000000
 -0.01053230  0.00000000    0.28743971  0.00000000    0.01053230  0.00000000
 -0.01053230  0.00000000    0.01053230  0.00000000    0.28743971  0.00000000
    1    2
 -0.21441362 -0.06508860   -0.03313535  0.03376782   -0.03313535  0.03376782
 -0.03313535  0.03376782   -0.21441362 -0.06508860    0.03313535 -0.03376782
 -0.03313535  0.03376782    0.03313535 -0.03376782   -0.21441362 -0.06508860
    2    1
 -0.21441362  0.06508860   -0.03313535 -0.03376782   -0.03313535 -0.03376782
 -0.03313535 -0.03376782   -0.21441362  0.06508860    0.03313535  0.03376782
 -0.03313535 -0.03376782    0.03313535  0.03376782   -0.21441362  0.06508860
    2    2
  0.28743971  0.00000000   -0.01053230  0.00000000   -0.01053230  0.00000000
 -0.01053230  0.00000000    0.28743971  0.00000000    0.01053230  0.00000000
 -0.01053230  0.00000000    0.01053230  0.00000000    0.28743971  0.00000000

     Dynamical  Matrix in cartesian axes

     q = (    0.250000000  -0.250000000   0.250000000 ) 

    1    1
  0.28743971  0.00000000   -0.01053230  0.00000000    0.01053230  0.00000000
 -0.01053230  0.00000000    0.28743971  0.00000000   -0.01053230  0.00000000
  0.01053230  0.00000000   -0.01053230  0.00000000    0.28743971  0.00000000
    1    2
 -0.21441362  0.06508860   -0.03313535 -0.03376782    0.03313535  0.03376782
 -0.03313535 -0.03376782   -0.21441362  0.06508860   -0.03313535 -0.03376782
  0.03313535  0.03376782   -0.03313535 -0.03376782   -0.21441362  0.06508860
    2    1
 -0.21441362 -0.06508860   -0.03313535  0.03376782    0.03313535 -0.03376782
 -0.03313535  0.03376782   -0.21441362 -0.06508860   -0.03313535  0.03376782
  0.03313535 -0.03376782   -0.03313535  0.03376782   -0.21441362 -0.06508860
    2    2
  0.28743971  0.00000000   -0.01053230  0.00000000    0.01053230  0.00000000
 -0.01053230  0.00000000    0.28743971  0.00000000   -0.01053230  0.00000000
  0.01053230  0.00000000   -0.01053230  0.00000000    0.28743971  0.00000000

     Dynamical  Matrix in cartesian axes

     q = (    0.250000000   0.250000000   0.250000000 ) 

    1    1
  0.28743971  0.00000000    0.01053230  0.00000000    0.01053230  0.00000000
  0.01053230  0.00000000    0.28743971  0.00000000    0.01053230  0.00000000
  0.01053230  0.00000000    0.01053230  0.00000000    0.28743971  0.00000000
    1    2
 -0.06508860  0.21441362   -0.03376782 -0.03313535   -0.03376782 -0.03313535
 -0.03376782 -0.03313535   -0.06508860  0.21441362   -0.03376782 -0.03313535
 -0.03376782 -0.03313535   -0.03376782 -0.03313535   -0.06508860  0.21441362
    2    1
 -0.06508860 -0.21441362   -0.03376782  0.03313535   -0.03376782  0.03313535
 -0.03376782  0.03313535   -0.06508860 -0.21441362   -0.03376782  0.03313535
 -0.03376782  0.03313535   -0.03376782  0.03313535   -0.06508860 -0.21441362
    2    2
  0.28743971  0.00000000    0.01053230  0.00000000    0.01053230  0.00000000
  0.01053230  0.00000000    0.28743971  0.00000000    0.01053230  0.00000000
  0.01053230  0.00000000    0.01053230  0.00000000    0.28743971  0.00000000

     Dynamical  Matrix in cartesian axes

     q = (   -0.250000000  -0.250000000  -0.250000000 ) 

    1    1
  0.28743971  0.00000000    0.01053230  0.00000000    0.01053230  0.00000000
  0.01053230  0.00000000    0.28743971  0.00000000    0.01053230  0.00000000
  0.01053230  0.00000000    0.01053230  0.00000000    0.28743971  0.00000000
    1    2
 -0.06508860 -0.21441362   -0.03376782  0.03313535   -0.03376782  0.03313535
 -0.03376782  0.03313535   -0.06508860 -0.21441362   -0.03376782  0.03313535
 -0.03376782  0.03313535   -0.03376782  0.03313535   -0.06508860 -0.21441362
    2    1
 -0.06508860  0.21441362   -0.03376782 -0.03313535   -0.03376782 -0.03313535
 -0.03376782 -0.03313535   -0.06508860  0.21441362   -0.03376782 -0.03313535
 -0.03376782 -0.03313535   -0.03376782 -0.03313535   -0.06508860  0.21441362
    2    2
  0.28743971  0.00000000    0.01053230  0.00000000    0.01053230  0.00000000
  0.01053230  0.00000000    0.28743971  0.00000000    0.01053230  0.00000000
  0.01053230  0.00000000    0.01053230  0.00000000    0.28743971  0.00000000

     Dynamical  Matrix in cartesian axes

     q = (   -0.250000000  -0.250000000   0.250000000 ) 

    1    1
  0.28743971  0.00000000    0.01053230  0.00000000   -0.01053230  0.00000000
  0.01053230  0.00000000    0.28743971  0.00000000   -0.01053230  0.00000000
 -0.01053230  0.00000000   -0.01053230  0.00000000    0.28743971  0.00000000
    1    2
 -0.21441362 -0.06508860    0.03313535 -0.03376782   -0.03313535  0.03376782
  0.03313535 -0.03376782   -0.21441362 -0.06508860   -0.03313535  0.03376782
 -0.03313535  0.03376782   -0.03313535  0.03376782   -0.21441362 -0.06508860
    2    1
 -0.21441362  0.06508860    0.03313535  0.03376782   -0.03313535 -0.03376782
  0.03313535  0.03376782   -0.21441362  0.06508860   -0.03313535 -0.03376782
 -0.03313535 -0.03376782   -0.03313535 -0.03376782   -0.21441362  0.06508860
    2    2
  0.28743971  0.00000000    0.01053230  0.00000000   -0.01053230  0.00000000
  0.01053230  0.00000000    0.28743971  0.00000000   -0.01053230  0.00000000
 -0.01053230  0.00000000   -0.01053230  0.00000000    0.28743971  0.00000000

     Dynamical  Matrix in cartesian axes

     q = (   -0.250000000   0.250000000   0.250000000 ) 

    1    1
  0.28743971  0.00000000   -0.01053230  0.00000000   -0.01053230  0.00000000
 -0.01053230  0.00000000    0.28743971  0.00000000    0.01053230  0.00000000
 -0.01053230  0.00000000    0.01053230  0.00000000    0.28743971  0.00000000
    1    2
 -0.21441362  0.06508860   -0.03313535 -0.03376782   -0.03313535 -0.03376782
 -0.03313535 -0.03376782   -0.21441362  0.06508860    0.03313535  0.03376782
 -0.03313535 -0.03376782    0.03313535  0.03376782   -0.21441362  0.06508860
    2    1
 -0.21441362 -0.06508860   -0.03313535  0.03376782   -0.03313535  0.03376782
 -0.03313535  0.03376782   -0.21441362 -0.06508860    0.03313535 -0.03376782
 -0.03313535  0.03376782    0.03313535 -0.03376782   -0.21441362 -0.06508860
    2    2
  0.28743971  0.00000000   -0.01053230  0.00000000   -0.01053230  0.00000000
 -0.01053230  0.00000000    0.28743971  0.00000000    0.01053230  0.00000000
 -0.01053230  0.00000000    0.01053230  0.00000000    0.28743971  0.00000000

     Dynamical  Matrix in cartesian axes

     q = (    0.250000000   0.250000000  -0.250000000 ) 

    1    1
  0.28743971  0.00000000    0.01053230  0.00000000   -0.01053230  0.00000000
  0.01053230  0.00000000    0.28743971  0.00000000   -0.01053230  0.00000000
 -0.01053230  0.00000000   -0.01053230  0.00000000    0.28743971  0.00000000
    1    2
 -0.21441362  0.06508860    0.03313535  0.03376782   -0.03313535 -0.03376782
  0.03313535  0.03376782   -0.21441362  0.06508860   -0.03313535 -0.03376782
 -0.03313535 -0.03376782   -0.03313535 -0.03376782   -0.21441362  0.06508860
    2    1
 -0.21441362 -0.06508860    0.03313535 -0.03376782   -0.03313535  0.03376782
  0.03313535 -0.03376782   -0.21441362 -0.06508860   -0.03313535  0.03376782
 -0.03313535  0.03376782   -0.03313535  0.03376782   -0.21441362 -0.06508860
    2    2
  0.28743971  0.00000000    0.01053230  0.00000000   -0.01053230  0.00000000
  0.01053230  0.00000000    0.28743971  0.00000000   -0.01053230  0.00000000
 -0.01053230  0.00000000   -0.01053230  0.00000000    0.28743971  0.00000000

     Diagonalizing the dynamical matrix

     q = (   -0.250000000   0.250000000  -0.250000000 ) 

 **************************************************************************
     freq (    1) =       3.402676 [THz] =     113.501061 [cm-1]
 ( -0.026848  0.037177 -0.510025 -0.023956 -0.483177 -0.061133 ) 
 ( -0.021969  0.040253 -0.508998  0.040253 -0.487029  0.000000 ) 
     freq (    2) =       3.402676 [THz] =     113.501061 [cm-1]
 (  0.575455  0.009076  0.267849 -0.029843 -0.307605 -0.038919 ) 
 (  0.572042 -0.063228  0.261985 -0.063228 -0.310058  0.000000 ) 
     freq (    3) =       6.809368 [THz] =     227.136055 [cm-1]
 ( -0.304167 -0.272304  0.304167  0.272304 -0.304167 -0.272304 ) 
 ( -0.408248  0.000000  0.408248 -0.000000 -0.408248  0.000000 ) 
     freq (    4) =      14.645846 [THz] =     488.532836 [cm-1]
 ( -0.304167 -0.272304  0.304167  0.272304 -0.304167 -0.272304 ) 
 (  0.408248  0.000000 -0.408248  0.000000  0.408248  0.000000 ) 
     freq (    5) =      14.918849 [THz] =     497.639240 [cm-1]
 ( -0.291965  0.215227 -0.527116  0.185475 -0.235151 -0.029752 ) 
 (  0.262640 -0.250173  0.499666 -0.250173  0.237026 -0.000000 ) 
     freq (    6) =      14.918849 [THz] =     497.639240 [cm-1]
 (  0.445533 -0.057164 -0.076756 -0.123245 -0.522288 -0.066082 ) 
 ( -0.434834  0.112636  0.091619  0.112636  0.526452  0.000000 ) 
 **************************************************************************
