Dynamical matrix file
                                                                           
  1    2  2 10.3120000  0.0000000  0.0000000  0.0000000  0.0000000  0.0000000
           1  'Si  '    25598.822984527003     
    1    1      0.0000000000      0.0000000000      0.0000000000
    2    1      0.2500000000      0.2500000000      0.2500000000

     Dynamical  Matrix in cartesian axes

     q = (    0.750000000  -0.250000000   0.750000000 ) 

    1    1
  0.24938438  0.00000000   -0.00639364  0.00773608    0.00597707  0.00000000
 -0.00639364 -0.00773608    0.30093103  0.00000000   -0.00639364 -0.00773608
  0.00597707  0.00000000   -0.00639364  0.00773608    0.24938438  0.00000000
    1    2
 -0.06115830  0.06229794   -0.04186067  0.04430456   -0.04223600 -0.13836289
 -0.04186067  0.04430456   -0.05951353  0.08076688   -0.04186067  0.04430456
 -0.04223600 -0.13836289   -0.04186067  0.04430456   -0.06115830  0.06229794
    2    1
 -0.06115830 -0.06229794   -0.04186067 -0.04430456   -0.04223600  0.13836289
 -0.04186067 -0.04430456   -0.05951353 -0.08076688   -0.04186067 -0.04430456
 -0.04223600  0.13836289   -0.04186067 -0.04430456   -0.06115830 -0.06229794
    2    2
  0.24938438  0.00000000   -0.00639364 -0.00773608    0.00597707  0.00000000
 -0.00639364  0.00773608    0.30093103  0.00000000   -0.00639364  0.00773608
  0.00597707  0.00000000   -0.00639364 -0.00773608    0.24938438  0.00000000

     Dynamical  Matrix in cartesian axes

     q = (    0.750000000  -0.250000000  -0.750000000 ) 

    1    1
  0.24938438  0.00000000   -0.00639364 -0.00773608   -0.00597707  0.00000000
 -0.00639364  0.00773608    0.30093103  0.00000000    0.00639364 -0.00773608
 -0.00597707  0.00000000    0.00639364  0.00773608    0.24938438  0.00000000
    1    2
 -0.06229794  0.06115830   -0.04430456  0.04186067   -0.13836289 -0.04223600
 -0.04430456  0.04186067   -0.08076688  0.05951353    0.04430456 -0.04186067
 -0.13836289 -0.04223600    0.04430456 -0.04186067   -0.06229794  0.06115830
    2    1
 -0.06229794 -0.06115830   -0.04430456 -0.04186067   -0.13836289  0.04223600
 -0.04430456 -0.04186067   -0.08076688 -0.05951353    0.04430456  0.04186067
 -0.13836289  0.04223600    0.04430456  0.04186067   -0.06229794 -0.06115830
    2    2
  0.24938438  0.00000000   -0.00639364  0.00773608   -0.00597707  0.00000000
 -0.00639364 -0.00773608    0.30093103  0.00000000    0.00639364  0.00773608
 -0.00597707  0.00000000    0.00639364 -0.00773608    0.24938438  0.00000000

     Dynamical  Matrix in cartesian axes

     q = (   -0.750000000  -0.250000000  -0.750000000 ) 

    1    1
  0.24938438  0.00000000    0.00639364 -0.00773608    0.00597707  0.00000000
  0.00639364  0.00773608    0.30093103  0.00000000    0.00639364  0.00773608
  0.00597707  0.00000000    0.00639364 -0.00773608    0.24938438  0.00000000
    1    2
  0.06229794  0.06115830   -0.04430456 -0.04186067   -0.13836289  0.04223600
 -0.04430456 -0.04186067    0.08076688  0.05951353   -0.04430456 -0.04186067
 -0.13836289  0.04223600   -0.04430456 -0.04186067    0.06229794  0.06115830
    2    1
  0.06229794 -0.06115830   -0.04430456  0.04186067   -0.13836289 -0.04223600
 -0.04430456  0.04186067    0.08076688 -0.05951353   -0.04430456  0.04186067
 -0.13836289 -0.04223600   -0.04430456  0.04186067    0.06229794 -0.06115830
    2    2
  0.24938438  0.00000000    0.00639364  0.00773608    0.00597707  0.00000000
  0.00639364 -0.00773608    0.30093103  0.00000000    0.00639364 -0.00773608
  0.00597707  0.00000000    0.00639364  0.00773608    0.24938438  0.00000000

     Dynamical  Matrix in cartesian axes

     q = (   -0.750000000  -0.250000000   0.750000000 ) 

    1    1
  0.24938438  0.00000000    0.00639364  0.00773608   -0.00597707  0.00000000
  0.00639364 -0.00773608    0.30093103  0.00000000   -0.00639364  0.00773608
 -0.00597707  0.00000000   -0.00639364 -0.00773608    0.24938438  0.00000000
    1    2
 -0.06229794  0.06115830    0.04430456 -0.04186067   -0.13836289 -0.04223600
  0.04430456 -0.04186067   -0.08076688  0.05951353   -0.04430456  0.04186067
 -0.13836289 -0.04223600   -0.04430456  0.04186067   -0.06229794  0.06115830
    2    1
 -0.06229794 -0.06115830    0.04430456  0.04186067   -0.13836289  0.04223600
  0.04430456  0.04186067   -0.08076688 -0.05951353   -0.04430456 -0.04186067
 -0.13836289  0.04223600   -0.04430456 -0.04186067   -0.06229794 -0.06115830
    2    2
  0.24938438  0.00000000    0.00639364 -0.00773608   -0.00597707  0.00000000
  0.00639364  0.00773608    0.30093103  0.00000000   -0.00639364 -0.00773608
 -0.00597707  0.00000000   -0.00639364  0.00773608    0.24938438  0.00000000

     Dynamical  Matrix in cartesian axes

     q = (   -0.750000000   0.250000000  -0.750000000 ) 

    1    1
  0.24938438  0.00000000   -0.00639364 -0.00773608    0.00597707  0.00000000
 -0.00639364  0.00773608    0.30093103  0.00000000   -0.00639364  0.00773608
  0.00597707  0.00000000   -0.00639364 -0.00773608    0.24938438  0.00000000
    1    2
 -0.06115830 -0.06229794   -0.04186067 -0.04430456   -0.04223600  0.13836289
 -0.04186067 -0.04430456   -0.05951353 -0.08076688   -0.04186067 -0.04430456
 -0.04223600  0.13836289   -0.04186067 -0.04430456   -0.06115830 -0.06229794
    2    1
 -0.06115830  0.06229794   -0.04186067  0.04430456   -0.04223600 -0.13836289
 -0.04186067  0.04430456   -0.05951353  0.08076688   -0.04186067  0.04430456
 -0.04223600 -0.13836289   -0.04186067  0.04430456   -0.06115830  0.06229794
    2    2
  0.24938438  0.00000000   -0.00639364  0.00773608    0.00597707  0.00000000
 -0.00639364 -0.00773608    0.30093103  0.00000000   -0.00639364 -0.00773608
  0.00597707  0.00000000   -0.00639364  0.00773608    0.24938438  0.00000000

     Dynamical  Matrix in cartesian axes

     q = (   -0.250000000   0.750000000  -0.750000000 ) 

    1    1
  0.30093103  0.00000000   -0.00639364  0.00773608    0.00639364 -0.00773608
 -0.00639364 -0.00773608    0.24938438  0.00000000   -0.00597707  0.00000000
  0.00639364  0.00773608   -0.00597707  0.00000000    0.24938438  0.00000000
    1    2
 -0.08076688  0.05951353   -0.04430456  0.04186067    0.04430456 -0.04186067
 -0.04430456  0.04186067   -0.06229794  0.06115830   -0.13836289 -0.04223600
  0.04430456 -0.04186067   -0.13836289 -0.04223600   -0.06229794  0.06115830
    2    1
 -0.08076688 -0.05951353   -0.04430456 -0.04186067    0.04430456  0.04186067
 -0.04430456 -0.04186067   -0.06229794 -0.06115830   -0.13836289  0.04223600
  0.04430456  0.04186067   -0.13836289  0.04223600   -0.06229794 -0.06115830
    2    2
  0.30093103  0.00000000   -0.00639364 -0.00773608    0.00639364  0.00773608
 -0.00639364  0.00773608    0.24938438  0.00000000   -0.00597707  0.00000000
  0.00639364 -0.00773608   -0.00597707  0.00000000    0.24938438  0.00000000

     Dynamical  Matrix in cartesian axes

     q = (   -0.750000000   0.750000000  -0.250000000 ) 

    1    1
  0.24938438  0.00000000   -0.00597707  0.00000000    0.00639364  0.00773608
 -0.00597707  0.00000000    0.24938438  0.00000000   -0.00639364 -0.00773608
  0.00639364 -0.00773608   -0.00639364  0.00773608    0.30093103  0.00000000
    1    2
 -0.06229794  0.06115830   -0.13836289 -0.04223600    0.04430456 -0.04186067
 -0.13836289 -0.04223600   -0.06229794  0.06115830   -0.04430456  0.04186067
  0.04430456 -0.04186067   -0.04430456  0.04186067   -0.08076688  0.05951353
    2    1
 -0.06229794 -0.06115830   -0.13836289  0.04223600    0.04430456  0.04186067
 -0.13836289  0.04223600   -0.06229794 -0.06115830   -0.04430456 -0.04186067
  0.04430456  0.04186067   -0.04430456 -0.04186067   -0.08076688 -0.05951353
    2    2
  0.24938438  0.00000000   -0.00597707  0.00000000    0.00639364 -0.00773608
 -0.00597707  0.00000000    0.24938438  0.00000000   -0.00639364  0.00773608
  0.00639364  0.00773608   -0.00639364 -0.00773608    0.30093103  0.00000000

     Dynamical  Matrix in cartesian axes

     q = (    0.750000000   0.250000000   0.750000000 ) 

    1    1
  0.24938438  0.00000000    0.00639364  0.00773608    0.00597707  0.00000000
  0.00639364 -0.00773608    0.30093103  0.00000000    0.00639364 -0.00773608
  0.00597707  0.00000000    0.00639364  0.00773608    0.24938438  0.00000000
    1    2
  0.06229794 -0.06115830   -0.04430456  0.04186067   -0.13836289 -0.04223600
 -0.04430456  0.04186067    0.08076688 -0.05951353   -0.04430456  0.04186067
 -0.13836289 -0.04223600   -0.04430456  0.04186067    0.06229794 -0.06115830
    2    1
  0.06229794  0.06115830   -0.04430456 -0.04186067   -0.13836289  0.04223600
 -0.04430456 -0.04186067    0.08076688  0.05951353   -0.04430456 -0.04186067
 -0.13836289  0.04223600   -0.04430456 -0.04186067    0.06229794  0.06115830
    2    2
  0.24938438  0.00000000    0.00639364 -0.00773608    0.00597707  0.00000000
  0.00639364  0.00773608    0.30093103  0.00000000    0.00639364  0.00773608
  0.00597707  0.00000000    0.00639364 -0.00773608    0.24938438  0.00000000

     Dynamical  Matrix in cartesian axes

     q = (   -0.750000000   0.250000000   0.750000000 ) 

    1    1
  0.24938438  0.00000000   -0.00639364  0.00773608   -0.00597707  0.00000000
 -0.00639364 -0.00773608    0.30093103  0.00000000    0.00639364  0.00773608
 -0.00597707  0.00000000    0.00639364 -0.00773608    0.24938438  0.00000000
    1    2
 -0.06229794 -0.06115830   -0.04430456 -0.04186067   -0.13836289  0.04223600
 -0.04430456 -0.04186067   -0.08076688 -0.05951353    0.04430456  0.04186067
 -0.13836289  0.04223600    0.04430456  0.04186067   -0.06229794 -0.06115830
    2    1
 -0.06229794  0.06115830   -0.04430456  0.04186067   -0.13836289 -0.04223600
 -0.04430456  0.04186067   -0.08076688  0.05951353    0.04430456 -0.04186067
 -0.13836289 -0.04223600    0.04430456 -0.04186067   -0.06229794  0.06115830
    2    2
  0.24938438  0.00000000   -0.00639364 -0.00773608   -0.00597707  0.00000000
 -0.00639364  0.00773608    0.30093103  0.00000000    0.00639364 -0.00773608
 -0.00597707  0.00000000    0.00639364  0.00773608    0.24938438  0.00000000

     Dynamical  Matrix in cartesian axes

     q = (    0.750000000   0.250000000  -0.750000000 ) 

    1    1
  0.24938438  0.00000000    0.00639364 -0.00773608   -0.00597707  0.00000000
  0.00639364  0.00773608    0.30093103  0.00000000   -0.00639364 -0.00773608
 -0.00597707  0.00000000   -0.00639364  0.00773608    0.24938438  0.00000000
    1    2
 -0.06229794 -0.06115830    0.04430456  0.04186067   -0.13836289  0.04223600
  0.04430456  0.04186067   -0.08076688 -0.05951353   -0.04430456 -0.04186067
 -0.13836289  0.04223600   -0.04430456 -0.04186067   -0.06229794 -0.06115830
    2    1
 -0.06229794  0.06115830    0.04430456 -0.04186067   -0.13836289 -0.04223600
  0.04430456 -0.04186067   -0.08076688  0.05951353   -0.04430456  0.04186067
 -0.13836289 -0.04223600   -0.04430456  0.04186067   -0.06229794  0.06115830
    2    2
  0.24938438  0.00000000    0.00639364  0.00773608   -0.00597707  0.00000000
  0.00639364 -0.00773608    0.30093103  0.00000000   -0.00639364  0.00773608
 -0.00597707  0.00000000   -0.00639364 -0.00773608    0.24938438  0.00000000

     Dynamical  Matrix in cartesian axes

     q = (   -0.750000000   0.750000000   0.250000000 ) 

    1    1
  0.24938438  0.00000000   -0.00597707  0.00000000   -0.00639364  0.00773608
 -0.00597707  0.00000000    0.24938438  0.00000000    0.00639364 -0.00773608
 -0.00639364 -0.00773608    0.00639364  0.00773608    0.30093103  0.00000000
    1    2
 -0.06229794 -0.06115830   -0.13836289  0.04223600   -0.04430456 -0.04186067
 -0.13836289  0.04223600   -0.06229794 -0.06115830    0.04430456  0.04186067
 -0.04430456 -0.04186067    0.04430456  0.04186067   -0.08076688 -0.05951353
    2    1
 -0.06229794  0.06115830   -0.13836289 -0.04223600   -0.04430456  0.04186067
 -0.13836289 -0.04223600   -0.06229794  0.06115830    0.04430456 -0.04186067
 -0.04430456  0.04186067    0.04430456 -0.04186067   -0.08076688  0.05951353
    2    2
  0.24938438  0.00000000   -0.00597707  0.00000000   -0.00639364 -0.00773608
 -0.00597707  0.00000000    0.24938438  0.00000000    0.00639364  0.00773608
 -0.00639364  0.00773608    0.00639364 -0.00773608    0.30093103  0.00000000

     Dynamical  Matrix in cartesian axes

     q = (   -0.250000000   0.750000000   0.750000000 ) 

    1    1
  0.30093103  0.00000000   -0.00639364 -0.00773608   -0.00639364 -0.00773608
 -0.00639364  0.00773608    0.24938438  0.00000000    0.00597707  0.00000000
 -0.00639364  0.00773608    0.00597707  0.00000000    0.24938438  0.00000000
    1    2
 -0.05951353  0.08076688   -0.04186067  0.04430456   -0.04186067  0.04430456
 -0.04186067  0.04430456   -0.06115830  0.06229794   -0.04223600 -0.13836289
 -0.04186067  0.04430456   -0.04223600 -0.13836289   -0.06115830  0.06229794
    2    1
 -0.05951353 -0.08076688   -0.04186067 -0.04430456   -0.04186067 -0.04430456
 -0.04186067 -0.04430456   -0.06115830 -0.06229794   -0.04223600  0.13836289
 -0.04186067 -0.04430456   -0.04223600  0.13836289   -0.06115830 -0.06229794
    2    2
  0.30093103  0.00000000   -0.00639364  0.00773608   -0.00639364  0.00773608
 -0.00639364 -0.00773608    0.24938438  0.00000000    0.00597707  0.00000000
 -0.00639364 -0.00773608    0.00597707  0.00000000    0.24938438  0.00000000

     Dynamical  Matrix in cartesian axes

     q = (    0.250000000   0.750000000  -0.750000000 ) 

    1    1
  0.30093103  0.00000000    0.00639364  0.00773608   -0.00639364 -0.00773608
  0.00639364 -0.00773608    0.24938438  0.00000000   -0.00597707  0.00000000
 -0.00639364  0.00773608   -0.00597707  0.00000000    0.24938438  0.00000000
    1    2
 -0.08076688 -0.05951353    0.04430456  0.04186067   -0.04430456 -0.04186067
  0.04430456  0.04186067   -0.06229794 -0.06115830   -0.13836289  0.04223600
 -0.04430456 -0.04186067   -0.13836289  0.04223600   -0.06229794 -0.06115830
    2    1
 -0.08076688  0.05951353    0.04430456 -0.04186067   -0.04430456  0.04186067
  0.04430456 -0.04186067   -0.06229794  0.06115830   -0.13836289 -0.04223600
 -0.04430456  0.04186067   -0.13836289 -0.04223600   -0.06229794  0.06115830
    2    2
  0.30093103  0.00000000    0.00639364 -0.00773608   -0.00639364  0.00773608
  0.00639364  0.00773608    0.24938438  0.00000000   -0.00597707  0.00000000
 -0.00639364 -0.00773608   -0.00597707  0.00000000    0.24938438  0.00000000

     Dynamical  Matrix in cartesian axes

     q = (   -0.250000000  -0.750000000  -0.750000000 ) 

    1    1
  0.30093103  0.00000000    0.00639364  0.00773608    0.00639364  0.00773608
  0.00639364 -0.00773608    0.24938438  0.00000000    0.00597707  0.00000000
  0.00639364 -0.00773608    0.00597707  0.00000000    0.24938438  0.00000000
    1    2
  0.08076688  0.05951353   -0.04430456 -0.04186067   -0.04430456 -0.04186067
 -0.04430456 -0.04186067    0.06229794  0.06115830   -0.13836289  0.04223600
 -0.04430456 -0.04186067   -0.13836289  0.04223600    0.06229794  0.06115830
    2    1
  0.08076688 -0.05951353   -0.04430456  0.04186067   -0.04430456  0.04186067
 -0.04430456  0.04186067    0.06229794 -0.06115830   -0.13836289 -0.04223600
 -0.04430456  0.04186067   -0.13836289 -0.04223600    0.06229794 -0.06115830
    2    2
  0.30093103  0.00000000    0.00639364 -0.00773608    0.00639364 -0.00773608
  0.00639364  0.00773608    0.24938438  0.00000000    0.00597707  0.00000000
  0.00639364  0.00773608    0.00597707  0.00000000    0.24938438  0.00000000

     Dynamical  Matrix in cartesian axes

     q = (    0.750000000   0.750000000  -0.250000000 ) 

    1    1
  0.24938438  0.00000000    0.00597707  0.00000000   -0.00639364  0.00773608
  0.00597707  0.00000000    0.24938438  0.00000000   -0.00639364  0.00773608
 -0.00639364 -0.00773608   -0.00639364 -0.00773608    0.30093103  0.00000000
    1    2
 -0.06115830  0.06229794   -0.04223600 -0.13836289   -0.04186067  0.04430456
 -0.04223600 -0.13836289   -0.06115830  0.06229794   -0.04186067  0.04430456
 -0.04186067  0.04430456   -0.04186067  0.04430456   -0.05951353  0.08076688
    2    1
 -0.06115830 -0.06229794   -0.04223600  0.13836289   -0.04186067 -0.04430456
 -0.04223600  0.13836289   -0.06115830 -0.06229794   -0.04186067 -0.04430456
 -0.04186067 -0.04430456   -0.04186067 -0.04430456   -0.05951353 -0.08076688
    2    2
  0.24938438  0.00000000    0.00597707  0.00000000   -0.00639364 -0.00773608
  0.00597707  0.00000000    0.24938438  0.00000000   -0.00639364 -0.00773608
 -0.00639364  0.00773608   -0.00639364  0.00773608    0.30093103  0.00000000

     Dynamical  Matrix in cartesian axes

     q = (    0.750000000  -0.750000000   0.250000000 ) 

    1    1
  0.24938438  0.00000000   -0.00597707  0.00000000    0.00639364 -0.00773608
 -0.00597707  0.00000000    0.24938438  0.00000000   -0.00639364  0.00773608
  0.00639364  0.00773608   -0.00639364 -0.00773608    0.30093103  0.00000000
    1    2
 -0.06229794 -0.06115830   -0.13836289  0.04223600    0.04430456  0.04186067
 -0.13836289  0.04223600   -0.06229794 -0.06115830   -0.04430456 -0.04186067
  0.04430456  0.04186067   -0.04430456 -0.04186067   -0.08076688 -0.05951353
    2    1
 -0.06229794  0.06115830   -0.13836289 -0.04223600    0.04430456 -0.04186067
 -0.13836289 -0.04223600   -0.06229794  0.06115830   -0.04430456  0.04186067
  0.04430456 -0.04186067   -0.04430456  0.04186067   -0.08076688  0.05951353
    2    2
  0.24938438  0.00000000   -0.00597707  0.00000000    0.00639364  0.00773608
 -0.00597707  0.00000000    0.24938438  0.00000000   -0.00639364 -0.00773608
  0.00639364 -0.00773608   -0.00639364  0.00773608    0.30093103  0.00000000

     Dynamical  Matrix in cartesian axes

     q = (   -0.750000000  -0.750000000  -0.250000000 ) 

    1    1
  0.24938438  0.00000000    0.00597707  0.00000000    0.00639364 -0.00773608
  0.00597707  0.00000000    0.24938438  0.00000000    0.00639364 -0.00773608
  0.00639364  0.00773608    0.00639364  0.00773608    0.30093103  0.00000000
    1    2
  0.06229794  0.06115830   -0.13836289  0.04223600   -0.04430456 -0.04186067
 -0.13836289  0.04223600    0.06229794  0.06115830   -0.04430456 -0.04186067
 -0.04430456 -0.04186067   -0.04430456 -0.04186067    0.08076688  0.05951353
    2    1
  0.06229794 -0.06115830   -0.13836289 -0.04223600   -0.04430456  0.04186067
 -0.13836289 -0.04223600    0.06229794 -0.06115830   -0.04430456  0.04186067
 -0.04430456  0.04186067   -0.04430456  0.04186067    0.08076688 -0.05951353
    2    2
  0.24938438  0.00000000    0.00597707  0.00000000    0.00639364  0.00773608
  0.00597707  0.00000000    0.24938438  0.00000000    0.00639364  0.00773608
  0.00639364 -0.00773608    0.00639364 -0.00773608    0.30093103  0.00000000

     Dynamical  Matrix in cartesian axes

     q = (    0.250000000  -0.750000000   0.750000000 ) 

    1    1
  0.30093103  0.00000000   -0.00639364 -0.00773608    0.00639364  0.00773608
 -0.00639364  0.00773608    0.24938438  0.00000000   -0.00597707  0.00000000
  0.00639364 -0.00773608   -0.00597707  0.00000000    0.24938438  0.00000000
    1    2
 -0.08076688 -0.05951353   -0.04430456 -0.04186067    0.04430456  0.04186067
 -0.04430456 -0.04186067   -0.06229794 -0.06115830   -0.13836289  0.04223600
  0.04430456  0.04186067   -0.13836289  0.04223600   -0.06229794 -0.06115830
    2    1
 -0.08076688  0.05951353   -0.04430456  0.04186067    0.04430456 -0.04186067
 -0.04430456  0.04186067   -0.06229794  0.06115830   -0.13836289 -0.04223600
  0.04430456 -0.04186067   -0.13836289 -0.04223600   -0.06229794  0.06115830
    2    2
  0.30093103  0.00000000   -0.00639364  0.00773608    0.00639364 -0.00773608
 -0.00639364 -0.00773608    0.24938438  0.00000000   -0.00597707  0.00000000
  0.00639364  0.00773608   -0.00597707  0.00000000    0.24938438  0.00000000

     Dynamical  Matrix in cartesian axes

     q = (   -0.750000000  -0.750000000   0.250000000 ) 

    1    1
  0.24938438  0.00000000    0.00597707  0.00000000   -0.00639364 -0.00773608
  0.00597707  0.00000000    0.24938438  0.00000000   -0.00639364 -0.00773608
 -0.00639364  0.00773608   -0.00639364  0.00773608    0.30093103  0.00000000
    1    2
 -0.06115830 -0.06229794   -0.04223600  0.13836289   -0.04186067 -0.04430456
 -0.04223600  0.13836289   -0.06115830 -0.06229794   -0.04186067 -0.04430456
 -0.04186067 -0.04430456   -0.04186067 -0.04430456   -0.05951353 -0.08076688
    2    1
 -0.06115830  0.06229794   -0.04223600 -0.13836289   -0.04186067  0.04430456
 -0.04223600 -0.13836289   -0.06115830  0.06229794   -0.04186067  0.04430456
 -0.04186067  0.04430456   -0.04186067  0.04430456   -0.05951353  0.08076688
    2    2
  0.24938438  0.00000000    0.00597707  0.00000000   -0.00639364  0.00773608
  0.00597707  0.00000000    0.24938438  0.00000000   -0.00639364  0.00773608
 -0.00639364 -0.00773608   -0.00639364 -0.00773608    0.30093103  0.00000000

     Dynamical  Matrix in cartesian axes

     q = (    0.250000000   0.750000000   0.750000000 ) 

    1    1
  0.30093103  0.00000000    0.00639364 -0.00773608    0.00639364 -0.00773608
  0.00639364  0.00773608    0.24938438  0.00000000    0.00597707  0.00000000
  0.00639364  0.00773608    0.00597707  0.00000000    0.24938438  0.00000000
    1    2
  0.08076688 -0.05951353   -0.04430456  0.04186067   -0.04430456  0.04186067
 -0.04430456  0.04186067    0.06229794 -0.06115830   -0.13836289 -0.04223600
 -0.04430456  0.04186067   -0.13836289 -0.04223600    0.06229794 -0.06115830
    2    1
  0.08076688  0.05951353   -0.04430456 -0.04186067   -0.04430456 -0.04186067
 -0.04430456 -0.04186067    0.06229794  0.06115830   -0.13836289  0.04223600
 -0.04430456 -0.04186067   -0.13836289  0.04223600    0.06229794  0.06115830
    2    2
  0.30093103  0.00000000    0.00639364  0.00773608    0.00639364  0.00773608
  0.00639364 -0.00773608    0.24938438  0.00000000    0.00597707  0.00000000
  0.00639364 -0.00773608    0.00597707  0.00000000    0.24938438  0.00000000

     Dynamical  Matrix in cartesian axes

     q = (   -0.250000000  -0.750000000   0.750000000 ) 

    1    1
  0.30093103  0.00000000    0.00639364 -0.00773608   -0.00639364  0.00773608
  0.00639364  0.00773608    0.24938438  0.00000000   -0.00597707  0.00000000
 -0.00639364 -0.00773608   -0.00597707  0.00000000    0.24938438  0.00000000
    1    2
 -0.08076688  0.05951353    0.04430456 -0.04186067   -0.04430456  0.04186067
  0.04430456 -0.04186067   -0.06229794  0.06115830   -0.13836289 -0.04223600
 -0.04430456  0.04186067   -0.13836289 -0.04223600   -0.06229794  0.06115830
    2    1
 -0.08076688 -0.05951353    0.04430456  0.04186067   -0.04430456 -0.04186067
  0.04430456  0.04186067   -0.06229794 -0.06115830   -0.13836289  0.04223600
 -0.04430456 -0.04186067   -0.13836289  0.04223600   -0.06229794 -0.06115830
    2    2
  0.30093103  0.00000000    0.00639364  0.00773608   -0.00639364 -0.00773608
  0.00639364 -0.00773608    0.24938438  0.00000000   -0.00597707  0.00000000
 -0.00639364  0.00773608   -0.00597707  0.00000000    0.24938438  0.00000000

     Dynamical  Matrix in cartesian axes

     q = (    0.750000000   0.750000000   0.250000000 ) 

    1    1
  0.24938438  0.00000000    0.00597707  0.00000000    0.00639364  0.00773608
  0.00597707  0.00000000    0.24938438  0.00000000    0.00639364  0.00773608
  0.00639364 -0.00773608    0.00639364 -0.00773608    0.30093103  0.00000000
    1    2
  0.06229794 -0.06115830   -0.13836289 -0.04223600   -0.04430456  0.04186067
 -0.13836289 -0.04223600    0.06229794 -0.06115830   -0.04430456  0.04186067
 -0.04430456  0.04186067   -0.04430456  0.04186067    0.08076688 -0.05951353
    2    1
  0.06229794  0.06115830   -0.13836289  0.04223600   -0.04430456 -0.04186067
 -0.13836289  0.04223600    0.06229794  0.06115830   -0.04430456 -0.04186067
 -0.04430456 -0.04186067   -0.04430456 -0.04186067    0.08076688  0.05951353
    2    2
  0.24938438  0.00000000    0.00597707  0.00000000    0.00639364 -0.00773608
  0.00597707  0.00000000    0.24938438  0.00000000    0.00639364 -0.00773608
  0.00639364  0.00773608    0.00639364  0.00773608    0.30093103  0.00000000

     Dynamical  Matrix in cartesian axes

     q = (    0.250000000  -0.750000000  -0.750000000 ) 

    1    1
  0.30093103  0.00000000   -0.00639364  0.00773608   -0.00639364  0.00773608
 -0.00639364 -0.00773608    0.24938438  0.00000000    0.00597707  0.00000000
 -0.00639364 -0.00773608    0.00597707  0.00000000    0.24938438  0.00000000
    1    2
 -0.05951353 -0.08076688   -0.04186067 -0.04430456   -0.04186067 -0.04430456
 -0.04186067 -0.04430456   -0.06115830 -0.06229794   -0.04223600  0.13836289
 -0.04186067 -0.04430456   -0.04223600  0.13836289   -0.06115830 -0.06229794
    2    1
 -0.05951353  0.08076688   -0.04186067  0.04430456   -0.04186067  0.04430456
 -0.04186067  0.04430456   -0.06115830  0.06229794   -0.04223600 -0.13836289
 -0.04186067  0.04430456   -0.04223600 -0.13836289   -0.06115830  0.06229794
    2    2
  0.30093103  0.00000000   -0.00639364 -0.00773608   -0.00639364 -0.00773608
 -0.00639364  0.00773608    0.24938438  0.00000000    0.00597707  0.00000000
 -0.00639364  0.00773608    0.00597707  0.00000000    0.24938438  0.00000000

     Dynamical  Matrix in cartesian axes

     q = (    0.750000000  -0.750000000  -0.250000000 ) 

    1    1
  0.24938438  0.00000000   -0.00597707  0.00000000   -0.00639364 -0.00773608
 -0.00597707  0.00000000    0.24938438  0.00000000    0.00639364  0.00773608
 -0.00639364  0.00773608    0.00639364 -0.00773608    0.30093103  0.00000000
    1    2
 -0.06229794  0.06115830   -0.13836289 -0.04223600   -0.04430456  0.04186067
 -0.13836289 -0.04223600   -0.06229794  0.06115830    0.04430456 -0.04186067
 -0.04430456  0.04186067    0.04430456 -0.04186067   -0.08076688  0.05951353
    2    1
 -0.06229794 -0.06115830   -0.13836289  0.04223600   -0.04430456 -0.04186067
 -0.13836289  0.04223600   -0.06229794 -0.06115830    0.04430456  0.04186067
 -0.04430456 -0.04186067    0.04430456  0.04186067   -0.08076688 -0.05951353
    2    2
  0.24938438  0.00000000   -0.00597707  0.00000000   -0.00639364  0.00773608
 -0.00597707  0.00000000    0.24938438  0.00000000    0.00639364 -0.00773608
 -0.00639364 -0.00773608    0.00639364  0.00773608    0.30093103  0.00000000

     Diagonalizing the dynamical matrix

     q = (    0.750000000  -0.250000000   0.750000000 ) 

 **************************************************************************
     freq (    1) =       4.206736 [THz] =     140.321617 [cm-1]
 (  0.046942 -0.497792 -0.000000 -0.000000 -0.046942  0.497792 ) 
 (  0.500000 -0.000000  0.000000 -0.000000 -0.500000  0.000000 ) 
     freq (    2) =       5.873053 [THz] =     195.903945 [cm-1]
 ( -0.389662 -0.165349 -0.343631  0.153508 -0.389662 -0.165349 ) 
 ( -0.423292  0.000000 -0.256366 -0.275542 -0.423292  0.000000 ) 
     freq (    3) =       9.417094 [THz] =     314.120438 [cm-1]
 (  0.118840 -0.286965  0.377071  0.406046  0.118840 -0.286965 ) 
 ( -0.310599 -0.000000  0.230875  0.503739 -0.310599  0.000000 ) 
     freq (    4) =      12.170446 [THz] =     405.962382 [cm-1]
 (  0.073239  0.317771 -0.402235 -0.354292  0.073239  0.317771 ) 
 ( -0.326101  0.000000  0.435578  0.312390 -0.326101  0.000000 ) 
     freq (    5) =      13.715913 [THz] =     457.513610 [cm-1]
 (  0.046942 -0.497792 -0.000000 -0.000000 -0.046942  0.497792 ) 
 ( -0.500000  0.000000  0.000000  0.000000  0.500000  0.000000 ) 
     freq (    6) =      14.110331 [THz] =     470.669989 [cm-1]
 ( -0.303168 -0.161550 -0.464327  0.219958 -0.303168 -0.161550 ) 
 (  0.343525 -0.000000  0.306338  0.412478  0.343525 -0.000000 ) 
 **************************************************************************
