Dynamical matrix file
                                                                           
  1    2  2 10.3120000  0.0000000  0.0000000  0.0000000  0.0000000  0.0000000
           1  'Si  '    25598.822984527003     
    1    1      0.0000000000      0.0000000000      0.0000000000
    2    1      0.2500000000      0.2500000000      0.2500000000

     Dynamical  Matrix in cartesian axes

     q = (   -0.250000000   0.250000000  -0.250000000 ) 

    1    1
  0.27282241  0.00000000   -0.01182689  0.00000000    0.01182689  0.00000000
 -0.01182689  0.00000000    0.27282241  0.00000000   -0.01182689  0.00000000
  0.01182689  0.00000000   -0.01182689  0.00000000    0.27282241  0.00000000
    1    2
 -0.20299669 -0.05896617   -0.03911871  0.04077029    0.03911871 -0.04077029
 -0.03911871  0.04077029   -0.20299669 -0.05896617   -0.03911871  0.04077029
  0.03911871 -0.04077029   -0.03911871  0.04077029   -0.20299669 -0.05896617
    2    1
 -0.20299669  0.05896617   -0.03911871 -0.04077029    0.03911871  0.04077029
 -0.03911871 -0.04077029   -0.20299669  0.05896617   -0.03911871 -0.04077029
  0.03911871  0.04077029   -0.03911871 -0.04077029   -0.20299669  0.05896617
    2    2
  0.27282241  0.00000000   -0.01182689  0.00000000    0.01182689  0.00000000
 -0.01182689  0.00000000    0.27282241  0.00000000   -0.01182689  0.00000000
  0.01182689  0.00000000   -0.01182689  0.00000000    0.27282241  0.00000000

     Dynamical  Matrix in cartesian axes

     q = (    0.250000000  -0.250000000  -0.250000000 ) 

    1    1
  0.27282241  0.00000000   -0.01182689  0.00000000   -0.01182689  0.00000000
 -0.01182689  0.00000000    0.27282241  0.00000000    0.01182689  0.00000000
 -0.01182689  0.00000000    0.01182689  0.00000000    0.27282241  0.00000000
    1    2
 -0.20299669 -0.05896617   -0.03911871  0.04077029   -0.03911871  0.04077029
 -0.03911871  0.04077029   -0.20299669 -0.05896617    0.03911871 -0.04077029
 -0.03911871  0.04077029    0.03911871 -0.04077029   -0.20299669 -0.05896617
    2    1
 -0.20299669  0.05896617   -0.03911871 -0.04077029   -0.03911871 -0.04077029
 -0.03911871 -0.04077029   -0.20299669  0.05896617    0.03911871  0.04077029
 -0.03911871 -0.04077029    0.03911871  0.04077029   -0.20299669  0.05896617
    2    2
  0.27282241  0.00000000   -0.01182689  0.00000000   -0.01182689  0.00000000
 -0.01182689  0.00000000    0.27282241  0.00000000    0.01182689  0.00000000
 -0.01182689  0.00000000    0.01182689  0.00000000    0.27282241  0.00000000

     Dynamical  Matrix in cartesian axes

     q = (    0.250000000  -0.250000000   0.250000000 ) 

    1    1
  0.27282241  0.00000000   -0.01182689  0.00000000    0.01182689  0.00000000
 -0.01182689  0.00000000    0.27282241  0.00000000   -0.01182689  0.00000000
  0.01182689  0.00000000   -0.01182689  0.00000000    0.27282241  0.00000000
    1    2
 -0.20299669  0.05896617   -0.03911871 -0.04077029    0.03911871  0.04077029
 -0.03911871 -0.04077029   -0.20299669  0.05896617   -0.03911871 -0.04077029
  0.03911871  0.04077029   -0.03911871 -0.04077029   -0.20299669  0.05896617
    2    1
 -0.20299669 -0.05896617   -0.03911871  0.04077029    0.03911871 -0.04077029
 -0.03911871  0.04077029   -0.20299669 -0.05896617   -0.03911871  0.04077029
  0.03911871 -0.04077029   -0.03911871  0.04077029   -0.20299669 -0.05896617
    2    2
  0.27282241  0.00000000   -0.01182689  0.00000000    0.01182689  0.00000000
 -0.01182689  0.00000000    0.27282241  0.00000000   -0.01182689  0.00000000
  0.01182689  0.00000000   -0.01182689  0.00000000    0.27282241  0.00000000

     Dynamical  Matrix in cartesian axes

     q = (    0.250000000   0.250000000   0.250000000 ) 

    1    1
  0.27282241  0.00000000    0.01182689  0.00000000    0.01182689  0.00000000
  0.01182689  0.00000000    0.27282241  0.00000000    0.01182689  0.00000000
  0.01182689  0.00000000    0.01182689  0.00000000    0.27282241  0.00000000
    1    2
 -0.05896617  0.20299669   -0.04077029 -0.03911871   -0.04077029 -0.03911871
 -0.04077029 -0.03911871   -0.05896617  0.20299669   -0.04077029 -0.03911871
 -0.04077029 -0.03911871   -0.04077029 -0.03911871   -0.05896617  0.20299669
    2    1
 -0.05896617 -0.20299669   -0.04077029  0.03911871   -0.04077029  0.03911871
 -0.04077029  0.03911871   -0.05896617 -0.20299669   -0.04077029  0.03911871
 -0.04077029  0.03911871   -0.04077029  0.03911871   -0.05896617 -0.20299669
    2    2
  0.27282241  0.00000000    0.01182689  0.00000000    0.01182689  0.00000000
  0.01182689  0.00000000    0.27282241  0.00000000    0.01182689  0.00000000
  0.01182689  0.00000000    0.01182689  0.00000000    0.27282241  0.00000000

     Dynamical  Matrix in cartesian axes

     q = (   -0.250000000  -0.250000000  -0.250000000 ) 

    1    1
  0.27282241  0.00000000    0.01182689  0.00000000    0.01182689  0.00000000
  0.01182689  0.00000000    0.27282241  0.00000000    0.01182689  0.00000000
  0.01182689  0.00000000    0.01182689  0.00000000    0.27282241  0.00000000
    1    2
 -0.05896617 -0.20299669   -0.04077029  0.03911871   -0.04077029  0.03911871
 -0.04077029  0.03911871   -0.05896617 -0.20299669   -0.04077029  0.03911871
 -0.04077029  0.03911871   -0.04077029  0.03911871   -0.05896617 -0.20299669
    2    1
 -0.05896617  0.20299669   -0.04077029 -0.03911871   -0.04077029 -0.03911871
 -0.04077029 -0.03911871   -0.05896617  0.20299669   -0.04077029 -0.03911871
 -0.04077029 -0.03911871   -0.04077029 -0.03911871   -0.05896617  0.20299669
    2    2
  0.27282241  0.00000000    0.01182689  0.00000000    0.01182689  0.00000000
  0.01182689  0.00000000    0.27282241  0.00000000    0.01182689  0.00000000
  0.01182689  0.00000000    0.01182689  0.00000000    0.27282241  0.00000000

     Dynamical  Matrix in cartesian axes

     q = (   -0.250000000  -0.250000000   0.250000000 ) 

    1    1
  0.27282241  0.00000000    0.01182689  0.00000000   -0.01182689  0.00000000
  0.01182689  0.00000000    0.27282241  0.00000000   -0.01182689  0.00000000
 -0.01182689  0.00000000   -0.01182689  0.00000000    0.27282241  0.00000000
    1    2
 -0.20299669 -0.05896617    0.03911871 -0.04077029   -0.03911871  0.04077029
  0.03911871 -0.04077029   -0.20299669 -0.05896617   -0.03911871  0.04077029
 -0.03911871  0.04077029   -0.03911871  0.04077029   -0.20299669 -0.05896617
    2    1
 -0.20299669  0.05896617    0.03911871  0.04077029   -0.03911871 -0.04077029
  0.03911871  0.04077029   -0.20299669  0.05896617   -0.03911871 -0.04077029
 -0.03911871 -0.04077029   -0.03911871 -0.04077029   -0.20299669  0.05896617
    2    2
  0.27282241  0.00000000    0.01182689  0.00000000   -0.01182689  0.00000000
  0.01182689  0.00000000    0.27282241  0.00000000   -0.01182689  0.00000000
 -0.01182689  0.00000000   -0.01182689  0.00000000    0.27282241  0.00000000

     Dynamical  Matrix in cartesian axes

     q = (   -0.250000000   0.250000000   0.250000000 ) 

    1    1
  0.27282241  0.00000000   -0.01182689  0.00000000   -0.01182689  0.00000000
 -0.01182689  0.00000000    0.27282241  0.00000000    0.01182689  0.00000000
 -0.01182689  0.00000000    0.01182689  0.00000000    0.27282241  0.00000000
    1    2
 -0.20299669  0.05896617   -0.03911871 -0.04077029   -0.03911871 -0.04077029
 -0.03911871 -0.04077029   -0.20299669  0.05896617    0.03911871  0.04077029
 -0.03911871 -0.04077029    0.03911871  0.04077029   -0.20299669  0.05896617
    2    1
 -0.20299669 -0.05896617   -0.03911871  0.04077029   -0.03911871  0.04077029
 -0.03911871  0.04077029   -0.20299669 -0.05896617    0.03911871 -0.04077029
 -0.03911871  0.04077029    0.03911871 -0.04077029   -0.20299669 -0.05896617
    2    2
  0.27282241  0.00000000   -0.01182689  0.00000000   -0.01182689  0.00000000
 -0.01182689  0.00000000    0.27282241  0.00000000    0.01182689  0.00000000
 -0.01182689  0.00000000    0.01182689  0.00000000    0.27282241  0.00000000

     Dynamical  Matrix in cartesian axes

     q = (    0.250000000   0.250000000  -0.250000000 ) 

    1    1
  0.27282241  0.00000000    0.01182689  0.00000000   -0.01182689  0.00000000
  0.01182689  0.00000000    0.27282241  0.00000000   -0.01182689  0.00000000
 -0.01182689  0.00000000   -0.01182689  0.00000000    0.27282241  0.00000000
    1    2
 -0.20299669  0.05896617    0.03911871  0.04077029   -0.03911871 -0.04077029
  0.03911871  0.04077029   -0.20299669  0.05896617   -0.03911871 -0.04077029
 -0.03911871 -0.04077029   -0.03911871 -0.04077029   -0.20299669  0.05896617
    2    1
 -0.20299669 -0.05896617    0.03911871 -0.04077029   -0.03911871  0.04077029
  0.03911871 -0.04077029   -0.20299669 -0.05896617   -0.03911871  0.04077029
 -0.03911871  0.04077029   -0.03911871  0.04077029   -0.20299669 -0.05896617
    2    2
  0.27282241  0.00000000    0.01182689  0.00000000   -0.01182689  0.00000000
  0.01182689  0.00000000    0.27282241  0.00000000   -0.01182689  0.00000000
 -0.01182689  0.00000000   -0.01182689  0.00000000    0.27282241  0.00000000

     Diagonalizing the dynamical matrix

     q = (   -0.250000000   0.250000000  -0.250000000 ) 

 **************************************************************************
     freq (    1) =       2.773760 [THz] =      92.522688 [cm-1]
 (  0.194169 -0.022533  0.567257  0.005506  0.373087  0.028039 ) 
 (  0.191935 -0.037021  0.566074 -0.037021  0.374139  0.000000 ) 
     freq (    2) =       2.773760 [THz] =      92.522688 [cm-1]
 ( -0.543175 -0.009233 -0.104692  0.023721  0.438483  0.032954 ) 
 ( -0.542339  0.031500 -0.102620  0.031500  0.439719  0.000000 ) 
     freq (    3) =       6.775309 [THz] =     225.999975 [cm-1]
 ( -0.271061 -0.305275  0.271061  0.305275 -0.271061 -0.305275 ) 
 ( -0.408248  0.000000  0.408248  0.000000 -0.408248  0.000000 ) 
     freq (    4) =      14.310577 [THz] =     477.349482 [cm-1]
 ( -0.271061 -0.305275  0.271061  0.305275 -0.271061 -0.305275 ) 
 (  0.408248  0.000000 -0.408248  0.000000  0.408248  0.000000 ) 
     freq (    5) =      14.594573 [THz] =     486.822563 [cm-1]
 ( -0.158537 -0.093625  0.394596 -0.052055  0.553133  0.041570 ) 
 (  0.165108  0.081480 -0.389586  0.081480 -0.554693  0.000000 ) 
     freq (    6) =      14.594573 [THz] =     486.822563 [cm-1]
 ( -0.488650  0.246282 -0.328948  0.258284  0.159702  0.012002 ) 
 (  0.468819 -0.282210  0.308666 -0.282210 -0.160153  0.000000 ) 
 **************************************************************************
