Dynamical matrix file
                                                                           
  1    2  2 10.2840000  0.0000000  0.0000000  0.0000000  0.0000000  0.0000000
           1  'Si  '    25598.822984527003     
    1    1      0.0000000000      0.0000000000      0.0000000000
    2    1      0.2500000000      0.2500000000      0.2500000000

     Dynamical  Matrix in cartesian axes

     q = (    0.750000000  -0.250000000   0.750000000 ) 

    1    1
  0.25419619 -0.00000000   -0.00652079  0.00782098    0.00614753 -0.00000000
 -0.00652079 -0.00782098    0.30615584  0.00000000   -0.00652079 -0.00782098
  0.00614753 -0.00000000   -0.00652079  0.00782098    0.25419619 -0.00000000
    1    2
 -0.06225816  0.06343014   -0.04326243  0.04576702   -0.04366198 -0.14281955
 -0.04326243  0.04576702   -0.06055651  0.08190962   -0.04326243  0.04576702
 -0.04366198 -0.14281955   -0.04326243  0.04576702   -0.06225816  0.06343014
    2    1
 -0.06225816 -0.06343014   -0.04326243 -0.04576702   -0.04366198  0.14281955
 -0.04326243 -0.04576702   -0.06055651 -0.08190962   -0.04326243 -0.04576702
 -0.04366198  0.14281955   -0.04326243 -0.04576702   -0.06225816 -0.06343014
    2    2
  0.25419619  0.00000000   -0.00652079 -0.00782098    0.00614753  0.00000000
 -0.00652079  0.00782098    0.30615584 -0.00000000   -0.00652079  0.00782098
  0.00614753  0.00000000   -0.00652079 -0.00782098    0.25419619  0.00000000

     Dynamical  Matrix in cartesian axes

     q = (    0.750000000  -0.250000000  -0.750000000 ) 

    1    1
  0.25419619  0.00000000   -0.00652079 -0.00782098   -0.00614753 -0.00000000
 -0.00652079  0.00782098    0.30615584 -0.00000000    0.00652079 -0.00782098
 -0.00614753 -0.00000000    0.00652079  0.00782098    0.25419619  0.00000000
    1    2
 -0.06343014  0.06225816   -0.04576702  0.04326243   -0.14281955 -0.04366198
 -0.04576702  0.04326243   -0.08190962  0.06055651    0.04576702 -0.04326243
 -0.14281955 -0.04366198    0.04576702 -0.04326243   -0.06343014  0.06225816
    2    1
 -0.06343014 -0.06225816   -0.04576702 -0.04326243   -0.14281955  0.04366198
 -0.04576702 -0.04326243   -0.08190962 -0.06055651    0.04576702  0.04326243
 -0.14281955  0.04366198    0.04576702  0.04326243   -0.06343014 -0.06225816
    2    2
  0.25419619 -0.00000000   -0.00652079  0.00782098   -0.00614753  0.00000000
 -0.00652079 -0.00782098    0.30615584  0.00000000    0.00652079  0.00782098
 -0.00614753  0.00000000    0.00652079 -0.00782098    0.25419619 -0.00000000

     Dynamical  Matrix in cartesian axes

     q = (   -0.750000000  -0.250000000  -0.750000000 ) 

    1    1
  0.25419619 -0.00000000    0.00652079 -0.00782098    0.00614753 -0.00000000
  0.00652079  0.00782098    0.30615584  0.00000000    0.00652079  0.00782098
  0.00614753 -0.00000000    0.00652079 -0.00782098    0.25419619 -0.00000000
    1    2
  0.06343014  0.06225816   -0.04576702 -0.04326243   -0.14281955  0.04366198
 -0.04576702 -0.04326243    0.08190962  0.06055651   -0.04576702 -0.04326243
 -0.14281955  0.04366198   -0.04576702 -0.04326243    0.06343014  0.06225816
    2    1
  0.06343014 -0.06225816   -0.04576702  0.04326243   -0.14281955 -0.04366198
 -0.04576702  0.04326243    0.08190962 -0.06055651   -0.04576702  0.04326243
 -0.14281955 -0.04366198   -0.04576702  0.04326243    0.06343014 -0.06225816
    2    2
  0.25419619  0.00000000    0.00652079  0.00782098    0.00614753  0.00000000
  0.00652079 -0.00782098    0.30615584 -0.00000000    0.00652079 -0.00782098
  0.00614753  0.00000000    0.00652079  0.00782098    0.25419619  0.00000000

     Dynamical  Matrix in cartesian axes

     q = (   -0.750000000  -0.250000000   0.750000000 ) 

    1    1
  0.25419619  0.00000000    0.00652079  0.00782098   -0.00614753 -0.00000000
  0.00652079 -0.00782098    0.30615584  0.00000000   -0.00652079  0.00782098
 -0.00614753 -0.00000000   -0.00652079 -0.00782098    0.25419619  0.00000000
    1    2
 -0.06343014  0.06225816    0.04576702 -0.04326243   -0.14281955 -0.04366198
  0.04576702 -0.04326243   -0.08190962  0.06055651   -0.04576702  0.04326243
 -0.14281955 -0.04366198   -0.04576702  0.04326243   -0.06343014  0.06225816
    2    1
 -0.06343014 -0.06225816    0.04576702  0.04326243   -0.14281955  0.04366198
  0.04576702  0.04326243   -0.08190962 -0.06055651   -0.04576702 -0.04326243
 -0.14281955  0.04366198   -0.04576702 -0.04326243   -0.06343014 -0.06225816
    2    2
  0.25419619 -0.00000000    0.00652079 -0.00782098   -0.00614753  0.00000000
  0.00652079  0.00782098    0.30615584  0.00000000   -0.00652079 -0.00782098
 -0.00614753  0.00000000   -0.00652079  0.00782098    0.25419619 -0.00000000

     Dynamical  Matrix in cartesian axes

     q = (   -0.750000000   0.250000000  -0.750000000 ) 

    1    1
  0.25419619  0.00000000   -0.00652079 -0.00782098    0.00614753  0.00000000
 -0.00652079  0.00782098    0.30615584 -0.00000000   -0.00652079  0.00782098
  0.00614753  0.00000000   -0.00652079 -0.00782098    0.25419619  0.00000000
    1    2
 -0.06225816 -0.06343014   -0.04326243 -0.04576702   -0.04366198  0.14281955
 -0.04326243 -0.04576702   -0.06055651 -0.08190962   -0.04326243 -0.04576702
 -0.04366198  0.14281955   -0.04326243 -0.04576702   -0.06225816 -0.06343014
    2    1
 -0.06225816  0.06343014   -0.04326243  0.04576702   -0.04366198 -0.14281955
 -0.04326243  0.04576702   -0.06055651  0.08190962   -0.04326243  0.04576702
 -0.04366198 -0.14281955   -0.04326243  0.04576702   -0.06225816  0.06343014
    2    2
  0.25419619 -0.00000000   -0.00652079  0.00782098    0.00614753 -0.00000000
 -0.00652079 -0.00782098    0.30615584  0.00000000   -0.00652079 -0.00782098
  0.00614753 -0.00000000   -0.00652079  0.00782098    0.25419619 -0.00000000

     Dynamical  Matrix in cartesian axes

     q = (   -0.250000000   0.750000000  -0.750000000 ) 

    1    1
  0.30615584 -0.00000000   -0.00652079  0.00782098    0.00652079 -0.00782098
 -0.00652079 -0.00782098    0.25419619  0.00000000   -0.00614753 -0.00000000
  0.00652079  0.00782098   -0.00614753 -0.00000000    0.25419619  0.00000000
    1    2
 -0.08190962  0.06055651   -0.04576702  0.04326243    0.04576702 -0.04326243
 -0.04576702  0.04326243   -0.06343014  0.06225816   -0.14281955 -0.04366198
  0.04576702 -0.04326243   -0.14281955 -0.04366198   -0.06343014  0.06225816
    2    1
 -0.08190962 -0.06055651   -0.04576702 -0.04326243    0.04576702  0.04326243
 -0.04576702 -0.04326243   -0.06343014 -0.06225816   -0.14281955  0.04366198
  0.04576702  0.04326243   -0.14281955  0.04366198   -0.06343014 -0.06225816
    2    2
  0.30615584  0.00000000   -0.00652079 -0.00782098    0.00652079  0.00782098
 -0.00652079  0.00782098    0.25419619 -0.00000000   -0.00614753  0.00000000
  0.00652079 -0.00782098   -0.00614753  0.00000000    0.25419619 -0.00000000

     Dynamical  Matrix in cartesian axes

     q = (   -0.750000000   0.750000000  -0.250000000 ) 

    1    1
  0.25419619  0.00000000   -0.00614753 -0.00000000    0.00652079  0.00782098
 -0.00614753 -0.00000000    0.25419619  0.00000000   -0.00652079 -0.00782098
  0.00652079 -0.00782098   -0.00652079  0.00782098    0.30615584 -0.00000000
    1    2
 -0.06343014  0.06225816   -0.14281955 -0.04366198    0.04576702 -0.04326243
 -0.14281955 -0.04366198   -0.06343014  0.06225816   -0.04576702  0.04326243
  0.04576702 -0.04326243   -0.04576702  0.04326243   -0.08190962  0.06055651
    2    1
 -0.06343014 -0.06225816   -0.14281955  0.04366198    0.04576702  0.04326243
 -0.14281955  0.04366198   -0.06343014 -0.06225816   -0.04576702 -0.04326243
  0.04576702  0.04326243   -0.04576702 -0.04326243   -0.08190962 -0.06055651
    2    2
  0.25419619 -0.00000000   -0.00614753  0.00000000    0.00652079 -0.00782098
 -0.00614753  0.00000000    0.25419619 -0.00000000   -0.00652079  0.00782098
  0.00652079  0.00782098   -0.00652079 -0.00782098    0.30615584  0.00000000

     Dynamical  Matrix in cartesian axes

     q = (    0.750000000   0.250000000   0.750000000 ) 

    1    1
  0.25419619  0.00000000    0.00652079  0.00782098    0.00614753  0.00000000
  0.00652079 -0.00782098    0.30615584 -0.00000000    0.00652079 -0.00782098
  0.00614753  0.00000000    0.00652079  0.00782098    0.25419619  0.00000000
    1    2
  0.06343014 -0.06225816   -0.04576702  0.04326243   -0.14281955 -0.04366198
 -0.04576702  0.04326243    0.08190962 -0.06055651   -0.04576702  0.04326243
 -0.14281955 -0.04366198   -0.04576702  0.04326243    0.06343014 -0.06225816
    2    1
  0.06343014  0.06225816   -0.04576702 -0.04326243   -0.14281955  0.04366198
 -0.04576702 -0.04326243    0.08190962  0.06055651   -0.04576702 -0.04326243
 -0.14281955  0.04366198   -0.04576702 -0.04326243    0.06343014  0.06225816
    2    2
  0.25419619 -0.00000000    0.00652079 -0.00782098    0.00614753 -0.00000000
  0.00652079  0.00782098    0.30615584  0.00000000    0.00652079  0.00782098
  0.00614753 -0.00000000    0.00652079 -0.00782098    0.25419619 -0.00000000

     Dynamical  Matrix in cartesian axes

     q = (   -0.750000000   0.250000000   0.750000000 ) 

    1    1
  0.25419619 -0.00000000   -0.00652079  0.00782098   -0.00614753  0.00000000
 -0.00652079 -0.00782098    0.30615584  0.00000000    0.00652079  0.00782098
 -0.00614753  0.00000000    0.00652079 -0.00782098    0.25419619 -0.00000000
    1    2
 -0.06343014 -0.06225816   -0.04576702 -0.04326243   -0.14281955  0.04366198
 -0.04576702 -0.04326243   -0.08190962 -0.06055651    0.04576702  0.04326243
 -0.14281955  0.04366198    0.04576702  0.04326243   -0.06343014 -0.06225816
    2    1
 -0.06343014  0.06225816   -0.04576702  0.04326243   -0.14281955 -0.04366198
 -0.04576702  0.04326243   -0.08190962  0.06055651    0.04576702 -0.04326243
 -0.14281955 -0.04366198    0.04576702 -0.04326243   -0.06343014  0.06225816
    2    2
  0.25419619  0.00000000   -0.00652079 -0.00782098   -0.00614753 -0.00000000
 -0.00652079  0.00782098    0.30615584 -0.00000000    0.00652079 -0.00782098
 -0.00614753 -0.00000000    0.00652079  0.00782098    0.25419619  0.00000000

     Dynamical  Matrix in cartesian axes

     q = (    0.750000000   0.250000000  -0.750000000 ) 

    1    1
  0.25419619 -0.00000000    0.00652079 -0.00782098   -0.00614753  0.00000000
  0.00652079  0.00782098    0.30615584  0.00000000   -0.00652079 -0.00782098
 -0.00614753  0.00000000   -0.00652079  0.00782098    0.25419619 -0.00000000
    1    2
 -0.06343014 -0.06225816    0.04576702  0.04326243   -0.14281955  0.04366198
  0.04576702  0.04326243   -0.08190962 -0.06055651   -0.04576702 -0.04326243
 -0.14281955  0.04366198   -0.04576702 -0.04326243   -0.06343014 -0.06225816
    2    1
 -0.06343014  0.06225816    0.04576702 -0.04326243   -0.14281955 -0.04366198
  0.04576702 -0.04326243   -0.08190962  0.06055651   -0.04576702  0.04326243
 -0.14281955 -0.04366198   -0.04576702  0.04326243   -0.06343014  0.06225816
    2    2
  0.25419619  0.00000000    0.00652079  0.00782098   -0.00614753 -0.00000000
  0.00652079 -0.00782098    0.30615584  0.00000000   -0.00652079  0.00782098
 -0.00614753 -0.00000000   -0.00652079 -0.00782098    0.25419619  0.00000000

     Dynamical  Matrix in cartesian axes

     q = (   -0.750000000   0.750000000   0.250000000 ) 

    1    1
  0.25419619 -0.00000000   -0.00614753  0.00000000   -0.00652079  0.00782098
 -0.00614753  0.00000000    0.25419619 -0.00000000    0.00652079 -0.00782098
 -0.00652079 -0.00782098    0.00652079  0.00782098    0.30615584  0.00000000
    1    2
 -0.06343014 -0.06225816   -0.14281955  0.04366198   -0.04576702 -0.04326243
 -0.14281955  0.04366198   -0.06343014 -0.06225816    0.04576702  0.04326243
 -0.04576702 -0.04326243    0.04576702  0.04326243   -0.08190962 -0.06055651
    2    1
 -0.06343014  0.06225816   -0.14281955 -0.04366198   -0.04576702  0.04326243
 -0.14281955 -0.04366198   -0.06343014  0.06225816    0.04576702 -0.04326243
 -0.04576702  0.04326243    0.04576702 -0.04326243   -0.08190962  0.06055651
    2    2
  0.25419619  0.00000000   -0.00614753 -0.00000000   -0.00652079 -0.00782098
 -0.00614753 -0.00000000    0.25419619  0.00000000    0.00652079  0.00782098
 -0.00652079  0.00782098    0.00652079 -0.00782098    0.30615584 -0.00000000

     Dynamical  Matrix in cartesian axes

     q = (   -0.250000000   0.750000000   0.750000000 ) 

    1    1
  0.30615584  0.00000000   -0.00652079 -0.00782098   -0.00652079 -0.00782098
 -0.00652079  0.00782098    0.25419619 -0.00000000    0.00614753 -0.00000000
 -0.00652079  0.00782098    0.00614753  0.00000000    0.25419619 -0.00000000
    1    2
 -0.06055651  0.08190962   -0.04326243  0.04576702   -0.04326243  0.04576702
 -0.04326243  0.04576702   -0.06225816  0.06343014   -0.04366198 -0.14281955
 -0.04326243  0.04576702   -0.04366198 -0.14281955   -0.06225816  0.06343014
    2    1
 -0.06055651 -0.08190962   -0.04326243 -0.04576702   -0.04326243 -0.04576702
 -0.04326243 -0.04576702   -0.06225816 -0.06343014   -0.04366198  0.14281955
 -0.04326243 -0.04576702   -0.04366198  0.14281955   -0.06225816 -0.06343014
    2    2
  0.30615584 -0.00000000   -0.00652079  0.00782098   -0.00652079  0.00782098
 -0.00652079 -0.00782098    0.25419619  0.00000000    0.00614753  0.00000000
 -0.00652079 -0.00782098    0.00614753 -0.00000000    0.25419619  0.00000000

     Dynamical  Matrix in cartesian axes

     q = (    0.250000000   0.750000000  -0.750000000 ) 

    1    1
  0.30615584  0.00000000    0.00652079  0.00782098   -0.00652079 -0.00782098
  0.00652079 -0.00782098    0.25419619 -0.00000000   -0.00614753  0.00000000
 -0.00652079  0.00782098   -0.00614753  0.00000000    0.25419619 -0.00000000
    1    2
 -0.08190962 -0.06055651    0.04576702  0.04326243   -0.04576702 -0.04326243
  0.04576702  0.04326243   -0.06343014 -0.06225816   -0.14281955  0.04366198
 -0.04576702 -0.04326243   -0.14281955  0.04366198   -0.06343014 -0.06225816
    2    1
 -0.08190962  0.06055651    0.04576702 -0.04326243   -0.04576702  0.04326243
  0.04576702 -0.04326243   -0.06343014  0.06225816   -0.14281955 -0.04366198
 -0.04576702  0.04326243   -0.14281955 -0.04366198   -0.06343014  0.06225816
    2    2
  0.30615584 -0.00000000    0.00652079 -0.00782098   -0.00652079  0.00782098
  0.00652079  0.00782098    0.25419619  0.00000000   -0.00614753 -0.00000000
 -0.00652079 -0.00782098   -0.00614753 -0.00000000    0.25419619  0.00000000

     Dynamical  Matrix in cartesian axes

     q = (   -0.250000000  -0.750000000  -0.750000000 ) 

    1    1
  0.30615584  0.00000000    0.00652079  0.00782098    0.00652079  0.00782098
  0.00652079 -0.00782098    0.25419619 -0.00000000    0.00614753  0.00000000
  0.00652079 -0.00782098    0.00614753 -0.00000000    0.25419619 -0.00000000
    1    2
  0.08190962  0.06055651   -0.04576702 -0.04326243   -0.04576702 -0.04326243
 -0.04576702 -0.04326243    0.06343014  0.06225816   -0.14281955  0.04366198
 -0.04576702 -0.04326243   -0.14281955  0.04366198    0.06343014  0.06225816
    2    1
  0.08190962 -0.06055651   -0.04576702  0.04326243   -0.04576702  0.04326243
 -0.04576702  0.04326243    0.06343014 -0.06225816   -0.14281955 -0.04366198
 -0.04576702  0.04326243   -0.14281955 -0.04366198    0.06343014 -0.06225816
    2    2
  0.30615584 -0.00000000    0.00652079 -0.00782098    0.00652079 -0.00782098
  0.00652079  0.00782098    0.25419619  0.00000000    0.00614753 -0.00000000
  0.00652079  0.00782098    0.00614753  0.00000000    0.25419619  0.00000000

     Dynamical  Matrix in cartesian axes

     q = (    0.750000000   0.750000000  -0.250000000 ) 

    1    1
  0.25419619 -0.00000000    0.00614753 -0.00000000   -0.00652079  0.00782098
  0.00614753 -0.00000000    0.25419619 -0.00000000   -0.00652079  0.00782098
 -0.00652079 -0.00782098   -0.00652079 -0.00782098    0.30615584  0.00000000
    1    2
 -0.06225816  0.06343014   -0.04366198 -0.14281955   -0.04326243  0.04576702
 -0.04366198 -0.14281955   -0.06225816  0.06343014   -0.04326243  0.04576702
 -0.04326243  0.04576702   -0.04326243  0.04576702   -0.06055651  0.08190962
    2    1
 -0.06225816 -0.06343014   -0.04366198  0.14281955   -0.04326243 -0.04576702
 -0.04366198  0.14281955   -0.06225816 -0.06343014   -0.04326243 -0.04576702
 -0.04326243 -0.04576702   -0.04326243 -0.04576702   -0.06055651 -0.08190962
    2    2
  0.25419619  0.00000000    0.00614753  0.00000000   -0.00652079 -0.00782098
  0.00614753  0.00000000    0.25419619  0.00000000   -0.00652079 -0.00782098
 -0.00652079  0.00782098   -0.00652079  0.00782098    0.30615584 -0.00000000

     Dynamical  Matrix in cartesian axes

     q = (    0.750000000  -0.750000000   0.250000000 ) 

    1    1
  0.25419619 -0.00000000   -0.00614753  0.00000000    0.00652079 -0.00782098
 -0.00614753  0.00000000    0.25419619 -0.00000000   -0.00652079  0.00782098
  0.00652079  0.00782098   -0.00652079 -0.00782098    0.30615584  0.00000000
    1    2
 -0.06343014 -0.06225816   -0.14281955  0.04366198    0.04576702  0.04326243
 -0.14281955  0.04366198   -0.06343014 -0.06225816   -0.04576702 -0.04326243
  0.04576702  0.04326243   -0.04576702 -0.04326243   -0.08190962 -0.06055651
    2    1
 -0.06343014  0.06225816   -0.14281955 -0.04366198    0.04576702 -0.04326243
 -0.14281955 -0.04366198   -0.06343014  0.06225816   -0.04576702  0.04326243
  0.04576702 -0.04326243   -0.04576702  0.04326243   -0.08190962  0.06055651
    2    2
  0.25419619  0.00000000   -0.00614753 -0.00000000    0.00652079  0.00782098
 -0.00614753 -0.00000000    0.25419619  0.00000000   -0.00652079 -0.00782098
  0.00652079 -0.00782098   -0.00652079  0.00782098    0.30615584 -0.00000000

     Dynamical  Matrix in cartesian axes

     q = (   -0.750000000  -0.750000000  -0.250000000 ) 

    1    1
  0.25419619 -0.00000000    0.00614753 -0.00000000    0.00652079 -0.00782098
  0.00614753 -0.00000000    0.25419619 -0.00000000    0.00652079 -0.00782098
  0.00652079  0.00782098    0.00652079  0.00782098    0.30615584  0.00000000
    1    2
  0.06343014  0.06225816   -0.14281955  0.04366198   -0.04576702 -0.04326243
 -0.14281955  0.04366198    0.06343014  0.06225816   -0.04576702 -0.04326243
 -0.04576702 -0.04326243   -0.04576702 -0.04326243    0.08190962  0.06055651
    2    1
  0.06343014 -0.06225816   -0.14281955 -0.04366198   -0.04576702  0.04326243
 -0.14281955 -0.04366198    0.06343014 -0.06225816   -0.04576702  0.04326243
 -0.04576702  0.04326243   -0.04576702  0.04326243    0.08190962 -0.06055651
    2    2
  0.25419619  0.00000000    0.00614753  0.00000000    0.00652079  0.00782098
  0.00614753  0.00000000    0.25419619  0.00000000    0.00652079  0.00782098
  0.00652079 -0.00782098    0.00652079 -0.00782098    0.30615584 -0.00000000

     Dynamical  Matrix in cartesian axes

     q = (    0.250000000  -0.750000000   0.750000000 ) 

    1    1
  0.30615584  0.00000000   -0.00652079 -0.00782098    0.00652079  0.00782098
 -0.00652079  0.00782098    0.25419619 -0.00000000   -0.00614753  0.00000000
  0.00652079 -0.00782098   -0.00614753  0.00000000    0.25419619 -0.00000000
    1    2
 -0.08190962 -0.06055651   -0.04576702 -0.04326243    0.04576702  0.04326243
 -0.04576702 -0.04326243   -0.06343014 -0.06225816   -0.14281955  0.04366198
  0.04576702  0.04326243   -0.14281955  0.04366198   -0.06343014 -0.06225816
    2    1
 -0.08190962  0.06055651   -0.04576702  0.04326243    0.04576702 -0.04326243
 -0.04576702  0.04326243   -0.06343014  0.06225816   -0.14281955 -0.04366198
  0.04576702 -0.04326243   -0.14281955 -0.04366198   -0.06343014  0.06225816
    2    2
  0.30615584 -0.00000000   -0.00652079  0.00782098    0.00652079 -0.00782098
 -0.00652079 -0.00782098    0.25419619  0.00000000   -0.00614753 -0.00000000
  0.00652079  0.00782098   -0.00614753 -0.00000000    0.25419619  0.00000000

     Dynamical  Matrix in cartesian axes

     q = (   -0.750000000  -0.750000000   0.250000000 ) 

    1    1
  0.25419619  0.00000000    0.00614753  0.00000000   -0.00652079 -0.00782098
  0.00614753  0.00000000    0.25419619  0.00000000   -0.00652079 -0.00782098
 -0.00652079  0.00782098   -0.00652079  0.00782098    0.30615584 -0.00000000
    1    2
 -0.06225816 -0.06343014   -0.04366198  0.14281955   -0.04326243 -0.04576702
 -0.04366198  0.14281955   -0.06225816 -0.06343014   -0.04326243 -0.04576702
 -0.04326243 -0.04576702   -0.04326243 -0.04576702   -0.06055651 -0.08190962
    2    1
 -0.06225816  0.06343014   -0.04366198 -0.14281955   -0.04326243  0.04576702
 -0.04366198 -0.14281955   -0.06225816  0.06343014   -0.04326243  0.04576702
 -0.04326243  0.04576702   -0.04326243  0.04576702   -0.06055651  0.08190962
    2    2
  0.25419619 -0.00000000    0.00614753 -0.00000000   -0.00652079  0.00782098
  0.00614753 -0.00000000    0.25419619 -0.00000000   -0.00652079  0.00782098
 -0.00652079 -0.00782098   -0.00652079 -0.00782098    0.30615584  0.00000000

     Dynamical  Matrix in cartesian axes

     q = (    0.250000000   0.750000000   0.750000000 ) 

    1    1
  0.30615584 -0.00000000    0.00652079 -0.00782098    0.00652079 -0.00782098
  0.00652079  0.00782098    0.25419619  0.00000000    0.00614753 -0.00000000
  0.00652079  0.00782098    0.00614753  0.00000000    0.25419619  0.00000000
    1    2
  0.08190962 -0.06055651   -0.04576702  0.04326243   -0.04576702  0.04326243
 -0.04576702  0.04326243    0.06343014 -0.06225816   -0.14281955 -0.04366198
 -0.04576702  0.04326243   -0.14281955 -0.04366198    0.06343014 -0.06225816
    2    1
  0.08190962  0.06055651   -0.04576702 -0.04326243   -0.04576702 -0.04326243
 -0.04576702 -0.04326243    0.06343014  0.06225816   -0.14281955  0.04366198
 -0.04576702 -0.04326243   -0.14281955  0.04366198    0.06343014  0.06225816
    2    2
  0.30615584  0.00000000    0.00652079  0.00782098    0.00652079  0.00782098
  0.00652079 -0.00782098    0.25419619 -0.00000000    0.00614753  0.00000000
  0.00652079 -0.00782098    0.00614753 -0.00000000    0.25419619 -0.00000000

     Dynamical  Matrix in cartesian axes

     q = (   -0.250000000  -0.750000000   0.750000000 ) 

    1    1
  0.30615584 -0.00000000    0.00652079 -0.00782098   -0.00652079  0.00782098
  0.00652079  0.00782098    0.25419619  0.00000000   -0.00614753 -0.00000000
 -0.00652079 -0.00782098   -0.00614753 -0.00000000    0.25419619  0.00000000
    1    2
 -0.08190962  0.06055651    0.04576702 -0.04326243   -0.04576702  0.04326243
  0.04576702 -0.04326243   -0.06343014  0.06225816   -0.14281955 -0.04366198
 -0.04576702  0.04326243   -0.14281955 -0.04366198   -0.06343014  0.06225816
    2    1
 -0.08190962 -0.06055651    0.04576702  0.04326243   -0.04576702 -0.04326243
  0.04576702  0.04326243   -0.06343014 -0.06225816   -0.14281955  0.04366198
 -0.04576702 -0.04326243   -0.14281955  0.04366198   -0.06343014 -0.06225816
    2    2
  0.30615584  0.00000000    0.00652079  0.00782098   -0.00652079 -0.00782098
  0.00652079 -0.00782098    0.25419619 -0.00000000   -0.00614753  0.00000000
 -0.00652079  0.00782098   -0.00614753  0.00000000    0.25419619 -0.00000000

     Dynamical  Matrix in cartesian axes

     q = (    0.750000000   0.750000000   0.250000000 ) 

    1    1
  0.25419619  0.00000000    0.00614753  0.00000000    0.00652079  0.00782098
  0.00614753  0.00000000    0.25419619  0.00000000    0.00652079  0.00782098
  0.00652079 -0.00782098    0.00652079 -0.00782098    0.30615584 -0.00000000
    1    2
  0.06343014 -0.06225816   -0.14281955 -0.04366198   -0.04576702  0.04326243
 -0.14281955 -0.04366198    0.06343014 -0.06225816   -0.04576702  0.04326243
 -0.04576702  0.04326243   -0.04576702  0.04326243    0.08190962 -0.06055651
    2    1
  0.06343014  0.06225816   -0.14281955  0.04366198   -0.04576702 -0.04326243
 -0.14281955  0.04366198    0.06343014  0.06225816   -0.04576702 -0.04326243
 -0.04576702 -0.04326243   -0.04576702 -0.04326243    0.08190962  0.06055651
    2    2
  0.25419619 -0.00000000    0.00614753 -0.00000000    0.00652079 -0.00782098
  0.00614753 -0.00000000    0.25419619 -0.00000000    0.00652079 -0.00782098
  0.00652079  0.00782098    0.00652079  0.00782098    0.30615584  0.00000000

     Dynamical  Matrix in cartesian axes

     q = (    0.250000000  -0.750000000  -0.750000000 ) 

    1    1
  0.30615584 -0.00000000   -0.00652079  0.00782098   -0.00652079  0.00782098
 -0.00652079 -0.00782098    0.25419619  0.00000000    0.00614753  0.00000000
 -0.00652079 -0.00782098    0.00614753 -0.00000000    0.25419619  0.00000000
    1    2
 -0.06055651 -0.08190962   -0.04326243 -0.04576702   -0.04326243 -0.04576702
 -0.04326243 -0.04576702   -0.06225816 -0.06343014   -0.04366198  0.14281955
 -0.04326243 -0.04576702   -0.04366198  0.14281955   -0.06225816 -0.06343014
    2    1
 -0.06055651  0.08190962   -0.04326243  0.04576702   -0.04326243  0.04576702
 -0.04326243  0.04576702   -0.06225816  0.06343014   -0.04366198 -0.14281955
 -0.04326243  0.04576702   -0.04366198 -0.14281955   -0.06225816  0.06343014
    2    2
  0.30615584  0.00000000   -0.00652079 -0.00782098   -0.00652079 -0.00782098
 -0.00652079  0.00782098    0.25419619 -0.00000000    0.00614753 -0.00000000
 -0.00652079  0.00782098    0.00614753  0.00000000    0.25419619 -0.00000000

     Dynamical  Matrix in cartesian axes

     q = (    0.750000000  -0.750000000  -0.250000000 ) 

    1    1
  0.25419619  0.00000000   -0.00614753 -0.00000000   -0.00652079 -0.00782098
 -0.00614753 -0.00000000    0.25419619  0.00000000    0.00652079  0.00782098
 -0.00652079  0.00782098    0.00652079 -0.00782098    0.30615584 -0.00000000
    1    2
 -0.06343014  0.06225816   -0.14281955 -0.04366198   -0.04576702  0.04326243
 -0.14281955 -0.04366198   -0.06343014  0.06225816    0.04576702 -0.04326243
 -0.04576702  0.04326243    0.04576702 -0.04326243   -0.08190962  0.06055651
    2    1
 -0.06343014 -0.06225816   -0.14281955  0.04366198   -0.04576702 -0.04326243
 -0.14281955  0.04366198   -0.06343014 -0.06225816    0.04576702  0.04326243
 -0.04576702 -0.04326243    0.04576702  0.04326243   -0.08190962 -0.06055651
    2    2
  0.25419619 -0.00000000   -0.00614753  0.00000000   -0.00652079  0.00782098
 -0.00614753  0.00000000    0.25419619 -0.00000000    0.00652079 -0.00782098
 -0.00652079 -0.00782098    0.00652079  0.00782098    0.30615584  0.00000000

     Diagonalizing the dynamical matrix

     q = (    0.750000000  -0.250000000   0.750000000 ) 

 **************************************************************************
     freq (    1) =       4.161570 [THz] =     138.815048 [cm-1]
 (  0.044900 -0.497980  0.000000 -0.000000 -0.044900  0.497980 ) 
 (  0.500000 -0.000000  0.000000  0.000000 -0.500000  0.000000 ) 
     freq (    2) =       5.859489 [THz] =     195.451514 [cm-1]
 ( -0.388288 -0.169647 -0.342787  0.152978 -0.388288 -0.169647 ) 
 ( -0.423730  0.000000 -0.252868 -0.277422 -0.423730  0.000000 ) 
     freq (    3) =       9.490667 [THz] =     316.574566 [cm-1]
 (  0.124412 -0.283708  0.370936  0.412879  0.124412 -0.283708 ) 
 ( -0.309788 -0.000000  0.229151  0.505522 -0.309788  0.000000 ) 
     freq (    4) =      12.295277 [THz] =     410.126286 [cm-1]
 (  0.063029  0.316475 -0.400501 -0.362411  0.063029  0.316475 ) 
 ( -0.322690 -0.000000  0.433658  0.321999 -0.322690  0.000000 ) 
     freq (    5) =      13.871875 [THz] =     462.715929 [cm-1]
 (  0.044900 -0.497980  0.000000  0.000000 -0.044900  0.497980 ) 
 ( -0.500000 -0.000000 -0.000000 -0.000000  0.500000  0.000000 ) 
     freq (    6) =      14.263465 [THz] =     475.777965 [cm-1]
 ( -0.304532 -0.166178 -0.459974  0.218435 -0.304532 -0.166178 ) 
 (  0.346922  0.000000  0.299138  0.412075  0.346922 -0.000000 ) 
 **************************************************************************
