Dynamical matrix file
                                                                           
  1    2  2 10.3620000  0.0000000  0.0000000  0.0000000  0.0000000  0.0000000
           1  'Si  '    25598.822984527003     
    1    1      0.0000000000      0.0000000000      0.0000000000
    2    1      0.2500000000      0.2500000000      0.2500000000

     Dynamical  Matrix in cartesian axes

     q = (    0.750000000  -0.250000000   0.750000000 ) 

    1    1
  0.24103153  0.00000000   -0.00616557  0.00758362    0.00567960  0.00000000
 -0.00616557 -0.00758362    0.29185568  0.00000000   -0.00616557 -0.00758362
  0.00567960  0.00000000   -0.00616557  0.00758362    0.24103153  0.00000000
    1    2
 -0.05924923  0.06033240   -0.03944040  0.04176391   -0.03977877 -0.13065895
 -0.03944040  0.04176391   -0.05768327  0.07877496   -0.03944040  0.04176391
 -0.03977877 -0.13065895   -0.03944040  0.04176391   -0.05924923  0.06033240
    2    1
 -0.05924923 -0.06033240   -0.03944040 -0.04176391   -0.03977877  0.13065895
 -0.03944040 -0.04176391   -0.05768327 -0.07877496   -0.03944040 -0.04176391
 -0.03977877  0.13065895   -0.03944040 -0.04176391   -0.05924923 -0.06033240
    2    2
  0.24103153  0.00000000   -0.00616557 -0.00758362    0.00567960  0.00000000
 -0.00616557  0.00758362    0.29185568  0.00000000   -0.00616557  0.00758362
  0.00567960  0.00000000   -0.00616557 -0.00758362    0.24103153  0.00000000

     Dynamical  Matrix in cartesian axes

     q = (    0.750000000  -0.250000000  -0.750000000 ) 

    1    1
  0.24103153  0.00000000   -0.00616557 -0.00758362   -0.00567960  0.00000000
 -0.00616557  0.00758362    0.29185568  0.00000000    0.00616557 -0.00758362
 -0.00567960  0.00000000    0.00616557  0.00758362    0.24103153  0.00000000
    1    2
 -0.06033240  0.05924923   -0.04176391  0.03944040   -0.13065895 -0.03977877
 -0.04176391  0.03944040   -0.07877496  0.05768327    0.04176391 -0.03944040
 -0.13065895 -0.03977877    0.04176391 -0.03944040   -0.06033240  0.05924923
    2    1
 -0.06033240 -0.05924923   -0.04176391 -0.03944040   -0.13065895  0.03977877
 -0.04176391 -0.03944040   -0.07877496 -0.05768327    0.04176391  0.03944040
 -0.13065895  0.03977877    0.04176391  0.03944040   -0.06033240 -0.05924923
    2    2
  0.24103153  0.00000000   -0.00616557  0.00758362   -0.00567960  0.00000000
 -0.00616557 -0.00758362    0.29185568  0.00000000    0.00616557  0.00758362
 -0.00567960  0.00000000    0.00616557 -0.00758362    0.24103153  0.00000000

     Dynamical  Matrix in cartesian axes

     q = (   -0.750000000  -0.250000000  -0.750000000 ) 

    1    1
  0.24103153  0.00000000    0.00616557 -0.00758362    0.00567960  0.00000000
  0.00616557  0.00758362    0.29185568  0.00000000    0.00616557  0.00758362
  0.00567960  0.00000000    0.00616557 -0.00758362    0.24103153  0.00000000
    1    2
  0.06033240  0.05924923   -0.04176391 -0.03944040   -0.13065895  0.03977877
 -0.04176391 -0.03944040    0.07877496  0.05768327   -0.04176391 -0.03944040
 -0.13065895  0.03977877   -0.04176391 -0.03944040    0.06033240  0.05924923
    2    1
  0.06033240 -0.05924923   -0.04176391  0.03944040   -0.13065895 -0.03977877
 -0.04176391  0.03944040    0.07877496 -0.05768327   -0.04176391  0.03944040
 -0.13065895 -0.03977877   -0.04176391  0.03944040    0.06033240 -0.05924923
    2    2
  0.24103153  0.00000000    0.00616557  0.00758362    0.00567960  0.00000000
  0.00616557 -0.00758362    0.29185568  0.00000000    0.00616557 -0.00758362
  0.00567960  0.00000000    0.00616557  0.00758362    0.24103153  0.00000000

     Dynamical  Matrix in cartesian axes

     q = (   -0.750000000  -0.250000000   0.750000000 ) 

    1    1
  0.24103153  0.00000000    0.00616557  0.00758362   -0.00567960  0.00000000
  0.00616557 -0.00758362    0.29185568  0.00000000   -0.00616557  0.00758362
 -0.00567960  0.00000000   -0.00616557 -0.00758362    0.24103153  0.00000000
    1    2
 -0.06033240  0.05924923    0.04176391 -0.03944040   -0.13065895 -0.03977877
  0.04176391 -0.03944040   -0.07877496  0.05768327   -0.04176391  0.03944040
 -0.13065895 -0.03977877   -0.04176391  0.03944040   -0.06033240  0.05924923
    2    1
 -0.06033240 -0.05924923    0.04176391  0.03944040   -0.13065895  0.03977877
  0.04176391  0.03944040   -0.07877496 -0.05768327   -0.04176391 -0.03944040
 -0.13065895  0.03977877   -0.04176391 -0.03944040   -0.06033240 -0.05924923
    2    2
  0.24103153  0.00000000    0.00616557 -0.00758362   -0.00567960  0.00000000
  0.00616557  0.00758362    0.29185568  0.00000000   -0.00616557 -0.00758362
 -0.00567960  0.00000000   -0.00616557  0.00758362    0.24103153  0.00000000

     Dynamical  Matrix in cartesian axes

     q = (   -0.750000000   0.250000000  -0.750000000 ) 

    1    1
  0.24103153  0.00000000   -0.00616557 -0.00758362    0.00567960  0.00000000
 -0.00616557  0.00758362    0.29185568  0.00000000   -0.00616557  0.00758362
  0.00567960  0.00000000   -0.00616557 -0.00758362    0.24103153  0.00000000
    1    2
 -0.05924923 -0.06033240   -0.03944040 -0.04176391   -0.03977877  0.13065895
 -0.03944040 -0.04176391   -0.05768327 -0.07877496   -0.03944040 -0.04176391
 -0.03977877  0.13065895   -0.03944040 -0.04176391   -0.05924923 -0.06033240
    2    1
 -0.05924923  0.06033240   -0.03944040  0.04176391   -0.03977877 -0.13065895
 -0.03944040  0.04176391   -0.05768327  0.07877496   -0.03944040  0.04176391
 -0.03977877 -0.13065895   -0.03944040  0.04176391   -0.05924923  0.06033240
    2    2
  0.24103153  0.00000000   -0.00616557  0.00758362    0.00567960  0.00000000
 -0.00616557 -0.00758362    0.29185568  0.00000000   -0.00616557 -0.00758362
  0.00567960  0.00000000   -0.00616557  0.00758362    0.24103153  0.00000000

     Dynamical  Matrix in cartesian axes

     q = (   -0.250000000   0.750000000  -0.750000000 ) 

    1    1
  0.29185568  0.00000000   -0.00616557  0.00758362    0.00616557 -0.00758362
 -0.00616557 -0.00758362    0.24103153  0.00000000   -0.00567960  0.00000000
  0.00616557  0.00758362   -0.00567960  0.00000000    0.24103153  0.00000000
    1    2
 -0.07877496  0.05768327   -0.04176391  0.03944040    0.04176391 -0.03944040
 -0.04176391  0.03944040   -0.06033240  0.05924923   -0.13065895 -0.03977877
  0.04176391 -0.03944040   -0.13065895 -0.03977877   -0.06033240  0.05924923
    2    1
 -0.07877496 -0.05768327   -0.04176391 -0.03944040    0.04176391  0.03944040
 -0.04176391 -0.03944040   -0.06033240 -0.05924923   -0.13065895  0.03977877
  0.04176391  0.03944040   -0.13065895  0.03977877   -0.06033240 -0.05924923
    2    2
  0.29185568  0.00000000   -0.00616557 -0.00758362    0.00616557  0.00758362
 -0.00616557  0.00758362    0.24103153  0.00000000   -0.00567960  0.00000000
  0.00616557 -0.00758362   -0.00567960  0.00000000    0.24103153  0.00000000

     Dynamical  Matrix in cartesian axes

     q = (   -0.750000000   0.750000000  -0.250000000 ) 

    1    1
  0.24103153  0.00000000   -0.00567960  0.00000000    0.00616557  0.00758362
 -0.00567960  0.00000000    0.24103153  0.00000000   -0.00616557 -0.00758362
  0.00616557 -0.00758362   -0.00616557  0.00758362    0.29185568  0.00000000
    1    2
 -0.06033240  0.05924923   -0.13065895 -0.03977877    0.04176391 -0.03944040
 -0.13065895 -0.03977877   -0.06033240  0.05924923   -0.04176391  0.03944040
  0.04176391 -0.03944040   -0.04176391  0.03944040   -0.07877496  0.05768327
    2    1
 -0.06033240 -0.05924923   -0.13065895  0.03977877    0.04176391  0.03944040
 -0.13065895  0.03977877   -0.06033240 -0.05924923   -0.04176391 -0.03944040
  0.04176391  0.03944040   -0.04176391 -0.03944040   -0.07877496 -0.05768327
    2    2
  0.24103153  0.00000000   -0.00567960  0.00000000    0.00616557 -0.00758362
 -0.00567960  0.00000000    0.24103153  0.00000000   -0.00616557  0.00758362
  0.00616557  0.00758362   -0.00616557 -0.00758362    0.29185568  0.00000000

     Dynamical  Matrix in cartesian axes

     q = (    0.750000000   0.250000000   0.750000000 ) 

    1    1
  0.24103153  0.00000000    0.00616557  0.00758362    0.00567960  0.00000000
  0.00616557 -0.00758362    0.29185568  0.00000000    0.00616557 -0.00758362
  0.00567960  0.00000000    0.00616557  0.00758362    0.24103153  0.00000000
    1    2
  0.06033240 -0.05924923   -0.04176391  0.03944040   -0.13065895 -0.03977877
 -0.04176391  0.03944040    0.07877496 -0.05768327   -0.04176391  0.03944040
 -0.13065895 -0.03977877   -0.04176391  0.03944040    0.06033240 -0.05924923
    2    1
  0.06033240  0.05924923   -0.04176391 -0.03944040   -0.13065895  0.03977877
 -0.04176391 -0.03944040    0.07877496  0.05768327   -0.04176391 -0.03944040
 -0.13065895  0.03977877   -0.04176391 -0.03944040    0.06033240  0.05924923
    2    2
  0.24103153  0.00000000    0.00616557 -0.00758362    0.00567960  0.00000000
  0.00616557  0.00758362    0.29185568  0.00000000    0.00616557  0.00758362
  0.00567960  0.00000000    0.00616557 -0.00758362    0.24103153  0.00000000

     Dynamical  Matrix in cartesian axes

     q = (   -0.750000000   0.250000000   0.750000000 ) 

    1    1
  0.24103153  0.00000000   -0.00616557  0.00758362   -0.00567960  0.00000000
 -0.00616557 -0.00758362    0.29185568  0.00000000    0.00616557  0.00758362
 -0.00567960  0.00000000    0.00616557 -0.00758362    0.24103153  0.00000000
    1    2
 -0.06033240 -0.05924923   -0.04176391 -0.03944040   -0.13065895  0.03977877
 -0.04176391 -0.03944040   -0.07877496 -0.05768327    0.04176391  0.03944040
 -0.13065895  0.03977877    0.04176391  0.03944040   -0.06033240 -0.05924923
    2    1
 -0.06033240  0.05924923   -0.04176391  0.03944040   -0.13065895 -0.03977877
 -0.04176391  0.03944040   -0.07877496  0.05768327    0.04176391 -0.03944040
 -0.13065895 -0.03977877    0.04176391 -0.03944040   -0.06033240  0.05924923
    2    2
  0.24103153  0.00000000   -0.00616557 -0.00758362   -0.00567960  0.00000000
 -0.00616557  0.00758362    0.29185568  0.00000000    0.00616557 -0.00758362
 -0.00567960  0.00000000    0.00616557  0.00758362    0.24103153  0.00000000

     Dynamical  Matrix in cartesian axes

     q = (    0.750000000   0.250000000  -0.750000000 ) 

    1    1
  0.24103153  0.00000000    0.00616557 -0.00758362   -0.00567960  0.00000000
  0.00616557  0.00758362    0.29185568  0.00000000   -0.00616557 -0.00758362
 -0.00567960  0.00000000   -0.00616557  0.00758362    0.24103153  0.00000000
    1    2
 -0.06033240 -0.05924923    0.04176391  0.03944040   -0.13065895  0.03977877
  0.04176391  0.03944040   -0.07877496 -0.05768327   -0.04176391 -0.03944040
 -0.13065895  0.03977877   -0.04176391 -0.03944040   -0.06033240 -0.05924923
    2    1
 -0.06033240  0.05924923    0.04176391 -0.03944040   -0.13065895 -0.03977877
  0.04176391 -0.03944040   -0.07877496  0.05768327   -0.04176391  0.03944040
 -0.13065895 -0.03977877   -0.04176391  0.03944040   -0.06033240  0.05924923
    2    2
  0.24103153  0.00000000    0.00616557  0.00758362   -0.00567960  0.00000000
  0.00616557 -0.00758362    0.29185568  0.00000000   -0.00616557  0.00758362
 -0.00567960  0.00000000   -0.00616557 -0.00758362    0.24103153  0.00000000

     Dynamical  Matrix in cartesian axes

     q = (   -0.750000000   0.750000000   0.250000000 ) 

    1    1
  0.24103153  0.00000000   -0.00567960  0.00000000   -0.00616557  0.00758362
 -0.00567960  0.00000000    0.24103153  0.00000000    0.00616557 -0.00758362
 -0.00616557 -0.00758362    0.00616557  0.00758362    0.29185568  0.00000000
    1    2
 -0.06033240 -0.05924923   -0.13065895  0.03977877   -0.04176391 -0.03944040
 -0.13065895  0.03977877   -0.06033240 -0.05924923    0.04176391  0.03944040
 -0.04176391 -0.03944040    0.04176391  0.03944040   -0.07877496 -0.05768327
    2    1
 -0.06033240  0.05924923   -0.13065895 -0.03977877   -0.04176391  0.03944040
 -0.13065895 -0.03977877   -0.06033240  0.05924923    0.04176391 -0.03944040
 -0.04176391  0.03944040    0.04176391 -0.03944040   -0.07877496  0.05768327
    2    2
  0.24103153  0.00000000   -0.00567960  0.00000000   -0.00616557 -0.00758362
 -0.00567960  0.00000000    0.24103153  0.00000000    0.00616557  0.00758362
 -0.00616557  0.00758362    0.00616557 -0.00758362    0.29185568  0.00000000

     Dynamical  Matrix in cartesian axes

     q = (   -0.250000000   0.750000000   0.750000000 ) 

    1    1
  0.29185568  0.00000000   -0.00616557 -0.00758362   -0.00616557 -0.00758362
 -0.00616557  0.00758362    0.24103153  0.00000000    0.00567960  0.00000000
 -0.00616557  0.00758362    0.00567960  0.00000000    0.24103153  0.00000000
    1    2
 -0.05768327  0.07877496   -0.03944040  0.04176391   -0.03944040  0.04176391
 -0.03944040  0.04176391   -0.05924923  0.06033240   -0.03977877 -0.13065895
 -0.03944040  0.04176391   -0.03977877 -0.13065895   -0.05924923  0.06033240
    2    1
 -0.05768327 -0.07877496   -0.03944040 -0.04176391   -0.03944040 -0.04176391
 -0.03944040 -0.04176391   -0.05924923 -0.06033240   -0.03977877  0.13065895
 -0.03944040 -0.04176391   -0.03977877  0.13065895   -0.05924923 -0.06033240
    2    2
  0.29185568  0.00000000   -0.00616557  0.00758362   -0.00616557  0.00758362
 -0.00616557 -0.00758362    0.24103153  0.00000000    0.00567960  0.00000000
 -0.00616557 -0.00758362    0.00567960  0.00000000    0.24103153  0.00000000

     Dynamical  Matrix in cartesian axes

     q = (    0.250000000   0.750000000  -0.750000000 ) 

    1    1
  0.29185568  0.00000000    0.00616557  0.00758362   -0.00616557 -0.00758362
  0.00616557 -0.00758362    0.24103153  0.00000000   -0.00567960  0.00000000
 -0.00616557  0.00758362   -0.00567960  0.00000000    0.24103153  0.00000000
    1    2
 -0.07877496 -0.05768327    0.04176391  0.03944040   -0.04176391 -0.03944040
  0.04176391  0.03944040   -0.06033240 -0.05924923   -0.13065895  0.03977877
 -0.04176391 -0.03944040   -0.13065895  0.03977877   -0.06033240 -0.05924923
    2    1
 -0.07877496  0.05768327    0.04176391 -0.03944040   -0.04176391  0.03944040
  0.04176391 -0.03944040   -0.06033240  0.05924923   -0.13065895 -0.03977877
 -0.04176391  0.03944040   -0.13065895 -0.03977877   -0.06033240  0.05924923
    2    2
  0.29185568  0.00000000    0.00616557 -0.00758362   -0.00616557  0.00758362
  0.00616557  0.00758362    0.24103153  0.00000000   -0.00567960  0.00000000
 -0.00616557 -0.00758362   -0.00567960  0.00000000    0.24103153  0.00000000

     Dynamical  Matrix in cartesian axes

     q = (   -0.250000000  -0.750000000  -0.750000000 ) 

    1    1
  0.29185568  0.00000000    0.00616557  0.00758362    0.00616557  0.00758362
  0.00616557 -0.00758362    0.24103153  0.00000000    0.00567960  0.00000000
  0.00616557 -0.00758362    0.00567960  0.00000000    0.24103153  0.00000000
    1    2
  0.07877496  0.05768327   -0.04176391 -0.03944040   -0.04176391 -0.03944040
 -0.04176391 -0.03944040    0.06033240  0.05924923   -0.13065895  0.03977877
 -0.04176391 -0.03944040   -0.13065895  0.03977877    0.06033240  0.05924923
    2    1
  0.07877496 -0.05768327   -0.04176391  0.03944040   -0.04176391  0.03944040
 -0.04176391  0.03944040    0.06033240 -0.05924923   -0.13065895 -0.03977877
 -0.04176391  0.03944040   -0.13065895 -0.03977877    0.06033240 -0.05924923
    2    2
  0.29185568  0.00000000    0.00616557 -0.00758362    0.00616557 -0.00758362
  0.00616557  0.00758362    0.24103153  0.00000000    0.00567960  0.00000000
  0.00616557  0.00758362    0.00567960  0.00000000    0.24103153  0.00000000

     Dynamical  Matrix in cartesian axes

     q = (    0.750000000   0.750000000  -0.250000000 ) 

    1    1
  0.24103153  0.00000000    0.00567960  0.00000000   -0.00616557  0.00758362
  0.00567960  0.00000000    0.24103153  0.00000000   -0.00616557  0.00758362
 -0.00616557 -0.00758362   -0.00616557 -0.00758362    0.29185568  0.00000000
    1    2
 -0.05924923  0.06033240   -0.03977877 -0.13065895   -0.03944040  0.04176391
 -0.03977877 -0.13065895   -0.05924923  0.06033240   -0.03944040  0.04176391
 -0.03944040  0.04176391   -0.03944040  0.04176391   -0.05768327  0.07877496
    2    1
 -0.05924923 -0.06033240   -0.03977877  0.13065895   -0.03944040 -0.04176391
 -0.03977877  0.13065895   -0.05924923 -0.06033240   -0.03944040 -0.04176391
 -0.03944040 -0.04176391   -0.03944040 -0.04176391   -0.05768327 -0.07877496
    2    2
  0.24103153  0.00000000    0.00567960  0.00000000   -0.00616557 -0.00758362
  0.00567960  0.00000000    0.24103153  0.00000000   -0.00616557 -0.00758362
 -0.00616557  0.00758362   -0.00616557  0.00758362    0.29185568  0.00000000

     Dynamical  Matrix in cartesian axes

     q = (    0.750000000  -0.750000000   0.250000000 ) 

    1    1
  0.24103153  0.00000000   -0.00567960  0.00000000    0.00616557 -0.00758362
 -0.00567960  0.00000000    0.24103153  0.00000000   -0.00616557  0.00758362
  0.00616557  0.00758362   -0.00616557 -0.00758362    0.29185568  0.00000000
    1    2
 -0.06033240 -0.05924923   -0.13065895  0.03977877    0.04176391  0.03944040
 -0.13065895  0.03977877   -0.06033240 -0.05924923   -0.04176391 -0.03944040
  0.04176391  0.03944040   -0.04176391 -0.03944040   -0.07877496 -0.05768327
    2    1
 -0.06033240  0.05924923   -0.13065895 -0.03977877    0.04176391 -0.03944040
 -0.13065895 -0.03977877   -0.06033240  0.05924923   -0.04176391  0.03944040
  0.04176391 -0.03944040   -0.04176391  0.03944040   -0.07877496  0.05768327
    2    2
  0.24103153  0.00000000   -0.00567960  0.00000000    0.00616557  0.00758362
 -0.00567960  0.00000000    0.24103153  0.00000000   -0.00616557 -0.00758362
  0.00616557 -0.00758362   -0.00616557  0.00758362    0.29185568  0.00000000

     Dynamical  Matrix in cartesian axes

     q = (   -0.750000000  -0.750000000  -0.250000000 ) 

    1    1
  0.24103153  0.00000000    0.00567960  0.00000000    0.00616557 -0.00758362
  0.00567960  0.00000000    0.24103153  0.00000000    0.00616557 -0.00758362
  0.00616557  0.00758362    0.00616557  0.00758362    0.29185568  0.00000000
    1    2
  0.06033240  0.05924923   -0.13065895  0.03977877   -0.04176391 -0.03944040
 -0.13065895  0.03977877    0.06033240  0.05924923   -0.04176391 -0.03944040
 -0.04176391 -0.03944040   -0.04176391 -0.03944040    0.07877496  0.05768327
    2    1
  0.06033240 -0.05924923   -0.13065895 -0.03977877   -0.04176391  0.03944040
 -0.13065895 -0.03977877    0.06033240 -0.05924923   -0.04176391  0.03944040
 -0.04176391  0.03944040   -0.04176391  0.03944040    0.07877496 -0.05768327
    2    2
  0.24103153  0.00000000    0.00567960  0.00000000    0.00616557  0.00758362
  0.00567960  0.00000000    0.24103153  0.00000000    0.00616557  0.00758362
  0.00616557 -0.00758362    0.00616557 -0.00758362    0.29185568  0.00000000

     Dynamical  Matrix in cartesian axes

     q = (    0.250000000  -0.750000000   0.750000000 ) 

    1    1
  0.29185568  0.00000000   -0.00616557 -0.00758362    0.00616557  0.00758362
 -0.00616557  0.00758362    0.24103153  0.00000000   -0.00567960  0.00000000
  0.00616557 -0.00758362   -0.00567960  0.00000000    0.24103153  0.00000000
    1    2
 -0.07877496 -0.05768327   -0.04176391 -0.03944040    0.04176391  0.03944040
 -0.04176391 -0.03944040   -0.06033240 -0.05924923   -0.13065895  0.03977877
  0.04176391  0.03944040   -0.13065895  0.03977877   -0.06033240 -0.05924923
    2    1
 -0.07877496  0.05768327   -0.04176391  0.03944040    0.04176391 -0.03944040
 -0.04176391  0.03944040   -0.06033240  0.05924923   -0.13065895 -0.03977877
  0.04176391 -0.03944040   -0.13065895 -0.03977877   -0.06033240  0.05924923
    2    2
  0.29185568  0.00000000   -0.00616557  0.00758362    0.00616557 -0.00758362
 -0.00616557 -0.00758362    0.24103153  0.00000000   -0.00567960  0.00000000
  0.00616557  0.00758362   -0.00567960  0.00000000    0.24103153  0.00000000

     Dynamical  Matrix in cartesian axes

     q = (   -0.750000000  -0.750000000   0.250000000 ) 

    1    1
  0.24103153  0.00000000    0.00567960  0.00000000   -0.00616557 -0.00758362
  0.00567960  0.00000000    0.24103153  0.00000000   -0.00616557 -0.00758362
 -0.00616557  0.00758362   -0.00616557  0.00758362    0.29185568  0.00000000
    1    2
 -0.05924923 -0.06033240   -0.03977877  0.13065895   -0.03944040 -0.04176391
 -0.03977877  0.13065895   -0.05924923 -0.06033240   -0.03944040 -0.04176391
 -0.03944040 -0.04176391   -0.03944040 -0.04176391   -0.05768327 -0.07877496
    2    1
 -0.05924923  0.06033240   -0.03977877 -0.13065895   -0.03944040  0.04176391
 -0.03977877 -0.13065895   -0.05924923  0.06033240   -0.03944040  0.04176391
 -0.03944040  0.04176391   -0.03944040  0.04176391   -0.05768327  0.07877496
    2    2
  0.24103153  0.00000000    0.00567960  0.00000000   -0.00616557  0.00758362
  0.00567960  0.00000000    0.24103153  0.00000000   -0.00616557  0.00758362
 -0.00616557 -0.00758362   -0.00616557 -0.00758362    0.29185568  0.00000000

     Dynamical  Matrix in cartesian axes

     q = (    0.250000000   0.750000000   0.750000000 ) 

    1    1
  0.29185568  0.00000000    0.00616557 -0.00758362    0.00616557 -0.00758362
  0.00616557  0.00758362    0.24103153  0.00000000    0.00567960  0.00000000
  0.00616557  0.00758362    0.00567960  0.00000000    0.24103153  0.00000000
    1    2
  0.07877496 -0.05768327   -0.04176391  0.03944040   -0.04176391  0.03944040
 -0.04176391  0.03944040    0.06033240 -0.05924923   -0.13065895 -0.03977877
 -0.04176391  0.03944040   -0.13065895 -0.03977877    0.06033240 -0.05924923
    2    1
  0.07877496  0.05768327   -0.04176391 -0.03944040   -0.04176391 -0.03944040
 -0.04176391 -0.03944040    0.06033240  0.05924923   -0.13065895  0.03977877
 -0.04176391 -0.03944040   -0.13065895  0.03977877    0.06033240  0.05924923
    2    2
  0.29185568  0.00000000    0.00616557  0.00758362    0.00616557  0.00758362
  0.00616557 -0.00758362    0.24103153  0.00000000    0.00567960  0.00000000
  0.00616557 -0.00758362    0.00567960  0.00000000    0.24103153  0.00000000

     Dynamical  Matrix in cartesian axes

     q = (   -0.250000000  -0.750000000   0.750000000 ) 

    1    1
  0.29185568  0.00000000    0.00616557 -0.00758362   -0.00616557  0.00758362
  0.00616557  0.00758362    0.24103153  0.00000000   -0.00567960  0.00000000
 -0.00616557 -0.00758362   -0.00567960  0.00000000    0.24103153  0.00000000
    1    2
 -0.07877496  0.05768327    0.04176391 -0.03944040   -0.04176391  0.03944040
  0.04176391 -0.03944040   -0.06033240  0.05924923   -0.13065895 -0.03977877
 -0.04176391  0.03944040   -0.13065895 -0.03977877   -0.06033240  0.05924923
    2    1
 -0.07877496 -0.05768327    0.04176391  0.03944040   -0.04176391 -0.03944040
  0.04176391  0.03944040   -0.06033240 -0.05924923   -0.13065895  0.03977877
 -0.04176391 -0.03944040   -0.13065895  0.03977877   -0.06033240 -0.05924923
    2    2
  0.29185568  0.00000000    0.00616557  0.00758362   -0.00616557 -0.00758362
  0.00616557 -0.00758362    0.24103153  0.00000000   -0.00567960  0.00000000
 -0.00616557  0.00758362   -0.00567960  0.00000000    0.24103153  0.00000000

     Dynamical  Matrix in cartesian axes

     q = (    0.750000000   0.750000000   0.250000000 ) 

    1    1
  0.24103153  0.00000000    0.00567960  0.00000000    0.00616557  0.00758362
  0.00567960  0.00000000    0.24103153  0.00000000    0.00616557  0.00758362
  0.00616557 -0.00758362    0.00616557 -0.00758362    0.29185568  0.00000000
    1    2
  0.06033240 -0.05924923   -0.13065895 -0.03977877   -0.04176391  0.03944040
 -0.13065895 -0.03977877    0.06033240 -0.05924923   -0.04176391  0.03944040
 -0.04176391  0.03944040   -0.04176391  0.03944040    0.07877496 -0.05768327
    2    1
  0.06033240  0.05924923   -0.13065895  0.03977877   -0.04176391 -0.03944040
 -0.13065895  0.03977877    0.06033240  0.05924923   -0.04176391 -0.03944040
 -0.04176391 -0.03944040   -0.04176391 -0.03944040    0.07877496  0.05768327
    2    2
  0.24103153  0.00000000    0.00567960  0.00000000    0.00616557 -0.00758362
  0.00567960  0.00000000    0.24103153  0.00000000    0.00616557 -0.00758362
  0.00616557  0.00758362    0.00616557  0.00758362    0.29185568  0.00000000

     Dynamical  Matrix in cartesian axes

     q = (    0.250000000  -0.750000000  -0.750000000 ) 

    1    1
  0.29185568  0.00000000   -0.00616557  0.00758362   -0.00616557  0.00758362
 -0.00616557 -0.00758362    0.24103153  0.00000000    0.00567960  0.00000000
 -0.00616557 -0.00758362    0.00567960  0.00000000    0.24103153  0.00000000
    1    2
 -0.05768327 -0.07877496   -0.03944040 -0.04176391   -0.03944040 -0.04176391
 -0.03944040 -0.04176391   -0.05924923 -0.06033240   -0.03977877  0.13065895
 -0.03944040 -0.04176391   -0.03977877  0.13065895   -0.05924923 -0.06033240
    2    1
 -0.05768327  0.07877496   -0.03944040  0.04176391   -0.03944040  0.04176391
 -0.03944040  0.04176391   -0.05924923  0.06033240   -0.03977877 -0.13065895
 -0.03944040  0.04176391   -0.03977877 -0.13065895   -0.05924923  0.06033240
    2    2
  0.29185568  0.00000000   -0.00616557 -0.00758362   -0.00616557 -0.00758362
 -0.00616557  0.00758362    0.24103153  0.00000000    0.00567960  0.00000000
 -0.00616557  0.00758362    0.00567960  0.00000000    0.24103153  0.00000000

     Dynamical  Matrix in cartesian axes

     q = (    0.750000000  -0.750000000  -0.250000000 ) 

    1    1
  0.24103153  0.00000000   -0.00567960  0.00000000   -0.00616557 -0.00758362
 -0.00567960  0.00000000    0.24103153  0.00000000    0.00616557  0.00758362
 -0.00616557  0.00758362    0.00616557 -0.00758362    0.29185568  0.00000000
    1    2
 -0.06033240  0.05924923   -0.13065895 -0.03977877   -0.04176391  0.03944040
 -0.13065895 -0.03977877   -0.06033240  0.05924923    0.04176391 -0.03944040
 -0.04176391  0.03944040    0.04176391 -0.03944040   -0.07877496  0.05768327
    2    1
 -0.06033240 -0.05924923   -0.13065895  0.03977877   -0.04176391 -0.03944040
 -0.13065895  0.03977877   -0.06033240 -0.05924923    0.04176391  0.03944040
 -0.04176391 -0.03944040    0.04176391  0.03944040   -0.07877496 -0.05768327
    2    2
  0.24103153  0.00000000   -0.00567960  0.00000000   -0.00616557  0.00758362
 -0.00567960  0.00000000    0.24103153  0.00000000    0.00616557 -0.00758362
 -0.00616557 -0.00758362    0.00616557  0.00758362    0.29185568  0.00000000

     Diagonalizing the dynamical matrix

     q = (    0.750000000  -0.250000000   0.750000000 ) 

 **************************************************************************
     freq (    1) =       4.282163 [THz] =     142.837583 [cm-1]
 ( -0.050709  0.497422  0.000000 -0.000000  0.050709 -0.497422 ) 
 ( -0.500000 -0.000000  0.000000  0.000000  0.500000  0.000000 ) 
     freq (    2) =       5.894361 [THz] =     196.614728 [cm-1]
 ( -0.392099 -0.157438 -0.345051  0.154538 -0.392099 -0.157438 ) 
 ( -0.422527 -0.000000 -0.262621 -0.271980 -0.422527  0.000000 ) 
     freq (    3) =       9.287785 [THz] =     309.807148 [cm-1]
 ( -0.108279  0.292552 -0.388271 -0.393222 -0.108279  0.292552 ) 
 (  0.311947  0.000000 -0.234002 -0.500620  0.311947  0.000000 ) 
     freq (    4) =      11.949956 [THz] =     398.607629 [cm-1]
 ( -0.092130 -0.319382  0.404735  0.339417 -0.092130 -0.319382 ) 
 (  0.332404 -0.000000 -0.438297 -0.294806  0.332404  0.000000 ) 
     freq (    5) =      13.441519 [THz] =     448.360798 [cm-1]
 ( -0.050709  0.497422  0.000000 -0.000000  0.050709 -0.497422 ) 
 (  0.500000 -0.000000 -0.000000 -0.000000 -0.500000  0.000000 ) 
     freq (    6) =      13.841931 [THz] =     461.717130 [cm-1]
 (  0.300377  0.153106  0.472226 -0.222863  0.300377  0.153106 ) 
 ( -0.337146  0.000000 -0.319518 -0.413005 -0.337146  0.000000 ) 
 **************************************************************************
