Dynamical matrix file
                                                                           
  1    2  2 10.3970000  0.0000000  0.0000000  0.0000000  0.0000000  0.0000000
           1  'Si  '    25598.822984527003     
    1    1      0.0000000000      0.0000000000      0.0000000000
    2    1      0.2500000000      0.2500000000      0.2500000000

     Dynamical  Matrix in cartesian axes

     q = (   -0.250000000   0.250000000  -0.250000000 ) 

    1    1
  0.28843301  0.00000000   -0.00996583  0.00000000    0.00996583  0.00000000
 -0.00996583  0.00000000    0.28843301  0.00000000   -0.00996583  0.00000000
  0.00996583  0.00000000   -0.00996583  0.00000000    0.28843301  0.00000000
    1    2
 -0.21587159 -0.06537207   -0.03308795  0.03427103    0.03308795 -0.03427103
 -0.03308795  0.03427103   -0.21587159 -0.06537207   -0.03308795  0.03427103
  0.03308795 -0.03427103   -0.03308795  0.03427103   -0.21587159 -0.06537207
    2    1
 -0.21587159  0.06537207   -0.03308795 -0.03427103    0.03308795  0.03427103
 -0.03308795 -0.03427103   -0.21587159  0.06537207   -0.03308795 -0.03427103
  0.03308795  0.03427103   -0.03308795 -0.03427103   -0.21587159  0.06537207
    2    2
  0.28843301  0.00000000   -0.00996583  0.00000000    0.00996583  0.00000000
 -0.00996583  0.00000000    0.28843301  0.00000000   -0.00996583  0.00000000
  0.00996583  0.00000000   -0.00996583  0.00000000    0.28843301  0.00000000

     Dynamical  Matrix in cartesian axes

     q = (    0.250000000  -0.250000000  -0.250000000 ) 

    1    1
  0.28843301  0.00000000   -0.00996583  0.00000000   -0.00996583  0.00000000
 -0.00996583  0.00000000    0.28843301  0.00000000    0.00996583  0.00000000
 -0.00996583  0.00000000    0.00996583  0.00000000    0.28843301  0.00000000
    1    2
 -0.21587159 -0.06537207   -0.03308795  0.03427103   -0.03308795  0.03427103
 -0.03308795  0.03427103   -0.21587159 -0.06537207    0.03308795 -0.03427103
 -0.03308795  0.03427103    0.03308795 -0.03427103   -0.21587159 -0.06537207
    2    1
 -0.21587159  0.06537207   -0.03308795 -0.03427103   -0.03308795 -0.03427103
 -0.03308795 -0.03427103   -0.21587159  0.06537207    0.03308795  0.03427103
 -0.03308795 -0.03427103    0.03308795  0.03427103   -0.21587159  0.06537207
    2    2
  0.28843301  0.00000000   -0.00996583  0.00000000   -0.00996583  0.00000000
 -0.00996583  0.00000000    0.28843301  0.00000000    0.00996583  0.00000000
 -0.00996583  0.00000000    0.00996583  0.00000000    0.28843301  0.00000000

     Dynamical  Matrix in cartesian axes

     q = (    0.250000000  -0.250000000   0.250000000 ) 

    1    1
  0.28843301  0.00000000   -0.00996583  0.00000000    0.00996583  0.00000000
 -0.00996583  0.00000000    0.28843301  0.00000000   -0.00996583  0.00000000
  0.00996583  0.00000000   -0.00996583  0.00000000    0.28843301  0.00000000
    1    2
 -0.21587159  0.06537207   -0.03308795 -0.03427103    0.03308795  0.03427103
 -0.03308795 -0.03427103   -0.21587159  0.06537207   -0.03308795 -0.03427103
  0.03308795  0.03427103   -0.03308795 -0.03427103   -0.21587159  0.06537207
    2    1
 -0.21587159 -0.06537207   -0.03308795  0.03427103    0.03308795 -0.03427103
 -0.03308795  0.03427103   -0.21587159 -0.06537207   -0.03308795  0.03427103
  0.03308795 -0.03427103   -0.03308795  0.03427103   -0.21587159 -0.06537207
    2    2
  0.28843301  0.00000000   -0.00996583  0.00000000    0.00996583  0.00000000
 -0.00996583  0.00000000    0.28843301  0.00000000   -0.00996583  0.00000000
  0.00996583  0.00000000   -0.00996583  0.00000000    0.28843301  0.00000000

     Dynamical  Matrix in cartesian axes

     q = (    0.250000000   0.250000000   0.250000000 ) 

    1    1
  0.28843301  0.00000000    0.00996583  0.00000000    0.00996583  0.00000000
  0.00996583  0.00000000    0.28843301  0.00000000    0.00996583  0.00000000
  0.00996583  0.00000000    0.00996583  0.00000000    0.28843301  0.00000000
    1    2
 -0.06537207  0.21587159   -0.03427103 -0.03308795   -0.03427103 -0.03308795
 -0.03427103 -0.03308795   -0.06537207  0.21587159   -0.03427103 -0.03308795
 -0.03427103 -0.03308795   -0.03427103 -0.03308795   -0.06537207  0.21587159
    2    1
 -0.06537207 -0.21587159   -0.03427103  0.03308795   -0.03427103  0.03308795
 -0.03427103  0.03308795   -0.06537207 -0.21587159   -0.03427103  0.03308795
 -0.03427103  0.03308795   -0.03427103  0.03308795   -0.06537207 -0.21587159
    2    2
  0.28843301  0.00000000    0.00996583  0.00000000    0.00996583  0.00000000
  0.00996583  0.00000000    0.28843301  0.00000000    0.00996583  0.00000000
  0.00996583  0.00000000    0.00996583  0.00000000    0.28843301  0.00000000

     Dynamical  Matrix in cartesian axes

     q = (   -0.250000000  -0.250000000  -0.250000000 ) 

    1    1
  0.28843301  0.00000000    0.00996583  0.00000000    0.00996583  0.00000000
  0.00996583  0.00000000    0.28843301  0.00000000    0.00996583  0.00000000
  0.00996583  0.00000000    0.00996583  0.00000000    0.28843301  0.00000000
    1    2
 -0.06537207 -0.21587159   -0.03427103  0.03308795   -0.03427103  0.03308795
 -0.03427103  0.03308795   -0.06537207 -0.21587159   -0.03427103  0.03308795
 -0.03427103  0.03308795   -0.03427103  0.03308795   -0.06537207 -0.21587159
    2    1
 -0.06537207  0.21587159   -0.03427103 -0.03308795   -0.03427103 -0.03308795
 -0.03427103 -0.03308795   -0.06537207  0.21587159   -0.03427103 -0.03308795
 -0.03427103 -0.03308795   -0.03427103 -0.03308795   -0.06537207  0.21587159
    2    2
  0.28843301  0.00000000    0.00996583  0.00000000    0.00996583  0.00000000
  0.00996583  0.00000000    0.28843301  0.00000000    0.00996583  0.00000000
  0.00996583  0.00000000    0.00996583  0.00000000    0.28843301  0.00000000

     Dynamical  Matrix in cartesian axes

     q = (   -0.250000000  -0.250000000   0.250000000 ) 

    1    1
  0.28843301  0.00000000    0.00996583  0.00000000   -0.00996583  0.00000000
  0.00996583  0.00000000    0.28843301  0.00000000   -0.00996583  0.00000000
 -0.00996583  0.00000000   -0.00996583  0.00000000    0.28843301  0.00000000
    1    2
 -0.21587159 -0.06537207    0.03308795 -0.03427103   -0.03308795  0.03427103
  0.03308795 -0.03427103   -0.21587159 -0.06537207   -0.03308795  0.03427103
 -0.03308795  0.03427103   -0.03308795  0.03427103   -0.21587159 -0.06537207
    2    1
 -0.21587159  0.06537207    0.03308795  0.03427103   -0.03308795 -0.03427103
  0.03308795  0.03427103   -0.21587159  0.06537207   -0.03308795 -0.03427103
 -0.03308795 -0.03427103   -0.03308795 -0.03427103   -0.21587159  0.06537207
    2    2
  0.28843301  0.00000000    0.00996583  0.00000000   -0.00996583  0.00000000
  0.00996583  0.00000000    0.28843301  0.00000000   -0.00996583  0.00000000
 -0.00996583  0.00000000   -0.00996583  0.00000000    0.28843301  0.00000000

     Dynamical  Matrix in cartesian axes

     q = (   -0.250000000   0.250000000   0.250000000 ) 

    1    1
  0.28843301  0.00000000   -0.00996583  0.00000000   -0.00996583  0.00000000
 -0.00996583  0.00000000    0.28843301  0.00000000    0.00996583  0.00000000
 -0.00996583  0.00000000    0.00996583  0.00000000    0.28843301  0.00000000
    1    2
 -0.21587159  0.06537207   -0.03308795 -0.03427103   -0.03308795 -0.03427103
 -0.03308795 -0.03427103   -0.21587159  0.06537207    0.03308795  0.03427103
 -0.03308795 -0.03427103    0.03308795  0.03427103   -0.21587159  0.06537207
    2    1
 -0.21587159 -0.06537207   -0.03308795  0.03427103   -0.03308795  0.03427103
 -0.03308795  0.03427103   -0.21587159 -0.06537207    0.03308795 -0.03427103
 -0.03308795  0.03427103    0.03308795 -0.03427103   -0.21587159 -0.06537207
    2    2
  0.28843301  0.00000000   -0.00996583  0.00000000   -0.00996583  0.00000000
 -0.00996583  0.00000000    0.28843301  0.00000000    0.00996583  0.00000000
 -0.00996583  0.00000000    0.00996583  0.00000000    0.28843301  0.00000000

     Dynamical  Matrix in cartesian axes

     q = (    0.250000000   0.250000000  -0.250000000 ) 

    1    1
  0.28843301  0.00000000    0.00996583  0.00000000   -0.00996583  0.00000000
  0.00996583  0.00000000    0.28843301  0.00000000   -0.00996583  0.00000000
 -0.00996583  0.00000000   -0.00996583  0.00000000    0.28843301  0.00000000
    1    2
 -0.21587159  0.06537207    0.03308795  0.03427103   -0.03308795 -0.03427103
  0.03308795  0.03427103   -0.21587159  0.06537207   -0.03308795 -0.03427103
 -0.03308795 -0.03427103   -0.03308795 -0.03427103   -0.21587159  0.06537207
    2    1
 -0.21587159 -0.06537207    0.03308795 -0.03427103   -0.03308795  0.03427103
  0.03308795 -0.03427103   -0.21587159 -0.06537207   -0.03308795  0.03427103
 -0.03308795  0.03427103   -0.03308795  0.03427103   -0.21587159 -0.06537207
    2    2
  0.28843301  0.00000000    0.00996583  0.00000000   -0.00996583  0.00000000
  0.00996583  0.00000000    0.28843301  0.00000000   -0.00996583  0.00000000
 -0.00996583  0.00000000   -0.00996583  0.00000000    0.28843301  0.00000000

     Diagonalizing the dynamical matrix

     q = (   -0.250000000   0.250000000  -0.250000000 ) 

 **************************************************************************
     freq (    1) =       3.414313 [THz] =     113.889212 [cm-1]
 ( -0.347047  0.386302 -0.247586  0.398727  0.099461  0.012425 ) 
 ( -0.296484  0.426343 -0.196250  0.426343  0.100235  0.000000 ) 
     freq (    2) =       3.414313 [THz] =     113.889212 [cm-1]
 (  0.229685  0.104437 -0.334512  0.033955 -0.564197 -0.070482 ) 
 (  0.240860  0.075159 -0.327723  0.075159 -0.568583  0.000000 ) 
     freq (    3) =       6.742074 [THz] =     224.891385 [cm-1]
 ( -0.304268 -0.272191  0.304268  0.272191 -0.304268 -0.272191 ) 
 ( -0.408248  0.000000  0.408248 -0.000000 -0.408248  0.000000 ) 
     freq (    4) =      14.672922 [THz] =     489.436011 [cm-1]
 (  0.304268  0.272191 -0.304268 -0.272191  0.304268  0.272191 ) 
 ( -0.408248 -0.000000  0.408248 -0.000000 -0.408248  0.000000 ) 
     freq (    5) =      14.960336 [THz] =     499.023095 [cm-1]
 (  0.307241 -0.231618  0.515426 -0.205610  0.208185  0.026007 ) 
 ( -0.276160  0.267917 -0.485963  0.267917 -0.209803  0.000000 ) 
     freq (    6) =      14.960336 [THz] =     499.023095 [cm-1]
 (  0.427309 -0.051933 -0.106424 -0.118609 -0.533732 -0.066676 ) 
 ( -0.417575  0.104502  0.120306  0.104502  0.537881  0.000000 ) 
 **************************************************************************
