Dynamical matrix file
                                                                           
  1    2  2 10.3970000  0.0000000  0.0000000  0.0000000  0.0000000  0.0000000
           1  'Si  '    25598.822984527003     
    1    1      0.0000000000      0.0000000000      0.0000000000
    2    1      0.2500000000      0.2500000000      0.2500000000

     Dynamical  Matrix in cartesian axes

     q = (    0.750000000  -0.250000000   0.750000000 ) 

    1    1
  0.24949207  0.00000000   -0.00362360  0.00626839   -0.00103322  0.00000000
 -0.00362360 -0.00626839    0.30467933 -0.00000000   -0.00362360 -0.00626839
 -0.00103322  0.00000000   -0.00362360  0.00626839    0.24949207  0.00000000
    1    2
 -0.04898711  0.08338369   -0.03185357  0.03620108   -0.03841627 -0.12039188
 -0.03185357  0.03620108   -0.04892188  0.10056550   -0.03185357  0.03620108
 -0.03841627 -0.12039188   -0.03185357  0.03620108   -0.04898711  0.08338369
    2    1
 -0.04898711 -0.08338369   -0.03185357 -0.03620108   -0.03841627  0.12039188
 -0.03185357 -0.03620108   -0.04892188 -0.10056550   -0.03185357 -0.03620108
 -0.03841627  0.12039188   -0.03185357 -0.03620108   -0.04898711 -0.08338369
    2    2
  0.24949207 -0.00000000   -0.00362360 -0.00626839   -0.00103322 -0.00000000
 -0.00362360  0.00626839    0.30467933  0.00000000   -0.00362360  0.00626839
 -0.00103322 -0.00000000   -0.00362360 -0.00626839    0.24949207 -0.00000000

     Dynamical  Matrix in cartesian axes

     q = (    0.750000000  -0.250000000  -0.750000000 ) 

    1    1
  0.24949207 -0.00000000   -0.00362360 -0.00626839    0.00103322  0.00000000
 -0.00362360  0.00626839    0.30467933  0.00000000    0.00362360 -0.00626839
  0.00103322  0.00000000    0.00362360  0.00626839    0.24949207 -0.00000000
    1    2
 -0.08338369  0.04898711   -0.03620108  0.03185357   -0.12039188 -0.03841627
 -0.03620108  0.03185357   -0.10056550  0.04892188    0.03620108 -0.03185357
 -0.12039188 -0.03841627    0.03620108 -0.03185357   -0.08338369  0.04898711
    2    1
 -0.08338369 -0.04898711   -0.03620108 -0.03185357   -0.12039188  0.03841627
 -0.03620108 -0.03185357   -0.10056550 -0.04892188    0.03620108  0.03185357
 -0.12039188  0.03841627    0.03620108  0.03185357   -0.08338369 -0.04898711
    2    2
  0.24949207  0.00000000   -0.00362360  0.00626839    0.00103322 -0.00000000
 -0.00362360 -0.00626839    0.30467933 -0.00000000    0.00362360  0.00626839
  0.00103322 -0.00000000    0.00362360 -0.00626839    0.24949207  0.00000000

     Dynamical  Matrix in cartesian axes

     q = (   -0.750000000  -0.250000000  -0.750000000 ) 

    1    1
  0.24949207  0.00000000    0.00362360 -0.00626839   -0.00103322  0.00000000
  0.00362360  0.00626839    0.30467933 -0.00000000    0.00362360  0.00626839
 -0.00103322  0.00000000    0.00362360 -0.00626839    0.24949207  0.00000000
    1    2
  0.08338369  0.04898711   -0.03620108 -0.03185357   -0.12039188  0.03841627
 -0.03620108 -0.03185357    0.10056550  0.04892188   -0.03620108 -0.03185357
 -0.12039188  0.03841627   -0.03620108 -0.03185357    0.08338369  0.04898711
    2    1
  0.08338369 -0.04898711   -0.03620108  0.03185357   -0.12039188 -0.03841627
 -0.03620108  0.03185357    0.10056550 -0.04892188   -0.03620108  0.03185357
 -0.12039188 -0.03841627   -0.03620108  0.03185357    0.08338369 -0.04898711
    2    2
  0.24949207 -0.00000000    0.00362360  0.00626839   -0.00103322 -0.00000000
  0.00362360 -0.00626839    0.30467933  0.00000000    0.00362360 -0.00626839
 -0.00103322 -0.00000000    0.00362360  0.00626839    0.24949207 -0.00000000

     Dynamical  Matrix in cartesian axes

     q = (   -0.750000000  -0.250000000   0.750000000 ) 

    1    1
  0.24949207 -0.00000000    0.00362360  0.00626839    0.00103322  0.00000000
  0.00362360 -0.00626839    0.30467933  0.00000000   -0.00362360  0.00626839
  0.00103322  0.00000000   -0.00362360 -0.00626839    0.24949207 -0.00000000
    1    2
 -0.08338369  0.04898711    0.03620108 -0.03185357   -0.12039188 -0.03841627
  0.03620108 -0.03185357   -0.10056550  0.04892188   -0.03620108  0.03185357
 -0.12039188 -0.03841627   -0.03620108  0.03185357   -0.08338369  0.04898711
    2    1
 -0.08338369 -0.04898711    0.03620108  0.03185357   -0.12039188  0.03841627
  0.03620108  0.03185357   -0.10056550 -0.04892188   -0.03620108 -0.03185357
 -0.12039188  0.03841627   -0.03620108 -0.03185357   -0.08338369 -0.04898711
    2    2
  0.24949207  0.00000000    0.00362360 -0.00626839    0.00103322 -0.00000000
  0.00362360  0.00626839    0.30467933 -0.00000000   -0.00362360 -0.00626839
  0.00103322 -0.00000000   -0.00362360  0.00626839    0.24949207  0.00000000

     Dynamical  Matrix in cartesian axes

     q = (   -0.750000000   0.250000000  -0.750000000 ) 

    1    1
  0.24949207 -0.00000000   -0.00362360 -0.00626839   -0.00103322 -0.00000000
 -0.00362360  0.00626839    0.30467933  0.00000000   -0.00362360  0.00626839
 -0.00103322 -0.00000000   -0.00362360 -0.00626839    0.24949207 -0.00000000
    1    2
 -0.04898711 -0.08338369   -0.03185357 -0.03620108   -0.03841627  0.12039188
 -0.03185357 -0.03620108   -0.04892188 -0.10056550   -0.03185357 -0.03620108
 -0.03841627  0.12039188   -0.03185357 -0.03620108   -0.04898711 -0.08338369
    2    1
 -0.04898711  0.08338369   -0.03185357  0.03620108   -0.03841627 -0.12039188
 -0.03185357  0.03620108   -0.04892188  0.10056550   -0.03185357  0.03620108
 -0.03841627 -0.12039188   -0.03185357  0.03620108   -0.04898711  0.08338369
    2    2
  0.24949207  0.00000000   -0.00362360  0.00626839   -0.00103322  0.00000000
 -0.00362360 -0.00626839    0.30467933 -0.00000000   -0.00362360 -0.00626839
 -0.00103322  0.00000000   -0.00362360  0.00626839    0.24949207  0.00000000

     Dynamical  Matrix in cartesian axes

     q = (   -0.250000000   0.750000000  -0.750000000 ) 

    1    1
  0.30467933  0.00000000   -0.00362360  0.00626839    0.00362360 -0.00626839
 -0.00362360 -0.00626839    0.24949207 -0.00000000    0.00103322  0.00000000
  0.00362360  0.00626839    0.00103322  0.00000000    0.24949207 -0.00000000
    1    2
 -0.10056550  0.04892188   -0.03620108  0.03185357    0.03620108 -0.03185357
 -0.03620108  0.03185357   -0.08338369  0.04898711   -0.12039188 -0.03841627
  0.03620108 -0.03185357   -0.12039188 -0.03841627   -0.08338369  0.04898711
    2    1
 -0.10056550 -0.04892188   -0.03620108 -0.03185357    0.03620108  0.03185357
 -0.03620108 -0.03185357   -0.08338369 -0.04898711   -0.12039188  0.03841627
  0.03620108  0.03185357   -0.12039188  0.03841627   -0.08338369 -0.04898711
    2    2
  0.30467933 -0.00000000   -0.00362360 -0.00626839    0.00362360  0.00626839
 -0.00362360  0.00626839    0.24949207  0.00000000    0.00103322 -0.00000000
  0.00362360 -0.00626839    0.00103322 -0.00000000    0.24949207  0.00000000

     Dynamical  Matrix in cartesian axes

     q = (   -0.750000000   0.750000000  -0.250000000 ) 

    1    1
  0.24949207 -0.00000000    0.00103322  0.00000000    0.00362360  0.00626839
  0.00103322  0.00000000    0.24949207 -0.00000000   -0.00362360 -0.00626839
  0.00362360 -0.00626839   -0.00362360  0.00626839    0.30467933  0.00000000
    1    2
 -0.08338369  0.04898711   -0.12039188 -0.03841627    0.03620108 -0.03185357
 -0.12039188 -0.03841627   -0.08338369  0.04898711   -0.03620108  0.03185357
  0.03620108 -0.03185357   -0.03620108  0.03185357   -0.10056550  0.04892188
    2    1
 -0.08338369 -0.04898711   -0.12039188  0.03841627    0.03620108  0.03185357
 -0.12039188  0.03841627   -0.08338369 -0.04898711   -0.03620108 -0.03185357
  0.03620108  0.03185357   -0.03620108 -0.03185357   -0.10056550 -0.04892188
    2    2
  0.24949207  0.00000000    0.00103322 -0.00000000    0.00362360 -0.00626839
  0.00103322 -0.00000000    0.24949207  0.00000000   -0.00362360  0.00626839
  0.00362360  0.00626839   -0.00362360 -0.00626839    0.30467933 -0.00000000

     Dynamical  Matrix in cartesian axes

     q = (    0.750000000   0.250000000   0.750000000 ) 

    1    1
  0.24949207 -0.00000000    0.00362360  0.00626839   -0.00103322 -0.00000000
  0.00362360 -0.00626839    0.30467933  0.00000000    0.00362360 -0.00626839
 -0.00103322 -0.00000000    0.00362360  0.00626839    0.24949207 -0.00000000
    1    2
  0.08338369 -0.04898711   -0.03620108  0.03185357   -0.12039188 -0.03841627
 -0.03620108  0.03185357    0.10056550 -0.04892188   -0.03620108  0.03185357
 -0.12039188 -0.03841627   -0.03620108  0.03185357    0.08338369 -0.04898711
    2    1
  0.08338369  0.04898711   -0.03620108 -0.03185357   -0.12039188  0.03841627
 -0.03620108 -0.03185357    0.10056550  0.04892188   -0.03620108 -0.03185357
 -0.12039188  0.03841627   -0.03620108 -0.03185357    0.08338369  0.04898711
    2    2
  0.24949207  0.00000000    0.00362360 -0.00626839   -0.00103322  0.00000000
  0.00362360  0.00626839    0.30467933 -0.00000000    0.00362360  0.00626839
 -0.00103322  0.00000000    0.00362360 -0.00626839    0.24949207  0.00000000

     Dynamical  Matrix in cartesian axes

     q = (   -0.750000000   0.250000000   0.750000000 ) 

    1    1
  0.24949207  0.00000000   -0.00362360  0.00626839    0.00103322 -0.00000000
 -0.00362360 -0.00626839    0.30467933 -0.00000000    0.00362360  0.00626839
  0.00103322 -0.00000000    0.00362360 -0.00626839    0.24949207  0.00000000
    1    2
 -0.08338369 -0.04898711   -0.03620108 -0.03185357   -0.12039188  0.03841627
 -0.03620108 -0.03185357   -0.10056550 -0.04892188    0.03620108  0.03185357
 -0.12039188  0.03841627    0.03620108  0.03185357   -0.08338369 -0.04898711
    2    1
 -0.08338369  0.04898711   -0.03620108  0.03185357   -0.12039188 -0.03841627
 -0.03620108  0.03185357   -0.10056550  0.04892188    0.03620108 -0.03185357
 -0.12039188 -0.03841627    0.03620108 -0.03185357   -0.08338369  0.04898711
    2    2
  0.24949207 -0.00000000   -0.00362360 -0.00626839    0.00103322  0.00000000
 -0.00362360  0.00626839    0.30467933  0.00000000    0.00362360 -0.00626839
  0.00103322  0.00000000    0.00362360  0.00626839    0.24949207 -0.00000000

     Dynamical  Matrix in cartesian axes

     q = (    0.750000000   0.250000000  -0.750000000 ) 

    1    1
  0.24949207  0.00000000    0.00362360 -0.00626839    0.00103322 -0.00000000
  0.00362360  0.00626839    0.30467933 -0.00000000   -0.00362360 -0.00626839
  0.00103322 -0.00000000   -0.00362360  0.00626839    0.24949207  0.00000000
    1    2
 -0.08338369 -0.04898711    0.03620108  0.03185357   -0.12039188  0.03841627
  0.03620108  0.03185357   -0.10056550 -0.04892188   -0.03620108 -0.03185357
 -0.12039188  0.03841627   -0.03620108 -0.03185357   -0.08338369 -0.04898711
    2    1
 -0.08338369  0.04898711    0.03620108 -0.03185357   -0.12039188 -0.03841627
  0.03620108 -0.03185357   -0.10056550  0.04892188   -0.03620108  0.03185357
 -0.12039188 -0.03841627   -0.03620108  0.03185357   -0.08338369  0.04898711
    2    2
  0.24949207 -0.00000000    0.00362360  0.00626839    0.00103322  0.00000000
  0.00362360 -0.00626839    0.30467933  0.00000000   -0.00362360  0.00626839
  0.00103322  0.00000000   -0.00362360 -0.00626839    0.24949207 -0.00000000

     Dynamical  Matrix in cartesian axes

     q = (   -0.750000000   0.750000000   0.250000000 ) 

    1    1
  0.24949207  0.00000000    0.00103322 -0.00000000   -0.00362360  0.00626839
  0.00103322 -0.00000000    0.24949207  0.00000000    0.00362360 -0.00626839
 -0.00362360 -0.00626839    0.00362360  0.00626839    0.30467933 -0.00000000
    1    2
 -0.08338369 -0.04898711   -0.12039188  0.03841627   -0.03620108 -0.03185357
 -0.12039188  0.03841627   -0.08338369 -0.04898711    0.03620108  0.03185357
 -0.03620108 -0.03185357    0.03620108  0.03185357   -0.10056550 -0.04892188
    2    1
 -0.08338369  0.04898711   -0.12039188 -0.03841627   -0.03620108  0.03185357
 -0.12039188 -0.03841627   -0.08338369  0.04898711    0.03620108 -0.03185357
 -0.03620108  0.03185357    0.03620108 -0.03185357   -0.10056550  0.04892188
    2    2
  0.24949207 -0.00000000    0.00103322  0.00000000   -0.00362360 -0.00626839
  0.00103322  0.00000000    0.24949207 -0.00000000    0.00362360  0.00626839
 -0.00362360  0.00626839    0.00362360 -0.00626839    0.30467933  0.00000000

     Dynamical  Matrix in cartesian axes

     q = (   -0.250000000   0.750000000   0.750000000 ) 

    1    1
  0.30467933 -0.00000000   -0.00362360 -0.00626839   -0.00362360 -0.00626839
 -0.00362360  0.00626839    0.24949207  0.00000000   -0.00103322  0.00000000
 -0.00362360  0.00626839   -0.00103322  0.00000000    0.24949207  0.00000000
    1    2
 -0.04892188  0.10056550   -0.03185357  0.03620108   -0.03185357  0.03620108
 -0.03185357  0.03620108   -0.04898711  0.08338369   -0.03841627 -0.12039188
 -0.03185357  0.03620108   -0.03841627 -0.12039188   -0.04898711  0.08338369
    2    1
 -0.04892188 -0.10056550   -0.03185357 -0.03620108   -0.03185357 -0.03620108
 -0.03185357 -0.03620108   -0.04898711 -0.08338369   -0.03841627  0.12039188
 -0.03185357 -0.03620108   -0.03841627  0.12039188   -0.04898711 -0.08338369
    2    2
  0.30467933  0.00000000   -0.00362360  0.00626839   -0.00362360  0.00626839
 -0.00362360 -0.00626839    0.24949207 -0.00000000   -0.00103322 -0.00000000
 -0.00362360 -0.00626839   -0.00103322 -0.00000000    0.24949207 -0.00000000

     Dynamical  Matrix in cartesian axes

     q = (    0.250000000   0.750000000  -0.750000000 ) 

    1    1
  0.30467933 -0.00000000    0.00362360  0.00626839   -0.00362360 -0.00626839
  0.00362360 -0.00626839    0.24949207  0.00000000    0.00103322 -0.00000000
 -0.00362360  0.00626839    0.00103322 -0.00000000    0.24949207  0.00000000
    1    2
 -0.10056550 -0.04892188    0.03620108  0.03185357   -0.03620108 -0.03185357
  0.03620108  0.03185357   -0.08338369 -0.04898711   -0.12039188  0.03841627
 -0.03620108 -0.03185357   -0.12039188  0.03841627   -0.08338369 -0.04898711
    2    1
 -0.10056550  0.04892188    0.03620108 -0.03185357   -0.03620108  0.03185357
  0.03620108 -0.03185357   -0.08338369  0.04898711   -0.12039188 -0.03841627
 -0.03620108  0.03185357   -0.12039188 -0.03841627   -0.08338369  0.04898711
    2    2
  0.30467933  0.00000000    0.00362360 -0.00626839   -0.00362360  0.00626839
  0.00362360  0.00626839    0.24949207 -0.00000000    0.00103322  0.00000000
 -0.00362360 -0.00626839    0.00103322  0.00000000    0.24949207 -0.00000000

     Dynamical  Matrix in cartesian axes

     q = (   -0.250000000  -0.750000000  -0.750000000 ) 

    1    1
  0.30467933 -0.00000000    0.00362360  0.00626839    0.00362360  0.00626839
  0.00362360 -0.00626839    0.24949207  0.00000000   -0.00103322  0.00000000
  0.00362360 -0.00626839   -0.00103322  0.00000000    0.24949207  0.00000000
    1    2
  0.10056550  0.04892188   -0.03620108 -0.03185357   -0.03620108 -0.03185357
 -0.03620108 -0.03185357    0.08338369  0.04898711   -0.12039188  0.03841627
 -0.03620108 -0.03185357   -0.12039188  0.03841627    0.08338369  0.04898711
    2    1
  0.10056550 -0.04892188   -0.03620108  0.03185357   -0.03620108  0.03185357
 -0.03620108  0.03185357    0.08338369 -0.04898711   -0.12039188 -0.03841627
 -0.03620108  0.03185357   -0.12039188 -0.03841627    0.08338369 -0.04898711
    2    2
  0.30467933  0.00000000    0.00362360 -0.00626839    0.00362360 -0.00626839
  0.00362360  0.00626839    0.24949207 -0.00000000   -0.00103322 -0.00000000
  0.00362360  0.00626839   -0.00103322 -0.00000000    0.24949207 -0.00000000

     Dynamical  Matrix in cartesian axes

     q = (    0.750000000   0.750000000  -0.250000000 ) 

    1    1
  0.24949207  0.00000000   -0.00103322  0.00000000   -0.00362360  0.00626839
 -0.00103322  0.00000000    0.24949207  0.00000000   -0.00362360  0.00626839
 -0.00362360 -0.00626839   -0.00362360 -0.00626839    0.30467933 -0.00000000
    1    2
 -0.04898711  0.08338369   -0.03841627 -0.12039188   -0.03185357  0.03620108
 -0.03841627 -0.12039188   -0.04898711  0.08338369   -0.03185357  0.03620108
 -0.03185357  0.03620108   -0.03185357  0.03620108   -0.04892188  0.10056550
    2    1
 -0.04898711 -0.08338369   -0.03841627  0.12039188   -0.03185357 -0.03620108
 -0.03841627  0.12039188   -0.04898711 -0.08338369   -0.03185357 -0.03620108
 -0.03185357 -0.03620108   -0.03185357 -0.03620108   -0.04892188 -0.10056550
    2    2
  0.24949207 -0.00000000   -0.00103322 -0.00000000   -0.00362360 -0.00626839
 -0.00103322 -0.00000000    0.24949207 -0.00000000   -0.00362360 -0.00626839
 -0.00362360  0.00626839   -0.00362360  0.00626839    0.30467933  0.00000000

     Dynamical  Matrix in cartesian axes

     q = (    0.750000000  -0.750000000   0.250000000 ) 

    1    1
  0.24949207  0.00000000    0.00103322 -0.00000000    0.00362360 -0.00626839
  0.00103322 -0.00000000    0.24949207  0.00000000   -0.00362360  0.00626839
  0.00362360  0.00626839   -0.00362360 -0.00626839    0.30467933 -0.00000000
    1    2
 -0.08338369 -0.04898711   -0.12039188  0.03841627    0.03620108  0.03185357
 -0.12039188  0.03841627   -0.08338369 -0.04898711   -0.03620108 -0.03185357
  0.03620108  0.03185357   -0.03620108 -0.03185357   -0.10056550 -0.04892188
    2    1
 -0.08338369  0.04898711   -0.12039188 -0.03841627    0.03620108 -0.03185357
 -0.12039188 -0.03841627   -0.08338369  0.04898711   -0.03620108  0.03185357
  0.03620108 -0.03185357   -0.03620108  0.03185357   -0.10056550  0.04892188
    2    2
  0.24949207 -0.00000000    0.00103322  0.00000000    0.00362360  0.00626839
  0.00103322  0.00000000    0.24949207 -0.00000000   -0.00362360 -0.00626839
  0.00362360 -0.00626839   -0.00362360  0.00626839    0.30467933  0.00000000

     Dynamical  Matrix in cartesian axes

     q = (   -0.750000000  -0.750000000  -0.250000000 ) 

    1    1
  0.24949207  0.00000000   -0.00103322  0.00000000    0.00362360 -0.00626839
 -0.00103322  0.00000000    0.24949207  0.00000000    0.00362360 -0.00626839
  0.00362360  0.00626839    0.00362360  0.00626839    0.30467933 -0.00000000
    1    2
  0.08338369  0.04898711   -0.12039188  0.03841627   -0.03620108 -0.03185357
 -0.12039188  0.03841627    0.08338369  0.04898711   -0.03620108 -0.03185357
 -0.03620108 -0.03185357   -0.03620108 -0.03185357    0.10056550  0.04892188
    2    1
  0.08338369 -0.04898711   -0.12039188 -0.03841627   -0.03620108  0.03185357
 -0.12039188 -0.03841627    0.08338369 -0.04898711   -0.03620108  0.03185357
 -0.03620108  0.03185357   -0.03620108  0.03185357    0.10056550 -0.04892188
    2    2
  0.24949207 -0.00000000   -0.00103322 -0.00000000    0.00362360  0.00626839
 -0.00103322 -0.00000000    0.24949207 -0.00000000    0.00362360  0.00626839
  0.00362360 -0.00626839    0.00362360 -0.00626839    0.30467933  0.00000000

     Dynamical  Matrix in cartesian axes

     q = (    0.250000000  -0.750000000   0.750000000 ) 

    1    1
  0.30467933 -0.00000000   -0.00362360 -0.00626839    0.00362360  0.00626839
 -0.00362360  0.00626839    0.24949207  0.00000000    0.00103322 -0.00000000
  0.00362360 -0.00626839    0.00103322 -0.00000000    0.24949207  0.00000000
    1    2
 -0.10056550 -0.04892188   -0.03620108 -0.03185357    0.03620108  0.03185357
 -0.03620108 -0.03185357   -0.08338369 -0.04898711   -0.12039188  0.03841627
  0.03620108  0.03185357   -0.12039188  0.03841627   -0.08338369 -0.04898711
    2    1
 -0.10056550  0.04892188   -0.03620108  0.03185357    0.03620108 -0.03185357
 -0.03620108  0.03185357   -0.08338369  0.04898711   -0.12039188 -0.03841627
  0.03620108 -0.03185357   -0.12039188 -0.03841627   -0.08338369  0.04898711
    2    2
  0.30467933  0.00000000   -0.00362360  0.00626839    0.00362360 -0.00626839
 -0.00362360 -0.00626839    0.24949207 -0.00000000    0.00103322  0.00000000
  0.00362360  0.00626839    0.00103322  0.00000000    0.24949207 -0.00000000

     Dynamical  Matrix in cartesian axes

     q = (   -0.750000000  -0.750000000   0.250000000 ) 

    1    1
  0.24949207 -0.00000000   -0.00103322 -0.00000000   -0.00362360 -0.00626839
 -0.00103322 -0.00000000    0.24949207 -0.00000000   -0.00362360 -0.00626839
 -0.00362360  0.00626839   -0.00362360  0.00626839    0.30467933  0.00000000
    1    2
 -0.04898711 -0.08338369   -0.03841627  0.12039188   -0.03185357 -0.03620108
 -0.03841627  0.12039188   -0.04898711 -0.08338369   -0.03185357 -0.03620108
 -0.03185357 -0.03620108   -0.03185357 -0.03620108   -0.04892188 -0.10056550
    2    1
 -0.04898711  0.08338369   -0.03841627 -0.12039188   -0.03185357  0.03620108
 -0.03841627 -0.12039188   -0.04898711  0.08338369   -0.03185357  0.03620108
 -0.03185357  0.03620108   -0.03185357  0.03620108   -0.04892188  0.10056550
    2    2
  0.24949207  0.00000000   -0.00103322  0.00000000   -0.00362360  0.00626839
 -0.00103322  0.00000000    0.24949207  0.00000000   -0.00362360  0.00626839
 -0.00362360 -0.00626839   -0.00362360 -0.00626839    0.30467933 -0.00000000

     Dynamical  Matrix in cartesian axes

     q = (    0.250000000   0.750000000   0.750000000 ) 

    1    1
  0.30467933  0.00000000    0.00362360 -0.00626839    0.00362360 -0.00626839
  0.00362360  0.00626839    0.24949207 -0.00000000   -0.00103322 -0.00000000
  0.00362360  0.00626839   -0.00103322 -0.00000000    0.24949207 -0.00000000
    1    2
  0.10056550 -0.04892188   -0.03620108  0.03185357   -0.03620108  0.03185357
 -0.03620108  0.03185357    0.08338369 -0.04898711   -0.12039188 -0.03841627
 -0.03620108  0.03185357   -0.12039188 -0.03841627    0.08338369 -0.04898711
    2    1
  0.10056550  0.04892188   -0.03620108 -0.03185357   -0.03620108 -0.03185357
 -0.03620108 -0.03185357    0.08338369  0.04898711   -0.12039188  0.03841627
 -0.03620108 -0.03185357   -0.12039188  0.03841627    0.08338369  0.04898711
    2    2
  0.30467933 -0.00000000    0.00362360  0.00626839    0.00362360  0.00626839
  0.00362360 -0.00626839    0.24949207  0.00000000   -0.00103322  0.00000000
  0.00362360 -0.00626839   -0.00103322  0.00000000    0.24949207  0.00000000

     Dynamical  Matrix in cartesian axes

     q = (   -0.250000000  -0.750000000   0.750000000 ) 

    1    1
  0.30467933  0.00000000    0.00362360 -0.00626839   -0.00362360  0.00626839
  0.00362360  0.00626839    0.24949207 -0.00000000    0.00103322  0.00000000
 -0.00362360 -0.00626839    0.00103322  0.00000000    0.24949207 -0.00000000
    1    2
 -0.10056550  0.04892188    0.03620108 -0.03185357   -0.03620108  0.03185357
  0.03620108 -0.03185357   -0.08338369  0.04898711   -0.12039188 -0.03841627
 -0.03620108  0.03185357   -0.12039188 -0.03841627   -0.08338369  0.04898711
    2    1
 -0.10056550 -0.04892188    0.03620108  0.03185357   -0.03620108 -0.03185357
  0.03620108  0.03185357   -0.08338369 -0.04898711   -0.12039188  0.03841627
 -0.03620108 -0.03185357   -0.12039188  0.03841627   -0.08338369 -0.04898711
    2    2
  0.30467933 -0.00000000    0.00362360  0.00626839   -0.00362360 -0.00626839
  0.00362360 -0.00626839    0.24949207  0.00000000    0.00103322 -0.00000000
 -0.00362360  0.00626839    0.00103322 -0.00000000    0.24949207  0.00000000

     Dynamical  Matrix in cartesian axes

     q = (    0.750000000   0.750000000   0.250000000 ) 

    1    1
  0.24949207 -0.00000000   -0.00103322 -0.00000000    0.00362360  0.00626839
 -0.00103322 -0.00000000    0.24949207 -0.00000000    0.00362360  0.00626839
  0.00362360 -0.00626839    0.00362360 -0.00626839    0.30467933  0.00000000
    1    2
  0.08338369 -0.04898711   -0.12039188 -0.03841627   -0.03620108  0.03185357
 -0.12039188 -0.03841627    0.08338369 -0.04898711   -0.03620108  0.03185357
 -0.03620108  0.03185357   -0.03620108  0.03185357    0.10056550 -0.04892188
    2    1
  0.08338369  0.04898711   -0.12039188  0.03841627   -0.03620108 -0.03185357
 -0.12039188  0.03841627    0.08338369  0.04898711   -0.03620108 -0.03185357
 -0.03620108 -0.03185357   -0.03620108 -0.03185357    0.10056550  0.04892188
    2    2
  0.24949207  0.00000000   -0.00103322  0.00000000    0.00362360 -0.00626839
 -0.00103322  0.00000000    0.24949207  0.00000000    0.00362360 -0.00626839
  0.00362360  0.00626839    0.00362360  0.00626839    0.30467933 -0.00000000

     Dynamical  Matrix in cartesian axes

     q = (    0.250000000  -0.750000000  -0.750000000 ) 

    1    1
  0.30467933  0.00000000   -0.00362360  0.00626839   -0.00362360  0.00626839
 -0.00362360 -0.00626839    0.24949207 -0.00000000   -0.00103322 -0.00000000
 -0.00362360 -0.00626839   -0.00103322 -0.00000000    0.24949207 -0.00000000
    1    2
 -0.04892188 -0.10056550   -0.03185357 -0.03620108   -0.03185357 -0.03620108
 -0.03185357 -0.03620108   -0.04898711 -0.08338369   -0.03841627  0.12039188
 -0.03185357 -0.03620108   -0.03841627  0.12039188   -0.04898711 -0.08338369
    2    1
 -0.04892188  0.10056550   -0.03185357  0.03620108   -0.03185357  0.03620108
 -0.03185357  0.03620108   -0.04898711  0.08338369   -0.03841627 -0.12039188
 -0.03185357  0.03620108   -0.03841627 -0.12039188   -0.04898711  0.08338369
    2    2
  0.30467933 -0.00000000   -0.00362360 -0.00626839   -0.00362360 -0.00626839
 -0.00362360  0.00626839    0.24949207  0.00000000   -0.00103322  0.00000000
 -0.00362360  0.00626839   -0.00103322  0.00000000    0.24949207  0.00000000

     Dynamical  Matrix in cartesian axes

     q = (    0.750000000  -0.750000000  -0.250000000 ) 

    1    1
  0.24949207 -0.00000000    0.00103322  0.00000000   -0.00362360 -0.00626839
  0.00103322  0.00000000    0.24949207 -0.00000000    0.00362360  0.00626839
 -0.00362360  0.00626839    0.00362360 -0.00626839    0.30467933  0.00000000
    1    2
 -0.08338369  0.04898711   -0.12039188 -0.03841627   -0.03620108  0.03185357
 -0.12039188 -0.03841627   -0.08338369  0.04898711    0.03620108 -0.03185357
 -0.03620108  0.03185357    0.03620108 -0.03185357   -0.10056550  0.04892188
    2    1
 -0.08338369 -0.04898711   -0.12039188  0.03841627   -0.03620108 -0.03185357
 -0.12039188  0.03841627   -0.08338369 -0.04898711    0.03620108  0.03185357
 -0.03620108 -0.03185357    0.03620108  0.03185357   -0.10056550 -0.04892188
    2    2
  0.24949207  0.00000000    0.00103322 -0.00000000   -0.00362360  0.00626839
  0.00103322 -0.00000000    0.24949207  0.00000000    0.00362360 -0.00626839
 -0.00362360 -0.00626839    0.00362360  0.00626839    0.30467933 -0.00000000

     Diagonalizing the dynamical matrix

     q = (    0.750000000  -0.250000000   0.750000000 ) 

 **************************************************************************
     freq (    1) =       4.432800 [THz] =     147.862286 [cm-1]
 (  0.025903 -0.499329  0.000000 -0.000000 -0.025903  0.499329 ) 
 (  0.500000 -0.000000 -0.000000  0.000000 -0.500000  0.000000 ) 
     freq (    2) =       6.791597 [THz] =     226.543281 [cm-1]
 ( -0.395612 -0.062659 -0.362310  0.218773 -0.395612 -0.062659 ) 
 ( -0.400543 -0.000000 -0.323626 -0.272758 -0.400543  0.000000 ) 
     freq (    3) =       9.634507 [THz] =     321.372556 [cm-1]
 (  0.041612  0.330736 -0.486487 -0.202718  0.041612  0.330736 ) 
 (  0.333343  0.000000 -0.261861 -0.457376  0.333343  0.000000 ) 
     freq (    4) =      11.682399 [THz] =     389.682901 [cm-1]
 ( -0.268812 -0.301899  0.371656  0.187258 -0.268812 -0.301899 ) 
 (  0.404231 -0.000000 -0.387003 -0.153045  0.404231  0.000000 ) 
     freq (    5) =      13.863336 [THz] =     462.431107 [cm-1]
 ( -0.025903  0.499329 -0.000000  0.000000  0.025903 -0.499329 ) 
 (  0.500000  0.000000  0.000000  0.000000 -0.500000  0.000000 ) 
     freq (    6) =      13.867242 [THz] =     462.561411 [cm-1]
 ( -0.249642 -0.052185 -0.522231  0.311747 -0.249642 -0.052185 ) 
 (  0.255038  0.000000  0.447393  0.412008  0.255038  0.000000 ) 
 **************************************************************************
