Dynamical matrix file
                                                                           
  1    2  2 10.2400000  0.0000000  0.0000000  0.0000000  0.0000000  0.0000000
           1  'Si  '    25598.822984527003     
    1    1      0.0000000000      0.0000000000      0.0000000000
    2    1      0.2500000000      0.2500000000      0.2500000000

     Dynamical  Matrix in cartesian axes

     q = (    0.750000000  -0.250000000   0.750000000 ) 

    1    1
  0.25244107  0.00000000   -0.00523207  0.00783067    0.00230736  0.00000000
 -0.00523207 -0.00783067    0.30956246  0.00000000   -0.00523207 -0.00783067
  0.00230736  0.00000000   -0.00523207  0.00783067    0.25244107  0.00000000
    1    2
 -0.06561023  0.06292156   -0.03963905  0.04507415   -0.04698063 -0.14710989
 -0.03963905  0.04507415   -0.06395390  0.08232015   -0.03963905  0.04507415
 -0.04698063 -0.14710989   -0.03963905  0.04507415   -0.06561023  0.06292156
    2    1
 -0.06561023 -0.06292156   -0.03963905 -0.04507415   -0.04698063  0.14710989
 -0.03963905 -0.04507415   -0.06395390 -0.08232015   -0.03963905 -0.04507415
 -0.04698063  0.14710989   -0.03963905 -0.04507415   -0.06561023 -0.06292156
    2    2
  0.25244107  0.00000000   -0.00523207 -0.00783067    0.00230736  0.00000000
 -0.00523207  0.00783067    0.30956246  0.00000000   -0.00523207  0.00783067
  0.00230736  0.00000000   -0.00523207 -0.00783067    0.25244107  0.00000000

     Dynamical  Matrix in cartesian axes

     q = (    0.750000000  -0.250000000  -0.750000000 ) 

    1    1
  0.25244107  0.00000000   -0.00523207 -0.00783067   -0.00230736  0.00000000
 -0.00523207  0.00783067    0.30956246  0.00000000    0.00523207 -0.00783067
 -0.00230736  0.00000000    0.00523207  0.00783067    0.25244107  0.00000000
    1    2
 -0.06292156  0.06561023   -0.04507415  0.03963905   -0.14710989 -0.04698063
 -0.04507415  0.03963905   -0.08232015  0.06395390    0.04507415 -0.03963905
 -0.14710989 -0.04698063    0.04507415 -0.03963905   -0.06292156  0.06561023
    2    1
 -0.06292156 -0.06561023   -0.04507415 -0.03963905   -0.14710989  0.04698063
 -0.04507415 -0.03963905   -0.08232015 -0.06395390    0.04507415  0.03963905
 -0.14710989  0.04698063    0.04507415  0.03963905   -0.06292156 -0.06561023
    2    2
  0.25244107  0.00000000   -0.00523207  0.00783067   -0.00230736  0.00000000
 -0.00523207 -0.00783067    0.30956246  0.00000000    0.00523207  0.00783067
 -0.00230736  0.00000000    0.00523207 -0.00783067    0.25244107  0.00000000

     Dynamical  Matrix in cartesian axes

     q = (   -0.750000000  -0.250000000  -0.750000000 ) 

    1    1
  0.25244107  0.00000000    0.00523207 -0.00783067    0.00230736  0.00000000
  0.00523207  0.00783067    0.30956246  0.00000000    0.00523207  0.00783067
  0.00230736  0.00000000    0.00523207 -0.00783067    0.25244107  0.00000000
    1    2
  0.06292156  0.06561023   -0.04507415 -0.03963905   -0.14710989  0.04698063
 -0.04507415 -0.03963905    0.08232015  0.06395390   -0.04507415 -0.03963905
 -0.14710989  0.04698063   -0.04507415 -0.03963905    0.06292156  0.06561023
    2    1
  0.06292156 -0.06561023   -0.04507415  0.03963905   -0.14710989 -0.04698063
 -0.04507415  0.03963905    0.08232015 -0.06395390   -0.04507415  0.03963905
 -0.14710989 -0.04698063   -0.04507415  0.03963905    0.06292156 -0.06561023
    2    2
  0.25244107  0.00000000    0.00523207  0.00783067    0.00230736  0.00000000
  0.00523207 -0.00783067    0.30956246  0.00000000    0.00523207 -0.00783067
  0.00230736  0.00000000    0.00523207  0.00783067    0.25244107  0.00000000

     Dynamical  Matrix in cartesian axes

     q = (   -0.750000000  -0.250000000   0.750000000 ) 

    1    1
  0.25244107  0.00000000    0.00523207  0.00783067   -0.00230736  0.00000000
  0.00523207 -0.00783067    0.30956246  0.00000000   -0.00523207  0.00783067
 -0.00230736  0.00000000   -0.00523207 -0.00783067    0.25244107  0.00000000
    1    2
 -0.06292156  0.06561023    0.04507415 -0.03963905   -0.14710989 -0.04698063
  0.04507415 -0.03963905   -0.08232015  0.06395390   -0.04507415  0.03963905
 -0.14710989 -0.04698063   -0.04507415  0.03963905   -0.06292156  0.06561023
    2    1
 -0.06292156 -0.06561023    0.04507415  0.03963905   -0.14710989  0.04698063
  0.04507415  0.03963905   -0.08232015 -0.06395390   -0.04507415 -0.03963905
 -0.14710989  0.04698063   -0.04507415 -0.03963905   -0.06292156 -0.06561023
    2    2
  0.25244107  0.00000000    0.00523207 -0.00783067   -0.00230736  0.00000000
  0.00523207  0.00783067    0.30956246  0.00000000   -0.00523207 -0.00783067
 -0.00230736  0.00000000   -0.00523207  0.00783067    0.25244107  0.00000000

     Dynamical  Matrix in cartesian axes

     q = (   -0.750000000   0.250000000  -0.750000000 ) 

    1    1
  0.25244107  0.00000000   -0.00523207 -0.00783067    0.00230736  0.00000000
 -0.00523207  0.00783067    0.30956246  0.00000000   -0.00523207  0.00783067
  0.00230736  0.00000000   -0.00523207 -0.00783067    0.25244107  0.00000000
    1    2
 -0.06561023 -0.06292156   -0.03963905 -0.04507415   -0.04698063  0.14710989
 -0.03963905 -0.04507415   -0.06395390 -0.08232015   -0.03963905 -0.04507415
 -0.04698063  0.14710989   -0.03963905 -0.04507415   -0.06561023 -0.06292156
    2    1
 -0.06561023  0.06292156   -0.03963905  0.04507415   -0.04698063 -0.14710989
 -0.03963905  0.04507415   -0.06395390  0.08232015   -0.03963905  0.04507415
 -0.04698063 -0.14710989   -0.03963905  0.04507415   -0.06561023  0.06292156
    2    2
  0.25244107  0.00000000   -0.00523207  0.00783067    0.00230736  0.00000000
 -0.00523207 -0.00783067    0.30956246  0.00000000   -0.00523207 -0.00783067
  0.00230736  0.00000000   -0.00523207  0.00783067    0.25244107  0.00000000

     Dynamical  Matrix in cartesian axes

     q = (   -0.250000000   0.750000000  -0.750000000 ) 

    1    1
  0.30956246  0.00000000   -0.00523207  0.00783067    0.00523207 -0.00783067
 -0.00523207 -0.00783067    0.25244107  0.00000000   -0.00230736  0.00000000
  0.00523207  0.00783067   -0.00230736  0.00000000    0.25244107  0.00000000
    1    2
 -0.08232015  0.06395390   -0.04507415  0.03963905    0.04507415 -0.03963905
 -0.04507415  0.03963905   -0.06292156  0.06561023   -0.14710989 -0.04698063
  0.04507415 -0.03963905   -0.14710989 -0.04698063   -0.06292156  0.06561023
    2    1
 -0.08232015 -0.06395390   -0.04507415 -0.03963905    0.04507415  0.03963905
 -0.04507415 -0.03963905   -0.06292156 -0.06561023   -0.14710989  0.04698063
  0.04507415  0.03963905   -0.14710989  0.04698063   -0.06292156 -0.06561023
    2    2
  0.30956246  0.00000000   -0.00523207 -0.00783067    0.00523207  0.00783067
 -0.00523207  0.00783067    0.25244107  0.00000000   -0.00230736  0.00000000
  0.00523207 -0.00783067   -0.00230736  0.00000000    0.25244107  0.00000000

     Dynamical  Matrix in cartesian axes

     q = (   -0.750000000   0.750000000  -0.250000000 ) 

    1    1
  0.25244107  0.00000000   -0.00230736  0.00000000    0.00523207  0.00783067
 -0.00230736  0.00000000    0.25244107  0.00000000   -0.00523207 -0.00783067
  0.00523207 -0.00783067   -0.00523207  0.00783067    0.30956246  0.00000000
    1    2
 -0.06292156  0.06561023   -0.14710989 -0.04698063    0.04507415 -0.03963905
 -0.14710989 -0.04698063   -0.06292156  0.06561023   -0.04507415  0.03963905
  0.04507415 -0.03963905   -0.04507415  0.03963905   -0.08232015  0.06395390
    2    1
 -0.06292156 -0.06561023   -0.14710989  0.04698063    0.04507415  0.03963905
 -0.14710989  0.04698063   -0.06292156 -0.06561023   -0.04507415 -0.03963905
  0.04507415  0.03963905   -0.04507415 -0.03963905   -0.08232015 -0.06395390
    2    2
  0.25244107  0.00000000   -0.00230736  0.00000000    0.00523207 -0.00783067
 -0.00230736  0.00000000    0.25244107  0.00000000   -0.00523207  0.00783067
  0.00523207  0.00783067   -0.00523207 -0.00783067    0.30956246  0.00000000

     Dynamical  Matrix in cartesian axes

     q = (    0.750000000   0.250000000   0.750000000 ) 

    1    1
  0.25244107  0.00000000    0.00523207  0.00783067    0.00230736  0.00000000
  0.00523207 -0.00783067    0.30956246  0.00000000    0.00523207 -0.00783067
  0.00230736  0.00000000    0.00523207  0.00783067    0.25244107  0.00000000
    1    2
  0.06292156 -0.06561023   -0.04507415  0.03963905   -0.14710989 -0.04698063
 -0.04507415  0.03963905    0.08232015 -0.06395390   -0.04507415  0.03963905
 -0.14710989 -0.04698063   -0.04507415  0.03963905    0.06292156 -0.06561023
    2    1
  0.06292156  0.06561023   -0.04507415 -0.03963905   -0.14710989  0.04698063
 -0.04507415 -0.03963905    0.08232015  0.06395390   -0.04507415 -0.03963905
 -0.14710989  0.04698063   -0.04507415 -0.03963905    0.06292156  0.06561023
    2    2
  0.25244107  0.00000000    0.00523207 -0.00783067    0.00230736  0.00000000
  0.00523207  0.00783067    0.30956246  0.00000000    0.00523207  0.00783067
  0.00230736  0.00000000    0.00523207 -0.00783067    0.25244107  0.00000000

     Dynamical  Matrix in cartesian axes

     q = (   -0.750000000   0.250000000   0.750000000 ) 

    1    1
  0.25244107  0.00000000   -0.00523207  0.00783067   -0.00230736  0.00000000
 -0.00523207 -0.00783067    0.30956246  0.00000000    0.00523207  0.00783067
 -0.00230736  0.00000000    0.00523207 -0.00783067    0.25244107  0.00000000
    1    2
 -0.06292156 -0.06561023   -0.04507415 -0.03963905   -0.14710989  0.04698063
 -0.04507415 -0.03963905   -0.08232015 -0.06395390    0.04507415  0.03963905
 -0.14710989  0.04698063    0.04507415  0.03963905   -0.06292156 -0.06561023
    2    1
 -0.06292156  0.06561023   -0.04507415  0.03963905   -0.14710989 -0.04698063
 -0.04507415  0.03963905   -0.08232015  0.06395390    0.04507415 -0.03963905
 -0.14710989 -0.04698063    0.04507415 -0.03963905   -0.06292156  0.06561023
    2    2
  0.25244107  0.00000000   -0.00523207 -0.00783067   -0.00230736  0.00000000
 -0.00523207  0.00783067    0.30956246  0.00000000    0.00523207 -0.00783067
 -0.00230736  0.00000000    0.00523207  0.00783067    0.25244107  0.00000000

     Dynamical  Matrix in cartesian axes

     q = (    0.750000000   0.250000000  -0.750000000 ) 

    1    1
  0.25244107  0.00000000    0.00523207 -0.00783067   -0.00230736  0.00000000
  0.00523207  0.00783067    0.30956246  0.00000000   -0.00523207 -0.00783067
 -0.00230736  0.00000000   -0.00523207  0.00783067    0.25244107  0.00000000
    1    2
 -0.06292156 -0.06561023    0.04507415  0.03963905   -0.14710989  0.04698063
  0.04507415  0.03963905   -0.08232015 -0.06395390   -0.04507415 -0.03963905
 -0.14710989  0.04698063   -0.04507415 -0.03963905   -0.06292156 -0.06561023
    2    1
 -0.06292156  0.06561023    0.04507415 -0.03963905   -0.14710989 -0.04698063
  0.04507415 -0.03963905   -0.08232015  0.06395390   -0.04507415  0.03963905
 -0.14710989 -0.04698063   -0.04507415  0.03963905   -0.06292156  0.06561023
    2    2
  0.25244107  0.00000000    0.00523207  0.00783067   -0.00230736  0.00000000
  0.00523207 -0.00783067    0.30956246  0.00000000   -0.00523207  0.00783067
 -0.00230736  0.00000000   -0.00523207 -0.00783067    0.25244107  0.00000000

     Dynamical  Matrix in cartesian axes

     q = (   -0.750000000   0.750000000   0.250000000 ) 

    1    1
  0.25244107  0.00000000   -0.00230736  0.00000000   -0.00523207  0.00783067
 -0.00230736  0.00000000    0.25244107  0.00000000    0.00523207 -0.00783067
 -0.00523207 -0.00783067    0.00523207  0.00783067    0.30956246  0.00000000
    1    2
 -0.06292156 -0.06561023   -0.14710989  0.04698063   -0.04507415 -0.03963905
 -0.14710989  0.04698063   -0.06292156 -0.06561023    0.04507415  0.03963905
 -0.04507415 -0.03963905    0.04507415  0.03963905   -0.08232015 -0.06395390
    2    1
 -0.06292156  0.06561023   -0.14710989 -0.04698063   -0.04507415  0.03963905
 -0.14710989 -0.04698063   -0.06292156  0.06561023    0.04507415 -0.03963905
 -0.04507415  0.03963905    0.04507415 -0.03963905   -0.08232015  0.06395390
    2    2
  0.25244107  0.00000000   -0.00230736  0.00000000   -0.00523207 -0.00783067
 -0.00230736  0.00000000    0.25244107  0.00000000    0.00523207  0.00783067
 -0.00523207  0.00783067    0.00523207 -0.00783067    0.30956246  0.00000000

     Dynamical  Matrix in cartesian axes

     q = (   -0.250000000   0.750000000   0.750000000 ) 

    1    1
  0.30956246  0.00000000   -0.00523207 -0.00783067   -0.00523207 -0.00783067
 -0.00523207  0.00783067    0.25244107  0.00000000    0.00230736  0.00000000
 -0.00523207  0.00783067    0.00230736  0.00000000    0.25244107  0.00000000
    1    2
 -0.06395390  0.08232015   -0.03963905  0.04507415   -0.03963905  0.04507415
 -0.03963905  0.04507415   -0.06561023  0.06292156   -0.04698063 -0.14710989
 -0.03963905  0.04507415   -0.04698063 -0.14710989   -0.06561023  0.06292156
    2    1
 -0.06395390 -0.08232015   -0.03963905 -0.04507415   -0.03963905 -0.04507415
 -0.03963905 -0.04507415   -0.06561023 -0.06292156   -0.04698063  0.14710989
 -0.03963905 -0.04507415   -0.04698063  0.14710989   -0.06561023 -0.06292156
    2    2
  0.30956246  0.00000000   -0.00523207  0.00783067   -0.00523207  0.00783067
 -0.00523207 -0.00783067    0.25244107  0.00000000    0.00230736  0.00000000
 -0.00523207 -0.00783067    0.00230736  0.00000000    0.25244107  0.00000000

     Dynamical  Matrix in cartesian axes

     q = (    0.250000000   0.750000000  -0.750000000 ) 

    1    1
  0.30956246  0.00000000    0.00523207  0.00783067   -0.00523207 -0.00783067
  0.00523207 -0.00783067    0.25244107  0.00000000   -0.00230736  0.00000000
 -0.00523207  0.00783067   -0.00230736  0.00000000    0.25244107  0.00000000
    1    2
 -0.08232015 -0.06395390    0.04507415  0.03963905   -0.04507415 -0.03963905
  0.04507415  0.03963905   -0.06292156 -0.06561023   -0.14710989  0.04698063
 -0.04507415 -0.03963905   -0.14710989  0.04698063   -0.06292156 -0.06561023
    2    1
 -0.08232015  0.06395390    0.04507415 -0.03963905   -0.04507415  0.03963905
  0.04507415 -0.03963905   -0.06292156  0.06561023   -0.14710989 -0.04698063
 -0.04507415  0.03963905   -0.14710989 -0.04698063   -0.06292156  0.06561023
    2    2
  0.30956246  0.00000000    0.00523207 -0.00783067   -0.00523207  0.00783067
  0.00523207  0.00783067    0.25244107  0.00000000   -0.00230736  0.00000000
 -0.00523207 -0.00783067   -0.00230736  0.00000000    0.25244107  0.00000000

     Dynamical  Matrix in cartesian axes

     q = (   -0.250000000  -0.750000000  -0.750000000 ) 

    1    1
  0.30956246  0.00000000    0.00523207  0.00783067    0.00523207  0.00783067
  0.00523207 -0.00783067    0.25244107  0.00000000    0.00230736  0.00000000
  0.00523207 -0.00783067    0.00230736  0.00000000    0.25244107  0.00000000
    1    2
  0.08232015  0.06395390   -0.04507415 -0.03963905   -0.04507415 -0.03963905
 -0.04507415 -0.03963905    0.06292156  0.06561023   -0.14710989  0.04698063
 -0.04507415 -0.03963905   -0.14710989  0.04698063    0.06292156  0.06561023
    2    1
  0.08232015 -0.06395390   -0.04507415  0.03963905   -0.04507415  0.03963905
 -0.04507415  0.03963905    0.06292156 -0.06561023   -0.14710989 -0.04698063
 -0.04507415  0.03963905   -0.14710989 -0.04698063    0.06292156 -0.06561023
    2    2
  0.30956246  0.00000000    0.00523207 -0.00783067    0.00523207 -0.00783067
  0.00523207  0.00783067    0.25244107  0.00000000    0.00230736  0.00000000
  0.00523207  0.00783067    0.00230736  0.00000000    0.25244107  0.00000000

     Dynamical  Matrix in cartesian axes

     q = (    0.750000000   0.750000000  -0.250000000 ) 

    1    1
  0.25244107  0.00000000    0.00230736  0.00000000   -0.00523207  0.00783067
  0.00230736  0.00000000    0.25244107  0.00000000   -0.00523207  0.00783067
 -0.00523207 -0.00783067   -0.00523207 -0.00783067    0.30956246  0.00000000
    1    2
 -0.06561023  0.06292156   -0.04698063 -0.14710989   -0.03963905  0.04507415
 -0.04698063 -0.14710989   -0.06561023  0.06292156   -0.03963905  0.04507415
 -0.03963905  0.04507415   -0.03963905  0.04507415   -0.06395390  0.08232015
    2    1
 -0.06561023 -0.06292156   -0.04698063  0.14710989   -0.03963905 -0.04507415
 -0.04698063  0.14710989   -0.06561023 -0.06292156   -0.03963905 -0.04507415
 -0.03963905 -0.04507415   -0.03963905 -0.04507415   -0.06395390 -0.08232015
    2    2
  0.25244107  0.00000000    0.00230736  0.00000000   -0.00523207 -0.00783067
  0.00230736  0.00000000    0.25244107  0.00000000   -0.00523207 -0.00783067
 -0.00523207  0.00783067   -0.00523207  0.00783067    0.30956246  0.00000000

     Dynamical  Matrix in cartesian axes

     q = (    0.750000000  -0.750000000   0.250000000 ) 

    1    1
  0.25244107  0.00000000   -0.00230736  0.00000000    0.00523207 -0.00783067
 -0.00230736  0.00000000    0.25244107  0.00000000   -0.00523207  0.00783067
  0.00523207  0.00783067   -0.00523207 -0.00783067    0.30956246  0.00000000
    1    2
 -0.06292156 -0.06561023   -0.14710989  0.04698063    0.04507415  0.03963905
 -0.14710989  0.04698063   -0.06292156 -0.06561023   -0.04507415 -0.03963905
  0.04507415  0.03963905   -0.04507415 -0.03963905   -0.08232015 -0.06395390
    2    1
 -0.06292156  0.06561023   -0.14710989 -0.04698063    0.04507415 -0.03963905
 -0.14710989 -0.04698063   -0.06292156  0.06561023   -0.04507415  0.03963905
  0.04507415 -0.03963905   -0.04507415  0.03963905   -0.08232015  0.06395390
    2    2
  0.25244107  0.00000000   -0.00230736  0.00000000    0.00523207  0.00783067
 -0.00230736  0.00000000    0.25244107  0.00000000   -0.00523207 -0.00783067
  0.00523207 -0.00783067   -0.00523207  0.00783067    0.30956246  0.00000000

     Dynamical  Matrix in cartesian axes

     q = (   -0.750000000  -0.750000000  -0.250000000 ) 

    1    1
  0.25244107  0.00000000    0.00230736  0.00000000    0.00523207 -0.00783067
  0.00230736  0.00000000    0.25244107  0.00000000    0.00523207 -0.00783067
  0.00523207  0.00783067    0.00523207  0.00783067    0.30956246  0.00000000
    1    2
  0.06292156  0.06561023   -0.14710989  0.04698063   -0.04507415 -0.03963905
 -0.14710989  0.04698063    0.06292156  0.06561023   -0.04507415 -0.03963905
 -0.04507415 -0.03963905   -0.04507415 -0.03963905    0.08232015  0.06395390
    2    1
  0.06292156 -0.06561023   -0.14710989 -0.04698063   -0.04507415  0.03963905
 -0.14710989 -0.04698063    0.06292156 -0.06561023   -0.04507415  0.03963905
 -0.04507415  0.03963905   -0.04507415  0.03963905    0.08232015 -0.06395390
    2    2
  0.25244107  0.00000000    0.00230736  0.00000000    0.00523207  0.00783067
  0.00230736  0.00000000    0.25244107  0.00000000    0.00523207  0.00783067
  0.00523207 -0.00783067    0.00523207 -0.00783067    0.30956246  0.00000000

     Dynamical  Matrix in cartesian axes

     q = (    0.250000000  -0.750000000   0.750000000 ) 

    1    1
  0.30956246  0.00000000   -0.00523207 -0.00783067    0.00523207  0.00783067
 -0.00523207  0.00783067    0.25244107  0.00000000   -0.00230736  0.00000000
  0.00523207 -0.00783067   -0.00230736  0.00000000    0.25244107  0.00000000
    1    2
 -0.08232015 -0.06395390   -0.04507415 -0.03963905    0.04507415  0.03963905
 -0.04507415 -0.03963905   -0.06292156 -0.06561023   -0.14710989  0.04698063
  0.04507415  0.03963905   -0.14710989  0.04698063   -0.06292156 -0.06561023
    2    1
 -0.08232015  0.06395390   -0.04507415  0.03963905    0.04507415 -0.03963905
 -0.04507415  0.03963905   -0.06292156  0.06561023   -0.14710989 -0.04698063
  0.04507415 -0.03963905   -0.14710989 -0.04698063   -0.06292156  0.06561023
    2    2
  0.30956246  0.00000000   -0.00523207  0.00783067    0.00523207 -0.00783067
 -0.00523207 -0.00783067    0.25244107  0.00000000   -0.00230736  0.00000000
  0.00523207  0.00783067   -0.00230736  0.00000000    0.25244107  0.00000000

     Dynamical  Matrix in cartesian axes

     q = (   -0.750000000  -0.750000000   0.250000000 ) 

    1    1
  0.25244107  0.00000000    0.00230736  0.00000000   -0.00523207 -0.00783067
  0.00230736  0.00000000    0.25244107  0.00000000   -0.00523207 -0.00783067
 -0.00523207  0.00783067   -0.00523207  0.00783067    0.30956246  0.00000000
    1    2
 -0.06561023 -0.06292156   -0.04698063  0.14710989   -0.03963905 -0.04507415
 -0.04698063  0.14710989   -0.06561023 -0.06292156   -0.03963905 -0.04507415
 -0.03963905 -0.04507415   -0.03963905 -0.04507415   -0.06395390 -0.08232015
    2    1
 -0.06561023  0.06292156   -0.04698063 -0.14710989   -0.03963905  0.04507415
 -0.04698063 -0.14710989   -0.06561023  0.06292156   -0.03963905  0.04507415
 -0.03963905  0.04507415   -0.03963905  0.04507415   -0.06395390  0.08232015
    2    2
  0.25244107  0.00000000    0.00230736  0.00000000   -0.00523207  0.00783067
  0.00230736  0.00000000    0.25244107  0.00000000   -0.00523207  0.00783067
 -0.00523207 -0.00783067   -0.00523207 -0.00783067    0.30956246  0.00000000

     Dynamical  Matrix in cartesian axes

     q = (    0.250000000   0.750000000   0.750000000 ) 

    1    1
  0.30956246  0.00000000    0.00523207 -0.00783067    0.00523207 -0.00783067
  0.00523207  0.00783067    0.25244107  0.00000000    0.00230736  0.00000000
  0.00523207  0.00783067    0.00230736  0.00000000    0.25244107  0.00000000
    1    2
  0.08232015 -0.06395390   -0.04507415  0.03963905   -0.04507415  0.03963905
 -0.04507415  0.03963905    0.06292156 -0.06561023   -0.14710989 -0.04698063
 -0.04507415  0.03963905   -0.14710989 -0.04698063    0.06292156 -0.06561023
    2    1
  0.08232015  0.06395390   -0.04507415 -0.03963905   -0.04507415 -0.03963905
 -0.04507415 -0.03963905    0.06292156  0.06561023   -0.14710989  0.04698063
 -0.04507415 -0.03963905   -0.14710989  0.04698063    0.06292156  0.06561023
    2    2
  0.30956246  0.00000000    0.00523207  0.00783067    0.00523207  0.00783067
  0.00523207 -0.00783067    0.25244107  0.00000000    0.00230736  0.00000000
  0.00523207 -0.00783067    0.00230736  0.00000000    0.25244107  0.00000000

     Dynamical  Matrix in cartesian axes

     q = (   -0.250000000  -0.750000000   0.750000000 ) 

    1    1
  0.30956246  0.00000000    0.00523207 -0.00783067   -0.00523207  0.00783067
  0.00523207  0.00783067    0.25244107  0.00000000   -0.00230736  0.00000000
 -0.00523207 -0.00783067   -0.00230736  0.00000000    0.25244107  0.00000000
    1    2
 -0.08232015  0.06395390    0.04507415 -0.03963905   -0.04507415  0.03963905
  0.04507415 -0.03963905   -0.06292156  0.06561023   -0.14710989 -0.04698063
 -0.04507415  0.03963905   -0.14710989 -0.04698063   -0.06292156  0.06561023
    2    1
 -0.08232015 -0.06395390    0.04507415  0.03963905   -0.04507415 -0.03963905
  0.04507415  0.03963905   -0.06292156 -0.06561023   -0.14710989  0.04698063
 -0.04507415 -0.03963905   -0.14710989  0.04698063   -0.06292156 -0.06561023
    2    2
  0.30956246  0.00000000    0.00523207  0.00783067   -0.00523207 -0.00783067
  0.00523207 -0.00783067    0.25244107  0.00000000   -0.00230736  0.00000000
 -0.00523207  0.00783067   -0.00230736  0.00000000    0.25244107  0.00000000

     Dynamical  Matrix in cartesian axes

     q = (    0.750000000   0.750000000   0.250000000 ) 

    1    1
  0.25244107  0.00000000    0.00230736  0.00000000    0.00523207  0.00783067
  0.00230736  0.00000000    0.25244107  0.00000000    0.00523207  0.00783067
  0.00523207 -0.00783067    0.00523207 -0.00783067    0.30956246  0.00000000
    1    2
  0.06292156 -0.06561023   -0.14710989 -0.04698063   -0.04507415  0.03963905
 -0.14710989 -0.04698063    0.06292156 -0.06561023   -0.04507415  0.03963905
 -0.04507415  0.03963905   -0.04507415  0.03963905    0.08232015 -0.06395390
    2    1
  0.06292156  0.06561023   -0.14710989  0.04698063   -0.04507415 -0.03963905
 -0.14710989  0.04698063    0.06292156  0.06561023   -0.04507415 -0.03963905
 -0.04507415 -0.03963905   -0.04507415 -0.03963905    0.08232015  0.06395390
    2    2
  0.25244107  0.00000000    0.00230736  0.00000000    0.00523207 -0.00783067
  0.00230736  0.00000000    0.25244107  0.00000000    0.00523207 -0.00783067
  0.00523207  0.00783067    0.00523207  0.00783067    0.30956246  0.00000000

     Dynamical  Matrix in cartesian axes

     q = (    0.250000000  -0.750000000  -0.750000000 ) 

    1    1
  0.30956246  0.00000000   -0.00523207  0.00783067   -0.00523207  0.00783067
 -0.00523207 -0.00783067    0.25244107  0.00000000    0.00230736  0.00000000
 -0.00523207 -0.00783067    0.00230736  0.00000000    0.25244107  0.00000000
    1    2
 -0.06395390 -0.08232015   -0.03963905 -0.04507415   -0.03963905 -0.04507415
 -0.03963905 -0.04507415   -0.06561023 -0.06292156   -0.04698063  0.14710989
 -0.03963905 -0.04507415   -0.04698063  0.14710989   -0.06561023 -0.06292156
    2    1
 -0.06395390  0.08232015   -0.03963905  0.04507415   -0.03963905  0.04507415
 -0.03963905  0.04507415   -0.06561023  0.06292156   -0.04698063 -0.14710989
 -0.03963905  0.04507415   -0.04698063 -0.14710989   -0.06561023  0.06292156
    2    2
  0.30956246  0.00000000   -0.00523207 -0.00783067   -0.00523207 -0.00783067
 -0.00523207  0.00783067    0.25244107  0.00000000    0.00230736  0.00000000
 -0.00523207  0.00783067    0.00230736  0.00000000    0.25244107  0.00000000

     Dynamical  Matrix in cartesian axes

     q = (    0.750000000  -0.750000000  -0.250000000 ) 

    1    1
  0.25244107  0.00000000   -0.00230736  0.00000000   -0.00523207 -0.00783067
 -0.00230736  0.00000000    0.25244107  0.00000000    0.00523207  0.00783067
 -0.00523207  0.00783067    0.00523207 -0.00783067    0.30956246  0.00000000
    1    2
 -0.06292156  0.06561023   -0.14710989 -0.04698063   -0.04507415  0.03963905
 -0.14710989 -0.04698063   -0.06292156  0.06561023    0.04507415 -0.03963905
 -0.04507415  0.03963905    0.04507415 -0.03963905   -0.08232015  0.06395390
    2    1
 -0.06292156 -0.06561023   -0.14710989  0.04698063   -0.04507415 -0.03963905
 -0.14710989  0.04698063   -0.06292156 -0.06561023    0.04507415  0.03963905
 -0.04507415 -0.03963905    0.04507415  0.03963905   -0.08232015 -0.06395390
    2    2
  0.25244107  0.00000000   -0.00230736  0.00000000   -0.00523207  0.00783067
 -0.00230736  0.00000000    0.25244107  0.00000000    0.00523207 -0.00783067
 -0.00523207 -0.00783067    0.00523207  0.00783067    0.30956246  0.00000000

     Diagonalizing the dynamical matrix

     q = (    0.750000000  -0.250000000   0.750000000 ) 

 **************************************************************************
     freq (    1) =       4.075096 [THz] =     135.930582 [cm-1]
 (  0.044176 -0.498045 -0.000000  0.000000 -0.044176  0.498045 ) 
 (  0.500000  0.000000 -0.000000 -0.000000 -0.500000  0.000000 ) 
     freq (    2) =       5.704322 [THz] =     190.275715 [cm-1]
 ( -0.394722 -0.195248 -0.304746  0.138835 -0.394722 -0.195248 ) 
 ( -0.440372 -0.000000 -0.211600 -0.259558 -0.440372  0.000000 ) 
     freq (    3) =       9.361858 [THz] =     312.277963 [cm-1]
 (  0.128723 -0.252214  0.397587  0.426100  0.128723 -0.252214 ) 
 ( -0.283164  0.000000  0.198789  0.547831 -0.283164  0.000000 ) 
     freq (    4) =      12.397702 [THz] =     413.542830 [cm-1]
 (  0.101628  0.314147 -0.419238 -0.325894  0.101628  0.314147 ) 
 ( -0.330176 -0.000000  0.439113  0.298575 -0.330176  0.000000 ) 
     freq (    5) =      13.960812 [THz] =     465.682557 [cm-1]
 (  0.044176 -0.498045  0.000000 -0.000000 -0.044176  0.498045 ) 
 ( -0.500000 -0.000000 -0.000000 -0.000000  0.500000  0.000000 ) 
     freq (    6) =      14.257952 [THz] =     475.594095 [cm-1]
 ( -0.303683 -0.157007 -0.468138  0.217021 -0.303683 -0.157007 ) 
 (  0.341869  0.000000  0.316178  0.407777  0.341869 -0.000000 ) 
 **************************************************************************
