Dynamical matrix file
                                                                           
  1    2  2 10.2400000  0.0000000  0.0000000  0.0000000  0.0000000  0.0000000
           1  'Si  '    25598.822984527003     
    1    1      0.0000000000      0.0000000000      0.0000000000
    2    1      0.2500000000      0.2500000000      0.2500000000

     Dynamical  Matrix in cartesian axes

     q = (   -0.250000000   0.250000000  -0.250000000 ) 

    1    1
  0.28878054  0.00000000   -0.01139928  0.00000000    0.01139928  0.00000000
 -0.01139928  0.00000000    0.28878054  0.00000000   -0.01139928  0.00000000
  0.01139928  0.00000000   -0.01139928  0.00000000    0.28878054  0.00000000
    1    2
 -0.20977395 -0.06123351   -0.04172609  0.04193424    0.04172609 -0.04193424
 -0.04172609  0.04193424   -0.20977395 -0.06123351   -0.04172609  0.04193424
  0.04172609 -0.04193424   -0.04172609  0.04193424   -0.20977395 -0.06123351
    2    1
 -0.20977395  0.06123351   -0.04172609 -0.04193424    0.04172609  0.04193424
 -0.04172609 -0.04193424   -0.20977395  0.06123351   -0.04172609 -0.04193424
  0.04172609  0.04193424   -0.04172609 -0.04193424   -0.20977395  0.06123351
    2    2
  0.28878054  0.00000000   -0.01139928  0.00000000    0.01139928  0.00000000
 -0.01139928  0.00000000    0.28878054  0.00000000   -0.01139928  0.00000000
  0.01139928  0.00000000   -0.01139928  0.00000000    0.28878054  0.00000000

     Dynamical  Matrix in cartesian axes

     q = (    0.250000000  -0.250000000  -0.250000000 ) 

    1    1
  0.28878054  0.00000000   -0.01139928  0.00000000   -0.01139928  0.00000000
 -0.01139928  0.00000000    0.28878054  0.00000000    0.01139928  0.00000000
 -0.01139928  0.00000000    0.01139928  0.00000000    0.28878054  0.00000000
    1    2
 -0.20977395 -0.06123351   -0.04172609  0.04193424   -0.04172609  0.04193424
 -0.04172609  0.04193424   -0.20977395 -0.06123351    0.04172609 -0.04193424
 -0.04172609  0.04193424    0.04172609 -0.04193424   -0.20977395 -0.06123351
    2    1
 -0.20977395  0.06123351   -0.04172609 -0.04193424   -0.04172609 -0.04193424
 -0.04172609 -0.04193424   -0.20977395  0.06123351    0.04172609  0.04193424
 -0.04172609 -0.04193424    0.04172609  0.04193424   -0.20977395  0.06123351
    2    2
  0.28878054  0.00000000   -0.01139928  0.00000000   -0.01139928  0.00000000
 -0.01139928  0.00000000    0.28878054  0.00000000    0.01139928  0.00000000
 -0.01139928  0.00000000    0.01139928  0.00000000    0.28878054  0.00000000

     Dynamical  Matrix in cartesian axes

     q = (    0.250000000  -0.250000000   0.250000000 ) 

    1    1
  0.28878054  0.00000000   -0.01139928  0.00000000    0.01139928  0.00000000
 -0.01139928  0.00000000    0.28878054  0.00000000   -0.01139928  0.00000000
  0.01139928  0.00000000   -0.01139928  0.00000000    0.28878054  0.00000000
    1    2
 -0.20977395  0.06123351   -0.04172609 -0.04193424    0.04172609  0.04193424
 -0.04172609 -0.04193424   -0.20977395  0.06123351   -0.04172609 -0.04193424
  0.04172609  0.04193424   -0.04172609 -0.04193424   -0.20977395  0.06123351
    2    1
 -0.20977395 -0.06123351   -0.04172609  0.04193424    0.04172609 -0.04193424
 -0.04172609  0.04193424   -0.20977395 -0.06123351   -0.04172609  0.04193424
  0.04172609 -0.04193424   -0.04172609  0.04193424   -0.20977395 -0.06123351
    2    2
  0.28878054  0.00000000   -0.01139928  0.00000000    0.01139928  0.00000000
 -0.01139928  0.00000000    0.28878054  0.00000000   -0.01139928  0.00000000
  0.01139928  0.00000000   -0.01139928  0.00000000    0.28878054  0.00000000

     Dynamical  Matrix in cartesian axes

     q = (    0.250000000   0.250000000   0.250000000 ) 

    1    1
  0.28878054  0.00000000    0.01139928  0.00000000    0.01139928  0.00000000
  0.01139928  0.00000000    0.28878054  0.00000000    0.01139928  0.00000000
  0.01139928  0.00000000    0.01139928  0.00000000    0.28878054  0.00000000
    1    2
 -0.06123351  0.20977395   -0.04193424 -0.04172609   -0.04193424 -0.04172609
 -0.04193424 -0.04172609   -0.06123351  0.20977395   -0.04193424 -0.04172609
 -0.04193424 -0.04172609   -0.04193424 -0.04172609   -0.06123351  0.20977395
    2    1
 -0.06123351 -0.20977395   -0.04193424  0.04172609   -0.04193424  0.04172609
 -0.04193424  0.04172609   -0.06123351 -0.20977395   -0.04193424  0.04172609
 -0.04193424  0.04172609   -0.04193424  0.04172609   -0.06123351 -0.20977395
    2    2
  0.28878054  0.00000000    0.01139928  0.00000000    0.01139928  0.00000000
  0.01139928  0.00000000    0.28878054  0.00000000    0.01139928  0.00000000
  0.01139928  0.00000000    0.01139928  0.00000000    0.28878054  0.00000000

     Dynamical  Matrix in cartesian axes

     q = (   -0.250000000  -0.250000000  -0.250000000 ) 

    1    1
  0.28878054  0.00000000    0.01139928  0.00000000    0.01139928  0.00000000
  0.01139928  0.00000000    0.28878054  0.00000000    0.01139928  0.00000000
  0.01139928  0.00000000    0.01139928  0.00000000    0.28878054  0.00000000
    1    2
 -0.06123351 -0.20977395   -0.04193424  0.04172609   -0.04193424  0.04172609
 -0.04193424  0.04172609   -0.06123351 -0.20977395   -0.04193424  0.04172609
 -0.04193424  0.04172609   -0.04193424  0.04172609   -0.06123351 -0.20977395
    2    1
 -0.06123351  0.20977395   -0.04193424 -0.04172609   -0.04193424 -0.04172609
 -0.04193424 -0.04172609   -0.06123351  0.20977395   -0.04193424 -0.04172609
 -0.04193424 -0.04172609   -0.04193424 -0.04172609   -0.06123351  0.20977395
    2    2
  0.28878054  0.00000000    0.01139928  0.00000000    0.01139928  0.00000000
  0.01139928  0.00000000    0.28878054  0.00000000    0.01139928  0.00000000
  0.01139928  0.00000000    0.01139928  0.00000000    0.28878054  0.00000000

     Dynamical  Matrix in cartesian axes

     q = (   -0.250000000  -0.250000000   0.250000000 ) 

    1    1
  0.28878054  0.00000000    0.01139928  0.00000000   -0.01139928  0.00000000
  0.01139928  0.00000000    0.28878054  0.00000000   -0.01139928  0.00000000
 -0.01139928  0.00000000   -0.01139928  0.00000000    0.28878054  0.00000000
    1    2
 -0.20977395 -0.06123351    0.04172609 -0.04193424   -0.04172609  0.04193424
  0.04172609 -0.04193424   -0.20977395 -0.06123351   -0.04172609  0.04193424
 -0.04172609  0.04193424   -0.04172609  0.04193424   -0.20977395 -0.06123351
    2    1
 -0.20977395  0.06123351    0.04172609  0.04193424   -0.04172609 -0.04193424
  0.04172609  0.04193424   -0.20977395  0.06123351   -0.04172609 -0.04193424
 -0.04172609 -0.04193424   -0.04172609 -0.04193424   -0.20977395  0.06123351
    2    2
  0.28878054  0.00000000    0.01139928  0.00000000   -0.01139928  0.00000000
  0.01139928  0.00000000    0.28878054  0.00000000   -0.01139928  0.00000000
 -0.01139928  0.00000000   -0.01139928  0.00000000    0.28878054  0.00000000

     Dynamical  Matrix in cartesian axes

     q = (   -0.250000000   0.250000000   0.250000000 ) 

    1    1
  0.28878054  0.00000000   -0.01139928  0.00000000   -0.01139928  0.00000000
 -0.01139928  0.00000000    0.28878054  0.00000000    0.01139928  0.00000000
 -0.01139928  0.00000000    0.01139928  0.00000000    0.28878054  0.00000000
    1    2
 -0.20977395  0.06123351   -0.04172609 -0.04193424   -0.04172609 -0.04193424
 -0.04172609 -0.04193424   -0.20977395  0.06123351    0.04172609  0.04193424
 -0.04172609 -0.04193424    0.04172609  0.04193424   -0.20977395  0.06123351
    2    1
 -0.20977395 -0.06123351   -0.04172609  0.04193424   -0.04172609  0.04193424
 -0.04172609  0.04193424   -0.20977395 -0.06123351    0.04172609 -0.04193424
 -0.04172609  0.04193424    0.04172609 -0.04193424   -0.20977395 -0.06123351
    2    2
  0.28878054  0.00000000   -0.01139928  0.00000000   -0.01139928  0.00000000
 -0.01139928  0.00000000    0.28878054  0.00000000    0.01139928  0.00000000
 -0.01139928  0.00000000    0.01139928  0.00000000    0.28878054  0.00000000

     Dynamical  Matrix in cartesian axes

     q = (    0.250000000   0.250000000  -0.250000000 ) 

    1    1
  0.28878054  0.00000000    0.01139928  0.00000000   -0.01139928  0.00000000
  0.01139928  0.00000000    0.28878054  0.00000000   -0.01139928  0.00000000
 -0.01139928  0.00000000   -0.01139928  0.00000000    0.28878054  0.00000000
    1    2
 -0.20977395  0.06123351    0.04172609  0.04193424   -0.04172609 -0.04193424
  0.04172609  0.04193424   -0.20977395  0.06123351   -0.04172609 -0.04193424
 -0.04172609 -0.04193424   -0.04172609 -0.04193424   -0.20977395  0.06123351
    2    1
 -0.20977395 -0.06123351    0.04172609 -0.04193424   -0.04172609  0.04193424
  0.04172609 -0.04193424   -0.20977395 -0.06123351   -0.04172609  0.04193424
 -0.04172609  0.04193424   -0.04172609  0.04193424   -0.20977395 -0.06123351
    2    2
  0.28878054  0.00000000    0.01139928  0.00000000   -0.01139928  0.00000000
  0.01139928  0.00000000    0.28878054  0.00000000   -0.01139928  0.00000000
 -0.01139928  0.00000000   -0.01139928  0.00000000    0.28878054  0.00000000

     Diagonalizing the dynamical matrix

     q = (   -0.250000000   0.250000000  -0.250000000 ) 

 **************************************************************************
     freq (    1) =       3.260344 [THz] =     108.753375 [cm-1]
 (  0.091056  0.040344 -0.446525 -0.000908 -0.537581 -0.041252 ) 
 (  0.093876  0.033259 -0.445286  0.033259 -0.539162  0.000000 ) 
     freq (    2) =       3.260344 [THz] =     108.753375 [cm-1]
 (  0.567023 -0.043586  0.361139 -0.059385 -0.205884 -0.015799 ) 
 (  0.562026 -0.086842  0.355536 -0.086842 -0.206489  0.000000 ) 
     freq (    3) =       7.098938 [THz] =     236.795098 [cm-1]
 ( -0.268060 -0.307913  0.268060  0.307913 -0.268060 -0.307913 ) 
 ( -0.408248 -0.000000  0.408248  0.000000 -0.408248  0.000000 ) 
     freq (    4) =      14.597033 [THz] =     486.904617 [cm-1]
 ( -0.268060 -0.307913  0.268060  0.307913 -0.268060 -0.307913 ) 
 (  0.408248 -0.000000 -0.408248  0.000000  0.408248  0.000000 ) 
     freq (    5) =      14.963993 [THz] =     499.145093 [cm-1]
 ( -0.287802 -0.022143  0.287856  0.022031  0.575658  0.044174 ) 
 (  0.288653  0.000058 -0.288697  0.000058 -0.577350  0.000000 ) 
     freq (    6) =      14.963993 [THz] =     499.145093 [cm-1]
 (  0.213729 -0.452032  0.213657 -0.452037 -0.000072 -0.000006 ) 
 ( -0.178517  0.467059 -0.178445  0.467059  0.000072  0.000000 ) 
 **************************************************************************
