Dynamical matrix file
                                                                           
  1    2  2 10.3500000  0.0000000  0.0000000  0.0000000  0.0000000  0.0000000
           1  'Si  '    25598.822984527003     
    1    1      0.0000000000      0.0000000000      0.0000000000
    2    1      0.2500000000      0.2500000000      0.2500000000

     Dynamical  Matrix in cartesian axes

     q = (    0.750000000  -0.250000000   0.750000000 ) 

    1    1
  0.24296432 -0.00000000   -0.00621825  0.00762032    0.00574719 -0.00000000
 -0.00621825 -0.00762032    0.29396872  0.00000000   -0.00621825 -0.00762032
  0.00574719 -0.00000000   -0.00621825  0.00762032    0.24296432 -0.00000000
    1    2
 -0.05970276  0.06079757   -0.04001043  0.04236408   -0.04036036 -0.13247771
 -0.04001043  0.04236408   -0.05811587  0.07924106   -0.04001043  0.04236408
 -0.04036036 -0.13247771   -0.04001043  0.04236408   -0.05970276  0.06079757
    2    1
 -0.05970276 -0.06079757   -0.04001043 -0.04236408   -0.04036036  0.13247771
 -0.04001043 -0.04236408   -0.05811587 -0.07924106   -0.04001043 -0.04236408
 -0.04036036  0.13247771   -0.04001043 -0.04236408   -0.05970276 -0.06079757
    2    2
  0.24296432  0.00000000   -0.00621825 -0.00762032    0.00574719  0.00000000
 -0.00621825  0.00762032    0.29396872 -0.00000000   -0.00621825  0.00762032
  0.00574719  0.00000000   -0.00621825 -0.00762032    0.24296432  0.00000000

     Dynamical  Matrix in cartesian axes

     q = (    0.750000000  -0.250000000  -0.750000000 ) 

    1    1
  0.24296432  0.00000000   -0.00621825 -0.00762032   -0.00574719 -0.00000000
 -0.00621825  0.00762032    0.29396872 -0.00000000    0.00621825 -0.00762032
 -0.00574719 -0.00000000    0.00621825  0.00762032    0.24296432  0.00000000
    1    2
 -0.06079757  0.05970276   -0.04236408  0.04001043   -0.13247771 -0.04036036
 -0.04236408  0.04001043   -0.07924106  0.05811587    0.04236408 -0.04001043
 -0.13247771 -0.04036036    0.04236408 -0.04001043   -0.06079757  0.05970276
    2    1
 -0.06079757 -0.05970276   -0.04236408 -0.04001043   -0.13247771  0.04036036
 -0.04236408 -0.04001043   -0.07924106 -0.05811587    0.04236408  0.04001043
 -0.13247771  0.04036036    0.04236408  0.04001043   -0.06079757 -0.05970276
    2    2
  0.24296432 -0.00000000   -0.00621825  0.00762032   -0.00574719  0.00000000
 -0.00621825 -0.00762032    0.29396872  0.00000000    0.00621825  0.00762032
 -0.00574719  0.00000000    0.00621825 -0.00762032    0.24296432 -0.00000000

     Dynamical  Matrix in cartesian axes

     q = (   -0.750000000  -0.250000000  -0.750000000 ) 

    1    1
  0.24296432 -0.00000000    0.00621825 -0.00762032    0.00574719 -0.00000000
  0.00621825  0.00762032    0.29396872  0.00000000    0.00621825  0.00762032
  0.00574719 -0.00000000    0.00621825 -0.00762032    0.24296432 -0.00000000
    1    2
  0.06079757  0.05970276   -0.04236408 -0.04001043   -0.13247771  0.04036036
 -0.04236408 -0.04001043    0.07924106  0.05811587   -0.04236408 -0.04001043
 -0.13247771  0.04036036   -0.04236408 -0.04001043    0.06079757  0.05970276
    2    1
  0.06079757 -0.05970276   -0.04236408  0.04001043   -0.13247771 -0.04036036
 -0.04236408  0.04001043    0.07924106 -0.05811587   -0.04236408  0.04001043
 -0.13247771 -0.04036036   -0.04236408  0.04001043    0.06079757 -0.05970276
    2    2
  0.24296432  0.00000000    0.00621825  0.00762032    0.00574719  0.00000000
  0.00621825 -0.00762032    0.29396872 -0.00000000    0.00621825 -0.00762032
  0.00574719  0.00000000    0.00621825  0.00762032    0.24296432  0.00000000

     Dynamical  Matrix in cartesian axes

     q = (   -0.750000000  -0.250000000   0.750000000 ) 

    1    1
  0.24296432  0.00000000    0.00621825  0.00762032   -0.00574719 -0.00000000
  0.00621825 -0.00762032    0.29396872 -0.00000000   -0.00621825  0.00762032
 -0.00574719 -0.00000000   -0.00621825 -0.00762032    0.24296432  0.00000000
    1    2
 -0.06079757  0.05970276    0.04236408 -0.04001043   -0.13247771 -0.04036036
  0.04236408 -0.04001043   -0.07924106  0.05811587   -0.04236408  0.04001043
 -0.13247771 -0.04036036   -0.04236408  0.04001043   -0.06079757  0.05970276
    2    1
 -0.06079757 -0.05970276    0.04236408  0.04001043   -0.13247771  0.04036036
  0.04236408  0.04001043   -0.07924106 -0.05811587   -0.04236408 -0.04001043
 -0.13247771  0.04036036   -0.04236408 -0.04001043   -0.06079757 -0.05970276
    2    2
  0.24296432 -0.00000000    0.00621825 -0.00762032   -0.00574719  0.00000000
  0.00621825  0.00762032    0.29396872  0.00000000   -0.00621825 -0.00762032
 -0.00574719  0.00000000   -0.00621825  0.00762032    0.24296432 -0.00000000

     Dynamical  Matrix in cartesian axes

     q = (   -0.750000000   0.250000000  -0.750000000 ) 

    1    1
  0.24296432  0.00000000   -0.00621825 -0.00762032    0.00574719  0.00000000
 -0.00621825  0.00762032    0.29396872 -0.00000000   -0.00621825  0.00762032
  0.00574719  0.00000000   -0.00621825 -0.00762032    0.24296432  0.00000000
    1    2
 -0.05970276 -0.06079757   -0.04001043 -0.04236408   -0.04036036  0.13247771
 -0.04001043 -0.04236408   -0.05811587 -0.07924106   -0.04001043 -0.04236408
 -0.04036036  0.13247771   -0.04001043 -0.04236408   -0.05970276 -0.06079757
    2    1
 -0.05970276  0.06079757   -0.04001043  0.04236408   -0.04036036 -0.13247771
 -0.04001043  0.04236408   -0.05811587  0.07924106   -0.04001043  0.04236408
 -0.04036036 -0.13247771   -0.04001043  0.04236408   -0.05970276  0.06079757
    2    2
  0.24296432 -0.00000000   -0.00621825  0.00762032    0.00574719 -0.00000000
 -0.00621825 -0.00762032    0.29396872  0.00000000   -0.00621825 -0.00762032
  0.00574719 -0.00000000   -0.00621825  0.00762032    0.24296432 -0.00000000

     Dynamical  Matrix in cartesian axes

     q = (   -0.250000000   0.750000000  -0.750000000 ) 

    1    1
  0.29396872 -0.00000000   -0.00621825  0.00762032    0.00621825 -0.00762032
 -0.00621825 -0.00762032    0.24296432  0.00000000   -0.00574719 -0.00000000
  0.00621825  0.00762032   -0.00574719 -0.00000000    0.24296432  0.00000000
    1    2
 -0.07924106  0.05811587   -0.04236408  0.04001043    0.04236408 -0.04001043
 -0.04236408  0.04001043   -0.06079757  0.05970276   -0.13247771 -0.04036036
  0.04236408 -0.04001043   -0.13247771 -0.04036036   -0.06079757  0.05970276
    2    1
 -0.07924106 -0.05811587   -0.04236408 -0.04001043    0.04236408  0.04001043
 -0.04236408 -0.04001043   -0.06079757 -0.05970276   -0.13247771  0.04036036
  0.04236408  0.04001043   -0.13247771  0.04036036   -0.06079757 -0.05970276
    2    2
  0.29396872  0.00000000   -0.00621825 -0.00762032    0.00621825  0.00762032
 -0.00621825  0.00762032    0.24296432 -0.00000000   -0.00574719  0.00000000
  0.00621825 -0.00762032   -0.00574719  0.00000000    0.24296432 -0.00000000

     Dynamical  Matrix in cartesian axes

     q = (   -0.750000000   0.750000000  -0.250000000 ) 

    1    1
  0.24296432  0.00000000   -0.00574719 -0.00000000    0.00621825  0.00762032
 -0.00574719 -0.00000000    0.24296432  0.00000000   -0.00621825 -0.00762032
  0.00621825 -0.00762032   -0.00621825  0.00762032    0.29396872 -0.00000000
    1    2
 -0.06079757  0.05970276   -0.13247771 -0.04036036    0.04236408 -0.04001043
 -0.13247771 -0.04036036   -0.06079757  0.05970276   -0.04236408  0.04001043
  0.04236408 -0.04001043   -0.04236408  0.04001043   -0.07924106  0.05811587
    2    1
 -0.06079757 -0.05970276   -0.13247771  0.04036036    0.04236408  0.04001043
 -0.13247771  0.04036036   -0.06079757 -0.05970276   -0.04236408 -0.04001043
  0.04236408  0.04001043   -0.04236408 -0.04001043   -0.07924106 -0.05811587
    2    2
  0.24296432 -0.00000000   -0.00574719  0.00000000    0.00621825 -0.00762032
 -0.00574719  0.00000000    0.24296432 -0.00000000   -0.00621825  0.00762032
  0.00621825  0.00762032   -0.00621825 -0.00762032    0.29396872  0.00000000

     Dynamical  Matrix in cartesian axes

     q = (    0.750000000   0.250000000   0.750000000 ) 

    1    1
  0.24296432  0.00000000    0.00621825  0.00762032    0.00574719  0.00000000
  0.00621825 -0.00762032    0.29396872 -0.00000000    0.00621825 -0.00762032
  0.00574719  0.00000000    0.00621825  0.00762032    0.24296432  0.00000000
    1    2
  0.06079757 -0.05970276   -0.04236408  0.04001043   -0.13247771 -0.04036036
 -0.04236408  0.04001043    0.07924106 -0.05811587   -0.04236408  0.04001043
 -0.13247771 -0.04036036   -0.04236408  0.04001043    0.06079757 -0.05970276
    2    1
  0.06079757  0.05970276   -0.04236408 -0.04001043   -0.13247771  0.04036036
 -0.04236408 -0.04001043    0.07924106  0.05811587   -0.04236408 -0.04001043
 -0.13247771  0.04036036   -0.04236408 -0.04001043    0.06079757  0.05970276
    2    2
  0.24296432 -0.00000000    0.00621825 -0.00762032    0.00574719 -0.00000000
  0.00621825  0.00762032    0.29396872  0.00000000    0.00621825  0.00762032
  0.00574719 -0.00000000    0.00621825 -0.00762032    0.24296432 -0.00000000

     Dynamical  Matrix in cartesian axes

     q = (   -0.750000000   0.250000000   0.750000000 ) 

    1    1
  0.24296432 -0.00000000   -0.00621825  0.00762032   -0.00574719  0.00000000
 -0.00621825 -0.00762032    0.29396872  0.00000000    0.00621825  0.00762032
 -0.00574719  0.00000000    0.00621825 -0.00762032    0.24296432 -0.00000000
    1    2
 -0.06079757 -0.05970276   -0.04236408 -0.04001043   -0.13247771  0.04036036
 -0.04236408 -0.04001043   -0.07924106 -0.05811587    0.04236408  0.04001043
 -0.13247771  0.04036036    0.04236408  0.04001043   -0.06079757 -0.05970276
    2    1
 -0.06079757  0.05970276   -0.04236408  0.04001043   -0.13247771 -0.04036036
 -0.04236408  0.04001043   -0.07924106  0.05811587    0.04236408 -0.04001043
 -0.13247771 -0.04036036    0.04236408 -0.04001043   -0.06079757  0.05970276
    2    2
  0.24296432  0.00000000   -0.00621825 -0.00762032   -0.00574719 -0.00000000
 -0.00621825  0.00762032    0.29396872 -0.00000000    0.00621825 -0.00762032
 -0.00574719 -0.00000000    0.00621825  0.00762032    0.24296432  0.00000000

     Dynamical  Matrix in cartesian axes

     q = (    0.750000000   0.250000000  -0.750000000 ) 

    1    1
  0.24296432 -0.00000000    0.00621825 -0.00762032   -0.00574719  0.00000000
  0.00621825  0.00762032    0.29396872  0.00000000   -0.00621825 -0.00762032
 -0.00574719  0.00000000   -0.00621825  0.00762032    0.24296432 -0.00000000
    1    2
 -0.06079757 -0.05970276    0.04236408  0.04001043   -0.13247771  0.04036036
  0.04236408  0.04001043   -0.07924106 -0.05811587   -0.04236408 -0.04001043
 -0.13247771  0.04036036   -0.04236408 -0.04001043   -0.06079757 -0.05970276
    2    1
 -0.06079757  0.05970276    0.04236408 -0.04001043   -0.13247771 -0.04036036
  0.04236408 -0.04001043   -0.07924106  0.05811587   -0.04236408  0.04001043
 -0.13247771 -0.04036036   -0.04236408  0.04001043   -0.06079757  0.05970276
    2    2
  0.24296432  0.00000000    0.00621825  0.00762032   -0.00574719 -0.00000000
  0.00621825 -0.00762032    0.29396872 -0.00000000   -0.00621825  0.00762032
 -0.00574719 -0.00000000   -0.00621825 -0.00762032    0.24296432  0.00000000

     Dynamical  Matrix in cartesian axes

     q = (   -0.750000000   0.750000000   0.250000000 ) 

    1    1
  0.24296432 -0.00000000   -0.00574719  0.00000000   -0.00621825  0.00762032
 -0.00574719  0.00000000    0.24296432 -0.00000000    0.00621825 -0.00762032
 -0.00621825 -0.00762032    0.00621825  0.00762032    0.29396872  0.00000000
    1    2
 -0.06079757 -0.05970276   -0.13247771  0.04036036   -0.04236408 -0.04001043
 -0.13247771  0.04036036   -0.06079757 -0.05970276    0.04236408  0.04001043
 -0.04236408 -0.04001043    0.04236408  0.04001043   -0.07924106 -0.05811587
    2    1
 -0.06079757  0.05970276   -0.13247771 -0.04036036   -0.04236408  0.04001043
 -0.13247771 -0.04036036   -0.06079757  0.05970276    0.04236408 -0.04001043
 -0.04236408  0.04001043    0.04236408 -0.04001043   -0.07924106  0.05811587
    2    2
  0.24296432  0.00000000   -0.00574719 -0.00000000   -0.00621825 -0.00762032
 -0.00574719 -0.00000000    0.24296432  0.00000000    0.00621825  0.00762032
 -0.00621825  0.00762032    0.00621825 -0.00762032    0.29396872 -0.00000000

     Dynamical  Matrix in cartesian axes

     q = (   -0.250000000   0.750000000   0.750000000 ) 

    1    1
  0.29396872  0.00000000   -0.00621825 -0.00762032   -0.00621825 -0.00762032
 -0.00621825  0.00762032    0.24296432 -0.00000000    0.00574719 -0.00000000
 -0.00621825  0.00762032    0.00574719 -0.00000000    0.24296432 -0.00000000
    1    2
 -0.05811587  0.07924106   -0.04001043  0.04236408   -0.04001043  0.04236408
 -0.04001043  0.04236408   -0.05970276  0.06079757   -0.04036036 -0.13247771
 -0.04001043  0.04236408   -0.04036036 -0.13247771   -0.05970276  0.06079757
    2    1
 -0.05811587 -0.07924106   -0.04001043 -0.04236408   -0.04001043 -0.04236408
 -0.04001043 -0.04236408   -0.05970276 -0.06079757   -0.04036036  0.13247771
 -0.04001043 -0.04236408   -0.04036036  0.13247771   -0.05970276 -0.06079757
    2    2
  0.29396872 -0.00000000   -0.00621825  0.00762032   -0.00621825  0.00762032
 -0.00621825 -0.00762032    0.24296432  0.00000000    0.00574719  0.00000000
 -0.00621825 -0.00762032    0.00574719  0.00000000    0.24296432  0.00000000

     Dynamical  Matrix in cartesian axes

     q = (    0.250000000   0.750000000  -0.750000000 ) 

    1    1
  0.29396872  0.00000000    0.00621825  0.00762032   -0.00621825 -0.00762032
  0.00621825 -0.00762032    0.24296432 -0.00000000   -0.00574719  0.00000000
 -0.00621825  0.00762032   -0.00574719  0.00000000    0.24296432 -0.00000000
    1    2
 -0.07924106 -0.05811587    0.04236408  0.04001043   -0.04236408 -0.04001043
  0.04236408  0.04001043   -0.06079757 -0.05970276   -0.13247771  0.04036036
 -0.04236408 -0.04001043   -0.13247771  0.04036036   -0.06079757 -0.05970276
    2    1
 -0.07924106  0.05811587    0.04236408 -0.04001043   -0.04236408  0.04001043
  0.04236408 -0.04001043   -0.06079757  0.05970276   -0.13247771 -0.04036036
 -0.04236408  0.04001043   -0.13247771 -0.04036036   -0.06079757  0.05970276
    2    2
  0.29396872 -0.00000000    0.00621825 -0.00762032   -0.00621825  0.00762032
  0.00621825  0.00762032    0.24296432  0.00000000   -0.00574719 -0.00000000
 -0.00621825 -0.00762032   -0.00574719 -0.00000000    0.24296432  0.00000000

     Dynamical  Matrix in cartesian axes

     q = (   -0.250000000  -0.750000000  -0.750000000 ) 

    1    1
  0.29396872  0.00000000    0.00621825  0.00762032    0.00621825  0.00762032
  0.00621825 -0.00762032    0.24296432 -0.00000000    0.00574719 -0.00000000
  0.00621825 -0.00762032    0.00574719 -0.00000000    0.24296432 -0.00000000
    1    2
  0.07924106  0.05811587   -0.04236408 -0.04001043   -0.04236408 -0.04001043
 -0.04236408 -0.04001043    0.06079757  0.05970276   -0.13247771  0.04036036
 -0.04236408 -0.04001043   -0.13247771  0.04036036    0.06079757  0.05970276
    2    1
  0.07924106 -0.05811587   -0.04236408  0.04001043   -0.04236408  0.04001043
 -0.04236408  0.04001043    0.06079757 -0.05970276   -0.13247771 -0.04036036
 -0.04236408  0.04001043   -0.13247771 -0.04036036    0.06079757 -0.05970276
    2    2
  0.29396872 -0.00000000    0.00621825 -0.00762032    0.00621825 -0.00762032
  0.00621825  0.00762032    0.24296432  0.00000000    0.00574719  0.00000000
  0.00621825  0.00762032    0.00574719  0.00000000    0.24296432  0.00000000

     Dynamical  Matrix in cartesian axes

     q = (    0.750000000   0.750000000  -0.250000000 ) 

    1    1
  0.24296432 -0.00000000    0.00574719 -0.00000000   -0.00621825  0.00762032
  0.00574719 -0.00000000    0.24296432 -0.00000000   -0.00621825  0.00762032
 -0.00621825 -0.00762032   -0.00621825 -0.00762032    0.29396872  0.00000000
    1    2
 -0.05970276  0.06079757   -0.04036036 -0.13247771   -0.04001043  0.04236408
 -0.04036036 -0.13247771   -0.05970276  0.06079757   -0.04001043  0.04236408
 -0.04001043  0.04236408   -0.04001043  0.04236408   -0.05811587  0.07924106
    2    1
 -0.05970276 -0.06079757   -0.04036036  0.13247771   -0.04001043 -0.04236408
 -0.04036036  0.13247771   -0.05970276 -0.06079757   -0.04001043 -0.04236408
 -0.04001043 -0.04236408   -0.04001043 -0.04236408   -0.05811587 -0.07924106
    2    2
  0.24296432  0.00000000    0.00574719  0.00000000   -0.00621825 -0.00762032
  0.00574719  0.00000000    0.24296432  0.00000000   -0.00621825 -0.00762032
 -0.00621825  0.00762032   -0.00621825  0.00762032    0.29396872 -0.00000000

     Dynamical  Matrix in cartesian axes

     q = (    0.750000000  -0.750000000   0.250000000 ) 

    1    1
  0.24296432 -0.00000000   -0.00574719  0.00000000    0.00621825 -0.00762032
 -0.00574719  0.00000000    0.24296432 -0.00000000   -0.00621825  0.00762032
  0.00621825  0.00762032   -0.00621825 -0.00762032    0.29396872  0.00000000
    1    2
 -0.06079757 -0.05970276   -0.13247771  0.04036036    0.04236408  0.04001043
 -0.13247771  0.04036036   -0.06079757 -0.05970276   -0.04236408 -0.04001043
  0.04236408  0.04001043   -0.04236408 -0.04001043   -0.07924106 -0.05811587
    2    1
 -0.06079757  0.05970276   -0.13247771 -0.04036036    0.04236408 -0.04001043
 -0.13247771 -0.04036036   -0.06079757  0.05970276   -0.04236408  0.04001043
  0.04236408 -0.04001043   -0.04236408  0.04001043   -0.07924106  0.05811587
    2    2
  0.24296432  0.00000000   -0.00574719 -0.00000000    0.00621825  0.00762032
 -0.00574719 -0.00000000    0.24296432  0.00000000   -0.00621825 -0.00762032
  0.00621825 -0.00762032   -0.00621825  0.00762032    0.29396872 -0.00000000

     Dynamical  Matrix in cartesian axes

     q = (   -0.750000000  -0.750000000  -0.250000000 ) 

    1    1
  0.24296432 -0.00000000    0.00574719 -0.00000000    0.00621825 -0.00762032
  0.00574719 -0.00000000    0.24296432 -0.00000000    0.00621825 -0.00762032
  0.00621825  0.00762032    0.00621825  0.00762032    0.29396872  0.00000000
    1    2
  0.06079757  0.05970276   -0.13247771  0.04036036   -0.04236408 -0.04001043
 -0.13247771  0.04036036    0.06079757  0.05970276   -0.04236408 -0.04001043
 -0.04236408 -0.04001043   -0.04236408 -0.04001043    0.07924106  0.05811587
    2    1
  0.06079757 -0.05970276   -0.13247771 -0.04036036   -0.04236408  0.04001043
 -0.13247771 -0.04036036    0.06079757 -0.05970276   -0.04236408  0.04001043
 -0.04236408  0.04001043   -0.04236408  0.04001043    0.07924106 -0.05811587
    2    2
  0.24296432  0.00000000    0.00574719  0.00000000    0.00621825  0.00762032
  0.00574719  0.00000000    0.24296432  0.00000000    0.00621825  0.00762032
  0.00621825 -0.00762032    0.00621825 -0.00762032    0.29396872 -0.00000000

     Dynamical  Matrix in cartesian axes

     q = (    0.250000000  -0.750000000   0.750000000 ) 

    1    1
  0.29396872  0.00000000   -0.00621825 -0.00762032    0.00621825  0.00762032
 -0.00621825  0.00762032    0.24296432 -0.00000000   -0.00574719  0.00000000
  0.00621825 -0.00762032   -0.00574719  0.00000000    0.24296432 -0.00000000
    1    2
 -0.07924106 -0.05811587   -0.04236408 -0.04001043    0.04236408  0.04001043
 -0.04236408 -0.04001043   -0.06079757 -0.05970276   -0.13247771  0.04036036
  0.04236408  0.04001043   -0.13247771  0.04036036   -0.06079757 -0.05970276
    2    1
 -0.07924106  0.05811587   -0.04236408  0.04001043    0.04236408 -0.04001043
 -0.04236408  0.04001043   -0.06079757  0.05970276   -0.13247771 -0.04036036
  0.04236408 -0.04001043   -0.13247771 -0.04036036   -0.06079757  0.05970276
    2    2
  0.29396872 -0.00000000   -0.00621825  0.00762032    0.00621825 -0.00762032
 -0.00621825 -0.00762032    0.24296432  0.00000000   -0.00574719 -0.00000000
  0.00621825  0.00762032   -0.00574719 -0.00000000    0.24296432  0.00000000

     Dynamical  Matrix in cartesian axes

     q = (   -0.750000000  -0.750000000   0.250000000 ) 

    1    1
  0.24296432  0.00000000    0.00574719  0.00000000   -0.00621825 -0.00762032
  0.00574719  0.00000000    0.24296432  0.00000000   -0.00621825 -0.00762032
 -0.00621825  0.00762032   -0.00621825  0.00762032    0.29396872 -0.00000000
    1    2
 -0.05970276 -0.06079757   -0.04036036  0.13247771   -0.04001043 -0.04236408
 -0.04036036  0.13247771   -0.05970276 -0.06079757   -0.04001043 -0.04236408
 -0.04001043 -0.04236408   -0.04001043 -0.04236408   -0.05811587 -0.07924106
    2    1
 -0.05970276  0.06079757   -0.04036036 -0.13247771   -0.04001043  0.04236408
 -0.04036036 -0.13247771   -0.05970276  0.06079757   -0.04001043  0.04236408
 -0.04001043  0.04236408   -0.04001043  0.04236408   -0.05811587  0.07924106
    2    2
  0.24296432 -0.00000000    0.00574719 -0.00000000   -0.00621825  0.00762032
  0.00574719 -0.00000000    0.24296432 -0.00000000   -0.00621825  0.00762032
 -0.00621825 -0.00762032   -0.00621825 -0.00762032    0.29396872  0.00000000

     Dynamical  Matrix in cartesian axes

     q = (    0.250000000   0.750000000   0.750000000 ) 

    1    1
  0.29396872 -0.00000000    0.00621825 -0.00762032    0.00621825 -0.00762032
  0.00621825  0.00762032    0.24296432  0.00000000    0.00574719  0.00000000
  0.00621825  0.00762032    0.00574719  0.00000000    0.24296432  0.00000000
    1    2
  0.07924106 -0.05811587   -0.04236408  0.04001043   -0.04236408  0.04001043
 -0.04236408  0.04001043    0.06079757 -0.05970276   -0.13247771 -0.04036036
 -0.04236408  0.04001043   -0.13247771 -0.04036036    0.06079757 -0.05970276
    2    1
  0.07924106  0.05811587   -0.04236408 -0.04001043   -0.04236408 -0.04001043
 -0.04236408 -0.04001043    0.06079757  0.05970276   -0.13247771  0.04036036
 -0.04236408 -0.04001043   -0.13247771  0.04036036    0.06079757  0.05970276
    2    2
  0.29396872  0.00000000    0.00621825  0.00762032    0.00621825  0.00762032
  0.00621825 -0.00762032    0.24296432 -0.00000000    0.00574719 -0.00000000
  0.00621825 -0.00762032    0.00574719 -0.00000000    0.24296432 -0.00000000

     Dynamical  Matrix in cartesian axes

     q = (   -0.250000000  -0.750000000   0.750000000 ) 

    1    1
  0.29396872 -0.00000000    0.00621825 -0.00762032   -0.00621825  0.00762032
  0.00621825  0.00762032    0.24296432  0.00000000   -0.00574719 -0.00000000
 -0.00621825 -0.00762032   -0.00574719 -0.00000000    0.24296432  0.00000000
    1    2
 -0.07924106  0.05811587    0.04236408 -0.04001043   -0.04236408  0.04001043
  0.04236408 -0.04001043   -0.06079757  0.05970276   -0.13247771 -0.04036036
 -0.04236408  0.04001043   -0.13247771 -0.04036036   -0.06079757  0.05970276
    2    1
 -0.07924106 -0.05811587    0.04236408  0.04001043   -0.04236408 -0.04001043
  0.04236408  0.04001043   -0.06079757 -0.05970276   -0.13247771  0.04036036
 -0.04236408 -0.04001043   -0.13247771  0.04036036   -0.06079757 -0.05970276
    2    2
  0.29396872  0.00000000    0.00621825  0.00762032   -0.00621825 -0.00762032
  0.00621825 -0.00762032    0.24296432 -0.00000000   -0.00574719  0.00000000
 -0.00621825  0.00762032   -0.00574719  0.00000000    0.24296432 -0.00000000

     Dynamical  Matrix in cartesian axes

     q = (    0.750000000   0.750000000   0.250000000 ) 

    1    1
  0.24296432  0.00000000    0.00574719  0.00000000    0.00621825  0.00762032
  0.00574719  0.00000000    0.24296432  0.00000000    0.00621825  0.00762032
  0.00621825 -0.00762032    0.00621825 -0.00762032    0.29396872 -0.00000000
    1    2
  0.06079757 -0.05970276   -0.13247771 -0.04036036   -0.04236408  0.04001043
 -0.13247771 -0.04036036    0.06079757 -0.05970276   -0.04236408  0.04001043
 -0.04236408  0.04001043   -0.04236408  0.04001043    0.07924106 -0.05811587
    2    1
  0.06079757  0.05970276   -0.13247771  0.04036036   -0.04236408 -0.04001043
 -0.13247771  0.04036036    0.06079757  0.05970276   -0.04236408 -0.04001043
 -0.04236408 -0.04001043   -0.04236408 -0.04001043    0.07924106  0.05811587
    2    2
  0.24296432 -0.00000000    0.00574719 -0.00000000    0.00621825 -0.00762032
  0.00574719 -0.00000000    0.24296432 -0.00000000    0.00621825 -0.00762032
  0.00621825  0.00762032    0.00621825  0.00762032    0.29396872  0.00000000

     Dynamical  Matrix in cartesian axes

     q = (    0.250000000  -0.750000000  -0.750000000 ) 

    1    1
  0.29396872 -0.00000000   -0.00621825  0.00762032   -0.00621825  0.00762032
 -0.00621825 -0.00762032    0.24296432  0.00000000    0.00574719  0.00000000
 -0.00621825 -0.00762032    0.00574719  0.00000000    0.24296432  0.00000000
    1    2
 -0.05811587 -0.07924106   -0.04001043 -0.04236408   -0.04001043 -0.04236408
 -0.04001043 -0.04236408   -0.05970276 -0.06079757   -0.04036036  0.13247771
 -0.04001043 -0.04236408   -0.04036036  0.13247771   -0.05970276 -0.06079757
    2    1
 -0.05811587  0.07924106   -0.04001043  0.04236408   -0.04001043  0.04236408
 -0.04001043  0.04236408   -0.05970276  0.06079757   -0.04036036 -0.13247771
 -0.04001043  0.04236408   -0.04036036 -0.13247771   -0.05970276  0.06079757
    2    2
  0.29396872  0.00000000   -0.00621825 -0.00762032   -0.00621825 -0.00762032
 -0.00621825  0.00762032    0.24296432 -0.00000000    0.00574719 -0.00000000
 -0.00621825  0.00762032    0.00574719 -0.00000000    0.24296432 -0.00000000

     Dynamical  Matrix in cartesian axes

     q = (    0.750000000  -0.750000000  -0.250000000 ) 

    1    1
  0.24296432  0.00000000   -0.00574719 -0.00000000   -0.00621825 -0.00762032
 -0.00574719 -0.00000000    0.24296432  0.00000000    0.00621825  0.00762032
 -0.00621825  0.00762032    0.00621825 -0.00762032    0.29396872 -0.00000000
    1    2
 -0.06079757  0.05970276   -0.13247771 -0.04036036   -0.04236408  0.04001043
 -0.13247771 -0.04036036   -0.06079757  0.05970276    0.04236408 -0.04001043
 -0.04236408  0.04001043    0.04236408 -0.04001043   -0.07924106  0.05811587
    2    1
 -0.06079757 -0.05970276   -0.13247771  0.04036036   -0.04236408 -0.04001043
 -0.13247771  0.04036036   -0.06079757 -0.05970276    0.04236408  0.04001043
 -0.04236408 -0.04001043    0.04236408  0.04001043   -0.07924106 -0.05811587
    2    2
  0.24296432 -0.00000000   -0.00574719  0.00000000   -0.00621825  0.00762032
 -0.00574719  0.00000000    0.24296432 -0.00000000    0.00621825 -0.00762032
 -0.00621825 -0.00762032    0.00621825  0.00762032    0.29396872  0.00000000

     Diagonalizing the dynamical matrix

     q = (    0.750000000  -0.250000000   0.750000000 ) 

 **************************************************************************
     freq (    1) =       4.262654 [THz] =     142.186819 [cm-1]
 (  0.049790 -0.497515 -0.000000  0.000000 -0.049790  0.497515 ) 
 (  0.500000 -0.000000 -0.000000 -0.000000 -0.500000  0.000000 ) 
     freq (    2) =       5.888140 [THz] =     196.407210 [cm-1]
 ( -0.391529 -0.159391 -0.344675  0.154264 -0.391529 -0.159391 ) 
 ( -0.422730  0.000000 -0.261070 -0.272839 -0.422730  0.000000 ) 
     freq (    3) =       9.317732 [THz] =     310.806071 [cm-1]
 (  0.110925 -0.291199  0.385548  0.396422  0.110925 -0.291199 ) 
 ( -0.311611 -0.000000  0.233210  0.501408 -0.311611  0.000000 ) 
     freq (    4) =      12.001810 [THz] =     400.337285 [cm-1]
 (  0.087537  0.319078 -0.404205 -0.343031  0.087537  0.319078 ) 
 ( -0.330868  0.000000  0.437748  0.299047 -0.330868  0.000000 ) 
     freq (    5) =      13.506233 [THz] =     450.519433 [cm-1]
 (  0.049790 -0.497515 -0.000000  0.000000 -0.049790  0.497515 ) 
 ( -0.500000  0.000000  0.000000  0.000000  0.500000  0.000000 ) 
     freq (    6) =      13.905088 [THz] =     463.823807 [cm-1]
 ( -0.301091 -0.155140 -0.470321  0.222147 -0.301091 -0.155140 ) 
 (  0.338710 -0.000000  0.316335  0.412897  0.338710 -0.000000 ) 
 **************************************************************************
