Dynamical matrix file
                                                                           
  1    2  2 10.3500000  0.0000000  0.0000000  0.0000000  0.0000000  0.0000000
           1  'Si  '    25598.822984527003     
    1    1      0.0000000000      0.0000000000      0.0000000000
    2    1      0.2500000000      0.2500000000      0.2500000000

     Dynamical  Matrix in cartesian axes

     q = (   -0.250000000   0.250000000  -0.250000000 ) 

    1    1
  0.26658045  0.00000000   -0.01163176  0.00000000    0.01163176  0.00000000
 -0.01163176  0.00000000    0.26658045  0.00000000   -0.01163176  0.00000000
  0.01163176  0.00000000   -0.01163176  0.00000000    0.26658045  0.00000000
    1    2
 -0.19860434 -0.05757035   -0.03713684  0.03887469    0.03713684 -0.03887469
 -0.03713684  0.03887469   -0.19860434 -0.05757035   -0.03713684  0.03887469
  0.03713684 -0.03887469   -0.03713684  0.03887469   -0.19860434 -0.05757035
    2    1
 -0.19860434  0.05757035   -0.03713684 -0.03887469    0.03713684  0.03887469
 -0.03713684 -0.03887469   -0.19860434  0.05757035   -0.03713684 -0.03887469
  0.03713684  0.03887469   -0.03713684 -0.03887469   -0.19860434  0.05757035
    2    2
  0.26658045  0.00000000   -0.01163176  0.00000000    0.01163176  0.00000000
 -0.01163176  0.00000000    0.26658045  0.00000000   -0.01163176  0.00000000
  0.01163176  0.00000000   -0.01163176  0.00000000    0.26658045  0.00000000

     Dynamical  Matrix in cartesian axes

     q = (    0.250000000  -0.250000000  -0.250000000 ) 

    1    1
  0.26658045  0.00000000   -0.01163176  0.00000000   -0.01163176  0.00000000
 -0.01163176  0.00000000    0.26658045  0.00000000    0.01163176  0.00000000
 -0.01163176  0.00000000    0.01163176  0.00000000    0.26658045  0.00000000
    1    2
 -0.19860434 -0.05757035   -0.03713684  0.03887469   -0.03713684  0.03887469
 -0.03713684  0.03887469   -0.19860434 -0.05757035    0.03713684 -0.03887469
 -0.03713684  0.03887469    0.03713684 -0.03887469   -0.19860434 -0.05757035
    2    1
 -0.19860434  0.05757035   -0.03713684 -0.03887469   -0.03713684 -0.03887469
 -0.03713684 -0.03887469   -0.19860434  0.05757035    0.03713684  0.03887469
 -0.03713684 -0.03887469    0.03713684  0.03887469   -0.19860434  0.05757035
    2    2
  0.26658045  0.00000000   -0.01163176  0.00000000   -0.01163176  0.00000000
 -0.01163176  0.00000000    0.26658045  0.00000000    0.01163176  0.00000000
 -0.01163176  0.00000000    0.01163176  0.00000000    0.26658045  0.00000000

     Dynamical  Matrix in cartesian axes

     q = (    0.250000000  -0.250000000   0.250000000 ) 

    1    1
  0.26658045  0.00000000   -0.01163176  0.00000000    0.01163176  0.00000000
 -0.01163176  0.00000000    0.26658045  0.00000000   -0.01163176  0.00000000
  0.01163176  0.00000000   -0.01163176  0.00000000    0.26658045  0.00000000
    1    2
 -0.19860434  0.05757035   -0.03713684 -0.03887469    0.03713684  0.03887469
 -0.03713684 -0.03887469   -0.19860434  0.05757035   -0.03713684 -0.03887469
  0.03713684  0.03887469   -0.03713684 -0.03887469   -0.19860434  0.05757035
    2    1
 -0.19860434 -0.05757035   -0.03713684  0.03887469    0.03713684 -0.03887469
 -0.03713684  0.03887469   -0.19860434 -0.05757035   -0.03713684  0.03887469
  0.03713684 -0.03887469   -0.03713684  0.03887469   -0.19860434 -0.05757035
    2    2
  0.26658045  0.00000000   -0.01163176  0.00000000    0.01163176  0.00000000
 -0.01163176  0.00000000    0.26658045  0.00000000   -0.01163176  0.00000000
  0.01163176  0.00000000   -0.01163176  0.00000000    0.26658045  0.00000000

     Dynamical  Matrix in cartesian axes

     q = (    0.250000000   0.250000000   0.250000000 ) 

    1    1
  0.26658045  0.00000000    0.01163176  0.00000000    0.01163176  0.00000000
  0.01163176  0.00000000    0.26658045  0.00000000    0.01163176  0.00000000
  0.01163176  0.00000000    0.01163176  0.00000000    0.26658045  0.00000000
    1    2
 -0.05757035  0.19860434   -0.03887469 -0.03713684   -0.03887469 -0.03713684
 -0.03887469 -0.03713684   -0.05757035  0.19860434   -0.03887469 -0.03713684
 -0.03887469 -0.03713684   -0.03887469 -0.03713684   -0.05757035  0.19860434
    2    1
 -0.05757035 -0.19860434   -0.03887469  0.03713684   -0.03887469  0.03713684
 -0.03887469  0.03713684   -0.05757035 -0.19860434   -0.03887469  0.03713684
 -0.03887469  0.03713684   -0.03887469  0.03713684   -0.05757035 -0.19860434
    2    2
  0.26658045  0.00000000    0.01163176  0.00000000    0.01163176  0.00000000
  0.01163176  0.00000000    0.26658045  0.00000000    0.01163176  0.00000000
  0.01163176  0.00000000    0.01163176  0.00000000    0.26658045  0.00000000

     Dynamical  Matrix in cartesian axes

     q = (   -0.250000000  -0.250000000  -0.250000000 ) 

    1    1
  0.26658045  0.00000000    0.01163176  0.00000000    0.01163176  0.00000000
  0.01163176  0.00000000    0.26658045  0.00000000    0.01163176  0.00000000
  0.01163176  0.00000000    0.01163176  0.00000000    0.26658045  0.00000000
    1    2
 -0.05757035 -0.19860434   -0.03887469  0.03713684   -0.03887469  0.03713684
 -0.03887469  0.03713684   -0.05757035 -0.19860434   -0.03887469  0.03713684
 -0.03887469  0.03713684   -0.03887469  0.03713684   -0.05757035 -0.19860434
    2    1
 -0.05757035  0.19860434   -0.03887469 -0.03713684   -0.03887469 -0.03713684
 -0.03887469 -0.03713684   -0.05757035  0.19860434   -0.03887469 -0.03713684
 -0.03887469 -0.03713684   -0.03887469 -0.03713684   -0.05757035  0.19860434
    2    2
  0.26658045  0.00000000    0.01163176  0.00000000    0.01163176  0.00000000
  0.01163176  0.00000000    0.26658045  0.00000000    0.01163176  0.00000000
  0.01163176  0.00000000    0.01163176  0.00000000    0.26658045  0.00000000

     Dynamical  Matrix in cartesian axes

     q = (   -0.250000000  -0.250000000   0.250000000 ) 

    1    1
  0.26658045  0.00000000    0.01163176  0.00000000   -0.01163176  0.00000000
  0.01163176  0.00000000    0.26658045  0.00000000   -0.01163176  0.00000000
 -0.01163176  0.00000000   -0.01163176  0.00000000    0.26658045  0.00000000
    1    2
 -0.19860434 -0.05757035    0.03713684 -0.03887469   -0.03713684  0.03887469
  0.03713684 -0.03887469   -0.19860434 -0.05757035   -0.03713684  0.03887469
 -0.03713684  0.03887469   -0.03713684  0.03887469   -0.19860434 -0.05757035
    2    1
 -0.19860434  0.05757035    0.03713684  0.03887469   -0.03713684 -0.03887469
  0.03713684  0.03887469   -0.19860434  0.05757035   -0.03713684 -0.03887469
 -0.03713684 -0.03887469   -0.03713684 -0.03887469   -0.19860434  0.05757035
    2    2
  0.26658045  0.00000000    0.01163176  0.00000000   -0.01163176  0.00000000
  0.01163176  0.00000000    0.26658045  0.00000000   -0.01163176  0.00000000
 -0.01163176  0.00000000   -0.01163176  0.00000000    0.26658045  0.00000000

     Dynamical  Matrix in cartesian axes

     q = (   -0.250000000   0.250000000   0.250000000 ) 

    1    1
  0.26658045  0.00000000   -0.01163176  0.00000000   -0.01163176  0.00000000
 -0.01163176  0.00000000    0.26658045  0.00000000    0.01163176  0.00000000
 -0.01163176  0.00000000    0.01163176  0.00000000    0.26658045  0.00000000
    1    2
 -0.19860434  0.05757035   -0.03713684 -0.03887469   -0.03713684 -0.03887469
 -0.03713684 -0.03887469   -0.19860434  0.05757035    0.03713684  0.03887469
 -0.03713684 -0.03887469    0.03713684  0.03887469   -0.19860434  0.05757035
    2    1
 -0.19860434 -0.05757035   -0.03713684  0.03887469   -0.03713684  0.03887469
 -0.03713684  0.03887469   -0.19860434 -0.05757035    0.03713684 -0.03887469
 -0.03713684  0.03887469    0.03713684 -0.03887469   -0.19860434 -0.05757035
    2    2
  0.26658045  0.00000000   -0.01163176  0.00000000   -0.01163176  0.00000000
 -0.01163176  0.00000000    0.26658045  0.00000000    0.01163176  0.00000000
 -0.01163176  0.00000000    0.01163176  0.00000000    0.26658045  0.00000000

     Dynamical  Matrix in cartesian axes

     q = (    0.250000000   0.250000000  -0.250000000 ) 

    1    1
  0.26658045  0.00000000    0.01163176  0.00000000   -0.01163176  0.00000000
  0.01163176  0.00000000    0.26658045  0.00000000   -0.01163176  0.00000000
 -0.01163176  0.00000000   -0.01163176  0.00000000    0.26658045  0.00000000
    1    2
 -0.19860434  0.05757035    0.03713684  0.03887469   -0.03713684 -0.03887469
  0.03713684  0.03887469   -0.19860434  0.05757035   -0.03713684 -0.03887469
 -0.03713684 -0.03887469   -0.03713684 -0.03887469   -0.19860434  0.05757035
    2    1
 -0.19860434 -0.05757035    0.03713684 -0.03887469   -0.03713684  0.03887469
  0.03713684 -0.03887469   -0.19860434 -0.05757035   -0.03713684  0.03887469
 -0.03713684  0.03887469   -0.03713684  0.03887469   -0.19860434 -0.05757035
    2    2
  0.26658045  0.00000000    0.01163176  0.00000000   -0.01163176  0.00000000
  0.01163176  0.00000000    0.26658045  0.00000000   -0.01163176  0.00000000
 -0.01163176  0.00000000   -0.01163176  0.00000000    0.26658045  0.00000000

     Diagonalizing the dynamical matrix

     q = (   -0.250000000   0.250000000  -0.250000000 ) 

 **************************************************************************
     freq (    1) =       2.794262 [THz] =      93.206536 [cm-1]
 ( -0.512928 -0.134244 -0.061057 -0.098408  0.451871  0.035836 ) 
 ( -0.521935 -0.093273 -0.068646 -0.093273  0.453289 -0.000000 ) 
     freq (    2) =       2.794262 [THz] =      93.206536 [cm-1]
 (  0.185581  0.133328  0.542040  0.161598  0.356459  0.028269 ) 
 (  0.195541  0.118239  0.553119  0.118239  0.357578  0.000000 ) 
     freq (    3) =       6.696993 [THz] =     223.387652 [cm-1]
 (  0.276210  0.300623 -0.276210 -0.300623  0.276210  0.300623 ) 
 (  0.408248 -0.000000 -0.408248  0.000000  0.408248  0.000000 ) 
     freq (    4) =      14.150603 [THz] =     472.013315 [cm-1]
 (  0.276210  0.300623 -0.276210 -0.300623  0.276210  0.300623 ) 
 ( -0.408248 -0.000000  0.408248  0.000000 -0.408248  0.000000 ) 
     freq (    5) =      14.414377 [THz] =     480.811878 [cm-1]
 ( -0.576382 -0.031969 -0.283775 -0.008763  0.292607  0.023205 ) 
 (  0.577105 -0.013699  0.283579 -0.013699 -0.293526  0.000000 ) 
     freq (    6) =      14.414377 [THz] =     480.811878 [cm-1]
 ( -0.006110  0.007628 -0.501722 -0.031677 -0.495612 -0.039305 ) 
 (  0.005488 -0.008088  0.502656 -0.008088  0.497168  0.000000 ) 
 **************************************************************************
