Dynamical matrix file
                                                                           
  1    2  2 10.3220000  0.0000000  0.0000000  0.0000000  0.0000000  0.0000000
           1  'Si  '    25598.822984527003     
    1    1      0.0000000000      0.0000000000      0.0000000000
    2    1      0.2500000000      0.2500000000      0.2500000000

     Dynamical  Matrix in cartesian axes

     q = (    0.750000000  -0.250000000   0.750000000 ) 

    1    1
  0.24769015 -0.00000000   -0.00634934  0.00770614    0.00591989 -0.00000000
 -0.00634934 -0.00770614    0.29908695  0.00000000   -0.00634934 -0.00770614
  0.00591989 -0.00000000   -0.00634934  0.00770614    0.24769015 -0.00000000
    1    2
 -0.06077071  0.06189939   -0.04136851  0.04378845   -0.04173535 -0.13679658
 -0.04136851  0.04378845   -0.05914305  0.08036558   -0.04136851  0.04378845
 -0.04173535 -0.13679658   -0.04136851  0.04378845   -0.06077071  0.06189939
    2    1
 -0.06077071 -0.06189939   -0.04136851 -0.04378845   -0.04173535  0.13679658
 -0.04136851 -0.04378845   -0.05914305 -0.08036558   -0.04136851 -0.04378845
 -0.04173535  0.13679658   -0.04136851 -0.04378845   -0.06077071 -0.06189939
    2    2
  0.24769015  0.00000000   -0.00634934 -0.00770614    0.00591989  0.00000000
 -0.00634934  0.00770614    0.29908695 -0.00000000   -0.00634934  0.00770614
  0.00591989  0.00000000   -0.00634934 -0.00770614    0.24769015  0.00000000

     Dynamical  Matrix in cartesian axes

     q = (    0.750000000  -0.250000000  -0.750000000 ) 

    1    1
  0.24769015  0.00000000   -0.00634934 -0.00770614   -0.00591989 -0.00000000
 -0.00634934  0.00770614    0.29908695 -0.00000000    0.00634934 -0.00770614
 -0.00591989 -0.00000000    0.00634934  0.00770614    0.24769015  0.00000000
    1    2
 -0.06189939  0.06077071   -0.04378845  0.04136851   -0.13679658 -0.04173535
 -0.04378845  0.04136851   -0.08036558  0.05914305    0.04378845 -0.04136851
 -0.13679658 -0.04173535    0.04378845 -0.04136851   -0.06189939  0.06077071
    2    1
 -0.06189939 -0.06077071   -0.04378845 -0.04136851   -0.13679658  0.04173535
 -0.04378845 -0.04136851   -0.08036558 -0.05914305    0.04378845  0.04136851
 -0.13679658  0.04173535    0.04378845  0.04136851   -0.06189939 -0.06077071
    2    2
  0.24769015 -0.00000000   -0.00634934  0.00770614   -0.00591989  0.00000000
 -0.00634934 -0.00770614    0.29908695  0.00000000    0.00634934  0.00770614
 -0.00591989  0.00000000    0.00634934 -0.00770614    0.24769015 -0.00000000

     Dynamical  Matrix in cartesian axes

     q = (   -0.750000000  -0.250000000  -0.750000000 ) 

    1    1
  0.24769015 -0.00000000    0.00634934 -0.00770614    0.00591989 -0.00000000
  0.00634934  0.00770614    0.29908695  0.00000000    0.00634934  0.00770614
  0.00591989 -0.00000000    0.00634934 -0.00770614    0.24769015 -0.00000000
    1    2
  0.06189939  0.06077071   -0.04378845 -0.04136851   -0.13679658  0.04173535
 -0.04378845 -0.04136851    0.08036558  0.05914305   -0.04378845 -0.04136851
 -0.13679658  0.04173535   -0.04378845 -0.04136851    0.06189939  0.06077071
    2    1
  0.06189939 -0.06077071   -0.04378845  0.04136851   -0.13679658 -0.04173535
 -0.04378845  0.04136851    0.08036558 -0.05914305   -0.04378845  0.04136851
 -0.13679658 -0.04173535   -0.04378845  0.04136851    0.06189939 -0.06077071
    2    2
  0.24769015  0.00000000    0.00634934  0.00770614    0.00591989  0.00000000
  0.00634934 -0.00770614    0.29908695 -0.00000000    0.00634934 -0.00770614
  0.00591989  0.00000000    0.00634934  0.00770614    0.24769015  0.00000000

     Dynamical  Matrix in cartesian axes

     q = (   -0.750000000  -0.250000000   0.750000000 ) 

    1    1
  0.24769015  0.00000000    0.00634934  0.00770614   -0.00591989 -0.00000000
  0.00634934 -0.00770614    0.29908695 -0.00000000   -0.00634934  0.00770614
 -0.00591989 -0.00000000   -0.00634934 -0.00770614    0.24769015  0.00000000
    1    2
 -0.06189939  0.06077071    0.04378845 -0.04136851   -0.13679658 -0.04173535
  0.04378845 -0.04136851   -0.08036558  0.05914305   -0.04378845  0.04136851
 -0.13679658 -0.04173535   -0.04378845  0.04136851   -0.06189939  0.06077071
    2    1
 -0.06189939 -0.06077071    0.04378845  0.04136851   -0.13679658  0.04173535
  0.04378845  0.04136851   -0.08036558 -0.05914305   -0.04378845 -0.04136851
 -0.13679658  0.04173535   -0.04378845 -0.04136851   -0.06189939 -0.06077071
    2    2
  0.24769015 -0.00000000    0.00634934 -0.00770614   -0.00591989  0.00000000
  0.00634934  0.00770614    0.29908695  0.00000000   -0.00634934 -0.00770614
 -0.00591989  0.00000000   -0.00634934  0.00770614    0.24769015 -0.00000000

     Dynamical  Matrix in cartesian axes

     q = (   -0.750000000   0.250000000  -0.750000000 ) 

    1    1
  0.24769015  0.00000000   -0.00634934 -0.00770614    0.00591989  0.00000000
 -0.00634934  0.00770614    0.29908695 -0.00000000   -0.00634934  0.00770614
  0.00591989  0.00000000   -0.00634934 -0.00770614    0.24769015  0.00000000
    1    2
 -0.06077071 -0.06189939   -0.04136851 -0.04378845   -0.04173535  0.13679658
 -0.04136851 -0.04378845   -0.05914305 -0.08036558   -0.04136851 -0.04378845
 -0.04173535  0.13679658   -0.04136851 -0.04378845   -0.06077071 -0.06189939
    2    1
 -0.06077071  0.06189939   -0.04136851  0.04378845   -0.04173535 -0.13679658
 -0.04136851  0.04378845   -0.05914305  0.08036558   -0.04136851  0.04378845
 -0.04173535 -0.13679658   -0.04136851  0.04378845   -0.06077071  0.06189939
    2    2
  0.24769015 -0.00000000   -0.00634934  0.00770614    0.00591989 -0.00000000
 -0.00634934 -0.00770614    0.29908695  0.00000000   -0.00634934 -0.00770614
  0.00591989 -0.00000000   -0.00634934  0.00770614    0.24769015 -0.00000000

     Dynamical  Matrix in cartesian axes

     q = (   -0.250000000   0.750000000  -0.750000000 ) 

    1    1
  0.29908695 -0.00000000   -0.00634934  0.00770614    0.00634934 -0.00770614
 -0.00634934 -0.00770614    0.24769015  0.00000000   -0.00591989 -0.00000000
  0.00634934  0.00770614   -0.00591989 -0.00000000    0.24769015  0.00000000
    1    2
 -0.08036558  0.05914305   -0.04378845  0.04136851    0.04378845 -0.04136851
 -0.04378845  0.04136851   -0.06189939  0.06077071   -0.13679658 -0.04173535
  0.04378845 -0.04136851   -0.13679658 -0.04173535   -0.06189939  0.06077071
    2    1
 -0.08036558 -0.05914305   -0.04378845 -0.04136851    0.04378845  0.04136851
 -0.04378845 -0.04136851   -0.06189939 -0.06077071   -0.13679658  0.04173535
  0.04378845  0.04136851   -0.13679658  0.04173535   -0.06189939 -0.06077071
    2    2
  0.29908695  0.00000000   -0.00634934 -0.00770614    0.00634934  0.00770614
 -0.00634934  0.00770614    0.24769015 -0.00000000   -0.00591989  0.00000000
  0.00634934 -0.00770614   -0.00591989  0.00000000    0.24769015 -0.00000000

     Dynamical  Matrix in cartesian axes

     q = (   -0.750000000   0.750000000  -0.250000000 ) 

    1    1
  0.24769015  0.00000000   -0.00591989 -0.00000000    0.00634934  0.00770614
 -0.00591989 -0.00000000    0.24769015  0.00000000   -0.00634934 -0.00770614
  0.00634934 -0.00770614   -0.00634934  0.00770614    0.29908695 -0.00000000
    1    2
 -0.06189939  0.06077071   -0.13679658 -0.04173535    0.04378845 -0.04136851
 -0.13679658 -0.04173535   -0.06189939  0.06077071   -0.04378845  0.04136851
  0.04378845 -0.04136851   -0.04378845  0.04136851   -0.08036558  0.05914305
    2    1
 -0.06189939 -0.06077071   -0.13679658  0.04173535    0.04378845  0.04136851
 -0.13679658  0.04173535   -0.06189939 -0.06077071   -0.04378845 -0.04136851
  0.04378845  0.04136851   -0.04378845 -0.04136851   -0.08036558 -0.05914305
    2    2
  0.24769015 -0.00000000   -0.00591989  0.00000000    0.00634934 -0.00770614
 -0.00591989  0.00000000    0.24769015 -0.00000000   -0.00634934  0.00770614
  0.00634934  0.00770614   -0.00634934 -0.00770614    0.29908695  0.00000000

     Dynamical  Matrix in cartesian axes

     q = (    0.750000000   0.250000000   0.750000000 ) 

    1    1
  0.24769015  0.00000000    0.00634934  0.00770614    0.00591989  0.00000000
  0.00634934 -0.00770614    0.29908695 -0.00000000    0.00634934 -0.00770614
  0.00591989  0.00000000    0.00634934  0.00770614    0.24769015  0.00000000
    1    2
  0.06189939 -0.06077071   -0.04378845  0.04136851   -0.13679658 -0.04173535
 -0.04378845  0.04136851    0.08036558 -0.05914305   -0.04378845  0.04136851
 -0.13679658 -0.04173535   -0.04378845  0.04136851    0.06189939 -0.06077071
    2    1
  0.06189939  0.06077071   -0.04378845 -0.04136851   -0.13679658  0.04173535
 -0.04378845 -0.04136851    0.08036558  0.05914305   -0.04378845 -0.04136851
 -0.13679658  0.04173535   -0.04378845 -0.04136851    0.06189939  0.06077071
    2    2
  0.24769015 -0.00000000    0.00634934 -0.00770614    0.00591989 -0.00000000
  0.00634934  0.00770614    0.29908695  0.00000000    0.00634934  0.00770614
  0.00591989 -0.00000000    0.00634934 -0.00770614    0.24769015 -0.00000000

     Dynamical  Matrix in cartesian axes

     q = (   -0.750000000   0.250000000   0.750000000 ) 

    1    1
  0.24769015 -0.00000000   -0.00634934  0.00770614   -0.00591989  0.00000000
 -0.00634934 -0.00770614    0.29908695  0.00000000    0.00634934  0.00770614
 -0.00591989  0.00000000    0.00634934 -0.00770614    0.24769015 -0.00000000
    1    2
 -0.06189939 -0.06077071   -0.04378845 -0.04136851   -0.13679658  0.04173535
 -0.04378845 -0.04136851   -0.08036558 -0.05914305    0.04378845  0.04136851
 -0.13679658  0.04173535    0.04378845  0.04136851   -0.06189939 -0.06077071
    2    1
 -0.06189939  0.06077071   -0.04378845  0.04136851   -0.13679658 -0.04173535
 -0.04378845  0.04136851   -0.08036558  0.05914305    0.04378845 -0.04136851
 -0.13679658 -0.04173535    0.04378845 -0.04136851   -0.06189939  0.06077071
    2    2
  0.24769015  0.00000000   -0.00634934 -0.00770614   -0.00591989 -0.00000000
 -0.00634934  0.00770614    0.29908695 -0.00000000    0.00634934 -0.00770614
 -0.00591989 -0.00000000    0.00634934  0.00770614    0.24769015  0.00000000

     Dynamical  Matrix in cartesian axes

     q = (    0.750000000   0.250000000  -0.750000000 ) 

    1    1
  0.24769015 -0.00000000    0.00634934 -0.00770614   -0.00591989  0.00000000
  0.00634934  0.00770614    0.29908695  0.00000000   -0.00634934 -0.00770614
 -0.00591989  0.00000000   -0.00634934  0.00770614    0.24769015 -0.00000000
    1    2
 -0.06189939 -0.06077071    0.04378845  0.04136851   -0.13679658  0.04173535
  0.04378845  0.04136851   -0.08036558 -0.05914305   -0.04378845 -0.04136851
 -0.13679658  0.04173535   -0.04378845 -0.04136851   -0.06189939 -0.06077071
    2    1
 -0.06189939  0.06077071    0.04378845 -0.04136851   -0.13679658 -0.04173535
  0.04378845 -0.04136851   -0.08036558  0.05914305   -0.04378845  0.04136851
 -0.13679658 -0.04173535   -0.04378845  0.04136851   -0.06189939  0.06077071
    2    2
  0.24769015  0.00000000    0.00634934  0.00770614   -0.00591989 -0.00000000
  0.00634934 -0.00770614    0.29908695 -0.00000000   -0.00634934  0.00770614
 -0.00591989 -0.00000000   -0.00634934 -0.00770614    0.24769015  0.00000000

     Dynamical  Matrix in cartesian axes

     q = (   -0.750000000   0.750000000   0.250000000 ) 

    1    1
  0.24769015 -0.00000000   -0.00591989  0.00000000   -0.00634934  0.00770614
 -0.00591989  0.00000000    0.24769015 -0.00000000    0.00634934 -0.00770614
 -0.00634934 -0.00770614    0.00634934  0.00770614    0.29908695  0.00000000
    1    2
 -0.06189939 -0.06077071   -0.13679658  0.04173535   -0.04378845 -0.04136851
 -0.13679658  0.04173535   -0.06189939 -0.06077071    0.04378845  0.04136851
 -0.04378845 -0.04136851    0.04378845  0.04136851   -0.08036558 -0.05914305
    2    1
 -0.06189939  0.06077071   -0.13679658 -0.04173535   -0.04378845  0.04136851
 -0.13679658 -0.04173535   -0.06189939  0.06077071    0.04378845 -0.04136851
 -0.04378845  0.04136851    0.04378845 -0.04136851   -0.08036558  0.05914305
    2    2
  0.24769015  0.00000000   -0.00591989 -0.00000000   -0.00634934 -0.00770614
 -0.00591989 -0.00000000    0.24769015  0.00000000    0.00634934  0.00770614
 -0.00634934  0.00770614    0.00634934 -0.00770614    0.29908695 -0.00000000

     Dynamical  Matrix in cartesian axes

     q = (   -0.250000000   0.750000000   0.750000000 ) 

    1    1
  0.29908695  0.00000000   -0.00634934 -0.00770614   -0.00634934 -0.00770614
 -0.00634934  0.00770614    0.24769015 -0.00000000    0.00591989 -0.00000000
 -0.00634934  0.00770614    0.00591989 -0.00000000    0.24769015 -0.00000000
    1    2
 -0.05914305  0.08036558   -0.04136851  0.04378845   -0.04136851  0.04378845
 -0.04136851  0.04378845   -0.06077071  0.06189939   -0.04173535 -0.13679658
 -0.04136851  0.04378845   -0.04173535 -0.13679658   -0.06077071  0.06189939
    2    1
 -0.05914305 -0.08036558   -0.04136851 -0.04378845   -0.04136851 -0.04378845
 -0.04136851 -0.04378845   -0.06077071 -0.06189939   -0.04173535  0.13679658
 -0.04136851 -0.04378845   -0.04173535  0.13679658   -0.06077071 -0.06189939
    2    2
  0.29908695 -0.00000000   -0.00634934  0.00770614   -0.00634934  0.00770614
 -0.00634934 -0.00770614    0.24769015  0.00000000    0.00591989  0.00000000
 -0.00634934 -0.00770614    0.00591989  0.00000000    0.24769015  0.00000000

     Dynamical  Matrix in cartesian axes

     q = (    0.250000000   0.750000000  -0.750000000 ) 

    1    1
  0.29908695  0.00000000    0.00634934  0.00770614   -0.00634934 -0.00770614
  0.00634934 -0.00770614    0.24769015 -0.00000000   -0.00591989  0.00000000
 -0.00634934  0.00770614   -0.00591989  0.00000000    0.24769015 -0.00000000
    1    2
 -0.08036558 -0.05914305    0.04378845  0.04136851   -0.04378845 -0.04136851
  0.04378845  0.04136851   -0.06189939 -0.06077071   -0.13679658  0.04173535
 -0.04378845 -0.04136851   -0.13679658  0.04173535   -0.06189939 -0.06077071
    2    1
 -0.08036558  0.05914305    0.04378845 -0.04136851   -0.04378845  0.04136851
  0.04378845 -0.04136851   -0.06189939  0.06077071   -0.13679658 -0.04173535
 -0.04378845  0.04136851   -0.13679658 -0.04173535   -0.06189939  0.06077071
    2    2
  0.29908695 -0.00000000    0.00634934 -0.00770614   -0.00634934  0.00770614
  0.00634934  0.00770614    0.24769015  0.00000000   -0.00591989 -0.00000000
 -0.00634934 -0.00770614   -0.00591989 -0.00000000    0.24769015  0.00000000

     Dynamical  Matrix in cartesian axes

     q = (   -0.250000000  -0.750000000  -0.750000000 ) 

    1    1
  0.29908695  0.00000000    0.00634934  0.00770614    0.00634934  0.00770614
  0.00634934 -0.00770614    0.24769015 -0.00000000    0.00591989 -0.00000000
  0.00634934 -0.00770614    0.00591989 -0.00000000    0.24769015 -0.00000000
    1    2
  0.08036558  0.05914305   -0.04378845 -0.04136851   -0.04378845 -0.04136851
 -0.04378845 -0.04136851    0.06189939  0.06077071   -0.13679658  0.04173535
 -0.04378845 -0.04136851   -0.13679658  0.04173535    0.06189939  0.06077071
    2    1
  0.08036558 -0.05914305   -0.04378845  0.04136851   -0.04378845  0.04136851
 -0.04378845  0.04136851    0.06189939 -0.06077071   -0.13679658 -0.04173535
 -0.04378845  0.04136851   -0.13679658 -0.04173535    0.06189939 -0.06077071
    2    2
  0.29908695 -0.00000000    0.00634934 -0.00770614    0.00634934 -0.00770614
  0.00634934  0.00770614    0.24769015  0.00000000    0.00591989  0.00000000
  0.00634934  0.00770614    0.00591989  0.00000000    0.24769015  0.00000000

     Dynamical  Matrix in cartesian axes

     q = (    0.750000000   0.750000000  -0.250000000 ) 

    1    1
  0.24769015 -0.00000000    0.00591989 -0.00000000   -0.00634934  0.00770614
  0.00591989 -0.00000000    0.24769015 -0.00000000   -0.00634934  0.00770614
 -0.00634934 -0.00770614   -0.00634934 -0.00770614    0.29908695  0.00000000
    1    2
 -0.06077071  0.06189939   -0.04173535 -0.13679658   -0.04136851  0.04378845
 -0.04173535 -0.13679658   -0.06077071  0.06189939   -0.04136851  0.04378845
 -0.04136851  0.04378845   -0.04136851  0.04378845   -0.05914305  0.08036558
    2    1
 -0.06077071 -0.06189939   -0.04173535  0.13679658   -0.04136851 -0.04378845
 -0.04173535  0.13679658   -0.06077071 -0.06189939   -0.04136851 -0.04378845
 -0.04136851 -0.04378845   -0.04136851 -0.04378845   -0.05914305 -0.08036558
    2    2
  0.24769015  0.00000000    0.00591989  0.00000000   -0.00634934 -0.00770614
  0.00591989  0.00000000    0.24769015  0.00000000   -0.00634934 -0.00770614
 -0.00634934  0.00770614   -0.00634934  0.00770614    0.29908695 -0.00000000

     Dynamical  Matrix in cartesian axes

     q = (    0.750000000  -0.750000000   0.250000000 ) 

    1    1
  0.24769015 -0.00000000   -0.00591989  0.00000000    0.00634934 -0.00770614
 -0.00591989  0.00000000    0.24769015 -0.00000000   -0.00634934  0.00770614
  0.00634934  0.00770614   -0.00634934 -0.00770614    0.29908695  0.00000000
    1    2
 -0.06189939 -0.06077071   -0.13679658  0.04173535    0.04378845  0.04136851
 -0.13679658  0.04173535   -0.06189939 -0.06077071   -0.04378845 -0.04136851
  0.04378845  0.04136851   -0.04378845 -0.04136851   -0.08036558 -0.05914305
    2    1
 -0.06189939  0.06077071   -0.13679658 -0.04173535    0.04378845 -0.04136851
 -0.13679658 -0.04173535   -0.06189939  0.06077071   -0.04378845  0.04136851
  0.04378845 -0.04136851   -0.04378845  0.04136851   -0.08036558  0.05914305
    2    2
  0.24769015  0.00000000   -0.00591989 -0.00000000    0.00634934  0.00770614
 -0.00591989 -0.00000000    0.24769015  0.00000000   -0.00634934 -0.00770614
  0.00634934 -0.00770614   -0.00634934  0.00770614    0.29908695 -0.00000000

     Dynamical  Matrix in cartesian axes

     q = (   -0.750000000  -0.750000000  -0.250000000 ) 

    1    1
  0.24769015 -0.00000000    0.00591989 -0.00000000    0.00634934 -0.00770614
  0.00591989 -0.00000000    0.24769015 -0.00000000    0.00634934 -0.00770614
  0.00634934  0.00770614    0.00634934  0.00770614    0.29908695  0.00000000
    1    2
  0.06189939  0.06077071   -0.13679658  0.04173535   -0.04378845 -0.04136851
 -0.13679658  0.04173535    0.06189939  0.06077071   -0.04378845 -0.04136851
 -0.04378845 -0.04136851   -0.04378845 -0.04136851    0.08036558  0.05914305
    2    1
  0.06189939 -0.06077071   -0.13679658 -0.04173535   -0.04378845  0.04136851
 -0.13679658 -0.04173535    0.06189939 -0.06077071   -0.04378845  0.04136851
 -0.04378845  0.04136851   -0.04378845  0.04136851    0.08036558 -0.05914305
    2    2
  0.24769015  0.00000000    0.00591989  0.00000000    0.00634934  0.00770614
  0.00591989  0.00000000    0.24769015  0.00000000    0.00634934  0.00770614
  0.00634934 -0.00770614    0.00634934 -0.00770614    0.29908695 -0.00000000

     Dynamical  Matrix in cartesian axes

     q = (    0.250000000  -0.750000000   0.750000000 ) 

    1    1
  0.29908695  0.00000000   -0.00634934 -0.00770614    0.00634934  0.00770614
 -0.00634934  0.00770614    0.24769015 -0.00000000   -0.00591989  0.00000000
  0.00634934 -0.00770614   -0.00591989  0.00000000    0.24769015 -0.00000000
    1    2
 -0.08036558 -0.05914305   -0.04378845 -0.04136851    0.04378845  0.04136851
 -0.04378845 -0.04136851   -0.06189939 -0.06077071   -0.13679658  0.04173535
  0.04378845  0.04136851   -0.13679658  0.04173535   -0.06189939 -0.06077071
    2    1
 -0.08036558  0.05914305   -0.04378845  0.04136851    0.04378845 -0.04136851
 -0.04378845  0.04136851   -0.06189939  0.06077071   -0.13679658 -0.04173535
  0.04378845 -0.04136851   -0.13679658 -0.04173535   -0.06189939  0.06077071
    2    2
  0.29908695 -0.00000000   -0.00634934  0.00770614    0.00634934 -0.00770614
 -0.00634934 -0.00770614    0.24769015  0.00000000   -0.00591989 -0.00000000
  0.00634934  0.00770614   -0.00591989 -0.00000000    0.24769015  0.00000000

     Dynamical  Matrix in cartesian axes

     q = (   -0.750000000  -0.750000000   0.250000000 ) 

    1    1
  0.24769015  0.00000000    0.00591989  0.00000000   -0.00634934 -0.00770614
  0.00591989  0.00000000    0.24769015  0.00000000   -0.00634934 -0.00770614
 -0.00634934  0.00770614   -0.00634934  0.00770614    0.29908695 -0.00000000
    1    2
 -0.06077071 -0.06189939   -0.04173535  0.13679658   -0.04136851 -0.04378845
 -0.04173535  0.13679658   -0.06077071 -0.06189939   -0.04136851 -0.04378845
 -0.04136851 -0.04378845   -0.04136851 -0.04378845   -0.05914305 -0.08036558
    2    1
 -0.06077071  0.06189939   -0.04173535 -0.13679658   -0.04136851  0.04378845
 -0.04173535 -0.13679658   -0.06077071  0.06189939   -0.04136851  0.04378845
 -0.04136851  0.04378845   -0.04136851  0.04378845   -0.05914305  0.08036558
    2    2
  0.24769015 -0.00000000    0.00591989 -0.00000000   -0.00634934  0.00770614
  0.00591989 -0.00000000    0.24769015 -0.00000000   -0.00634934  0.00770614
 -0.00634934 -0.00770614   -0.00634934 -0.00770614    0.29908695  0.00000000

     Dynamical  Matrix in cartesian axes

     q = (    0.250000000   0.750000000   0.750000000 ) 

    1    1
  0.29908695 -0.00000000    0.00634934 -0.00770614    0.00634934 -0.00770614
  0.00634934  0.00770614    0.24769015  0.00000000    0.00591989  0.00000000
  0.00634934  0.00770614    0.00591989  0.00000000    0.24769015  0.00000000
    1    2
  0.08036558 -0.05914305   -0.04378845  0.04136851   -0.04378845  0.04136851
 -0.04378845  0.04136851    0.06189939 -0.06077071   -0.13679658 -0.04173535
 -0.04378845  0.04136851   -0.13679658 -0.04173535    0.06189939 -0.06077071
    2    1
  0.08036558  0.05914305   -0.04378845 -0.04136851   -0.04378845 -0.04136851
 -0.04378845 -0.04136851    0.06189939  0.06077071   -0.13679658  0.04173535
 -0.04378845 -0.04136851   -0.13679658  0.04173535    0.06189939  0.06077071
    2    2
  0.29908695  0.00000000    0.00634934  0.00770614    0.00634934  0.00770614
  0.00634934 -0.00770614    0.24769015 -0.00000000    0.00591989 -0.00000000
  0.00634934 -0.00770614    0.00591989 -0.00000000    0.24769015 -0.00000000

     Dynamical  Matrix in cartesian axes

     q = (   -0.250000000  -0.750000000   0.750000000 ) 

    1    1
  0.29908695 -0.00000000    0.00634934 -0.00770614   -0.00634934  0.00770614
  0.00634934  0.00770614    0.24769015  0.00000000   -0.00591989 -0.00000000
 -0.00634934 -0.00770614   -0.00591989 -0.00000000    0.24769015  0.00000000
    1    2
 -0.08036558  0.05914305    0.04378845 -0.04136851   -0.04378845  0.04136851
  0.04378845 -0.04136851   -0.06189939  0.06077071   -0.13679658 -0.04173535
 -0.04378845  0.04136851   -0.13679658 -0.04173535   -0.06189939  0.06077071
    2    1
 -0.08036558 -0.05914305    0.04378845  0.04136851   -0.04378845 -0.04136851
  0.04378845  0.04136851   -0.06189939 -0.06077071   -0.13679658  0.04173535
 -0.04378845 -0.04136851   -0.13679658  0.04173535   -0.06189939 -0.06077071
    2    2
  0.29908695  0.00000000    0.00634934  0.00770614   -0.00634934 -0.00770614
  0.00634934 -0.00770614    0.24769015 -0.00000000   -0.00591989  0.00000000
 -0.00634934  0.00770614   -0.00591989  0.00000000    0.24769015 -0.00000000

     Dynamical  Matrix in cartesian axes

     q = (    0.750000000   0.750000000   0.250000000 ) 

    1    1
  0.24769015  0.00000000    0.00591989  0.00000000    0.00634934  0.00770614
  0.00591989  0.00000000    0.24769015  0.00000000    0.00634934  0.00770614
  0.00634934 -0.00770614    0.00634934 -0.00770614    0.29908695 -0.00000000
    1    2
  0.06189939 -0.06077071   -0.13679658 -0.04173535   -0.04378845  0.04136851
 -0.13679658 -0.04173535    0.06189939 -0.06077071   -0.04378845  0.04136851
 -0.04378845  0.04136851   -0.04378845  0.04136851    0.08036558 -0.05914305
    2    1
  0.06189939  0.06077071   -0.13679658  0.04173535   -0.04378845 -0.04136851
 -0.13679658  0.04173535    0.06189939  0.06077071   -0.04378845 -0.04136851
 -0.04378845 -0.04136851   -0.04378845 -0.04136851    0.08036558  0.05914305
    2    2
  0.24769015 -0.00000000    0.00591989 -0.00000000    0.00634934 -0.00770614
  0.00591989 -0.00000000    0.24769015 -0.00000000    0.00634934 -0.00770614
  0.00634934  0.00770614    0.00634934  0.00770614    0.29908695  0.00000000

     Dynamical  Matrix in cartesian axes

     q = (    0.250000000  -0.750000000  -0.750000000 ) 

    1    1
  0.29908695 -0.00000000   -0.00634934  0.00770614   -0.00634934  0.00770614
 -0.00634934 -0.00770614    0.24769015  0.00000000    0.00591989  0.00000000
 -0.00634934 -0.00770614    0.00591989  0.00000000    0.24769015  0.00000000
    1    2
 -0.05914305 -0.08036558   -0.04136851 -0.04378845   -0.04136851 -0.04378845
 -0.04136851 -0.04378845   -0.06077071 -0.06189939   -0.04173535  0.13679658
 -0.04136851 -0.04378845   -0.04173535  0.13679658   -0.06077071 -0.06189939
    2    1
 -0.05914305  0.08036558   -0.04136851  0.04378845   -0.04136851  0.04378845
 -0.04136851  0.04378845   -0.06077071  0.06189939   -0.04173535 -0.13679658
 -0.04136851  0.04378845   -0.04173535 -0.13679658   -0.06077071  0.06189939
    2    2
  0.29908695  0.00000000   -0.00634934 -0.00770614   -0.00634934 -0.00770614
 -0.00634934  0.00770614    0.24769015 -0.00000000    0.00591989 -0.00000000
 -0.00634934  0.00770614    0.00591989 -0.00000000    0.24769015 -0.00000000

     Dynamical  Matrix in cartesian axes

     q = (    0.750000000  -0.750000000  -0.250000000 ) 

    1    1
  0.24769015  0.00000000   -0.00591989 -0.00000000   -0.00634934 -0.00770614
 -0.00591989 -0.00000000    0.24769015  0.00000000    0.00634934  0.00770614
 -0.00634934  0.00770614    0.00634934 -0.00770614    0.29908695 -0.00000000
    1    2
 -0.06189939  0.06077071   -0.13679658 -0.04173535   -0.04378845  0.04136851
 -0.13679658 -0.04173535   -0.06189939  0.06077071    0.04378845 -0.04136851
 -0.04378845  0.04136851    0.04378845 -0.04136851   -0.08036558  0.05914305
    2    1
 -0.06189939 -0.06077071   -0.13679658  0.04173535   -0.04378845 -0.04136851
 -0.13679658  0.04173535   -0.06189939 -0.06077071    0.04378845  0.04136851
 -0.04378845 -0.04136851    0.04378845  0.04136851   -0.08036558 -0.05914305
    2    2
  0.24769015 -0.00000000   -0.00591989  0.00000000   -0.00634934  0.00770614
 -0.00591989  0.00000000    0.24769015 -0.00000000    0.00634934 -0.00770614
 -0.00634934 -0.00770614    0.00634934  0.00770614    0.29908695  0.00000000

     Diagonalizing the dynamical matrix

     q = (    0.750000000  -0.250000000   0.750000000 ) 

 **************************************************************************
     freq (    1) =       4.222201 [THz] =     140.837449 [cm-1]
 (  0.047682 -0.497721  0.000000  0.000000 -0.047682  0.497721 ) 
 (  0.500000 -0.000000  0.000000  0.000000 -0.500000  0.000000 ) 
     freq (    2) =       5.877644 [THz] =     196.057090 [cm-1]
 ( -0.390147 -0.163780 -0.343942  0.153709 -0.390147 -0.163780 ) 
 ( -0.423130 -0.000000 -0.257637 -0.274857 -0.423130  0.000000 ) 
     freq (    3) =       9.391043 [THz] =     313.251486 [cm-1]
 (  0.116769 -0.288126  0.379301  0.403519  0.116769 -0.288126 ) 
 ( -0.310888  0.000000  0.231510  0.503091 -0.310888  0.000000 ) 
     freq (    4) =      12.126083 [THz] =     404.482581 [cm-1]
 (  0.076947  0.318162 -0.402816 -0.351346  0.076947  0.318162 ) 
 ( -0.327334 -0.000000  0.436190  0.308937 -0.327334  0.000000 ) 
     freq (    5) =      13.660587 [THz] =     455.668143 [cm-1]
 (  0.047682 -0.497721 -0.000000  0.000000 -0.047682  0.497721 ) 
 ( -0.500000 -0.000000  0.000000  0.000000  0.500000  0.000000 ) 
     freq (    6) =      14.056138 [THz] =     468.862310 [cm-1]
 ( -0.302649 -0.159893 -0.465884  0.220517 -0.302649 -0.159893 ) 
 (  0.342289  0.000000  0.308920  0.412607  0.342289 -0.000000 ) 
 **************************************************************************
