Dynamical matrix file
                                                                           
  1    2  2 10.2800000  0.0000000  0.0000000  0.0000000  0.0000000  0.0000000
           1  'Si  '    25598.822984527003     
    1    1      0.0000000000      0.0000000000      0.0000000000
    2    1      0.2500000000      0.2500000000      0.2500000000

     Dynamical  Matrix in cartesian axes

     q = (   -0.250000000   0.250000000  -0.250000000 ) 

    1    1
  0.27886882  0.00000000   -0.01115908  0.00000000    0.01115908  0.00000000
 -0.01115908  0.00000000    0.27886882  0.00000000   -0.01115908  0.00000000
  0.01115908  0.00000000   -0.01115908  0.00000000    0.27886882  0.00000000
    1    2
 -0.20082966 -0.05796077   -0.03971043  0.04036368    0.03971043 -0.04036368
 -0.03971043  0.04036368   -0.20082966 -0.05796077   -0.03971043  0.04036368
  0.03971043 -0.04036368   -0.03971043  0.04036368   -0.20082966 -0.05796077
    2    1
 -0.20082966  0.05796077   -0.03971043 -0.04036368    0.03971043  0.04036368
 -0.03971043 -0.04036368   -0.20082966  0.05796077   -0.03971043 -0.04036368
  0.03971043  0.04036368   -0.03971043 -0.04036368   -0.20082966  0.05796077
    2    2
  0.27886882  0.00000000   -0.01115908  0.00000000    0.01115908  0.00000000
 -0.01115908  0.00000000    0.27886882  0.00000000   -0.01115908  0.00000000
  0.01115908  0.00000000   -0.01115908  0.00000000    0.27886882  0.00000000

     Dynamical  Matrix in cartesian axes

     q = (    0.250000000  -0.250000000  -0.250000000 ) 

    1    1
  0.27886882  0.00000000   -0.01115908  0.00000000   -0.01115908  0.00000000
 -0.01115908  0.00000000    0.27886882  0.00000000    0.01115908  0.00000000
 -0.01115908  0.00000000    0.01115908  0.00000000    0.27886882  0.00000000
    1    2
 -0.20082966 -0.05796077   -0.03971043  0.04036368   -0.03971043  0.04036368
 -0.03971043  0.04036368   -0.20082966 -0.05796077    0.03971043 -0.04036368
 -0.03971043  0.04036368    0.03971043 -0.04036368   -0.20082966 -0.05796077
    2    1
 -0.20082966  0.05796077   -0.03971043 -0.04036368   -0.03971043 -0.04036368
 -0.03971043 -0.04036368   -0.20082966  0.05796077    0.03971043  0.04036368
 -0.03971043 -0.04036368    0.03971043  0.04036368   -0.20082966  0.05796077
    2    2
  0.27886882  0.00000000   -0.01115908  0.00000000   -0.01115908  0.00000000
 -0.01115908  0.00000000    0.27886882  0.00000000    0.01115908  0.00000000
 -0.01115908  0.00000000    0.01115908  0.00000000    0.27886882  0.00000000

     Dynamical  Matrix in cartesian axes

     q = (    0.250000000  -0.250000000   0.250000000 ) 

    1    1
  0.27886882  0.00000000   -0.01115908  0.00000000    0.01115908  0.00000000
 -0.01115908  0.00000000    0.27886882  0.00000000   -0.01115908  0.00000000
  0.01115908  0.00000000   -0.01115908  0.00000000    0.27886882  0.00000000
    1    2
 -0.20082966  0.05796077   -0.03971043 -0.04036368    0.03971043  0.04036368
 -0.03971043 -0.04036368   -0.20082966  0.05796077   -0.03971043 -0.04036368
  0.03971043  0.04036368   -0.03971043 -0.04036368   -0.20082966  0.05796077
    2    1
 -0.20082966 -0.05796077   -0.03971043  0.04036368    0.03971043 -0.04036368
 -0.03971043  0.04036368   -0.20082966 -0.05796077   -0.03971043  0.04036368
  0.03971043 -0.04036368   -0.03971043  0.04036368   -0.20082966 -0.05796077
    2    2
  0.27886882  0.00000000   -0.01115908  0.00000000    0.01115908  0.00000000
 -0.01115908  0.00000000    0.27886882  0.00000000   -0.01115908  0.00000000
  0.01115908  0.00000000   -0.01115908  0.00000000    0.27886882  0.00000000

     Dynamical  Matrix in cartesian axes

     q = (    0.250000000   0.250000000   0.250000000 ) 

    1    1
  0.27886882  0.00000000    0.01115908  0.00000000    0.01115908  0.00000000
  0.01115908  0.00000000    0.27886882  0.00000000    0.01115908  0.00000000
  0.01115908  0.00000000    0.01115908  0.00000000    0.27886882  0.00000000
    1    2
 -0.05796077  0.20082966   -0.04036368 -0.03971043   -0.04036368 -0.03971043
 -0.04036368 -0.03971043   -0.05796077  0.20082966   -0.04036368 -0.03971043
 -0.04036368 -0.03971043   -0.04036368 -0.03971043   -0.05796077  0.20082966
    2    1
 -0.05796077 -0.20082966   -0.04036368  0.03971043   -0.04036368  0.03971043
 -0.04036368  0.03971043   -0.05796077 -0.20082966   -0.04036368  0.03971043
 -0.04036368  0.03971043   -0.04036368  0.03971043   -0.05796077 -0.20082966
    2    2
  0.27886882  0.00000000    0.01115908  0.00000000    0.01115908  0.00000000
  0.01115908  0.00000000    0.27886882  0.00000000    0.01115908  0.00000000
  0.01115908  0.00000000    0.01115908  0.00000000    0.27886882  0.00000000

     Dynamical  Matrix in cartesian axes

     q = (   -0.250000000  -0.250000000  -0.250000000 ) 

    1    1
  0.27886882  0.00000000    0.01115908  0.00000000    0.01115908  0.00000000
  0.01115908  0.00000000    0.27886882  0.00000000    0.01115908  0.00000000
  0.01115908  0.00000000    0.01115908  0.00000000    0.27886882  0.00000000
    1    2
 -0.05796077 -0.20082966   -0.04036368  0.03971043   -0.04036368  0.03971043
 -0.04036368  0.03971043   -0.05796077 -0.20082966   -0.04036368  0.03971043
 -0.04036368  0.03971043   -0.04036368  0.03971043   -0.05796077 -0.20082966
    2    1
 -0.05796077  0.20082966   -0.04036368 -0.03971043   -0.04036368 -0.03971043
 -0.04036368 -0.03971043   -0.05796077  0.20082966   -0.04036368 -0.03971043
 -0.04036368 -0.03971043   -0.04036368 -0.03971043   -0.05796077  0.20082966
    2    2
  0.27886882  0.00000000    0.01115908  0.00000000    0.01115908  0.00000000
  0.01115908  0.00000000    0.27886882  0.00000000    0.01115908  0.00000000
  0.01115908  0.00000000    0.01115908  0.00000000    0.27886882  0.00000000

     Dynamical  Matrix in cartesian axes

     q = (   -0.250000000  -0.250000000   0.250000000 ) 

    1    1
  0.27886882  0.00000000    0.01115908  0.00000000   -0.01115908  0.00000000
  0.01115908  0.00000000    0.27886882  0.00000000   -0.01115908  0.00000000
 -0.01115908  0.00000000   -0.01115908  0.00000000    0.27886882  0.00000000
    1    2
 -0.20082966 -0.05796077    0.03971043 -0.04036368   -0.03971043  0.04036368
  0.03971043 -0.04036368   -0.20082966 -0.05796077   -0.03971043  0.04036368
 -0.03971043  0.04036368   -0.03971043  0.04036368   -0.20082966 -0.05796077
    2    1
 -0.20082966  0.05796077    0.03971043  0.04036368   -0.03971043 -0.04036368
  0.03971043  0.04036368   -0.20082966  0.05796077   -0.03971043 -0.04036368
 -0.03971043 -0.04036368   -0.03971043 -0.04036368   -0.20082966  0.05796077
    2    2
  0.27886882  0.00000000    0.01115908  0.00000000   -0.01115908  0.00000000
  0.01115908  0.00000000    0.27886882  0.00000000   -0.01115908  0.00000000
 -0.01115908  0.00000000   -0.01115908  0.00000000    0.27886882  0.00000000

     Dynamical  Matrix in cartesian axes

     q = (   -0.250000000   0.250000000   0.250000000 ) 

    1    1
  0.27886882  0.00000000   -0.01115908  0.00000000   -0.01115908  0.00000000
 -0.01115908  0.00000000    0.27886882  0.00000000    0.01115908  0.00000000
 -0.01115908  0.00000000    0.01115908  0.00000000    0.27886882  0.00000000
    1    2
 -0.20082966  0.05796077   -0.03971043 -0.04036368   -0.03971043 -0.04036368
 -0.03971043 -0.04036368   -0.20082966  0.05796077    0.03971043  0.04036368
 -0.03971043 -0.04036368    0.03971043  0.04036368   -0.20082966  0.05796077
    2    1
 -0.20082966 -0.05796077   -0.03971043  0.04036368   -0.03971043  0.04036368
 -0.03971043  0.04036368   -0.20082966 -0.05796077    0.03971043 -0.04036368
 -0.03971043  0.04036368    0.03971043 -0.04036368   -0.20082966 -0.05796077
    2    2
  0.27886882  0.00000000   -0.01115908  0.00000000   -0.01115908  0.00000000
 -0.01115908  0.00000000    0.27886882  0.00000000    0.01115908  0.00000000
 -0.01115908  0.00000000    0.01115908  0.00000000    0.27886882  0.00000000

     Dynamical  Matrix in cartesian axes

     q = (    0.250000000   0.250000000  -0.250000000 ) 

    1    1
  0.27886882  0.00000000    0.01115908  0.00000000   -0.01115908  0.00000000
  0.01115908  0.00000000    0.27886882  0.00000000   -0.01115908  0.00000000
 -0.01115908  0.00000000   -0.01115908  0.00000000    0.27886882  0.00000000
    1    2
 -0.20082966  0.05796077    0.03971043  0.04036368   -0.03971043 -0.04036368
  0.03971043  0.04036368   -0.20082966  0.05796077   -0.03971043 -0.04036368
 -0.03971043 -0.04036368   -0.03971043 -0.04036368   -0.20082966  0.05796077
    2    1
 -0.20082966 -0.05796077    0.03971043 -0.04036368   -0.03971043  0.04036368
  0.03971043 -0.04036368   -0.20082966 -0.05796077   -0.03971043  0.04036368
 -0.03971043  0.04036368   -0.03971043  0.04036368   -0.20082966 -0.05796077
    2    2
  0.27886882  0.00000000    0.01115908  0.00000000   -0.01115908  0.00000000
  0.01115908  0.00000000    0.27886882  0.00000000   -0.01115908  0.00000000
 -0.01115908  0.00000000   -0.01115908  0.00000000    0.27886882  0.00000000

     Diagonalizing the dynamical matrix

     q = (   -0.250000000   0.250000000  -0.250000000 ) 

 **************************************************************************
     freq (    1) =       3.348944 [THz] =     111.708742 [cm-1]
 (  0.045887  0.042147 -0.473847  0.004125 -0.519735 -0.038022 ) 
 (  0.048840  0.038687 -0.472283  0.038687 -0.521124  0.000000 ) 
     freq (    2) =       3.348944 [THz] =     111.708742 [cm-1]
 ( -0.572621  0.039447 -0.324761  0.057580  0.247860  0.018133 ) 
 ( -0.568217  0.081121 -0.319694  0.081121  0.248523  0.000000 ) 
     freq (    3) =       7.029230 [THz] =     234.469879 [cm-1]
 ( -0.268904 -0.307176  0.268904  0.307176 -0.268904 -0.307176 ) 
 ( -0.408248  0.000000  0.408248  0.000000 -0.408248  0.000000 ) 
     freq (    4) =      14.327273 [THz] =     477.906392 [cm-1]
 (  0.268904  0.307176 -0.268904 -0.307176  0.268904  0.307176 ) 
 ( -0.408248  0.000000  0.408248  0.000000 -0.408248  0.000000 ) 
     freq (    5) =      14.668244 [THz] =     489.279951 [cm-1]
 ( -0.541605  0.156965 -0.321530  0.173065  0.220076  0.016100 ) 
 (  0.528709 -0.196064  0.308046 -0.196064 -0.220664  0.000000 ) 
     freq (    6) =      14.668244 [THz] =     489.279951 [cm-1]
 (  0.087551  0.087714 -0.444545  0.048788 -0.532095 -0.038926 ) 
 ( -0.093717 -0.081092  0.439800 -0.081092  0.533517  0.000000 ) 
 **************************************************************************
