Dynamical matrix file
                                                                           
  1    2  2 10.2800000  0.0000000  0.0000000  0.0000000  0.0000000  0.0000000
           1  'Si  '    25598.822984527003     
    1    1      0.0000000000      0.0000000000      0.0000000000
    2    1      0.2500000000      0.2500000000      0.2500000000

     Dynamical  Matrix in cartesian axes

     q = (    0.750000000  -0.250000000   0.750000000 ) 

    1    1
  0.24226403  0.00000000   -0.00501652  0.00757268    0.00210218  0.00000000
 -0.00501652 -0.00757268    0.29889600  0.00000000   -0.00501652 -0.00757268
  0.00210218  0.00000000   -0.00501652  0.00757268    0.24226403  0.00000000
    1    2
 -0.06551092  0.05766079   -0.03920139  0.04353114   -0.04430661 -0.14067490
 -0.03920139  0.04353114   -0.06419961  0.07655828   -0.03920139  0.04353114
 -0.04430661 -0.14067490   -0.03920139  0.04353114   -0.06551092  0.05766079
    2    1
 -0.06551092 -0.05766079   -0.03920139 -0.04353114   -0.04430661  0.14067490
 -0.03920139 -0.04353114   -0.06419961 -0.07655828   -0.03920139 -0.04353114
 -0.04430661  0.14067490   -0.03920139 -0.04353114   -0.06551092 -0.05766079
    2    2
  0.24226403  0.00000000   -0.00501652 -0.00757268    0.00210218  0.00000000
 -0.00501652  0.00757268    0.29889600  0.00000000   -0.00501652  0.00757268
  0.00210218  0.00000000   -0.00501652 -0.00757268    0.24226403  0.00000000

     Dynamical  Matrix in cartesian axes

     q = (    0.750000000  -0.250000000  -0.750000000 ) 

    1    1
  0.24226403  0.00000000   -0.00501652 -0.00757268   -0.00210218  0.00000000
 -0.00501652  0.00757268    0.29889600  0.00000000    0.00501652 -0.00757268
 -0.00210218  0.00000000    0.00501652  0.00757268    0.24226403  0.00000000
    1    2
 -0.05766079  0.06551092   -0.04353114  0.03920139   -0.14067490 -0.04430661
 -0.04353114  0.03920139   -0.07655828  0.06419961    0.04353114 -0.03920139
 -0.14067490 -0.04430661    0.04353114 -0.03920139   -0.05766079  0.06551092
    2    1
 -0.05766079 -0.06551092   -0.04353114 -0.03920139   -0.14067490  0.04430661
 -0.04353114 -0.03920139   -0.07655828 -0.06419961    0.04353114  0.03920139
 -0.14067490  0.04430661    0.04353114  0.03920139   -0.05766079 -0.06551092
    2    2
  0.24226403  0.00000000   -0.00501652  0.00757268   -0.00210218  0.00000000
 -0.00501652 -0.00757268    0.29889600  0.00000000    0.00501652  0.00757268
 -0.00210218  0.00000000    0.00501652 -0.00757268    0.24226403  0.00000000

     Dynamical  Matrix in cartesian axes

     q = (   -0.750000000  -0.250000000  -0.750000000 ) 

    1    1
  0.24226403  0.00000000    0.00501652 -0.00757268    0.00210218  0.00000000
  0.00501652  0.00757268    0.29889600  0.00000000    0.00501652  0.00757268
  0.00210218  0.00000000    0.00501652 -0.00757268    0.24226403  0.00000000
    1    2
  0.05766079  0.06551092   -0.04353114 -0.03920139   -0.14067490  0.04430661
 -0.04353114 -0.03920139    0.07655828  0.06419961   -0.04353114 -0.03920139
 -0.14067490  0.04430661   -0.04353114 -0.03920139    0.05766079  0.06551092
    2    1
  0.05766079 -0.06551092   -0.04353114  0.03920139   -0.14067490 -0.04430661
 -0.04353114  0.03920139    0.07655828 -0.06419961   -0.04353114  0.03920139
 -0.14067490 -0.04430661   -0.04353114  0.03920139    0.05766079 -0.06551092
    2    2
  0.24226403  0.00000000    0.00501652  0.00757268    0.00210218  0.00000000
  0.00501652 -0.00757268    0.29889600  0.00000000    0.00501652 -0.00757268
  0.00210218  0.00000000    0.00501652  0.00757268    0.24226403  0.00000000

     Dynamical  Matrix in cartesian axes

     q = (   -0.750000000  -0.250000000   0.750000000 ) 

    1    1
  0.24226403  0.00000000    0.00501652  0.00757268   -0.00210218  0.00000000
  0.00501652 -0.00757268    0.29889600  0.00000000   -0.00501652  0.00757268
 -0.00210218  0.00000000   -0.00501652 -0.00757268    0.24226403  0.00000000
    1    2
 -0.05766079  0.06551092    0.04353114 -0.03920139   -0.14067490 -0.04430661
  0.04353114 -0.03920139   -0.07655828  0.06419961   -0.04353114  0.03920139
 -0.14067490 -0.04430661   -0.04353114  0.03920139   -0.05766079  0.06551092
    2    1
 -0.05766079 -0.06551092    0.04353114  0.03920139   -0.14067490  0.04430661
  0.04353114  0.03920139   -0.07655828 -0.06419961   -0.04353114 -0.03920139
 -0.14067490  0.04430661   -0.04353114 -0.03920139   -0.05766079 -0.06551092
    2    2
  0.24226403  0.00000000    0.00501652 -0.00757268   -0.00210218  0.00000000
  0.00501652  0.00757268    0.29889600  0.00000000   -0.00501652 -0.00757268
 -0.00210218  0.00000000   -0.00501652  0.00757268    0.24226403  0.00000000

     Dynamical  Matrix in cartesian axes

     q = (   -0.750000000   0.250000000  -0.750000000 ) 

    1    1
  0.24226403  0.00000000   -0.00501652 -0.00757268    0.00210218  0.00000000
 -0.00501652  0.00757268    0.29889600  0.00000000   -0.00501652  0.00757268
  0.00210218  0.00000000   -0.00501652 -0.00757268    0.24226403  0.00000000
    1    2
 -0.06551092 -0.05766079   -0.03920139 -0.04353114   -0.04430661  0.14067490
 -0.03920139 -0.04353114   -0.06419961 -0.07655828   -0.03920139 -0.04353114
 -0.04430661  0.14067490   -0.03920139 -0.04353114   -0.06551092 -0.05766079
    2    1
 -0.06551092  0.05766079   -0.03920139  0.04353114   -0.04430661 -0.14067490
 -0.03920139  0.04353114   -0.06419961  0.07655828   -0.03920139  0.04353114
 -0.04430661 -0.14067490   -0.03920139  0.04353114   -0.06551092  0.05766079
    2    2
  0.24226403  0.00000000   -0.00501652  0.00757268    0.00210218  0.00000000
 -0.00501652 -0.00757268    0.29889600  0.00000000   -0.00501652 -0.00757268
  0.00210218  0.00000000   -0.00501652  0.00757268    0.24226403  0.00000000

     Dynamical  Matrix in cartesian axes

     q = (   -0.250000000   0.750000000  -0.750000000 ) 

    1    1
  0.29889600  0.00000000   -0.00501652  0.00757268    0.00501652 -0.00757268
 -0.00501652 -0.00757268    0.24226403  0.00000000   -0.00210218  0.00000000
  0.00501652  0.00757268   -0.00210218  0.00000000    0.24226403  0.00000000
    1    2
 -0.07655828  0.06419961   -0.04353114  0.03920139    0.04353114 -0.03920139
 -0.04353114  0.03920139   -0.05766079  0.06551092   -0.14067490 -0.04430661
  0.04353114 -0.03920139   -0.14067490 -0.04430661   -0.05766079  0.06551092
    2    1
 -0.07655828 -0.06419961   -0.04353114 -0.03920139    0.04353114  0.03920139
 -0.04353114 -0.03920139   -0.05766079 -0.06551092   -0.14067490  0.04430661
  0.04353114  0.03920139   -0.14067490  0.04430661   -0.05766079 -0.06551092
    2    2
  0.29889600  0.00000000   -0.00501652 -0.00757268    0.00501652  0.00757268
 -0.00501652  0.00757268    0.24226403  0.00000000   -0.00210218  0.00000000
  0.00501652 -0.00757268   -0.00210218  0.00000000    0.24226403  0.00000000

     Dynamical  Matrix in cartesian axes

     q = (   -0.750000000   0.750000000  -0.250000000 ) 

    1    1
  0.24226403  0.00000000   -0.00210218  0.00000000    0.00501652  0.00757268
 -0.00210218  0.00000000    0.24226403  0.00000000   -0.00501652 -0.00757268
  0.00501652 -0.00757268   -0.00501652  0.00757268    0.29889600  0.00000000
    1    2
 -0.05766079  0.06551092   -0.14067490 -0.04430661    0.04353114 -0.03920139
 -0.14067490 -0.04430661   -0.05766079  0.06551092   -0.04353114  0.03920139
  0.04353114 -0.03920139   -0.04353114  0.03920139   -0.07655828  0.06419961
    2    1
 -0.05766079 -0.06551092   -0.14067490  0.04430661    0.04353114  0.03920139
 -0.14067490  0.04430661   -0.05766079 -0.06551092   -0.04353114 -0.03920139
  0.04353114  0.03920139   -0.04353114 -0.03920139   -0.07655828 -0.06419961
    2    2
  0.24226403  0.00000000   -0.00210218  0.00000000    0.00501652 -0.00757268
 -0.00210218  0.00000000    0.24226403  0.00000000   -0.00501652  0.00757268
  0.00501652  0.00757268   -0.00501652 -0.00757268    0.29889600  0.00000000

     Dynamical  Matrix in cartesian axes

     q = (    0.750000000   0.250000000   0.750000000 ) 

    1    1
  0.24226403  0.00000000    0.00501652  0.00757268    0.00210218  0.00000000
  0.00501652 -0.00757268    0.29889600  0.00000000    0.00501652 -0.00757268
  0.00210218  0.00000000    0.00501652  0.00757268    0.24226403  0.00000000
    1    2
  0.05766079 -0.06551092   -0.04353114  0.03920139   -0.14067490 -0.04430661
 -0.04353114  0.03920139    0.07655828 -0.06419961   -0.04353114  0.03920139
 -0.14067490 -0.04430661   -0.04353114  0.03920139    0.05766079 -0.06551092
    2    1
  0.05766079  0.06551092   -0.04353114 -0.03920139   -0.14067490  0.04430661
 -0.04353114 -0.03920139    0.07655828  0.06419961   -0.04353114 -0.03920139
 -0.14067490  0.04430661   -0.04353114 -0.03920139    0.05766079  0.06551092
    2    2
  0.24226403  0.00000000    0.00501652 -0.00757268    0.00210218  0.00000000
  0.00501652  0.00757268    0.29889600  0.00000000    0.00501652  0.00757268
  0.00210218  0.00000000    0.00501652 -0.00757268    0.24226403  0.00000000

     Dynamical  Matrix in cartesian axes

     q = (   -0.750000000   0.250000000   0.750000000 ) 

    1    1
  0.24226403  0.00000000   -0.00501652  0.00757268   -0.00210218  0.00000000
 -0.00501652 -0.00757268    0.29889600  0.00000000    0.00501652  0.00757268
 -0.00210218  0.00000000    0.00501652 -0.00757268    0.24226403  0.00000000
    1    2
 -0.05766079 -0.06551092   -0.04353114 -0.03920139   -0.14067490  0.04430661
 -0.04353114 -0.03920139   -0.07655828 -0.06419961    0.04353114  0.03920139
 -0.14067490  0.04430661    0.04353114  0.03920139   -0.05766079 -0.06551092
    2    1
 -0.05766079  0.06551092   -0.04353114  0.03920139   -0.14067490 -0.04430661
 -0.04353114  0.03920139   -0.07655828  0.06419961    0.04353114 -0.03920139
 -0.14067490 -0.04430661    0.04353114 -0.03920139   -0.05766079  0.06551092
    2    2
  0.24226403  0.00000000   -0.00501652 -0.00757268   -0.00210218  0.00000000
 -0.00501652  0.00757268    0.29889600  0.00000000    0.00501652 -0.00757268
 -0.00210218  0.00000000    0.00501652  0.00757268    0.24226403  0.00000000

     Dynamical  Matrix in cartesian axes

     q = (    0.750000000   0.250000000  -0.750000000 ) 

    1    1
  0.24226403  0.00000000    0.00501652 -0.00757268   -0.00210218  0.00000000
  0.00501652  0.00757268    0.29889600  0.00000000   -0.00501652 -0.00757268
 -0.00210218  0.00000000   -0.00501652  0.00757268    0.24226403  0.00000000
    1    2
 -0.05766079 -0.06551092    0.04353114  0.03920139   -0.14067490  0.04430661
  0.04353114  0.03920139   -0.07655828 -0.06419961   -0.04353114 -0.03920139
 -0.14067490  0.04430661   -0.04353114 -0.03920139   -0.05766079 -0.06551092
    2    1
 -0.05766079  0.06551092    0.04353114 -0.03920139   -0.14067490 -0.04430661
  0.04353114 -0.03920139   -0.07655828  0.06419961   -0.04353114  0.03920139
 -0.14067490 -0.04430661   -0.04353114  0.03920139   -0.05766079  0.06551092
    2    2
  0.24226403  0.00000000    0.00501652  0.00757268   -0.00210218  0.00000000
  0.00501652 -0.00757268    0.29889600  0.00000000   -0.00501652  0.00757268
 -0.00210218  0.00000000   -0.00501652 -0.00757268    0.24226403  0.00000000

     Dynamical  Matrix in cartesian axes

     q = (   -0.750000000   0.750000000   0.250000000 ) 

    1    1
  0.24226403  0.00000000   -0.00210218  0.00000000   -0.00501652  0.00757268
 -0.00210218  0.00000000    0.24226403  0.00000000    0.00501652 -0.00757268
 -0.00501652 -0.00757268    0.00501652  0.00757268    0.29889600  0.00000000
    1    2
 -0.05766079 -0.06551092   -0.14067490  0.04430661   -0.04353114 -0.03920139
 -0.14067490  0.04430661   -0.05766079 -0.06551092    0.04353114  0.03920139
 -0.04353114 -0.03920139    0.04353114  0.03920139   -0.07655828 -0.06419961
    2    1
 -0.05766079  0.06551092   -0.14067490 -0.04430661   -0.04353114  0.03920139
 -0.14067490 -0.04430661   -0.05766079  0.06551092    0.04353114 -0.03920139
 -0.04353114  0.03920139    0.04353114 -0.03920139   -0.07655828  0.06419961
    2    2
  0.24226403  0.00000000   -0.00210218  0.00000000   -0.00501652 -0.00757268
 -0.00210218  0.00000000    0.24226403  0.00000000    0.00501652  0.00757268
 -0.00501652  0.00757268    0.00501652 -0.00757268    0.29889600  0.00000000

     Dynamical  Matrix in cartesian axes

     q = (   -0.250000000   0.750000000   0.750000000 ) 

    1    1
  0.29889600  0.00000000   -0.00501652 -0.00757268   -0.00501652 -0.00757268
 -0.00501652  0.00757268    0.24226403  0.00000000    0.00210218  0.00000000
 -0.00501652  0.00757268    0.00210218  0.00000000    0.24226403  0.00000000
    1    2
 -0.06419961  0.07655828   -0.03920139  0.04353114   -0.03920139  0.04353114
 -0.03920139  0.04353114   -0.06551092  0.05766079   -0.04430661 -0.14067490
 -0.03920139  0.04353114   -0.04430661 -0.14067490   -0.06551092  0.05766079
    2    1
 -0.06419961 -0.07655828   -0.03920139 -0.04353114   -0.03920139 -0.04353114
 -0.03920139 -0.04353114   -0.06551092 -0.05766079   -0.04430661  0.14067490
 -0.03920139 -0.04353114   -0.04430661  0.14067490   -0.06551092 -0.05766079
    2    2
  0.29889600  0.00000000   -0.00501652  0.00757268   -0.00501652  0.00757268
 -0.00501652 -0.00757268    0.24226403  0.00000000    0.00210218  0.00000000
 -0.00501652 -0.00757268    0.00210218  0.00000000    0.24226403  0.00000000

     Dynamical  Matrix in cartesian axes

     q = (    0.250000000   0.750000000  -0.750000000 ) 

    1    1
  0.29889600  0.00000000    0.00501652  0.00757268   -0.00501652 -0.00757268
  0.00501652 -0.00757268    0.24226403  0.00000000   -0.00210218  0.00000000
 -0.00501652  0.00757268   -0.00210218  0.00000000    0.24226403  0.00000000
    1    2
 -0.07655828 -0.06419961    0.04353114  0.03920139   -0.04353114 -0.03920139
  0.04353114  0.03920139   -0.05766079 -0.06551092   -0.14067490  0.04430661
 -0.04353114 -0.03920139   -0.14067490  0.04430661   -0.05766079 -0.06551092
    2    1
 -0.07655828  0.06419961    0.04353114 -0.03920139   -0.04353114  0.03920139
  0.04353114 -0.03920139   -0.05766079  0.06551092   -0.14067490 -0.04430661
 -0.04353114  0.03920139   -0.14067490 -0.04430661   -0.05766079  0.06551092
    2    2
  0.29889600  0.00000000    0.00501652 -0.00757268   -0.00501652  0.00757268
  0.00501652  0.00757268    0.24226403  0.00000000   -0.00210218  0.00000000
 -0.00501652 -0.00757268   -0.00210218  0.00000000    0.24226403  0.00000000

     Dynamical  Matrix in cartesian axes

     q = (   -0.250000000  -0.750000000  -0.750000000 ) 

    1    1
  0.29889600  0.00000000    0.00501652  0.00757268    0.00501652  0.00757268
  0.00501652 -0.00757268    0.24226403  0.00000000    0.00210218  0.00000000
  0.00501652 -0.00757268    0.00210218  0.00000000    0.24226403  0.00000000
    1    2
  0.07655828  0.06419961   -0.04353114 -0.03920139   -0.04353114 -0.03920139
 -0.04353114 -0.03920139    0.05766079  0.06551092   -0.14067490  0.04430661
 -0.04353114 -0.03920139   -0.14067490  0.04430661    0.05766079  0.06551092
    2    1
  0.07655828 -0.06419961   -0.04353114  0.03920139   -0.04353114  0.03920139
 -0.04353114  0.03920139    0.05766079 -0.06551092   -0.14067490 -0.04430661
 -0.04353114  0.03920139   -0.14067490 -0.04430661    0.05766079 -0.06551092
    2    2
  0.29889600  0.00000000    0.00501652 -0.00757268    0.00501652 -0.00757268
  0.00501652  0.00757268    0.24226403  0.00000000    0.00210218  0.00000000
  0.00501652  0.00757268    0.00210218  0.00000000    0.24226403  0.00000000

     Dynamical  Matrix in cartesian axes

     q = (    0.750000000   0.750000000  -0.250000000 ) 

    1    1
  0.24226403  0.00000000    0.00210218  0.00000000   -0.00501652  0.00757268
  0.00210218  0.00000000    0.24226403  0.00000000   -0.00501652  0.00757268
 -0.00501652 -0.00757268   -0.00501652 -0.00757268    0.29889600  0.00000000
    1    2
 -0.06551092  0.05766079   -0.04430661 -0.14067490   -0.03920139  0.04353114
 -0.04430661 -0.14067490   -0.06551092  0.05766079   -0.03920139  0.04353114
 -0.03920139  0.04353114   -0.03920139  0.04353114   -0.06419961  0.07655828
    2    1
 -0.06551092 -0.05766079   -0.04430661  0.14067490   -0.03920139 -0.04353114
 -0.04430661  0.14067490   -0.06551092 -0.05766079   -0.03920139 -0.04353114
 -0.03920139 -0.04353114   -0.03920139 -0.04353114   -0.06419961 -0.07655828
    2    2
  0.24226403  0.00000000    0.00210218  0.00000000   -0.00501652 -0.00757268
  0.00210218  0.00000000    0.24226403  0.00000000   -0.00501652 -0.00757268
 -0.00501652  0.00757268   -0.00501652  0.00757268    0.29889600  0.00000000

     Dynamical  Matrix in cartesian axes

     q = (    0.750000000  -0.750000000   0.250000000 ) 

    1    1
  0.24226403  0.00000000   -0.00210218  0.00000000    0.00501652 -0.00757268
 -0.00210218  0.00000000    0.24226403  0.00000000   -0.00501652  0.00757268
  0.00501652  0.00757268   -0.00501652 -0.00757268    0.29889600  0.00000000
    1    2
 -0.05766079 -0.06551092   -0.14067490  0.04430661    0.04353114  0.03920139
 -0.14067490  0.04430661   -0.05766079 -0.06551092   -0.04353114 -0.03920139
  0.04353114  0.03920139   -0.04353114 -0.03920139   -0.07655828 -0.06419961
    2    1
 -0.05766079  0.06551092   -0.14067490 -0.04430661    0.04353114 -0.03920139
 -0.14067490 -0.04430661   -0.05766079  0.06551092   -0.04353114  0.03920139
  0.04353114 -0.03920139   -0.04353114  0.03920139   -0.07655828  0.06419961
    2    2
  0.24226403  0.00000000   -0.00210218  0.00000000    0.00501652  0.00757268
 -0.00210218  0.00000000    0.24226403  0.00000000   -0.00501652 -0.00757268
  0.00501652 -0.00757268   -0.00501652  0.00757268    0.29889600  0.00000000

     Dynamical  Matrix in cartesian axes

     q = (   -0.750000000  -0.750000000  -0.250000000 ) 

    1    1
  0.24226403  0.00000000    0.00210218  0.00000000    0.00501652 -0.00757268
  0.00210218  0.00000000    0.24226403  0.00000000    0.00501652 -0.00757268
  0.00501652  0.00757268    0.00501652  0.00757268    0.29889600  0.00000000
    1    2
  0.05766079  0.06551092   -0.14067490  0.04430661   -0.04353114 -0.03920139
 -0.14067490  0.04430661    0.05766079  0.06551092   -0.04353114 -0.03920139
 -0.04353114 -0.03920139   -0.04353114 -0.03920139    0.07655828  0.06419961
    2    1
  0.05766079 -0.06551092   -0.14067490 -0.04430661   -0.04353114  0.03920139
 -0.14067490 -0.04430661    0.05766079 -0.06551092   -0.04353114  0.03920139
 -0.04353114  0.03920139   -0.04353114  0.03920139    0.07655828 -0.06419961
    2    2
  0.24226403  0.00000000    0.00210218  0.00000000    0.00501652  0.00757268
  0.00210218  0.00000000    0.24226403  0.00000000    0.00501652  0.00757268
  0.00501652 -0.00757268    0.00501652 -0.00757268    0.29889600  0.00000000

     Dynamical  Matrix in cartesian axes

     q = (    0.250000000  -0.750000000   0.750000000 ) 

    1    1
  0.29889600  0.00000000   -0.00501652 -0.00757268    0.00501652  0.00757268
 -0.00501652  0.00757268    0.24226403  0.00000000   -0.00210218  0.00000000
  0.00501652 -0.00757268   -0.00210218  0.00000000    0.24226403  0.00000000
    1    2
 -0.07655828 -0.06419961   -0.04353114 -0.03920139    0.04353114  0.03920139
 -0.04353114 -0.03920139   -0.05766079 -0.06551092   -0.14067490  0.04430661
  0.04353114  0.03920139   -0.14067490  0.04430661   -0.05766079 -0.06551092
    2    1
 -0.07655828  0.06419961   -0.04353114  0.03920139    0.04353114 -0.03920139
 -0.04353114  0.03920139   -0.05766079  0.06551092   -0.14067490 -0.04430661
  0.04353114 -0.03920139   -0.14067490 -0.04430661   -0.05766079  0.06551092
    2    2
  0.29889600  0.00000000   -0.00501652  0.00757268    0.00501652 -0.00757268
 -0.00501652 -0.00757268    0.24226403  0.00000000   -0.00210218  0.00000000
  0.00501652  0.00757268   -0.00210218  0.00000000    0.24226403  0.00000000

     Dynamical  Matrix in cartesian axes

     q = (   -0.750000000  -0.750000000   0.250000000 ) 

    1    1
  0.24226403  0.00000000    0.00210218  0.00000000   -0.00501652 -0.00757268
  0.00210218  0.00000000    0.24226403  0.00000000   -0.00501652 -0.00757268
 -0.00501652  0.00757268   -0.00501652  0.00757268    0.29889600  0.00000000
    1    2
 -0.06551092 -0.05766079   -0.04430661  0.14067490   -0.03920139 -0.04353114
 -0.04430661  0.14067490   -0.06551092 -0.05766079   -0.03920139 -0.04353114
 -0.03920139 -0.04353114   -0.03920139 -0.04353114   -0.06419961 -0.07655828
    2    1
 -0.06551092  0.05766079   -0.04430661 -0.14067490   -0.03920139  0.04353114
 -0.04430661 -0.14067490   -0.06551092  0.05766079   -0.03920139  0.04353114
 -0.03920139  0.04353114   -0.03920139  0.04353114   -0.06419961  0.07655828
    2    2
  0.24226403  0.00000000    0.00210218  0.00000000   -0.00501652  0.00757268
  0.00210218  0.00000000    0.24226403  0.00000000   -0.00501652  0.00757268
 -0.00501652 -0.00757268   -0.00501652 -0.00757268    0.29889600  0.00000000

     Dynamical  Matrix in cartesian axes

     q = (    0.250000000   0.750000000   0.750000000 ) 

    1    1
  0.29889600  0.00000000    0.00501652 -0.00757268    0.00501652 -0.00757268
  0.00501652  0.00757268    0.24226403  0.00000000    0.00210218  0.00000000
  0.00501652  0.00757268    0.00210218  0.00000000    0.24226403  0.00000000
    1    2
  0.07655828 -0.06419961   -0.04353114  0.03920139   -0.04353114  0.03920139
 -0.04353114  0.03920139    0.05766079 -0.06551092   -0.14067490 -0.04430661
 -0.04353114  0.03920139   -0.14067490 -0.04430661    0.05766079 -0.06551092
    2    1
  0.07655828  0.06419961   -0.04353114 -0.03920139   -0.04353114 -0.03920139
 -0.04353114 -0.03920139    0.05766079  0.06551092   -0.14067490  0.04430661
 -0.04353114 -0.03920139   -0.14067490  0.04430661    0.05766079  0.06551092
    2    2
  0.29889600  0.00000000    0.00501652  0.00757268    0.00501652  0.00757268
  0.00501652 -0.00757268    0.24226403  0.00000000    0.00210218  0.00000000
  0.00501652 -0.00757268    0.00210218  0.00000000    0.24226403  0.00000000

     Dynamical  Matrix in cartesian axes

     q = (   -0.250000000  -0.750000000   0.750000000 ) 

    1    1
  0.29889600  0.00000000    0.00501652 -0.00757268   -0.00501652  0.00757268
  0.00501652  0.00757268    0.24226403  0.00000000   -0.00210218  0.00000000
 -0.00501652 -0.00757268   -0.00210218  0.00000000    0.24226403  0.00000000
    1    2
 -0.07655828  0.06419961    0.04353114 -0.03920139   -0.04353114  0.03920139
  0.04353114 -0.03920139   -0.05766079  0.06551092   -0.14067490 -0.04430661
 -0.04353114  0.03920139   -0.14067490 -0.04430661   -0.05766079  0.06551092
    2    1
 -0.07655828 -0.06419961    0.04353114  0.03920139   -0.04353114 -0.03920139
  0.04353114  0.03920139   -0.05766079 -0.06551092   -0.14067490  0.04430661
 -0.04353114 -0.03920139   -0.14067490  0.04430661   -0.05766079 -0.06551092
    2    2
  0.29889600  0.00000000    0.00501652  0.00757268   -0.00501652 -0.00757268
  0.00501652 -0.00757268    0.24226403  0.00000000   -0.00210218  0.00000000
 -0.00501652  0.00757268   -0.00210218  0.00000000    0.24226403  0.00000000

     Dynamical  Matrix in cartesian axes

     q = (    0.750000000   0.750000000   0.250000000 ) 

    1    1
  0.24226403  0.00000000    0.00210218  0.00000000    0.00501652  0.00757268
  0.00210218  0.00000000    0.24226403  0.00000000    0.00501652  0.00757268
  0.00501652 -0.00757268    0.00501652 -0.00757268    0.29889600  0.00000000
    1    2
  0.05766079 -0.06551092   -0.14067490 -0.04430661   -0.04353114  0.03920139
 -0.14067490 -0.04430661    0.05766079 -0.06551092   -0.04353114  0.03920139
 -0.04353114  0.03920139   -0.04353114  0.03920139    0.07655828 -0.06419961
    2    1
  0.05766079  0.06551092   -0.14067490  0.04430661   -0.04353114 -0.03920139
 -0.14067490  0.04430661    0.05766079  0.06551092   -0.04353114 -0.03920139
 -0.04353114 -0.03920139   -0.04353114 -0.03920139    0.07655828  0.06419961
    2    2
  0.24226403  0.00000000    0.00210218  0.00000000    0.00501652 -0.00757268
  0.00210218  0.00000000    0.24226403  0.00000000    0.00501652 -0.00757268
  0.00501652  0.00757268    0.00501652  0.00757268    0.29889600  0.00000000

     Dynamical  Matrix in cartesian axes

     q = (    0.250000000  -0.750000000  -0.750000000 ) 

    1    1
  0.29889600  0.00000000   -0.00501652  0.00757268   -0.00501652  0.00757268
 -0.00501652 -0.00757268    0.24226403  0.00000000    0.00210218  0.00000000
 -0.00501652 -0.00757268    0.00210218  0.00000000    0.24226403  0.00000000
    1    2
 -0.06419961 -0.07655828   -0.03920139 -0.04353114   -0.03920139 -0.04353114
 -0.03920139 -0.04353114   -0.06551092 -0.05766079   -0.04430661  0.14067490
 -0.03920139 -0.04353114   -0.04430661  0.14067490   -0.06551092 -0.05766079
    2    1
 -0.06419961  0.07655828   -0.03920139  0.04353114   -0.03920139  0.04353114
 -0.03920139  0.04353114   -0.06551092  0.05766079   -0.04430661 -0.14067490
 -0.03920139  0.04353114   -0.04430661 -0.14067490   -0.06551092  0.05766079
    2    2
  0.29889600  0.00000000   -0.00501652 -0.00757268   -0.00501652 -0.00757268
 -0.00501652  0.00757268    0.24226403  0.00000000    0.00210218  0.00000000
 -0.00501652  0.00757268    0.00210218  0.00000000    0.24226403  0.00000000

     Dynamical  Matrix in cartesian axes

     q = (    0.750000000  -0.750000000  -0.250000000 ) 

    1    1
  0.24226403  0.00000000   -0.00210218  0.00000000   -0.00501652 -0.00757268
 -0.00210218  0.00000000    0.24226403  0.00000000    0.00501652  0.00757268
 -0.00501652  0.00757268    0.00501652 -0.00757268    0.29889600  0.00000000
    1    2
 -0.05766079  0.06551092   -0.14067490 -0.04430661   -0.04353114  0.03920139
 -0.14067490 -0.04430661   -0.05766079  0.06551092    0.04353114 -0.03920139
 -0.04353114  0.03920139    0.04353114 -0.03920139   -0.07655828  0.06419961
    2    1
 -0.05766079 -0.06551092   -0.14067490  0.04430661   -0.04353114 -0.03920139
 -0.14067490  0.04430661   -0.05766079 -0.06551092    0.04353114  0.03920139
 -0.04353114 -0.03920139    0.04353114  0.03920139   -0.07655828 -0.06419961
    2    2
  0.24226403  0.00000000   -0.00210218  0.00000000   -0.00501652  0.00757268
 -0.00210218  0.00000000    0.24226403  0.00000000    0.00501652 -0.00757268
 -0.00501652 -0.00757268    0.00501652  0.00757268    0.29889600  0.00000000

     Diagonalizing the dynamical matrix

     q = (    0.750000000  -0.250000000   0.750000000 ) 

 **************************************************************************
     freq (    1) =       4.148015 [THz] =     138.362888 [cm-1]
 (  0.053153 -0.497167  0.000000 -0.000000 -0.053153  0.497167 ) 
 (  0.500000 -0.000000  0.000000  0.000000 -0.500000  0.000000 ) 
     freq (    2) =       5.486807 [THz] =     183.020186 [cm-1]
 ( -0.394732 -0.200524 -0.300676  0.132466 -0.394732 -0.200524 ) 
 ( -0.442745  0.000000 -0.208074 -0.254280 -0.442745  0.000000 ) 
     freq (    3) =       9.179488 [THz] =     306.194770 [cm-1]
 (  0.138144 -0.244121  0.381484  0.443974  0.138144 -0.244121 ) 
 ( -0.280497 -0.000000  0.198517  0.550667 -0.280497  0.000000 ) 
     freq (    4) =      12.193160 [THz] =     406.720047 [cm-1]
 (  0.095736  0.313013 -0.412617 -0.339797  0.095736  0.313013 ) 
 ( -0.327326 -0.000000  0.445620  0.295191 -0.327326  0.000000 ) 
     freq (    5) =      13.633508 [THz] =     454.764873 [cm-1]
 (  0.053153 -0.497167  0.000000  0.000000 -0.053153  0.497167 ) 
 ( -0.500000 -0.000000  0.000000 -0.000000  0.500000  0.000000 ) 
     freq (    6) =      14.011999 [THz] =     467.389991 [cm-1]
 ( -0.304534 -0.159421 -0.468899  0.209338 -0.304534 -0.159421 ) 
 (  0.343738  0.000000  0.318332  0.402931  0.343738 -0.000000 ) 
 **************************************************************************
