Dynamical matrix file
                                                                           
  1    2  2 10.3380000  0.0000000  0.0000000  0.0000000  0.0000000  0.0000000
           1  'Si  '    25598.822984527003     
    1    1      0.0000000000      0.0000000000      0.0000000000
    2    1      0.2500000000      0.2500000000      0.2500000000

     Dynamical  Matrix in cartesian axes

     q = (   -0.250000000   0.250000000  -0.250000000 ) 

    1    1
  0.26852805  0.00000000   -0.01168835  0.00000000    0.01168835  0.00000000
 -0.01168835  0.00000000    0.26852805  0.00000000   -0.01168835  0.00000000
  0.01168835  0.00000000   -0.01168835  0.00000000    0.26852805  0.00000000
    1    2
 -0.19998170 -0.05800663   -0.03775109  0.03946823    0.03775109 -0.03946823
 -0.03775109  0.03946823   -0.19998170 -0.05800663   -0.03775109  0.03946823
  0.03775109 -0.03946823   -0.03775109  0.03946823   -0.19998170 -0.05800663
    2    1
 -0.19998170  0.05800663   -0.03775109 -0.03946823    0.03775109  0.03946823
 -0.03775109 -0.03946823   -0.19998170  0.05800663   -0.03775109 -0.03946823
  0.03775109  0.03946823   -0.03775109 -0.03946823   -0.19998170  0.05800663
    2    2
  0.26852805  0.00000000   -0.01168835  0.00000000    0.01168835  0.00000000
 -0.01168835  0.00000000    0.26852805  0.00000000   -0.01168835  0.00000000
  0.01168835  0.00000000   -0.01168835  0.00000000    0.26852805  0.00000000

     Dynamical  Matrix in cartesian axes

     q = (    0.250000000  -0.250000000  -0.250000000 ) 

    1    1
  0.26852805  0.00000000   -0.01168835  0.00000000   -0.01168835  0.00000000
 -0.01168835  0.00000000    0.26852805  0.00000000    0.01168835  0.00000000
 -0.01168835  0.00000000    0.01168835  0.00000000    0.26852805  0.00000000
    1    2
 -0.19998170 -0.05800663   -0.03775109  0.03946823   -0.03775109  0.03946823
 -0.03775109  0.03946823   -0.19998170 -0.05800663    0.03775109 -0.03946823
 -0.03775109  0.03946823    0.03775109 -0.03946823   -0.19998170 -0.05800663
    2    1
 -0.19998170  0.05800663   -0.03775109 -0.03946823   -0.03775109 -0.03946823
 -0.03775109 -0.03946823   -0.19998170  0.05800663    0.03775109  0.03946823
 -0.03775109 -0.03946823    0.03775109  0.03946823   -0.19998170  0.05800663
    2    2
  0.26852805  0.00000000   -0.01168835  0.00000000   -0.01168835  0.00000000
 -0.01168835  0.00000000    0.26852805  0.00000000    0.01168835  0.00000000
 -0.01168835  0.00000000    0.01168835  0.00000000    0.26852805  0.00000000

     Dynamical  Matrix in cartesian axes

     q = (    0.250000000  -0.250000000   0.250000000 ) 

    1    1
  0.26852805  0.00000000   -0.01168835  0.00000000    0.01168835  0.00000000
 -0.01168835  0.00000000    0.26852805  0.00000000   -0.01168835  0.00000000
  0.01168835  0.00000000   -0.01168835  0.00000000    0.26852805  0.00000000
    1    2
 -0.19998170  0.05800663   -0.03775109 -0.03946823    0.03775109  0.03946823
 -0.03775109 -0.03946823   -0.19998170  0.05800663   -0.03775109 -0.03946823
  0.03775109  0.03946823   -0.03775109 -0.03946823   -0.19998170  0.05800663
    2    1
 -0.19998170 -0.05800663   -0.03775109  0.03946823    0.03775109 -0.03946823
 -0.03775109  0.03946823   -0.19998170 -0.05800663   -0.03775109  0.03946823
  0.03775109 -0.03946823   -0.03775109  0.03946823   -0.19998170 -0.05800663
    2    2
  0.26852805  0.00000000   -0.01168835  0.00000000    0.01168835  0.00000000
 -0.01168835  0.00000000    0.26852805  0.00000000   -0.01168835  0.00000000
  0.01168835  0.00000000   -0.01168835  0.00000000    0.26852805  0.00000000

     Dynamical  Matrix in cartesian axes

     q = (    0.250000000   0.250000000   0.250000000 ) 

    1    1
  0.26852805  0.00000000    0.01168835  0.00000000    0.01168835  0.00000000
  0.01168835  0.00000000    0.26852805  0.00000000    0.01168835  0.00000000
  0.01168835  0.00000000    0.01168835  0.00000000    0.26852805  0.00000000
    1    2
 -0.05800663  0.19998170   -0.03946823 -0.03775109   -0.03946823 -0.03775109
 -0.03946823 -0.03775109   -0.05800663  0.19998170   -0.03946823 -0.03775109
 -0.03946823 -0.03775109   -0.03946823 -0.03775109   -0.05800663  0.19998170
    2    1
 -0.05800663 -0.19998170   -0.03946823  0.03775109   -0.03946823  0.03775109
 -0.03946823  0.03775109   -0.05800663 -0.19998170   -0.03946823  0.03775109
 -0.03946823  0.03775109   -0.03946823  0.03775109   -0.05800663 -0.19998170
    2    2
  0.26852805  0.00000000    0.01168835  0.00000000    0.01168835  0.00000000
  0.01168835  0.00000000    0.26852805  0.00000000    0.01168835  0.00000000
  0.01168835  0.00000000    0.01168835  0.00000000    0.26852805  0.00000000

     Dynamical  Matrix in cartesian axes

     q = (   -0.250000000  -0.250000000  -0.250000000 ) 

    1    1
  0.26852805  0.00000000    0.01168835  0.00000000    0.01168835  0.00000000
  0.01168835  0.00000000    0.26852805  0.00000000    0.01168835  0.00000000
  0.01168835  0.00000000    0.01168835  0.00000000    0.26852805  0.00000000
    1    2
 -0.05800663 -0.19998170   -0.03946823  0.03775109   -0.03946823  0.03775109
 -0.03946823  0.03775109   -0.05800663 -0.19998170   -0.03946823  0.03775109
 -0.03946823  0.03775109   -0.03946823  0.03775109   -0.05800663 -0.19998170
    2    1
 -0.05800663  0.19998170   -0.03946823 -0.03775109   -0.03946823 -0.03775109
 -0.03946823 -0.03775109   -0.05800663  0.19998170   -0.03946823 -0.03775109
 -0.03946823 -0.03775109   -0.03946823 -0.03775109   -0.05800663  0.19998170
    2    2
  0.26852805  0.00000000    0.01168835  0.00000000    0.01168835  0.00000000
  0.01168835  0.00000000    0.26852805  0.00000000    0.01168835  0.00000000
  0.01168835  0.00000000    0.01168835  0.00000000    0.26852805  0.00000000

     Dynamical  Matrix in cartesian axes

     q = (   -0.250000000  -0.250000000   0.250000000 ) 

    1    1
  0.26852805  0.00000000    0.01168835  0.00000000   -0.01168835  0.00000000
  0.01168835  0.00000000    0.26852805  0.00000000   -0.01168835  0.00000000
 -0.01168835  0.00000000   -0.01168835  0.00000000    0.26852805  0.00000000
    1    2
 -0.19998170 -0.05800663    0.03775109 -0.03946823   -0.03775109  0.03946823
  0.03775109 -0.03946823   -0.19998170 -0.05800663   -0.03775109  0.03946823
 -0.03775109  0.03946823   -0.03775109  0.03946823   -0.19998170 -0.05800663
    2    1
 -0.19998170  0.05800663    0.03775109  0.03946823   -0.03775109 -0.03946823
  0.03775109  0.03946823   -0.19998170  0.05800663   -0.03775109 -0.03946823
 -0.03775109 -0.03946823   -0.03775109 -0.03946823   -0.19998170  0.05800663
    2    2
  0.26852805  0.00000000    0.01168835  0.00000000   -0.01168835  0.00000000
  0.01168835  0.00000000    0.26852805  0.00000000   -0.01168835  0.00000000
 -0.01168835  0.00000000   -0.01168835  0.00000000    0.26852805  0.00000000

     Dynamical  Matrix in cartesian axes

     q = (   -0.250000000   0.250000000   0.250000000 ) 

    1    1
  0.26852805  0.00000000   -0.01168835  0.00000000   -0.01168835  0.00000000
 -0.01168835  0.00000000    0.26852805  0.00000000    0.01168835  0.00000000
 -0.01168835  0.00000000    0.01168835  0.00000000    0.26852805  0.00000000
    1    2
 -0.19998170  0.05800663   -0.03775109 -0.03946823   -0.03775109 -0.03946823
 -0.03775109 -0.03946823   -0.19998170  0.05800663    0.03775109  0.03946823
 -0.03775109 -0.03946823    0.03775109  0.03946823   -0.19998170  0.05800663
    2    1
 -0.19998170 -0.05800663   -0.03775109  0.03946823   -0.03775109  0.03946823
 -0.03775109  0.03946823   -0.19998170 -0.05800663    0.03775109 -0.03946823
 -0.03775109  0.03946823    0.03775109 -0.03946823   -0.19998170 -0.05800663
    2    2
  0.26852805  0.00000000   -0.01168835  0.00000000   -0.01168835  0.00000000
 -0.01168835  0.00000000    0.26852805  0.00000000    0.01168835  0.00000000
 -0.01168835  0.00000000    0.01168835  0.00000000    0.26852805  0.00000000

     Dynamical  Matrix in cartesian axes

     q = (    0.250000000   0.250000000  -0.250000000 ) 

    1    1
  0.26852805  0.00000000    0.01168835  0.00000000   -0.01168835  0.00000000
  0.01168835  0.00000000    0.26852805  0.00000000   -0.01168835  0.00000000
 -0.01168835  0.00000000   -0.01168835  0.00000000    0.26852805  0.00000000
    1    2
 -0.19998170  0.05800663    0.03775109  0.03946823   -0.03775109 -0.03946823
  0.03775109  0.03946823   -0.19998170  0.05800663   -0.03775109 -0.03946823
 -0.03775109 -0.03946823   -0.03775109 -0.03946823   -0.19998170  0.05800663
    2    1
 -0.19998170 -0.05800663    0.03775109 -0.03946823   -0.03775109  0.03946823
  0.03775109 -0.03946823   -0.19998170 -0.05800663   -0.03775109  0.03946823
 -0.03775109  0.03946823   -0.03775109  0.03946823   -0.19998170 -0.05800663
    2    2
  0.26852805  0.00000000    0.01168835  0.00000000   -0.01168835  0.00000000
  0.01168835  0.00000000    0.26852805  0.00000000   -0.01168835  0.00000000
 -0.01168835  0.00000000   -0.01168835  0.00000000    0.26852805  0.00000000

     Diagonalizing the dynamical matrix

     q = (   -0.250000000   0.250000000  -0.250000000 ) 

 **************************************************************************
     freq (    1) =       2.788041 [THz] =      92.999027 [cm-1]
 ( -0.366731 -0.079624  0.196581 -0.035697  0.563312  0.043927 ) 
 ( -0.371811 -0.050872  0.193211 -0.050872  0.565022 -0.000000 ) 
     freq (    2) =       2.788041 [THz] =      92.999027 [cm-1]
 (  0.345900  0.269917  0.464214  0.279143  0.118314  0.009226 ) 
 (  0.365837  0.242208  0.484510  0.242208  0.118673  0.000000 ) 
     freq (    3) =       6.721005 [THz] =     224.188592 [cm-1]
 (  0.274600  0.302095 -0.274600 -0.302095  0.274600  0.302095 ) 
 (  0.408248  0.000000 -0.408248  0.000000  0.408248  0.000000 ) 
     freq (    4) =      14.200703 [THz] =     473.684463 [cm-1]
 (  0.274600  0.302095 -0.274600 -0.302095  0.274600  0.302095 ) 
 ( -0.408248 -0.000000  0.408248  0.000000 -0.408248  0.000000 ) 
     freq (    5) =      14.470937 [THz] =     482.698509 [cm-1]
 (  0.374533  0.019155 -0.191317 -0.024970 -0.565850 -0.044125 ) 
 ( -0.374888  0.010021  0.192679  0.010021  0.567567  0.000000 ) 
     freq (    6) =      14.470937 [THz] =     482.698509 [cm-1]
 ( -0.438524  0.019708 -0.544037  0.011480 -0.105512 -0.008228 ) 
 (  0.435665 -0.053741  0.541497 -0.053741  0.105833  0.000000 ) 
 **************************************************************************
