Dynamical matrix file
                                                                           
  1    2  2 10.3920000  0.0000000  0.0000000  0.0000000  0.0000000  0.0000000
           1  'Si  '    25598.822984527003     
    1    1      0.0000000000      0.0000000000      0.0000000000
    2    1      0.2500000000      0.2500000000      0.2500000000

     Dynamical  Matrix in cartesian axes

     q = (    0.750000000  -0.250000000   0.750000000 ) 

    1    1
  0.25195352  0.00000000   -0.00437598  0.00729034    0.00082903  0.00000000
 -0.00437598 -0.00729034    0.30657953  0.00000000   -0.00437598 -0.00729034
  0.00082903  0.00000000   -0.00437598  0.00729034    0.25195352  0.00000000
    1    2
 -0.04963167  0.08169246   -0.03277629  0.03737016   -0.03906252 -0.12290196
 -0.03277629  0.03737016   -0.04846236  0.10048018   -0.03277629  0.03737016
 -0.03906252 -0.12290196   -0.03277629  0.03737016   -0.04963167  0.08169246
    2    1
 -0.04963167 -0.08169246   -0.03277629 -0.03737016   -0.03906252  0.12290196
 -0.03277629 -0.03737016   -0.04846236 -0.10048018   -0.03277629 -0.03737016
 -0.03906252  0.12290196   -0.03277629 -0.03737016   -0.04963167 -0.08169246
    2    2
  0.25195352  0.00000000   -0.00437598 -0.00729034    0.00082903  0.00000000
 -0.00437598  0.00729034    0.30657953  0.00000000   -0.00437598  0.00729034
  0.00082903  0.00000000   -0.00437598 -0.00729034    0.25195352  0.00000000

     Dynamical  Matrix in cartesian axes

     q = (    0.750000000  -0.250000000  -0.750000000 ) 

    1    1
  0.25195352  0.00000000   -0.00437598 -0.00729034   -0.00082903  0.00000000
 -0.00437598  0.00729034    0.30657953  0.00000000    0.00437598 -0.00729034
 -0.00082903  0.00000000    0.00437598  0.00729034    0.25195352  0.00000000
    1    2
 -0.08169246  0.04963167   -0.03737016  0.03277629   -0.12290196 -0.03906252
 -0.03737016  0.03277629   -0.10048018  0.04846236    0.03737016 -0.03277629
 -0.12290196 -0.03906252    0.03737016 -0.03277629   -0.08169246  0.04963167
    2    1
 -0.08169246 -0.04963167   -0.03737016 -0.03277629   -0.12290196  0.03906252
 -0.03737016 -0.03277629   -0.10048018 -0.04846236    0.03737016  0.03277629
 -0.12290196  0.03906252    0.03737016  0.03277629   -0.08169246 -0.04963167
    2    2
  0.25195352  0.00000000   -0.00437598  0.00729034   -0.00082903  0.00000000
 -0.00437598 -0.00729034    0.30657953  0.00000000    0.00437598  0.00729034
 -0.00082903  0.00000000    0.00437598 -0.00729034    0.25195352  0.00000000

     Dynamical  Matrix in cartesian axes

     q = (   -0.750000000  -0.250000000  -0.750000000 ) 

    1    1
  0.25195352  0.00000000    0.00437598 -0.00729034    0.00082903  0.00000000
  0.00437598  0.00729034    0.30657953  0.00000000    0.00437598  0.00729034
  0.00082903  0.00000000    0.00437598 -0.00729034    0.25195352  0.00000000
    1    2
  0.08169246  0.04963167   -0.03737016 -0.03277629   -0.12290196  0.03906252
 -0.03737016 -0.03277629    0.10048018  0.04846236   -0.03737016 -0.03277629
 -0.12290196  0.03906252   -0.03737016 -0.03277629    0.08169246  0.04963167
    2    1
  0.08169246 -0.04963167   -0.03737016  0.03277629   -0.12290196 -0.03906252
 -0.03737016  0.03277629    0.10048018 -0.04846236   -0.03737016  0.03277629
 -0.12290196 -0.03906252   -0.03737016  0.03277629    0.08169246 -0.04963167
    2    2
  0.25195352  0.00000000    0.00437598  0.00729034    0.00082903  0.00000000
  0.00437598 -0.00729034    0.30657953  0.00000000    0.00437598 -0.00729034
  0.00082903  0.00000000    0.00437598  0.00729034    0.25195352  0.00000000

     Dynamical  Matrix in cartesian axes

     q = (   -0.750000000  -0.250000000   0.750000000 ) 

    1    1
  0.25195352  0.00000000    0.00437598  0.00729034   -0.00082903  0.00000000
  0.00437598 -0.00729034    0.30657953  0.00000000   -0.00437598  0.00729034
 -0.00082903  0.00000000   -0.00437598 -0.00729034    0.25195352  0.00000000
    1    2
 -0.08169246  0.04963167    0.03737016 -0.03277629   -0.12290196 -0.03906252
  0.03737016 -0.03277629   -0.10048018  0.04846236   -0.03737016  0.03277629
 -0.12290196 -0.03906252   -0.03737016  0.03277629   -0.08169246  0.04963167
    2    1
 -0.08169246 -0.04963167    0.03737016  0.03277629   -0.12290196  0.03906252
  0.03737016  0.03277629   -0.10048018 -0.04846236   -0.03737016 -0.03277629
 -0.12290196  0.03906252   -0.03737016 -0.03277629   -0.08169246 -0.04963167
    2    2
  0.25195352  0.00000000    0.00437598 -0.00729034   -0.00082903  0.00000000
  0.00437598  0.00729034    0.30657953  0.00000000   -0.00437598 -0.00729034
 -0.00082903  0.00000000   -0.00437598  0.00729034    0.25195352  0.00000000

     Dynamical  Matrix in cartesian axes

     q = (   -0.750000000   0.250000000  -0.750000000 ) 

    1    1
  0.25195352  0.00000000   -0.00437598 -0.00729034    0.00082903  0.00000000
 -0.00437598  0.00729034    0.30657953  0.00000000   -0.00437598  0.00729034
  0.00082903  0.00000000   -0.00437598 -0.00729034    0.25195352  0.00000000
    1    2
 -0.04963167 -0.08169246   -0.03277629 -0.03737016   -0.03906252  0.12290196
 -0.03277629 -0.03737016   -0.04846236 -0.10048018   -0.03277629 -0.03737016
 -0.03906252  0.12290196   -0.03277629 -0.03737016   -0.04963167 -0.08169246
    2    1
 -0.04963167  0.08169246   -0.03277629  0.03737016   -0.03906252 -0.12290196
 -0.03277629  0.03737016   -0.04846236  0.10048018   -0.03277629  0.03737016
 -0.03906252 -0.12290196   -0.03277629  0.03737016   -0.04963167  0.08169246
    2    2
  0.25195352  0.00000000   -0.00437598  0.00729034    0.00082903  0.00000000
 -0.00437598 -0.00729034    0.30657953  0.00000000   -0.00437598 -0.00729034
  0.00082903  0.00000000   -0.00437598  0.00729034    0.25195352  0.00000000

     Dynamical  Matrix in cartesian axes

     q = (   -0.250000000   0.750000000  -0.750000000 ) 

    1    1
  0.30657953  0.00000000   -0.00437598  0.00729034    0.00437598 -0.00729034
 -0.00437598 -0.00729034    0.25195352  0.00000000   -0.00082903  0.00000000
  0.00437598  0.00729034   -0.00082903  0.00000000    0.25195352  0.00000000
    1    2
 -0.10048018  0.04846236   -0.03737016  0.03277629    0.03737016 -0.03277629
 -0.03737016  0.03277629   -0.08169246  0.04963167   -0.12290196 -0.03906252
  0.03737016 -0.03277629   -0.12290196 -0.03906252   -0.08169246  0.04963167
    2    1
 -0.10048018 -0.04846236   -0.03737016 -0.03277629    0.03737016  0.03277629
 -0.03737016 -0.03277629   -0.08169246 -0.04963167   -0.12290196  0.03906252
  0.03737016  0.03277629   -0.12290196  0.03906252   -0.08169246 -0.04963167
    2    2
  0.30657953  0.00000000   -0.00437598 -0.00729034    0.00437598  0.00729034
 -0.00437598  0.00729034    0.25195352  0.00000000   -0.00082903  0.00000000
  0.00437598 -0.00729034   -0.00082903  0.00000000    0.25195352  0.00000000

     Dynamical  Matrix in cartesian axes

     q = (   -0.750000000   0.750000000  -0.250000000 ) 

    1    1
  0.25195352  0.00000000   -0.00082903  0.00000000    0.00437598  0.00729034
 -0.00082903  0.00000000    0.25195352  0.00000000   -0.00437598 -0.00729034
  0.00437598 -0.00729034   -0.00437598  0.00729034    0.30657953  0.00000000
    1    2
 -0.08169246  0.04963167   -0.12290196 -0.03906252    0.03737016 -0.03277629
 -0.12290196 -0.03906252   -0.08169246  0.04963167   -0.03737016  0.03277629
  0.03737016 -0.03277629   -0.03737016  0.03277629   -0.10048018  0.04846236
    2    1
 -0.08169246 -0.04963167   -0.12290196  0.03906252    0.03737016  0.03277629
 -0.12290196  0.03906252   -0.08169246 -0.04963167   -0.03737016 -0.03277629
  0.03737016  0.03277629   -0.03737016 -0.03277629   -0.10048018 -0.04846236
    2    2
  0.25195352  0.00000000   -0.00082903  0.00000000    0.00437598 -0.00729034
 -0.00082903  0.00000000    0.25195352  0.00000000   -0.00437598  0.00729034
  0.00437598  0.00729034   -0.00437598 -0.00729034    0.30657953  0.00000000

     Dynamical  Matrix in cartesian axes

     q = (    0.750000000   0.250000000   0.750000000 ) 

    1    1
  0.25195352  0.00000000    0.00437598  0.00729034    0.00082903  0.00000000
  0.00437598 -0.00729034    0.30657953  0.00000000    0.00437598 -0.00729034
  0.00082903  0.00000000    0.00437598  0.00729034    0.25195352  0.00000000
    1    2
  0.08169246 -0.04963167   -0.03737016  0.03277629   -0.12290196 -0.03906252
 -0.03737016  0.03277629    0.10048018 -0.04846236   -0.03737016  0.03277629
 -0.12290196 -0.03906252   -0.03737016  0.03277629    0.08169246 -0.04963167
    2    1
  0.08169246  0.04963167   -0.03737016 -0.03277629   -0.12290196  0.03906252
 -0.03737016 -0.03277629    0.10048018  0.04846236   -0.03737016 -0.03277629
 -0.12290196  0.03906252   -0.03737016 -0.03277629    0.08169246  0.04963167
    2    2
  0.25195352  0.00000000    0.00437598 -0.00729034    0.00082903  0.00000000
  0.00437598  0.00729034    0.30657953  0.00000000    0.00437598  0.00729034
  0.00082903  0.00000000    0.00437598 -0.00729034    0.25195352  0.00000000

     Dynamical  Matrix in cartesian axes

     q = (   -0.750000000   0.250000000   0.750000000 ) 

    1    1
  0.25195352  0.00000000   -0.00437598  0.00729034   -0.00082903  0.00000000
 -0.00437598 -0.00729034    0.30657953  0.00000000    0.00437598  0.00729034
 -0.00082903  0.00000000    0.00437598 -0.00729034    0.25195352  0.00000000
    1    2
 -0.08169246 -0.04963167   -0.03737016 -0.03277629   -0.12290196  0.03906252
 -0.03737016 -0.03277629   -0.10048018 -0.04846236    0.03737016  0.03277629
 -0.12290196  0.03906252    0.03737016  0.03277629   -0.08169246 -0.04963167
    2    1
 -0.08169246  0.04963167   -0.03737016  0.03277629   -0.12290196 -0.03906252
 -0.03737016  0.03277629   -0.10048018  0.04846236    0.03737016 -0.03277629
 -0.12290196 -0.03906252    0.03737016 -0.03277629   -0.08169246  0.04963167
    2    2
  0.25195352  0.00000000   -0.00437598 -0.00729034   -0.00082903  0.00000000
 -0.00437598  0.00729034    0.30657953  0.00000000    0.00437598 -0.00729034
 -0.00082903  0.00000000    0.00437598  0.00729034    0.25195352  0.00000000

     Dynamical  Matrix in cartesian axes

     q = (    0.750000000   0.250000000  -0.750000000 ) 

    1    1
  0.25195352  0.00000000    0.00437598 -0.00729034   -0.00082903  0.00000000
  0.00437598  0.00729034    0.30657953  0.00000000   -0.00437598 -0.00729034
 -0.00082903  0.00000000   -0.00437598  0.00729034    0.25195352  0.00000000
    1    2
 -0.08169246 -0.04963167    0.03737016  0.03277629   -0.12290196  0.03906252
  0.03737016  0.03277629   -0.10048018 -0.04846236   -0.03737016 -0.03277629
 -0.12290196  0.03906252   -0.03737016 -0.03277629   -0.08169246 -0.04963167
    2    1
 -0.08169246  0.04963167    0.03737016 -0.03277629   -0.12290196 -0.03906252
  0.03737016 -0.03277629   -0.10048018  0.04846236   -0.03737016  0.03277629
 -0.12290196 -0.03906252   -0.03737016  0.03277629   -0.08169246  0.04963167
    2    2
  0.25195352  0.00000000    0.00437598  0.00729034   -0.00082903  0.00000000
  0.00437598 -0.00729034    0.30657953  0.00000000   -0.00437598  0.00729034
 -0.00082903  0.00000000   -0.00437598 -0.00729034    0.25195352  0.00000000

     Dynamical  Matrix in cartesian axes

     q = (   -0.750000000   0.750000000   0.250000000 ) 

    1    1
  0.25195352  0.00000000   -0.00082903  0.00000000   -0.00437598  0.00729034
 -0.00082903  0.00000000    0.25195352  0.00000000    0.00437598 -0.00729034
 -0.00437598 -0.00729034    0.00437598  0.00729034    0.30657953  0.00000000
    1    2
 -0.08169246 -0.04963167   -0.12290196  0.03906252   -0.03737016 -0.03277629
 -0.12290196  0.03906252   -0.08169246 -0.04963167    0.03737016  0.03277629
 -0.03737016 -0.03277629    0.03737016  0.03277629   -0.10048018 -0.04846236
    2    1
 -0.08169246  0.04963167   -0.12290196 -0.03906252   -0.03737016  0.03277629
 -0.12290196 -0.03906252   -0.08169246  0.04963167    0.03737016 -0.03277629
 -0.03737016  0.03277629    0.03737016 -0.03277629   -0.10048018  0.04846236
    2    2
  0.25195352  0.00000000   -0.00082903  0.00000000   -0.00437598 -0.00729034
 -0.00082903  0.00000000    0.25195352  0.00000000    0.00437598  0.00729034
 -0.00437598  0.00729034    0.00437598 -0.00729034    0.30657953  0.00000000

     Dynamical  Matrix in cartesian axes

     q = (   -0.250000000   0.750000000   0.750000000 ) 

    1    1
  0.30657953  0.00000000   -0.00437598 -0.00729034   -0.00437598 -0.00729034
 -0.00437598  0.00729034    0.25195352  0.00000000    0.00082903  0.00000000
 -0.00437598  0.00729034    0.00082903  0.00000000    0.25195352  0.00000000
    1    2
 -0.04846236  0.10048018   -0.03277629  0.03737016   -0.03277629  0.03737016
 -0.03277629  0.03737016   -0.04963167  0.08169246   -0.03906252 -0.12290196
 -0.03277629  0.03737016   -0.03906252 -0.12290196   -0.04963167  0.08169246
    2    1
 -0.04846236 -0.10048018   -0.03277629 -0.03737016   -0.03277629 -0.03737016
 -0.03277629 -0.03737016   -0.04963167 -0.08169246   -0.03906252  0.12290196
 -0.03277629 -0.03737016   -0.03906252  0.12290196   -0.04963167 -0.08169246
    2    2
  0.30657953  0.00000000   -0.00437598  0.00729034   -0.00437598  0.00729034
 -0.00437598 -0.00729034    0.25195352  0.00000000    0.00082903  0.00000000
 -0.00437598 -0.00729034    0.00082903  0.00000000    0.25195352  0.00000000

     Dynamical  Matrix in cartesian axes

     q = (    0.250000000   0.750000000  -0.750000000 ) 

    1    1
  0.30657953  0.00000000    0.00437598  0.00729034   -0.00437598 -0.00729034
  0.00437598 -0.00729034    0.25195352  0.00000000   -0.00082903  0.00000000
 -0.00437598  0.00729034   -0.00082903  0.00000000    0.25195352  0.00000000
    1    2
 -0.10048018 -0.04846236    0.03737016  0.03277629   -0.03737016 -0.03277629
  0.03737016  0.03277629   -0.08169246 -0.04963167   -0.12290196  0.03906252
 -0.03737016 -0.03277629   -0.12290196  0.03906252   -0.08169246 -0.04963167
    2    1
 -0.10048018  0.04846236    0.03737016 -0.03277629   -0.03737016  0.03277629
  0.03737016 -0.03277629   -0.08169246  0.04963167   -0.12290196 -0.03906252
 -0.03737016  0.03277629   -0.12290196 -0.03906252   -0.08169246  0.04963167
    2    2
  0.30657953  0.00000000    0.00437598 -0.00729034   -0.00437598  0.00729034
  0.00437598  0.00729034    0.25195352  0.00000000   -0.00082903  0.00000000
 -0.00437598 -0.00729034   -0.00082903  0.00000000    0.25195352  0.00000000

     Dynamical  Matrix in cartesian axes

     q = (   -0.250000000  -0.750000000  -0.750000000 ) 

    1    1
  0.30657953  0.00000000    0.00437598  0.00729034    0.00437598  0.00729034
  0.00437598 -0.00729034    0.25195352  0.00000000    0.00082903  0.00000000
  0.00437598 -0.00729034    0.00082903  0.00000000    0.25195352  0.00000000
    1    2
  0.10048018  0.04846236   -0.03737016 -0.03277629   -0.03737016 -0.03277629
 -0.03737016 -0.03277629    0.08169246  0.04963167   -0.12290196  0.03906252
 -0.03737016 -0.03277629   -0.12290196  0.03906252    0.08169246  0.04963167
    2    1
  0.10048018 -0.04846236   -0.03737016  0.03277629   -0.03737016  0.03277629
 -0.03737016  0.03277629    0.08169246 -0.04963167   -0.12290196 -0.03906252
 -0.03737016  0.03277629   -0.12290196 -0.03906252    0.08169246 -0.04963167
    2    2
  0.30657953  0.00000000    0.00437598 -0.00729034    0.00437598 -0.00729034
  0.00437598  0.00729034    0.25195352  0.00000000    0.00082903  0.00000000
  0.00437598  0.00729034    0.00082903  0.00000000    0.25195352  0.00000000

     Dynamical  Matrix in cartesian axes

     q = (    0.750000000   0.750000000  -0.250000000 ) 

    1    1
  0.25195352  0.00000000    0.00082903  0.00000000   -0.00437598  0.00729034
  0.00082903  0.00000000    0.25195352  0.00000000   -0.00437598  0.00729034
 -0.00437598 -0.00729034   -0.00437598 -0.00729034    0.30657953  0.00000000
    1    2
 -0.04963167  0.08169246   -0.03906252 -0.12290196   -0.03277629  0.03737016
 -0.03906252 -0.12290196   -0.04963167  0.08169246   -0.03277629  0.03737016
 -0.03277629  0.03737016   -0.03277629  0.03737016   -0.04846236  0.10048018
    2    1
 -0.04963167 -0.08169246   -0.03906252  0.12290196   -0.03277629 -0.03737016
 -0.03906252  0.12290196   -0.04963167 -0.08169246   -0.03277629 -0.03737016
 -0.03277629 -0.03737016   -0.03277629 -0.03737016   -0.04846236 -0.10048018
    2    2
  0.25195352  0.00000000    0.00082903  0.00000000   -0.00437598 -0.00729034
  0.00082903  0.00000000    0.25195352  0.00000000   -0.00437598 -0.00729034
 -0.00437598  0.00729034   -0.00437598  0.00729034    0.30657953  0.00000000

     Dynamical  Matrix in cartesian axes

     q = (    0.750000000  -0.750000000   0.250000000 ) 

    1    1
  0.25195352  0.00000000   -0.00082903  0.00000000    0.00437598 -0.00729034
 -0.00082903  0.00000000    0.25195352  0.00000000   -0.00437598  0.00729034
  0.00437598  0.00729034   -0.00437598 -0.00729034    0.30657953  0.00000000
    1    2
 -0.08169246 -0.04963167   -0.12290196  0.03906252    0.03737016  0.03277629
 -0.12290196  0.03906252   -0.08169246 -0.04963167   -0.03737016 -0.03277629
  0.03737016  0.03277629   -0.03737016 -0.03277629   -0.10048018 -0.04846236
    2    1
 -0.08169246  0.04963167   -0.12290196 -0.03906252    0.03737016 -0.03277629
 -0.12290196 -0.03906252   -0.08169246  0.04963167   -0.03737016  0.03277629
  0.03737016 -0.03277629   -0.03737016  0.03277629   -0.10048018  0.04846236
    2    2
  0.25195352  0.00000000   -0.00082903  0.00000000    0.00437598  0.00729034
 -0.00082903  0.00000000    0.25195352  0.00000000   -0.00437598 -0.00729034
  0.00437598 -0.00729034   -0.00437598  0.00729034    0.30657953  0.00000000

     Dynamical  Matrix in cartesian axes

     q = (   -0.750000000  -0.750000000  -0.250000000 ) 

    1    1
  0.25195352  0.00000000    0.00082903  0.00000000    0.00437598 -0.00729034
  0.00082903  0.00000000    0.25195352  0.00000000    0.00437598 -0.00729034
  0.00437598  0.00729034    0.00437598  0.00729034    0.30657953  0.00000000
    1    2
  0.08169246  0.04963167   -0.12290196  0.03906252   -0.03737016 -0.03277629
 -0.12290196  0.03906252    0.08169246  0.04963167   -0.03737016 -0.03277629
 -0.03737016 -0.03277629   -0.03737016 -0.03277629    0.10048018  0.04846236
    2    1
  0.08169246 -0.04963167   -0.12290196 -0.03906252   -0.03737016  0.03277629
 -0.12290196 -0.03906252    0.08169246 -0.04963167   -0.03737016  0.03277629
 -0.03737016  0.03277629   -0.03737016  0.03277629    0.10048018 -0.04846236
    2    2
  0.25195352  0.00000000    0.00082903  0.00000000    0.00437598  0.00729034
  0.00082903  0.00000000    0.25195352  0.00000000    0.00437598  0.00729034
  0.00437598 -0.00729034    0.00437598 -0.00729034    0.30657953  0.00000000

     Dynamical  Matrix in cartesian axes

     q = (    0.250000000  -0.750000000   0.750000000 ) 

    1    1
  0.30657953  0.00000000   -0.00437598 -0.00729034    0.00437598  0.00729034
 -0.00437598  0.00729034    0.25195352  0.00000000   -0.00082903  0.00000000
  0.00437598 -0.00729034   -0.00082903  0.00000000    0.25195352  0.00000000
    1    2
 -0.10048018 -0.04846236   -0.03737016 -0.03277629    0.03737016  0.03277629
 -0.03737016 -0.03277629   -0.08169246 -0.04963167   -0.12290196  0.03906252
  0.03737016  0.03277629   -0.12290196  0.03906252   -0.08169246 -0.04963167
    2    1
 -0.10048018  0.04846236   -0.03737016  0.03277629    0.03737016 -0.03277629
 -0.03737016  0.03277629   -0.08169246  0.04963167   -0.12290196 -0.03906252
  0.03737016 -0.03277629   -0.12290196 -0.03906252   -0.08169246  0.04963167
    2    2
  0.30657953  0.00000000   -0.00437598  0.00729034    0.00437598 -0.00729034
 -0.00437598 -0.00729034    0.25195352  0.00000000   -0.00082903  0.00000000
  0.00437598  0.00729034   -0.00082903  0.00000000    0.25195352  0.00000000

     Dynamical  Matrix in cartesian axes

     q = (   -0.750000000  -0.750000000   0.250000000 ) 

    1    1
  0.25195352  0.00000000    0.00082903  0.00000000   -0.00437598 -0.00729034
  0.00082903  0.00000000    0.25195352  0.00000000   -0.00437598 -0.00729034
 -0.00437598  0.00729034   -0.00437598  0.00729034    0.30657953  0.00000000
    1    2
 -0.04963167 -0.08169246   -0.03906252  0.12290196   -0.03277629 -0.03737016
 -0.03906252  0.12290196   -0.04963167 -0.08169246   -0.03277629 -0.03737016
 -0.03277629 -0.03737016   -0.03277629 -0.03737016   -0.04846236 -0.10048018
    2    1
 -0.04963167  0.08169246   -0.03906252 -0.12290196   -0.03277629  0.03737016
 -0.03906252 -0.12290196   -0.04963167  0.08169246   -0.03277629  0.03737016
 -0.03277629  0.03737016   -0.03277629  0.03737016   -0.04846236  0.10048018
    2    2
  0.25195352  0.00000000    0.00082903  0.00000000   -0.00437598  0.00729034
  0.00082903  0.00000000    0.25195352  0.00000000   -0.00437598  0.00729034
 -0.00437598 -0.00729034   -0.00437598 -0.00729034    0.30657953  0.00000000

     Dynamical  Matrix in cartesian axes

     q = (    0.250000000   0.750000000   0.750000000 ) 

    1    1
  0.30657953  0.00000000    0.00437598 -0.00729034    0.00437598 -0.00729034
  0.00437598  0.00729034    0.25195352  0.00000000    0.00082903  0.00000000
  0.00437598  0.00729034    0.00082903  0.00000000    0.25195352  0.00000000
    1    2
  0.10048018 -0.04846236   -0.03737016  0.03277629   -0.03737016  0.03277629
 -0.03737016  0.03277629    0.08169246 -0.04963167   -0.12290196 -0.03906252
 -0.03737016  0.03277629   -0.12290196 -0.03906252    0.08169246 -0.04963167
    2    1
  0.10048018  0.04846236   -0.03737016 -0.03277629   -0.03737016 -0.03277629
 -0.03737016 -0.03277629    0.08169246  0.04963167   -0.12290196  0.03906252
 -0.03737016 -0.03277629   -0.12290196  0.03906252    0.08169246  0.04963167
    2    2
  0.30657953  0.00000000    0.00437598  0.00729034    0.00437598  0.00729034
  0.00437598 -0.00729034    0.25195352  0.00000000    0.00082903  0.00000000
  0.00437598 -0.00729034    0.00082903  0.00000000    0.25195352  0.00000000

     Dynamical  Matrix in cartesian axes

     q = (   -0.250000000  -0.750000000   0.750000000 ) 

    1    1
  0.30657953  0.00000000    0.00437598 -0.00729034   -0.00437598  0.00729034
  0.00437598  0.00729034    0.25195352  0.00000000   -0.00082903  0.00000000
 -0.00437598 -0.00729034   -0.00082903  0.00000000    0.25195352  0.00000000
    1    2
 -0.10048018  0.04846236    0.03737016 -0.03277629   -0.03737016  0.03277629
  0.03737016 -0.03277629   -0.08169246  0.04963167   -0.12290196 -0.03906252
 -0.03737016  0.03277629   -0.12290196 -0.03906252   -0.08169246  0.04963167
    2    1
 -0.10048018 -0.04846236    0.03737016  0.03277629   -0.03737016 -0.03277629
  0.03737016  0.03277629   -0.08169246 -0.04963167   -0.12290196  0.03906252
 -0.03737016 -0.03277629   -0.12290196  0.03906252   -0.08169246 -0.04963167
    2    2
  0.30657953  0.00000000    0.00437598  0.00729034   -0.00437598 -0.00729034
  0.00437598 -0.00729034    0.25195352  0.00000000   -0.00082903  0.00000000
 -0.00437598  0.00729034   -0.00082903  0.00000000    0.25195352  0.00000000

     Dynamical  Matrix in cartesian axes

     q = (    0.750000000   0.750000000   0.250000000 ) 

    1    1
  0.25195352  0.00000000    0.00082903  0.00000000    0.00437598  0.00729034
  0.00082903  0.00000000    0.25195352  0.00000000    0.00437598  0.00729034
  0.00437598 -0.00729034    0.00437598 -0.00729034    0.30657953  0.00000000
    1    2
  0.08169246 -0.04963167   -0.12290196 -0.03906252   -0.03737016  0.03277629
 -0.12290196 -0.03906252    0.08169246 -0.04963167   -0.03737016  0.03277629
 -0.03737016  0.03277629   -0.03737016  0.03277629    0.10048018 -0.04846236
    2    1
  0.08169246  0.04963167   -0.12290196  0.03906252   -0.03737016 -0.03277629
 -0.12290196  0.03906252    0.08169246  0.04963167   -0.03737016 -0.03277629
 -0.03737016 -0.03277629   -0.03737016 -0.03277629    0.10048018  0.04846236
    2    2
  0.25195352  0.00000000    0.00082903  0.00000000    0.00437598 -0.00729034
  0.00082903  0.00000000    0.25195352  0.00000000    0.00437598 -0.00729034
  0.00437598  0.00729034    0.00437598  0.00729034    0.30657953  0.00000000

     Dynamical  Matrix in cartesian axes

     q = (    0.250000000  -0.750000000  -0.750000000 ) 

    1    1
  0.30657953  0.00000000   -0.00437598  0.00729034   -0.00437598  0.00729034
 -0.00437598 -0.00729034    0.25195352  0.00000000    0.00082903  0.00000000
 -0.00437598 -0.00729034    0.00082903  0.00000000    0.25195352  0.00000000
    1    2
 -0.04846236 -0.10048018   -0.03277629 -0.03737016   -0.03277629 -0.03737016
 -0.03277629 -0.03737016   -0.04963167 -0.08169246   -0.03906252  0.12290196
 -0.03277629 -0.03737016   -0.03906252  0.12290196   -0.04963167 -0.08169246
    2    1
 -0.04846236  0.10048018   -0.03277629  0.03737016   -0.03277629  0.03737016
 -0.03277629  0.03737016   -0.04963167  0.08169246   -0.03906252 -0.12290196
 -0.03277629  0.03737016   -0.03906252 -0.12290196   -0.04963167  0.08169246
    2    2
  0.30657953  0.00000000   -0.00437598 -0.00729034   -0.00437598 -0.00729034
 -0.00437598  0.00729034    0.25195352  0.00000000    0.00082903  0.00000000
 -0.00437598  0.00729034    0.00082903  0.00000000    0.25195352  0.00000000

     Dynamical  Matrix in cartesian axes

     q = (    0.750000000  -0.750000000  -0.250000000 ) 

    1    1
  0.25195352  0.00000000   -0.00082903  0.00000000   -0.00437598 -0.00729034
 -0.00082903  0.00000000    0.25195352  0.00000000    0.00437598  0.00729034
 -0.00437598  0.00729034    0.00437598 -0.00729034    0.30657953  0.00000000
    1    2
 -0.08169246  0.04963167   -0.12290196 -0.03906252   -0.03737016  0.03277629
 -0.12290196 -0.03906252   -0.08169246  0.04963167    0.03737016 -0.03277629
 -0.03737016  0.03277629    0.03737016 -0.03277629   -0.10048018  0.04846236
    2    1
 -0.08169246 -0.04963167   -0.12290196  0.03906252   -0.03737016 -0.03277629
 -0.12290196  0.03906252   -0.08169246 -0.04963167    0.03737016  0.03277629
 -0.03737016 -0.03277629    0.03737016  0.03277629   -0.10048018 -0.04846236
    2    2
  0.25195352  0.00000000   -0.00082903  0.00000000   -0.00437598  0.00729034
 -0.00082903  0.00000000    0.25195352  0.00000000    0.00437598 -0.00729034
 -0.00437598 -0.00729034    0.00437598  0.00729034    0.30657953  0.00000000

     Diagonalizing the dynamical matrix

     q = (    0.750000000  -0.250000000   0.750000000 ) 

 **************************************************************************
     freq (    1) =       4.422369 [THz] =     147.514350 [cm-1]
 (  0.025795 -0.499334  0.000000 -0.000000 -0.025795  0.499334 ) 
 (  0.500000 -0.000000  0.000000  0.000000 -0.500000  0.000000 ) 
     freq (    2) =       6.807359 [THz] =     227.069060 [cm-1]
 ( -0.393725 -0.068645 -0.365680  0.216368 -0.393725 -0.068645 ) 
 ( -0.399664  0.000000 -0.323083 -0.275961 -0.399664  0.000000 ) 
     freq (    3) =       9.658153 [THz] =     322.161304 [cm-1]
 (  0.024818  0.335645 -0.475443 -0.217732  0.024818  0.335645 ) 
 (  0.336561  0.000000 -0.252198 -0.458093  0.336561  0.000000 ) 
     freq (    4) =      11.788556 [THz] =     393.223903 [cm-1]
 ( -0.246187 -0.309187  0.383407  0.201469 -0.246187 -0.309187 ) 
 (  0.395227 -0.000000 -0.396434 -0.174445  0.395227  0.000000 ) 
     freq (    5) =      13.884924 [THz] =     463.151221 [cm-1]
 ( -0.025795  0.499334 -0.000000  0.000000  0.025795 -0.499334 ) 
 (  0.500000 -0.000000  0.000000  0.000000 -0.500000  0.000000 ) 
     freq (    6) =      13.942781 [THz] =     465.081099 [cm-1]
 ( -0.257120 -0.068408 -0.517417  0.301162 -0.257120 -0.068408 ) 
 (  0.266065 -0.000000  0.422592  0.424070  0.266065  0.000000 ) 
 **************************************************************************
