Dynamical matrix file
                                                                           
  1    2  2 10.3920000  0.0000000  0.0000000  0.0000000  0.0000000  0.0000000
           1  'Si  '    25598.822984527003     
    1    1      0.0000000000      0.0000000000      0.0000000000
    2    1      0.2500000000      0.2500000000      0.2500000000

     Dynamical  Matrix in cartesian axes

     q = (   -0.250000000   0.250000000  -0.250000000 ) 

    1    1
  0.28953723  0.00000000   -0.01048341  0.00000000    0.01048341  0.00000000
 -0.01048341  0.00000000    0.28953723  0.00000000   -0.01048341  0.00000000
  0.01048341  0.00000000   -0.01048341  0.00000000    0.28953723  0.00000000
    1    2
 -0.21586664 -0.06548370   -0.03378213  0.03449948    0.03378213 -0.03449948
 -0.03378213  0.03449948   -0.21586664 -0.06548370   -0.03378213  0.03449948
  0.03378213 -0.03449948   -0.03378213  0.03449948   -0.21586664 -0.06548370
    2    1
 -0.21586664  0.06548370   -0.03378213 -0.03449948    0.03378213  0.03449948
 -0.03378213 -0.03449948   -0.21586664  0.06548370   -0.03378213 -0.03449948
  0.03378213  0.03449948   -0.03378213 -0.03449948   -0.21586664  0.06548370
    2    2
  0.28953723  0.00000000   -0.01048341  0.00000000    0.01048341  0.00000000
 -0.01048341  0.00000000    0.28953723  0.00000000   -0.01048341  0.00000000
  0.01048341  0.00000000   -0.01048341  0.00000000    0.28953723  0.00000000

     Dynamical  Matrix in cartesian axes

     q = (    0.250000000  -0.250000000  -0.250000000 ) 

    1    1
  0.28953723  0.00000000   -0.01048341  0.00000000   -0.01048341  0.00000000
 -0.01048341  0.00000000    0.28953723  0.00000000    0.01048341  0.00000000
 -0.01048341  0.00000000    0.01048341  0.00000000    0.28953723  0.00000000
    1    2
 -0.21586664 -0.06548370   -0.03378213  0.03449948   -0.03378213  0.03449948
 -0.03378213  0.03449948   -0.21586664 -0.06548370    0.03378213 -0.03449948
 -0.03378213  0.03449948    0.03378213 -0.03449948   -0.21586664 -0.06548370
    2    1
 -0.21586664  0.06548370   -0.03378213 -0.03449948   -0.03378213 -0.03449948
 -0.03378213 -0.03449948   -0.21586664  0.06548370    0.03378213  0.03449948
 -0.03378213 -0.03449948    0.03378213  0.03449948   -0.21586664  0.06548370
    2    2
  0.28953723  0.00000000   -0.01048341  0.00000000   -0.01048341  0.00000000
 -0.01048341  0.00000000    0.28953723  0.00000000    0.01048341  0.00000000
 -0.01048341  0.00000000    0.01048341  0.00000000    0.28953723  0.00000000

     Dynamical  Matrix in cartesian axes

     q = (    0.250000000  -0.250000000   0.250000000 ) 

    1    1
  0.28953723  0.00000000   -0.01048341  0.00000000    0.01048341  0.00000000
 -0.01048341  0.00000000    0.28953723  0.00000000   -0.01048341  0.00000000
  0.01048341  0.00000000   -0.01048341  0.00000000    0.28953723  0.00000000
    1    2
 -0.21586664  0.06548370   -0.03378213 -0.03449948    0.03378213  0.03449948
 -0.03378213 -0.03449948   -0.21586664  0.06548370   -0.03378213 -0.03449948
  0.03378213  0.03449948   -0.03378213 -0.03449948   -0.21586664  0.06548370
    2    1
 -0.21586664 -0.06548370   -0.03378213  0.03449948    0.03378213 -0.03449948
 -0.03378213  0.03449948   -0.21586664 -0.06548370   -0.03378213  0.03449948
  0.03378213 -0.03449948   -0.03378213  0.03449948   -0.21586664 -0.06548370
    2    2
  0.28953723  0.00000000   -0.01048341  0.00000000    0.01048341  0.00000000
 -0.01048341  0.00000000    0.28953723  0.00000000   -0.01048341  0.00000000
  0.01048341  0.00000000   -0.01048341  0.00000000    0.28953723  0.00000000

     Dynamical  Matrix in cartesian axes

     q = (    0.250000000   0.250000000   0.250000000 ) 

    1    1
  0.28953723  0.00000000    0.01048341  0.00000000    0.01048341  0.00000000
  0.01048341  0.00000000    0.28953723  0.00000000    0.01048341  0.00000000
  0.01048341  0.00000000    0.01048341  0.00000000    0.28953723  0.00000000
    1    2
 -0.06548370  0.21586664   -0.03449948 -0.03378213   -0.03449948 -0.03378213
 -0.03449948 -0.03378213   -0.06548370  0.21586664   -0.03449948 -0.03378213
 -0.03449948 -0.03378213   -0.03449948 -0.03378213   -0.06548370  0.21586664
    2    1
 -0.06548370 -0.21586664   -0.03449948  0.03378213   -0.03449948  0.03378213
 -0.03449948  0.03378213   -0.06548370 -0.21586664   -0.03449948  0.03378213
 -0.03449948  0.03378213   -0.03449948  0.03378213   -0.06548370 -0.21586664
    2    2
  0.28953723  0.00000000    0.01048341  0.00000000    0.01048341  0.00000000
  0.01048341  0.00000000    0.28953723  0.00000000    0.01048341  0.00000000
  0.01048341  0.00000000    0.01048341  0.00000000    0.28953723  0.00000000

     Dynamical  Matrix in cartesian axes

     q = (   -0.250000000  -0.250000000  -0.250000000 ) 

    1    1
  0.28953723  0.00000000    0.01048341  0.00000000    0.01048341  0.00000000
  0.01048341  0.00000000    0.28953723  0.00000000    0.01048341  0.00000000
  0.01048341  0.00000000    0.01048341  0.00000000    0.28953723  0.00000000
    1    2
 -0.06548370 -0.21586664   -0.03449948  0.03378213   -0.03449948  0.03378213
 -0.03449948  0.03378213   -0.06548370 -0.21586664   -0.03449948  0.03378213
 -0.03449948  0.03378213   -0.03449948  0.03378213   -0.06548370 -0.21586664
    2    1
 -0.06548370  0.21586664   -0.03449948 -0.03378213   -0.03449948 -0.03378213
 -0.03449948 -0.03378213   -0.06548370  0.21586664   -0.03449948 -0.03378213
 -0.03449948 -0.03378213   -0.03449948 -0.03378213   -0.06548370  0.21586664
    2    2
  0.28953723  0.00000000    0.01048341  0.00000000    0.01048341  0.00000000
  0.01048341  0.00000000    0.28953723  0.00000000    0.01048341  0.00000000
  0.01048341  0.00000000    0.01048341  0.00000000    0.28953723  0.00000000

     Dynamical  Matrix in cartesian axes

     q = (   -0.250000000  -0.250000000   0.250000000 ) 

    1    1
  0.28953723  0.00000000    0.01048341  0.00000000   -0.01048341  0.00000000
  0.01048341  0.00000000    0.28953723  0.00000000   -0.01048341  0.00000000
 -0.01048341  0.00000000   -0.01048341  0.00000000    0.28953723  0.00000000
    1    2
 -0.21586664 -0.06548370    0.03378213 -0.03449948   -0.03378213  0.03449948
  0.03378213 -0.03449948   -0.21586664 -0.06548370   -0.03378213  0.03449948
 -0.03378213  0.03449948   -0.03378213  0.03449948   -0.21586664 -0.06548370
    2    1
 -0.21586664  0.06548370    0.03378213  0.03449948   -0.03378213 -0.03449948
  0.03378213  0.03449948   -0.21586664  0.06548370   -0.03378213 -0.03449948
 -0.03378213 -0.03449948   -0.03378213 -0.03449948   -0.21586664  0.06548370
    2    2
  0.28953723  0.00000000    0.01048341  0.00000000   -0.01048341  0.00000000
  0.01048341  0.00000000    0.28953723  0.00000000   -0.01048341  0.00000000
 -0.01048341  0.00000000   -0.01048341  0.00000000    0.28953723  0.00000000

     Dynamical  Matrix in cartesian axes

     q = (   -0.250000000   0.250000000   0.250000000 ) 

    1    1
  0.28953723  0.00000000   -0.01048341  0.00000000   -0.01048341  0.00000000
 -0.01048341  0.00000000    0.28953723  0.00000000    0.01048341  0.00000000
 -0.01048341  0.00000000    0.01048341  0.00000000    0.28953723  0.00000000
    1    2
 -0.21586664  0.06548370   -0.03378213 -0.03449948   -0.03378213 -0.03449948
 -0.03378213 -0.03449948   -0.21586664  0.06548370    0.03378213  0.03449948
 -0.03378213 -0.03449948    0.03378213  0.03449948   -0.21586664  0.06548370
    2    1
 -0.21586664 -0.06548370   -0.03378213  0.03449948   -0.03378213  0.03449948
 -0.03378213  0.03449948   -0.21586664 -0.06548370    0.03378213 -0.03449948
 -0.03378213  0.03449948    0.03378213 -0.03449948   -0.21586664 -0.06548370
    2    2
  0.28953723  0.00000000   -0.01048341  0.00000000   -0.01048341  0.00000000
 -0.01048341  0.00000000    0.28953723  0.00000000    0.01048341  0.00000000
 -0.01048341  0.00000000    0.01048341  0.00000000    0.28953723  0.00000000

     Dynamical  Matrix in cartesian axes

     q = (    0.250000000   0.250000000  -0.250000000 ) 

    1    1
  0.28953723  0.00000000    0.01048341  0.00000000   -0.01048341  0.00000000
  0.01048341  0.00000000    0.28953723  0.00000000   -0.01048341  0.00000000
 -0.01048341  0.00000000   -0.01048341  0.00000000    0.28953723  0.00000000
    1    2
 -0.21586664  0.06548370    0.03378213  0.03449948   -0.03378213 -0.03449948
  0.03378213  0.03449948   -0.21586664  0.06548370   -0.03378213 -0.03449948
 -0.03378213 -0.03449948   -0.03378213 -0.03449948   -0.21586664  0.06548370
    2    1
 -0.21586664 -0.06548370    0.03378213 -0.03449948   -0.03378213  0.03449948
  0.03378213 -0.03449948   -0.21586664 -0.06548370   -0.03378213  0.03449948
 -0.03378213  0.03449948   -0.03378213  0.03449948   -0.21586664 -0.06548370
    2    2
  0.28953723  0.00000000    0.01048341  0.00000000   -0.01048341  0.00000000
  0.01048341  0.00000000    0.28953723  0.00000000   -0.01048341  0.00000000
 -0.01048341  0.00000000   -0.01048341  0.00000000    0.28953723  0.00000000

     Diagonalizing the dynamical matrix

     q = (   -0.250000000   0.250000000  -0.250000000 ) 

 **************************************************************************
     freq (    1) =       3.409178 [THz] =     113.717949 [cm-1]
 ( -0.572081 -0.048823 -0.236466 -0.007170  0.335615  0.041654 ) 
 ( -0.573738  0.022009 -0.235548  0.022009  0.338190  0.000000 ) 
     freq (    2) =       3.409178 [THz] =     113.717949 [cm-1]
 (  0.059996 -0.008583  0.524366  0.049051  0.464370  0.057634 ) 
 (  0.058482 -0.015907  0.526415 -0.015907  0.467933  0.000000 ) 
     freq (    3) =       6.829124 [THz] =     227.795041 [cm-1]
 ( -0.302422 -0.274240  0.302422  0.274240 -0.302422 -0.274240 ) 
 ( -0.408248 -0.000000  0.408248 -0.000000 -0.408248  0.000000 ) 
     freq (    4) =      14.694296 [THz] =     490.148950 [cm-1]
 ( -0.302422 -0.274240  0.302422  0.274240 -0.302422 -0.274240 ) 
 (  0.408248  0.000000 -0.408248  0.000000  0.408248  0.000000 ) 
     freq (    5) =      14.978076 [THz] =     499.614827 [cm-1]
 ( -0.480702  0.140468 -0.478956  0.140684  0.001746  0.000217 ) 
 (  0.459741 -0.198604  0.457982 -0.198604 -0.001759  0.000000 ) 
     freq (    6) =      14.978076 [THz] =     499.614827 [cm-1]
 (  0.285014  0.035983 -0.287938 -0.035127 -0.572952 -0.071110 ) 
 ( -0.287276 -0.000605  0.290072 -0.000605  0.577348  0.000000 ) 
 **************************************************************************
