Dynamical matrix file
                                                                           
  1    2  2 10.4090000  0.0000000  0.0000000  0.0000000  0.0000000  0.0000000
           1  'Si  '    25598.822984527003     
    1    1      0.0000000000      0.0000000000      0.0000000000
    2    1      0.2500000000      0.2500000000      0.2500000000

     Dynamical  Matrix in cartesian axes

     q = (    0.750000000  -0.250000000   0.750000000 ) 

    1    1
  0.24987094 -0.00000000   -0.00450596  0.00748599    0.00121757 -0.00000000
 -0.00450596 -0.00748599    0.30404324  0.00000000   -0.00450596 -0.00748599
  0.00121757 -0.00000000   -0.00450596  0.00748599    0.24987094 -0.00000000
    1    2
 -0.04893010  0.08100264   -0.03211331  0.03675931   -0.03836087 -0.12079138
 -0.03211331  0.03675931   -0.04755089  0.10010114   -0.03211331  0.03675931
 -0.03836087 -0.12079138   -0.03211331  0.03675931   -0.04893010  0.08100264
    2    1
 -0.04893010 -0.08100264   -0.03211331 -0.03675931   -0.03836087  0.12079138
 -0.03211331 -0.03675931   -0.04755089 -0.10010114   -0.03211331 -0.03675931
 -0.03836087  0.12079138   -0.03211331 -0.03675931   -0.04893010 -0.08100264
    2    2
  0.24987094  0.00000000   -0.00450596 -0.00748599    0.00121757  0.00000000
 -0.00450596  0.00748599    0.30404324 -0.00000000   -0.00450596  0.00748599
  0.00121757  0.00000000   -0.00450596 -0.00748599    0.24987094  0.00000000

     Dynamical  Matrix in cartesian axes

     q = (    0.750000000  -0.250000000  -0.750000000 ) 

    1    1
  0.24987094  0.00000000   -0.00450596 -0.00748599   -0.00121757 -0.00000000
 -0.00450596  0.00748599    0.30404324 -0.00000000    0.00450596 -0.00748599
 -0.00121757 -0.00000000    0.00450596  0.00748599    0.24987094  0.00000000
    1    2
 -0.08100264  0.04893010   -0.03675931  0.03211331   -0.12079138 -0.03836087
 -0.03675931  0.03211331   -0.10010114  0.04755089    0.03675931 -0.03211331
 -0.12079138 -0.03836087    0.03675931 -0.03211331   -0.08100264  0.04893010
    2    1
 -0.08100264 -0.04893010   -0.03675931 -0.03211331   -0.12079138  0.03836087
 -0.03675931 -0.03211331   -0.10010114 -0.04755089    0.03675931  0.03211331
 -0.12079138  0.03836087    0.03675931  0.03211331   -0.08100264 -0.04893010
    2    2
  0.24987094 -0.00000000   -0.00450596  0.00748599   -0.00121757  0.00000000
 -0.00450596 -0.00748599    0.30404324  0.00000000    0.00450596  0.00748599
 -0.00121757  0.00000000    0.00450596 -0.00748599    0.24987094 -0.00000000

     Dynamical  Matrix in cartesian axes

     q = (   -0.750000000  -0.250000000  -0.750000000 ) 

    1    1
  0.24987094 -0.00000000    0.00450596 -0.00748599    0.00121757 -0.00000000
  0.00450596  0.00748599    0.30404324  0.00000000    0.00450596  0.00748599
  0.00121757 -0.00000000    0.00450596 -0.00748599    0.24987094 -0.00000000
    1    2
  0.08100264  0.04893010   -0.03675931 -0.03211331   -0.12079138  0.03836087
 -0.03675931 -0.03211331    0.10010114  0.04755089   -0.03675931 -0.03211331
 -0.12079138  0.03836087   -0.03675931 -0.03211331    0.08100264  0.04893010
    2    1
  0.08100264 -0.04893010   -0.03675931  0.03211331   -0.12079138 -0.03836087
 -0.03675931  0.03211331    0.10010114 -0.04755089   -0.03675931  0.03211331
 -0.12079138 -0.03836087   -0.03675931  0.03211331    0.08100264 -0.04893010
    2    2
  0.24987094  0.00000000    0.00450596  0.00748599    0.00121757  0.00000000
  0.00450596 -0.00748599    0.30404324 -0.00000000    0.00450596 -0.00748599
  0.00121757  0.00000000    0.00450596  0.00748599    0.24987094  0.00000000

     Dynamical  Matrix in cartesian axes

     q = (   -0.750000000  -0.250000000   0.750000000 ) 

    1    1
  0.24987094  0.00000000    0.00450596  0.00748599   -0.00121757 -0.00000000
  0.00450596 -0.00748599    0.30404324 -0.00000000   -0.00450596  0.00748599
 -0.00121757 -0.00000000   -0.00450596 -0.00748599    0.24987094  0.00000000
    1    2
 -0.08100264  0.04893010    0.03675931 -0.03211331   -0.12079138 -0.03836087
  0.03675931 -0.03211331   -0.10010114  0.04755089   -0.03675931  0.03211331
 -0.12079138 -0.03836087   -0.03675931  0.03211331   -0.08100264  0.04893010
    2    1
 -0.08100264 -0.04893010    0.03675931  0.03211331   -0.12079138  0.03836087
  0.03675931  0.03211331   -0.10010114 -0.04755089   -0.03675931 -0.03211331
 -0.12079138  0.03836087   -0.03675931 -0.03211331   -0.08100264 -0.04893010
    2    2
  0.24987094 -0.00000000    0.00450596 -0.00748599   -0.00121757  0.00000000
  0.00450596  0.00748599    0.30404324  0.00000000   -0.00450596 -0.00748599
 -0.00121757  0.00000000   -0.00450596  0.00748599    0.24987094 -0.00000000

     Dynamical  Matrix in cartesian axes

     q = (   -0.750000000   0.250000000  -0.750000000 ) 

    1    1
  0.24987094  0.00000000   -0.00450596 -0.00748599    0.00121757  0.00000000
 -0.00450596  0.00748599    0.30404324 -0.00000000   -0.00450596  0.00748599
  0.00121757  0.00000000   -0.00450596 -0.00748599    0.24987094  0.00000000
    1    2
 -0.04893010 -0.08100264   -0.03211331 -0.03675931   -0.03836087  0.12079138
 -0.03211331 -0.03675931   -0.04755089 -0.10010114   -0.03211331 -0.03675931
 -0.03836087  0.12079138   -0.03211331 -0.03675931   -0.04893010 -0.08100264
    2    1
 -0.04893010  0.08100264   -0.03211331  0.03675931   -0.03836087 -0.12079138
 -0.03211331  0.03675931   -0.04755089  0.10010114   -0.03211331  0.03675931
 -0.03836087 -0.12079138   -0.03211331  0.03675931   -0.04893010  0.08100264
    2    2
  0.24987094 -0.00000000   -0.00450596  0.00748599    0.00121757 -0.00000000
 -0.00450596 -0.00748599    0.30404324  0.00000000   -0.00450596 -0.00748599
  0.00121757 -0.00000000   -0.00450596  0.00748599    0.24987094 -0.00000000

     Dynamical  Matrix in cartesian axes

     q = (   -0.250000000   0.750000000  -0.750000000 ) 

    1    1
  0.30404324 -0.00000000   -0.00450596  0.00748599    0.00450596 -0.00748599
 -0.00450596 -0.00748599    0.24987094  0.00000000   -0.00121757 -0.00000000
  0.00450596  0.00748599   -0.00121757 -0.00000000    0.24987094  0.00000000
    1    2
 -0.10010114  0.04755089   -0.03675931  0.03211331    0.03675931 -0.03211331
 -0.03675931  0.03211331   -0.08100264  0.04893010   -0.12079138 -0.03836087
  0.03675931 -0.03211331   -0.12079138 -0.03836087   -0.08100264  0.04893010
    2    1
 -0.10010114 -0.04755089   -0.03675931 -0.03211331    0.03675931  0.03211331
 -0.03675931 -0.03211331   -0.08100264 -0.04893010   -0.12079138  0.03836087
  0.03675931  0.03211331   -0.12079138  0.03836087   -0.08100264 -0.04893010
    2    2
  0.30404324  0.00000000   -0.00450596 -0.00748599    0.00450596  0.00748599
 -0.00450596  0.00748599    0.24987094 -0.00000000   -0.00121757  0.00000000
  0.00450596 -0.00748599   -0.00121757  0.00000000    0.24987094 -0.00000000

     Dynamical  Matrix in cartesian axes

     q = (   -0.750000000   0.750000000  -0.250000000 ) 

    1    1
  0.24987094  0.00000000   -0.00121757 -0.00000000    0.00450596  0.00748599
 -0.00121757 -0.00000000    0.24987094  0.00000000   -0.00450596 -0.00748599
  0.00450596 -0.00748599   -0.00450596  0.00748599    0.30404324 -0.00000000
    1    2
 -0.08100264  0.04893010   -0.12079138 -0.03836087    0.03675931 -0.03211331
 -0.12079138 -0.03836087   -0.08100264  0.04893010   -0.03675931  0.03211331
  0.03675931 -0.03211331   -0.03675931  0.03211331   -0.10010114  0.04755089
    2    1
 -0.08100264 -0.04893010   -0.12079138  0.03836087    0.03675931  0.03211331
 -0.12079138  0.03836087   -0.08100264 -0.04893010   -0.03675931 -0.03211331
  0.03675931  0.03211331   -0.03675931 -0.03211331   -0.10010114 -0.04755089
    2    2
  0.24987094 -0.00000000   -0.00121757  0.00000000    0.00450596 -0.00748599
 -0.00121757  0.00000000    0.24987094 -0.00000000   -0.00450596  0.00748599
  0.00450596  0.00748599   -0.00450596 -0.00748599    0.30404324  0.00000000

     Dynamical  Matrix in cartesian axes

     q = (    0.750000000   0.250000000   0.750000000 ) 

    1    1
  0.24987094  0.00000000    0.00450596  0.00748599    0.00121757  0.00000000
  0.00450596 -0.00748599    0.30404324 -0.00000000    0.00450596 -0.00748599
  0.00121757  0.00000000    0.00450596  0.00748599    0.24987094  0.00000000
    1    2
  0.08100264 -0.04893010   -0.03675931  0.03211331   -0.12079138 -0.03836087
 -0.03675931  0.03211331    0.10010114 -0.04755089   -0.03675931  0.03211331
 -0.12079138 -0.03836087   -0.03675931  0.03211331    0.08100264 -0.04893010
    2    1
  0.08100264  0.04893010   -0.03675931 -0.03211331   -0.12079138  0.03836087
 -0.03675931 -0.03211331    0.10010114  0.04755089   -0.03675931 -0.03211331
 -0.12079138  0.03836087   -0.03675931 -0.03211331    0.08100264  0.04893010
    2    2
  0.24987094 -0.00000000    0.00450596 -0.00748599    0.00121757 -0.00000000
  0.00450596  0.00748599    0.30404324  0.00000000    0.00450596  0.00748599
  0.00121757 -0.00000000    0.00450596 -0.00748599    0.24987094 -0.00000000

     Dynamical  Matrix in cartesian axes

     q = (   -0.750000000   0.250000000   0.750000000 ) 

    1    1
  0.24987094 -0.00000000   -0.00450596  0.00748599   -0.00121757  0.00000000
 -0.00450596 -0.00748599    0.30404324  0.00000000    0.00450596  0.00748599
 -0.00121757  0.00000000    0.00450596 -0.00748599    0.24987094 -0.00000000
    1    2
 -0.08100264 -0.04893010   -0.03675931 -0.03211331   -0.12079138  0.03836087
 -0.03675931 -0.03211331   -0.10010114 -0.04755089    0.03675931  0.03211331
 -0.12079138  0.03836087    0.03675931  0.03211331   -0.08100264 -0.04893010
    2    1
 -0.08100264  0.04893010   -0.03675931  0.03211331   -0.12079138 -0.03836087
 -0.03675931  0.03211331   -0.10010114  0.04755089    0.03675931 -0.03211331
 -0.12079138 -0.03836087    0.03675931 -0.03211331   -0.08100264  0.04893010
    2    2
  0.24987094  0.00000000   -0.00450596 -0.00748599   -0.00121757 -0.00000000
 -0.00450596  0.00748599    0.30404324 -0.00000000    0.00450596 -0.00748599
 -0.00121757 -0.00000000    0.00450596  0.00748599    0.24987094  0.00000000

     Dynamical  Matrix in cartesian axes

     q = (    0.750000000   0.250000000  -0.750000000 ) 

    1    1
  0.24987094 -0.00000000    0.00450596 -0.00748599   -0.00121757  0.00000000
  0.00450596  0.00748599    0.30404324  0.00000000   -0.00450596 -0.00748599
 -0.00121757  0.00000000   -0.00450596  0.00748599    0.24987094 -0.00000000
    1    2
 -0.08100264 -0.04893010    0.03675931  0.03211331   -0.12079138  0.03836087
  0.03675931  0.03211331   -0.10010114 -0.04755089   -0.03675931 -0.03211331
 -0.12079138  0.03836087   -0.03675931 -0.03211331   -0.08100264 -0.04893010
    2    1
 -0.08100264  0.04893010    0.03675931 -0.03211331   -0.12079138 -0.03836087
  0.03675931 -0.03211331   -0.10010114  0.04755089   -0.03675931  0.03211331
 -0.12079138 -0.03836087   -0.03675931  0.03211331   -0.08100264  0.04893010
    2    2
  0.24987094  0.00000000    0.00450596  0.00748599   -0.00121757 -0.00000000
  0.00450596 -0.00748599    0.30404324 -0.00000000   -0.00450596  0.00748599
 -0.00121757 -0.00000000   -0.00450596 -0.00748599    0.24987094  0.00000000

     Dynamical  Matrix in cartesian axes

     q = (   -0.750000000   0.750000000   0.250000000 ) 

    1    1
  0.24987094 -0.00000000   -0.00121757  0.00000000   -0.00450596  0.00748599
 -0.00121757  0.00000000    0.24987094 -0.00000000    0.00450596 -0.00748599
 -0.00450596 -0.00748599    0.00450596  0.00748599    0.30404324  0.00000000
    1    2
 -0.08100264 -0.04893010   -0.12079138  0.03836087   -0.03675931 -0.03211331
 -0.12079138  0.03836087   -0.08100264 -0.04893010    0.03675931  0.03211331
 -0.03675931 -0.03211331    0.03675931  0.03211331   -0.10010114 -0.04755089
    2    1
 -0.08100264  0.04893010   -0.12079138 -0.03836087   -0.03675931  0.03211331
 -0.12079138 -0.03836087   -0.08100264  0.04893010    0.03675931 -0.03211331
 -0.03675931  0.03211331    0.03675931 -0.03211331   -0.10010114  0.04755089
    2    2
  0.24987094  0.00000000   -0.00121757 -0.00000000   -0.00450596 -0.00748599
 -0.00121757 -0.00000000    0.24987094  0.00000000    0.00450596  0.00748599
 -0.00450596  0.00748599    0.00450596 -0.00748599    0.30404324 -0.00000000

     Dynamical  Matrix in cartesian axes

     q = (   -0.250000000   0.750000000   0.750000000 ) 

    1    1
  0.30404324  0.00000000   -0.00450596 -0.00748599   -0.00450596 -0.00748599
 -0.00450596  0.00748599    0.24987094 -0.00000000    0.00121757 -0.00000000
 -0.00450596  0.00748599    0.00121757 -0.00000000    0.24987094 -0.00000000
    1    2
 -0.04755089  0.10010114   -0.03211331  0.03675931   -0.03211331  0.03675931
 -0.03211331  0.03675931   -0.04893010  0.08100264   -0.03836087 -0.12079138
 -0.03211331  0.03675931   -0.03836087 -0.12079138   -0.04893010  0.08100264
    2    1
 -0.04755089 -0.10010114   -0.03211331 -0.03675931   -0.03211331 -0.03675931
 -0.03211331 -0.03675931   -0.04893010 -0.08100264   -0.03836087  0.12079138
 -0.03211331 -0.03675931   -0.03836087  0.12079138   -0.04893010 -0.08100264
    2    2
  0.30404324 -0.00000000   -0.00450596  0.00748599   -0.00450596  0.00748599
 -0.00450596 -0.00748599    0.24987094  0.00000000    0.00121757  0.00000000
 -0.00450596 -0.00748599    0.00121757  0.00000000    0.24987094  0.00000000

     Dynamical  Matrix in cartesian axes

     q = (    0.250000000   0.750000000  -0.750000000 ) 

    1    1
  0.30404324  0.00000000    0.00450596  0.00748599   -0.00450596 -0.00748599
  0.00450596 -0.00748599    0.24987094 -0.00000000   -0.00121757  0.00000000
 -0.00450596  0.00748599   -0.00121757  0.00000000    0.24987094 -0.00000000
    1    2
 -0.10010114 -0.04755089    0.03675931  0.03211331   -0.03675931 -0.03211331
  0.03675931  0.03211331   -0.08100264 -0.04893010   -0.12079138  0.03836087
 -0.03675931 -0.03211331   -0.12079138  0.03836087   -0.08100264 -0.04893010
    2    1
 -0.10010114  0.04755089    0.03675931 -0.03211331   -0.03675931  0.03211331
  0.03675931 -0.03211331   -0.08100264  0.04893010   -0.12079138 -0.03836087
 -0.03675931  0.03211331   -0.12079138 -0.03836087   -0.08100264  0.04893010
    2    2
  0.30404324 -0.00000000    0.00450596 -0.00748599   -0.00450596  0.00748599
  0.00450596  0.00748599    0.24987094  0.00000000   -0.00121757 -0.00000000
 -0.00450596 -0.00748599   -0.00121757 -0.00000000    0.24987094  0.00000000

     Dynamical  Matrix in cartesian axes

     q = (   -0.250000000  -0.750000000  -0.750000000 ) 

    1    1
  0.30404324  0.00000000    0.00450596  0.00748599    0.00450596  0.00748599
  0.00450596 -0.00748599    0.24987094 -0.00000000    0.00121757 -0.00000000
  0.00450596 -0.00748599    0.00121757 -0.00000000    0.24987094 -0.00000000
    1    2
  0.10010114  0.04755089   -0.03675931 -0.03211331   -0.03675931 -0.03211331
 -0.03675931 -0.03211331    0.08100264  0.04893010   -0.12079138  0.03836087
 -0.03675931 -0.03211331   -0.12079138  0.03836087    0.08100264  0.04893010
    2    1
  0.10010114 -0.04755089   -0.03675931  0.03211331   -0.03675931  0.03211331
 -0.03675931  0.03211331    0.08100264 -0.04893010   -0.12079138 -0.03836087
 -0.03675931  0.03211331   -0.12079138 -0.03836087    0.08100264 -0.04893010
    2    2
  0.30404324 -0.00000000    0.00450596 -0.00748599    0.00450596 -0.00748599
  0.00450596  0.00748599    0.24987094  0.00000000    0.00121757  0.00000000
  0.00450596  0.00748599    0.00121757  0.00000000    0.24987094  0.00000000

     Dynamical  Matrix in cartesian axes

     q = (    0.750000000   0.750000000  -0.250000000 ) 

    1    1
  0.24987094 -0.00000000    0.00121757 -0.00000000   -0.00450596  0.00748599
  0.00121757 -0.00000000    0.24987094 -0.00000000   -0.00450596  0.00748599
 -0.00450596 -0.00748599   -0.00450596 -0.00748599    0.30404324  0.00000000
    1    2
 -0.04893010  0.08100264   -0.03836087 -0.12079138   -0.03211331  0.03675931
 -0.03836087 -0.12079138   -0.04893010  0.08100264   -0.03211331  0.03675931
 -0.03211331  0.03675931   -0.03211331  0.03675931   -0.04755089  0.10010114
    2    1
 -0.04893010 -0.08100264   -0.03836087  0.12079138   -0.03211331 -0.03675931
 -0.03836087  0.12079138   -0.04893010 -0.08100264   -0.03211331 -0.03675931
 -0.03211331 -0.03675931   -0.03211331 -0.03675931   -0.04755089 -0.10010114
    2    2
  0.24987094  0.00000000    0.00121757  0.00000000   -0.00450596 -0.00748599
  0.00121757  0.00000000    0.24987094  0.00000000   -0.00450596 -0.00748599
 -0.00450596  0.00748599   -0.00450596  0.00748599    0.30404324 -0.00000000

     Dynamical  Matrix in cartesian axes

     q = (    0.750000000  -0.750000000   0.250000000 ) 

    1    1
  0.24987094 -0.00000000   -0.00121757  0.00000000    0.00450596 -0.00748599
 -0.00121757  0.00000000    0.24987094 -0.00000000   -0.00450596  0.00748599
  0.00450596  0.00748599   -0.00450596 -0.00748599    0.30404324  0.00000000
    1    2
 -0.08100264 -0.04893010   -0.12079138  0.03836087    0.03675931  0.03211331
 -0.12079138  0.03836087   -0.08100264 -0.04893010   -0.03675931 -0.03211331
  0.03675931  0.03211331   -0.03675931 -0.03211331   -0.10010114 -0.04755089
    2    1
 -0.08100264  0.04893010   -0.12079138 -0.03836087    0.03675931 -0.03211331
 -0.12079138 -0.03836087   -0.08100264  0.04893010   -0.03675931  0.03211331
  0.03675931 -0.03211331   -0.03675931  0.03211331   -0.10010114  0.04755089
    2    2
  0.24987094  0.00000000   -0.00121757 -0.00000000    0.00450596  0.00748599
 -0.00121757 -0.00000000    0.24987094  0.00000000   -0.00450596 -0.00748599
  0.00450596 -0.00748599   -0.00450596  0.00748599    0.30404324 -0.00000000

     Dynamical  Matrix in cartesian axes

     q = (   -0.750000000  -0.750000000  -0.250000000 ) 

    1    1
  0.24987094 -0.00000000    0.00121757 -0.00000000    0.00450596 -0.00748599
  0.00121757 -0.00000000    0.24987094 -0.00000000    0.00450596 -0.00748599
  0.00450596  0.00748599    0.00450596  0.00748599    0.30404324  0.00000000
    1    2
  0.08100264  0.04893010   -0.12079138  0.03836087   -0.03675931 -0.03211331
 -0.12079138  0.03836087    0.08100264  0.04893010   -0.03675931 -0.03211331
 -0.03675931 -0.03211331   -0.03675931 -0.03211331    0.10010114  0.04755089
    2    1
  0.08100264 -0.04893010   -0.12079138 -0.03836087   -0.03675931  0.03211331
 -0.12079138 -0.03836087    0.08100264 -0.04893010   -0.03675931  0.03211331
 -0.03675931  0.03211331   -0.03675931  0.03211331    0.10010114 -0.04755089
    2    2
  0.24987094  0.00000000    0.00121757  0.00000000    0.00450596  0.00748599
  0.00121757  0.00000000    0.24987094  0.00000000    0.00450596  0.00748599
  0.00450596 -0.00748599    0.00450596 -0.00748599    0.30404324 -0.00000000

     Dynamical  Matrix in cartesian axes

     q = (    0.250000000  -0.750000000   0.750000000 ) 

    1    1
  0.30404324  0.00000000   -0.00450596 -0.00748599    0.00450596  0.00748599
 -0.00450596  0.00748599    0.24987094 -0.00000000   -0.00121757  0.00000000
  0.00450596 -0.00748599   -0.00121757  0.00000000    0.24987094 -0.00000000
    1    2
 -0.10010114 -0.04755089   -0.03675931 -0.03211331    0.03675931  0.03211331
 -0.03675931 -0.03211331   -0.08100264 -0.04893010   -0.12079138  0.03836087
  0.03675931  0.03211331   -0.12079138  0.03836087   -0.08100264 -0.04893010
    2    1
 -0.10010114  0.04755089   -0.03675931  0.03211331    0.03675931 -0.03211331
 -0.03675931  0.03211331   -0.08100264  0.04893010   -0.12079138 -0.03836087
  0.03675931 -0.03211331   -0.12079138 -0.03836087   -0.08100264  0.04893010
    2    2
  0.30404324 -0.00000000   -0.00450596  0.00748599    0.00450596 -0.00748599
 -0.00450596 -0.00748599    0.24987094  0.00000000   -0.00121757 -0.00000000
  0.00450596  0.00748599   -0.00121757 -0.00000000    0.24987094  0.00000000

     Dynamical  Matrix in cartesian axes

     q = (   -0.750000000  -0.750000000   0.250000000 ) 

    1    1
  0.24987094  0.00000000    0.00121757  0.00000000   -0.00450596 -0.00748599
  0.00121757  0.00000000    0.24987094  0.00000000   -0.00450596 -0.00748599
 -0.00450596  0.00748599   -0.00450596  0.00748599    0.30404324 -0.00000000
    1    2
 -0.04893010 -0.08100264   -0.03836087  0.12079138   -0.03211331 -0.03675931
 -0.03836087  0.12079138   -0.04893010 -0.08100264   -0.03211331 -0.03675931
 -0.03211331 -0.03675931   -0.03211331 -0.03675931   -0.04755089 -0.10010114
    2    1
 -0.04893010  0.08100264   -0.03836087 -0.12079138   -0.03211331  0.03675931
 -0.03836087 -0.12079138   -0.04893010  0.08100264   -0.03211331  0.03675931
 -0.03211331  0.03675931   -0.03211331  0.03675931   -0.04755089  0.10010114
    2    2
  0.24987094 -0.00000000    0.00121757 -0.00000000   -0.00450596  0.00748599
  0.00121757 -0.00000000    0.24987094 -0.00000000   -0.00450596  0.00748599
 -0.00450596 -0.00748599   -0.00450596 -0.00748599    0.30404324  0.00000000

     Dynamical  Matrix in cartesian axes

     q = (    0.250000000   0.750000000   0.750000000 ) 

    1    1
  0.30404324 -0.00000000    0.00450596 -0.00748599    0.00450596 -0.00748599
  0.00450596  0.00748599    0.24987094  0.00000000    0.00121757  0.00000000
  0.00450596  0.00748599    0.00121757  0.00000000    0.24987094  0.00000000
    1    2
  0.10010114 -0.04755089   -0.03675931  0.03211331   -0.03675931  0.03211331
 -0.03675931  0.03211331    0.08100264 -0.04893010   -0.12079138 -0.03836087
 -0.03675931  0.03211331   -0.12079138 -0.03836087    0.08100264 -0.04893010
    2    1
  0.10010114  0.04755089   -0.03675931 -0.03211331   -0.03675931 -0.03211331
 -0.03675931 -0.03211331    0.08100264  0.04893010   -0.12079138  0.03836087
 -0.03675931 -0.03211331   -0.12079138  0.03836087    0.08100264  0.04893010
    2    2
  0.30404324  0.00000000    0.00450596  0.00748599    0.00450596  0.00748599
  0.00450596 -0.00748599    0.24987094 -0.00000000    0.00121757 -0.00000000
  0.00450596 -0.00748599    0.00121757 -0.00000000    0.24987094 -0.00000000

     Dynamical  Matrix in cartesian axes

     q = (   -0.250000000  -0.750000000   0.750000000 ) 

    1    1
  0.30404324 -0.00000000    0.00450596 -0.00748599   -0.00450596  0.00748599
  0.00450596  0.00748599    0.24987094  0.00000000   -0.00121757 -0.00000000
 -0.00450596 -0.00748599   -0.00121757 -0.00000000    0.24987094  0.00000000
    1    2
 -0.10010114  0.04755089    0.03675931 -0.03211331   -0.03675931  0.03211331
  0.03675931 -0.03211331   -0.08100264  0.04893010   -0.12079138 -0.03836087
 -0.03675931  0.03211331   -0.12079138 -0.03836087   -0.08100264  0.04893010
    2    1
 -0.10010114 -0.04755089    0.03675931  0.03211331   -0.03675931 -0.03211331
  0.03675931  0.03211331   -0.08100264 -0.04893010   -0.12079138  0.03836087
 -0.03675931 -0.03211331   -0.12079138  0.03836087   -0.08100264 -0.04893010
    2    2
  0.30404324  0.00000000    0.00450596  0.00748599   -0.00450596 -0.00748599
  0.00450596 -0.00748599    0.24987094 -0.00000000   -0.00121757  0.00000000
 -0.00450596  0.00748599   -0.00121757  0.00000000    0.24987094 -0.00000000

     Dynamical  Matrix in cartesian axes

     q = (    0.750000000   0.750000000   0.250000000 ) 

    1    1
  0.24987094  0.00000000    0.00121757  0.00000000    0.00450596  0.00748599
  0.00121757  0.00000000    0.24987094  0.00000000    0.00450596  0.00748599
  0.00450596 -0.00748599    0.00450596 -0.00748599    0.30404324 -0.00000000
    1    2
  0.08100264 -0.04893010   -0.12079138 -0.03836087   -0.03675931  0.03211331
 -0.12079138 -0.03836087    0.08100264 -0.04893010   -0.03675931  0.03211331
 -0.03675931  0.03211331   -0.03675931  0.03211331    0.10010114 -0.04755089
    2    1
  0.08100264  0.04893010   -0.12079138  0.03836087   -0.03675931 -0.03211331
 -0.12079138  0.03836087    0.08100264  0.04893010   -0.03675931 -0.03211331
 -0.03675931 -0.03211331   -0.03675931 -0.03211331    0.10010114  0.04755089
    2    2
  0.24987094 -0.00000000    0.00121757 -0.00000000    0.00450596 -0.00748599
  0.00121757 -0.00000000    0.24987094 -0.00000000    0.00450596 -0.00748599
  0.00450596  0.00748599    0.00450596  0.00748599    0.30404324  0.00000000

     Dynamical  Matrix in cartesian axes

     q = (    0.250000000  -0.750000000  -0.750000000 ) 

    1    1
  0.30404324 -0.00000000   -0.00450596  0.00748599   -0.00450596  0.00748599
 -0.00450596 -0.00748599    0.24987094  0.00000000    0.00121757  0.00000000
 -0.00450596 -0.00748599    0.00121757  0.00000000    0.24987094  0.00000000
    1    2
 -0.04755089 -0.10010114   -0.03211331 -0.03675931   -0.03211331 -0.03675931
 -0.03211331 -0.03675931   -0.04893010 -0.08100264   -0.03836087  0.12079138
 -0.03211331 -0.03675931   -0.03836087  0.12079138   -0.04893010 -0.08100264
    2    1
 -0.04755089  0.10010114   -0.03211331  0.03675931   -0.03211331  0.03675931
 -0.03211331  0.03675931   -0.04893010  0.08100264   -0.03836087 -0.12079138
 -0.03211331  0.03675931   -0.03836087 -0.12079138   -0.04893010  0.08100264
    2    2
  0.30404324  0.00000000   -0.00450596 -0.00748599   -0.00450596 -0.00748599
 -0.00450596  0.00748599    0.24987094 -0.00000000    0.00121757 -0.00000000
 -0.00450596  0.00748599    0.00121757 -0.00000000    0.24987094 -0.00000000

     Dynamical  Matrix in cartesian axes

     q = (    0.750000000  -0.750000000  -0.250000000 ) 

    1    1
  0.24987094  0.00000000   -0.00121757 -0.00000000   -0.00450596 -0.00748599
 -0.00121757 -0.00000000    0.24987094  0.00000000    0.00450596  0.00748599
 -0.00450596  0.00748599    0.00450596 -0.00748599    0.30404324 -0.00000000
    1    2
 -0.08100264  0.04893010   -0.12079138 -0.03836087   -0.03675931  0.03211331
 -0.12079138 -0.03836087   -0.08100264  0.04893010    0.03675931 -0.03211331
 -0.03675931  0.03211331    0.03675931 -0.03211331   -0.10010114  0.04755089
    2    1
 -0.08100264 -0.04893010   -0.12079138  0.03836087   -0.03675931 -0.03211331
 -0.12079138  0.03836087   -0.08100264 -0.04893010    0.03675931  0.03211331
 -0.03675931 -0.03211331    0.03675931  0.03211331   -0.10010114 -0.04755089
    2    2
  0.24987094 -0.00000000   -0.00121757  0.00000000   -0.00450596  0.00748599
 -0.00121757  0.00000000    0.24987094 -0.00000000    0.00450596 -0.00748599
 -0.00450596 -0.00748599    0.00450596  0.00748599    0.30404324  0.00000000

     Diagonalizing the dynamical matrix

     q = (    0.750000000  -0.250000000   0.750000000 ) 

 **************************************************************************
     freq (    1) =       4.437901 [THz] =     148.032435 [cm-1]
 (  0.026152 -0.499316 -0.000000  0.000000 -0.026152  0.499316 ) 
 (  0.500000  0.000000 -0.000000 -0.000000 -0.500000  0.000000 ) 
     freq (    2) =       6.823011 [THz] =     227.591135 [cm-1]
 ( -0.392913 -0.062769 -0.367574  0.219654 -0.392913 -0.062769 ) 
 ( -0.397895 -0.000000 -0.328321 -0.274889 -0.397895  0.000000 ) 
     freq (    3) =       9.623378 [THz] =     321.001339 [cm-1]
 (  0.032465  0.337205 -0.476635 -0.208078  0.032465  0.337205 ) 
 (  0.338764 -0.000000 -0.252798 -0.454500  0.338764  0.000000 ) 
     freq (    4) =      11.732703 [THz] =     391.360843 [cm-1]
 ( -0.251716 -0.305907  0.384220  0.196201 -0.251716 -0.305907 ) 
 (  0.396157 -0.000000 -0.395635 -0.172024  0.396157  0.000000 ) 
     freq (    5) =      13.804490 [THz] =     460.468225 [cm-1]
 ( -0.026152  0.499316  0.000000  0.000000  0.026152 -0.499316 ) 
 (  0.500000 -0.000000  0.000000 -0.000000 -0.500000  0.000000 ) 
     freq (    6) =      13.877857 [THz] =     462.915478 [cm-1]
 ( -0.255610 -0.068125 -0.517895  0.303034 -0.255610 -0.068125 ) 
 (  0.264533 -0.000000  0.422386  0.426186  0.264533  0.000000 ) 
 **************************************************************************
