Dynamical matrix file
                                                                           
  1    2  2 10.4090000  0.0000000  0.0000000  0.0000000  0.0000000  0.0000000
           1  'Si  '    25598.822984527003     
    1    1      0.0000000000      0.0000000000      0.0000000000
    2    1      0.2500000000      0.2500000000      0.2500000000

     Dynamical  Matrix in cartesian axes

     q = (   -0.250000000   0.250000000  -0.250000000 ) 

    1    1
  0.28713762  0.00000000   -0.01051904  0.00000000    0.01051904  0.00000000
 -0.01051904  0.00000000    0.28713762  0.00000000   -0.01051904  0.00000000
  0.01051904  0.00000000   -0.01051904  0.00000000    0.28713762  0.00000000
    1    2
 -0.21424282 -0.06503830   -0.03303316  0.03367224    0.03303316 -0.03367224
 -0.03303316  0.03367224   -0.21424282 -0.06503830   -0.03303316  0.03367224
  0.03303316 -0.03367224   -0.03303316  0.03367224   -0.21424282 -0.06503830
    2    1
 -0.21424282  0.06503830   -0.03303316 -0.03367224    0.03303316  0.03367224
 -0.03303316 -0.03367224   -0.21424282  0.06503830   -0.03303316 -0.03367224
  0.03303316  0.03367224   -0.03303316 -0.03367224   -0.21424282  0.06503830
    2    2
  0.28713762  0.00000000   -0.01051904  0.00000000    0.01051904  0.00000000
 -0.01051904  0.00000000    0.28713762  0.00000000   -0.01051904  0.00000000
  0.01051904  0.00000000   -0.01051904  0.00000000    0.28713762  0.00000000

     Dynamical  Matrix in cartesian axes

     q = (    0.250000000  -0.250000000  -0.250000000 ) 

    1    1
  0.28713762  0.00000000   -0.01051904  0.00000000   -0.01051904  0.00000000
 -0.01051904  0.00000000    0.28713762  0.00000000    0.01051904  0.00000000
 -0.01051904  0.00000000    0.01051904  0.00000000    0.28713762  0.00000000
    1    2
 -0.21424282 -0.06503830   -0.03303316  0.03367224   -0.03303316  0.03367224
 -0.03303316  0.03367224   -0.21424282 -0.06503830    0.03303316 -0.03367224
 -0.03303316  0.03367224    0.03303316 -0.03367224   -0.21424282 -0.06503830
    2    1
 -0.21424282  0.06503830   -0.03303316 -0.03367224   -0.03303316 -0.03367224
 -0.03303316 -0.03367224   -0.21424282  0.06503830    0.03303316  0.03367224
 -0.03303316 -0.03367224    0.03303316  0.03367224   -0.21424282  0.06503830
    2    2
  0.28713762  0.00000000   -0.01051904  0.00000000   -0.01051904  0.00000000
 -0.01051904  0.00000000    0.28713762  0.00000000    0.01051904  0.00000000
 -0.01051904  0.00000000    0.01051904  0.00000000    0.28713762  0.00000000

     Dynamical  Matrix in cartesian axes

     q = (    0.250000000  -0.250000000   0.250000000 ) 

    1    1
  0.28713762  0.00000000   -0.01051904  0.00000000    0.01051904  0.00000000
 -0.01051904  0.00000000    0.28713762  0.00000000   -0.01051904  0.00000000
  0.01051904  0.00000000   -0.01051904  0.00000000    0.28713762  0.00000000
    1    2
 -0.21424282  0.06503830   -0.03303316 -0.03367224    0.03303316  0.03367224
 -0.03303316 -0.03367224   -0.21424282  0.06503830   -0.03303316 -0.03367224
  0.03303316  0.03367224   -0.03303316 -0.03367224   -0.21424282  0.06503830
    2    1
 -0.21424282 -0.06503830   -0.03303316  0.03367224    0.03303316 -0.03367224
 -0.03303316  0.03367224   -0.21424282 -0.06503830   -0.03303316  0.03367224
  0.03303316 -0.03367224   -0.03303316  0.03367224   -0.21424282 -0.06503830
    2    2
  0.28713762  0.00000000   -0.01051904  0.00000000    0.01051904  0.00000000
 -0.01051904  0.00000000    0.28713762  0.00000000   -0.01051904  0.00000000
  0.01051904  0.00000000   -0.01051904  0.00000000    0.28713762  0.00000000

     Dynamical  Matrix in cartesian axes

     q = (    0.250000000   0.250000000   0.250000000 ) 

    1    1
  0.28713762  0.00000000    0.01051904  0.00000000    0.01051904  0.00000000
  0.01051904  0.00000000    0.28713762  0.00000000    0.01051904  0.00000000
  0.01051904  0.00000000    0.01051904  0.00000000    0.28713762  0.00000000
    1    2
 -0.06503830  0.21424282   -0.03367224 -0.03303316   -0.03367224 -0.03303316
 -0.03367224 -0.03303316   -0.06503830  0.21424282   -0.03367224 -0.03303316
 -0.03367224 -0.03303316   -0.03367224 -0.03303316   -0.06503830  0.21424282
    2    1
 -0.06503830 -0.21424282   -0.03367224  0.03303316   -0.03367224  0.03303316
 -0.03367224  0.03303316   -0.06503830 -0.21424282   -0.03367224  0.03303316
 -0.03367224  0.03303316   -0.03367224  0.03303316   -0.06503830 -0.21424282
    2    2
  0.28713762  0.00000000    0.01051904  0.00000000    0.01051904  0.00000000
  0.01051904  0.00000000    0.28713762  0.00000000    0.01051904  0.00000000
  0.01051904  0.00000000    0.01051904  0.00000000    0.28713762  0.00000000

     Dynamical  Matrix in cartesian axes

     q = (   -0.250000000  -0.250000000  -0.250000000 ) 

    1    1
  0.28713762  0.00000000    0.01051904  0.00000000    0.01051904  0.00000000
  0.01051904  0.00000000    0.28713762  0.00000000    0.01051904  0.00000000
  0.01051904  0.00000000    0.01051904  0.00000000    0.28713762  0.00000000
    1    2
 -0.06503830 -0.21424282   -0.03367224  0.03303316   -0.03367224  0.03303316
 -0.03367224  0.03303316   -0.06503830 -0.21424282   -0.03367224  0.03303316
 -0.03367224  0.03303316   -0.03367224  0.03303316   -0.06503830 -0.21424282
    2    1
 -0.06503830  0.21424282   -0.03367224 -0.03303316   -0.03367224 -0.03303316
 -0.03367224 -0.03303316   -0.06503830  0.21424282   -0.03367224 -0.03303316
 -0.03367224 -0.03303316   -0.03367224 -0.03303316   -0.06503830  0.21424282
    2    2
  0.28713762  0.00000000    0.01051904  0.00000000    0.01051904  0.00000000
  0.01051904  0.00000000    0.28713762  0.00000000    0.01051904  0.00000000
  0.01051904  0.00000000    0.01051904  0.00000000    0.28713762  0.00000000

     Dynamical  Matrix in cartesian axes

     q = (   -0.250000000  -0.250000000   0.250000000 ) 

    1    1
  0.28713762  0.00000000    0.01051904  0.00000000   -0.01051904  0.00000000
  0.01051904  0.00000000    0.28713762  0.00000000   -0.01051904  0.00000000
 -0.01051904  0.00000000   -0.01051904  0.00000000    0.28713762  0.00000000
    1    2
 -0.21424282 -0.06503830    0.03303316 -0.03367224   -0.03303316  0.03367224
  0.03303316 -0.03367224   -0.21424282 -0.06503830   -0.03303316  0.03367224
 -0.03303316  0.03367224   -0.03303316  0.03367224   -0.21424282 -0.06503830
    2    1
 -0.21424282  0.06503830    0.03303316  0.03367224   -0.03303316 -0.03367224
  0.03303316  0.03367224   -0.21424282  0.06503830   -0.03303316 -0.03367224
 -0.03303316 -0.03367224   -0.03303316 -0.03367224   -0.21424282  0.06503830
    2    2
  0.28713762  0.00000000    0.01051904  0.00000000   -0.01051904  0.00000000
  0.01051904  0.00000000    0.28713762  0.00000000   -0.01051904  0.00000000
 -0.01051904  0.00000000   -0.01051904  0.00000000    0.28713762  0.00000000

     Dynamical  Matrix in cartesian axes

     q = (   -0.250000000   0.250000000   0.250000000 ) 

    1    1
  0.28713762  0.00000000   -0.01051904  0.00000000   -0.01051904  0.00000000
 -0.01051904  0.00000000    0.28713762  0.00000000    0.01051904  0.00000000
 -0.01051904  0.00000000    0.01051904  0.00000000    0.28713762  0.00000000
    1    2
 -0.21424282  0.06503830   -0.03303316 -0.03367224   -0.03303316 -0.03367224
 -0.03303316 -0.03367224   -0.21424282  0.06503830    0.03303316  0.03367224
 -0.03303316 -0.03367224    0.03303316  0.03367224   -0.21424282  0.06503830
    2    1
 -0.21424282 -0.06503830   -0.03303316  0.03367224   -0.03303316  0.03367224
 -0.03303316  0.03367224   -0.21424282 -0.06503830    0.03303316 -0.03367224
 -0.03303316  0.03367224    0.03303316 -0.03367224   -0.21424282 -0.06503830
    2    2
  0.28713762  0.00000000   -0.01051904  0.00000000   -0.01051904  0.00000000
 -0.01051904  0.00000000    0.28713762  0.00000000    0.01051904  0.00000000
 -0.01051904  0.00000000    0.01051904  0.00000000    0.28713762  0.00000000

     Dynamical  Matrix in cartesian axes

     q = (    0.250000000   0.250000000  -0.250000000 ) 

    1    1
  0.28713762  0.00000000    0.01051904  0.00000000   -0.01051904  0.00000000
  0.01051904  0.00000000    0.28713762  0.00000000   -0.01051904  0.00000000
 -0.01051904  0.00000000   -0.01051904  0.00000000    0.28713762  0.00000000
    1    2
 -0.21424282  0.06503830    0.03303316  0.03367224   -0.03303316 -0.03367224
  0.03303316  0.03367224   -0.21424282  0.06503830   -0.03303316 -0.03367224
 -0.03303316 -0.03367224   -0.03303316 -0.03367224   -0.21424282  0.06503830
    2    1
 -0.21424282 -0.06503830    0.03303316 -0.03367224   -0.03303316  0.03367224
  0.03303316 -0.03367224   -0.21424282 -0.06503830   -0.03303316  0.03367224
 -0.03303316  0.03367224   -0.03303316  0.03367224   -0.21424282 -0.06503830
    2    2
  0.28713762  0.00000000    0.01051904  0.00000000   -0.01051904  0.00000000
  0.01051904  0.00000000    0.28713762  0.00000000   -0.01051904  0.00000000
 -0.01051904  0.00000000   -0.01051904  0.00000000    0.28713762  0.00000000

     Diagonalizing the dynamical matrix

     q = (   -0.250000000   0.250000000  -0.250000000 ) 

 **************************************************************************
     freq (    1) =       3.401204 [THz] =     113.451938 [cm-1]
 ( -0.512986 -0.164467 -0.421877 -0.152910  0.091109  0.011557 ) 
 ( -0.529604 -0.098606 -0.437765 -0.098606  0.091839  0.000000 ) 
     freq (    2) =       3.401204 [THz] =     113.451938 [cm-1]
 ( -0.207421 -0.010296  0.358047  0.061432  0.565468  0.071728 ) 
 ( -0.207068  0.015888  0.362931  0.015888  0.569999  0.000000 ) 
     freq (    3) =       6.803384 [THz] =     226.936463 [cm-1]
 ( -0.304444 -0.271994  0.304444  0.271994 -0.304444 -0.271994 ) 
 ( -0.408248  0.000000  0.408248 -0.000000 -0.408248  0.000000 ) 
     freq (    4) =      14.639139 [THz] =     488.309125 [cm-1]
 ( -0.304444 -0.271994  0.304444  0.271994 -0.304444 -0.271994 ) 
 (  0.408248 -0.000000 -0.408248  0.000000  0.408248  0.000000 ) 
     freq (    5) =      14.910997 [THz] =     497.377331 [cm-1]
 ( -0.500439  0.013983 -0.499163  0.014144  0.001276  0.000162 ) 
 (  0.494701 -0.076846  0.493415 -0.076846 -0.001286  0.000000 ) 
     freq (    6) =      14.910997 [THz] =     497.377331 [cm-1]
 (  0.285267  0.036358 -0.287493 -0.036295 -0.572759 -0.072652 ) 
 ( -0.287574 -0.000171  0.289775 -0.000171  0.577349  0.000000 ) 
 **************************************************************************
