Dynamical matrix file
                                                                           
  1    2  2 10.3340000  0.0000000  0.0000000  0.0000000  0.0000000  0.0000000
           1  'Si  '    25598.822984527003     
    1    1      0.0000000000      0.0000000000      0.0000000000
    2    1      0.2500000000      0.2500000000      0.2500000000

     Dynamical  Matrix in cartesian axes

     q = (   -0.250000000   0.250000000  -0.250000000 ) 

    1    1
  0.26955589  0.00000000   -0.01092881  0.00000000    0.01092881  0.00000000
 -0.01092881  0.00000000    0.26955589  0.00000000   -0.01092881  0.00000000
  0.01092881  0.00000000   -0.01092881  0.00000000    0.26955589  0.00000000
    1    2
 -0.19387536 -0.05571936   -0.03680457  0.03752766    0.03680457 -0.03752766
 -0.03680457  0.03752766   -0.19387536 -0.05571936   -0.03680457  0.03752766
  0.03680457 -0.03752766   -0.03680457  0.03752766   -0.19387536 -0.05571936
    2    1
 -0.19387536  0.05571936   -0.03680457 -0.03752766    0.03680457  0.03752766
 -0.03680457 -0.03752766   -0.19387536  0.05571936   -0.03680457 -0.03752766
  0.03680457  0.03752766   -0.03680457 -0.03752766   -0.19387536  0.05571936
    2    2
  0.26955589  0.00000000   -0.01092881  0.00000000    0.01092881  0.00000000
 -0.01092881  0.00000000    0.26955589  0.00000000   -0.01092881  0.00000000
  0.01092881  0.00000000   -0.01092881  0.00000000    0.26955589  0.00000000

     Dynamical  Matrix in cartesian axes

     q = (    0.250000000  -0.250000000  -0.250000000 ) 

    1    1
  0.26955589  0.00000000   -0.01092881  0.00000000   -0.01092881  0.00000000
 -0.01092881  0.00000000    0.26955589  0.00000000    0.01092881  0.00000000
 -0.01092881  0.00000000    0.01092881  0.00000000    0.26955589  0.00000000
    1    2
 -0.19387536 -0.05571936   -0.03680457  0.03752766   -0.03680457  0.03752766
 -0.03680457  0.03752766   -0.19387536 -0.05571936    0.03680457 -0.03752766
 -0.03680457  0.03752766    0.03680457 -0.03752766   -0.19387536 -0.05571936
    2    1
 -0.19387536  0.05571936   -0.03680457 -0.03752766   -0.03680457 -0.03752766
 -0.03680457 -0.03752766   -0.19387536  0.05571936    0.03680457  0.03752766
 -0.03680457 -0.03752766    0.03680457  0.03752766   -0.19387536  0.05571936
    2    2
  0.26955589  0.00000000   -0.01092881  0.00000000   -0.01092881  0.00000000
 -0.01092881  0.00000000    0.26955589  0.00000000    0.01092881  0.00000000
 -0.01092881  0.00000000    0.01092881  0.00000000    0.26955589  0.00000000

     Dynamical  Matrix in cartesian axes

     q = (    0.250000000  -0.250000000   0.250000000 ) 

    1    1
  0.26955589  0.00000000   -0.01092881  0.00000000    0.01092881  0.00000000
 -0.01092881  0.00000000    0.26955589  0.00000000   -0.01092881  0.00000000
  0.01092881  0.00000000   -0.01092881  0.00000000    0.26955589  0.00000000
    1    2
 -0.19387536  0.05571936   -0.03680457 -0.03752766    0.03680457  0.03752766
 -0.03680457 -0.03752766   -0.19387536  0.05571936   -0.03680457 -0.03752766
  0.03680457  0.03752766   -0.03680457 -0.03752766   -0.19387536  0.05571936
    2    1
 -0.19387536 -0.05571936   -0.03680457  0.03752766    0.03680457 -0.03752766
 -0.03680457  0.03752766   -0.19387536 -0.05571936   -0.03680457  0.03752766
  0.03680457 -0.03752766   -0.03680457  0.03752766   -0.19387536 -0.05571936
    2    2
  0.26955589  0.00000000   -0.01092881  0.00000000    0.01092881  0.00000000
 -0.01092881  0.00000000    0.26955589  0.00000000   -0.01092881  0.00000000
  0.01092881  0.00000000   -0.01092881  0.00000000    0.26955589  0.00000000

     Dynamical  Matrix in cartesian axes

     q = (    0.250000000   0.250000000   0.250000000 ) 

    1    1
  0.26955589  0.00000000    0.01092881  0.00000000    0.01092881  0.00000000
  0.01092881  0.00000000    0.26955589  0.00000000    0.01092881  0.00000000
  0.01092881  0.00000000    0.01092881  0.00000000    0.26955589  0.00000000
    1    2
 -0.05571936  0.19387536   -0.03752766 -0.03680457   -0.03752766 -0.03680457
 -0.03752766 -0.03680457   -0.05571936  0.19387536   -0.03752766 -0.03680457
 -0.03752766 -0.03680457   -0.03752766 -0.03680457   -0.05571936  0.19387536
    2    1
 -0.05571936 -0.19387536   -0.03752766  0.03680457   -0.03752766  0.03680457
 -0.03752766  0.03680457   -0.05571936 -0.19387536   -0.03752766  0.03680457
 -0.03752766  0.03680457   -0.03752766  0.03680457   -0.05571936 -0.19387536
    2    2
  0.26955589  0.00000000    0.01092881  0.00000000    0.01092881  0.00000000
  0.01092881  0.00000000    0.26955589  0.00000000    0.01092881  0.00000000
  0.01092881  0.00000000    0.01092881  0.00000000    0.26955589  0.00000000

     Dynamical  Matrix in cartesian axes

     q = (   -0.250000000  -0.250000000  -0.250000000 ) 

    1    1
  0.26955589  0.00000000    0.01092881  0.00000000    0.01092881  0.00000000
  0.01092881  0.00000000    0.26955589  0.00000000    0.01092881  0.00000000
  0.01092881  0.00000000    0.01092881  0.00000000    0.26955589  0.00000000
    1    2
 -0.05571936 -0.19387536   -0.03752766  0.03680457   -0.03752766  0.03680457
 -0.03752766  0.03680457   -0.05571936 -0.19387536   -0.03752766  0.03680457
 -0.03752766  0.03680457   -0.03752766  0.03680457   -0.05571936 -0.19387536
    2    1
 -0.05571936  0.19387536   -0.03752766 -0.03680457   -0.03752766 -0.03680457
 -0.03752766 -0.03680457   -0.05571936  0.19387536   -0.03752766 -0.03680457
 -0.03752766 -0.03680457   -0.03752766 -0.03680457   -0.05571936  0.19387536
    2    2
  0.26955589  0.00000000    0.01092881  0.00000000    0.01092881  0.00000000
  0.01092881  0.00000000    0.26955589  0.00000000    0.01092881  0.00000000
  0.01092881  0.00000000    0.01092881  0.00000000    0.26955589  0.00000000

     Dynamical  Matrix in cartesian axes

     q = (   -0.250000000  -0.250000000   0.250000000 ) 

    1    1
  0.26955589  0.00000000    0.01092881  0.00000000   -0.01092881  0.00000000
  0.01092881  0.00000000    0.26955589  0.00000000   -0.01092881  0.00000000
 -0.01092881  0.00000000   -0.01092881  0.00000000    0.26955589  0.00000000
    1    2
 -0.19387536 -0.05571936    0.03680457 -0.03752766   -0.03680457  0.03752766
  0.03680457 -0.03752766   -0.19387536 -0.05571936   -0.03680457  0.03752766
 -0.03680457  0.03752766   -0.03680457  0.03752766   -0.19387536 -0.05571936
    2    1
 -0.19387536  0.05571936    0.03680457  0.03752766   -0.03680457 -0.03752766
  0.03680457  0.03752766   -0.19387536  0.05571936   -0.03680457 -0.03752766
 -0.03680457 -0.03752766   -0.03680457 -0.03752766   -0.19387536  0.05571936
    2    2
  0.26955589  0.00000000    0.01092881  0.00000000   -0.01092881  0.00000000
  0.01092881  0.00000000    0.26955589  0.00000000   -0.01092881  0.00000000
 -0.01092881  0.00000000   -0.01092881  0.00000000    0.26955589  0.00000000

     Dynamical  Matrix in cartesian axes

     q = (   -0.250000000   0.250000000   0.250000000 ) 

    1    1
  0.26955589  0.00000000   -0.01092881  0.00000000   -0.01092881  0.00000000
 -0.01092881  0.00000000    0.26955589  0.00000000    0.01092881  0.00000000
 -0.01092881  0.00000000    0.01092881  0.00000000    0.26955589  0.00000000
    1    2
 -0.19387536  0.05571936   -0.03680457 -0.03752766   -0.03680457 -0.03752766
 -0.03680457 -0.03752766   -0.19387536  0.05571936    0.03680457  0.03752766
 -0.03680457 -0.03752766    0.03680457  0.03752766   -0.19387536  0.05571936
    2    1
 -0.19387536 -0.05571936   -0.03680457  0.03752766   -0.03680457  0.03752766
 -0.03680457  0.03752766   -0.19387536 -0.05571936    0.03680457 -0.03752766
 -0.03680457  0.03752766    0.03680457 -0.03752766   -0.19387536 -0.05571936
    2    2
  0.26955589  0.00000000   -0.01092881  0.00000000   -0.01092881  0.00000000
 -0.01092881  0.00000000    0.26955589  0.00000000    0.01092881  0.00000000
 -0.01092881  0.00000000    0.01092881  0.00000000    0.26955589  0.00000000

     Dynamical  Matrix in cartesian axes

     q = (    0.250000000   0.250000000  -0.250000000 ) 

    1    1
  0.26955589  0.00000000    0.01092881  0.00000000   -0.01092881  0.00000000
  0.01092881  0.00000000    0.26955589  0.00000000   -0.01092881  0.00000000
 -0.01092881  0.00000000   -0.01092881  0.00000000    0.26955589  0.00000000
    1    2
 -0.19387536  0.05571936    0.03680457  0.03752766   -0.03680457 -0.03752766
  0.03680457  0.03752766   -0.19387536  0.05571936   -0.03680457 -0.03752766
 -0.03680457 -0.03752766   -0.03680457 -0.03752766   -0.19387536  0.05571936
    2    1
 -0.19387536 -0.05571936    0.03680457 -0.03752766   -0.03680457  0.03752766
  0.03680457 -0.03752766   -0.19387536 -0.05571936   -0.03680457  0.03752766
 -0.03680457  0.03752766   -0.03680457  0.03752766   -0.19387536 -0.05571936
    2    2
  0.26955589  0.00000000    0.01092881  0.00000000   -0.01092881  0.00000000
  0.01092881  0.00000000    0.26955589  0.00000000   -0.01092881  0.00000000
 -0.01092881  0.00000000   -0.01092881  0.00000000    0.26955589  0.00000000

     Diagonalizing the dynamical matrix

     q = (   -0.250000000   0.250000000  -0.250000000 ) 

 **************************************************************************
     freq (    1) =       3.393099 [THz] =     113.181584 [cm-1]
 (  0.572109  0.059441  0.242990  0.033487 -0.329119 -0.025955 ) 
 (  0.575011  0.014280  0.244871  0.014280 -0.330140  0.000000 ) 
     freq (    2) =       3.393099 [THz] =     113.181584 [cm-1]
 ( -0.047980 -0.013768 -0.520160 -0.051005 -0.472180 -0.037237 ) 
 ( -0.048914 -0.009953 -0.522560 -0.009953 -0.473646  0.000000 ) 
     freq (    3) =       6.934766 [THz] =     231.318907 [cm-1]
 (  0.276349  0.300496 -0.276349 -0.300496  0.276349  0.300496 ) 
 (  0.408248  0.000000 -0.408248 -0.000000  0.408248  0.000000 ) 
     freq (    4) =      14.082809 [THz] =     469.751934 [cm-1]
 (  0.276349  0.300496 -0.276349 -0.300496  0.276349  0.300496 ) 
 ( -0.408248  0.000000  0.408248 -0.000000 -0.408248  0.000000 ) 
     freq (    5) =      14.393730 [THz] =     480.123166 [cm-1]
 ( -0.455518 -0.205980 -0.455678 -0.205993 -0.000160 -0.000013 ) 
 (  0.470302  0.169531  0.470462  0.169531  0.000160  0.000000 ) 
     freq (    6) =      14.393730 [THz] =     480.123166 [cm-1]
 (  0.287908  0.022752 -0.287655 -0.022638 -0.575563 -0.045390 ) 
 ( -0.288806 -0.000047  0.288545 -0.000047  0.577350  0.000000 ) 
 **************************************************************************
