Dynamical matrix file
                                                                           
  1    2  2 10.3340000  0.0000000  0.0000000  0.0000000  0.0000000  0.0000000
           1  'Si  '    25598.822984527003     
    1    1      0.0000000000      0.0000000000      0.0000000000
    2    1      0.2500000000      0.2500000000      0.2500000000

     Dynamical  Matrix in cartesian axes

     q = (    0.750000000  -0.250000000   0.750000000 ) 

    1    1
  0.23306814  0.00000000   -0.00487549  0.00743989    0.00211939  0.00000000
 -0.00487549 -0.00743989    0.28865750  0.00000000   -0.00487549 -0.00743989
  0.00211939  0.00000000   -0.00487549  0.00743989    0.23306814  0.00000000
    1    2
 -0.06358534  0.05490160   -0.03642584  0.04065999   -0.04157145 -0.13203714
 -0.03642584  0.04065999   -0.06230821  0.07378756   -0.03642584  0.04065999
 -0.04157145 -0.13203714   -0.03642584  0.04065999   -0.06358534  0.05490160
    2    1
 -0.06358534 -0.05490160   -0.03642584 -0.04065999   -0.04157145  0.13203714
 -0.03642584 -0.04065999   -0.06230821 -0.07378756   -0.03642584 -0.04065999
 -0.04157145  0.13203714   -0.03642584 -0.04065999   -0.06358534 -0.05490160
    2    2
  0.23306814  0.00000000   -0.00487549 -0.00743989    0.00211939  0.00000000
 -0.00487549  0.00743989    0.28865750  0.00000000   -0.00487549  0.00743989
  0.00211939  0.00000000   -0.00487549 -0.00743989    0.23306814  0.00000000

     Dynamical  Matrix in cartesian axes

     q = (    0.750000000  -0.250000000  -0.750000000 ) 

    1    1
  0.23306814  0.00000000   -0.00487549 -0.00743989   -0.00211939  0.00000000
 -0.00487549  0.00743989    0.28865750  0.00000000    0.00487549 -0.00743989
 -0.00211939  0.00000000    0.00487549  0.00743989    0.23306814  0.00000000
    1    2
 -0.05490160  0.06358534   -0.04065999  0.03642584   -0.13203714 -0.04157145
 -0.04065999  0.03642584   -0.07378756  0.06230821    0.04065999 -0.03642584
 -0.13203714 -0.04157145    0.04065999 -0.03642584   -0.05490160  0.06358534
    2    1
 -0.05490160 -0.06358534   -0.04065999 -0.03642584   -0.13203714  0.04157145
 -0.04065999 -0.03642584   -0.07378756 -0.06230821    0.04065999  0.03642584
 -0.13203714  0.04157145    0.04065999  0.03642584   -0.05490160 -0.06358534
    2    2
  0.23306814  0.00000000   -0.00487549  0.00743989   -0.00211939  0.00000000
 -0.00487549 -0.00743989    0.28865750  0.00000000    0.00487549  0.00743989
 -0.00211939  0.00000000    0.00487549 -0.00743989    0.23306814  0.00000000

     Dynamical  Matrix in cartesian axes

     q = (   -0.750000000  -0.250000000  -0.750000000 ) 

    1    1
  0.23306814  0.00000000    0.00487549 -0.00743989    0.00211939  0.00000000
  0.00487549  0.00743989    0.28865750  0.00000000    0.00487549  0.00743989
  0.00211939  0.00000000    0.00487549 -0.00743989    0.23306814  0.00000000
    1    2
  0.05490160  0.06358534   -0.04065999 -0.03642584   -0.13203714  0.04157145
 -0.04065999 -0.03642584    0.07378756  0.06230821   -0.04065999 -0.03642584
 -0.13203714  0.04157145   -0.04065999 -0.03642584    0.05490160  0.06358534
    2    1
  0.05490160 -0.06358534   -0.04065999  0.03642584   -0.13203714 -0.04157145
 -0.04065999  0.03642584    0.07378756 -0.06230821   -0.04065999  0.03642584
 -0.13203714 -0.04157145   -0.04065999  0.03642584    0.05490160 -0.06358534
    2    2
  0.23306814  0.00000000    0.00487549  0.00743989    0.00211939  0.00000000
  0.00487549 -0.00743989    0.28865750  0.00000000    0.00487549 -0.00743989
  0.00211939  0.00000000    0.00487549  0.00743989    0.23306814  0.00000000

     Dynamical  Matrix in cartesian axes

     q = (   -0.750000000  -0.250000000   0.750000000 ) 

    1    1
  0.23306814  0.00000000    0.00487549  0.00743989   -0.00211939  0.00000000
  0.00487549 -0.00743989    0.28865750  0.00000000   -0.00487549  0.00743989
 -0.00211939  0.00000000   -0.00487549 -0.00743989    0.23306814  0.00000000
    1    2
 -0.05490160  0.06358534    0.04065999 -0.03642584   -0.13203714 -0.04157145
  0.04065999 -0.03642584   -0.07378756  0.06230821   -0.04065999  0.03642584
 -0.13203714 -0.04157145   -0.04065999  0.03642584   -0.05490160  0.06358534
    2    1
 -0.05490160 -0.06358534    0.04065999  0.03642584   -0.13203714  0.04157145
  0.04065999  0.03642584   -0.07378756 -0.06230821   -0.04065999 -0.03642584
 -0.13203714  0.04157145   -0.04065999 -0.03642584   -0.05490160 -0.06358534
    2    2
  0.23306814  0.00000000    0.00487549 -0.00743989   -0.00211939  0.00000000
  0.00487549  0.00743989    0.28865750  0.00000000   -0.00487549 -0.00743989
 -0.00211939  0.00000000   -0.00487549  0.00743989    0.23306814  0.00000000

     Dynamical  Matrix in cartesian axes

     q = (   -0.750000000   0.250000000  -0.750000000 ) 

    1    1
  0.23306814  0.00000000   -0.00487549 -0.00743989    0.00211939  0.00000000
 -0.00487549  0.00743989    0.28865750  0.00000000   -0.00487549  0.00743989
  0.00211939  0.00000000   -0.00487549 -0.00743989    0.23306814  0.00000000
    1    2
 -0.06358534 -0.05490160   -0.03642584 -0.04065999   -0.04157145  0.13203714
 -0.03642584 -0.04065999   -0.06230821 -0.07378756   -0.03642584 -0.04065999
 -0.04157145  0.13203714   -0.03642584 -0.04065999   -0.06358534 -0.05490160
    2    1
 -0.06358534  0.05490160   -0.03642584  0.04065999   -0.04157145 -0.13203714
 -0.03642584  0.04065999   -0.06230821  0.07378756   -0.03642584  0.04065999
 -0.04157145 -0.13203714   -0.03642584  0.04065999   -0.06358534  0.05490160
    2    2
  0.23306814  0.00000000   -0.00487549  0.00743989    0.00211939  0.00000000
 -0.00487549 -0.00743989    0.28865750  0.00000000   -0.00487549 -0.00743989
  0.00211939  0.00000000   -0.00487549  0.00743989    0.23306814  0.00000000

     Dynamical  Matrix in cartesian axes

     q = (   -0.250000000   0.750000000  -0.750000000 ) 

    1    1
  0.28865750  0.00000000   -0.00487549  0.00743989    0.00487549 -0.00743989
 -0.00487549 -0.00743989    0.23306814  0.00000000   -0.00211939  0.00000000
  0.00487549  0.00743989   -0.00211939  0.00000000    0.23306814  0.00000000
    1    2
 -0.07378756  0.06230821   -0.04065999  0.03642584    0.04065999 -0.03642584
 -0.04065999  0.03642584   -0.05490160  0.06358534   -0.13203714 -0.04157145
  0.04065999 -0.03642584   -0.13203714 -0.04157145   -0.05490160  0.06358534
    2    1
 -0.07378756 -0.06230821   -0.04065999 -0.03642584    0.04065999  0.03642584
 -0.04065999 -0.03642584   -0.05490160 -0.06358534   -0.13203714  0.04157145
  0.04065999  0.03642584   -0.13203714  0.04157145   -0.05490160 -0.06358534
    2    2
  0.28865750  0.00000000   -0.00487549 -0.00743989    0.00487549  0.00743989
 -0.00487549  0.00743989    0.23306814  0.00000000   -0.00211939  0.00000000
  0.00487549 -0.00743989   -0.00211939  0.00000000    0.23306814  0.00000000

     Dynamical  Matrix in cartesian axes

     q = (   -0.750000000   0.750000000  -0.250000000 ) 

    1    1
  0.23306814  0.00000000   -0.00211939  0.00000000    0.00487549  0.00743989
 -0.00211939  0.00000000    0.23306814  0.00000000   -0.00487549 -0.00743989
  0.00487549 -0.00743989   -0.00487549  0.00743989    0.28865750  0.00000000
    1    2
 -0.05490160  0.06358534   -0.13203714 -0.04157145    0.04065999 -0.03642584
 -0.13203714 -0.04157145   -0.05490160  0.06358534   -0.04065999  0.03642584
  0.04065999 -0.03642584   -0.04065999  0.03642584   -0.07378756  0.06230821
    2    1
 -0.05490160 -0.06358534   -0.13203714  0.04157145    0.04065999  0.03642584
 -0.13203714  0.04157145   -0.05490160 -0.06358534   -0.04065999 -0.03642584
  0.04065999  0.03642584   -0.04065999 -0.03642584   -0.07378756 -0.06230821
    2    2
  0.23306814  0.00000000   -0.00211939  0.00000000    0.00487549 -0.00743989
 -0.00211939  0.00000000    0.23306814  0.00000000   -0.00487549  0.00743989
  0.00487549  0.00743989   -0.00487549 -0.00743989    0.28865750  0.00000000

     Dynamical  Matrix in cartesian axes

     q = (    0.750000000   0.250000000   0.750000000 ) 

    1    1
  0.23306814  0.00000000    0.00487549  0.00743989    0.00211939  0.00000000
  0.00487549 -0.00743989    0.28865750  0.00000000    0.00487549 -0.00743989
  0.00211939  0.00000000    0.00487549  0.00743989    0.23306814  0.00000000
    1    2
  0.05490160 -0.06358534   -0.04065999  0.03642584   -0.13203714 -0.04157145
 -0.04065999  0.03642584    0.07378756 -0.06230821   -0.04065999  0.03642584
 -0.13203714 -0.04157145   -0.04065999  0.03642584    0.05490160 -0.06358534
    2    1
  0.05490160  0.06358534   -0.04065999 -0.03642584   -0.13203714  0.04157145
 -0.04065999 -0.03642584    0.07378756  0.06230821   -0.04065999 -0.03642584
 -0.13203714  0.04157145   -0.04065999 -0.03642584    0.05490160  0.06358534
    2    2
  0.23306814  0.00000000    0.00487549 -0.00743989    0.00211939  0.00000000
  0.00487549  0.00743989    0.28865750  0.00000000    0.00487549  0.00743989
  0.00211939  0.00000000    0.00487549 -0.00743989    0.23306814  0.00000000

     Dynamical  Matrix in cartesian axes

     q = (   -0.750000000   0.250000000   0.750000000 ) 

    1    1
  0.23306814  0.00000000   -0.00487549  0.00743989   -0.00211939  0.00000000
 -0.00487549 -0.00743989    0.28865750  0.00000000    0.00487549  0.00743989
 -0.00211939  0.00000000    0.00487549 -0.00743989    0.23306814  0.00000000
    1    2
 -0.05490160 -0.06358534   -0.04065999 -0.03642584   -0.13203714  0.04157145
 -0.04065999 -0.03642584   -0.07378756 -0.06230821    0.04065999  0.03642584
 -0.13203714  0.04157145    0.04065999  0.03642584   -0.05490160 -0.06358534
    2    1
 -0.05490160  0.06358534   -0.04065999  0.03642584   -0.13203714 -0.04157145
 -0.04065999  0.03642584   -0.07378756  0.06230821    0.04065999 -0.03642584
 -0.13203714 -0.04157145    0.04065999 -0.03642584   -0.05490160  0.06358534
    2    2
  0.23306814  0.00000000   -0.00487549 -0.00743989   -0.00211939  0.00000000
 -0.00487549  0.00743989    0.28865750  0.00000000    0.00487549 -0.00743989
 -0.00211939  0.00000000    0.00487549  0.00743989    0.23306814  0.00000000

     Dynamical  Matrix in cartesian axes

     q = (    0.750000000   0.250000000  -0.750000000 ) 

    1    1
  0.23306814  0.00000000    0.00487549 -0.00743989   -0.00211939  0.00000000
  0.00487549  0.00743989    0.28865750  0.00000000   -0.00487549 -0.00743989
 -0.00211939  0.00000000   -0.00487549  0.00743989    0.23306814  0.00000000
    1    2
 -0.05490160 -0.06358534    0.04065999  0.03642584   -0.13203714  0.04157145
  0.04065999  0.03642584   -0.07378756 -0.06230821   -0.04065999 -0.03642584
 -0.13203714  0.04157145   -0.04065999 -0.03642584   -0.05490160 -0.06358534
    2    1
 -0.05490160  0.06358534    0.04065999 -0.03642584   -0.13203714 -0.04157145
  0.04065999 -0.03642584   -0.07378756  0.06230821   -0.04065999  0.03642584
 -0.13203714 -0.04157145   -0.04065999  0.03642584   -0.05490160  0.06358534
    2    2
  0.23306814  0.00000000    0.00487549  0.00743989   -0.00211939  0.00000000
  0.00487549 -0.00743989    0.28865750  0.00000000   -0.00487549  0.00743989
 -0.00211939  0.00000000   -0.00487549 -0.00743989    0.23306814  0.00000000

     Dynamical  Matrix in cartesian axes

     q = (   -0.750000000   0.750000000   0.250000000 ) 

    1    1
  0.23306814  0.00000000   -0.00211939  0.00000000   -0.00487549  0.00743989
 -0.00211939  0.00000000    0.23306814  0.00000000    0.00487549 -0.00743989
 -0.00487549 -0.00743989    0.00487549  0.00743989    0.28865750  0.00000000
    1    2
 -0.05490160 -0.06358534   -0.13203714  0.04157145   -0.04065999 -0.03642584
 -0.13203714  0.04157145   -0.05490160 -0.06358534    0.04065999  0.03642584
 -0.04065999 -0.03642584    0.04065999  0.03642584   -0.07378756 -0.06230821
    2    1
 -0.05490160  0.06358534   -0.13203714 -0.04157145   -0.04065999  0.03642584
 -0.13203714 -0.04157145   -0.05490160  0.06358534    0.04065999 -0.03642584
 -0.04065999  0.03642584    0.04065999 -0.03642584   -0.07378756  0.06230821
    2    2
  0.23306814  0.00000000   -0.00211939  0.00000000   -0.00487549 -0.00743989
 -0.00211939  0.00000000    0.23306814  0.00000000    0.00487549  0.00743989
 -0.00487549  0.00743989    0.00487549 -0.00743989    0.28865750  0.00000000

     Dynamical  Matrix in cartesian axes

     q = (   -0.250000000   0.750000000   0.750000000 ) 

    1    1
  0.28865750  0.00000000   -0.00487549 -0.00743989   -0.00487549 -0.00743989
 -0.00487549  0.00743989    0.23306814  0.00000000    0.00211939  0.00000000
 -0.00487549  0.00743989    0.00211939  0.00000000    0.23306814  0.00000000
    1    2
 -0.06230821  0.07378756   -0.03642584  0.04065999   -0.03642584  0.04065999
 -0.03642584  0.04065999   -0.06358534  0.05490160   -0.04157145 -0.13203714
 -0.03642584  0.04065999   -0.04157145 -0.13203714   -0.06358534  0.05490160
    2    1
 -0.06230821 -0.07378756   -0.03642584 -0.04065999   -0.03642584 -0.04065999
 -0.03642584 -0.04065999   -0.06358534 -0.05490160   -0.04157145  0.13203714
 -0.03642584 -0.04065999   -0.04157145  0.13203714   -0.06358534 -0.05490160
    2    2
  0.28865750  0.00000000   -0.00487549  0.00743989   -0.00487549  0.00743989
 -0.00487549 -0.00743989    0.23306814  0.00000000    0.00211939  0.00000000
 -0.00487549 -0.00743989    0.00211939  0.00000000    0.23306814  0.00000000

     Dynamical  Matrix in cartesian axes

     q = (    0.250000000   0.750000000  -0.750000000 ) 

    1    1
  0.28865750  0.00000000    0.00487549  0.00743989   -0.00487549 -0.00743989
  0.00487549 -0.00743989    0.23306814  0.00000000   -0.00211939  0.00000000
 -0.00487549  0.00743989   -0.00211939  0.00000000    0.23306814  0.00000000
    1    2
 -0.07378756 -0.06230821    0.04065999  0.03642584   -0.04065999 -0.03642584
  0.04065999  0.03642584   -0.05490160 -0.06358534   -0.13203714  0.04157145
 -0.04065999 -0.03642584   -0.13203714  0.04157145   -0.05490160 -0.06358534
    2    1
 -0.07378756  0.06230821    0.04065999 -0.03642584   -0.04065999  0.03642584
  0.04065999 -0.03642584   -0.05490160  0.06358534   -0.13203714 -0.04157145
 -0.04065999  0.03642584   -0.13203714 -0.04157145   -0.05490160  0.06358534
    2    2
  0.28865750  0.00000000    0.00487549 -0.00743989   -0.00487549  0.00743989
  0.00487549  0.00743989    0.23306814  0.00000000   -0.00211939  0.00000000
 -0.00487549 -0.00743989   -0.00211939  0.00000000    0.23306814  0.00000000

     Dynamical  Matrix in cartesian axes

     q = (   -0.250000000  -0.750000000  -0.750000000 ) 

    1    1
  0.28865750  0.00000000    0.00487549  0.00743989    0.00487549  0.00743989
  0.00487549 -0.00743989    0.23306814  0.00000000    0.00211939  0.00000000
  0.00487549 -0.00743989    0.00211939  0.00000000    0.23306814  0.00000000
    1    2
  0.07378756  0.06230821   -0.04065999 -0.03642584   -0.04065999 -0.03642584
 -0.04065999 -0.03642584    0.05490160  0.06358534   -0.13203714  0.04157145
 -0.04065999 -0.03642584   -0.13203714  0.04157145    0.05490160  0.06358534
    2    1
  0.07378756 -0.06230821   -0.04065999  0.03642584   -0.04065999  0.03642584
 -0.04065999  0.03642584    0.05490160 -0.06358534   -0.13203714 -0.04157145
 -0.04065999  0.03642584   -0.13203714 -0.04157145    0.05490160 -0.06358534
    2    2
  0.28865750  0.00000000    0.00487549 -0.00743989    0.00487549 -0.00743989
  0.00487549  0.00743989    0.23306814  0.00000000    0.00211939  0.00000000
  0.00487549  0.00743989    0.00211939  0.00000000    0.23306814  0.00000000

     Dynamical  Matrix in cartesian axes

     q = (    0.750000000   0.750000000  -0.250000000 ) 

    1    1
  0.23306814  0.00000000    0.00211939  0.00000000   -0.00487549  0.00743989
  0.00211939  0.00000000    0.23306814  0.00000000   -0.00487549  0.00743989
 -0.00487549 -0.00743989   -0.00487549 -0.00743989    0.28865750  0.00000000
    1    2
 -0.06358534  0.05490160   -0.04157145 -0.13203714   -0.03642584  0.04065999
 -0.04157145 -0.13203714   -0.06358534  0.05490160   -0.03642584  0.04065999
 -0.03642584  0.04065999   -0.03642584  0.04065999   -0.06230821  0.07378756
    2    1
 -0.06358534 -0.05490160   -0.04157145  0.13203714   -0.03642584 -0.04065999
 -0.04157145  0.13203714   -0.06358534 -0.05490160   -0.03642584 -0.04065999
 -0.03642584 -0.04065999   -0.03642584 -0.04065999   -0.06230821 -0.07378756
    2    2
  0.23306814  0.00000000    0.00211939  0.00000000   -0.00487549 -0.00743989
  0.00211939  0.00000000    0.23306814  0.00000000   -0.00487549 -0.00743989
 -0.00487549  0.00743989   -0.00487549  0.00743989    0.28865750  0.00000000

     Dynamical  Matrix in cartesian axes

     q = (    0.750000000  -0.750000000   0.250000000 ) 

    1    1
  0.23306814  0.00000000   -0.00211939  0.00000000    0.00487549 -0.00743989
 -0.00211939  0.00000000    0.23306814  0.00000000   -0.00487549  0.00743989
  0.00487549  0.00743989   -0.00487549 -0.00743989    0.28865750  0.00000000
    1    2
 -0.05490160 -0.06358534   -0.13203714  0.04157145    0.04065999  0.03642584
 -0.13203714  0.04157145   -0.05490160 -0.06358534   -0.04065999 -0.03642584
  0.04065999  0.03642584   -0.04065999 -0.03642584   -0.07378756 -0.06230821
    2    1
 -0.05490160  0.06358534   -0.13203714 -0.04157145    0.04065999 -0.03642584
 -0.13203714 -0.04157145   -0.05490160  0.06358534   -0.04065999  0.03642584
  0.04065999 -0.03642584   -0.04065999  0.03642584   -0.07378756  0.06230821
    2    2
  0.23306814  0.00000000   -0.00211939  0.00000000    0.00487549  0.00743989
 -0.00211939  0.00000000    0.23306814  0.00000000   -0.00487549 -0.00743989
  0.00487549 -0.00743989   -0.00487549  0.00743989    0.28865750  0.00000000

     Dynamical  Matrix in cartesian axes

     q = (   -0.750000000  -0.750000000  -0.250000000 ) 

    1    1
  0.23306814  0.00000000    0.00211939  0.00000000    0.00487549 -0.00743989
  0.00211939  0.00000000    0.23306814  0.00000000    0.00487549 -0.00743989
  0.00487549  0.00743989    0.00487549  0.00743989    0.28865750  0.00000000
    1    2
  0.05490160  0.06358534   -0.13203714  0.04157145   -0.04065999 -0.03642584
 -0.13203714  0.04157145    0.05490160  0.06358534   -0.04065999 -0.03642584
 -0.04065999 -0.03642584   -0.04065999 -0.03642584    0.07378756  0.06230821
    2    1
  0.05490160 -0.06358534   -0.13203714 -0.04157145   -0.04065999  0.03642584
 -0.13203714 -0.04157145    0.05490160 -0.06358534   -0.04065999  0.03642584
 -0.04065999  0.03642584   -0.04065999  0.03642584    0.07378756 -0.06230821
    2    2
  0.23306814  0.00000000    0.00211939  0.00000000    0.00487549  0.00743989
  0.00211939  0.00000000    0.23306814  0.00000000    0.00487549  0.00743989
  0.00487549 -0.00743989    0.00487549 -0.00743989    0.28865750  0.00000000

     Dynamical  Matrix in cartesian axes

     q = (    0.250000000  -0.750000000   0.750000000 ) 

    1    1
  0.28865750  0.00000000   -0.00487549 -0.00743989    0.00487549  0.00743989
 -0.00487549  0.00743989    0.23306814  0.00000000   -0.00211939  0.00000000
  0.00487549 -0.00743989   -0.00211939  0.00000000    0.23306814  0.00000000
    1    2
 -0.07378756 -0.06230821   -0.04065999 -0.03642584    0.04065999  0.03642584
 -0.04065999 -0.03642584   -0.05490160 -0.06358534   -0.13203714  0.04157145
  0.04065999  0.03642584   -0.13203714  0.04157145   -0.05490160 -0.06358534
    2    1
 -0.07378756  0.06230821   -0.04065999  0.03642584    0.04065999 -0.03642584
 -0.04065999  0.03642584   -0.05490160  0.06358534   -0.13203714 -0.04157145
  0.04065999 -0.03642584   -0.13203714 -0.04157145   -0.05490160  0.06358534
    2    2
  0.28865750  0.00000000   -0.00487549  0.00743989    0.00487549 -0.00743989
 -0.00487549 -0.00743989    0.23306814  0.00000000   -0.00211939  0.00000000
  0.00487549  0.00743989   -0.00211939  0.00000000    0.23306814  0.00000000

     Dynamical  Matrix in cartesian axes

     q = (   -0.750000000  -0.750000000   0.250000000 ) 

    1    1
  0.23306814  0.00000000    0.00211939  0.00000000   -0.00487549 -0.00743989
  0.00211939  0.00000000    0.23306814  0.00000000   -0.00487549 -0.00743989
 -0.00487549  0.00743989   -0.00487549  0.00743989    0.28865750  0.00000000
    1    2
 -0.06358534 -0.05490160   -0.04157145  0.13203714   -0.03642584 -0.04065999
 -0.04157145  0.13203714   -0.06358534 -0.05490160   -0.03642584 -0.04065999
 -0.03642584 -0.04065999   -0.03642584 -0.04065999   -0.06230821 -0.07378756
    2    1
 -0.06358534  0.05490160   -0.04157145 -0.13203714   -0.03642584  0.04065999
 -0.04157145 -0.13203714   -0.06358534  0.05490160   -0.03642584  0.04065999
 -0.03642584  0.04065999   -0.03642584  0.04065999   -0.06230821  0.07378756
    2    2
  0.23306814  0.00000000    0.00211939  0.00000000   -0.00487549  0.00743989
  0.00211939  0.00000000    0.23306814  0.00000000   -0.00487549  0.00743989
 -0.00487549 -0.00743989   -0.00487549 -0.00743989    0.28865750  0.00000000

     Dynamical  Matrix in cartesian axes

     q = (    0.250000000   0.750000000   0.750000000 ) 

    1    1
  0.28865750  0.00000000    0.00487549 -0.00743989    0.00487549 -0.00743989
  0.00487549  0.00743989    0.23306814  0.00000000    0.00211939  0.00000000
  0.00487549  0.00743989    0.00211939  0.00000000    0.23306814  0.00000000
    1    2
  0.07378756 -0.06230821   -0.04065999  0.03642584   -0.04065999  0.03642584
 -0.04065999  0.03642584    0.05490160 -0.06358534   -0.13203714 -0.04157145
 -0.04065999  0.03642584   -0.13203714 -0.04157145    0.05490160 -0.06358534
    2    1
  0.07378756  0.06230821   -0.04065999 -0.03642584   -0.04065999 -0.03642584
 -0.04065999 -0.03642584    0.05490160  0.06358534   -0.13203714  0.04157145
 -0.04065999 -0.03642584   -0.13203714  0.04157145    0.05490160  0.06358534
    2    2
  0.28865750  0.00000000    0.00487549  0.00743989    0.00487549  0.00743989
  0.00487549 -0.00743989    0.23306814  0.00000000    0.00211939  0.00000000
  0.00487549 -0.00743989    0.00211939  0.00000000    0.23306814  0.00000000

     Dynamical  Matrix in cartesian axes

     q = (   -0.250000000  -0.750000000   0.750000000 ) 

    1    1
  0.28865750  0.00000000    0.00487549 -0.00743989   -0.00487549  0.00743989
  0.00487549  0.00743989    0.23306814  0.00000000   -0.00211939  0.00000000
 -0.00487549 -0.00743989   -0.00211939  0.00000000    0.23306814  0.00000000
    1    2
 -0.07378756  0.06230821    0.04065999 -0.03642584   -0.04065999  0.03642584
  0.04065999 -0.03642584   -0.05490160  0.06358534   -0.13203714 -0.04157145
 -0.04065999  0.03642584   -0.13203714 -0.04157145   -0.05490160  0.06358534
    2    1
 -0.07378756 -0.06230821    0.04065999  0.03642584   -0.04065999 -0.03642584
  0.04065999  0.03642584   -0.05490160 -0.06358534   -0.13203714  0.04157145
 -0.04065999 -0.03642584   -0.13203714  0.04157145   -0.05490160 -0.06358534
    2    2
  0.28865750  0.00000000    0.00487549  0.00743989   -0.00487549 -0.00743989
  0.00487549 -0.00743989    0.23306814  0.00000000   -0.00211939  0.00000000
 -0.00487549  0.00743989   -0.00211939  0.00000000    0.23306814  0.00000000

     Dynamical  Matrix in cartesian axes

     q = (    0.750000000   0.750000000   0.250000000 ) 

    1    1
  0.23306814  0.00000000    0.00211939  0.00000000    0.00487549  0.00743989
  0.00211939  0.00000000    0.23306814  0.00000000    0.00487549  0.00743989
  0.00487549 -0.00743989    0.00487549 -0.00743989    0.28865750  0.00000000
    1    2
  0.05490160 -0.06358534   -0.13203714 -0.04157145   -0.04065999  0.03642584
 -0.13203714 -0.04157145    0.05490160 -0.06358534   -0.04065999  0.03642584
 -0.04065999  0.03642584   -0.04065999  0.03642584    0.07378756 -0.06230821
    2    1
  0.05490160  0.06358534   -0.13203714  0.04157145   -0.04065999 -0.03642584
 -0.13203714  0.04157145    0.05490160  0.06358534   -0.04065999 -0.03642584
 -0.04065999 -0.03642584   -0.04065999 -0.03642584    0.07378756  0.06230821
    2    2
  0.23306814  0.00000000    0.00211939  0.00000000    0.00487549 -0.00743989
  0.00211939  0.00000000    0.23306814  0.00000000    0.00487549 -0.00743989
  0.00487549  0.00743989    0.00487549  0.00743989    0.28865750  0.00000000

     Dynamical  Matrix in cartesian axes

     q = (    0.250000000  -0.750000000  -0.750000000 ) 

    1    1
  0.28865750  0.00000000   -0.00487549  0.00743989   -0.00487549  0.00743989
 -0.00487549 -0.00743989    0.23306814  0.00000000    0.00211939  0.00000000
 -0.00487549 -0.00743989    0.00211939  0.00000000    0.23306814  0.00000000
    1    2
 -0.06230821 -0.07378756   -0.03642584 -0.04065999   -0.03642584 -0.04065999
 -0.03642584 -0.04065999   -0.06358534 -0.05490160   -0.04157145  0.13203714
 -0.03642584 -0.04065999   -0.04157145  0.13203714   -0.06358534 -0.05490160
    2    1
 -0.06230821  0.07378756   -0.03642584  0.04065999   -0.03642584  0.04065999
 -0.03642584  0.04065999   -0.06358534  0.05490160   -0.04157145 -0.13203714
 -0.03642584  0.04065999   -0.04157145 -0.13203714   -0.06358534  0.05490160
    2    2
  0.28865750  0.00000000   -0.00487549 -0.00743989   -0.00487549 -0.00743989
 -0.00487549  0.00743989    0.23306814  0.00000000    0.00211939  0.00000000
 -0.00487549  0.00743989    0.00211939  0.00000000    0.23306814  0.00000000

     Dynamical  Matrix in cartesian axes

     q = (    0.750000000  -0.750000000  -0.250000000 ) 

    1    1
  0.23306814  0.00000000   -0.00211939  0.00000000   -0.00487549 -0.00743989
 -0.00211939  0.00000000    0.23306814  0.00000000    0.00487549  0.00743989
 -0.00487549  0.00743989    0.00487549 -0.00743989    0.28865750  0.00000000
    1    2
 -0.05490160  0.06358534   -0.13203714 -0.04157145   -0.04065999  0.03642584
 -0.13203714 -0.04157145   -0.05490160  0.06358534    0.04065999 -0.03642584
 -0.04065999  0.03642584    0.04065999 -0.03642584   -0.07378756  0.06230821
    2    1
 -0.05490160 -0.06358534   -0.13203714  0.04157145   -0.04065999 -0.03642584
 -0.13203714  0.04157145   -0.05490160 -0.06358534    0.04065999  0.03642584
 -0.04065999 -0.03642584    0.04065999  0.03642584   -0.07378756 -0.06230821
    2    2
  0.23306814  0.00000000   -0.00211939  0.00000000   -0.00487549  0.00743989
 -0.00211939  0.00000000    0.23306814  0.00000000    0.00487549 -0.00743989
 -0.00487549 -0.00743989    0.00487549  0.00743989    0.28865750  0.00000000

     Diagonalizing the dynamical matrix

     q = (    0.750000000  -0.250000000   0.750000000 ) 

 **************************************************************************
     freq (    1) =       4.249834 [THz] =     141.759197 [cm-1]
 (  0.058476 -0.496569 -0.000000  0.000000 -0.058476  0.496569 ) 
 (  0.500000  0.000000 -0.000000 -0.000000 -0.500000  0.000000 ) 
     freq (    2) =       5.521069 [THz] =     184.163028 [cm-1]
 ( -0.398213 -0.195118 -0.299378  0.130705 -0.398213 -0.195118 ) 
 ( -0.443446 -0.000000 -0.211330 -0.249100 -0.443446  0.000000 ) 
     freq (    3) =       9.026963 [THz] =     301.107085 [cm-1]
 (  0.129785 -0.247398  0.393962  0.434390  0.129785 -0.247398 ) 
 ( -0.279374  0.000000  0.201653  0.550669 -0.279374  0.000000 ) 
     freq (    4) =      11.960374 [THz] =     398.955141 [cm-1]
 (  0.114706  0.312699 -0.415580 -0.324678  0.114706  0.312699 ) 
 ( -0.333074  0.000000  0.447938  0.278343 -0.333074  0.000000 ) 
     freq (    5) =      13.312662 [THz] =     444.062602 [cm-1]
 (  0.058476 -0.496569 -0.000000 -0.000000 -0.058476  0.496569 ) 
 ( -0.500000  0.000000  0.000000  0.000000  0.500000  0.000000 ) 
     freq (    6) =      13.709104 [THz] =     457.286494 [cm-1]
 ( -0.301972 -0.152251 -0.476413  0.210466 -0.301972 -0.152251 ) 
 (  0.338183 -0.000000  0.330649  0.402413  0.338183 -0.000000 ) 
 **************************************************************************
