Dynamical matrix file
                                                                           
  1    2  2 10.3280000  0.0000000  0.0000000  0.0000000  0.0000000  0.0000000
           1  'Si  '    25598.822984527003     
    1    1      0.0000000000      0.0000000000      0.0000000000
    2    1      0.2500000000      0.2500000000      0.2500000000

     Dynamical  Matrix in cartesian axes

     q = (   -0.250000000   0.250000000  -0.250000000 ) 

    1    1
  0.27016295  0.00000000   -0.01173801  0.00000000    0.01173801  0.00000000
 -0.01173801  0.00000000    0.27016295  0.00000000   -0.01173801  0.00000000
  0.01173801  0.00000000   -0.01173801  0.00000000    0.27016295  0.00000000
    1    2
 -0.20113546 -0.05837409   -0.03826936  0.03996572    0.03826936 -0.03996572
 -0.03826936  0.03996572   -0.20113546 -0.05837409   -0.03826936  0.03996572
  0.03826936 -0.03996572   -0.03826936  0.03996572   -0.20113546 -0.05837409
    2    1
 -0.20113546  0.05837409   -0.03826936 -0.03996572    0.03826936  0.03996572
 -0.03826936 -0.03996572   -0.20113546  0.05837409   -0.03826936 -0.03996572
  0.03826936  0.03996572   -0.03826936 -0.03996572   -0.20113546  0.05837409
    2    2
  0.27016295  0.00000000   -0.01173801  0.00000000    0.01173801  0.00000000
 -0.01173801  0.00000000    0.27016295  0.00000000   -0.01173801  0.00000000
  0.01173801  0.00000000   -0.01173801  0.00000000    0.27016295  0.00000000

     Dynamical  Matrix in cartesian axes

     q = (    0.250000000  -0.250000000  -0.250000000 ) 

    1    1
  0.27016295  0.00000000   -0.01173801  0.00000000   -0.01173801  0.00000000
 -0.01173801  0.00000000    0.27016295  0.00000000    0.01173801  0.00000000
 -0.01173801  0.00000000    0.01173801  0.00000000    0.27016295  0.00000000
    1    2
 -0.20113546 -0.05837409   -0.03826936  0.03996572   -0.03826936  0.03996572
 -0.03826936  0.03996572   -0.20113546 -0.05837409    0.03826936 -0.03996572
 -0.03826936  0.03996572    0.03826936 -0.03996572   -0.20113546 -0.05837409
    2    1
 -0.20113546  0.05837409   -0.03826936 -0.03996572   -0.03826936 -0.03996572
 -0.03826936 -0.03996572   -0.20113546  0.05837409    0.03826936  0.03996572
 -0.03826936 -0.03996572    0.03826936  0.03996572   -0.20113546  0.05837409
    2    2
  0.27016295  0.00000000   -0.01173801  0.00000000   -0.01173801  0.00000000
 -0.01173801  0.00000000    0.27016295  0.00000000    0.01173801  0.00000000
 -0.01173801  0.00000000    0.01173801  0.00000000    0.27016295  0.00000000

     Dynamical  Matrix in cartesian axes

     q = (    0.250000000  -0.250000000   0.250000000 ) 

    1    1
  0.27016295  0.00000000   -0.01173801  0.00000000    0.01173801  0.00000000
 -0.01173801  0.00000000    0.27016295  0.00000000   -0.01173801  0.00000000
  0.01173801  0.00000000   -0.01173801  0.00000000    0.27016295  0.00000000
    1    2
 -0.20113546  0.05837409   -0.03826936 -0.03996572    0.03826936  0.03996572
 -0.03826936 -0.03996572   -0.20113546  0.05837409   -0.03826936 -0.03996572
  0.03826936  0.03996572   -0.03826936 -0.03996572   -0.20113546  0.05837409
    2    1
 -0.20113546 -0.05837409   -0.03826936  0.03996572    0.03826936 -0.03996572
 -0.03826936  0.03996572   -0.20113546 -0.05837409   -0.03826936  0.03996572
  0.03826936 -0.03996572   -0.03826936  0.03996572   -0.20113546 -0.05837409
    2    2
  0.27016295  0.00000000   -0.01173801  0.00000000    0.01173801  0.00000000
 -0.01173801  0.00000000    0.27016295  0.00000000   -0.01173801  0.00000000
  0.01173801  0.00000000   -0.01173801  0.00000000    0.27016295  0.00000000

     Dynamical  Matrix in cartesian axes

     q = (    0.250000000   0.250000000   0.250000000 ) 

    1    1
  0.27016295  0.00000000    0.01173801  0.00000000    0.01173801  0.00000000
  0.01173801  0.00000000    0.27016295  0.00000000    0.01173801  0.00000000
  0.01173801  0.00000000    0.01173801  0.00000000    0.27016295  0.00000000
    1    2
 -0.05837409  0.20113546   -0.03996572 -0.03826936   -0.03996572 -0.03826936
 -0.03996572 -0.03826936   -0.05837409  0.20113546   -0.03996572 -0.03826936
 -0.03996572 -0.03826936   -0.03996572 -0.03826936   -0.05837409  0.20113546
    2    1
 -0.05837409 -0.20113546   -0.03996572  0.03826936   -0.03996572  0.03826936
 -0.03996572  0.03826936   -0.05837409 -0.20113546   -0.03996572  0.03826936
 -0.03996572  0.03826936   -0.03996572  0.03826936   -0.05837409 -0.20113546
    2    2
  0.27016295  0.00000000    0.01173801  0.00000000    0.01173801  0.00000000
  0.01173801  0.00000000    0.27016295  0.00000000    0.01173801  0.00000000
  0.01173801  0.00000000    0.01173801  0.00000000    0.27016295  0.00000000

     Dynamical  Matrix in cartesian axes

     q = (   -0.250000000  -0.250000000  -0.250000000 ) 

    1    1
  0.27016295  0.00000000    0.01173801  0.00000000    0.01173801  0.00000000
  0.01173801  0.00000000    0.27016295  0.00000000    0.01173801  0.00000000
  0.01173801  0.00000000    0.01173801  0.00000000    0.27016295  0.00000000
    1    2
 -0.05837409 -0.20113546   -0.03996572  0.03826936   -0.03996572  0.03826936
 -0.03996572  0.03826936   -0.05837409 -0.20113546   -0.03996572  0.03826936
 -0.03996572  0.03826936   -0.03996572  0.03826936   -0.05837409 -0.20113546
    2    1
 -0.05837409  0.20113546   -0.03996572 -0.03826936   -0.03996572 -0.03826936
 -0.03996572 -0.03826936   -0.05837409  0.20113546   -0.03996572 -0.03826936
 -0.03996572 -0.03826936   -0.03996572 -0.03826936   -0.05837409  0.20113546
    2    2
  0.27016295  0.00000000    0.01173801  0.00000000    0.01173801  0.00000000
  0.01173801  0.00000000    0.27016295  0.00000000    0.01173801  0.00000000
  0.01173801  0.00000000    0.01173801  0.00000000    0.27016295  0.00000000

     Dynamical  Matrix in cartesian axes

     q = (   -0.250000000  -0.250000000   0.250000000 ) 

    1    1
  0.27016295  0.00000000    0.01173801  0.00000000   -0.01173801  0.00000000
  0.01173801  0.00000000    0.27016295  0.00000000   -0.01173801  0.00000000
 -0.01173801  0.00000000   -0.01173801  0.00000000    0.27016295  0.00000000
    1    2
 -0.20113546 -0.05837409    0.03826936 -0.03996572   -0.03826936  0.03996572
  0.03826936 -0.03996572   -0.20113546 -0.05837409   -0.03826936  0.03996572
 -0.03826936  0.03996572   -0.03826936  0.03996572   -0.20113546 -0.05837409
    2    1
 -0.20113546  0.05837409    0.03826936  0.03996572   -0.03826936 -0.03996572
  0.03826936  0.03996572   -0.20113546  0.05837409   -0.03826936 -0.03996572
 -0.03826936 -0.03996572   -0.03826936 -0.03996572   -0.20113546  0.05837409
    2    2
  0.27016295  0.00000000    0.01173801  0.00000000   -0.01173801  0.00000000
  0.01173801  0.00000000    0.27016295  0.00000000   -0.01173801  0.00000000
 -0.01173801  0.00000000   -0.01173801  0.00000000    0.27016295  0.00000000

     Dynamical  Matrix in cartesian axes

     q = (   -0.250000000   0.250000000   0.250000000 ) 

    1    1
  0.27016295  0.00000000   -0.01173801  0.00000000   -0.01173801  0.00000000
 -0.01173801  0.00000000    0.27016295  0.00000000    0.01173801  0.00000000
 -0.01173801  0.00000000    0.01173801  0.00000000    0.27016295  0.00000000
    1    2
 -0.20113546  0.05837409   -0.03826936 -0.03996572   -0.03826936 -0.03996572
 -0.03826936 -0.03996572   -0.20113546  0.05837409    0.03826936  0.03996572
 -0.03826936 -0.03996572    0.03826936  0.03996572   -0.20113546  0.05837409
    2    1
 -0.20113546 -0.05837409   -0.03826936  0.03996572   -0.03826936  0.03996572
 -0.03826936  0.03996572   -0.20113546 -0.05837409    0.03826936 -0.03996572
 -0.03826936  0.03996572    0.03826936 -0.03996572   -0.20113546 -0.05837409
    2    2
  0.27016295  0.00000000   -0.01173801  0.00000000   -0.01173801  0.00000000
 -0.01173801  0.00000000    0.27016295  0.00000000    0.01173801  0.00000000
 -0.01173801  0.00000000    0.01173801  0.00000000    0.27016295  0.00000000

     Dynamical  Matrix in cartesian axes

     q = (    0.250000000   0.250000000  -0.250000000 ) 

    1    1
  0.27016295  0.00000000    0.01173801  0.00000000   -0.01173801  0.00000000
  0.01173801  0.00000000    0.27016295  0.00000000   -0.01173801  0.00000000
 -0.01173801  0.00000000   -0.01173801  0.00000000    0.27016295  0.00000000
    1    2
 -0.20113546  0.05837409    0.03826936  0.03996572   -0.03826936 -0.03996572
  0.03826936  0.03996572   -0.20113546  0.05837409   -0.03826936 -0.03996572
 -0.03826936 -0.03996572   -0.03826936 -0.03996572   -0.20113546  0.05837409
    2    1
 -0.20113546 -0.05837409    0.03826936 -0.03996572   -0.03826936  0.03996572
  0.03826936 -0.03996572   -0.20113546 -0.05837409   -0.03826936  0.03996572
 -0.03826936  0.03996572   -0.03826936  0.03996572   -0.20113546 -0.05837409
    2    2
  0.27016295  0.00000000    0.01173801  0.00000000   -0.01173801  0.00000000
  0.01173801  0.00000000    0.27016295  0.00000000   -0.01173801  0.00000000
 -0.01173801  0.00000000   -0.01173801  0.00000000    0.27016295  0.00000000

     Diagonalizing the dynamical matrix

     q = (   -0.250000000   0.250000000  -0.250000000 ) 

 **************************************************************************
     freq (    1) =       2.782594 [THz] =      92.817341 [cm-1]
 ( -0.514640 -0.001250 -0.483937  0.001111  0.030703  0.002361 ) 
 ( -0.513221  0.038209 -0.482428  0.038209  0.030793  0.000000 ) 
     freq (    2) =       2.782594 [THz] =      92.817341 [cm-1]
 ( -0.260748 -0.022096  0.314084  0.022104  0.574832  0.044200 ) 
 ( -0.261675 -0.002041  0.314854 -0.002041  0.576528  0.000000 ) 
     freq (    3) =       6.741272 [THz] =     224.864622 [cm-1]
 ( -0.273251 -0.303316  0.273251  0.303316 -0.273251 -0.303316 ) 
 ( -0.408248  0.000000  0.408248 -0.000000 -0.408248  0.000000 ) 
     freq (    4) =      14.242667 [THz] =     475.084223 [cm-1]
 ( -0.273251 -0.303316  0.273251  0.303316 -0.273251 -0.303316 ) 
 (  0.408248  0.000000 -0.408248  0.000000  0.408248  0.000000 ) 
     freq (    5) =      14.518224 [THz] =     484.275829 [cm-1]
 (  0.289235  0.036683 -0.286169 -0.007561 -0.575404 -0.044244 ) 
 ( -0.291196 -0.014401  0.285906 -0.014401  0.577103  0.000000 ) 
     freq (    6) =      14.518224 [THz] =     484.275829 [cm-1]
 (  0.043905  0.496390  0.060762  0.497686  0.016857  0.001296 ) 
 ( -0.081832 -0.491563 -0.098739 -0.491563 -0.016907  0.000000 ) 
 **************************************************************************
