Dynamical matrix file
                                                                           
  1    2  2 10.3900000  0.0000000  0.0000000  0.0000000  0.0000000  0.0000000
           1  'Si  '    25598.822984527003     
    1    1      0.0000000000      0.0000000000      0.0000000000
    2    1      0.2500000000      0.2500000000      0.2500000000

     Dynamical  Matrix in cartesian axes

     q = (    0.750000000  -0.250000000   0.750000000 ) 

    1    1
  0.25226589  0.00000000   -0.00440410  0.00732970    0.00087651  0.00000000
 -0.00440410 -0.00732970    0.30692722  0.00000000   -0.00440410 -0.00732970
  0.00087651  0.00000000   -0.00440410  0.00732970    0.25226589  0.00000000
    1    2
 -0.04973685  0.08167421   -0.03288634  0.03750667   -0.03916888 -0.12324901
 -0.03288634  0.03750667   -0.04853780  0.10048207   -0.03288634  0.03750667
 -0.03916888 -0.12324901   -0.03288634  0.03750667   -0.04973685  0.08167421
    2    1
 -0.04973685 -0.08167421   -0.03288634 -0.03750667   -0.03916888  0.12324901
 -0.03288634 -0.03750667   -0.04853780 -0.10048207   -0.03288634 -0.03750667
 -0.03916888  0.12324901   -0.03288634 -0.03750667   -0.04973685 -0.08167421
    2    2
  0.25226589  0.00000000   -0.00440410 -0.00732970    0.00087651  0.00000000
 -0.00440410  0.00732970    0.30692722  0.00000000   -0.00440410  0.00732970
  0.00087651  0.00000000   -0.00440410 -0.00732970    0.25226589  0.00000000

     Dynamical  Matrix in cartesian axes

     q = (    0.750000000  -0.250000000  -0.750000000 ) 

    1    1
  0.25226589  0.00000000   -0.00440410 -0.00732970   -0.00087651  0.00000000
 -0.00440410  0.00732970    0.30692722  0.00000000    0.00440410 -0.00732970
 -0.00087651  0.00000000    0.00440410  0.00732970    0.25226589  0.00000000
    1    2
 -0.08167421  0.04973685   -0.03750667  0.03288634   -0.12324901 -0.03916888
 -0.03750667  0.03288634   -0.10048207  0.04853780    0.03750667 -0.03288634
 -0.12324901 -0.03916888    0.03750667 -0.03288634   -0.08167421  0.04973685
    2    1
 -0.08167421 -0.04973685   -0.03750667 -0.03288634   -0.12324901  0.03916888
 -0.03750667 -0.03288634   -0.10048207 -0.04853780    0.03750667  0.03288634
 -0.12324901  0.03916888    0.03750667  0.03288634   -0.08167421 -0.04973685
    2    2
  0.25226589  0.00000000   -0.00440410  0.00732970   -0.00087651  0.00000000
 -0.00440410 -0.00732970    0.30692722  0.00000000    0.00440410  0.00732970
 -0.00087651  0.00000000    0.00440410 -0.00732970    0.25226589  0.00000000

     Dynamical  Matrix in cartesian axes

     q = (   -0.750000000  -0.250000000  -0.750000000 ) 

    1    1
  0.25226589  0.00000000    0.00440410 -0.00732970    0.00087651  0.00000000
  0.00440410  0.00732970    0.30692722  0.00000000    0.00440410  0.00732970
  0.00087651  0.00000000    0.00440410 -0.00732970    0.25226589  0.00000000
    1    2
  0.08167421  0.04973685   -0.03750667 -0.03288634   -0.12324901  0.03916888
 -0.03750667 -0.03288634    0.10048207  0.04853780   -0.03750667 -0.03288634
 -0.12324901  0.03916888   -0.03750667 -0.03288634    0.08167421  0.04973685
    2    1
  0.08167421 -0.04973685   -0.03750667  0.03288634   -0.12324901 -0.03916888
 -0.03750667  0.03288634    0.10048207 -0.04853780   -0.03750667  0.03288634
 -0.12324901 -0.03916888   -0.03750667  0.03288634    0.08167421 -0.04973685
    2    2
  0.25226589  0.00000000    0.00440410  0.00732970    0.00087651  0.00000000
  0.00440410 -0.00732970    0.30692722  0.00000000    0.00440410 -0.00732970
  0.00087651  0.00000000    0.00440410  0.00732970    0.25226589  0.00000000

     Dynamical  Matrix in cartesian axes

     q = (   -0.750000000  -0.250000000   0.750000000 ) 

    1    1
  0.25226589  0.00000000    0.00440410  0.00732970   -0.00087651  0.00000000
  0.00440410 -0.00732970    0.30692722  0.00000000   -0.00440410  0.00732970
 -0.00087651  0.00000000   -0.00440410 -0.00732970    0.25226589  0.00000000
    1    2
 -0.08167421  0.04973685    0.03750667 -0.03288634   -0.12324901 -0.03916888
  0.03750667 -0.03288634   -0.10048207  0.04853780   -0.03750667  0.03288634
 -0.12324901 -0.03916888   -0.03750667  0.03288634   -0.08167421  0.04973685
    2    1
 -0.08167421 -0.04973685    0.03750667  0.03288634   -0.12324901  0.03916888
  0.03750667  0.03288634   -0.10048207 -0.04853780   -0.03750667 -0.03288634
 -0.12324901  0.03916888   -0.03750667 -0.03288634   -0.08167421 -0.04973685
    2    2
  0.25226589  0.00000000    0.00440410 -0.00732970   -0.00087651  0.00000000
  0.00440410  0.00732970    0.30692722  0.00000000   -0.00440410 -0.00732970
 -0.00087651  0.00000000   -0.00440410  0.00732970    0.25226589  0.00000000

     Dynamical  Matrix in cartesian axes

     q = (   -0.750000000   0.250000000  -0.750000000 ) 

    1    1
  0.25226589  0.00000000   -0.00440410 -0.00732970    0.00087651  0.00000000
 -0.00440410  0.00732970    0.30692722  0.00000000   -0.00440410  0.00732970
  0.00087651  0.00000000   -0.00440410 -0.00732970    0.25226589  0.00000000
    1    2
 -0.04973685 -0.08167421   -0.03288634 -0.03750667   -0.03916888  0.12324901
 -0.03288634 -0.03750667   -0.04853780 -0.10048207   -0.03288634 -0.03750667
 -0.03916888  0.12324901   -0.03288634 -0.03750667   -0.04973685 -0.08167421
    2    1
 -0.04973685  0.08167421   -0.03288634  0.03750667   -0.03916888 -0.12324901
 -0.03288634  0.03750667   -0.04853780  0.10048207   -0.03288634  0.03750667
 -0.03916888 -0.12324901   -0.03288634  0.03750667   -0.04973685  0.08167421
    2    2
  0.25226589  0.00000000   -0.00440410  0.00732970    0.00087651  0.00000000
 -0.00440410 -0.00732970    0.30692722  0.00000000   -0.00440410 -0.00732970
  0.00087651  0.00000000   -0.00440410  0.00732970    0.25226589  0.00000000

     Dynamical  Matrix in cartesian axes

     q = (   -0.250000000   0.750000000  -0.750000000 ) 

    1    1
  0.30692722  0.00000000   -0.00440410  0.00732970    0.00440410 -0.00732970
 -0.00440410 -0.00732970    0.25226589  0.00000000   -0.00087651  0.00000000
  0.00440410  0.00732970   -0.00087651  0.00000000    0.25226589  0.00000000
    1    2
 -0.10048207  0.04853780   -0.03750667  0.03288634    0.03750667 -0.03288634
 -0.03750667  0.03288634   -0.08167421  0.04973685   -0.12324901 -0.03916888
  0.03750667 -0.03288634   -0.12324901 -0.03916888   -0.08167421  0.04973685
    2    1
 -0.10048207 -0.04853780   -0.03750667 -0.03288634    0.03750667  0.03288634
 -0.03750667 -0.03288634   -0.08167421 -0.04973685   -0.12324901  0.03916888
  0.03750667  0.03288634   -0.12324901  0.03916888   -0.08167421 -0.04973685
    2    2
  0.30692722  0.00000000   -0.00440410 -0.00732970    0.00440410  0.00732970
 -0.00440410  0.00732970    0.25226589  0.00000000   -0.00087651  0.00000000
  0.00440410 -0.00732970   -0.00087651  0.00000000    0.25226589  0.00000000

     Dynamical  Matrix in cartesian axes

     q = (   -0.750000000   0.750000000  -0.250000000 ) 

    1    1
  0.25226589  0.00000000   -0.00087651  0.00000000    0.00440410  0.00732970
 -0.00087651  0.00000000    0.25226589  0.00000000   -0.00440410 -0.00732970
  0.00440410 -0.00732970   -0.00440410  0.00732970    0.30692722  0.00000000
    1    2
 -0.08167421  0.04973685   -0.12324901 -0.03916888    0.03750667 -0.03288634
 -0.12324901 -0.03916888   -0.08167421  0.04973685   -0.03750667  0.03288634
  0.03750667 -0.03288634   -0.03750667  0.03288634   -0.10048207  0.04853780
    2    1
 -0.08167421 -0.04973685   -0.12324901  0.03916888    0.03750667  0.03288634
 -0.12324901  0.03916888   -0.08167421 -0.04973685   -0.03750667 -0.03288634
  0.03750667  0.03288634   -0.03750667 -0.03288634   -0.10048207 -0.04853780
    2    2
  0.25226589  0.00000000   -0.00087651  0.00000000    0.00440410 -0.00732970
 -0.00087651  0.00000000    0.25226589  0.00000000   -0.00440410  0.00732970
  0.00440410  0.00732970   -0.00440410 -0.00732970    0.30692722  0.00000000

     Dynamical  Matrix in cartesian axes

     q = (    0.750000000   0.250000000   0.750000000 ) 

    1    1
  0.25226589  0.00000000    0.00440410  0.00732970    0.00087651  0.00000000
  0.00440410 -0.00732970    0.30692722  0.00000000    0.00440410 -0.00732970
  0.00087651  0.00000000    0.00440410  0.00732970    0.25226589  0.00000000
    1    2
  0.08167421 -0.04973685   -0.03750667  0.03288634   -0.12324901 -0.03916888
 -0.03750667  0.03288634    0.10048207 -0.04853780   -0.03750667  0.03288634
 -0.12324901 -0.03916888   -0.03750667  0.03288634    0.08167421 -0.04973685
    2    1
  0.08167421  0.04973685   -0.03750667 -0.03288634   -0.12324901  0.03916888
 -0.03750667 -0.03288634    0.10048207  0.04853780   -0.03750667 -0.03288634
 -0.12324901  0.03916888   -0.03750667 -0.03288634    0.08167421  0.04973685
    2    2
  0.25226589  0.00000000    0.00440410 -0.00732970    0.00087651  0.00000000
  0.00440410  0.00732970    0.30692722  0.00000000    0.00440410  0.00732970
  0.00087651  0.00000000    0.00440410 -0.00732970    0.25226589  0.00000000

     Dynamical  Matrix in cartesian axes

     q = (   -0.750000000   0.250000000   0.750000000 ) 

    1    1
  0.25226589  0.00000000   -0.00440410  0.00732970   -0.00087651  0.00000000
 -0.00440410 -0.00732970    0.30692722  0.00000000    0.00440410  0.00732970
 -0.00087651  0.00000000    0.00440410 -0.00732970    0.25226589  0.00000000
    1    2
 -0.08167421 -0.04973685   -0.03750667 -0.03288634   -0.12324901  0.03916888
 -0.03750667 -0.03288634   -0.10048207 -0.04853780    0.03750667  0.03288634
 -0.12324901  0.03916888    0.03750667  0.03288634   -0.08167421 -0.04973685
    2    1
 -0.08167421  0.04973685   -0.03750667  0.03288634   -0.12324901 -0.03916888
 -0.03750667  0.03288634   -0.10048207  0.04853780    0.03750667 -0.03288634
 -0.12324901 -0.03916888    0.03750667 -0.03288634   -0.08167421  0.04973685
    2    2
  0.25226589  0.00000000   -0.00440410 -0.00732970   -0.00087651  0.00000000
 -0.00440410  0.00732970    0.30692722  0.00000000    0.00440410 -0.00732970
 -0.00087651  0.00000000    0.00440410  0.00732970    0.25226589  0.00000000

     Dynamical  Matrix in cartesian axes

     q = (    0.750000000   0.250000000  -0.750000000 ) 

    1    1
  0.25226589  0.00000000    0.00440410 -0.00732970   -0.00087651  0.00000000
  0.00440410  0.00732970    0.30692722  0.00000000   -0.00440410 -0.00732970
 -0.00087651  0.00000000   -0.00440410  0.00732970    0.25226589  0.00000000
    1    2
 -0.08167421 -0.04973685    0.03750667  0.03288634   -0.12324901  0.03916888
  0.03750667  0.03288634   -0.10048207 -0.04853780   -0.03750667 -0.03288634
 -0.12324901  0.03916888   -0.03750667 -0.03288634   -0.08167421 -0.04973685
    2    1
 -0.08167421  0.04973685    0.03750667 -0.03288634   -0.12324901 -0.03916888
  0.03750667 -0.03288634   -0.10048207  0.04853780   -0.03750667  0.03288634
 -0.12324901 -0.03916888   -0.03750667  0.03288634   -0.08167421  0.04973685
    2    2
  0.25226589  0.00000000    0.00440410  0.00732970   -0.00087651  0.00000000
  0.00440410 -0.00732970    0.30692722  0.00000000   -0.00440410  0.00732970
 -0.00087651  0.00000000   -0.00440410 -0.00732970    0.25226589  0.00000000

     Dynamical  Matrix in cartesian axes

     q = (   -0.750000000   0.750000000   0.250000000 ) 

    1    1
  0.25226589  0.00000000   -0.00087651  0.00000000   -0.00440410  0.00732970
 -0.00087651  0.00000000    0.25226589  0.00000000    0.00440410 -0.00732970
 -0.00440410 -0.00732970    0.00440410  0.00732970    0.30692722  0.00000000
    1    2
 -0.08167421 -0.04973685   -0.12324901  0.03916888   -0.03750667 -0.03288634
 -0.12324901  0.03916888   -0.08167421 -0.04973685    0.03750667  0.03288634
 -0.03750667 -0.03288634    0.03750667  0.03288634   -0.10048207 -0.04853780
    2    1
 -0.08167421  0.04973685   -0.12324901 -0.03916888   -0.03750667  0.03288634
 -0.12324901 -0.03916888   -0.08167421  0.04973685    0.03750667 -0.03288634
 -0.03750667  0.03288634    0.03750667 -0.03288634   -0.10048207  0.04853780
    2    2
  0.25226589  0.00000000   -0.00087651  0.00000000   -0.00440410 -0.00732970
 -0.00087651  0.00000000    0.25226589  0.00000000    0.00440410  0.00732970
 -0.00440410  0.00732970    0.00440410 -0.00732970    0.30692722  0.00000000

     Dynamical  Matrix in cartesian axes

     q = (   -0.250000000   0.750000000   0.750000000 ) 

    1    1
  0.30692722  0.00000000   -0.00440410 -0.00732970   -0.00440410 -0.00732970
 -0.00440410  0.00732970    0.25226589  0.00000000    0.00087651  0.00000000
 -0.00440410  0.00732970    0.00087651  0.00000000    0.25226589  0.00000000
    1    2
 -0.04853780  0.10048207   -0.03288634  0.03750667   -0.03288634  0.03750667
 -0.03288634  0.03750667   -0.04973685  0.08167421   -0.03916888 -0.12324901
 -0.03288634  0.03750667   -0.03916888 -0.12324901   -0.04973685  0.08167421
    2    1
 -0.04853780 -0.10048207   -0.03288634 -0.03750667   -0.03288634 -0.03750667
 -0.03288634 -0.03750667   -0.04973685 -0.08167421   -0.03916888  0.12324901
 -0.03288634 -0.03750667   -0.03916888  0.12324901   -0.04973685 -0.08167421
    2    2
  0.30692722  0.00000000   -0.00440410  0.00732970   -0.00440410  0.00732970
 -0.00440410 -0.00732970    0.25226589  0.00000000    0.00087651  0.00000000
 -0.00440410 -0.00732970    0.00087651  0.00000000    0.25226589  0.00000000

     Dynamical  Matrix in cartesian axes

     q = (    0.250000000   0.750000000  -0.750000000 ) 

    1    1
  0.30692722  0.00000000    0.00440410  0.00732970   -0.00440410 -0.00732970
  0.00440410 -0.00732970    0.25226589  0.00000000   -0.00087651  0.00000000
 -0.00440410  0.00732970   -0.00087651  0.00000000    0.25226589  0.00000000
    1    2
 -0.10048207 -0.04853780    0.03750667  0.03288634   -0.03750667 -0.03288634
  0.03750667  0.03288634   -0.08167421 -0.04973685   -0.12324901  0.03916888
 -0.03750667 -0.03288634   -0.12324901  0.03916888   -0.08167421 -0.04973685
    2    1
 -0.10048207  0.04853780    0.03750667 -0.03288634   -0.03750667  0.03288634
  0.03750667 -0.03288634   -0.08167421  0.04973685   -0.12324901 -0.03916888
 -0.03750667  0.03288634   -0.12324901 -0.03916888   -0.08167421  0.04973685
    2    2
  0.30692722  0.00000000    0.00440410 -0.00732970   -0.00440410  0.00732970
  0.00440410  0.00732970    0.25226589  0.00000000   -0.00087651  0.00000000
 -0.00440410 -0.00732970   -0.00087651  0.00000000    0.25226589  0.00000000

     Dynamical  Matrix in cartesian axes

     q = (   -0.250000000  -0.750000000  -0.750000000 ) 

    1    1
  0.30692722  0.00000000    0.00440410  0.00732970    0.00440410  0.00732970
  0.00440410 -0.00732970    0.25226589  0.00000000    0.00087651  0.00000000
  0.00440410 -0.00732970    0.00087651  0.00000000    0.25226589  0.00000000
    1    2
  0.10048207  0.04853780   -0.03750667 -0.03288634   -0.03750667 -0.03288634
 -0.03750667 -0.03288634    0.08167421  0.04973685   -0.12324901  0.03916888
 -0.03750667 -0.03288634   -0.12324901  0.03916888    0.08167421  0.04973685
    2    1
  0.10048207 -0.04853780   -0.03750667  0.03288634   -0.03750667  0.03288634
 -0.03750667  0.03288634    0.08167421 -0.04973685   -0.12324901 -0.03916888
 -0.03750667  0.03288634   -0.12324901 -0.03916888    0.08167421 -0.04973685
    2    2
  0.30692722  0.00000000    0.00440410 -0.00732970    0.00440410 -0.00732970
  0.00440410  0.00732970    0.25226589  0.00000000    0.00087651  0.00000000
  0.00440410  0.00732970    0.00087651  0.00000000    0.25226589  0.00000000

     Dynamical  Matrix in cartesian axes

     q = (    0.750000000   0.750000000  -0.250000000 ) 

    1    1
  0.25226589  0.00000000    0.00087651  0.00000000   -0.00440410  0.00732970
  0.00087651  0.00000000    0.25226589  0.00000000   -0.00440410  0.00732970
 -0.00440410 -0.00732970   -0.00440410 -0.00732970    0.30692722  0.00000000
    1    2
 -0.04973685  0.08167421   -0.03916888 -0.12324901   -0.03288634  0.03750667
 -0.03916888 -0.12324901   -0.04973685  0.08167421   -0.03288634  0.03750667
 -0.03288634  0.03750667   -0.03288634  0.03750667   -0.04853780  0.10048207
    2    1
 -0.04973685 -0.08167421   -0.03916888  0.12324901   -0.03288634 -0.03750667
 -0.03916888  0.12324901   -0.04973685 -0.08167421   -0.03288634 -0.03750667
 -0.03288634 -0.03750667   -0.03288634 -0.03750667   -0.04853780 -0.10048207
    2    2
  0.25226589  0.00000000    0.00087651  0.00000000   -0.00440410 -0.00732970
  0.00087651  0.00000000    0.25226589  0.00000000   -0.00440410 -0.00732970
 -0.00440410  0.00732970   -0.00440410  0.00732970    0.30692722  0.00000000

     Dynamical  Matrix in cartesian axes

     q = (    0.750000000  -0.750000000   0.250000000 ) 

    1    1
  0.25226589  0.00000000   -0.00087651  0.00000000    0.00440410 -0.00732970
 -0.00087651  0.00000000    0.25226589  0.00000000   -0.00440410  0.00732970
  0.00440410  0.00732970   -0.00440410 -0.00732970    0.30692722  0.00000000
    1    2
 -0.08167421 -0.04973685   -0.12324901  0.03916888    0.03750667  0.03288634
 -0.12324901  0.03916888   -0.08167421 -0.04973685   -0.03750667 -0.03288634
  0.03750667  0.03288634   -0.03750667 -0.03288634   -0.10048207 -0.04853780
    2    1
 -0.08167421  0.04973685   -0.12324901 -0.03916888    0.03750667 -0.03288634
 -0.12324901 -0.03916888   -0.08167421  0.04973685   -0.03750667  0.03288634
  0.03750667 -0.03288634   -0.03750667  0.03288634   -0.10048207  0.04853780
    2    2
  0.25226589  0.00000000   -0.00087651  0.00000000    0.00440410  0.00732970
 -0.00087651  0.00000000    0.25226589  0.00000000   -0.00440410 -0.00732970
  0.00440410 -0.00732970   -0.00440410  0.00732970    0.30692722  0.00000000

     Dynamical  Matrix in cartesian axes

     q = (   -0.750000000  -0.750000000  -0.250000000 ) 

    1    1
  0.25226589  0.00000000    0.00087651  0.00000000    0.00440410 -0.00732970
  0.00087651  0.00000000    0.25226589  0.00000000    0.00440410 -0.00732970
  0.00440410  0.00732970    0.00440410  0.00732970    0.30692722  0.00000000
    1    2
  0.08167421  0.04973685   -0.12324901  0.03916888   -0.03750667 -0.03288634
 -0.12324901  0.03916888    0.08167421  0.04973685   -0.03750667 -0.03288634
 -0.03750667 -0.03288634   -0.03750667 -0.03288634    0.10048207  0.04853780
    2    1
  0.08167421 -0.04973685   -0.12324901 -0.03916888   -0.03750667  0.03288634
 -0.12324901 -0.03916888    0.08167421 -0.04973685   -0.03750667  0.03288634
 -0.03750667  0.03288634   -0.03750667  0.03288634    0.10048207 -0.04853780
    2    2
  0.25226589  0.00000000    0.00087651  0.00000000    0.00440410  0.00732970
  0.00087651  0.00000000    0.25226589  0.00000000    0.00440410  0.00732970
  0.00440410 -0.00732970    0.00440410 -0.00732970    0.30692722  0.00000000

     Dynamical  Matrix in cartesian axes

     q = (    0.250000000  -0.750000000   0.750000000 ) 

    1    1
  0.30692722  0.00000000   -0.00440410 -0.00732970    0.00440410  0.00732970
 -0.00440410  0.00732970    0.25226589  0.00000000   -0.00087651  0.00000000
  0.00440410 -0.00732970   -0.00087651  0.00000000    0.25226589  0.00000000
    1    2
 -0.10048207 -0.04853780   -0.03750667 -0.03288634    0.03750667  0.03288634
 -0.03750667 -0.03288634   -0.08167421 -0.04973685   -0.12324901  0.03916888
  0.03750667  0.03288634   -0.12324901  0.03916888   -0.08167421 -0.04973685
    2    1
 -0.10048207  0.04853780   -0.03750667  0.03288634    0.03750667 -0.03288634
 -0.03750667  0.03288634   -0.08167421  0.04973685   -0.12324901 -0.03916888
  0.03750667 -0.03288634   -0.12324901 -0.03916888   -0.08167421  0.04973685
    2    2
  0.30692722  0.00000000   -0.00440410  0.00732970    0.00440410 -0.00732970
 -0.00440410 -0.00732970    0.25226589  0.00000000   -0.00087651  0.00000000
  0.00440410  0.00732970   -0.00087651  0.00000000    0.25226589  0.00000000

     Dynamical  Matrix in cartesian axes

     q = (   -0.750000000  -0.750000000   0.250000000 ) 

    1    1
  0.25226589  0.00000000    0.00087651  0.00000000   -0.00440410 -0.00732970
  0.00087651  0.00000000    0.25226589  0.00000000   -0.00440410 -0.00732970
 -0.00440410  0.00732970   -0.00440410  0.00732970    0.30692722  0.00000000
    1    2
 -0.04973685 -0.08167421   -0.03916888  0.12324901   -0.03288634 -0.03750667
 -0.03916888  0.12324901   -0.04973685 -0.08167421   -0.03288634 -0.03750667
 -0.03288634 -0.03750667   -0.03288634 -0.03750667   -0.04853780 -0.10048207
    2    1
 -0.04973685  0.08167421   -0.03916888 -0.12324901   -0.03288634  0.03750667
 -0.03916888 -0.12324901   -0.04973685  0.08167421   -0.03288634  0.03750667
 -0.03288634  0.03750667   -0.03288634  0.03750667   -0.04853780  0.10048207
    2    2
  0.25226589  0.00000000    0.00087651  0.00000000   -0.00440410  0.00732970
  0.00087651  0.00000000    0.25226589  0.00000000   -0.00440410  0.00732970
 -0.00440410 -0.00732970   -0.00440410 -0.00732970    0.30692722  0.00000000

     Dynamical  Matrix in cartesian axes

     q = (    0.250000000   0.750000000   0.750000000 ) 

    1    1
  0.30692722  0.00000000    0.00440410 -0.00732970    0.00440410 -0.00732970
  0.00440410  0.00732970    0.25226589  0.00000000    0.00087651  0.00000000
  0.00440410  0.00732970    0.00087651  0.00000000    0.25226589  0.00000000
    1    2
  0.10048207 -0.04853780   -0.03750667  0.03288634   -0.03750667  0.03288634
 -0.03750667  0.03288634    0.08167421 -0.04973685   -0.12324901 -0.03916888
 -0.03750667  0.03288634   -0.12324901 -0.03916888    0.08167421 -0.04973685
    2    1
  0.10048207  0.04853780   -0.03750667 -0.03288634   -0.03750667 -0.03288634
 -0.03750667 -0.03288634    0.08167421  0.04973685   -0.12324901  0.03916888
 -0.03750667 -0.03288634   -0.12324901  0.03916888    0.08167421  0.04973685
    2    2
  0.30692722  0.00000000    0.00440410  0.00732970    0.00440410  0.00732970
  0.00440410 -0.00732970    0.25226589  0.00000000    0.00087651  0.00000000
  0.00440410 -0.00732970    0.00087651  0.00000000    0.25226589  0.00000000

     Dynamical  Matrix in cartesian axes

     q = (   -0.250000000  -0.750000000   0.750000000 ) 

    1    1
  0.30692722  0.00000000    0.00440410 -0.00732970   -0.00440410  0.00732970
  0.00440410  0.00732970    0.25226589  0.00000000   -0.00087651  0.00000000
 -0.00440410 -0.00732970   -0.00087651  0.00000000    0.25226589  0.00000000
    1    2
 -0.10048207  0.04853780    0.03750667 -0.03288634   -0.03750667  0.03288634
  0.03750667 -0.03288634   -0.08167421  0.04973685   -0.12324901 -0.03916888
 -0.03750667  0.03288634   -0.12324901 -0.03916888   -0.08167421  0.04973685
    2    1
 -0.10048207 -0.04853780    0.03750667  0.03288634   -0.03750667 -0.03288634
  0.03750667  0.03288634   -0.08167421 -0.04973685   -0.12324901  0.03916888
 -0.03750667 -0.03288634   -0.12324901  0.03916888   -0.08167421 -0.04973685
    2    2
  0.30692722  0.00000000    0.00440410  0.00732970   -0.00440410 -0.00732970
  0.00440410 -0.00732970    0.25226589  0.00000000   -0.00087651  0.00000000
 -0.00440410  0.00732970   -0.00087651  0.00000000    0.25226589  0.00000000

     Dynamical  Matrix in cartesian axes

     q = (    0.750000000   0.750000000   0.250000000 ) 

    1    1
  0.25226589  0.00000000    0.00087651  0.00000000    0.00440410  0.00732970
  0.00087651  0.00000000    0.25226589  0.00000000    0.00440410  0.00732970
  0.00440410 -0.00732970    0.00440410 -0.00732970    0.30692722  0.00000000
    1    2
  0.08167421 -0.04973685   -0.12324901 -0.03916888   -0.03750667  0.03288634
 -0.12324901 -0.03916888    0.08167421 -0.04973685   -0.03750667  0.03288634
 -0.03750667  0.03288634   -0.03750667  0.03288634    0.10048207 -0.04853780
    2    1
  0.08167421  0.04973685   -0.12324901  0.03916888   -0.03750667 -0.03288634
 -0.12324901  0.03916888    0.08167421  0.04973685   -0.03750667 -0.03288634
 -0.03750667 -0.03288634   -0.03750667 -0.03288634    0.10048207  0.04853780
    2    2
  0.25226589  0.00000000    0.00087651  0.00000000    0.00440410 -0.00732970
  0.00087651  0.00000000    0.25226589  0.00000000    0.00440410 -0.00732970
  0.00440410  0.00732970    0.00440410  0.00732970    0.30692722  0.00000000

     Dynamical  Matrix in cartesian axes

     q = (    0.250000000  -0.750000000  -0.750000000 ) 

    1    1
  0.30692722  0.00000000   -0.00440410  0.00732970   -0.00440410  0.00732970
 -0.00440410 -0.00732970    0.25226589  0.00000000    0.00087651  0.00000000
 -0.00440410 -0.00732970    0.00087651  0.00000000    0.25226589  0.00000000
    1    2
 -0.04853780 -0.10048207   -0.03288634 -0.03750667   -0.03288634 -0.03750667
 -0.03288634 -0.03750667   -0.04973685 -0.08167421   -0.03916888  0.12324901
 -0.03288634 -0.03750667   -0.03916888  0.12324901   -0.04973685 -0.08167421
    2    1
 -0.04853780  0.10048207   -0.03288634  0.03750667   -0.03288634  0.03750667
 -0.03288634  0.03750667   -0.04973685  0.08167421   -0.03916888 -0.12324901
 -0.03288634  0.03750667   -0.03916888 -0.12324901   -0.04973685  0.08167421
    2    2
  0.30692722  0.00000000   -0.00440410 -0.00732970   -0.00440410 -0.00732970
 -0.00440410  0.00732970    0.25226589  0.00000000    0.00087651  0.00000000
 -0.00440410  0.00732970    0.00087651  0.00000000    0.25226589  0.00000000

     Dynamical  Matrix in cartesian axes

     q = (    0.750000000  -0.750000000  -0.250000000 ) 

    1    1
  0.25226589  0.00000000   -0.00087651  0.00000000   -0.00440410 -0.00732970
 -0.00087651  0.00000000    0.25226589  0.00000000    0.00440410  0.00732970
 -0.00440410  0.00732970    0.00440410 -0.00732970    0.30692722  0.00000000
    1    2
 -0.08167421  0.04973685   -0.12324901 -0.03916888   -0.03750667  0.03288634
 -0.12324901 -0.03916888   -0.08167421  0.04973685    0.03750667 -0.03288634
 -0.03750667  0.03288634    0.03750667 -0.03288634   -0.10048207  0.04853780
    2    1
 -0.08167421 -0.04973685   -0.12324901  0.03916888   -0.03750667 -0.03288634
 -0.12324901  0.03916888   -0.08167421 -0.04973685    0.03750667  0.03288634
 -0.03750667 -0.03288634    0.03750667  0.03288634   -0.10048207 -0.04853780
    2    2
  0.25226589  0.00000000   -0.00087651  0.00000000   -0.00440410  0.00732970
 -0.00087651  0.00000000    0.25226589  0.00000000    0.00440410 -0.00732970
 -0.00440410 -0.00732970    0.00440410  0.00732970    0.30692722  0.00000000

     Diagonalizing the dynamical matrix

     q = (    0.750000000  -0.250000000   0.750000000 ) 

 **************************************************************************
     freq (    1) =       4.419336 [THz] =     147.413188 [cm-1]
 (  0.025751 -0.499336 -0.000000 -0.000000 -0.025751  0.499336 ) 
 (  0.500000 -0.000000  0.000000 -0.000000 -0.500000  0.000000 ) 
     freq (    2) =       6.805967 [THz] =     227.022606 [cm-1]
 ( -0.393769 -0.069514 -0.365547  0.215877 -0.393769 -0.069514 ) 
 ( -0.399858  0.000000 -0.322451 -0.276140 -0.399858  0.000000 ) 
     freq (    3) =       9.662057 [THz] =     322.291525 [cm-1]
 (  0.022920  0.335695 -0.474631 -0.219757  0.022920  0.335695 ) 
 (  0.336476  0.000000 -0.251576 -0.458559  0.336476  0.000000 ) 
     freq (    4) =      11.799515 [THz] =     393.589449 [cm-1]
 ( -0.244344 -0.309852  0.383897  0.202973 -0.244344 -0.309852 ) 
 (  0.394604 -0.000000 -0.397093 -0.175762  0.394604  0.000000 ) 
     freq (    5) =      13.893953 [THz] =     463.452376 [cm-1]
 ( -0.025751  0.499336  0.000000  0.000000  0.025751 -0.499336 ) 
 (  0.500000 -0.000000  0.000000 -0.000000 -0.500000  0.000000 ) 
     freq (    6) =      13.952937 [THz] =     465.419877 [cm-1]
 ( -0.257658 -0.069265 -0.517052  0.300478 -0.257658 -0.069265 ) 
 (  0.266805 -0.000000  0.421318  0.424407  0.266805  0.000000 ) 
 **************************************************************************
