Dynamical matrix file
                                                                           
  1    2  2 10.3390000  0.0000000  0.0000000  0.0000000  0.0000000  0.0000000
           1  'Si  '    25598.822984527003     
    1    1      0.0000000000      0.0000000000      0.0000000000
    2    1      0.2500000000      0.2500000000      0.2500000000

     Dynamical  Matrix in cartesian axes

     q = (   -0.250000000   0.250000000  -0.250000000 ) 

    1    1
  0.26871942  0.00000000   -0.01090901  0.00000000    0.01090901  0.00000000
 -0.01090901  0.00000000    0.26871942  0.00000000   -0.01090901  0.00000000
  0.01090901  0.00000000   -0.01090901  0.00000000    0.26871942  0.00000000
    1    2
 -0.19325147 -0.05551977   -0.03654488  0.03727505    0.03654488 -0.03727505
 -0.03654488  0.03727505   -0.19325147 -0.05551977   -0.03654488  0.03727505
  0.03654488 -0.03727505   -0.03654488  0.03727505   -0.19325147 -0.05551977
    2    1
 -0.19325147  0.05551977   -0.03654488 -0.03727505    0.03654488  0.03727505
 -0.03654488 -0.03727505   -0.19325147  0.05551977   -0.03654488 -0.03727505
  0.03654488  0.03727505   -0.03654488 -0.03727505   -0.19325147  0.05551977
    2    2
  0.26871942  0.00000000   -0.01090901  0.00000000    0.01090901  0.00000000
 -0.01090901  0.00000000    0.26871942  0.00000000   -0.01090901  0.00000000
  0.01090901  0.00000000   -0.01090901  0.00000000    0.26871942  0.00000000

     Dynamical  Matrix in cartesian axes

     q = (    0.250000000  -0.250000000  -0.250000000 ) 

    1    1
  0.26871942  0.00000000   -0.01090901  0.00000000   -0.01090901  0.00000000
 -0.01090901  0.00000000    0.26871942  0.00000000    0.01090901  0.00000000
 -0.01090901  0.00000000    0.01090901  0.00000000    0.26871942  0.00000000
    1    2
 -0.19325147 -0.05551977   -0.03654488  0.03727505   -0.03654488  0.03727505
 -0.03654488  0.03727505   -0.19325147 -0.05551977    0.03654488 -0.03727505
 -0.03654488  0.03727505    0.03654488 -0.03727505   -0.19325147 -0.05551977
    2    1
 -0.19325147  0.05551977   -0.03654488 -0.03727505   -0.03654488 -0.03727505
 -0.03654488 -0.03727505   -0.19325147  0.05551977    0.03654488  0.03727505
 -0.03654488 -0.03727505    0.03654488  0.03727505   -0.19325147  0.05551977
    2    2
  0.26871942  0.00000000   -0.01090901  0.00000000   -0.01090901  0.00000000
 -0.01090901  0.00000000    0.26871942  0.00000000    0.01090901  0.00000000
 -0.01090901  0.00000000    0.01090901  0.00000000    0.26871942  0.00000000

     Dynamical  Matrix in cartesian axes

     q = (    0.250000000  -0.250000000   0.250000000 ) 

    1    1
  0.26871942  0.00000000   -0.01090901  0.00000000    0.01090901  0.00000000
 -0.01090901  0.00000000    0.26871942  0.00000000   -0.01090901  0.00000000
  0.01090901  0.00000000   -0.01090901  0.00000000    0.26871942  0.00000000
    1    2
 -0.19325147  0.05551977   -0.03654488 -0.03727505    0.03654488  0.03727505
 -0.03654488 -0.03727505   -0.19325147  0.05551977   -0.03654488 -0.03727505
  0.03654488  0.03727505   -0.03654488 -0.03727505   -0.19325147  0.05551977
    2    1
 -0.19325147 -0.05551977   -0.03654488  0.03727505    0.03654488 -0.03727505
 -0.03654488  0.03727505   -0.19325147 -0.05551977   -0.03654488  0.03727505
  0.03654488 -0.03727505   -0.03654488  0.03727505   -0.19325147 -0.05551977
    2    2
  0.26871942  0.00000000   -0.01090901  0.00000000    0.01090901  0.00000000
 -0.01090901  0.00000000    0.26871942  0.00000000   -0.01090901  0.00000000
  0.01090901  0.00000000   -0.01090901  0.00000000    0.26871942  0.00000000

     Dynamical  Matrix in cartesian axes

     q = (    0.250000000   0.250000000   0.250000000 ) 

    1    1
  0.26871942  0.00000000    0.01090901  0.00000000    0.01090901  0.00000000
  0.01090901  0.00000000    0.26871942  0.00000000    0.01090901  0.00000000
  0.01090901  0.00000000    0.01090901  0.00000000    0.26871942  0.00000000
    1    2
 -0.05551977  0.19325147   -0.03727505 -0.03654488   -0.03727505 -0.03654488
 -0.03727505 -0.03654488   -0.05551977  0.19325147   -0.03727505 -0.03654488
 -0.03727505 -0.03654488   -0.03727505 -0.03654488   -0.05551977  0.19325147
    2    1
 -0.05551977 -0.19325147   -0.03727505  0.03654488   -0.03727505  0.03654488
 -0.03727505  0.03654488   -0.05551977 -0.19325147   -0.03727505  0.03654488
 -0.03727505  0.03654488   -0.03727505  0.03654488   -0.05551977 -0.19325147
    2    2
  0.26871942  0.00000000    0.01090901  0.00000000    0.01090901  0.00000000
  0.01090901  0.00000000    0.26871942  0.00000000    0.01090901  0.00000000
  0.01090901  0.00000000    0.01090901  0.00000000    0.26871942  0.00000000

     Dynamical  Matrix in cartesian axes

     q = (   -0.250000000  -0.250000000  -0.250000000 ) 

    1    1
  0.26871942  0.00000000    0.01090901  0.00000000    0.01090901  0.00000000
  0.01090901  0.00000000    0.26871942  0.00000000    0.01090901  0.00000000
  0.01090901  0.00000000    0.01090901  0.00000000    0.26871942  0.00000000
    1    2
 -0.05551977 -0.19325147   -0.03727505  0.03654488   -0.03727505  0.03654488
 -0.03727505  0.03654488   -0.05551977 -0.19325147   -0.03727505  0.03654488
 -0.03727505  0.03654488   -0.03727505  0.03654488   -0.05551977 -0.19325147
    2    1
 -0.05551977  0.19325147   -0.03727505 -0.03654488   -0.03727505 -0.03654488
 -0.03727505 -0.03654488   -0.05551977  0.19325147   -0.03727505 -0.03654488
 -0.03727505 -0.03654488   -0.03727505 -0.03654488   -0.05551977  0.19325147
    2    2
  0.26871942  0.00000000    0.01090901  0.00000000    0.01090901  0.00000000
  0.01090901  0.00000000    0.26871942  0.00000000    0.01090901  0.00000000
  0.01090901  0.00000000    0.01090901  0.00000000    0.26871942  0.00000000

     Dynamical  Matrix in cartesian axes

     q = (   -0.250000000  -0.250000000   0.250000000 ) 

    1    1
  0.26871942  0.00000000    0.01090901  0.00000000   -0.01090901  0.00000000
  0.01090901  0.00000000    0.26871942  0.00000000   -0.01090901  0.00000000
 -0.01090901  0.00000000   -0.01090901  0.00000000    0.26871942  0.00000000
    1    2
 -0.19325147 -0.05551977    0.03654488 -0.03727505   -0.03654488  0.03727505
  0.03654488 -0.03727505   -0.19325147 -0.05551977   -0.03654488  0.03727505
 -0.03654488  0.03727505   -0.03654488  0.03727505   -0.19325147 -0.05551977
    2    1
 -0.19325147  0.05551977    0.03654488  0.03727505   -0.03654488 -0.03727505
  0.03654488  0.03727505   -0.19325147  0.05551977   -0.03654488 -0.03727505
 -0.03654488 -0.03727505   -0.03654488 -0.03727505   -0.19325147  0.05551977
    2    2
  0.26871942  0.00000000    0.01090901  0.00000000   -0.01090901  0.00000000
  0.01090901  0.00000000    0.26871942  0.00000000   -0.01090901  0.00000000
 -0.01090901  0.00000000   -0.01090901  0.00000000    0.26871942  0.00000000

     Dynamical  Matrix in cartesian axes

     q = (   -0.250000000   0.250000000   0.250000000 ) 

    1    1
  0.26871942  0.00000000   -0.01090901  0.00000000   -0.01090901  0.00000000
 -0.01090901  0.00000000    0.26871942  0.00000000    0.01090901  0.00000000
 -0.01090901  0.00000000    0.01090901  0.00000000    0.26871942  0.00000000
    1    2
 -0.19325147  0.05551977   -0.03654488 -0.03727505   -0.03654488 -0.03727505
 -0.03654488 -0.03727505   -0.19325147  0.05551977    0.03654488  0.03727505
 -0.03654488 -0.03727505    0.03654488  0.03727505   -0.19325147  0.05551977
    2    1
 -0.19325147 -0.05551977   -0.03654488  0.03727505   -0.03654488  0.03727505
 -0.03654488  0.03727505   -0.19325147 -0.05551977    0.03654488 -0.03727505
 -0.03654488  0.03727505    0.03654488 -0.03727505   -0.19325147 -0.05551977
    2    2
  0.26871942  0.00000000   -0.01090901  0.00000000   -0.01090901  0.00000000
 -0.01090901  0.00000000    0.26871942  0.00000000    0.01090901  0.00000000
 -0.01090901  0.00000000    0.01090901  0.00000000    0.26871942  0.00000000

     Dynamical  Matrix in cartesian axes

     q = (    0.250000000   0.250000000  -0.250000000 ) 

    1    1
  0.26871942  0.00000000    0.01090901  0.00000000   -0.01090901  0.00000000
  0.01090901  0.00000000    0.26871942  0.00000000   -0.01090901  0.00000000
 -0.01090901  0.00000000   -0.01090901  0.00000000    0.26871942  0.00000000
    1    2
 -0.19325147  0.05551977    0.03654488  0.03727505   -0.03654488 -0.03727505
  0.03654488  0.03727505   -0.19325147  0.05551977   -0.03654488 -0.03727505
 -0.03654488 -0.03727505   -0.03654488 -0.03727505   -0.19325147  0.05551977
    2    1
 -0.19325147 -0.05551977    0.03654488 -0.03727505   -0.03654488  0.03727505
  0.03654488 -0.03727505   -0.19325147 -0.05551977   -0.03654488  0.03727505
 -0.03654488  0.03727505   -0.03654488  0.03727505   -0.19325147 -0.05551977
    2    2
  0.26871942  0.00000000    0.01090901  0.00000000   -0.01090901  0.00000000
  0.01090901  0.00000000    0.26871942  0.00000000   -0.01090901  0.00000000
 -0.01090901  0.00000000   -0.01090901  0.00000000    0.26871942  0.00000000

     Diagonalizing the dynamical matrix

     q = (   -0.250000000   0.250000000  -0.250000000 ) 

 **************************************************************************
     freq (    1) =       3.396833 [THz] =     113.306142 [cm-1]
 (  0.475080  0.037691 -0.043813 -0.003507 -0.518892 -0.041198 ) 
 (  0.476573 -0.000028 -0.043953 -0.000028 -0.520525  0.000000 ) 
     freq (    2) =       3.396833 [THz] =     113.306142 [cm-1]
 ( -0.324884 -0.025735 -0.573874 -0.045503 -0.248990 -0.019769 ) 
 ( -0.325902  0.000059 -0.575675  0.000059 -0.249773  0.000000 ) 
     freq (    3) =       6.926012 [THz] =     231.026890 [cm-1]
 ( -0.277028 -0.299871  0.277028  0.299871 -0.277028 -0.299871 ) 
 ( -0.408248 -0.000000  0.408248  0.000000 -0.408248  0.000000 ) 
     freq (    4) =      14.060798 [THz] =     469.017733 [cm-1]
 ( -0.277028 -0.299871  0.277028  0.299871 -0.277028 -0.299871 ) 
 (  0.408248  0.000000 -0.408248  0.000000  0.408248  0.000000 ) 
     freq (    5) =      14.368839 [THz] =     479.292893 [cm-1]
 (  0.287510  0.022872 -0.288029 -0.022823 -0.575539 -0.045695 ) 
 ( -0.288418 -0.000045  0.288932 -0.000045  0.577350  0.000000 ) 
     freq (    6) =      14.368839 [THz] =     479.292893 [cm-1]
 ( -0.497879  0.047594 -0.497578  0.047617  0.000300  0.000024 ) 
 (  0.492550 -0.086849  0.492249 -0.086849 -0.000301  0.000000 ) 
 **************************************************************************
