Dynamical matrix file
                                                                           
  1    2  2 10.3390000  0.0000000  0.0000000  0.0000000  0.0000000  0.0000000
           1  'Si  '    25598.822984527003     
    1    1      0.0000000000      0.0000000000      0.0000000000
    2    1      0.2500000000      0.2500000000      0.2500000000

     Dynamical  Matrix in cartesian axes

     q = (    0.750000000  -0.250000000   0.750000000 ) 

    1    1
  0.23224976  0.00000000   -0.00486662  0.00742575    0.00212749  0.00000000
 -0.00486662 -0.00742575    0.28773416  0.00000000   -0.00486662 -0.00742575
  0.00212749  0.00000000   -0.00486662  0.00742575    0.23224976  0.00000000
    1    2
 -0.06341211  0.05465122   -0.03618341  0.04040096   -0.04132266 -0.13126486
 -0.03618341  0.04040096   -0.06214199  0.07355038   -0.03618341  0.04040096
 -0.04132266 -0.13126486   -0.03618341  0.04040096   -0.06341211  0.05465122
    2    1
 -0.06341211 -0.05465122   -0.03618341 -0.04040096   -0.04132266  0.13126486
 -0.03618341 -0.04040096   -0.06214199 -0.07355038   -0.03618341 -0.04040096
 -0.04132266  0.13126486   -0.03618341 -0.04040096   -0.06341211 -0.05465122
    2    2
  0.23224976  0.00000000   -0.00486662 -0.00742575    0.00212749  0.00000000
 -0.00486662  0.00742575    0.28773416  0.00000000   -0.00486662  0.00742575
  0.00212749  0.00000000   -0.00486662 -0.00742575    0.23224976  0.00000000

     Dynamical  Matrix in cartesian axes

     q = (    0.750000000  -0.250000000  -0.750000000 ) 

    1    1
  0.23224976  0.00000000   -0.00486662 -0.00742575   -0.00212749  0.00000000
 -0.00486662  0.00742575    0.28773416  0.00000000    0.00486662 -0.00742575
 -0.00212749  0.00000000    0.00486662  0.00742575    0.23224976  0.00000000
    1    2
 -0.05465122  0.06341211   -0.04040096  0.03618341   -0.13126486 -0.04132266
 -0.04040096  0.03618341   -0.07355038  0.06214199    0.04040096 -0.03618341
 -0.13126486 -0.04132266    0.04040096 -0.03618341   -0.05465122  0.06341211
    2    1
 -0.05465122 -0.06341211   -0.04040096 -0.03618341   -0.13126486  0.04132266
 -0.04040096 -0.03618341   -0.07355038 -0.06214199    0.04040096  0.03618341
 -0.13126486  0.04132266    0.04040096  0.03618341   -0.05465122 -0.06341211
    2    2
  0.23224976  0.00000000   -0.00486662  0.00742575   -0.00212749  0.00000000
 -0.00486662 -0.00742575    0.28773416  0.00000000    0.00486662  0.00742575
 -0.00212749  0.00000000    0.00486662 -0.00742575    0.23224976  0.00000000

     Dynamical  Matrix in cartesian axes

     q = (   -0.750000000  -0.250000000  -0.750000000 ) 

    1    1
  0.23224976  0.00000000    0.00486662 -0.00742575    0.00212749  0.00000000
  0.00486662  0.00742575    0.28773416  0.00000000    0.00486662  0.00742575
  0.00212749  0.00000000    0.00486662 -0.00742575    0.23224976  0.00000000
    1    2
  0.05465122  0.06341211   -0.04040096 -0.03618341   -0.13126486  0.04132266
 -0.04040096 -0.03618341    0.07355038  0.06214199   -0.04040096 -0.03618341
 -0.13126486  0.04132266   -0.04040096 -0.03618341    0.05465122  0.06341211
    2    1
  0.05465122 -0.06341211   -0.04040096  0.03618341   -0.13126486 -0.04132266
 -0.04040096  0.03618341    0.07355038 -0.06214199   -0.04040096  0.03618341
 -0.13126486 -0.04132266   -0.04040096  0.03618341    0.05465122 -0.06341211
    2    2
  0.23224976  0.00000000    0.00486662  0.00742575    0.00212749  0.00000000
  0.00486662 -0.00742575    0.28773416  0.00000000    0.00486662 -0.00742575
  0.00212749  0.00000000    0.00486662  0.00742575    0.23224976  0.00000000

     Dynamical  Matrix in cartesian axes

     q = (   -0.750000000  -0.250000000   0.750000000 ) 

    1    1
  0.23224976  0.00000000    0.00486662  0.00742575   -0.00212749  0.00000000
  0.00486662 -0.00742575    0.28773416  0.00000000   -0.00486662  0.00742575
 -0.00212749  0.00000000   -0.00486662 -0.00742575    0.23224976  0.00000000
    1    2
 -0.05465122  0.06341211    0.04040096 -0.03618341   -0.13126486 -0.04132266
  0.04040096 -0.03618341   -0.07355038  0.06214199   -0.04040096  0.03618341
 -0.13126486 -0.04132266   -0.04040096  0.03618341   -0.05465122  0.06341211
    2    1
 -0.05465122 -0.06341211    0.04040096  0.03618341   -0.13126486  0.04132266
  0.04040096  0.03618341   -0.07355038 -0.06214199   -0.04040096 -0.03618341
 -0.13126486  0.04132266   -0.04040096 -0.03618341   -0.05465122 -0.06341211
    2    2
  0.23224976  0.00000000    0.00486662 -0.00742575   -0.00212749  0.00000000
  0.00486662  0.00742575    0.28773416  0.00000000   -0.00486662 -0.00742575
 -0.00212749  0.00000000   -0.00486662  0.00742575    0.23224976  0.00000000

     Dynamical  Matrix in cartesian axes

     q = (   -0.750000000   0.250000000  -0.750000000 ) 

    1    1
  0.23224976  0.00000000   -0.00486662 -0.00742575    0.00212749  0.00000000
 -0.00486662  0.00742575    0.28773416  0.00000000   -0.00486662  0.00742575
  0.00212749  0.00000000   -0.00486662 -0.00742575    0.23224976  0.00000000
    1    2
 -0.06341211 -0.05465122   -0.03618341 -0.04040096   -0.04132266  0.13126486
 -0.03618341 -0.04040096   -0.06214199 -0.07355038   -0.03618341 -0.04040096
 -0.04132266  0.13126486   -0.03618341 -0.04040096   -0.06341211 -0.05465122
    2    1
 -0.06341211  0.05465122   -0.03618341  0.04040096   -0.04132266 -0.13126486
 -0.03618341  0.04040096   -0.06214199  0.07355038   -0.03618341  0.04040096
 -0.04132266 -0.13126486   -0.03618341  0.04040096   -0.06341211  0.05465122
    2    2
  0.23224976  0.00000000   -0.00486662  0.00742575    0.00212749  0.00000000
 -0.00486662 -0.00742575    0.28773416  0.00000000   -0.00486662 -0.00742575
  0.00212749  0.00000000   -0.00486662  0.00742575    0.23224976  0.00000000

     Dynamical  Matrix in cartesian axes

     q = (   -0.250000000   0.750000000  -0.750000000 ) 

    1    1
  0.28773416  0.00000000   -0.00486662  0.00742575    0.00486662 -0.00742575
 -0.00486662 -0.00742575    0.23224976  0.00000000   -0.00212749  0.00000000
  0.00486662  0.00742575   -0.00212749  0.00000000    0.23224976  0.00000000
    1    2
 -0.07355038  0.06214199   -0.04040096  0.03618341    0.04040096 -0.03618341
 -0.04040096  0.03618341   -0.05465122  0.06341211   -0.13126486 -0.04132266
  0.04040096 -0.03618341   -0.13126486 -0.04132266   -0.05465122  0.06341211
    2    1
 -0.07355038 -0.06214199   -0.04040096 -0.03618341    0.04040096  0.03618341
 -0.04040096 -0.03618341   -0.05465122 -0.06341211   -0.13126486  0.04132266
  0.04040096  0.03618341   -0.13126486  0.04132266   -0.05465122 -0.06341211
    2    2
  0.28773416  0.00000000   -0.00486662 -0.00742575    0.00486662  0.00742575
 -0.00486662  0.00742575    0.23224976  0.00000000   -0.00212749  0.00000000
  0.00486662 -0.00742575   -0.00212749  0.00000000    0.23224976  0.00000000

     Dynamical  Matrix in cartesian axes

     q = (   -0.750000000   0.750000000  -0.250000000 ) 

    1    1
  0.23224976  0.00000000   -0.00212749  0.00000000    0.00486662  0.00742575
 -0.00212749  0.00000000    0.23224976  0.00000000   -0.00486662 -0.00742575
  0.00486662 -0.00742575   -0.00486662  0.00742575    0.28773416  0.00000000
    1    2
 -0.05465122  0.06341211   -0.13126486 -0.04132266    0.04040096 -0.03618341
 -0.13126486 -0.04132266   -0.05465122  0.06341211   -0.04040096  0.03618341
  0.04040096 -0.03618341   -0.04040096  0.03618341   -0.07355038  0.06214199
    2    1
 -0.05465122 -0.06341211   -0.13126486  0.04132266    0.04040096  0.03618341
 -0.13126486  0.04132266   -0.05465122 -0.06341211   -0.04040096 -0.03618341
  0.04040096  0.03618341   -0.04040096 -0.03618341   -0.07355038 -0.06214199
    2    2
  0.23224976  0.00000000   -0.00212749  0.00000000    0.00486662 -0.00742575
 -0.00212749  0.00000000    0.23224976  0.00000000   -0.00486662  0.00742575
  0.00486662  0.00742575   -0.00486662 -0.00742575    0.28773416  0.00000000

     Dynamical  Matrix in cartesian axes

     q = (    0.750000000   0.250000000   0.750000000 ) 

    1    1
  0.23224976  0.00000000    0.00486662  0.00742575    0.00212749  0.00000000
  0.00486662 -0.00742575    0.28773416  0.00000000    0.00486662 -0.00742575
  0.00212749  0.00000000    0.00486662  0.00742575    0.23224976  0.00000000
    1    2
  0.05465122 -0.06341211   -0.04040096  0.03618341   -0.13126486 -0.04132266
 -0.04040096  0.03618341    0.07355038 -0.06214199   -0.04040096  0.03618341
 -0.13126486 -0.04132266   -0.04040096  0.03618341    0.05465122 -0.06341211
    2    1
  0.05465122  0.06341211   -0.04040096 -0.03618341   -0.13126486  0.04132266
 -0.04040096 -0.03618341    0.07355038  0.06214199   -0.04040096 -0.03618341
 -0.13126486  0.04132266   -0.04040096 -0.03618341    0.05465122  0.06341211
    2    2
  0.23224976  0.00000000    0.00486662 -0.00742575    0.00212749  0.00000000
  0.00486662  0.00742575    0.28773416  0.00000000    0.00486662  0.00742575
  0.00212749  0.00000000    0.00486662 -0.00742575    0.23224976  0.00000000

     Dynamical  Matrix in cartesian axes

     q = (   -0.750000000   0.250000000   0.750000000 ) 

    1    1
  0.23224976  0.00000000   -0.00486662  0.00742575   -0.00212749  0.00000000
 -0.00486662 -0.00742575    0.28773416  0.00000000    0.00486662  0.00742575
 -0.00212749  0.00000000    0.00486662 -0.00742575    0.23224976  0.00000000
    1    2
 -0.05465122 -0.06341211   -0.04040096 -0.03618341   -0.13126486  0.04132266
 -0.04040096 -0.03618341   -0.07355038 -0.06214199    0.04040096  0.03618341
 -0.13126486  0.04132266    0.04040096  0.03618341   -0.05465122 -0.06341211
    2    1
 -0.05465122  0.06341211   -0.04040096  0.03618341   -0.13126486 -0.04132266
 -0.04040096  0.03618341   -0.07355038  0.06214199    0.04040096 -0.03618341
 -0.13126486 -0.04132266    0.04040096 -0.03618341   -0.05465122  0.06341211
    2    2
  0.23224976  0.00000000   -0.00486662 -0.00742575   -0.00212749  0.00000000
 -0.00486662  0.00742575    0.28773416  0.00000000    0.00486662 -0.00742575
 -0.00212749  0.00000000    0.00486662  0.00742575    0.23224976  0.00000000

     Dynamical  Matrix in cartesian axes

     q = (    0.750000000   0.250000000  -0.750000000 ) 

    1    1
  0.23224976  0.00000000    0.00486662 -0.00742575   -0.00212749  0.00000000
  0.00486662  0.00742575    0.28773416  0.00000000   -0.00486662 -0.00742575
 -0.00212749  0.00000000   -0.00486662  0.00742575    0.23224976  0.00000000
    1    2
 -0.05465122 -0.06341211    0.04040096  0.03618341   -0.13126486  0.04132266
  0.04040096  0.03618341   -0.07355038 -0.06214199   -0.04040096 -0.03618341
 -0.13126486  0.04132266   -0.04040096 -0.03618341   -0.05465122 -0.06341211
    2    1
 -0.05465122  0.06341211    0.04040096 -0.03618341   -0.13126486 -0.04132266
  0.04040096 -0.03618341   -0.07355038  0.06214199   -0.04040096  0.03618341
 -0.13126486 -0.04132266   -0.04040096  0.03618341   -0.05465122  0.06341211
    2    2
  0.23224976  0.00000000    0.00486662  0.00742575   -0.00212749  0.00000000
  0.00486662 -0.00742575    0.28773416  0.00000000   -0.00486662  0.00742575
 -0.00212749  0.00000000   -0.00486662 -0.00742575    0.23224976  0.00000000

     Dynamical  Matrix in cartesian axes

     q = (   -0.750000000   0.750000000   0.250000000 ) 

    1    1
  0.23224976  0.00000000   -0.00212749  0.00000000   -0.00486662  0.00742575
 -0.00212749  0.00000000    0.23224976  0.00000000    0.00486662 -0.00742575
 -0.00486662 -0.00742575    0.00486662  0.00742575    0.28773416  0.00000000
    1    2
 -0.05465122 -0.06341211   -0.13126486  0.04132266   -0.04040096 -0.03618341
 -0.13126486  0.04132266   -0.05465122 -0.06341211    0.04040096  0.03618341
 -0.04040096 -0.03618341    0.04040096  0.03618341   -0.07355038 -0.06214199
    2    1
 -0.05465122  0.06341211   -0.13126486 -0.04132266   -0.04040096  0.03618341
 -0.13126486 -0.04132266   -0.05465122  0.06341211    0.04040096 -0.03618341
 -0.04040096  0.03618341    0.04040096 -0.03618341   -0.07355038  0.06214199
    2    2
  0.23224976  0.00000000   -0.00212749  0.00000000   -0.00486662 -0.00742575
 -0.00212749  0.00000000    0.23224976  0.00000000    0.00486662  0.00742575
 -0.00486662  0.00742575    0.00486662 -0.00742575    0.28773416  0.00000000

     Dynamical  Matrix in cartesian axes

     q = (   -0.250000000   0.750000000   0.750000000 ) 

    1    1
  0.28773416  0.00000000   -0.00486662 -0.00742575   -0.00486662 -0.00742575
 -0.00486662  0.00742575    0.23224976  0.00000000    0.00212749  0.00000000
 -0.00486662  0.00742575    0.00212749  0.00000000    0.23224976  0.00000000
    1    2
 -0.06214199  0.07355038   -0.03618341  0.04040096   -0.03618341  0.04040096
 -0.03618341  0.04040096   -0.06341211  0.05465122   -0.04132266 -0.13126486
 -0.03618341  0.04040096   -0.04132266 -0.13126486   -0.06341211  0.05465122
    2    1
 -0.06214199 -0.07355038   -0.03618341 -0.04040096   -0.03618341 -0.04040096
 -0.03618341 -0.04040096   -0.06341211 -0.05465122   -0.04132266  0.13126486
 -0.03618341 -0.04040096   -0.04132266  0.13126486   -0.06341211 -0.05465122
    2    2
  0.28773416  0.00000000   -0.00486662  0.00742575   -0.00486662  0.00742575
 -0.00486662 -0.00742575    0.23224976  0.00000000    0.00212749  0.00000000
 -0.00486662 -0.00742575    0.00212749  0.00000000    0.23224976  0.00000000

     Dynamical  Matrix in cartesian axes

     q = (    0.250000000   0.750000000  -0.750000000 ) 

    1    1
  0.28773416  0.00000000    0.00486662  0.00742575   -0.00486662 -0.00742575
  0.00486662 -0.00742575    0.23224976  0.00000000   -0.00212749  0.00000000
 -0.00486662  0.00742575   -0.00212749  0.00000000    0.23224976  0.00000000
    1    2
 -0.07355038 -0.06214199    0.04040096  0.03618341   -0.04040096 -0.03618341
  0.04040096  0.03618341   -0.05465122 -0.06341211   -0.13126486  0.04132266
 -0.04040096 -0.03618341   -0.13126486  0.04132266   -0.05465122 -0.06341211
    2    1
 -0.07355038  0.06214199    0.04040096 -0.03618341   -0.04040096  0.03618341
  0.04040096 -0.03618341   -0.05465122  0.06341211   -0.13126486 -0.04132266
 -0.04040096  0.03618341   -0.13126486 -0.04132266   -0.05465122  0.06341211
    2    2
  0.28773416  0.00000000    0.00486662 -0.00742575   -0.00486662  0.00742575
  0.00486662  0.00742575    0.23224976  0.00000000   -0.00212749  0.00000000
 -0.00486662 -0.00742575   -0.00212749  0.00000000    0.23224976  0.00000000

     Dynamical  Matrix in cartesian axes

     q = (   -0.250000000  -0.750000000  -0.750000000 ) 

    1    1
  0.28773416  0.00000000    0.00486662  0.00742575    0.00486662  0.00742575
  0.00486662 -0.00742575    0.23224976  0.00000000    0.00212749  0.00000000
  0.00486662 -0.00742575    0.00212749  0.00000000    0.23224976  0.00000000
    1    2
  0.07355038  0.06214199   -0.04040096 -0.03618341   -0.04040096 -0.03618341
 -0.04040096 -0.03618341    0.05465122  0.06341211   -0.13126486  0.04132266
 -0.04040096 -0.03618341   -0.13126486  0.04132266    0.05465122  0.06341211
    2    1
  0.07355038 -0.06214199   -0.04040096  0.03618341   -0.04040096  0.03618341
 -0.04040096  0.03618341    0.05465122 -0.06341211   -0.13126486 -0.04132266
 -0.04040096  0.03618341   -0.13126486 -0.04132266    0.05465122 -0.06341211
    2    2
  0.28773416  0.00000000    0.00486662 -0.00742575    0.00486662 -0.00742575
  0.00486662  0.00742575    0.23224976  0.00000000    0.00212749  0.00000000
  0.00486662  0.00742575    0.00212749  0.00000000    0.23224976  0.00000000

     Dynamical  Matrix in cartesian axes

     q = (    0.750000000   0.750000000  -0.250000000 ) 

    1    1
  0.23224976  0.00000000    0.00212749  0.00000000   -0.00486662  0.00742575
  0.00212749  0.00000000    0.23224976  0.00000000   -0.00486662  0.00742575
 -0.00486662 -0.00742575   -0.00486662 -0.00742575    0.28773416  0.00000000
    1    2
 -0.06341211  0.05465122   -0.04132266 -0.13126486   -0.03618341  0.04040096
 -0.04132266 -0.13126486   -0.06341211  0.05465122   -0.03618341  0.04040096
 -0.03618341  0.04040096   -0.03618341  0.04040096   -0.06214199  0.07355038
    2    1
 -0.06341211 -0.05465122   -0.04132266  0.13126486   -0.03618341 -0.04040096
 -0.04132266  0.13126486   -0.06341211 -0.05465122   -0.03618341 -0.04040096
 -0.03618341 -0.04040096   -0.03618341 -0.04040096   -0.06214199 -0.07355038
    2    2
  0.23224976  0.00000000    0.00212749  0.00000000   -0.00486662 -0.00742575
  0.00212749  0.00000000    0.23224976  0.00000000   -0.00486662 -0.00742575
 -0.00486662  0.00742575   -0.00486662  0.00742575    0.28773416  0.00000000

     Dynamical  Matrix in cartesian axes

     q = (    0.750000000  -0.750000000   0.250000000 ) 

    1    1
  0.23224976  0.00000000   -0.00212749  0.00000000    0.00486662 -0.00742575
 -0.00212749  0.00000000    0.23224976  0.00000000   -0.00486662  0.00742575
  0.00486662  0.00742575   -0.00486662 -0.00742575    0.28773416  0.00000000
    1    2
 -0.05465122 -0.06341211   -0.13126486  0.04132266    0.04040096  0.03618341
 -0.13126486  0.04132266   -0.05465122 -0.06341211   -0.04040096 -0.03618341
  0.04040096  0.03618341   -0.04040096 -0.03618341   -0.07355038 -0.06214199
    2    1
 -0.05465122  0.06341211   -0.13126486 -0.04132266    0.04040096 -0.03618341
 -0.13126486 -0.04132266   -0.05465122  0.06341211   -0.04040096  0.03618341
  0.04040096 -0.03618341   -0.04040096  0.03618341   -0.07355038  0.06214199
    2    2
  0.23224976  0.00000000   -0.00212749  0.00000000    0.00486662  0.00742575
 -0.00212749  0.00000000    0.23224976  0.00000000   -0.00486662 -0.00742575
  0.00486662 -0.00742575   -0.00486662  0.00742575    0.28773416  0.00000000

     Dynamical  Matrix in cartesian axes

     q = (   -0.750000000  -0.750000000  -0.250000000 ) 

    1    1
  0.23224976  0.00000000    0.00212749  0.00000000    0.00486662 -0.00742575
  0.00212749  0.00000000    0.23224976  0.00000000    0.00486662 -0.00742575
  0.00486662  0.00742575    0.00486662  0.00742575    0.28773416  0.00000000
    1    2
  0.05465122  0.06341211   -0.13126486  0.04132266   -0.04040096 -0.03618341
 -0.13126486  0.04132266    0.05465122  0.06341211   -0.04040096 -0.03618341
 -0.04040096 -0.03618341   -0.04040096 -0.03618341    0.07355038  0.06214199
    2    1
  0.05465122 -0.06341211   -0.13126486 -0.04132266   -0.04040096  0.03618341
 -0.13126486 -0.04132266    0.05465122 -0.06341211   -0.04040096  0.03618341
 -0.04040096  0.03618341   -0.04040096  0.03618341    0.07355038 -0.06214199
    2    2
  0.23224976  0.00000000    0.00212749  0.00000000    0.00486662  0.00742575
  0.00212749  0.00000000    0.23224976  0.00000000    0.00486662  0.00742575
  0.00486662 -0.00742575    0.00486662 -0.00742575    0.28773416  0.00000000

     Dynamical  Matrix in cartesian axes

     q = (    0.250000000  -0.750000000   0.750000000 ) 

    1    1
  0.28773416  0.00000000   -0.00486662 -0.00742575    0.00486662  0.00742575
 -0.00486662  0.00742575    0.23224976  0.00000000   -0.00212749  0.00000000
  0.00486662 -0.00742575   -0.00212749  0.00000000    0.23224976  0.00000000
    1    2
 -0.07355038 -0.06214199   -0.04040096 -0.03618341    0.04040096  0.03618341
 -0.04040096 -0.03618341   -0.05465122 -0.06341211   -0.13126486  0.04132266
  0.04040096  0.03618341   -0.13126486  0.04132266   -0.05465122 -0.06341211
    2    1
 -0.07355038  0.06214199   -0.04040096  0.03618341    0.04040096 -0.03618341
 -0.04040096  0.03618341   -0.05465122  0.06341211   -0.13126486 -0.04132266
  0.04040096 -0.03618341   -0.13126486 -0.04132266   -0.05465122  0.06341211
    2    2
  0.28773416  0.00000000   -0.00486662  0.00742575    0.00486662 -0.00742575
 -0.00486662 -0.00742575    0.23224976  0.00000000   -0.00212749  0.00000000
  0.00486662  0.00742575   -0.00212749  0.00000000    0.23224976  0.00000000

     Dynamical  Matrix in cartesian axes

     q = (   -0.750000000  -0.750000000   0.250000000 ) 

    1    1
  0.23224976  0.00000000    0.00212749  0.00000000   -0.00486662 -0.00742575
  0.00212749  0.00000000    0.23224976  0.00000000   -0.00486662 -0.00742575
 -0.00486662  0.00742575   -0.00486662  0.00742575    0.28773416  0.00000000
    1    2
 -0.06341211 -0.05465122   -0.04132266  0.13126486   -0.03618341 -0.04040096
 -0.04132266  0.13126486   -0.06341211 -0.05465122   -0.03618341 -0.04040096
 -0.03618341 -0.04040096   -0.03618341 -0.04040096   -0.06214199 -0.07355038
    2    1
 -0.06341211  0.05465122   -0.04132266 -0.13126486   -0.03618341  0.04040096
 -0.04132266 -0.13126486   -0.06341211  0.05465122   -0.03618341  0.04040096
 -0.03618341  0.04040096   -0.03618341  0.04040096   -0.06214199  0.07355038
    2    2
  0.23224976  0.00000000    0.00212749  0.00000000   -0.00486662  0.00742575
  0.00212749  0.00000000    0.23224976  0.00000000   -0.00486662  0.00742575
 -0.00486662 -0.00742575   -0.00486662 -0.00742575    0.28773416  0.00000000

     Dynamical  Matrix in cartesian axes

     q = (    0.250000000   0.750000000   0.750000000 ) 

    1    1
  0.28773416  0.00000000    0.00486662 -0.00742575    0.00486662 -0.00742575
  0.00486662  0.00742575    0.23224976  0.00000000    0.00212749  0.00000000
  0.00486662  0.00742575    0.00212749  0.00000000    0.23224976  0.00000000
    1    2
  0.07355038 -0.06214199   -0.04040096  0.03618341   -0.04040096  0.03618341
 -0.04040096  0.03618341    0.05465122 -0.06341211   -0.13126486 -0.04132266
 -0.04040096  0.03618341   -0.13126486 -0.04132266    0.05465122 -0.06341211
    2    1
  0.07355038  0.06214199   -0.04040096 -0.03618341   -0.04040096 -0.03618341
 -0.04040096 -0.03618341    0.05465122  0.06341211   -0.13126486  0.04132266
 -0.04040096 -0.03618341   -0.13126486  0.04132266    0.05465122  0.06341211
    2    2
  0.28773416  0.00000000    0.00486662  0.00742575    0.00486662  0.00742575
  0.00486662 -0.00742575    0.23224976  0.00000000    0.00212749  0.00000000
  0.00486662 -0.00742575    0.00212749  0.00000000    0.23224976  0.00000000

     Dynamical  Matrix in cartesian axes

     q = (   -0.250000000  -0.750000000   0.750000000 ) 

    1    1
  0.28773416  0.00000000    0.00486662 -0.00742575   -0.00486662  0.00742575
  0.00486662  0.00742575    0.23224976  0.00000000   -0.00212749  0.00000000
 -0.00486662 -0.00742575   -0.00212749  0.00000000    0.23224976  0.00000000
    1    2
 -0.07355038  0.06214199    0.04040096 -0.03618341   -0.04040096  0.03618341
  0.04040096 -0.03618341   -0.05465122  0.06341211   -0.13126486 -0.04132266
 -0.04040096  0.03618341   -0.13126486 -0.04132266   -0.05465122  0.06341211
    2    1
 -0.07355038 -0.06214199    0.04040096  0.03618341   -0.04040096 -0.03618341
  0.04040096  0.03618341   -0.05465122 -0.06341211   -0.13126486  0.04132266
 -0.04040096 -0.03618341   -0.13126486  0.04132266   -0.05465122 -0.06341211
    2    2
  0.28773416  0.00000000    0.00486662  0.00742575   -0.00486662 -0.00742575
  0.00486662 -0.00742575    0.23224976  0.00000000   -0.00212749  0.00000000
 -0.00486662  0.00742575   -0.00212749  0.00000000    0.23224976  0.00000000

     Dynamical  Matrix in cartesian axes

     q = (    0.750000000   0.750000000   0.250000000 ) 

    1    1
  0.23224976  0.00000000    0.00212749  0.00000000    0.00486662  0.00742575
  0.00212749  0.00000000    0.23224976  0.00000000    0.00486662  0.00742575
  0.00486662 -0.00742575    0.00486662 -0.00742575    0.28773416  0.00000000
    1    2
  0.05465122 -0.06341211   -0.13126486 -0.04132266   -0.04040096  0.03618341
 -0.13126486 -0.04132266    0.05465122 -0.06341211   -0.04040096  0.03618341
 -0.04040096  0.03618341   -0.04040096  0.03618341    0.07355038 -0.06214199
    2    1
  0.05465122  0.06341211   -0.13126486  0.04132266   -0.04040096 -0.03618341
 -0.13126486  0.04132266    0.05465122  0.06341211   -0.04040096 -0.03618341
 -0.04040096 -0.03618341   -0.04040096 -0.03618341    0.07355038  0.06214199
    2    2
  0.23224976  0.00000000    0.00212749  0.00000000    0.00486662 -0.00742575
  0.00212749  0.00000000    0.23224976  0.00000000    0.00486662 -0.00742575
  0.00486662  0.00742575    0.00486662  0.00742575    0.28773416  0.00000000

     Dynamical  Matrix in cartesian axes

     q = (    0.250000000  -0.750000000  -0.750000000 ) 

    1    1
  0.28773416  0.00000000   -0.00486662  0.00742575   -0.00486662  0.00742575
 -0.00486662 -0.00742575    0.23224976  0.00000000    0.00212749  0.00000000
 -0.00486662 -0.00742575    0.00212749  0.00000000    0.23224976  0.00000000
    1    2
 -0.06214199 -0.07355038   -0.03618341 -0.04040096   -0.03618341 -0.04040096
 -0.03618341 -0.04040096   -0.06341211 -0.05465122   -0.04132266  0.13126486
 -0.03618341 -0.04040096   -0.04132266  0.13126486   -0.06341211 -0.05465122
    2    1
 -0.06214199  0.07355038   -0.03618341  0.04040096   -0.03618341  0.04040096
 -0.03618341  0.04040096   -0.06341211  0.05465122   -0.04132266 -0.13126486
 -0.03618341  0.04040096   -0.04132266 -0.13126486   -0.06341211  0.05465122
    2    2
  0.28773416  0.00000000   -0.00486662 -0.00742575   -0.00486662 -0.00742575
 -0.00486662  0.00742575    0.23224976  0.00000000    0.00212749  0.00000000
 -0.00486662  0.00742575    0.00212749  0.00000000    0.23224976  0.00000000

     Dynamical  Matrix in cartesian axes

     q = (    0.750000000  -0.750000000  -0.250000000 ) 

    1    1
  0.23224976  0.00000000   -0.00212749  0.00000000   -0.00486662 -0.00742575
 -0.00212749  0.00000000    0.23224976  0.00000000    0.00486662  0.00742575
 -0.00486662  0.00742575    0.00486662 -0.00742575    0.28773416  0.00000000
    1    2
 -0.05465122  0.06341211   -0.13126486 -0.04132266   -0.04040096  0.03618341
 -0.13126486 -0.04132266   -0.05465122  0.06341211    0.04040096 -0.03618341
 -0.04040096  0.03618341    0.04040096 -0.03618341   -0.07355038  0.06214199
    2    1
 -0.05465122 -0.06341211   -0.13126486  0.04132266   -0.04040096 -0.03618341
 -0.13126486  0.04132266   -0.05465122 -0.06341211    0.04040096  0.03618341
 -0.04040096 -0.03618341    0.04040096  0.03618341   -0.07355038 -0.06214199
    2    2
  0.23224976  0.00000000   -0.00212749  0.00000000   -0.00486662  0.00742575
 -0.00212749  0.00000000    0.23224976  0.00000000    0.00486662 -0.00742575
 -0.00486662 -0.00742575    0.00486662  0.00742575    0.28773416  0.00000000

     Diagonalizing the dynamical matrix

     q = (    0.750000000  -0.250000000   0.750000000 ) 

 **************************************************************************
     freq (    1) =       4.258790 [THz] =     142.057945 [cm-1]
 (  0.058992 -0.496508  0.000000 -0.000000 -0.058992  0.496508 ) 
 (  0.500000 -0.000000  0.000000  0.000000 -0.500000  0.000000 ) 
     freq (    2) =       5.523923 [THz] =     184.258251 [cm-1]
 ( -0.398515 -0.194582 -0.299341  0.130549 -0.398515 -0.194582 ) 
 ( -0.443482  0.000000 -0.211710 -0.248650 -0.443482  0.000000 ) 
     freq (    3) =       9.013219 [THz] =     300.648622 [cm-1]
 (  0.128918 -0.247766  0.395180  0.433378  0.128918 -0.247766 ) 
 ( -0.279299  0.000000  0.202043  0.550602 -0.279299  0.000000 ) 
     freq (    4) =      11.939348 [THz] =     398.253776 [cm-1]
 (  0.116466  0.312637 -0.415808 -0.323251  0.116466  0.312637 ) 
 ( -0.333626 -0.000000  0.448070  0.276805 -0.333626  0.000000 ) 
     freq (    5) =      13.283520 [THz] =     443.090532 [cm-1]
 (  0.058992 -0.496508 -0.000000  0.000000 -0.058992  0.496508 ) 
 ( -0.500000 -0.000000  0.000000  0.000000  0.500000  0.000000 ) 
     freq (    6) =      13.681833 [THz] =     456.376828 [cm-1]
 ( -0.301703 -0.151608 -0.477126  0.210551 -0.301703 -0.151608 ) 
 (  0.337653  0.000000  0.331787  0.402365  0.337653 -0.000000 ) 
 **************************************************************************
