Dynamical matrix file
                                                                           
  1    2  2 10.2800000  0.0000000  0.0000000  0.0000000  0.0000000  0.0000000
           1  'Si  '    25598.822984527003     
    1    1      0.0000000000      0.0000000000      0.0000000000
    2    1      0.2500000000      0.2500000000      0.2500000000

     Dynamical  Matrix in cartesian axes

     q = (    0.750000000  -0.250000000   0.750000000 ) 

    1    1
  0.25489002  0.00000000   -0.00653919  0.00783278    0.00617152  0.00000000
 -0.00653919 -0.00783278    0.30690787  0.00000000   -0.00653919 -0.00783278
  0.00617152  0.00000000   -0.00653919  0.00783278    0.25489002  0.00000000
    1    2
 -0.06241608  0.06359361   -0.04346655  0.04597891   -0.04386785 -0.14346503
 -0.04346655  0.04597891   -0.06070740  0.08207765   -0.04346655  0.04597891
 -0.04386785 -0.14346503   -0.04346655  0.04597891   -0.06241608  0.06359361
    2    1
 -0.06241608 -0.06359361   -0.04346655 -0.04597891   -0.04386785  0.14346503
 -0.04346655 -0.04597891   -0.06070740 -0.08207765   -0.04346655 -0.04597891
 -0.04386785  0.14346503   -0.04346655 -0.04597891   -0.06241608 -0.06359361
    2    2
  0.25489002  0.00000000   -0.00653919 -0.00783278    0.00617152  0.00000000
 -0.00653919  0.00783278    0.30690787  0.00000000   -0.00653919  0.00783278
  0.00617152  0.00000000   -0.00653919 -0.00783278    0.25489002  0.00000000

     Dynamical  Matrix in cartesian axes

     q = (    0.750000000  -0.250000000  -0.750000000 ) 

    1    1
  0.25489002  0.00000000   -0.00653919 -0.00783278   -0.00617152  0.00000000
 -0.00653919  0.00783278    0.30690787  0.00000000    0.00653919 -0.00783278
 -0.00617152  0.00000000    0.00653919  0.00783278    0.25489002  0.00000000
    1    2
 -0.06359361  0.06241608   -0.04597891  0.04346655   -0.14346503 -0.04386785
 -0.04597891  0.04346655   -0.08207765  0.06070740    0.04597891 -0.04346655
 -0.14346503 -0.04386785    0.04597891 -0.04346655   -0.06359361  0.06241608
    2    1
 -0.06359361 -0.06241608   -0.04597891 -0.04346655   -0.14346503  0.04386785
 -0.04597891 -0.04346655   -0.08207765 -0.06070740    0.04597891  0.04346655
 -0.14346503  0.04386785    0.04597891  0.04346655   -0.06359361 -0.06241608
    2    2
  0.25489002  0.00000000   -0.00653919  0.00783278   -0.00617152  0.00000000
 -0.00653919 -0.00783278    0.30690787  0.00000000    0.00653919  0.00783278
 -0.00617152  0.00000000    0.00653919 -0.00783278    0.25489002  0.00000000

     Dynamical  Matrix in cartesian axes

     q = (   -0.750000000  -0.250000000  -0.750000000 ) 

    1    1
  0.25489002  0.00000000    0.00653919 -0.00783278    0.00617152  0.00000000
  0.00653919  0.00783278    0.30690787  0.00000000    0.00653919  0.00783278
  0.00617152  0.00000000    0.00653919 -0.00783278    0.25489002  0.00000000
    1    2
  0.06359361  0.06241608   -0.04597891 -0.04346655   -0.14346503  0.04386785
 -0.04597891 -0.04346655    0.08207765  0.06070740   -0.04597891 -0.04346655
 -0.14346503  0.04386785   -0.04597891 -0.04346655    0.06359361  0.06241608
    2    1
  0.06359361 -0.06241608   -0.04597891  0.04346655   -0.14346503 -0.04386785
 -0.04597891  0.04346655    0.08207765 -0.06070740   -0.04597891  0.04346655
 -0.14346503 -0.04386785   -0.04597891  0.04346655    0.06359361 -0.06241608
    2    2
  0.25489002  0.00000000    0.00653919  0.00783278    0.00617152  0.00000000
  0.00653919 -0.00783278    0.30690787  0.00000000    0.00653919 -0.00783278
  0.00617152  0.00000000    0.00653919  0.00783278    0.25489002  0.00000000

     Dynamical  Matrix in cartesian axes

     q = (   -0.750000000  -0.250000000   0.750000000 ) 

    1    1
  0.25489002  0.00000000    0.00653919  0.00783278   -0.00617152  0.00000000
  0.00653919 -0.00783278    0.30690787  0.00000000   -0.00653919  0.00783278
 -0.00617152  0.00000000   -0.00653919 -0.00783278    0.25489002  0.00000000
    1    2
 -0.06359361  0.06241608    0.04597891 -0.04346655   -0.14346503 -0.04386785
  0.04597891 -0.04346655   -0.08207765  0.06070740   -0.04597891  0.04346655
 -0.14346503 -0.04386785   -0.04597891  0.04346655   -0.06359361  0.06241608
    2    1
 -0.06359361 -0.06241608    0.04597891  0.04346655   -0.14346503  0.04386785
  0.04597891  0.04346655   -0.08207765 -0.06070740   -0.04597891 -0.04346655
 -0.14346503  0.04386785   -0.04597891 -0.04346655   -0.06359361 -0.06241608
    2    2
  0.25489002  0.00000000    0.00653919 -0.00783278   -0.00617152  0.00000000
  0.00653919  0.00783278    0.30690787  0.00000000   -0.00653919 -0.00783278
 -0.00617152  0.00000000   -0.00653919  0.00783278    0.25489002  0.00000000

     Dynamical  Matrix in cartesian axes

     q = (   -0.750000000   0.250000000  -0.750000000 ) 

    1    1
  0.25489002  0.00000000   -0.00653919 -0.00783278    0.00617152  0.00000000
 -0.00653919  0.00783278    0.30690787  0.00000000   -0.00653919  0.00783278
  0.00617152  0.00000000   -0.00653919 -0.00783278    0.25489002  0.00000000
    1    2
 -0.06241608 -0.06359361   -0.04346655 -0.04597891   -0.04386785  0.14346503
 -0.04346655 -0.04597891   -0.06070740 -0.08207765   -0.04346655 -0.04597891
 -0.04386785  0.14346503   -0.04346655 -0.04597891   -0.06241608 -0.06359361
    2    1
 -0.06241608  0.06359361   -0.04346655  0.04597891   -0.04386785 -0.14346503
 -0.04346655  0.04597891   -0.06070740  0.08207765   -0.04346655  0.04597891
 -0.04386785 -0.14346503   -0.04346655  0.04597891   -0.06241608  0.06359361
    2    2
  0.25489002  0.00000000   -0.00653919  0.00783278    0.00617152  0.00000000
 -0.00653919 -0.00783278    0.30690787  0.00000000   -0.00653919 -0.00783278
  0.00617152  0.00000000   -0.00653919  0.00783278    0.25489002  0.00000000

     Dynamical  Matrix in cartesian axes

     q = (   -0.250000000   0.750000000  -0.750000000 ) 

    1    1
  0.30690787  0.00000000   -0.00653919  0.00783278    0.00653919 -0.00783278
 -0.00653919 -0.00783278    0.25489002  0.00000000   -0.00617152  0.00000000
  0.00653919  0.00783278   -0.00617152  0.00000000    0.25489002  0.00000000
    1    2
 -0.08207765  0.06070740   -0.04597891  0.04346655    0.04597891 -0.04346655
 -0.04597891  0.04346655   -0.06359361  0.06241608   -0.14346503 -0.04386785
  0.04597891 -0.04346655   -0.14346503 -0.04386785   -0.06359361  0.06241608
    2    1
 -0.08207765 -0.06070740   -0.04597891 -0.04346655    0.04597891  0.04346655
 -0.04597891 -0.04346655   -0.06359361 -0.06241608   -0.14346503  0.04386785
  0.04597891  0.04346655   -0.14346503  0.04386785   -0.06359361 -0.06241608
    2    2
  0.30690787  0.00000000   -0.00653919 -0.00783278    0.00653919  0.00783278
 -0.00653919  0.00783278    0.25489002  0.00000000   -0.00617152  0.00000000
  0.00653919 -0.00783278   -0.00617152  0.00000000    0.25489002  0.00000000

     Dynamical  Matrix in cartesian axes

     q = (   -0.750000000   0.750000000  -0.250000000 ) 

    1    1
  0.25489002  0.00000000   -0.00617152  0.00000000    0.00653919  0.00783278
 -0.00617152  0.00000000    0.25489002  0.00000000   -0.00653919 -0.00783278
  0.00653919 -0.00783278   -0.00653919  0.00783278    0.30690787  0.00000000
    1    2
 -0.06359361  0.06241608   -0.14346503 -0.04386785    0.04597891 -0.04346655
 -0.14346503 -0.04386785   -0.06359361  0.06241608   -0.04597891  0.04346655
  0.04597891 -0.04346655   -0.04597891  0.04346655   -0.08207765  0.06070740
    2    1
 -0.06359361 -0.06241608   -0.14346503  0.04386785    0.04597891  0.04346655
 -0.14346503  0.04386785   -0.06359361 -0.06241608   -0.04597891 -0.04346655
  0.04597891  0.04346655   -0.04597891 -0.04346655   -0.08207765 -0.06070740
    2    2
  0.25489002  0.00000000   -0.00617152  0.00000000    0.00653919 -0.00783278
 -0.00617152  0.00000000    0.25489002  0.00000000   -0.00653919  0.00783278
  0.00653919  0.00783278   -0.00653919 -0.00783278    0.30690787  0.00000000

     Dynamical  Matrix in cartesian axes

     q = (    0.750000000   0.250000000   0.750000000 ) 

    1    1
  0.25489002  0.00000000    0.00653919  0.00783278    0.00617152  0.00000000
  0.00653919 -0.00783278    0.30690787  0.00000000    0.00653919 -0.00783278
  0.00617152  0.00000000    0.00653919  0.00783278    0.25489002  0.00000000
    1    2
  0.06359361 -0.06241608   -0.04597891  0.04346655   -0.14346503 -0.04386785
 -0.04597891  0.04346655    0.08207765 -0.06070740   -0.04597891  0.04346655
 -0.14346503 -0.04386785   -0.04597891  0.04346655    0.06359361 -0.06241608
    2    1
  0.06359361  0.06241608   -0.04597891 -0.04346655   -0.14346503  0.04386785
 -0.04597891 -0.04346655    0.08207765  0.06070740   -0.04597891 -0.04346655
 -0.14346503  0.04386785   -0.04597891 -0.04346655    0.06359361  0.06241608
    2    2
  0.25489002  0.00000000    0.00653919 -0.00783278    0.00617152  0.00000000
  0.00653919  0.00783278    0.30690787  0.00000000    0.00653919  0.00783278
  0.00617152  0.00000000    0.00653919 -0.00783278    0.25489002  0.00000000

     Dynamical  Matrix in cartesian axes

     q = (   -0.750000000   0.250000000   0.750000000 ) 

    1    1
  0.25489002  0.00000000   -0.00653919  0.00783278   -0.00617152  0.00000000
 -0.00653919 -0.00783278    0.30690787  0.00000000    0.00653919  0.00783278
 -0.00617152  0.00000000    0.00653919 -0.00783278    0.25489002  0.00000000
    1    2
 -0.06359361 -0.06241608   -0.04597891 -0.04346655   -0.14346503  0.04386785
 -0.04597891 -0.04346655   -0.08207765 -0.06070740    0.04597891  0.04346655
 -0.14346503  0.04386785    0.04597891  0.04346655   -0.06359361 -0.06241608
    2    1
 -0.06359361  0.06241608   -0.04597891  0.04346655   -0.14346503 -0.04386785
 -0.04597891  0.04346655   -0.08207765  0.06070740    0.04597891 -0.04346655
 -0.14346503 -0.04386785    0.04597891 -0.04346655   -0.06359361  0.06241608
    2    2
  0.25489002  0.00000000   -0.00653919 -0.00783278   -0.00617152  0.00000000
 -0.00653919  0.00783278    0.30690787  0.00000000    0.00653919 -0.00783278
 -0.00617152  0.00000000    0.00653919  0.00783278    0.25489002  0.00000000

     Dynamical  Matrix in cartesian axes

     q = (    0.750000000   0.250000000  -0.750000000 ) 

    1    1
  0.25489002  0.00000000    0.00653919 -0.00783278   -0.00617152  0.00000000
  0.00653919  0.00783278    0.30690787  0.00000000   -0.00653919 -0.00783278
 -0.00617152  0.00000000   -0.00653919  0.00783278    0.25489002  0.00000000
    1    2
 -0.06359361 -0.06241608    0.04597891  0.04346655   -0.14346503  0.04386785
  0.04597891  0.04346655   -0.08207765 -0.06070740   -0.04597891 -0.04346655
 -0.14346503  0.04386785   -0.04597891 -0.04346655   -0.06359361 -0.06241608
    2    1
 -0.06359361  0.06241608    0.04597891 -0.04346655   -0.14346503 -0.04386785
  0.04597891 -0.04346655   -0.08207765  0.06070740   -0.04597891  0.04346655
 -0.14346503 -0.04386785   -0.04597891  0.04346655   -0.06359361  0.06241608
    2    2
  0.25489002  0.00000000    0.00653919  0.00783278   -0.00617152  0.00000000
  0.00653919 -0.00783278    0.30690787  0.00000000   -0.00653919  0.00783278
 -0.00617152  0.00000000   -0.00653919 -0.00783278    0.25489002  0.00000000

     Dynamical  Matrix in cartesian axes

     q = (   -0.750000000   0.750000000   0.250000000 ) 

    1    1
  0.25489002  0.00000000   -0.00617152  0.00000000   -0.00653919  0.00783278
 -0.00617152  0.00000000    0.25489002  0.00000000    0.00653919 -0.00783278
 -0.00653919 -0.00783278    0.00653919  0.00783278    0.30690787  0.00000000
    1    2
 -0.06359361 -0.06241608   -0.14346503  0.04386785   -0.04597891 -0.04346655
 -0.14346503  0.04386785   -0.06359361 -0.06241608    0.04597891  0.04346655
 -0.04597891 -0.04346655    0.04597891  0.04346655   -0.08207765 -0.06070740
    2    1
 -0.06359361  0.06241608   -0.14346503 -0.04386785   -0.04597891  0.04346655
 -0.14346503 -0.04386785   -0.06359361  0.06241608    0.04597891 -0.04346655
 -0.04597891  0.04346655    0.04597891 -0.04346655   -0.08207765  0.06070740
    2    2
  0.25489002  0.00000000   -0.00617152  0.00000000   -0.00653919 -0.00783278
 -0.00617152  0.00000000    0.25489002  0.00000000    0.00653919  0.00783278
 -0.00653919  0.00783278    0.00653919 -0.00783278    0.30690787  0.00000000

     Dynamical  Matrix in cartesian axes

     q = (   -0.250000000   0.750000000   0.750000000 ) 

    1    1
  0.30690787  0.00000000   -0.00653919 -0.00783278   -0.00653919 -0.00783278
 -0.00653919  0.00783278    0.25489002  0.00000000    0.00617152  0.00000000
 -0.00653919  0.00783278    0.00617152  0.00000000    0.25489002  0.00000000
    1    2
 -0.06070740  0.08207765   -0.04346655  0.04597891   -0.04346655  0.04597891
 -0.04346655  0.04597891   -0.06241608  0.06359361   -0.04386785 -0.14346503
 -0.04346655  0.04597891   -0.04386785 -0.14346503   -0.06241608  0.06359361
    2    1
 -0.06070740 -0.08207765   -0.04346655 -0.04597891   -0.04346655 -0.04597891
 -0.04346655 -0.04597891   -0.06241608 -0.06359361   -0.04386785  0.14346503
 -0.04346655 -0.04597891   -0.04386785  0.14346503   -0.06241608 -0.06359361
    2    2
  0.30690787  0.00000000   -0.00653919  0.00783278   -0.00653919  0.00783278
 -0.00653919 -0.00783278    0.25489002  0.00000000    0.00617152  0.00000000
 -0.00653919 -0.00783278    0.00617152  0.00000000    0.25489002  0.00000000

     Dynamical  Matrix in cartesian axes

     q = (    0.250000000   0.750000000  -0.750000000 ) 

    1    1
  0.30690787  0.00000000    0.00653919  0.00783278   -0.00653919 -0.00783278
  0.00653919 -0.00783278    0.25489002  0.00000000   -0.00617152  0.00000000
 -0.00653919  0.00783278   -0.00617152  0.00000000    0.25489002  0.00000000
    1    2
 -0.08207765 -0.06070740    0.04597891  0.04346655   -0.04597891 -0.04346655
  0.04597891  0.04346655   -0.06359361 -0.06241608   -0.14346503  0.04386785
 -0.04597891 -0.04346655   -0.14346503  0.04386785   -0.06359361 -0.06241608
    2    1
 -0.08207765  0.06070740    0.04597891 -0.04346655   -0.04597891  0.04346655
  0.04597891 -0.04346655   -0.06359361  0.06241608   -0.14346503 -0.04386785
 -0.04597891  0.04346655   -0.14346503 -0.04386785   -0.06359361  0.06241608
    2    2
  0.30690787  0.00000000    0.00653919 -0.00783278   -0.00653919  0.00783278
  0.00653919  0.00783278    0.25489002  0.00000000   -0.00617152  0.00000000
 -0.00653919 -0.00783278   -0.00617152  0.00000000    0.25489002  0.00000000

     Dynamical  Matrix in cartesian axes

     q = (   -0.250000000  -0.750000000  -0.750000000 ) 

    1    1
  0.30690787  0.00000000    0.00653919  0.00783278    0.00653919  0.00783278
  0.00653919 -0.00783278    0.25489002  0.00000000    0.00617152  0.00000000
  0.00653919 -0.00783278    0.00617152  0.00000000    0.25489002  0.00000000
    1    2
  0.08207765  0.06070740   -0.04597891 -0.04346655   -0.04597891 -0.04346655
 -0.04597891 -0.04346655    0.06359361  0.06241608   -0.14346503  0.04386785
 -0.04597891 -0.04346655   -0.14346503  0.04386785    0.06359361  0.06241608
    2    1
  0.08207765 -0.06070740   -0.04597891  0.04346655   -0.04597891  0.04346655
 -0.04597891  0.04346655    0.06359361 -0.06241608   -0.14346503 -0.04386785
 -0.04597891  0.04346655   -0.14346503 -0.04386785    0.06359361 -0.06241608
    2    2
  0.30690787  0.00000000    0.00653919 -0.00783278    0.00653919 -0.00783278
  0.00653919  0.00783278    0.25489002  0.00000000    0.00617152  0.00000000
  0.00653919  0.00783278    0.00617152  0.00000000    0.25489002  0.00000000

     Dynamical  Matrix in cartesian axes

     q = (    0.750000000   0.750000000  -0.250000000 ) 

    1    1
  0.25489002  0.00000000    0.00617152  0.00000000   -0.00653919  0.00783278
  0.00617152  0.00000000    0.25489002  0.00000000   -0.00653919  0.00783278
 -0.00653919 -0.00783278   -0.00653919 -0.00783278    0.30690787  0.00000000
    1    2
 -0.06241608  0.06359361   -0.04386785 -0.14346503   -0.04346655  0.04597891
 -0.04386785 -0.14346503   -0.06241608  0.06359361   -0.04346655  0.04597891
 -0.04346655  0.04597891   -0.04346655  0.04597891   -0.06070740  0.08207765
    2    1
 -0.06241608 -0.06359361   -0.04386785  0.14346503   -0.04346655 -0.04597891
 -0.04386785  0.14346503   -0.06241608 -0.06359361   -0.04346655 -0.04597891
 -0.04346655 -0.04597891   -0.04346655 -0.04597891   -0.06070740 -0.08207765
    2    2
  0.25489002  0.00000000    0.00617152  0.00000000   -0.00653919 -0.00783278
  0.00617152  0.00000000    0.25489002  0.00000000   -0.00653919 -0.00783278
 -0.00653919  0.00783278   -0.00653919  0.00783278    0.30690787  0.00000000

     Dynamical  Matrix in cartesian axes

     q = (    0.750000000  -0.750000000   0.250000000 ) 

    1    1
  0.25489002  0.00000000   -0.00617152  0.00000000    0.00653919 -0.00783278
 -0.00617152  0.00000000    0.25489002  0.00000000   -0.00653919  0.00783278
  0.00653919  0.00783278   -0.00653919 -0.00783278    0.30690787  0.00000000
    1    2
 -0.06359361 -0.06241608   -0.14346503  0.04386785    0.04597891  0.04346655
 -0.14346503  0.04386785   -0.06359361 -0.06241608   -0.04597891 -0.04346655
  0.04597891  0.04346655   -0.04597891 -0.04346655   -0.08207765 -0.06070740
    2    1
 -0.06359361  0.06241608   -0.14346503 -0.04386785    0.04597891 -0.04346655
 -0.14346503 -0.04386785   -0.06359361  0.06241608   -0.04597891  0.04346655
  0.04597891 -0.04346655   -0.04597891  0.04346655   -0.08207765  0.06070740
    2    2
  0.25489002  0.00000000   -0.00617152  0.00000000    0.00653919  0.00783278
 -0.00617152  0.00000000    0.25489002  0.00000000   -0.00653919 -0.00783278
  0.00653919 -0.00783278   -0.00653919  0.00783278    0.30690787  0.00000000

     Dynamical  Matrix in cartesian axes

     q = (   -0.750000000  -0.750000000  -0.250000000 ) 

    1    1
  0.25489002  0.00000000    0.00617152  0.00000000    0.00653919 -0.00783278
  0.00617152  0.00000000    0.25489002  0.00000000    0.00653919 -0.00783278
  0.00653919  0.00783278    0.00653919  0.00783278    0.30690787  0.00000000
    1    2
  0.06359361  0.06241608   -0.14346503  0.04386785   -0.04597891 -0.04346655
 -0.14346503  0.04386785    0.06359361  0.06241608   -0.04597891 -0.04346655
 -0.04597891 -0.04346655   -0.04597891 -0.04346655    0.08207765  0.06070740
    2    1
  0.06359361 -0.06241608   -0.14346503 -0.04386785   -0.04597891  0.04346655
 -0.14346503 -0.04386785    0.06359361 -0.06241608   -0.04597891  0.04346655
 -0.04597891  0.04346655   -0.04597891  0.04346655    0.08207765 -0.06070740
    2    2
  0.25489002  0.00000000    0.00617152  0.00000000    0.00653919  0.00783278
  0.00617152  0.00000000    0.25489002  0.00000000    0.00653919  0.00783278
  0.00653919 -0.00783278    0.00653919 -0.00783278    0.30690787  0.00000000

     Dynamical  Matrix in cartesian axes

     q = (    0.250000000  -0.750000000   0.750000000 ) 

    1    1
  0.30690787  0.00000000   -0.00653919 -0.00783278    0.00653919  0.00783278
 -0.00653919  0.00783278    0.25489002  0.00000000   -0.00617152  0.00000000
  0.00653919 -0.00783278   -0.00617152  0.00000000    0.25489002  0.00000000
    1    2
 -0.08207765 -0.06070740   -0.04597891 -0.04346655    0.04597891  0.04346655
 -0.04597891 -0.04346655   -0.06359361 -0.06241608   -0.14346503  0.04386785
  0.04597891  0.04346655   -0.14346503  0.04386785   -0.06359361 -0.06241608
    2    1
 -0.08207765  0.06070740   -0.04597891  0.04346655    0.04597891 -0.04346655
 -0.04597891  0.04346655   -0.06359361  0.06241608   -0.14346503 -0.04386785
  0.04597891 -0.04346655   -0.14346503 -0.04386785   -0.06359361  0.06241608
    2    2
  0.30690787  0.00000000   -0.00653919  0.00783278    0.00653919 -0.00783278
 -0.00653919 -0.00783278    0.25489002  0.00000000   -0.00617152  0.00000000
  0.00653919  0.00783278   -0.00617152  0.00000000    0.25489002  0.00000000

     Dynamical  Matrix in cartesian axes

     q = (   -0.750000000  -0.750000000   0.250000000 ) 

    1    1
  0.25489002  0.00000000    0.00617152  0.00000000   -0.00653919 -0.00783278
  0.00617152  0.00000000    0.25489002  0.00000000   -0.00653919 -0.00783278
 -0.00653919  0.00783278   -0.00653919  0.00783278    0.30690787  0.00000000
    1    2
 -0.06241608 -0.06359361   -0.04386785  0.14346503   -0.04346655 -0.04597891
 -0.04386785  0.14346503   -0.06241608 -0.06359361   -0.04346655 -0.04597891
 -0.04346655 -0.04597891   -0.04346655 -0.04597891   -0.06070740 -0.08207765
    2    1
 -0.06241608  0.06359361   -0.04386785 -0.14346503   -0.04346655  0.04597891
 -0.04386785 -0.14346503   -0.06241608  0.06359361   -0.04346655  0.04597891
 -0.04346655  0.04597891   -0.04346655  0.04597891   -0.06070740  0.08207765
    2    2
  0.25489002  0.00000000    0.00617152  0.00000000   -0.00653919  0.00783278
  0.00617152  0.00000000    0.25489002  0.00000000   -0.00653919  0.00783278
 -0.00653919 -0.00783278   -0.00653919 -0.00783278    0.30690787  0.00000000

     Dynamical  Matrix in cartesian axes

     q = (    0.250000000   0.750000000   0.750000000 ) 

    1    1
  0.30690787  0.00000000    0.00653919 -0.00783278    0.00653919 -0.00783278
  0.00653919  0.00783278    0.25489002  0.00000000    0.00617152  0.00000000
  0.00653919  0.00783278    0.00617152  0.00000000    0.25489002  0.00000000
    1    2
  0.08207765 -0.06070740   -0.04597891  0.04346655   -0.04597891  0.04346655
 -0.04597891  0.04346655    0.06359361 -0.06241608   -0.14346503 -0.04386785
 -0.04597891  0.04346655   -0.14346503 -0.04386785    0.06359361 -0.06241608
    2    1
  0.08207765  0.06070740   -0.04597891 -0.04346655   -0.04597891 -0.04346655
 -0.04597891 -0.04346655    0.06359361  0.06241608   -0.14346503  0.04386785
 -0.04597891 -0.04346655   -0.14346503  0.04386785    0.06359361  0.06241608
    2    2
  0.30690787  0.00000000    0.00653919  0.00783278    0.00653919  0.00783278
  0.00653919 -0.00783278    0.25489002  0.00000000    0.00617152  0.00000000
  0.00653919 -0.00783278    0.00617152  0.00000000    0.25489002  0.00000000

     Dynamical  Matrix in cartesian axes

     q = (   -0.250000000  -0.750000000   0.750000000 ) 

    1    1
  0.30690787  0.00000000    0.00653919 -0.00783278   -0.00653919  0.00783278
  0.00653919  0.00783278    0.25489002  0.00000000   -0.00617152  0.00000000
 -0.00653919 -0.00783278   -0.00617152  0.00000000    0.25489002  0.00000000
    1    2
 -0.08207765  0.06070740    0.04597891 -0.04346655   -0.04597891  0.04346655
  0.04597891 -0.04346655   -0.06359361  0.06241608   -0.14346503 -0.04386785
 -0.04597891  0.04346655   -0.14346503 -0.04386785   -0.06359361  0.06241608
    2    1
 -0.08207765 -0.06070740    0.04597891  0.04346655   -0.04597891 -0.04346655
  0.04597891  0.04346655   -0.06359361 -0.06241608   -0.14346503  0.04386785
 -0.04597891 -0.04346655   -0.14346503  0.04386785   -0.06359361 -0.06241608
    2    2
  0.30690787  0.00000000    0.00653919  0.00783278   -0.00653919 -0.00783278
  0.00653919 -0.00783278    0.25489002  0.00000000   -0.00617152  0.00000000
 -0.00653919  0.00783278   -0.00617152  0.00000000    0.25489002  0.00000000

     Dynamical  Matrix in cartesian axes

     q = (    0.750000000   0.750000000   0.250000000 ) 

    1    1
  0.25489002  0.00000000    0.00617152  0.00000000    0.00653919  0.00783278
  0.00617152  0.00000000    0.25489002  0.00000000    0.00653919  0.00783278
  0.00653919 -0.00783278    0.00653919 -0.00783278    0.30690787  0.00000000
    1    2
  0.06359361 -0.06241608   -0.14346503 -0.04386785   -0.04597891  0.04346655
 -0.14346503 -0.04386785    0.06359361 -0.06241608   -0.04597891  0.04346655
 -0.04597891  0.04346655   -0.04597891  0.04346655    0.08207765 -0.06070740
    2    1
  0.06359361  0.06241608   -0.14346503  0.04386785   -0.04597891 -0.04346655
 -0.14346503  0.04386785    0.06359361  0.06241608   -0.04597891 -0.04346655
 -0.04597891 -0.04346655   -0.04597891 -0.04346655    0.08207765  0.06070740
    2    2
  0.25489002  0.00000000    0.00617152  0.00000000    0.00653919 -0.00783278
  0.00617152  0.00000000    0.25489002  0.00000000    0.00653919 -0.00783278
  0.00653919  0.00783278    0.00653919  0.00783278    0.30690787  0.00000000

     Dynamical  Matrix in cartesian axes

     q = (    0.250000000  -0.750000000  -0.750000000 ) 

    1    1
  0.30690787  0.00000000   -0.00653919  0.00783278   -0.00653919  0.00783278
 -0.00653919 -0.00783278    0.25489002  0.00000000    0.00617152  0.00000000
 -0.00653919 -0.00783278    0.00617152  0.00000000    0.25489002  0.00000000
    1    2
 -0.06070740 -0.08207765   -0.04346655 -0.04597891   -0.04346655 -0.04597891
 -0.04346655 -0.04597891   -0.06241608 -0.06359361   -0.04386785  0.14346503
 -0.04346655 -0.04597891   -0.04386785  0.14346503   -0.06241608 -0.06359361
    2    1
 -0.06070740  0.08207765   -0.04346655  0.04597891   -0.04346655  0.04597891
 -0.04346655  0.04597891   -0.06241608  0.06359361   -0.04386785 -0.14346503
 -0.04346655  0.04597891   -0.04386785 -0.14346503   -0.06241608  0.06359361
    2    2
  0.30690787  0.00000000   -0.00653919 -0.00783278   -0.00653919 -0.00783278
 -0.00653919  0.00783278    0.25489002  0.00000000    0.00617152  0.00000000
 -0.00653919  0.00783278    0.00617152  0.00000000    0.25489002  0.00000000

     Dynamical  Matrix in cartesian axes

     q = (    0.750000000  -0.750000000  -0.250000000 ) 

    1    1
  0.25489002  0.00000000   -0.00617152  0.00000000   -0.00653919 -0.00783278
 -0.00617152  0.00000000    0.25489002  0.00000000    0.00653919  0.00783278
 -0.00653919  0.00783278    0.00653919 -0.00783278    0.30690787  0.00000000
    1    2
 -0.06359361  0.06241608   -0.14346503 -0.04386785   -0.04597891  0.04346655
 -0.14346503 -0.04386785   -0.06359361  0.06241608    0.04597891 -0.04346655
 -0.04597891  0.04346655    0.04597891 -0.04346655   -0.08207765  0.06070740
    2    1
 -0.06359361 -0.06241608   -0.14346503  0.04386785   -0.04597891 -0.04346655
 -0.14346503  0.04386785   -0.06359361 -0.06241608    0.04597891  0.04346655
 -0.04597891 -0.04346655    0.04597891  0.04346655   -0.08207765 -0.06070740
    2    2
  0.25489002  0.00000000   -0.00617152  0.00000000   -0.00653919  0.00783278
 -0.00617152  0.00000000    0.25489002  0.00000000    0.00653919 -0.00783278
 -0.00653919 -0.00783278    0.00653919  0.00783278    0.30690787  0.00000000

     Diagonalizing the dynamical matrix

     q = (    0.750000000  -0.250000000   0.750000000 ) 

 **************************************************************************
     freq (    1) =       4.154882 [THz] =     138.591961 [cm-1]
 (  0.044611 -0.498006  0.000000  0.000000 -0.044611  0.498006 ) 
 (  0.500000  0.000000 -0.000000  0.000000 -0.500000  0.000000 ) 
     freq (    2) =       5.857298 [THz] =     195.378430 [cm-1]
 ( -0.388086 -0.170250 -0.342675  0.152909 -0.388086 -0.170250 ) 
 ( -0.423788 -0.000000 -0.252378 -0.277692 -0.423788  0.000000 ) 
     freq (    3) =       9.501176 [THz] =     316.925114 [cm-1]
 (  0.125185 -0.283245  0.370065  0.413828  0.125185 -0.283245 ) 
 ( -0.309676  0.000000  0.228910  0.505768 -0.309676  0.000000 ) 
     freq (    4) =      12.313151 [THz] =     410.722492 [cm-1]
 (  0.061588  0.316274 -0.400225 -0.363559  0.061588  0.316274 ) 
 ( -0.322215  0.000000  0.433355  0.323355 -0.322215  0.000000 ) 
     freq (    5) =      13.894277 [THz] =     463.463208 [cm-1]
 (  0.044611 -0.498006 -0.000000  0.000000 -0.044611  0.498006 ) 
 ( -0.500000  0.000000  0.000000  0.000000  0.500000  0.000000 ) 
     freq (    6) =      14.285501 [THz] =     476.513036 [cm-1]
 ( -0.304712 -0.166832 -0.459363  0.218223 -0.304712 -0.166832 ) 
 (  0.347393 -0.000000  0.298125  0.412016  0.347393 -0.000000 ) 
 **************************************************************************
