Dynamical matrix file
                                                                           
  1    2  2 10.3040000  0.0000000  0.0000000  0.0000000  0.0000000  0.0000000
           1  'Si  '    25598.822984527003     
    1    1      0.0000000000      0.0000000000      0.0000000000
    2    1      0.2500000000      0.2500000000      0.2500000000

     Dynamical  Matrix in cartesian axes

     q = (   -0.250000000   0.250000000  -0.250000000 ) 

    1    1
  0.27415450  0.00000000   -0.01186288  0.00000000    0.01186288  0.00000000
 -0.01186288  0.00000000    0.27415450  0.00000000   -0.01186288  0.00000000
  0.01186288  0.00000000   -0.01186288  0.00000000    0.27415450  0.00000000
    1    2
 -0.20394140 -0.05926456   -0.03954117  0.04118099    0.03954117 -0.04118099
 -0.03954117  0.04118099   -0.20394140 -0.05926456   -0.03954117  0.04118099
  0.03954117 -0.04118099   -0.03954117  0.04118099   -0.20394140 -0.05926456
    2    1
 -0.20394140  0.05926456   -0.03954117 -0.04118099    0.03954117  0.04118099
 -0.03954117 -0.04118099   -0.20394140  0.05926456   -0.03954117 -0.04118099
  0.03954117  0.04118099   -0.03954117 -0.04118099   -0.20394140  0.05926456
    2    2
  0.27415450  0.00000000   -0.01186288  0.00000000    0.01186288  0.00000000
 -0.01186288  0.00000000    0.27415450  0.00000000   -0.01186288  0.00000000
  0.01186288  0.00000000   -0.01186288  0.00000000    0.27415450  0.00000000

     Dynamical  Matrix in cartesian axes

     q = (    0.250000000  -0.250000000  -0.250000000 ) 

    1    1
  0.27415450  0.00000000   -0.01186288  0.00000000   -0.01186288  0.00000000
 -0.01186288  0.00000000    0.27415450  0.00000000    0.01186288  0.00000000
 -0.01186288  0.00000000    0.01186288  0.00000000    0.27415450  0.00000000
    1    2
 -0.20394140 -0.05926456   -0.03954117  0.04118099   -0.03954117  0.04118099
 -0.03954117  0.04118099   -0.20394140 -0.05926456    0.03954117 -0.04118099
 -0.03954117  0.04118099    0.03954117 -0.04118099   -0.20394140 -0.05926456
    2    1
 -0.20394140  0.05926456   -0.03954117 -0.04118099   -0.03954117 -0.04118099
 -0.03954117 -0.04118099   -0.20394140  0.05926456    0.03954117  0.04118099
 -0.03954117 -0.04118099    0.03954117  0.04118099   -0.20394140  0.05926456
    2    2
  0.27415450  0.00000000   -0.01186288  0.00000000   -0.01186288  0.00000000
 -0.01186288  0.00000000    0.27415450  0.00000000    0.01186288  0.00000000
 -0.01186288  0.00000000    0.01186288  0.00000000    0.27415450  0.00000000

     Dynamical  Matrix in cartesian axes

     q = (    0.250000000  -0.250000000   0.250000000 ) 

    1    1
  0.27415450  0.00000000   -0.01186288  0.00000000    0.01186288  0.00000000
 -0.01186288  0.00000000    0.27415450  0.00000000   -0.01186288  0.00000000
  0.01186288  0.00000000   -0.01186288  0.00000000    0.27415450  0.00000000
    1    2
 -0.20394140  0.05926456   -0.03954117 -0.04118099    0.03954117  0.04118099
 -0.03954117 -0.04118099   -0.20394140  0.05926456   -0.03954117 -0.04118099
  0.03954117  0.04118099   -0.03954117 -0.04118099   -0.20394140  0.05926456
    2    1
 -0.20394140 -0.05926456   -0.03954117  0.04118099    0.03954117 -0.04118099
 -0.03954117  0.04118099   -0.20394140 -0.05926456   -0.03954117  0.04118099
  0.03954117 -0.04118099   -0.03954117  0.04118099   -0.20394140 -0.05926456
    2    2
  0.27415450  0.00000000   -0.01186288  0.00000000    0.01186288  0.00000000
 -0.01186288  0.00000000    0.27415450  0.00000000   -0.01186288  0.00000000
  0.01186288  0.00000000   -0.01186288  0.00000000    0.27415450  0.00000000

     Dynamical  Matrix in cartesian axes

     q = (    0.250000000   0.250000000   0.250000000 ) 

    1    1
  0.27415450  0.00000000    0.01186288  0.00000000    0.01186288  0.00000000
  0.01186288  0.00000000    0.27415450  0.00000000    0.01186288  0.00000000
  0.01186288  0.00000000    0.01186288  0.00000000    0.27415450  0.00000000
    1    2
 -0.05926456  0.20394140   -0.04118099 -0.03954117   -0.04118099 -0.03954117
 -0.04118099 -0.03954117   -0.05926456  0.20394140   -0.04118099 -0.03954117
 -0.04118099 -0.03954117   -0.04118099 -0.03954117   -0.05926456  0.20394140
    2    1
 -0.05926456 -0.20394140   -0.04118099  0.03954117   -0.04118099  0.03954117
 -0.04118099  0.03954117   -0.05926456 -0.20394140   -0.04118099  0.03954117
 -0.04118099  0.03954117   -0.04118099  0.03954117   -0.05926456 -0.20394140
    2    2
  0.27415450  0.00000000    0.01186288  0.00000000    0.01186288  0.00000000
  0.01186288  0.00000000    0.27415450  0.00000000    0.01186288  0.00000000
  0.01186288  0.00000000    0.01186288  0.00000000    0.27415450  0.00000000

     Dynamical  Matrix in cartesian axes

     q = (   -0.250000000  -0.250000000  -0.250000000 ) 

    1    1
  0.27415450  0.00000000    0.01186288  0.00000000    0.01186288  0.00000000
  0.01186288  0.00000000    0.27415450  0.00000000    0.01186288  0.00000000
  0.01186288  0.00000000    0.01186288  0.00000000    0.27415450  0.00000000
    1    2
 -0.05926456 -0.20394140   -0.04118099  0.03954117   -0.04118099  0.03954117
 -0.04118099  0.03954117   -0.05926456 -0.20394140   -0.04118099  0.03954117
 -0.04118099  0.03954117   -0.04118099  0.03954117   -0.05926456 -0.20394140
    2    1
 -0.05926456  0.20394140   -0.04118099 -0.03954117   -0.04118099 -0.03954117
 -0.04118099 -0.03954117   -0.05926456  0.20394140   -0.04118099 -0.03954117
 -0.04118099 -0.03954117   -0.04118099 -0.03954117   -0.05926456  0.20394140
    2    2
  0.27415450  0.00000000    0.01186288  0.00000000    0.01186288  0.00000000
  0.01186288  0.00000000    0.27415450  0.00000000    0.01186288  0.00000000
  0.01186288  0.00000000    0.01186288  0.00000000    0.27415450  0.00000000

     Dynamical  Matrix in cartesian axes

     q = (   -0.250000000  -0.250000000   0.250000000 ) 

    1    1
  0.27415450  0.00000000    0.01186288  0.00000000   -0.01186288  0.00000000
  0.01186288  0.00000000    0.27415450  0.00000000   -0.01186288  0.00000000
 -0.01186288  0.00000000   -0.01186288  0.00000000    0.27415450  0.00000000
    1    2
 -0.20394140 -0.05926456    0.03954117 -0.04118099   -0.03954117  0.04118099
  0.03954117 -0.04118099   -0.20394140 -0.05926456   -0.03954117  0.04118099
 -0.03954117  0.04118099   -0.03954117  0.04118099   -0.20394140 -0.05926456
    2    1
 -0.20394140  0.05926456    0.03954117  0.04118099   -0.03954117 -0.04118099
  0.03954117  0.04118099   -0.20394140  0.05926456   -0.03954117 -0.04118099
 -0.03954117 -0.04118099   -0.03954117 -0.04118099   -0.20394140  0.05926456
    2    2
  0.27415450  0.00000000    0.01186288  0.00000000   -0.01186288  0.00000000
  0.01186288  0.00000000    0.27415450  0.00000000   -0.01186288  0.00000000
 -0.01186288  0.00000000   -0.01186288  0.00000000    0.27415450  0.00000000

     Dynamical  Matrix in cartesian axes

     q = (   -0.250000000   0.250000000   0.250000000 ) 

    1    1
  0.27415450  0.00000000   -0.01186288  0.00000000   -0.01186288  0.00000000
 -0.01186288  0.00000000    0.27415450  0.00000000    0.01186288  0.00000000
 -0.01186288  0.00000000    0.01186288  0.00000000    0.27415450  0.00000000
    1    2
 -0.20394140  0.05926456   -0.03954117 -0.04118099   -0.03954117 -0.04118099
 -0.03954117 -0.04118099   -0.20394140  0.05926456    0.03954117  0.04118099
 -0.03954117 -0.04118099    0.03954117  0.04118099   -0.20394140  0.05926456
    2    1
 -0.20394140 -0.05926456   -0.03954117  0.04118099   -0.03954117  0.04118099
 -0.03954117  0.04118099   -0.20394140 -0.05926456    0.03954117 -0.04118099
 -0.03954117  0.04118099    0.03954117 -0.04118099   -0.20394140 -0.05926456
    2    2
  0.27415450  0.00000000   -0.01186288  0.00000000   -0.01186288  0.00000000
 -0.01186288  0.00000000    0.27415450  0.00000000    0.01186288  0.00000000
 -0.01186288  0.00000000    0.01186288  0.00000000    0.27415450  0.00000000

     Dynamical  Matrix in cartesian axes

     q = (    0.250000000   0.250000000  -0.250000000 ) 

    1    1
  0.27415450  0.00000000    0.01186288  0.00000000   -0.01186288  0.00000000
  0.01186288  0.00000000    0.27415450  0.00000000   -0.01186288  0.00000000
 -0.01186288  0.00000000   -0.01186288  0.00000000    0.27415450  0.00000000
    1    2
 -0.20394140  0.05926456    0.03954117  0.04118099   -0.03954117 -0.04118099
  0.03954117  0.04118099   -0.20394140  0.05926456   -0.03954117 -0.04118099
 -0.03954117 -0.04118099   -0.03954117 -0.04118099   -0.20394140  0.05926456
    2    1
 -0.20394140 -0.05926456    0.03954117 -0.04118099   -0.03954117  0.04118099
  0.03954117 -0.04118099   -0.20394140 -0.05926456   -0.03954117  0.04118099
 -0.03954117  0.04118099   -0.03954117  0.04118099   -0.20394140 -0.05926456
    2    2
  0.27415450  0.00000000    0.01186288  0.00000000   -0.01186288  0.00000000
  0.01186288  0.00000000    0.27415450  0.00000000   -0.01186288  0.00000000
 -0.01186288  0.00000000   -0.01186288  0.00000000    0.27415450  0.00000000

     Diagonalizing the dynamical matrix

     q = (   -0.250000000   0.250000000  -0.250000000 ) 

 **************************************************************************
     freq (    1) =       2.769268 [THz] =      92.372825 [cm-1]
 (  0.023771 -0.167858 -0.450973 -0.203118 -0.474744 -0.035259 ) 
 (  0.011273 -0.169158 -0.464778 -0.169158 -0.476052  0.000000 ) 
     freq (    2) =       2.769268 [THz] =      92.372825 [cm-1]
 (  0.474167  0.282413  0.148403  0.258218 -0.325765 -0.024195 ) 
 (  0.493782  0.246517  0.167120  0.246517 -0.326662  0.000000 ) 
     freq (    3) =       6.790869 [THz] =     226.519008 [cm-1]
 ( -0.269978 -0.306233  0.269978  0.306233 -0.269978 -0.306233 ) 
 ( -0.408248 -0.000000  0.408248 -0.000000 -0.408248  0.000000 ) 
     freq (    4) =      14.344644 [THz] =     478.485811 [cm-1]
 ( -0.269978 -0.306233  0.269978  0.306233 -0.269978 -0.306233 ) 
 (  0.408248  0.000000 -0.408248 -0.000000  0.408248  0.000000 ) 
     freq (    5) =      14.632923 [THz] =     488.101780 [cm-1]
 (  0.188958 -0.451268  0.240379 -0.447449  0.051420  0.003819 ) 
 ( -0.155015  0.464024 -0.206577  0.464024 -0.051562  0.000000 ) 
     freq (    6) =      14.632923 [THz] =     488.101780 [cm-1]
 ( -0.305980  0.018996  0.267483  0.061588  0.573464  0.042591 ) 
 (  0.303733 -0.041607 -0.271310 -0.041607 -0.575043  0.000000 ) 
 **************************************************************************
