Dynamical matrix file
                                                                           
  1    2  2 10.2700000  0.0000000  0.0000000  0.0000000  0.0000000  0.0000000
           1  'Si  '    25598.822984527003     
    1    1      0.0000000000      0.0000000000      0.0000000000
    2    1      0.2500000000      0.2500000000      0.2500000000

     Dynamical  Matrix in cartesian axes

     q = (   -0.250000000   0.250000000  -0.250000000 ) 

    1    1
  0.28059115 -0.00000000   -0.01120004  0.00000000    0.01120004 -0.00000000
 -0.01120004  0.00000000    0.28059115 -0.00000000   -0.01120004  0.00000000
  0.01120004 -0.00000000   -0.01120004  0.00000000    0.28059115 -0.00000000
    1    2
 -0.20212899 -0.05838131   -0.04026385  0.04090688    0.04026385 -0.04090688
 -0.04026385  0.04090688   -0.20212899 -0.05838131   -0.04026385  0.04090688
  0.04026385 -0.04090688   -0.04026385  0.04090688   -0.20212899 -0.05838131
    2    1
 -0.20212899  0.05838131   -0.04026385 -0.04090688    0.04026385  0.04090688
 -0.04026385 -0.04090688   -0.20212899  0.05838131   -0.04026385 -0.04090688
  0.04026385  0.04090688   -0.04026385 -0.04090688   -0.20212899  0.05838131
    2    2
  0.28059115  0.00000000   -0.01120004 -0.00000000    0.01120004  0.00000000
 -0.01120004 -0.00000000    0.28059115  0.00000000   -0.01120004 -0.00000000
  0.01120004  0.00000000   -0.01120004 -0.00000000    0.28059115  0.00000000

     Dynamical  Matrix in cartesian axes

     q = (    0.250000000  -0.250000000  -0.250000000 ) 

    1    1
  0.28059115 -0.00000000   -0.01120004 -0.00000000   -0.01120004  0.00000000
 -0.01120004  0.00000000    0.28059115 -0.00000000    0.01120004 -0.00000000
 -0.01120004 -0.00000000    0.01120004 -0.00000000    0.28059115 -0.00000000
    1    2
 -0.20212899 -0.05838131   -0.04026385  0.04090688   -0.04026385  0.04090688
 -0.04026385  0.04090688   -0.20212899 -0.05838131    0.04026385 -0.04090688
 -0.04026385  0.04090688    0.04026385 -0.04090688   -0.20212899 -0.05838131
    2    1
 -0.20212899  0.05838131   -0.04026385 -0.04090688   -0.04026385 -0.04090688
 -0.04026385 -0.04090688   -0.20212899  0.05838131    0.04026385  0.04090688
 -0.04026385 -0.04090688    0.04026385  0.04090688   -0.20212899  0.05838131
    2    2
  0.28059115  0.00000000   -0.01120004 -0.00000000   -0.01120004 -0.00000000
 -0.01120004 -0.00000000    0.28059115  0.00000000    0.01120004  0.00000000
 -0.01120004 -0.00000000    0.01120004  0.00000000    0.28059115  0.00000000

     Dynamical  Matrix in cartesian axes

     q = (    0.250000000  -0.250000000   0.250000000 ) 

    1    1
  0.28059115  0.00000000   -0.01120004 -0.00000000    0.01120004  0.00000000
 -0.01120004 -0.00000000    0.28059115  0.00000000   -0.01120004 -0.00000000
  0.01120004  0.00000000   -0.01120004 -0.00000000    0.28059115  0.00000000
    1    2
 -0.20212899  0.05838131   -0.04026385 -0.04090688    0.04026385  0.04090688
 -0.04026385 -0.04090688   -0.20212899  0.05838131   -0.04026385 -0.04090688
  0.04026385  0.04090688   -0.04026385 -0.04090688   -0.20212899  0.05838131
    2    1
 -0.20212899 -0.05838131   -0.04026385  0.04090688    0.04026385 -0.04090688
 -0.04026385  0.04090688   -0.20212899 -0.05838131   -0.04026385  0.04090688
  0.04026385 -0.04090688   -0.04026385  0.04090688   -0.20212899 -0.05838131
    2    2
  0.28059115 -0.00000000   -0.01120004  0.00000000    0.01120004 -0.00000000
 -0.01120004  0.00000000    0.28059115 -0.00000000   -0.01120004  0.00000000
  0.01120004 -0.00000000   -0.01120004  0.00000000    0.28059115 -0.00000000

     Dynamical  Matrix in cartesian axes

     q = (    0.250000000   0.250000000   0.250000000 ) 

    1    1
  0.28059115 -0.00000000    0.01120004 -0.00000000    0.01120004 -0.00000000
  0.01120004 -0.00000000    0.28059115 -0.00000000    0.01120004 -0.00000000
  0.01120004 -0.00000000    0.01120004 -0.00000000    0.28059115 -0.00000000
    1    2
 -0.05838131  0.20212899   -0.04090688 -0.04026385   -0.04090688 -0.04026385
 -0.04090688 -0.04026385   -0.05838131  0.20212899   -0.04090688 -0.04026385
 -0.04090688 -0.04026385   -0.04090688 -0.04026385   -0.05838131  0.20212899
    2    1
 -0.05838131 -0.20212899   -0.04090688  0.04026385   -0.04090688  0.04026385
 -0.04090688  0.04026385   -0.05838131 -0.20212899   -0.04090688  0.04026385
 -0.04090688  0.04026385   -0.04090688  0.04026385   -0.05838131 -0.20212899
    2    2
  0.28059115  0.00000000    0.01120004  0.00000000    0.01120004  0.00000000
  0.01120004  0.00000000    0.28059115  0.00000000    0.01120004  0.00000000
  0.01120004  0.00000000    0.01120004  0.00000000    0.28059115  0.00000000

     Dynamical  Matrix in cartesian axes

     q = (   -0.250000000  -0.250000000  -0.250000000 ) 

    1    1
  0.28059115  0.00000000    0.01120004  0.00000000    0.01120004  0.00000000
  0.01120004  0.00000000    0.28059115  0.00000000    0.01120004  0.00000000
  0.01120004  0.00000000    0.01120004  0.00000000    0.28059115  0.00000000
    1    2
 -0.05838131 -0.20212899   -0.04090688  0.04026385   -0.04090688  0.04026385
 -0.04090688  0.04026385   -0.05838131 -0.20212899   -0.04090688  0.04026385
 -0.04090688  0.04026385   -0.04090688  0.04026385   -0.05838131 -0.20212899
    2    1
 -0.05838131  0.20212899   -0.04090688 -0.04026385   -0.04090688 -0.04026385
 -0.04090688 -0.04026385   -0.05838131  0.20212899   -0.04090688 -0.04026385
 -0.04090688 -0.04026385   -0.04090688 -0.04026385   -0.05838131  0.20212899
    2    2
  0.28059115 -0.00000000    0.01120004 -0.00000000    0.01120004 -0.00000000
  0.01120004 -0.00000000    0.28059115 -0.00000000    0.01120004 -0.00000000
  0.01120004 -0.00000000    0.01120004 -0.00000000    0.28059115 -0.00000000

     Dynamical  Matrix in cartesian axes

     q = (   -0.250000000  -0.250000000   0.250000000 ) 

    1    1
  0.28059115 -0.00000000    0.01120004 -0.00000000   -0.01120004  0.00000000
  0.01120004 -0.00000000    0.28059115 -0.00000000   -0.01120004  0.00000000
 -0.01120004  0.00000000   -0.01120004  0.00000000    0.28059115 -0.00000000
    1    2
 -0.20212899 -0.05838131    0.04026385 -0.04090688   -0.04026385  0.04090688
  0.04026385 -0.04090688   -0.20212899 -0.05838131   -0.04026385  0.04090688
 -0.04026385  0.04090688   -0.04026385  0.04090688   -0.20212899 -0.05838131
    2    1
 -0.20212899  0.05838131    0.04026385  0.04090688   -0.04026385 -0.04090688
  0.04026385  0.04090688   -0.20212899  0.05838131   -0.04026385 -0.04090688
 -0.04026385 -0.04090688   -0.04026385 -0.04090688   -0.20212899  0.05838131
    2    2
  0.28059115  0.00000000    0.01120004  0.00000000   -0.01120004 -0.00000000
  0.01120004  0.00000000    0.28059115  0.00000000   -0.01120004 -0.00000000
 -0.01120004 -0.00000000   -0.01120004 -0.00000000    0.28059115  0.00000000

     Dynamical  Matrix in cartesian axes

     q = (   -0.250000000   0.250000000   0.250000000 ) 

    1    1
  0.28059115  0.00000000   -0.01120004 -0.00000000   -0.01120004 -0.00000000
 -0.01120004 -0.00000000    0.28059115  0.00000000    0.01120004  0.00000000
 -0.01120004 -0.00000000    0.01120004  0.00000000    0.28059115  0.00000000
    1    2
 -0.20212899  0.05838131   -0.04026385 -0.04090688   -0.04026385 -0.04090688
 -0.04026385 -0.04090688   -0.20212899  0.05838131    0.04026385  0.04090688
 -0.04026385 -0.04090688    0.04026385  0.04090688   -0.20212899  0.05838131
    2    1
 -0.20212899 -0.05838131   -0.04026385  0.04090688   -0.04026385  0.04090688
 -0.04026385  0.04090688   -0.20212899 -0.05838131    0.04026385 -0.04090688
 -0.04026385  0.04090688    0.04026385 -0.04090688   -0.20212899 -0.05838131
    2    2
  0.28059115 -0.00000000   -0.01120004  0.00000000   -0.01120004  0.00000000
 -0.01120004  0.00000000    0.28059115 -0.00000000    0.01120004 -0.00000000
 -0.01120004  0.00000000    0.01120004 -0.00000000    0.28059115 -0.00000000

     Dynamical  Matrix in cartesian axes

     q = (    0.250000000   0.250000000  -0.250000000 ) 

    1    1
  0.28059115  0.00000000    0.01120004  0.00000000   -0.01120004 -0.00000000
  0.01120004  0.00000000    0.28059115  0.00000000   -0.01120004 -0.00000000
 -0.01120004 -0.00000000   -0.01120004 -0.00000000    0.28059115  0.00000000
    1    2
 -0.20212899  0.05838131    0.04026385  0.04090688   -0.04026385 -0.04090688
  0.04026385  0.04090688   -0.20212899  0.05838131   -0.04026385 -0.04090688
 -0.04026385 -0.04090688   -0.04026385 -0.04090688   -0.20212899  0.05838131
    2    1
 -0.20212899 -0.05838131    0.04026385 -0.04090688   -0.04026385  0.04090688
  0.04026385 -0.04090688   -0.20212899 -0.05838131   -0.04026385  0.04090688
 -0.04026385  0.04090688   -0.04026385  0.04090688   -0.20212899 -0.05838131
    2    2
  0.28059115 -0.00000000    0.01120004 -0.00000000   -0.01120004  0.00000000
  0.01120004 -0.00000000    0.28059115 -0.00000000   -0.01120004  0.00000000
 -0.01120004  0.00000000   -0.01120004  0.00000000    0.28059115 -0.00000000

     Diagonalizing the dynamical matrix

     q = (   -0.250000000   0.250000000  -0.250000000 ) 

 **************************************************************************
     freq (    1) =       3.338978 [THz] =     111.376307 [cm-1]
 (  0.043477 -0.002554  0.519219  0.031743  0.475742  0.034297 ) 
 (  0.043181 -0.005674  0.520158 -0.005674  0.476977 -0.000000 ) 
     freq (    2) =       3.338978 [THz] =     111.376307 [cm-1]
 ( -0.574753 -0.033094 -0.250286 -0.009703  0.324468  0.023391 ) 
 ( -0.575645  0.008319 -0.250336  0.008319  0.325310  0.000000 ) 
     freq (    3) =       7.045502 [THz] =     235.012636 [cm-1]
 (  0.267498  0.308401 -0.267498 -0.308401  0.267498  0.308401 ) 
 (  0.408248 -0.000000 -0.408248  0.000000  0.408248  0.000000 ) 
     freq (    4) =      14.372453 [THz] =     479.413424 [cm-1]
 (  0.267498  0.308401 -0.267498 -0.308401  0.267498  0.308401 ) 
 ( -0.408248 -0.000000  0.408248  0.000000 -0.408248  0.000000 ) 
     freq (    5) =      14.718892 [THz] =     490.969381 [cm-1]
 ( -0.491885  0.088579 -0.492302  0.088549 -0.000417 -0.000030 ) 
 (  0.484243 -0.123719  0.484661 -0.123719  0.000418  0.000000 ) 
     freq (    6) =      14.718892 [THz] =     490.969381 [cm-1]
 ( -0.288284 -0.020693  0.287571  0.020821  0.575856  0.041514 ) 
 (  0.289026 -0.000090 -0.288324 -0.000090 -0.577350  0.000000 ) 
 **************************************************************************
