Dynamical matrix file
                                                                           
  1    2  2 10.2700000  0.0000000  0.0000000  0.0000000  0.0000000  0.0000000
           1  'Si  '    25598.822984527003     
    1    1      0.0000000000      0.0000000000      0.0000000000
    2    1      0.2500000000      0.2500000000      0.2500000000

     Dynamical  Matrix in cartesian axes

     q = (    0.750000000  -0.250000000   0.750000000 ) 

    1    1
  0.24394803  0.00000000   -0.00503408  0.00759503    0.00209241  0.00000000
 -0.00503408 -0.00759503    0.30079307  0.00000000   -0.00503408 -0.00759503
  0.00209241  0.00000000   -0.00503408  0.00759503    0.24394803  0.00000000
    1    2
 -0.06587760  0.05818700   -0.03973318  0.04406026   -0.04482953 -0.14230507
 -0.03973318  0.04406026   -0.06453374  0.07708283   -0.03973318  0.04406026
 -0.04482953 -0.14230507   -0.03973318  0.04406026   -0.06587760  0.05818700
    2    1
 -0.06587760 -0.05818700   -0.03973318 -0.04406026   -0.04482953  0.14230507
 -0.03973318 -0.04406026   -0.06453374 -0.07708283   -0.03973318 -0.04406026
 -0.04482953  0.14230507   -0.03973318 -0.04406026   -0.06587760 -0.05818700
    2    2
  0.24394803  0.00000000   -0.00503408 -0.00759503    0.00209241  0.00000000
 -0.00503408  0.00759503    0.30079307  0.00000000   -0.00503408  0.00759503
  0.00209241  0.00000000   -0.00503408 -0.00759503    0.24394803  0.00000000

     Dynamical  Matrix in cartesian axes

     q = (    0.750000000  -0.250000000  -0.750000000 ) 

    1    1
  0.24394803  0.00000000   -0.00503408 -0.00759503   -0.00209241  0.00000000
 -0.00503408  0.00759503    0.30079307  0.00000000    0.00503408 -0.00759503
 -0.00209241  0.00000000    0.00503408  0.00759503    0.24394803  0.00000000
    1    2
 -0.05818700  0.06587760   -0.04406026  0.03973318   -0.14230507 -0.04482953
 -0.04406026  0.03973318   -0.07708283  0.06453374    0.04406026 -0.03973318
 -0.14230507 -0.04482953    0.04406026 -0.03973318   -0.05818700  0.06587760
    2    1
 -0.05818700 -0.06587760   -0.04406026 -0.03973318   -0.14230507  0.04482953
 -0.04406026 -0.03973318   -0.07708283 -0.06453374    0.04406026  0.03973318
 -0.14230507  0.04482953    0.04406026  0.03973318   -0.05818700 -0.06587760
    2    2
  0.24394803  0.00000000   -0.00503408  0.00759503   -0.00209241  0.00000000
 -0.00503408 -0.00759503    0.30079307  0.00000000    0.00503408  0.00759503
 -0.00209241  0.00000000    0.00503408 -0.00759503    0.24394803  0.00000000

     Dynamical  Matrix in cartesian axes

     q = (   -0.750000000  -0.250000000  -0.750000000 ) 

    1    1
  0.24394803  0.00000000    0.00503408 -0.00759503    0.00209241  0.00000000
  0.00503408  0.00759503    0.30079307  0.00000000    0.00503408  0.00759503
  0.00209241  0.00000000    0.00503408 -0.00759503    0.24394803  0.00000000
    1    2
  0.05818700  0.06587760   -0.04406026 -0.03973318   -0.14230507  0.04482953
 -0.04406026 -0.03973318    0.07708283  0.06453374   -0.04406026 -0.03973318
 -0.14230507  0.04482953   -0.04406026 -0.03973318    0.05818700  0.06587760
    2    1
  0.05818700 -0.06587760   -0.04406026  0.03973318   -0.14230507 -0.04482953
 -0.04406026  0.03973318    0.07708283 -0.06453374   -0.04406026  0.03973318
 -0.14230507 -0.04482953   -0.04406026  0.03973318    0.05818700 -0.06587760
    2    2
  0.24394803  0.00000000    0.00503408  0.00759503    0.00209241  0.00000000
  0.00503408 -0.00759503    0.30079307  0.00000000    0.00503408 -0.00759503
  0.00209241  0.00000000    0.00503408  0.00759503    0.24394803  0.00000000

     Dynamical  Matrix in cartesian axes

     q = (   -0.750000000  -0.250000000   0.750000000 ) 

    1    1
  0.24394803  0.00000000    0.00503408  0.00759503   -0.00209241  0.00000000
  0.00503408 -0.00759503    0.30079307  0.00000000   -0.00503408  0.00759503
 -0.00209241  0.00000000   -0.00503408 -0.00759503    0.24394803  0.00000000
    1    2
 -0.05818700  0.06587760    0.04406026 -0.03973318   -0.14230507 -0.04482953
  0.04406026 -0.03973318   -0.07708283  0.06453374   -0.04406026  0.03973318
 -0.14230507 -0.04482953   -0.04406026  0.03973318   -0.05818700  0.06587760
    2    1
 -0.05818700 -0.06587760    0.04406026  0.03973318   -0.14230507  0.04482953
  0.04406026  0.03973318   -0.07708283 -0.06453374   -0.04406026 -0.03973318
 -0.14230507  0.04482953   -0.04406026 -0.03973318   -0.05818700 -0.06587760
    2    2
  0.24394803  0.00000000    0.00503408 -0.00759503   -0.00209241  0.00000000
  0.00503408  0.00759503    0.30079307  0.00000000   -0.00503408 -0.00759503
 -0.00209241  0.00000000   -0.00503408  0.00759503    0.24394803  0.00000000

     Dynamical  Matrix in cartesian axes

     q = (   -0.750000000   0.250000000  -0.750000000 ) 

    1    1
  0.24394803  0.00000000   -0.00503408 -0.00759503    0.00209241  0.00000000
 -0.00503408  0.00759503    0.30079307  0.00000000   -0.00503408  0.00759503
  0.00209241  0.00000000   -0.00503408 -0.00759503    0.24394803  0.00000000
    1    2
 -0.06587760 -0.05818700   -0.03973318 -0.04406026   -0.04482953  0.14230507
 -0.03973318 -0.04406026   -0.06453374 -0.07708283   -0.03973318 -0.04406026
 -0.04482953  0.14230507   -0.03973318 -0.04406026   -0.06587760 -0.05818700
    2    1
 -0.06587760  0.05818700   -0.03973318  0.04406026   -0.04482953 -0.14230507
 -0.03973318  0.04406026   -0.06453374  0.07708283   -0.03973318  0.04406026
 -0.04482953 -0.14230507   -0.03973318  0.04406026   -0.06587760  0.05818700
    2    2
  0.24394803  0.00000000   -0.00503408  0.00759503    0.00209241  0.00000000
 -0.00503408 -0.00759503    0.30079307  0.00000000   -0.00503408 -0.00759503
  0.00209241  0.00000000   -0.00503408  0.00759503    0.24394803  0.00000000

     Dynamical  Matrix in cartesian axes

     q = (   -0.250000000   0.750000000  -0.750000000 ) 

    1    1
  0.30079307  0.00000000   -0.00503408  0.00759503    0.00503408 -0.00759503
 -0.00503408 -0.00759503    0.24394803  0.00000000   -0.00209241  0.00000000
  0.00503408  0.00759503   -0.00209241  0.00000000    0.24394803  0.00000000
    1    2
 -0.07708283  0.06453374   -0.04406026  0.03973318    0.04406026 -0.03973318
 -0.04406026  0.03973318   -0.05818700  0.06587760   -0.14230507 -0.04482953
  0.04406026 -0.03973318   -0.14230507 -0.04482953   -0.05818700  0.06587760
    2    1
 -0.07708283 -0.06453374   -0.04406026 -0.03973318    0.04406026  0.03973318
 -0.04406026 -0.03973318   -0.05818700 -0.06587760   -0.14230507  0.04482953
  0.04406026  0.03973318   -0.14230507  0.04482953   -0.05818700 -0.06587760
    2    2
  0.30079307  0.00000000   -0.00503408 -0.00759503    0.00503408  0.00759503
 -0.00503408  0.00759503    0.24394803  0.00000000   -0.00209241  0.00000000
  0.00503408 -0.00759503   -0.00209241  0.00000000    0.24394803  0.00000000

     Dynamical  Matrix in cartesian axes

     q = (   -0.750000000   0.750000000  -0.250000000 ) 

    1    1
  0.24394803  0.00000000   -0.00209241  0.00000000    0.00503408  0.00759503
 -0.00209241  0.00000000    0.24394803  0.00000000   -0.00503408 -0.00759503
  0.00503408 -0.00759503   -0.00503408  0.00759503    0.30079307  0.00000000
    1    2
 -0.05818700  0.06587760   -0.14230507 -0.04482953    0.04406026 -0.03973318
 -0.14230507 -0.04482953   -0.05818700  0.06587760   -0.04406026  0.03973318
  0.04406026 -0.03973318   -0.04406026  0.03973318   -0.07708283  0.06453374
    2    1
 -0.05818700 -0.06587760   -0.14230507  0.04482953    0.04406026  0.03973318
 -0.14230507  0.04482953   -0.05818700 -0.06587760   -0.04406026 -0.03973318
  0.04406026  0.03973318   -0.04406026 -0.03973318   -0.07708283 -0.06453374
    2    2
  0.24394803  0.00000000   -0.00209241  0.00000000    0.00503408 -0.00759503
 -0.00209241  0.00000000    0.24394803  0.00000000   -0.00503408  0.00759503
  0.00503408  0.00759503   -0.00503408 -0.00759503    0.30079307  0.00000000

     Dynamical  Matrix in cartesian axes

     q = (    0.750000000   0.250000000   0.750000000 ) 

    1    1
  0.24394803  0.00000000    0.00503408  0.00759503    0.00209241  0.00000000
  0.00503408 -0.00759503    0.30079307  0.00000000    0.00503408 -0.00759503
  0.00209241  0.00000000    0.00503408  0.00759503    0.24394803  0.00000000
    1    2
  0.05818700 -0.06587760   -0.04406026  0.03973318   -0.14230507 -0.04482953
 -0.04406026  0.03973318    0.07708283 -0.06453374   -0.04406026  0.03973318
 -0.14230507 -0.04482953   -0.04406026  0.03973318    0.05818700 -0.06587760
    2    1
  0.05818700  0.06587760   -0.04406026 -0.03973318   -0.14230507  0.04482953
 -0.04406026 -0.03973318    0.07708283  0.06453374   -0.04406026 -0.03973318
 -0.14230507  0.04482953   -0.04406026 -0.03973318    0.05818700  0.06587760
    2    2
  0.24394803  0.00000000    0.00503408 -0.00759503    0.00209241  0.00000000
  0.00503408  0.00759503    0.30079307  0.00000000    0.00503408  0.00759503
  0.00209241  0.00000000    0.00503408 -0.00759503    0.24394803  0.00000000

     Dynamical  Matrix in cartesian axes

     q = (   -0.750000000   0.250000000   0.750000000 ) 

    1    1
  0.24394803  0.00000000   -0.00503408  0.00759503   -0.00209241  0.00000000
 -0.00503408 -0.00759503    0.30079307  0.00000000    0.00503408  0.00759503
 -0.00209241  0.00000000    0.00503408 -0.00759503    0.24394803  0.00000000
    1    2
 -0.05818700 -0.06587760   -0.04406026 -0.03973318   -0.14230507  0.04482953
 -0.04406026 -0.03973318   -0.07708283 -0.06453374    0.04406026  0.03973318
 -0.14230507  0.04482953    0.04406026  0.03973318   -0.05818700 -0.06587760
    2    1
 -0.05818700  0.06587760   -0.04406026  0.03973318   -0.14230507 -0.04482953
 -0.04406026  0.03973318   -0.07708283  0.06453374    0.04406026 -0.03973318
 -0.14230507 -0.04482953    0.04406026 -0.03973318   -0.05818700  0.06587760
    2    2
  0.24394803  0.00000000   -0.00503408 -0.00759503   -0.00209241  0.00000000
 -0.00503408  0.00759503    0.30079307  0.00000000    0.00503408 -0.00759503
 -0.00209241  0.00000000    0.00503408  0.00759503    0.24394803  0.00000000

     Dynamical  Matrix in cartesian axes

     q = (    0.750000000   0.250000000  -0.750000000 ) 

    1    1
  0.24394803  0.00000000    0.00503408 -0.00759503   -0.00209241  0.00000000
  0.00503408  0.00759503    0.30079307  0.00000000   -0.00503408 -0.00759503
 -0.00209241  0.00000000   -0.00503408  0.00759503    0.24394803  0.00000000
    1    2
 -0.05818700 -0.06587760    0.04406026  0.03973318   -0.14230507  0.04482953
  0.04406026  0.03973318   -0.07708283 -0.06453374   -0.04406026 -0.03973318
 -0.14230507  0.04482953   -0.04406026 -0.03973318   -0.05818700 -0.06587760
    2    1
 -0.05818700  0.06587760    0.04406026 -0.03973318   -0.14230507 -0.04482953
  0.04406026 -0.03973318   -0.07708283  0.06453374   -0.04406026  0.03973318
 -0.14230507 -0.04482953   -0.04406026  0.03973318   -0.05818700  0.06587760
    2    2
  0.24394803  0.00000000    0.00503408  0.00759503   -0.00209241  0.00000000
  0.00503408 -0.00759503    0.30079307  0.00000000   -0.00503408  0.00759503
 -0.00209241  0.00000000   -0.00503408 -0.00759503    0.24394803  0.00000000

     Dynamical  Matrix in cartesian axes

     q = (   -0.750000000   0.750000000   0.250000000 ) 

    1    1
  0.24394803  0.00000000   -0.00209241  0.00000000   -0.00503408  0.00759503
 -0.00209241  0.00000000    0.24394803  0.00000000    0.00503408 -0.00759503
 -0.00503408 -0.00759503    0.00503408  0.00759503    0.30079307  0.00000000
    1    2
 -0.05818700 -0.06587760   -0.14230507  0.04482953   -0.04406026 -0.03973318
 -0.14230507  0.04482953   -0.05818700 -0.06587760    0.04406026  0.03973318
 -0.04406026 -0.03973318    0.04406026  0.03973318   -0.07708283 -0.06453374
    2    1
 -0.05818700  0.06587760   -0.14230507 -0.04482953   -0.04406026  0.03973318
 -0.14230507 -0.04482953   -0.05818700  0.06587760    0.04406026 -0.03973318
 -0.04406026  0.03973318    0.04406026 -0.03973318   -0.07708283  0.06453374
    2    2
  0.24394803  0.00000000   -0.00209241  0.00000000   -0.00503408 -0.00759503
 -0.00209241  0.00000000    0.24394803  0.00000000    0.00503408  0.00759503
 -0.00503408  0.00759503    0.00503408 -0.00759503    0.30079307  0.00000000

     Dynamical  Matrix in cartesian axes

     q = (   -0.250000000   0.750000000   0.750000000 ) 

    1    1
  0.30079307  0.00000000   -0.00503408 -0.00759503   -0.00503408 -0.00759503
 -0.00503408  0.00759503    0.24394803  0.00000000    0.00209241  0.00000000
 -0.00503408  0.00759503    0.00209241  0.00000000    0.24394803  0.00000000
    1    2
 -0.06453374  0.07708283   -0.03973318  0.04406026   -0.03973318  0.04406026
 -0.03973318  0.04406026   -0.06587760  0.05818700   -0.04482953 -0.14230507
 -0.03973318  0.04406026   -0.04482953 -0.14230507   -0.06587760  0.05818700
    2    1
 -0.06453374 -0.07708283   -0.03973318 -0.04406026   -0.03973318 -0.04406026
 -0.03973318 -0.04406026   -0.06587760 -0.05818700   -0.04482953  0.14230507
 -0.03973318 -0.04406026   -0.04482953  0.14230507   -0.06587760 -0.05818700
    2    2
  0.30079307  0.00000000   -0.00503408  0.00759503   -0.00503408  0.00759503
 -0.00503408 -0.00759503    0.24394803  0.00000000    0.00209241  0.00000000
 -0.00503408 -0.00759503    0.00209241  0.00000000    0.24394803  0.00000000

     Dynamical  Matrix in cartesian axes

     q = (    0.250000000   0.750000000  -0.750000000 ) 

    1    1
  0.30079307  0.00000000    0.00503408  0.00759503   -0.00503408 -0.00759503
  0.00503408 -0.00759503    0.24394803  0.00000000   -0.00209241  0.00000000
 -0.00503408  0.00759503   -0.00209241  0.00000000    0.24394803  0.00000000
    1    2
 -0.07708283 -0.06453374    0.04406026  0.03973318   -0.04406026 -0.03973318
  0.04406026  0.03973318   -0.05818700 -0.06587760   -0.14230507  0.04482953
 -0.04406026 -0.03973318   -0.14230507  0.04482953   -0.05818700 -0.06587760
    2    1
 -0.07708283  0.06453374    0.04406026 -0.03973318   -0.04406026  0.03973318
  0.04406026 -0.03973318   -0.05818700  0.06587760   -0.14230507 -0.04482953
 -0.04406026  0.03973318   -0.14230507 -0.04482953   -0.05818700  0.06587760
    2    2
  0.30079307  0.00000000    0.00503408 -0.00759503   -0.00503408  0.00759503
  0.00503408  0.00759503    0.24394803  0.00000000   -0.00209241  0.00000000
 -0.00503408 -0.00759503   -0.00209241  0.00000000    0.24394803  0.00000000

     Dynamical  Matrix in cartesian axes

     q = (   -0.250000000  -0.750000000  -0.750000000 ) 

    1    1
  0.30079307  0.00000000    0.00503408  0.00759503    0.00503408  0.00759503
  0.00503408 -0.00759503    0.24394803  0.00000000    0.00209241  0.00000000
  0.00503408 -0.00759503    0.00209241  0.00000000    0.24394803  0.00000000
    1    2
  0.07708283  0.06453374   -0.04406026 -0.03973318   -0.04406026 -0.03973318
 -0.04406026 -0.03973318    0.05818700  0.06587760   -0.14230507  0.04482953
 -0.04406026 -0.03973318   -0.14230507  0.04482953    0.05818700  0.06587760
    2    1
  0.07708283 -0.06453374   -0.04406026  0.03973318   -0.04406026  0.03973318
 -0.04406026  0.03973318    0.05818700 -0.06587760   -0.14230507 -0.04482953
 -0.04406026  0.03973318   -0.14230507 -0.04482953    0.05818700 -0.06587760
    2    2
  0.30079307  0.00000000    0.00503408 -0.00759503    0.00503408 -0.00759503
  0.00503408  0.00759503    0.24394803  0.00000000    0.00209241  0.00000000
  0.00503408  0.00759503    0.00209241  0.00000000    0.24394803  0.00000000

     Dynamical  Matrix in cartesian axes

     q = (    0.750000000   0.750000000  -0.250000000 ) 

    1    1
  0.24394803  0.00000000    0.00209241  0.00000000   -0.00503408  0.00759503
  0.00209241  0.00000000    0.24394803  0.00000000   -0.00503408  0.00759503
 -0.00503408 -0.00759503   -0.00503408 -0.00759503    0.30079307  0.00000000
    1    2
 -0.06587760  0.05818700   -0.04482953 -0.14230507   -0.03973318  0.04406026
 -0.04482953 -0.14230507   -0.06587760  0.05818700   -0.03973318  0.04406026
 -0.03973318  0.04406026   -0.03973318  0.04406026   -0.06453374  0.07708283
    2    1
 -0.06587760 -0.05818700   -0.04482953  0.14230507   -0.03973318 -0.04406026
 -0.04482953  0.14230507   -0.06587760 -0.05818700   -0.03973318 -0.04406026
 -0.03973318 -0.04406026   -0.03973318 -0.04406026   -0.06453374 -0.07708283
    2    2
  0.24394803  0.00000000    0.00209241  0.00000000   -0.00503408 -0.00759503
  0.00209241  0.00000000    0.24394803  0.00000000   -0.00503408 -0.00759503
 -0.00503408  0.00759503   -0.00503408  0.00759503    0.30079307  0.00000000

     Dynamical  Matrix in cartesian axes

     q = (    0.750000000  -0.750000000   0.250000000 ) 

    1    1
  0.24394803  0.00000000   -0.00209241  0.00000000    0.00503408 -0.00759503
 -0.00209241  0.00000000    0.24394803  0.00000000   -0.00503408  0.00759503
  0.00503408  0.00759503   -0.00503408 -0.00759503    0.30079307  0.00000000
    1    2
 -0.05818700 -0.06587760   -0.14230507  0.04482953    0.04406026  0.03973318
 -0.14230507  0.04482953   -0.05818700 -0.06587760   -0.04406026 -0.03973318
  0.04406026  0.03973318   -0.04406026 -0.03973318   -0.07708283 -0.06453374
    2    1
 -0.05818700  0.06587760   -0.14230507 -0.04482953    0.04406026 -0.03973318
 -0.14230507 -0.04482953   -0.05818700  0.06587760   -0.04406026  0.03973318
  0.04406026 -0.03973318   -0.04406026  0.03973318   -0.07708283  0.06453374
    2    2
  0.24394803  0.00000000   -0.00209241  0.00000000    0.00503408  0.00759503
 -0.00209241  0.00000000    0.24394803  0.00000000   -0.00503408 -0.00759503
  0.00503408 -0.00759503   -0.00503408  0.00759503    0.30079307  0.00000000

     Dynamical  Matrix in cartesian axes

     q = (   -0.750000000  -0.750000000  -0.250000000 ) 

    1    1
  0.24394803  0.00000000    0.00209241  0.00000000    0.00503408 -0.00759503
  0.00209241  0.00000000    0.24394803  0.00000000    0.00503408 -0.00759503
  0.00503408  0.00759503    0.00503408  0.00759503    0.30079307  0.00000000
    1    2
  0.05818700  0.06587760   -0.14230507  0.04482953   -0.04406026 -0.03973318
 -0.14230507  0.04482953    0.05818700  0.06587760   -0.04406026 -0.03973318
 -0.04406026 -0.03973318   -0.04406026 -0.03973318    0.07708283  0.06453374
    2    1
  0.05818700 -0.06587760   -0.14230507 -0.04482953   -0.04406026  0.03973318
 -0.14230507 -0.04482953    0.05818700 -0.06587760   -0.04406026  0.03973318
 -0.04406026  0.03973318   -0.04406026  0.03973318    0.07708283 -0.06453374
    2    2
  0.24394803  0.00000000    0.00209241  0.00000000    0.00503408  0.00759503
  0.00209241  0.00000000    0.24394803  0.00000000    0.00503408  0.00759503
  0.00503408 -0.00759503    0.00503408 -0.00759503    0.30079307  0.00000000

     Dynamical  Matrix in cartesian axes

     q = (    0.250000000  -0.750000000   0.750000000 ) 

    1    1
  0.30079307  0.00000000   -0.00503408 -0.00759503    0.00503408  0.00759503
 -0.00503408  0.00759503    0.24394803  0.00000000   -0.00209241  0.00000000
  0.00503408 -0.00759503   -0.00209241  0.00000000    0.24394803  0.00000000
    1    2
 -0.07708283 -0.06453374   -0.04406026 -0.03973318    0.04406026  0.03973318
 -0.04406026 -0.03973318   -0.05818700 -0.06587760   -0.14230507  0.04482953
  0.04406026  0.03973318   -0.14230507  0.04482953   -0.05818700 -0.06587760
    2    1
 -0.07708283  0.06453374   -0.04406026  0.03973318    0.04406026 -0.03973318
 -0.04406026  0.03973318   -0.05818700  0.06587760   -0.14230507 -0.04482953
  0.04406026 -0.03973318   -0.14230507 -0.04482953   -0.05818700  0.06587760
    2    2
  0.30079307  0.00000000   -0.00503408  0.00759503    0.00503408 -0.00759503
 -0.00503408 -0.00759503    0.24394803  0.00000000   -0.00209241  0.00000000
  0.00503408  0.00759503   -0.00209241  0.00000000    0.24394803  0.00000000

     Dynamical  Matrix in cartesian axes

     q = (   -0.750000000  -0.750000000   0.250000000 ) 

    1    1
  0.24394803  0.00000000    0.00209241  0.00000000   -0.00503408 -0.00759503
  0.00209241  0.00000000    0.24394803  0.00000000   -0.00503408 -0.00759503
 -0.00503408  0.00759503   -0.00503408  0.00759503    0.30079307  0.00000000
    1    2
 -0.06587760 -0.05818700   -0.04482953  0.14230507   -0.03973318 -0.04406026
 -0.04482953  0.14230507   -0.06587760 -0.05818700   -0.03973318 -0.04406026
 -0.03973318 -0.04406026   -0.03973318 -0.04406026   -0.06453374 -0.07708283
    2    1
 -0.06587760  0.05818700   -0.04482953 -0.14230507   -0.03973318  0.04406026
 -0.04482953 -0.14230507   -0.06587760  0.05818700   -0.03973318  0.04406026
 -0.03973318  0.04406026   -0.03973318  0.04406026   -0.06453374  0.07708283
    2    2
  0.24394803  0.00000000    0.00209241  0.00000000   -0.00503408  0.00759503
  0.00209241  0.00000000    0.24394803  0.00000000   -0.00503408  0.00759503
 -0.00503408 -0.00759503   -0.00503408 -0.00759503    0.30079307  0.00000000

     Dynamical  Matrix in cartesian axes

     q = (    0.250000000   0.750000000   0.750000000 ) 

    1    1
  0.30079307  0.00000000    0.00503408 -0.00759503    0.00503408 -0.00759503
  0.00503408  0.00759503    0.24394803  0.00000000    0.00209241  0.00000000
  0.00503408  0.00759503    0.00209241  0.00000000    0.24394803  0.00000000
    1    2
  0.07708283 -0.06453374   -0.04406026  0.03973318   -0.04406026  0.03973318
 -0.04406026  0.03973318    0.05818700 -0.06587760   -0.14230507 -0.04482953
 -0.04406026  0.03973318   -0.14230507 -0.04482953    0.05818700 -0.06587760
    2    1
  0.07708283  0.06453374   -0.04406026 -0.03973318   -0.04406026 -0.03973318
 -0.04406026 -0.03973318    0.05818700  0.06587760   -0.14230507  0.04482953
 -0.04406026 -0.03973318   -0.14230507  0.04482953    0.05818700  0.06587760
    2    2
  0.30079307  0.00000000    0.00503408  0.00759503    0.00503408  0.00759503
  0.00503408 -0.00759503    0.24394803  0.00000000    0.00209241  0.00000000
  0.00503408 -0.00759503    0.00209241  0.00000000    0.24394803  0.00000000

     Dynamical  Matrix in cartesian axes

     q = (   -0.250000000  -0.750000000   0.750000000 ) 

    1    1
  0.30079307  0.00000000    0.00503408 -0.00759503   -0.00503408  0.00759503
  0.00503408  0.00759503    0.24394803  0.00000000   -0.00209241  0.00000000
 -0.00503408 -0.00759503   -0.00209241  0.00000000    0.24394803  0.00000000
    1    2
 -0.07708283  0.06453374    0.04406026 -0.03973318   -0.04406026  0.03973318
  0.04406026 -0.03973318   -0.05818700  0.06587760   -0.14230507 -0.04482953
 -0.04406026  0.03973318   -0.14230507 -0.04482953   -0.05818700  0.06587760
    2    1
 -0.07708283 -0.06453374    0.04406026  0.03973318   -0.04406026 -0.03973318
  0.04406026  0.03973318   -0.05818700 -0.06587760   -0.14230507  0.04482953
 -0.04406026 -0.03973318   -0.14230507  0.04482953   -0.05818700 -0.06587760
    2    2
  0.30079307  0.00000000    0.00503408  0.00759503   -0.00503408 -0.00759503
  0.00503408 -0.00759503    0.24394803  0.00000000   -0.00209241  0.00000000
 -0.00503408  0.00759503   -0.00209241  0.00000000    0.24394803  0.00000000

     Dynamical  Matrix in cartesian axes

     q = (    0.750000000   0.750000000   0.250000000 ) 

    1    1
  0.24394803  0.00000000    0.00209241  0.00000000    0.00503408  0.00759503
  0.00209241  0.00000000    0.24394803  0.00000000    0.00503408  0.00759503
  0.00503408 -0.00759503    0.00503408 -0.00759503    0.30079307  0.00000000
    1    2
  0.05818700 -0.06587760   -0.14230507 -0.04482953   -0.04406026  0.03973318
 -0.14230507 -0.04482953    0.05818700 -0.06587760   -0.04406026  0.03973318
 -0.04406026  0.03973318   -0.04406026  0.03973318    0.07708283 -0.06453374
    2    1
  0.05818700  0.06587760   -0.14230507  0.04482953   -0.04406026 -0.03973318
 -0.14230507  0.04482953    0.05818700  0.06587760   -0.04406026 -0.03973318
 -0.04406026 -0.03973318   -0.04406026 -0.03973318    0.07708283  0.06453374
    2    2
  0.24394803  0.00000000    0.00209241  0.00000000    0.00503408 -0.00759503
  0.00209241  0.00000000    0.24394803  0.00000000    0.00503408 -0.00759503
  0.00503408  0.00759503    0.00503408  0.00759503    0.30079307  0.00000000

     Dynamical  Matrix in cartesian axes

     q = (    0.250000000  -0.750000000  -0.750000000 ) 

    1    1
  0.30079307  0.00000000   -0.00503408  0.00759503   -0.00503408  0.00759503
 -0.00503408 -0.00759503    0.24394803  0.00000000    0.00209241  0.00000000
 -0.00503408 -0.00759503    0.00209241  0.00000000    0.24394803  0.00000000
    1    2
 -0.06453374 -0.07708283   -0.03973318 -0.04406026   -0.03973318 -0.04406026
 -0.03973318 -0.04406026   -0.06587760 -0.05818700   -0.04482953  0.14230507
 -0.03973318 -0.04406026   -0.04482953  0.14230507   -0.06587760 -0.05818700
    2    1
 -0.06453374  0.07708283   -0.03973318  0.04406026   -0.03973318  0.04406026
 -0.03973318  0.04406026   -0.06587760  0.05818700   -0.04482953 -0.14230507
 -0.03973318  0.04406026   -0.04482953 -0.14230507   -0.06587760  0.05818700
    2    2
  0.30079307  0.00000000   -0.00503408 -0.00759503   -0.00503408 -0.00759503
 -0.00503408  0.00759503    0.24394803  0.00000000    0.00209241  0.00000000
 -0.00503408  0.00759503    0.00209241  0.00000000    0.24394803  0.00000000

     Dynamical  Matrix in cartesian axes

     q = (    0.750000000  -0.750000000  -0.250000000 ) 

    1    1
  0.24394803  0.00000000   -0.00209241  0.00000000   -0.00503408 -0.00759503
 -0.00209241  0.00000000    0.24394803  0.00000000    0.00503408  0.00759503
 -0.00503408  0.00759503    0.00503408 -0.00759503    0.30079307  0.00000000
    1    2
 -0.05818700  0.06587760   -0.14230507 -0.04482953   -0.04406026  0.03973318
 -0.14230507 -0.04482953   -0.05818700  0.06587760    0.04406026 -0.03973318
 -0.04406026  0.03973318    0.04406026 -0.03973318   -0.07708283  0.06453374
    2    1
 -0.05818700 -0.06587760   -0.14230507  0.04482953   -0.04406026 -0.03973318
 -0.14230507  0.04482953   -0.05818700 -0.06587760    0.04406026  0.03973318
 -0.04406026 -0.03973318    0.04406026  0.03973318   -0.07708283 -0.06453374
    2    2
  0.24394803  0.00000000   -0.00209241  0.00000000   -0.00503408  0.00759503
 -0.00209241  0.00000000    0.24394803  0.00000000    0.00503408 -0.00759503
 -0.00503408 -0.00759503    0.00503408  0.00759503    0.30079307  0.00000000

     Diagonalizing the dynamical matrix

     q = (    0.750000000  -0.250000000   0.750000000 ) 

 **************************************************************************
     freq (    1) =       4.125830 [THz] =     137.622864 [cm-1]
 (  0.052204 -0.497267  0.000000 -0.000000 -0.052204  0.497267 ) 
 (  0.500000 -0.000000  0.000000  0.000000 -0.500000  0.000000 ) 
     freq (    2) =       5.478012 [THz] =     182.726824 [cm-1]
 ( -0.394106 -0.201542 -0.300828  0.132759 -0.394106 -0.201542 ) 
 ( -0.442650  0.000000 -0.207391 -0.255169 -0.442650  0.000000 ) 
     freq (    3) =       9.207727 [THz] =     307.136717 [cm-1]
 (  0.139641 -0.243424  0.379263  0.445702  0.139641 -0.243424 ) 
 ( -0.280633 -0.000000  0.197888  0.550755 -0.280633  0.000000 ) 
     freq (    4) =      12.235115 [THz] =     408.119490 [cm-1]
 (  0.092408  0.312990 -0.411972 -0.342454  0.092408  0.312990 ) 
 ( -0.326347  0.000000  0.445092  0.298142 -0.326347  0.000000 ) 
     freq (    5) =      13.692638 [THz] =     456.737235 [cm-1]
 (  0.052204 -0.497267  0.000000 -0.000000 -0.052204  0.497267 ) 
 ( -0.500000  0.000000 -0.000000 -0.000000  0.500000  0.000000 ) 
     freq (    6) =      14.067989 [THz] =     469.257601 [cm-1]
 ( -0.304938 -0.160677 -0.467603  0.209138 -0.304938 -0.160677 ) 
 (  0.344680 -0.000000  0.316196  0.403003  0.344680 -0.000000 ) 
 **************************************************************************
