Dynamical matrix file
                                                                           
  1    2  2 10.3800000  0.0000000  0.0000000  0.0000000  0.0000000  0.0000000
           1  'Si  '    25598.822984527003     
    1    1      0.0000000000      0.0000000000      0.0000000000
    2    1      0.2500000000      0.2500000000      0.2500000000

     Dynamical  Matrix in cartesian axes

     q = (   -0.250000000   0.250000000  -0.250000000 ) 

    1    1
  0.29122143  0.00000000   -0.01056846  0.00000000    0.01056846  0.00000000
 -0.01056846  0.00000000    0.29122143  0.00000000   -0.01056846  0.00000000
  0.01056846  0.00000000   -0.01056846  0.00000000    0.29122143  0.00000000
    1    2
 -0.21691263 -0.06579503   -0.03440981  0.03508885    0.03440981 -0.03508885
 -0.03440981  0.03508885   -0.21691263 -0.06579503   -0.03440981  0.03508885
  0.03440981 -0.03508885   -0.03440981  0.03508885   -0.21691263 -0.06579503
    2    1
 -0.21691263  0.06579503   -0.03440981 -0.03508885    0.03440981  0.03508885
 -0.03440981 -0.03508885   -0.21691263  0.06579503   -0.03440981 -0.03508885
  0.03440981  0.03508885   -0.03440981 -0.03508885   -0.21691263  0.06579503
    2    2
  0.29122143  0.00000000   -0.01056846  0.00000000    0.01056846  0.00000000
 -0.01056846  0.00000000    0.29122143  0.00000000   -0.01056846  0.00000000
  0.01056846  0.00000000   -0.01056846  0.00000000    0.29122143  0.00000000

     Dynamical  Matrix in cartesian axes

     q = (    0.250000000  -0.250000000  -0.250000000 ) 

    1    1
  0.29122143  0.00000000   -0.01056846  0.00000000   -0.01056846  0.00000000
 -0.01056846  0.00000000    0.29122143  0.00000000    0.01056846  0.00000000
 -0.01056846  0.00000000    0.01056846  0.00000000    0.29122143  0.00000000
    1    2
 -0.21691263 -0.06579503   -0.03440981  0.03508885   -0.03440981  0.03508885
 -0.03440981  0.03508885   -0.21691263 -0.06579503    0.03440981 -0.03508885
 -0.03440981  0.03508885    0.03440981 -0.03508885   -0.21691263 -0.06579503
    2    1
 -0.21691263  0.06579503   -0.03440981 -0.03508885   -0.03440981 -0.03508885
 -0.03440981 -0.03508885   -0.21691263  0.06579503    0.03440981  0.03508885
 -0.03440981 -0.03508885    0.03440981  0.03508885   -0.21691263  0.06579503
    2    2
  0.29122143  0.00000000   -0.01056846  0.00000000   -0.01056846  0.00000000
 -0.01056846  0.00000000    0.29122143  0.00000000    0.01056846  0.00000000
 -0.01056846  0.00000000    0.01056846  0.00000000    0.29122143  0.00000000

     Dynamical  Matrix in cartesian axes

     q = (    0.250000000  -0.250000000   0.250000000 ) 

    1    1
  0.29122143  0.00000000   -0.01056846  0.00000000    0.01056846  0.00000000
 -0.01056846  0.00000000    0.29122143  0.00000000   -0.01056846  0.00000000
  0.01056846  0.00000000   -0.01056846  0.00000000    0.29122143  0.00000000
    1    2
 -0.21691263  0.06579503   -0.03440981 -0.03508885    0.03440981  0.03508885
 -0.03440981 -0.03508885   -0.21691263  0.06579503   -0.03440981 -0.03508885
  0.03440981  0.03508885   -0.03440981 -0.03508885   -0.21691263  0.06579503
    2    1
 -0.21691263 -0.06579503   -0.03440981  0.03508885    0.03440981 -0.03508885
 -0.03440981  0.03508885   -0.21691263 -0.06579503   -0.03440981  0.03508885
  0.03440981 -0.03508885   -0.03440981  0.03508885   -0.21691263 -0.06579503
    2    2
  0.29122143  0.00000000   -0.01056846  0.00000000    0.01056846  0.00000000
 -0.01056846  0.00000000    0.29122143  0.00000000   -0.01056846  0.00000000
  0.01056846  0.00000000   -0.01056846  0.00000000    0.29122143  0.00000000

     Dynamical  Matrix in cartesian axes

     q = (    0.250000000   0.250000000   0.250000000 ) 

    1    1
  0.29122143  0.00000000    0.01056846  0.00000000    0.01056846  0.00000000
  0.01056846  0.00000000    0.29122143  0.00000000    0.01056846  0.00000000
  0.01056846  0.00000000    0.01056846  0.00000000    0.29122143  0.00000000
    1    2
 -0.06579503  0.21691263   -0.03508885 -0.03440981   -0.03508885 -0.03440981
 -0.03508885 -0.03440981   -0.06579503  0.21691263   -0.03508885 -0.03440981
 -0.03508885 -0.03440981   -0.03508885 -0.03440981   -0.06579503  0.21691263
    2    1
 -0.06579503 -0.21691263   -0.03508885  0.03440981   -0.03508885  0.03440981
 -0.03508885  0.03440981   -0.06579503 -0.21691263   -0.03508885  0.03440981
 -0.03508885  0.03440981   -0.03508885  0.03440981   -0.06579503 -0.21691263
    2    2
  0.29122143  0.00000000    0.01056846  0.00000000    0.01056846  0.00000000
  0.01056846  0.00000000    0.29122143  0.00000000    0.01056846  0.00000000
  0.01056846  0.00000000    0.01056846  0.00000000    0.29122143  0.00000000

     Dynamical  Matrix in cartesian axes

     q = (   -0.250000000  -0.250000000  -0.250000000 ) 

    1    1
  0.29122143  0.00000000    0.01056846  0.00000000    0.01056846  0.00000000
  0.01056846  0.00000000    0.29122143  0.00000000    0.01056846  0.00000000
  0.01056846  0.00000000    0.01056846  0.00000000    0.29122143  0.00000000
    1    2
 -0.06579503 -0.21691263   -0.03508885  0.03440981   -0.03508885  0.03440981
 -0.03508885  0.03440981   -0.06579503 -0.21691263   -0.03508885  0.03440981
 -0.03508885  0.03440981   -0.03508885  0.03440981   -0.06579503 -0.21691263
    2    1
 -0.06579503  0.21691263   -0.03508885 -0.03440981   -0.03508885 -0.03440981
 -0.03508885 -0.03440981   -0.06579503  0.21691263   -0.03508885 -0.03440981
 -0.03508885 -0.03440981   -0.03508885 -0.03440981   -0.06579503  0.21691263
    2    2
  0.29122143  0.00000000    0.01056846  0.00000000    0.01056846  0.00000000
  0.01056846  0.00000000    0.29122143  0.00000000    0.01056846  0.00000000
  0.01056846  0.00000000    0.01056846  0.00000000    0.29122143  0.00000000

     Dynamical  Matrix in cartesian axes

     q = (   -0.250000000  -0.250000000   0.250000000 ) 

    1    1
  0.29122143  0.00000000    0.01056846  0.00000000   -0.01056846  0.00000000
  0.01056846  0.00000000    0.29122143  0.00000000   -0.01056846  0.00000000
 -0.01056846  0.00000000   -0.01056846  0.00000000    0.29122143  0.00000000
    1    2
 -0.21691263 -0.06579503    0.03440981 -0.03508885   -0.03440981  0.03508885
  0.03440981 -0.03508885   -0.21691263 -0.06579503   -0.03440981  0.03508885
 -0.03440981  0.03508885   -0.03440981  0.03508885   -0.21691263 -0.06579503
    2    1
 -0.21691263  0.06579503    0.03440981  0.03508885   -0.03440981 -0.03508885
  0.03440981  0.03508885   -0.21691263  0.06579503   -0.03440981 -0.03508885
 -0.03440981 -0.03508885   -0.03440981 -0.03508885   -0.21691263  0.06579503
    2    2
  0.29122143  0.00000000    0.01056846  0.00000000   -0.01056846  0.00000000
  0.01056846  0.00000000    0.29122143  0.00000000   -0.01056846  0.00000000
 -0.01056846  0.00000000   -0.01056846  0.00000000    0.29122143  0.00000000

     Dynamical  Matrix in cartesian axes

     q = (   -0.250000000   0.250000000   0.250000000 ) 

    1    1
  0.29122143  0.00000000   -0.01056846  0.00000000   -0.01056846  0.00000000
 -0.01056846  0.00000000    0.29122143  0.00000000    0.01056846  0.00000000
 -0.01056846  0.00000000    0.01056846  0.00000000    0.29122143  0.00000000
    1    2
 -0.21691263  0.06579503   -0.03440981 -0.03508885   -0.03440981 -0.03508885
 -0.03440981 -0.03508885   -0.21691263  0.06579503    0.03440981  0.03508885
 -0.03440981 -0.03508885    0.03440981  0.03508885   -0.21691263  0.06579503
    2    1
 -0.21691263 -0.06579503   -0.03440981  0.03508885   -0.03440981  0.03508885
 -0.03440981  0.03508885   -0.21691263 -0.06579503    0.03440981 -0.03508885
 -0.03440981  0.03508885    0.03440981 -0.03508885   -0.21691263 -0.06579503
    2    2
  0.29122143  0.00000000   -0.01056846  0.00000000   -0.01056846  0.00000000
 -0.01056846  0.00000000    0.29122143  0.00000000    0.01056846  0.00000000
 -0.01056846  0.00000000    0.01056846  0.00000000    0.29122143  0.00000000

     Dynamical  Matrix in cartesian axes

     q = (    0.250000000   0.250000000  -0.250000000 ) 

    1    1
  0.29122143  0.00000000    0.01056846  0.00000000   -0.01056846  0.00000000
  0.01056846  0.00000000    0.29122143  0.00000000   -0.01056846  0.00000000
 -0.01056846  0.00000000   -0.01056846  0.00000000    0.29122143  0.00000000
    1    2
 -0.21691263  0.06579503    0.03440981  0.03508885   -0.03440981 -0.03508885
  0.03440981  0.03508885   -0.21691263  0.06579503   -0.03440981 -0.03508885
 -0.03440981 -0.03508885   -0.03440981 -0.03508885   -0.21691263  0.06579503
    2    1
 -0.21691263 -0.06579503    0.03440981 -0.03508885   -0.03440981  0.03508885
  0.03440981 -0.03508885   -0.21691263 -0.06579503   -0.03440981  0.03508885
 -0.03440981  0.03508885   -0.03440981  0.03508885   -0.21691263 -0.06579503
    2    2
  0.29122143  0.00000000    0.01056846  0.00000000   -0.01056846  0.00000000
  0.01056846  0.00000000    0.29122143  0.00000000   -0.01056846  0.00000000
 -0.01056846  0.00000000   -0.01056846  0.00000000    0.29122143  0.00000000

     Diagonalizing the dynamical matrix

     q = (   -0.250000000   0.250000000  -0.250000000 ) 

 **************************************************************************
     freq (    1) =       3.407442 [THz] =     113.660021 [cm-1]
 (  0.520695  0.106459  0.065023  0.050786 -0.455672 -0.055673 ) 
 (  0.529762  0.042525  0.070702  0.042525 -0.459060  0.000000 ) 
     freq (    2) =       3.407442 [THz] =     113.660021 [cm-1]
 ( -0.210185 -0.081848 -0.557739 -0.124312 -0.347554 -0.042464 ) 
 ( -0.218560 -0.055754 -0.568698 -0.055754 -0.350139  0.000000 ) 
     freq (    3) =       6.860151 [THz] =     228.829993 [cm-1]
 ( -0.300718 -0.276107  0.300718  0.276107 -0.300718 -0.276107 ) 
 ( -0.408248 -0.000000  0.408248  0.000000 -0.408248  0.000000 ) 
     freq (    4) =      14.733146 [THz] =     491.444836 [cm-1]
 ( -0.300718 -0.276107  0.300718  0.276107 -0.300718 -0.276107 ) 
 (  0.408248  0.000000 -0.408248  0.000000  0.408248  0.000000 ) 
     freq (    5) =      15.023542 [THz] =     501.131415 [cm-1]
 ( -0.435603  0.098229 -0.532543  0.086385 -0.096940 -0.011844 ) 
 (  0.420474 -0.150332  0.518135 -0.150332  0.097661  0.000000 ) 
     freq (    6) =      15.023542 [THz] =     501.131415 [cm-1]
 (  0.365495  0.018663 -0.199335 -0.050347 -0.564830 -0.069010 ) 
 ( -0.365061  0.025801  0.203970  0.025801  0.569030  0.000000 ) 
 **************************************************************************
