Dynamical matrix file
                                                                           
  1    2  2 10.3800000  0.0000000  0.0000000  0.0000000  0.0000000  0.0000000
           1  'Si  '    25598.822984527003     
    1    1      0.0000000000      0.0000000000      0.0000000000
    2    1      0.2500000000      0.2500000000      0.2500000000

     Dynamical  Matrix in cartesian axes

     q = (    0.750000000  -0.250000000   0.750000000 ) 

    1    1
  0.25370800  0.00000000   -0.00447124  0.00740429    0.00096507  0.00000000
 -0.00447124 -0.00740429    0.30854859 -0.00000000   -0.00447124 -0.00740429
  0.00096507  0.00000000   -0.00447124  0.00740429    0.25370800  0.00000000
    1    2
 -0.05020700  0.08177465   -0.03341372  0.03803870   -0.03964494 -0.12480371
 -0.03341372  0.03803870   -0.04893285  0.10067201   -0.03341372  0.03803870
 -0.03964494 -0.12480371   -0.03341372  0.03803870   -0.05020700  0.08177465
    2    1
 -0.05020700 -0.08177465   -0.03341372 -0.03803870   -0.03964494  0.12480371
 -0.03341372 -0.03803870   -0.04893285 -0.10067201   -0.03341372 -0.03803870
 -0.03964494  0.12480371   -0.03341372 -0.03803870   -0.05020700 -0.08177465
    2    2
  0.25370800 -0.00000000   -0.00447124 -0.00740429    0.00096507 -0.00000000
 -0.00447124  0.00740429    0.30854859  0.00000000   -0.00447124  0.00740429
  0.00096507 -0.00000000   -0.00447124 -0.00740429    0.25370800 -0.00000000

     Dynamical  Matrix in cartesian axes

     q = (    0.750000000  -0.250000000  -0.750000000 ) 

    1    1
  0.25370800 -0.00000000   -0.00447124 -0.00740429   -0.00096507  0.00000000
 -0.00447124  0.00740429    0.30854859  0.00000000    0.00447124 -0.00740429
 -0.00096507  0.00000000    0.00447124  0.00740429    0.25370800 -0.00000000
    1    2
 -0.08177465  0.05020700   -0.03803870  0.03341372   -0.12480371 -0.03964494
 -0.03803870  0.03341372   -0.10067201  0.04893285    0.03803870 -0.03341372
 -0.12480371 -0.03964494    0.03803870 -0.03341372   -0.08177465  0.05020700
    2    1
 -0.08177465 -0.05020700   -0.03803870 -0.03341372   -0.12480371  0.03964494
 -0.03803870 -0.03341372   -0.10067201 -0.04893285    0.03803870  0.03341372
 -0.12480371  0.03964494    0.03803870  0.03341372   -0.08177465 -0.05020700
    2    2
  0.25370800  0.00000000   -0.00447124  0.00740429   -0.00096507 -0.00000000
 -0.00447124 -0.00740429    0.30854859 -0.00000000    0.00447124  0.00740429
 -0.00096507 -0.00000000    0.00447124 -0.00740429    0.25370800  0.00000000

     Dynamical  Matrix in cartesian axes

     q = (   -0.750000000  -0.250000000  -0.750000000 ) 

    1    1
  0.25370800  0.00000000    0.00447124 -0.00740429    0.00096507  0.00000000
  0.00447124  0.00740429    0.30854859 -0.00000000    0.00447124  0.00740429
  0.00096507  0.00000000    0.00447124 -0.00740429    0.25370800  0.00000000
    1    2
  0.08177465  0.05020700   -0.03803870 -0.03341372   -0.12480371  0.03964494
 -0.03803870 -0.03341372    0.10067201  0.04893285   -0.03803870 -0.03341372
 -0.12480371  0.03964494   -0.03803870 -0.03341372    0.08177465  0.05020700
    2    1
  0.08177465 -0.05020700   -0.03803870  0.03341372   -0.12480371 -0.03964494
 -0.03803870  0.03341372    0.10067201 -0.04893285   -0.03803870  0.03341372
 -0.12480371 -0.03964494   -0.03803870  0.03341372    0.08177465 -0.05020700
    2    2
  0.25370800 -0.00000000    0.00447124  0.00740429    0.00096507 -0.00000000
  0.00447124 -0.00740429    0.30854859  0.00000000    0.00447124 -0.00740429
  0.00096507 -0.00000000    0.00447124  0.00740429    0.25370800 -0.00000000

     Dynamical  Matrix in cartesian axes

     q = (   -0.750000000  -0.250000000   0.750000000 ) 

    1    1
  0.25370800 -0.00000000    0.00447124  0.00740429   -0.00096507  0.00000000
  0.00447124 -0.00740429    0.30854859  0.00000000   -0.00447124  0.00740429
 -0.00096507  0.00000000   -0.00447124 -0.00740429    0.25370800 -0.00000000
    1    2
 -0.08177465  0.05020700    0.03803870 -0.03341372   -0.12480371 -0.03964494
  0.03803870 -0.03341372   -0.10067201  0.04893285   -0.03803870  0.03341372
 -0.12480371 -0.03964494   -0.03803870  0.03341372   -0.08177465  0.05020700
    2    1
 -0.08177465 -0.05020700    0.03803870  0.03341372   -0.12480371  0.03964494
  0.03803870  0.03341372   -0.10067201 -0.04893285   -0.03803870 -0.03341372
 -0.12480371  0.03964494   -0.03803870 -0.03341372   -0.08177465 -0.05020700
    2    2
  0.25370800  0.00000000    0.00447124 -0.00740429   -0.00096507 -0.00000000
  0.00447124  0.00740429    0.30854859  0.00000000   -0.00447124 -0.00740429
 -0.00096507 -0.00000000   -0.00447124  0.00740429    0.25370800  0.00000000

     Dynamical  Matrix in cartesian axes

     q = (   -0.750000000   0.250000000  -0.750000000 ) 

    1    1
  0.25370800 -0.00000000   -0.00447124 -0.00740429    0.00096507 -0.00000000
 -0.00447124  0.00740429    0.30854859  0.00000000   -0.00447124  0.00740429
  0.00096507 -0.00000000   -0.00447124 -0.00740429    0.25370800 -0.00000000
    1    2
 -0.05020700 -0.08177465   -0.03341372 -0.03803870   -0.03964494  0.12480371
 -0.03341372 -0.03803870   -0.04893285 -0.10067201   -0.03341372 -0.03803870
 -0.03964494  0.12480371   -0.03341372 -0.03803870   -0.05020700 -0.08177465
    2    1
 -0.05020700  0.08177465   -0.03341372  0.03803870   -0.03964494 -0.12480371
 -0.03341372  0.03803870   -0.04893285  0.10067201   -0.03341372  0.03803870
 -0.03964494 -0.12480371   -0.03341372  0.03803870   -0.05020700  0.08177465
    2    2
  0.25370800  0.00000000   -0.00447124  0.00740429    0.00096507  0.00000000
 -0.00447124 -0.00740429    0.30854859 -0.00000000   -0.00447124 -0.00740429
  0.00096507  0.00000000   -0.00447124  0.00740429    0.25370800  0.00000000

     Dynamical  Matrix in cartesian axes

     q = (   -0.250000000   0.750000000  -0.750000000 ) 

    1    1
  0.30854859  0.00000000   -0.00447124  0.00740429    0.00447124 -0.00740429
 -0.00447124 -0.00740429    0.25370800 -0.00000000   -0.00096507  0.00000000
  0.00447124  0.00740429   -0.00096507  0.00000000    0.25370800 -0.00000000
    1    2
 -0.10067201  0.04893285   -0.03803870  0.03341372    0.03803870 -0.03341372
 -0.03803870  0.03341372   -0.08177465  0.05020700   -0.12480371 -0.03964494
  0.03803870 -0.03341372   -0.12480371 -0.03964494   -0.08177465  0.05020700
    2    1
 -0.10067201 -0.04893285   -0.03803870 -0.03341372    0.03803870  0.03341372
 -0.03803870 -0.03341372   -0.08177465 -0.05020700   -0.12480371  0.03964494
  0.03803870  0.03341372   -0.12480371  0.03964494   -0.08177465 -0.05020700
    2    2
  0.30854859 -0.00000000   -0.00447124 -0.00740429    0.00447124  0.00740429
 -0.00447124  0.00740429    0.25370800  0.00000000   -0.00096507 -0.00000000
  0.00447124 -0.00740429   -0.00096507 -0.00000000    0.25370800  0.00000000

     Dynamical  Matrix in cartesian axes

     q = (   -0.750000000   0.750000000  -0.250000000 ) 

    1    1
  0.25370800 -0.00000000   -0.00096507  0.00000000    0.00447124  0.00740429
 -0.00096507  0.00000000    0.25370800 -0.00000000   -0.00447124 -0.00740429
  0.00447124 -0.00740429   -0.00447124  0.00740429    0.30854859  0.00000000
    1    2
 -0.08177465  0.05020700   -0.12480371 -0.03964494    0.03803870 -0.03341372
 -0.12480371 -0.03964494   -0.08177465  0.05020700   -0.03803870  0.03341372
  0.03803870 -0.03341372   -0.03803870  0.03341372   -0.10067201  0.04893285
    2    1
 -0.08177465 -0.05020700   -0.12480371  0.03964494    0.03803870  0.03341372
 -0.12480371  0.03964494   -0.08177465 -0.05020700   -0.03803870 -0.03341372
  0.03803870  0.03341372   -0.03803870 -0.03341372   -0.10067201 -0.04893285
    2    2
  0.25370800  0.00000000   -0.00096507 -0.00000000    0.00447124 -0.00740429
 -0.00096507 -0.00000000    0.25370800  0.00000000   -0.00447124  0.00740429
  0.00447124  0.00740429   -0.00447124 -0.00740429    0.30854859 -0.00000000

     Dynamical  Matrix in cartesian axes

     q = (    0.750000000   0.250000000   0.750000000 ) 

    1    1
  0.25370800 -0.00000000    0.00447124  0.00740429    0.00096507 -0.00000000
  0.00447124 -0.00740429    0.30854859  0.00000000    0.00447124 -0.00740429
  0.00096507 -0.00000000    0.00447124  0.00740429    0.25370800 -0.00000000
    1    2
  0.08177465 -0.05020700   -0.03803870  0.03341372   -0.12480371 -0.03964494
 -0.03803870  0.03341372    0.10067201 -0.04893285   -0.03803870  0.03341372
 -0.12480371 -0.03964494   -0.03803870  0.03341372    0.08177465 -0.05020700
    2    1
  0.08177465  0.05020700   -0.03803870 -0.03341372   -0.12480371  0.03964494
 -0.03803870 -0.03341372    0.10067201  0.04893285   -0.03803870 -0.03341372
 -0.12480371  0.03964494   -0.03803870 -0.03341372    0.08177465  0.05020700
    2    2
  0.25370800  0.00000000    0.00447124 -0.00740429    0.00096507  0.00000000
  0.00447124  0.00740429    0.30854859 -0.00000000    0.00447124  0.00740429
  0.00096507  0.00000000    0.00447124 -0.00740429    0.25370800  0.00000000

     Dynamical  Matrix in cartesian axes

     q = (   -0.750000000   0.250000000   0.750000000 ) 

    1    1
  0.25370800  0.00000000   -0.00447124  0.00740429   -0.00096507 -0.00000000
 -0.00447124 -0.00740429    0.30854859 -0.00000000    0.00447124  0.00740429
 -0.00096507 -0.00000000    0.00447124 -0.00740429    0.25370800  0.00000000
    1    2
 -0.08177465 -0.05020700   -0.03803870 -0.03341372   -0.12480371  0.03964494
 -0.03803870 -0.03341372   -0.10067201 -0.04893285    0.03803870  0.03341372
 -0.12480371  0.03964494    0.03803870  0.03341372   -0.08177465 -0.05020700
    2    1
 -0.08177465  0.05020700   -0.03803870  0.03341372   -0.12480371 -0.03964494
 -0.03803870  0.03341372   -0.10067201  0.04893285    0.03803870 -0.03341372
 -0.12480371 -0.03964494    0.03803870 -0.03341372   -0.08177465  0.05020700
    2    2
  0.25370800 -0.00000000   -0.00447124 -0.00740429   -0.00096507  0.00000000
 -0.00447124  0.00740429    0.30854859  0.00000000    0.00447124 -0.00740429
 -0.00096507  0.00000000    0.00447124  0.00740429    0.25370800 -0.00000000

     Dynamical  Matrix in cartesian axes

     q = (    0.750000000   0.250000000  -0.750000000 ) 

    1    1
  0.25370800  0.00000000    0.00447124 -0.00740429   -0.00096507 -0.00000000
  0.00447124  0.00740429    0.30854859  0.00000000   -0.00447124 -0.00740429
 -0.00096507 -0.00000000   -0.00447124  0.00740429    0.25370800  0.00000000
    1    2
 -0.08177465 -0.05020700    0.03803870  0.03341372   -0.12480371  0.03964494
  0.03803870  0.03341372   -0.10067201 -0.04893285   -0.03803870 -0.03341372
 -0.12480371  0.03964494   -0.03803870 -0.03341372   -0.08177465 -0.05020700
    2    1
 -0.08177465  0.05020700    0.03803870 -0.03341372   -0.12480371 -0.03964494
  0.03803870 -0.03341372   -0.10067201  0.04893285   -0.03803870  0.03341372
 -0.12480371 -0.03964494   -0.03803870  0.03341372   -0.08177465  0.05020700
    2    2
  0.25370800 -0.00000000    0.00447124  0.00740429   -0.00096507  0.00000000
  0.00447124 -0.00740429    0.30854859  0.00000000   -0.00447124  0.00740429
 -0.00096507  0.00000000   -0.00447124 -0.00740429    0.25370800 -0.00000000

     Dynamical  Matrix in cartesian axes

     q = (   -0.750000000   0.750000000   0.250000000 ) 

    1    1
  0.25370800  0.00000000   -0.00096507 -0.00000000   -0.00447124  0.00740429
 -0.00096507 -0.00000000    0.25370800  0.00000000    0.00447124 -0.00740429
 -0.00447124 -0.00740429    0.00447124  0.00740429    0.30854859 -0.00000000
    1    2
 -0.08177465 -0.05020700   -0.12480371  0.03964494   -0.03803870 -0.03341372
 -0.12480371  0.03964494   -0.08177465 -0.05020700    0.03803870  0.03341372
 -0.03803870 -0.03341372    0.03803870  0.03341372   -0.10067201 -0.04893285
    2    1
 -0.08177465  0.05020700   -0.12480371 -0.03964494   -0.03803870  0.03341372
 -0.12480371 -0.03964494   -0.08177465  0.05020700    0.03803870 -0.03341372
 -0.03803870  0.03341372    0.03803870 -0.03341372   -0.10067201  0.04893285
    2    2
  0.25370800 -0.00000000   -0.00096507  0.00000000   -0.00447124 -0.00740429
 -0.00096507  0.00000000    0.25370800 -0.00000000    0.00447124  0.00740429
 -0.00447124  0.00740429    0.00447124 -0.00740429    0.30854859  0.00000000

     Dynamical  Matrix in cartesian axes

     q = (   -0.250000000   0.750000000   0.750000000 ) 

    1    1
  0.30854859 -0.00000000   -0.00447124 -0.00740429   -0.00447124 -0.00740429
 -0.00447124  0.00740429    0.25370800  0.00000000    0.00096507  0.00000000
 -0.00447124  0.00740429    0.00096507 -0.00000000    0.25370800  0.00000000
    1    2
 -0.04893285  0.10067201   -0.03341372  0.03803870   -0.03341372  0.03803870
 -0.03341372  0.03803870   -0.05020700  0.08177465   -0.03964494 -0.12480371
 -0.03341372  0.03803870   -0.03964494 -0.12480371   -0.05020700  0.08177465
    2    1
 -0.04893285 -0.10067201   -0.03341372 -0.03803870   -0.03341372 -0.03803870
 -0.03341372 -0.03803870   -0.05020700 -0.08177465   -0.03964494  0.12480371
 -0.03341372 -0.03803870   -0.03964494  0.12480371   -0.05020700 -0.08177465
    2    2
  0.30854859  0.00000000   -0.00447124  0.00740429   -0.00447124  0.00740429
 -0.00447124 -0.00740429    0.25370800 -0.00000000    0.00096507 -0.00000000
 -0.00447124 -0.00740429    0.00096507  0.00000000    0.25370800 -0.00000000

     Dynamical  Matrix in cartesian axes

     q = (    0.250000000   0.750000000  -0.750000000 ) 

    1    1
  0.30854859 -0.00000000    0.00447124  0.00740429   -0.00447124 -0.00740429
  0.00447124 -0.00740429    0.25370800  0.00000000   -0.00096507 -0.00000000
 -0.00447124  0.00740429   -0.00096507 -0.00000000    0.25370800  0.00000000
    1    2
 -0.10067201 -0.04893285    0.03803870  0.03341372   -0.03803870 -0.03341372
  0.03803870  0.03341372   -0.08177465 -0.05020700   -0.12480371  0.03964494
 -0.03803870 -0.03341372   -0.12480371  0.03964494   -0.08177465 -0.05020700
    2    1
 -0.10067201  0.04893285    0.03803870 -0.03341372   -0.03803870  0.03341372
  0.03803870 -0.03341372   -0.08177465  0.05020700   -0.12480371 -0.03964494
 -0.03803870  0.03341372   -0.12480371 -0.03964494   -0.08177465  0.05020700
    2    2
  0.30854859  0.00000000    0.00447124 -0.00740429   -0.00447124  0.00740429
  0.00447124  0.00740429    0.25370800 -0.00000000   -0.00096507  0.00000000
 -0.00447124 -0.00740429   -0.00096507  0.00000000    0.25370800 -0.00000000

     Dynamical  Matrix in cartesian axes

     q = (   -0.250000000  -0.750000000  -0.750000000 ) 

    1    1
  0.30854859 -0.00000000    0.00447124  0.00740429    0.00447124  0.00740429
  0.00447124 -0.00740429    0.25370800  0.00000000    0.00096507 -0.00000000
  0.00447124 -0.00740429    0.00096507  0.00000000    0.25370800  0.00000000
    1    2
  0.10067201  0.04893285   -0.03803870 -0.03341372   -0.03803870 -0.03341372
 -0.03803870 -0.03341372    0.08177465  0.05020700   -0.12480371  0.03964494
 -0.03803870 -0.03341372   -0.12480371  0.03964494    0.08177465  0.05020700
    2    1
  0.10067201 -0.04893285   -0.03803870  0.03341372   -0.03803870  0.03341372
 -0.03803870  0.03341372    0.08177465 -0.05020700   -0.12480371 -0.03964494
 -0.03803870  0.03341372   -0.12480371 -0.03964494    0.08177465 -0.05020700
    2    2
  0.30854859  0.00000000    0.00447124 -0.00740429    0.00447124 -0.00740429
  0.00447124  0.00740429    0.25370800 -0.00000000    0.00096507  0.00000000
  0.00447124  0.00740429    0.00096507 -0.00000000    0.25370800 -0.00000000

     Dynamical  Matrix in cartesian axes

     q = (    0.750000000   0.750000000  -0.250000000 ) 

    1    1
  0.25370800  0.00000000    0.00096507  0.00000000   -0.00447124  0.00740429
  0.00096507  0.00000000    0.25370800  0.00000000   -0.00447124  0.00740429
 -0.00447124 -0.00740429   -0.00447124 -0.00740429    0.30854859 -0.00000000
    1    2
 -0.05020700  0.08177465   -0.03964494 -0.12480371   -0.03341372  0.03803870
 -0.03964494 -0.12480371   -0.05020700  0.08177465   -0.03341372  0.03803870
 -0.03341372  0.03803870   -0.03341372  0.03803870   -0.04893285  0.10067201
    2    1
 -0.05020700 -0.08177465   -0.03964494  0.12480371   -0.03341372 -0.03803870
 -0.03964494  0.12480371   -0.05020700 -0.08177465   -0.03341372 -0.03803870
 -0.03341372 -0.03803870   -0.03341372 -0.03803870   -0.04893285 -0.10067201
    2    2
  0.25370800 -0.00000000    0.00096507 -0.00000000   -0.00447124 -0.00740429
  0.00096507 -0.00000000    0.25370800 -0.00000000   -0.00447124 -0.00740429
 -0.00447124  0.00740429   -0.00447124  0.00740429    0.30854859  0.00000000

     Dynamical  Matrix in cartesian axes

     q = (    0.750000000  -0.750000000   0.250000000 ) 

    1    1
  0.25370800  0.00000000   -0.00096507 -0.00000000    0.00447124 -0.00740429
 -0.00096507 -0.00000000    0.25370800  0.00000000   -0.00447124  0.00740429
  0.00447124  0.00740429   -0.00447124 -0.00740429    0.30854859 -0.00000000
    1    2
 -0.08177465 -0.05020700   -0.12480371  0.03964494    0.03803870  0.03341372
 -0.12480371  0.03964494   -0.08177465 -0.05020700   -0.03803870 -0.03341372
  0.03803870  0.03341372   -0.03803870 -0.03341372   -0.10067201 -0.04893285
    2    1
 -0.08177465  0.05020700   -0.12480371 -0.03964494    0.03803870 -0.03341372
 -0.12480371 -0.03964494   -0.08177465  0.05020700   -0.03803870  0.03341372
  0.03803870 -0.03341372   -0.03803870  0.03341372   -0.10067201  0.04893285
    2    2
  0.25370800 -0.00000000   -0.00096507  0.00000000    0.00447124  0.00740429
 -0.00096507  0.00000000    0.25370800 -0.00000000   -0.00447124 -0.00740429
  0.00447124 -0.00740429   -0.00447124  0.00740429    0.30854859  0.00000000

     Dynamical  Matrix in cartesian axes

     q = (   -0.750000000  -0.750000000  -0.250000000 ) 

    1    1
  0.25370800  0.00000000    0.00096507  0.00000000    0.00447124 -0.00740429
  0.00096507  0.00000000    0.25370800  0.00000000    0.00447124 -0.00740429
  0.00447124  0.00740429    0.00447124  0.00740429    0.30854859 -0.00000000
    1    2
  0.08177465  0.05020700   -0.12480371  0.03964494   -0.03803870 -0.03341372
 -0.12480371  0.03964494    0.08177465  0.05020700   -0.03803870 -0.03341372
 -0.03803870 -0.03341372   -0.03803870 -0.03341372    0.10067201  0.04893285
    2    1
  0.08177465 -0.05020700   -0.12480371 -0.03964494   -0.03803870  0.03341372
 -0.12480371 -0.03964494    0.08177465 -0.05020700   -0.03803870  0.03341372
 -0.03803870  0.03341372   -0.03803870  0.03341372    0.10067201 -0.04893285
    2    2
  0.25370800 -0.00000000    0.00096507 -0.00000000    0.00447124  0.00740429
  0.00096507 -0.00000000    0.25370800 -0.00000000    0.00447124  0.00740429
  0.00447124 -0.00740429    0.00447124 -0.00740429    0.30854859  0.00000000

     Dynamical  Matrix in cartesian axes

     q = (    0.250000000  -0.750000000   0.750000000 ) 

    1    1
  0.30854859 -0.00000000   -0.00447124 -0.00740429    0.00447124  0.00740429
 -0.00447124  0.00740429    0.25370800  0.00000000   -0.00096507 -0.00000000
  0.00447124 -0.00740429   -0.00096507 -0.00000000    0.25370800  0.00000000
    1    2
 -0.10067201 -0.04893285   -0.03803870 -0.03341372    0.03803870  0.03341372
 -0.03803870 -0.03341372   -0.08177465 -0.05020700   -0.12480371  0.03964494
  0.03803870  0.03341372   -0.12480371  0.03964494   -0.08177465 -0.05020700
    2    1
 -0.10067201  0.04893285   -0.03803870  0.03341372    0.03803870 -0.03341372
 -0.03803870  0.03341372   -0.08177465  0.05020700   -0.12480371 -0.03964494
  0.03803870 -0.03341372   -0.12480371 -0.03964494   -0.08177465  0.05020700
    2    2
  0.30854859  0.00000000   -0.00447124  0.00740429    0.00447124 -0.00740429
 -0.00447124 -0.00740429    0.25370800 -0.00000000   -0.00096507  0.00000000
  0.00447124  0.00740429   -0.00096507  0.00000000    0.25370800 -0.00000000

     Dynamical  Matrix in cartesian axes

     q = (   -0.750000000  -0.750000000   0.250000000 ) 

    1    1
  0.25370800 -0.00000000    0.00096507 -0.00000000   -0.00447124 -0.00740429
  0.00096507 -0.00000000    0.25370800 -0.00000000   -0.00447124 -0.00740429
 -0.00447124  0.00740429   -0.00447124  0.00740429    0.30854859  0.00000000
    1    2
 -0.05020700 -0.08177465   -0.03964494  0.12480371   -0.03341372 -0.03803870
 -0.03964494  0.12480371   -0.05020700 -0.08177465   -0.03341372 -0.03803870
 -0.03341372 -0.03803870   -0.03341372 -0.03803870   -0.04893285 -0.10067201
    2    1
 -0.05020700  0.08177465   -0.03964494 -0.12480371   -0.03341372  0.03803870
 -0.03964494 -0.12480371   -0.05020700  0.08177465   -0.03341372  0.03803870
 -0.03341372  0.03803870   -0.03341372  0.03803870   -0.04893285  0.10067201
    2    2
  0.25370800  0.00000000    0.00096507  0.00000000   -0.00447124  0.00740429
  0.00096507  0.00000000    0.25370800  0.00000000   -0.00447124  0.00740429
 -0.00447124 -0.00740429   -0.00447124 -0.00740429    0.30854859 -0.00000000

     Dynamical  Matrix in cartesian axes

     q = (    0.250000000   0.750000000   0.750000000 ) 

    1    1
  0.30854859  0.00000000    0.00447124 -0.00740429    0.00447124 -0.00740429
  0.00447124  0.00740429    0.25370800 -0.00000000    0.00096507  0.00000000
  0.00447124  0.00740429    0.00096507 -0.00000000    0.25370800 -0.00000000
    1    2
  0.10067201 -0.04893285   -0.03803870  0.03341372   -0.03803870  0.03341372
 -0.03803870  0.03341372    0.08177465 -0.05020700   -0.12480371 -0.03964494
 -0.03803870  0.03341372   -0.12480371 -0.03964494    0.08177465 -0.05020700
    2    1
  0.10067201  0.04893285   -0.03803870 -0.03341372   -0.03803870 -0.03341372
 -0.03803870 -0.03341372    0.08177465  0.05020700   -0.12480371  0.03964494
 -0.03803870 -0.03341372   -0.12480371  0.03964494    0.08177465  0.05020700
    2    2
  0.30854859 -0.00000000    0.00447124  0.00740429    0.00447124  0.00740429
  0.00447124 -0.00740429    0.25370800  0.00000000    0.00096507 -0.00000000
  0.00447124 -0.00740429    0.00096507  0.00000000    0.25370800  0.00000000

     Dynamical  Matrix in cartesian axes

     q = (   -0.250000000  -0.750000000   0.750000000 ) 

    1    1
  0.30854859  0.00000000    0.00447124 -0.00740429   -0.00447124  0.00740429
  0.00447124  0.00740429    0.25370800 -0.00000000   -0.00096507  0.00000000
 -0.00447124 -0.00740429   -0.00096507  0.00000000    0.25370800 -0.00000000
    1    2
 -0.10067201  0.04893285    0.03803870 -0.03341372   -0.03803870  0.03341372
  0.03803870 -0.03341372   -0.08177465  0.05020700   -0.12480371 -0.03964494
 -0.03803870  0.03341372   -0.12480371 -0.03964494   -0.08177465  0.05020700
    2    1
 -0.10067201 -0.04893285    0.03803870  0.03341372   -0.03803870 -0.03341372
  0.03803870  0.03341372   -0.08177465 -0.05020700   -0.12480371  0.03964494
 -0.03803870 -0.03341372   -0.12480371  0.03964494   -0.08177465 -0.05020700
    2    2
  0.30854859 -0.00000000    0.00447124  0.00740429   -0.00447124 -0.00740429
  0.00447124 -0.00740429    0.25370800  0.00000000   -0.00096507 -0.00000000
 -0.00447124  0.00740429   -0.00096507 -0.00000000    0.25370800  0.00000000

     Dynamical  Matrix in cartesian axes

     q = (    0.750000000   0.750000000   0.250000000 ) 

    1    1
  0.25370800 -0.00000000    0.00096507 -0.00000000    0.00447124  0.00740429
  0.00096507 -0.00000000    0.25370800 -0.00000000    0.00447124  0.00740429
  0.00447124 -0.00740429    0.00447124 -0.00740429    0.30854859  0.00000000
    1    2
  0.08177465 -0.05020700   -0.12480371 -0.03964494   -0.03803870  0.03341372
 -0.12480371 -0.03964494    0.08177465 -0.05020700   -0.03803870  0.03341372
 -0.03803870  0.03341372   -0.03803870  0.03341372    0.10067201 -0.04893285
    2    1
  0.08177465  0.05020700   -0.12480371  0.03964494   -0.03803870 -0.03341372
 -0.12480371  0.03964494    0.08177465  0.05020700   -0.03803870 -0.03341372
 -0.03803870 -0.03341372   -0.03803870 -0.03341372    0.10067201  0.04893285
    2    2
  0.25370800  0.00000000    0.00096507  0.00000000    0.00447124 -0.00740429
  0.00096507  0.00000000    0.25370800  0.00000000    0.00447124 -0.00740429
  0.00447124  0.00740429    0.00447124  0.00740429    0.30854859 -0.00000000

     Dynamical  Matrix in cartesian axes

     q = (    0.250000000  -0.750000000  -0.750000000 ) 

    1    1
  0.30854859  0.00000000   -0.00447124  0.00740429   -0.00447124  0.00740429
 -0.00447124 -0.00740429    0.25370800 -0.00000000    0.00096507 -0.00000000
 -0.00447124 -0.00740429    0.00096507  0.00000000    0.25370800 -0.00000000
    1    2
 -0.04893285 -0.10067201   -0.03341372 -0.03803870   -0.03341372 -0.03803870
 -0.03341372 -0.03803870   -0.05020700 -0.08177465   -0.03964494  0.12480371
 -0.03341372 -0.03803870   -0.03964494  0.12480371   -0.05020700 -0.08177465
    2    1
 -0.04893285  0.10067201   -0.03341372  0.03803870   -0.03341372  0.03803870
 -0.03341372  0.03803870   -0.05020700  0.08177465   -0.03964494 -0.12480371
 -0.03341372  0.03803870   -0.03964494 -0.12480371   -0.05020700  0.08177465
    2    2
  0.30854859 -0.00000000   -0.00447124 -0.00740429   -0.00447124 -0.00740429
 -0.00447124  0.00740429    0.25370800  0.00000000    0.00096507  0.00000000
 -0.00447124  0.00740429    0.00096507 -0.00000000    0.25370800  0.00000000

     Dynamical  Matrix in cartesian axes

     q = (    0.750000000  -0.750000000  -0.250000000 ) 

    1    1
  0.25370800 -0.00000000   -0.00096507  0.00000000   -0.00447124 -0.00740429
 -0.00096507  0.00000000    0.25370800 -0.00000000    0.00447124  0.00740429
 -0.00447124  0.00740429    0.00447124 -0.00740429    0.30854859  0.00000000
    1    2
 -0.08177465  0.05020700   -0.12480371 -0.03964494   -0.03803870  0.03341372
 -0.12480371 -0.03964494   -0.08177465  0.05020700    0.03803870 -0.03341372
 -0.03803870  0.03341372    0.03803870 -0.03341372   -0.10067201  0.04893285
    2    1
 -0.08177465 -0.05020700   -0.12480371  0.03964494   -0.03803870 -0.03341372
 -0.12480371  0.03964494   -0.08177465 -0.05020700    0.03803870  0.03341372
 -0.03803870 -0.03341372    0.03803870  0.03341372   -0.10067201 -0.04893285
    2    2
  0.25370800  0.00000000   -0.00096507 -0.00000000   -0.00447124  0.00740429
 -0.00096507 -0.00000000    0.25370800  0.00000000    0.00447124 -0.00740429
 -0.00447124 -0.00740429    0.00447124  0.00740429    0.30854859 -0.00000000

     Diagonalizing the dynamical matrix

     q = (    0.750000000  -0.250000000   0.750000000 ) 

 **************************************************************************
     freq (    1) =       4.405005 [THz] =     146.935165 [cm-1]
 (  0.025531 -0.499348 -0.000000  0.000000 -0.025531  0.499348 ) 
 (  0.500000 -0.000000 -0.000000 -0.000000 -0.500000  0.000000 ) 
     freq (    2) =       6.796770 [THz] =     226.715838 [cm-1]
 ( -0.393849 -0.073451 -0.365044  0.213818 -0.393849 -0.073451 ) 
 ( -0.400640  0.000000 -0.319657 -0.277119 -0.400640  0.000000 ) 
     freq (    3) =       9.683203 [THz] =     322.996901 [cm-1]
 (  0.016085  0.335494 -0.471936 -0.227261  0.016085  0.335494 ) 
 (  0.335879  0.000000 -0.249601 -0.460511  0.335879  0.000000 ) 
     freq (    4) =      11.844747 [THz] =     395.098217 [cm-1]
 ( -0.237605 -0.312473  0.385275  0.208261 -0.237605 -0.312473 ) 
 (  0.392550  0.000000 -0.398979 -0.180625  0.392550  0.000000 ) 
     freq (    5) =      13.939617 [THz] =     464.975582 [cm-1]
 ( -0.025531  0.499348  0.000000 -0.000000  0.025531 -0.499348 ) 
 (  0.500000  0.000000 -0.000000  0.000000 -0.500000  0.000000 ) 
     freq (    6) =      13.999869 [THz] =     466.985355 [cm-1]
 ( -0.259547 -0.072203 -0.515874  0.297857 -0.259547 -0.072203 ) 
 (  0.269403  0.000000  0.417172  0.425219  0.269403  0.000000 ) 
 **************************************************************************
