Dynamical matrix file
                                                                           
  1    2  2 10.3020000  0.0000000  0.0000000  0.0000000  0.0000000  0.0000000
           1  'Si  '    25598.822984527003     
    1    1      0.0000000000      0.0000000000      0.0000000000
    2    1      0.2500000000      0.2500000000      0.2500000000

     Dynamical  Matrix in cartesian axes

     q = (    0.750000000  -0.250000000   0.750000000 ) 

    1    1
  0.25109290  0.00000000   -0.00643701  0.00776622    0.00603326  0.00000000
 -0.00643701 -0.00776622    0.30279305  0.00000000   -0.00643701 -0.00776622
  0.00603326  0.00000000   -0.00643701  0.00776622    0.25109290  0.00000000
    1    2
 -0.06154918  0.06270169   -0.04235868  0.04482170   -0.04274175 -0.13994223
 -0.04235868  0.04482170   -0.05987936  0.08117806   -0.04235868  0.04482170
 -0.04274175 -0.13994223   -0.04235868  0.04482170   -0.06154918  0.06270169
    2    1
 -0.06154918 -0.06270169   -0.04235868 -0.04482170   -0.04274175  0.13994223
 -0.04235868 -0.04482170   -0.05987936 -0.08117806   -0.04235868 -0.04482170
 -0.04274175  0.13994223   -0.04235868 -0.04482170   -0.06154918 -0.06270169
    2    2
  0.25109290  0.00000000   -0.00643701 -0.00776622    0.00603326  0.00000000
 -0.00643701  0.00776622    0.30279305  0.00000000   -0.00643701  0.00776622
  0.00603326  0.00000000   -0.00643701 -0.00776622    0.25109290  0.00000000

     Dynamical  Matrix in cartesian axes

     q = (    0.750000000  -0.250000000  -0.750000000 ) 

    1    1
  0.25109290  0.00000000   -0.00643701 -0.00776622   -0.00603326  0.00000000
 -0.00643701  0.00776622    0.30279305  0.00000000    0.00643701 -0.00776622
 -0.00603326  0.00000000    0.00643701  0.00776622    0.25109290  0.00000000
    1    2
 -0.06270169  0.06154918   -0.04482170  0.04235868   -0.13994223 -0.04274175
 -0.04482170  0.04235868   -0.08117806  0.05987936    0.04482170 -0.04235868
 -0.13994223 -0.04274175    0.04482170 -0.04235868   -0.06270169  0.06154918
    2    1
 -0.06270169 -0.06154918   -0.04482170 -0.04235868   -0.13994223  0.04274175
 -0.04482170 -0.04235868   -0.08117806 -0.05987936    0.04482170  0.04235868
 -0.13994223  0.04274175    0.04482170  0.04235868   -0.06270169 -0.06154918
    2    2
  0.25109290  0.00000000   -0.00643701  0.00776622   -0.00603326  0.00000000
 -0.00643701 -0.00776622    0.30279305  0.00000000    0.00643701  0.00776622
 -0.00603326  0.00000000    0.00643701 -0.00776622    0.25109290  0.00000000

     Dynamical  Matrix in cartesian axes

     q = (   -0.750000000  -0.250000000  -0.750000000 ) 

    1    1
  0.25109290  0.00000000    0.00643701 -0.00776622    0.00603326  0.00000000
  0.00643701  0.00776622    0.30279305  0.00000000    0.00643701  0.00776622
  0.00603326  0.00000000    0.00643701 -0.00776622    0.25109290  0.00000000
    1    2
  0.06270169  0.06154918   -0.04482170 -0.04235868   -0.13994223  0.04274175
 -0.04482170 -0.04235868    0.08117806  0.05987936   -0.04482170 -0.04235868
 -0.13994223  0.04274175   -0.04482170 -0.04235868    0.06270169  0.06154918
    2    1
  0.06270169 -0.06154918   -0.04482170  0.04235868   -0.13994223 -0.04274175
 -0.04482170  0.04235868    0.08117806 -0.05987936   -0.04482170  0.04235868
 -0.13994223 -0.04274175   -0.04482170  0.04235868    0.06270169 -0.06154918
    2    2
  0.25109290  0.00000000    0.00643701  0.00776622    0.00603326  0.00000000
  0.00643701 -0.00776622    0.30279305  0.00000000    0.00643701 -0.00776622
  0.00603326  0.00000000    0.00643701  0.00776622    0.25109290  0.00000000

     Dynamical  Matrix in cartesian axes

     q = (   -0.750000000  -0.250000000   0.750000000 ) 

    1    1
  0.25109290  0.00000000    0.00643701  0.00776622   -0.00603326  0.00000000
  0.00643701 -0.00776622    0.30279305  0.00000000   -0.00643701  0.00776622
 -0.00603326  0.00000000   -0.00643701 -0.00776622    0.25109290  0.00000000
    1    2
 -0.06270169  0.06154918    0.04482170 -0.04235868   -0.13994223 -0.04274175
  0.04482170 -0.04235868   -0.08117806  0.05987936   -0.04482170  0.04235868
 -0.13994223 -0.04274175   -0.04482170  0.04235868   -0.06270169  0.06154918
    2    1
 -0.06270169 -0.06154918    0.04482170  0.04235868   -0.13994223  0.04274175
  0.04482170  0.04235868   -0.08117806 -0.05987936   -0.04482170 -0.04235868
 -0.13994223  0.04274175   -0.04482170 -0.04235868   -0.06270169 -0.06154918
    2    2
  0.25109290  0.00000000    0.00643701 -0.00776622   -0.00603326  0.00000000
  0.00643701  0.00776622    0.30279305  0.00000000   -0.00643701 -0.00776622
 -0.00603326  0.00000000   -0.00643701  0.00776622    0.25109290  0.00000000

     Dynamical  Matrix in cartesian axes

     q = (   -0.750000000   0.250000000  -0.750000000 ) 

    1    1
  0.25109290  0.00000000   -0.00643701 -0.00776622    0.00603326  0.00000000
 -0.00643701  0.00776622    0.30279305  0.00000000   -0.00643701  0.00776622
  0.00603326  0.00000000   -0.00643701 -0.00776622    0.25109290  0.00000000
    1    2
 -0.06154918 -0.06270169   -0.04235868 -0.04482170   -0.04274175  0.13994223
 -0.04235868 -0.04482170   -0.05987936 -0.08117806   -0.04235868 -0.04482170
 -0.04274175  0.13994223   -0.04235868 -0.04482170   -0.06154918 -0.06270169
    2    1
 -0.06154918  0.06270169   -0.04235868  0.04482170   -0.04274175 -0.13994223
 -0.04235868  0.04482170   -0.05987936  0.08117806   -0.04235868  0.04482170
 -0.04274175 -0.13994223   -0.04235868  0.04482170   -0.06154918  0.06270169
    2    2
  0.25109290  0.00000000   -0.00643701  0.00776622    0.00603326  0.00000000
 -0.00643701 -0.00776622    0.30279305  0.00000000   -0.00643701 -0.00776622
  0.00603326  0.00000000   -0.00643701  0.00776622    0.25109290  0.00000000

     Dynamical  Matrix in cartesian axes

     q = (   -0.250000000   0.750000000  -0.750000000 ) 

    1    1
  0.30279305  0.00000000   -0.00643701  0.00776622    0.00643701 -0.00776622
 -0.00643701 -0.00776622    0.25109290  0.00000000   -0.00603326  0.00000000
  0.00643701  0.00776622   -0.00603326  0.00000000    0.25109290  0.00000000
    1    2
 -0.08117806  0.05987936   -0.04482170  0.04235868    0.04482170 -0.04235868
 -0.04482170  0.04235868   -0.06270169  0.06154918   -0.13994223 -0.04274175
  0.04482170 -0.04235868   -0.13994223 -0.04274175   -0.06270169  0.06154918
    2    1
 -0.08117806 -0.05987936   -0.04482170 -0.04235868    0.04482170  0.04235868
 -0.04482170 -0.04235868   -0.06270169 -0.06154918   -0.13994223  0.04274175
  0.04482170  0.04235868   -0.13994223  0.04274175   -0.06270169 -0.06154918
    2    2
  0.30279305  0.00000000   -0.00643701 -0.00776622    0.00643701  0.00776622
 -0.00643701  0.00776622    0.25109290  0.00000000   -0.00603326  0.00000000
  0.00643701 -0.00776622   -0.00603326  0.00000000    0.25109290  0.00000000

     Dynamical  Matrix in cartesian axes

     q = (   -0.750000000   0.750000000  -0.250000000 ) 

    1    1
  0.25109290  0.00000000   -0.00603326  0.00000000    0.00643701  0.00776622
 -0.00603326  0.00000000    0.25109290  0.00000000   -0.00643701 -0.00776622
  0.00643701 -0.00776622   -0.00643701  0.00776622    0.30279305  0.00000000
    1    2
 -0.06270169  0.06154918   -0.13994223 -0.04274175    0.04482170 -0.04235868
 -0.13994223 -0.04274175   -0.06270169  0.06154918   -0.04482170  0.04235868
  0.04482170 -0.04235868   -0.04482170  0.04235868   -0.08117806  0.05987936
    2    1
 -0.06270169 -0.06154918   -0.13994223  0.04274175    0.04482170  0.04235868
 -0.13994223  0.04274175   -0.06270169 -0.06154918   -0.04482170 -0.04235868
  0.04482170  0.04235868   -0.04482170 -0.04235868   -0.08117806 -0.05987936
    2    2
  0.25109290  0.00000000   -0.00603326  0.00000000    0.00643701 -0.00776622
 -0.00603326  0.00000000    0.25109290  0.00000000   -0.00643701  0.00776622
  0.00643701  0.00776622   -0.00643701 -0.00776622    0.30279305  0.00000000

     Dynamical  Matrix in cartesian axes

     q = (    0.750000000   0.250000000   0.750000000 ) 

    1    1
  0.25109290  0.00000000    0.00643701  0.00776622    0.00603326  0.00000000
  0.00643701 -0.00776622    0.30279305  0.00000000    0.00643701 -0.00776622
  0.00603326  0.00000000    0.00643701  0.00776622    0.25109290  0.00000000
    1    2
  0.06270169 -0.06154918   -0.04482170  0.04235868   -0.13994223 -0.04274175
 -0.04482170  0.04235868    0.08117806 -0.05987936   -0.04482170  0.04235868
 -0.13994223 -0.04274175   -0.04482170  0.04235868    0.06270169 -0.06154918
    2    1
  0.06270169  0.06154918   -0.04482170 -0.04235868   -0.13994223  0.04274175
 -0.04482170 -0.04235868    0.08117806  0.05987936   -0.04482170 -0.04235868
 -0.13994223  0.04274175   -0.04482170 -0.04235868    0.06270169  0.06154918
    2    2
  0.25109290  0.00000000    0.00643701 -0.00776622    0.00603326  0.00000000
  0.00643701  0.00776622    0.30279305  0.00000000    0.00643701  0.00776622
  0.00603326  0.00000000    0.00643701 -0.00776622    0.25109290  0.00000000

     Dynamical  Matrix in cartesian axes

     q = (   -0.750000000   0.250000000   0.750000000 ) 

    1    1
  0.25109290  0.00000000   -0.00643701  0.00776622   -0.00603326  0.00000000
 -0.00643701 -0.00776622    0.30279305  0.00000000    0.00643701  0.00776622
 -0.00603326  0.00000000    0.00643701 -0.00776622    0.25109290  0.00000000
    1    2
 -0.06270169 -0.06154918   -0.04482170 -0.04235868   -0.13994223  0.04274175
 -0.04482170 -0.04235868   -0.08117806 -0.05987936    0.04482170  0.04235868
 -0.13994223  0.04274175    0.04482170  0.04235868   -0.06270169 -0.06154918
    2    1
 -0.06270169  0.06154918   -0.04482170  0.04235868   -0.13994223 -0.04274175
 -0.04482170  0.04235868   -0.08117806  0.05987936    0.04482170 -0.04235868
 -0.13994223 -0.04274175    0.04482170 -0.04235868   -0.06270169  0.06154918
    2    2
  0.25109290  0.00000000   -0.00643701 -0.00776622   -0.00603326  0.00000000
 -0.00643701  0.00776622    0.30279305  0.00000000    0.00643701 -0.00776622
 -0.00603326  0.00000000    0.00643701  0.00776622    0.25109290  0.00000000

     Dynamical  Matrix in cartesian axes

     q = (    0.750000000   0.250000000  -0.750000000 ) 

    1    1
  0.25109290  0.00000000    0.00643701 -0.00776622   -0.00603326  0.00000000
  0.00643701  0.00776622    0.30279305  0.00000000   -0.00643701 -0.00776622
 -0.00603326  0.00000000   -0.00643701  0.00776622    0.25109290  0.00000000
    1    2
 -0.06270169 -0.06154918    0.04482170  0.04235868   -0.13994223  0.04274175
  0.04482170  0.04235868   -0.08117806 -0.05987936   -0.04482170 -0.04235868
 -0.13994223  0.04274175   -0.04482170 -0.04235868   -0.06270169 -0.06154918
    2    1
 -0.06270169  0.06154918    0.04482170 -0.04235868   -0.13994223 -0.04274175
  0.04482170 -0.04235868   -0.08117806  0.05987936   -0.04482170  0.04235868
 -0.13994223 -0.04274175   -0.04482170  0.04235868   -0.06270169  0.06154918
    2    2
  0.25109290  0.00000000    0.00643701  0.00776622   -0.00603326  0.00000000
  0.00643701 -0.00776622    0.30279305  0.00000000   -0.00643701  0.00776622
 -0.00603326  0.00000000   -0.00643701 -0.00776622    0.25109290  0.00000000

     Dynamical  Matrix in cartesian axes

     q = (   -0.750000000   0.750000000   0.250000000 ) 

    1    1
  0.25109290  0.00000000   -0.00603326  0.00000000   -0.00643701  0.00776622
 -0.00603326  0.00000000    0.25109290  0.00000000    0.00643701 -0.00776622
 -0.00643701 -0.00776622    0.00643701  0.00776622    0.30279305  0.00000000
    1    2
 -0.06270169 -0.06154918   -0.13994223  0.04274175   -0.04482170 -0.04235868
 -0.13994223  0.04274175   -0.06270169 -0.06154918    0.04482170  0.04235868
 -0.04482170 -0.04235868    0.04482170  0.04235868   -0.08117806 -0.05987936
    2    1
 -0.06270169  0.06154918   -0.13994223 -0.04274175   -0.04482170  0.04235868
 -0.13994223 -0.04274175   -0.06270169  0.06154918    0.04482170 -0.04235868
 -0.04482170  0.04235868    0.04482170 -0.04235868   -0.08117806  0.05987936
    2    2
  0.25109290  0.00000000   -0.00603326  0.00000000   -0.00643701 -0.00776622
 -0.00603326  0.00000000    0.25109290  0.00000000    0.00643701  0.00776622
 -0.00643701  0.00776622    0.00643701 -0.00776622    0.30279305  0.00000000

     Dynamical  Matrix in cartesian axes

     q = (   -0.250000000   0.750000000   0.750000000 ) 

    1    1
  0.30279305  0.00000000   -0.00643701 -0.00776622   -0.00643701 -0.00776622
 -0.00643701  0.00776622    0.25109290  0.00000000    0.00603326  0.00000000
 -0.00643701  0.00776622    0.00603326  0.00000000    0.25109290  0.00000000
    1    2
 -0.05987936  0.08117806   -0.04235868  0.04482170   -0.04235868  0.04482170
 -0.04235868  0.04482170   -0.06154918  0.06270169   -0.04274175 -0.13994223
 -0.04235868  0.04482170   -0.04274175 -0.13994223   -0.06154918  0.06270169
    2    1
 -0.05987936 -0.08117806   -0.04235868 -0.04482170   -0.04235868 -0.04482170
 -0.04235868 -0.04482170   -0.06154918 -0.06270169   -0.04274175  0.13994223
 -0.04235868 -0.04482170   -0.04274175  0.13994223   -0.06154918 -0.06270169
    2    2
  0.30279305  0.00000000   -0.00643701  0.00776622   -0.00643701  0.00776622
 -0.00643701 -0.00776622    0.25109290  0.00000000    0.00603326  0.00000000
 -0.00643701 -0.00776622    0.00603326  0.00000000    0.25109290  0.00000000

     Dynamical  Matrix in cartesian axes

     q = (    0.250000000   0.750000000  -0.750000000 ) 

    1    1
  0.30279305  0.00000000    0.00643701  0.00776622   -0.00643701 -0.00776622
  0.00643701 -0.00776622    0.25109290  0.00000000   -0.00603326  0.00000000
 -0.00643701  0.00776622   -0.00603326  0.00000000    0.25109290  0.00000000
    1    2
 -0.08117806 -0.05987936    0.04482170  0.04235868   -0.04482170 -0.04235868
  0.04482170  0.04235868   -0.06270169 -0.06154918   -0.13994223  0.04274175
 -0.04482170 -0.04235868   -0.13994223  0.04274175   -0.06270169 -0.06154918
    2    1
 -0.08117806  0.05987936    0.04482170 -0.04235868   -0.04482170  0.04235868
  0.04482170 -0.04235868   -0.06270169  0.06154918   -0.13994223 -0.04274175
 -0.04482170  0.04235868   -0.13994223 -0.04274175   -0.06270169  0.06154918
    2    2
  0.30279305  0.00000000    0.00643701 -0.00776622   -0.00643701  0.00776622
  0.00643701  0.00776622    0.25109290  0.00000000   -0.00603326  0.00000000
 -0.00643701 -0.00776622   -0.00603326  0.00000000    0.25109290  0.00000000

     Dynamical  Matrix in cartesian axes

     q = (   -0.250000000  -0.750000000  -0.750000000 ) 

    1    1
  0.30279305  0.00000000    0.00643701  0.00776622    0.00643701  0.00776622
  0.00643701 -0.00776622    0.25109290  0.00000000    0.00603326  0.00000000
  0.00643701 -0.00776622    0.00603326  0.00000000    0.25109290  0.00000000
    1    2
  0.08117806  0.05987936   -0.04482170 -0.04235868   -0.04482170 -0.04235868
 -0.04482170 -0.04235868    0.06270169  0.06154918   -0.13994223  0.04274175
 -0.04482170 -0.04235868   -0.13994223  0.04274175    0.06270169  0.06154918
    2    1
  0.08117806 -0.05987936   -0.04482170  0.04235868   -0.04482170  0.04235868
 -0.04482170  0.04235868    0.06270169 -0.06154918   -0.13994223 -0.04274175
 -0.04482170  0.04235868   -0.13994223 -0.04274175    0.06270169 -0.06154918
    2    2
  0.30279305  0.00000000    0.00643701 -0.00776622    0.00643701 -0.00776622
  0.00643701  0.00776622    0.25109290  0.00000000    0.00603326  0.00000000
  0.00643701  0.00776622    0.00603326  0.00000000    0.25109290  0.00000000

     Dynamical  Matrix in cartesian axes

     q = (    0.750000000   0.750000000  -0.250000000 ) 

    1    1
  0.25109290  0.00000000    0.00603326  0.00000000   -0.00643701  0.00776622
  0.00603326  0.00000000    0.25109290  0.00000000   -0.00643701  0.00776622
 -0.00643701 -0.00776622   -0.00643701 -0.00776622    0.30279305  0.00000000
    1    2
 -0.06154918  0.06270169   -0.04274175 -0.13994223   -0.04235868  0.04482170
 -0.04274175 -0.13994223   -0.06154918  0.06270169   -0.04235868  0.04482170
 -0.04235868  0.04482170   -0.04235868  0.04482170   -0.05987936  0.08117806
    2    1
 -0.06154918 -0.06270169   -0.04274175  0.13994223   -0.04235868 -0.04482170
 -0.04274175  0.13994223   -0.06154918 -0.06270169   -0.04235868 -0.04482170
 -0.04235868 -0.04482170   -0.04235868 -0.04482170   -0.05987936 -0.08117806
    2    2
  0.25109290  0.00000000    0.00603326  0.00000000   -0.00643701 -0.00776622
  0.00603326  0.00000000    0.25109290  0.00000000   -0.00643701 -0.00776622
 -0.00643701  0.00776622   -0.00643701  0.00776622    0.30279305  0.00000000

     Dynamical  Matrix in cartesian axes

     q = (    0.750000000  -0.750000000   0.250000000 ) 

    1    1
  0.25109290  0.00000000   -0.00603326  0.00000000    0.00643701 -0.00776622
 -0.00603326  0.00000000    0.25109290  0.00000000   -0.00643701  0.00776622
  0.00643701  0.00776622   -0.00643701 -0.00776622    0.30279305  0.00000000
    1    2
 -0.06270169 -0.06154918   -0.13994223  0.04274175    0.04482170  0.04235868
 -0.13994223  0.04274175   -0.06270169 -0.06154918   -0.04482170 -0.04235868
  0.04482170  0.04235868   -0.04482170 -0.04235868   -0.08117806 -0.05987936
    2    1
 -0.06270169  0.06154918   -0.13994223 -0.04274175    0.04482170 -0.04235868
 -0.13994223 -0.04274175   -0.06270169  0.06154918   -0.04482170  0.04235868
  0.04482170 -0.04235868   -0.04482170  0.04235868   -0.08117806  0.05987936
    2    2
  0.25109290  0.00000000   -0.00603326  0.00000000    0.00643701  0.00776622
 -0.00603326  0.00000000    0.25109290  0.00000000   -0.00643701 -0.00776622
  0.00643701 -0.00776622   -0.00643701  0.00776622    0.30279305  0.00000000

     Dynamical  Matrix in cartesian axes

     q = (   -0.750000000  -0.750000000  -0.250000000 ) 

    1    1
  0.25109290  0.00000000    0.00603326  0.00000000    0.00643701 -0.00776622
  0.00603326  0.00000000    0.25109290  0.00000000    0.00643701 -0.00776622
  0.00643701  0.00776622    0.00643701  0.00776622    0.30279305  0.00000000
    1    2
  0.06270169  0.06154918   -0.13994223  0.04274175   -0.04482170 -0.04235868
 -0.13994223  0.04274175    0.06270169  0.06154918   -0.04482170 -0.04235868
 -0.04482170 -0.04235868   -0.04482170 -0.04235868    0.08117806  0.05987936
    2    1
  0.06270169 -0.06154918   -0.13994223 -0.04274175   -0.04482170  0.04235868
 -0.13994223 -0.04274175    0.06270169 -0.06154918   -0.04482170  0.04235868
 -0.04482170  0.04235868   -0.04482170  0.04235868    0.08117806 -0.05987936
    2    2
  0.25109290  0.00000000    0.00603326  0.00000000    0.00643701  0.00776622
  0.00603326  0.00000000    0.25109290  0.00000000    0.00643701  0.00776622
  0.00643701 -0.00776622    0.00643701 -0.00776622    0.30279305  0.00000000

     Dynamical  Matrix in cartesian axes

     q = (    0.250000000  -0.750000000   0.750000000 ) 

    1    1
  0.30279305  0.00000000   -0.00643701 -0.00776622    0.00643701  0.00776622
 -0.00643701  0.00776622    0.25109290  0.00000000   -0.00603326  0.00000000
  0.00643701 -0.00776622   -0.00603326  0.00000000    0.25109290  0.00000000
    1    2
 -0.08117806 -0.05987936   -0.04482170 -0.04235868    0.04482170  0.04235868
 -0.04482170 -0.04235868   -0.06270169 -0.06154918   -0.13994223  0.04274175
  0.04482170  0.04235868   -0.13994223  0.04274175   -0.06270169 -0.06154918
    2    1
 -0.08117806  0.05987936   -0.04482170  0.04235868    0.04482170 -0.04235868
 -0.04482170  0.04235868   -0.06270169  0.06154918   -0.13994223 -0.04274175
  0.04482170 -0.04235868   -0.13994223 -0.04274175   -0.06270169  0.06154918
    2    2
  0.30279305  0.00000000   -0.00643701  0.00776622    0.00643701 -0.00776622
 -0.00643701 -0.00776622    0.25109290  0.00000000   -0.00603326  0.00000000
  0.00643701  0.00776622   -0.00603326  0.00000000    0.25109290  0.00000000

     Dynamical  Matrix in cartesian axes

     q = (   -0.750000000  -0.750000000   0.250000000 ) 

    1    1
  0.25109290  0.00000000    0.00603326  0.00000000   -0.00643701 -0.00776622
  0.00603326  0.00000000    0.25109290  0.00000000   -0.00643701 -0.00776622
 -0.00643701  0.00776622   -0.00643701  0.00776622    0.30279305  0.00000000
    1    2
 -0.06154918 -0.06270169   -0.04274175  0.13994223   -0.04235868 -0.04482170
 -0.04274175  0.13994223   -0.06154918 -0.06270169   -0.04235868 -0.04482170
 -0.04235868 -0.04482170   -0.04235868 -0.04482170   -0.05987936 -0.08117806
    2    1
 -0.06154918  0.06270169   -0.04274175 -0.13994223   -0.04235868  0.04482170
 -0.04274175 -0.13994223   -0.06154918  0.06270169   -0.04235868  0.04482170
 -0.04235868  0.04482170   -0.04235868  0.04482170   -0.05987936  0.08117806
    2    2
  0.25109290  0.00000000    0.00603326  0.00000000   -0.00643701  0.00776622
  0.00603326  0.00000000    0.25109290  0.00000000   -0.00643701  0.00776622
 -0.00643701 -0.00776622   -0.00643701 -0.00776622    0.30279305  0.00000000

     Dynamical  Matrix in cartesian axes

     q = (    0.250000000   0.750000000   0.750000000 ) 

    1    1
  0.30279305  0.00000000    0.00643701 -0.00776622    0.00643701 -0.00776622
  0.00643701  0.00776622    0.25109290  0.00000000    0.00603326  0.00000000
  0.00643701  0.00776622    0.00603326  0.00000000    0.25109290  0.00000000
    1    2
  0.08117806 -0.05987936   -0.04482170  0.04235868   -0.04482170  0.04235868
 -0.04482170  0.04235868    0.06270169 -0.06154918   -0.13994223 -0.04274175
 -0.04482170  0.04235868   -0.13994223 -0.04274175    0.06270169 -0.06154918
    2    1
  0.08117806  0.05987936   -0.04482170 -0.04235868   -0.04482170 -0.04235868
 -0.04482170 -0.04235868    0.06270169  0.06154918   -0.13994223  0.04274175
 -0.04482170 -0.04235868   -0.13994223  0.04274175    0.06270169  0.06154918
    2    2
  0.30279305  0.00000000    0.00643701  0.00776622    0.00643701  0.00776622
  0.00643701 -0.00776622    0.25109290  0.00000000    0.00603326  0.00000000
  0.00643701 -0.00776622    0.00603326  0.00000000    0.25109290  0.00000000

     Dynamical  Matrix in cartesian axes

     q = (   -0.250000000  -0.750000000   0.750000000 ) 

    1    1
  0.30279305  0.00000000    0.00643701 -0.00776622   -0.00643701  0.00776622
  0.00643701  0.00776622    0.25109290  0.00000000   -0.00603326  0.00000000
 -0.00643701 -0.00776622   -0.00603326  0.00000000    0.25109290  0.00000000
    1    2
 -0.08117806  0.05987936    0.04482170 -0.04235868   -0.04482170  0.04235868
  0.04482170 -0.04235868   -0.06270169  0.06154918   -0.13994223 -0.04274175
 -0.04482170  0.04235868   -0.13994223 -0.04274175   -0.06270169  0.06154918
    2    1
 -0.08117806 -0.05987936    0.04482170  0.04235868   -0.04482170 -0.04235868
  0.04482170  0.04235868   -0.06270169 -0.06154918   -0.13994223  0.04274175
 -0.04482170 -0.04235868   -0.13994223  0.04274175   -0.06270169 -0.06154918
    2    2
  0.30279305  0.00000000    0.00643701  0.00776622   -0.00643701 -0.00776622
  0.00643701 -0.00776622    0.25109290  0.00000000   -0.00603326  0.00000000
 -0.00643701  0.00776622   -0.00603326  0.00000000    0.25109290  0.00000000

     Dynamical  Matrix in cartesian axes

     q = (    0.750000000   0.750000000   0.250000000 ) 

    1    1
  0.25109290  0.00000000    0.00603326  0.00000000    0.00643701  0.00776622
  0.00603326  0.00000000    0.25109290  0.00000000    0.00643701  0.00776622
  0.00643701 -0.00776622    0.00643701 -0.00776622    0.30279305  0.00000000
    1    2
  0.06270169 -0.06154918   -0.13994223 -0.04274175   -0.04482170  0.04235868
 -0.13994223 -0.04274175    0.06270169 -0.06154918   -0.04482170  0.04235868
 -0.04482170  0.04235868   -0.04482170  0.04235868    0.08117806 -0.05987936
    2    1
  0.06270169  0.06154918   -0.13994223  0.04274175   -0.04482170 -0.04235868
 -0.13994223  0.04274175    0.06270169  0.06154918   -0.04482170 -0.04235868
 -0.04482170 -0.04235868   -0.04482170 -0.04235868    0.08117806  0.05987936
    2    2
  0.25109290  0.00000000    0.00603326  0.00000000    0.00643701 -0.00776622
  0.00603326  0.00000000    0.25109290  0.00000000    0.00643701 -0.00776622
  0.00643701  0.00776622    0.00643701  0.00776622    0.30279305  0.00000000

     Dynamical  Matrix in cartesian axes

     q = (    0.250000000  -0.750000000  -0.750000000 ) 

    1    1
  0.30279305  0.00000000   -0.00643701  0.00776622   -0.00643701  0.00776622
 -0.00643701 -0.00776622    0.25109290  0.00000000    0.00603326  0.00000000
 -0.00643701 -0.00776622    0.00603326  0.00000000    0.25109290  0.00000000
    1    2
 -0.05987936 -0.08117806   -0.04235868 -0.04482170   -0.04235868 -0.04482170
 -0.04235868 -0.04482170   -0.06154918 -0.06270169   -0.04274175  0.13994223
 -0.04235868 -0.04482170   -0.04274175  0.13994223   -0.06154918 -0.06270169
    2    1
 -0.05987936  0.08117806   -0.04235868  0.04482170   -0.04235868  0.04482170
 -0.04235868  0.04482170   -0.06154918  0.06270169   -0.04274175 -0.13994223
 -0.04235868  0.04482170   -0.04274175 -0.13994223   -0.06154918  0.06270169
    2    2
  0.30279305  0.00000000   -0.00643701 -0.00776622   -0.00643701 -0.00776622
 -0.00643701  0.00776622    0.25109290  0.00000000    0.00603326  0.00000000
 -0.00643701  0.00776622    0.00603326  0.00000000    0.25109290  0.00000000

     Dynamical  Matrix in cartesian axes

     q = (    0.750000000  -0.750000000  -0.250000000 ) 

    1    1
  0.25109290  0.00000000   -0.00603326  0.00000000   -0.00643701 -0.00776622
 -0.00603326  0.00000000    0.25109290  0.00000000    0.00643701  0.00776622
 -0.00643701  0.00776622    0.00643701 -0.00776622    0.30279305  0.00000000
    1    2
 -0.06270169  0.06154918   -0.13994223 -0.04274175   -0.04482170  0.04235868
 -0.13994223 -0.04274175   -0.06270169  0.06154918    0.04482170 -0.04235868
 -0.04482170  0.04235868    0.04482170 -0.04235868   -0.08117806  0.05987936
    2    1
 -0.06270169 -0.06154918   -0.13994223  0.04274175   -0.04482170 -0.04235868
 -0.13994223  0.04274175   -0.06270169 -0.06154918    0.04482170  0.04235868
 -0.04482170 -0.04235868    0.04482170  0.04235868   -0.08117806 -0.05987936
    2    2
  0.25109290  0.00000000   -0.00603326  0.00000000   -0.00643701  0.00776622
 -0.00603326  0.00000000    0.25109290  0.00000000    0.00643701 -0.00776622
 -0.00643701 -0.00776622    0.00643701  0.00776622    0.30279305  0.00000000

     Diagonalizing the dynamical matrix

     q = (    0.750000000  -0.250000000   0.750000000 ) 

 **************************************************************************
     freq (    1) =       4.191057 [THz] =     139.798597 [cm-1]
 (  0.046207 -0.497860  0.000000 -0.000000 -0.046207  0.497860 ) 
 (  0.500000 -0.000000  0.000000  0.000000 -0.500000  0.000000 ) 
     freq (    2) =       5.868345 [THz] =     195.746904 [cm-1]
 ( -0.389174 -0.166909 -0.343314  0.153312 -0.389174 -0.166909 ) 
 ( -0.423456  0.000000 -0.255091 -0.276221 -0.423456  0.000000 ) 
     freq (    3) =       9.443471 [THz] =     315.000284 [cm-1]
 (  0.120868 -0.285797  0.374884  0.408515  0.120868 -0.285797 ) 
 ( -0.310304 -0.000000  0.230227  0.504398 -0.310304  0.000000 ) 
     freq (    4) =      12.214810 [THz] =     407.442204 [cm-1]
 (  0.069594  0.317350 -0.401638 -0.357181  0.069594  0.317350 ) 
 ( -0.324891 -0.000000  0.434924  0.315805 -0.324891  0.000000 ) 
     freq (    5) =      13.771533 [THz] =     459.368911 [cm-1]
 (  0.046207 -0.497860  0.000000  0.000000 -0.046207  0.497860 ) 
 ( -0.500000 -0.000000  0.000000 -0.000000  0.500000  0.000000 ) 
     freq (    6) =      14.164891 [THz] =     472.489909 [cm-1]
 ( -0.303660 -0.163193 -0.462789  0.219416 -0.303660 -0.163193 ) 
 (  0.344734  0.000000  0.303781  0.412352  0.344734 -0.000000 ) 
 **************************************************************************
