Dynamical matrix file
                                                                           
  1    2  2 10.3700000  0.0000000  0.0000000  0.0000000  0.0000000  0.0000000
           1  'Si  '    25598.822984527003     
    1    1      0.0000000000      0.0000000000      0.0000000000
    2    1      0.2500000000      0.2500000000      0.2500000000

     Dynamical  Matrix in cartesian axes

     q = (   -0.250000000   0.250000000  -0.250000000 ) 

    1    1
  0.29261943  0.00000000   -0.01061866  0.00000000    0.01061866  0.00000000
 -0.01061866  0.00000000    0.29261943  0.00000000   -0.01061866  0.00000000
  0.01061866  0.00000000   -0.01061866  0.00000000    0.29261943  0.00000000
    1    2
 -0.21780432 -0.06605358   -0.03492127  0.03558337    0.03492127 -0.03558337
 -0.03492127  0.03558337   -0.21780432 -0.06605358   -0.03492127  0.03558337
  0.03492127 -0.03558337   -0.03492127  0.03558337   -0.21780432 -0.06605358
    2    1
 -0.21780432  0.06605358   -0.03492127 -0.03558337    0.03492127  0.03558337
 -0.03492127 -0.03558337   -0.21780432  0.06605358   -0.03492127 -0.03558337
  0.03492127  0.03558337   -0.03492127 -0.03558337   -0.21780432  0.06605358
    2    2
  0.29261943  0.00000000   -0.01061866  0.00000000    0.01061866  0.00000000
 -0.01061866  0.00000000    0.29261943  0.00000000   -0.01061866  0.00000000
  0.01061866  0.00000000   -0.01061866  0.00000000    0.29261943  0.00000000

     Dynamical  Matrix in cartesian axes

     q = (    0.250000000  -0.250000000  -0.250000000 ) 

    1    1
  0.29261943  0.00000000   -0.01061866  0.00000000   -0.01061866  0.00000000
 -0.01061866  0.00000000    0.29261943  0.00000000    0.01061866  0.00000000
 -0.01061866  0.00000000    0.01061866  0.00000000    0.29261943  0.00000000
    1    2
 -0.21780432 -0.06605358   -0.03492127  0.03558337   -0.03492127  0.03558337
 -0.03492127  0.03558337   -0.21780432 -0.06605358    0.03492127 -0.03558337
 -0.03492127  0.03558337    0.03492127 -0.03558337   -0.21780432 -0.06605358
    2    1
 -0.21780432  0.06605358   -0.03492127 -0.03558337   -0.03492127 -0.03558337
 -0.03492127 -0.03558337   -0.21780432  0.06605358    0.03492127  0.03558337
 -0.03492127 -0.03558337    0.03492127  0.03558337   -0.21780432  0.06605358
    2    2
  0.29261943  0.00000000   -0.01061866  0.00000000   -0.01061866  0.00000000
 -0.01061866  0.00000000    0.29261943  0.00000000    0.01061866  0.00000000
 -0.01061866  0.00000000    0.01061866  0.00000000    0.29261943  0.00000000

     Dynamical  Matrix in cartesian axes

     q = (    0.250000000  -0.250000000   0.250000000 ) 

    1    1
  0.29261943  0.00000000   -0.01061866  0.00000000    0.01061866  0.00000000
 -0.01061866  0.00000000    0.29261943  0.00000000   -0.01061866  0.00000000
  0.01061866  0.00000000   -0.01061866  0.00000000    0.29261943  0.00000000
    1    2
 -0.21780432  0.06605358   -0.03492127 -0.03558337    0.03492127  0.03558337
 -0.03492127 -0.03558337   -0.21780432  0.06605358   -0.03492127 -0.03558337
  0.03492127  0.03558337   -0.03492127 -0.03558337   -0.21780432  0.06605358
    2    1
 -0.21780432 -0.06605358   -0.03492127  0.03558337    0.03492127 -0.03558337
 -0.03492127  0.03558337   -0.21780432 -0.06605358   -0.03492127  0.03558337
  0.03492127 -0.03558337   -0.03492127  0.03558337   -0.21780432 -0.06605358
    2    2
  0.29261943  0.00000000   -0.01061866  0.00000000    0.01061866  0.00000000
 -0.01061866  0.00000000    0.29261943  0.00000000   -0.01061866  0.00000000
  0.01061866  0.00000000   -0.01061866  0.00000000    0.29261943  0.00000000

     Dynamical  Matrix in cartesian axes

     q = (    0.250000000   0.250000000   0.250000000 ) 

    1    1
  0.29261943  0.00000000    0.01061866  0.00000000    0.01061866  0.00000000
  0.01061866  0.00000000    0.29261943  0.00000000    0.01061866  0.00000000
  0.01061866  0.00000000    0.01061866  0.00000000    0.29261943  0.00000000
    1    2
 -0.06605358  0.21780432   -0.03558337 -0.03492127   -0.03558337 -0.03492127
 -0.03558337 -0.03492127   -0.06605358  0.21780432   -0.03558337 -0.03492127
 -0.03558337 -0.03492127   -0.03558337 -0.03492127   -0.06605358  0.21780432
    2    1
 -0.06605358 -0.21780432   -0.03558337  0.03492127   -0.03558337  0.03492127
 -0.03558337  0.03492127   -0.06605358 -0.21780432   -0.03558337  0.03492127
 -0.03558337  0.03492127   -0.03558337  0.03492127   -0.06605358 -0.21780432
    2    2
  0.29261943  0.00000000    0.01061866  0.00000000    0.01061866  0.00000000
  0.01061866  0.00000000    0.29261943  0.00000000    0.01061866  0.00000000
  0.01061866  0.00000000    0.01061866  0.00000000    0.29261943  0.00000000

     Dynamical  Matrix in cartesian axes

     q = (   -0.250000000  -0.250000000  -0.250000000 ) 

    1    1
  0.29261943  0.00000000    0.01061866  0.00000000    0.01061866  0.00000000
  0.01061866  0.00000000    0.29261943  0.00000000    0.01061866  0.00000000
  0.01061866  0.00000000    0.01061866  0.00000000    0.29261943  0.00000000
    1    2
 -0.06605358 -0.21780432   -0.03558337  0.03492127   -0.03558337  0.03492127
 -0.03558337  0.03492127   -0.06605358 -0.21780432   -0.03558337  0.03492127
 -0.03558337  0.03492127   -0.03558337  0.03492127   -0.06605358 -0.21780432
    2    1
 -0.06605358  0.21780432   -0.03558337 -0.03492127   -0.03558337 -0.03492127
 -0.03558337 -0.03492127   -0.06605358  0.21780432   -0.03558337 -0.03492127
 -0.03558337 -0.03492127   -0.03558337 -0.03492127   -0.06605358  0.21780432
    2    2
  0.29261943  0.00000000    0.01061866  0.00000000    0.01061866  0.00000000
  0.01061866  0.00000000    0.29261943  0.00000000    0.01061866  0.00000000
  0.01061866  0.00000000    0.01061866  0.00000000    0.29261943  0.00000000

     Dynamical  Matrix in cartesian axes

     q = (   -0.250000000  -0.250000000   0.250000000 ) 

    1    1
  0.29261943  0.00000000    0.01061866  0.00000000   -0.01061866  0.00000000
  0.01061866  0.00000000    0.29261943  0.00000000   -0.01061866  0.00000000
 -0.01061866  0.00000000   -0.01061866  0.00000000    0.29261943  0.00000000
    1    2
 -0.21780432 -0.06605358    0.03492127 -0.03558337   -0.03492127  0.03558337
  0.03492127 -0.03558337   -0.21780432 -0.06605358   -0.03492127  0.03558337
 -0.03492127  0.03558337   -0.03492127  0.03558337   -0.21780432 -0.06605358
    2    1
 -0.21780432  0.06605358    0.03492127  0.03558337   -0.03492127 -0.03558337
  0.03492127  0.03558337   -0.21780432  0.06605358   -0.03492127 -0.03558337
 -0.03492127 -0.03558337   -0.03492127 -0.03558337   -0.21780432  0.06605358
    2    2
  0.29261943  0.00000000    0.01061866  0.00000000   -0.01061866  0.00000000
  0.01061866  0.00000000    0.29261943  0.00000000   -0.01061866  0.00000000
 -0.01061866  0.00000000   -0.01061866  0.00000000    0.29261943  0.00000000

     Dynamical  Matrix in cartesian axes

     q = (   -0.250000000   0.250000000   0.250000000 ) 

    1    1
  0.29261943  0.00000000   -0.01061866  0.00000000   -0.01061866  0.00000000
 -0.01061866  0.00000000    0.29261943  0.00000000    0.01061866  0.00000000
 -0.01061866  0.00000000    0.01061866  0.00000000    0.29261943  0.00000000
    1    2
 -0.21780432  0.06605358   -0.03492127 -0.03558337   -0.03492127 -0.03558337
 -0.03492127 -0.03558337   -0.21780432  0.06605358    0.03492127  0.03558337
 -0.03492127 -0.03558337    0.03492127  0.03558337   -0.21780432  0.06605358
    2    1
 -0.21780432 -0.06605358   -0.03492127  0.03558337   -0.03492127  0.03558337
 -0.03492127  0.03558337   -0.21780432 -0.06605358    0.03492127 -0.03558337
 -0.03492127  0.03558337    0.03492127 -0.03558337   -0.21780432 -0.06605358
    2    2
  0.29261943  0.00000000   -0.01061866  0.00000000   -0.01061866  0.00000000
 -0.01061866  0.00000000    0.29261943  0.00000000    0.01061866  0.00000000
 -0.01061866  0.00000000    0.01061866  0.00000000    0.29261943  0.00000000

     Dynamical  Matrix in cartesian axes

     q = (    0.250000000   0.250000000  -0.250000000 ) 

    1    1
  0.29261943  0.00000000    0.01061866  0.00000000   -0.01061866  0.00000000
  0.01061866  0.00000000    0.29261943  0.00000000   -0.01061866  0.00000000
 -0.01061866  0.00000000   -0.01061866  0.00000000    0.29261943  0.00000000
    1    2
 -0.21780432  0.06605358    0.03492127  0.03558337   -0.03492127 -0.03558337
  0.03492127  0.03558337   -0.21780432  0.06605358   -0.03492127 -0.03558337
 -0.03492127 -0.03558337   -0.03492127 -0.03558337   -0.21780432  0.06605358
    2    1
 -0.21780432 -0.06605358    0.03492127 -0.03558337   -0.03492127  0.03558337
  0.03492127 -0.03558337   -0.21780432 -0.06605358   -0.03492127  0.03558337
 -0.03492127  0.03558337   -0.03492127  0.03558337   -0.21780432 -0.06605358
    2    2
  0.29261943  0.00000000    0.01061866  0.00000000   -0.01061866  0.00000000
  0.01061866  0.00000000    0.29261943  0.00000000   -0.01061866  0.00000000
 -0.01061866  0.00000000   -0.01061866  0.00000000    0.29261943  0.00000000

     Diagonalizing the dynamical matrix

     q = (   -0.250000000   0.250000000  -0.250000000 ) 

 **************************************************************************
     freq (    1) =       3.406406 [THz] =     113.625460 [cm-1]
 (  0.567772  0.087766  0.330943  0.059213 -0.236828 -0.028554 ) 
 (  0.574195  0.019173  0.335651  0.019173 -0.238544  0.000000 ) 
     freq (    2) =       3.406406 [THz] =     113.625460 [cm-1]
 (  0.057117 -0.001876 -0.464869 -0.064810 -0.521986 -0.062934 ) 
 (  0.056482 -0.008699 -0.469285 -0.008699 -0.525766  0.000000 ) 
     freq (    3) =       6.883186 [THz] =     229.598372 [cm-1]
 (  0.299336  0.277605 -0.299336 -0.277605  0.299336  0.277605 ) 
 (  0.408248 -0.000000 -0.408248 -0.000000  0.408248  0.000000 ) 
     freq (    4) =      14.765365 [THz] =     492.519578 [cm-1]
 (  0.299336  0.277605 -0.299336 -0.277605  0.299336  0.277605 ) 
 ( -0.408248  0.000000  0.408248  0.000000 -0.408248  0.000000 ) 
     freq (    5) =      15.061659 [THz] =     502.402851 [cm-1]
 ( -0.536094  0.140256 -0.376243  0.159529  0.159851  0.019273 ) 
 (  0.515451 -0.203418  0.354442 -0.203418 -0.161009  0.000000 ) 
     freq (    6) =      15.061659 [THz] =     502.402851 [cm-1]
 (  0.142760  0.076712 -0.407699  0.010345 -0.550459 -0.066367 ) 
 ( -0.150916 -0.059072  0.403529 -0.059072  0.554445  0.000000 ) 
 **************************************************************************
