Dynamical matrix file
                                                                           
  1    2  2 10.3700000  0.0000000  0.0000000  0.0000000  0.0000000  0.0000000
           1  'Si  '    25598.822984527003     
    1    1      0.0000000000      0.0000000000      0.0000000000
    2    1      0.2500000000      0.2500000000      0.2500000000

     Dynamical  Matrix in cartesian axes

     q = (    0.750000000  -0.250000000   0.750000000 ) 

    1    1
  0.25510229 -0.00000000   -0.00450668  0.00744050    0.00099363 -0.00000000
 -0.00450668 -0.00744050    0.31014627  0.00000000   -0.00450668 -0.00744050
  0.00099363 -0.00000000   -0.00450668  0.00744050    0.25510229 -0.00000000
    1    2
 -0.05066991  0.08193774   -0.03391679  0.03854708   -0.04011864 -0.12631659
 -0.03391679  0.03854708   -0.04936181  0.10084503   -0.03391679  0.03854708
 -0.04011864 -0.12631659   -0.03391679  0.03854708   -0.05066991  0.08193774
    2    1
 -0.05066991 -0.08193774   -0.03391679 -0.03854708   -0.04011864  0.12631659
 -0.03391679 -0.03854708   -0.04936181 -0.10084503   -0.03391679 -0.03854708
 -0.04011864  0.12631659   -0.03391679 -0.03854708   -0.05066991 -0.08193774
    2    2
  0.25510229  0.00000000   -0.00450668 -0.00744050    0.00099363  0.00000000
 -0.00450668  0.00744050    0.31014627 -0.00000000   -0.00450668  0.00744050
  0.00099363  0.00000000   -0.00450668 -0.00744050    0.25510229  0.00000000

     Dynamical  Matrix in cartesian axes

     q = (    0.750000000  -0.250000000  -0.750000000 ) 

    1    1
  0.25510229  0.00000000   -0.00450668 -0.00744050   -0.00099363 -0.00000000
 -0.00450668  0.00744050    0.31014627 -0.00000000    0.00450668 -0.00744050
 -0.00099363 -0.00000000    0.00450668  0.00744050    0.25510229  0.00000000
    1    2
 -0.08193774  0.05066991   -0.03854708  0.03391679   -0.12631659 -0.04011864
 -0.03854708  0.03391679   -0.10084503  0.04936181    0.03854708 -0.03391679
 -0.12631659 -0.04011864    0.03854708 -0.03391679   -0.08193774  0.05066991
    2    1
 -0.08193774 -0.05066991   -0.03854708 -0.03391679   -0.12631659  0.04011864
 -0.03854708 -0.03391679   -0.10084503 -0.04936181    0.03854708  0.03391679
 -0.12631659  0.04011864    0.03854708  0.03391679   -0.08193774 -0.05066991
    2    2
  0.25510229 -0.00000000   -0.00450668  0.00744050   -0.00099363  0.00000000
 -0.00450668 -0.00744050    0.31014627  0.00000000    0.00450668  0.00744050
 -0.00099363  0.00000000    0.00450668 -0.00744050    0.25510229 -0.00000000

     Dynamical  Matrix in cartesian axes

     q = (   -0.750000000  -0.250000000  -0.750000000 ) 

    1    1
  0.25510229 -0.00000000    0.00450668 -0.00744050    0.00099363 -0.00000000
  0.00450668  0.00744050    0.31014627  0.00000000    0.00450668  0.00744050
  0.00099363 -0.00000000    0.00450668 -0.00744050    0.25510229 -0.00000000
    1    2
  0.08193774  0.05066991   -0.03854708 -0.03391679   -0.12631659  0.04011864
 -0.03854708 -0.03391679    0.10084503  0.04936181   -0.03854708 -0.03391679
 -0.12631659  0.04011864   -0.03854708 -0.03391679    0.08193774  0.05066991
    2    1
  0.08193774 -0.05066991   -0.03854708  0.03391679   -0.12631659 -0.04011864
 -0.03854708  0.03391679    0.10084503 -0.04936181   -0.03854708  0.03391679
 -0.12631659 -0.04011864   -0.03854708  0.03391679    0.08193774 -0.05066991
    2    2
  0.25510229  0.00000000    0.00450668  0.00744050    0.00099363  0.00000000
  0.00450668 -0.00744050    0.31014627 -0.00000000    0.00450668 -0.00744050
  0.00099363  0.00000000    0.00450668  0.00744050    0.25510229  0.00000000

     Dynamical  Matrix in cartesian axes

     q = (   -0.750000000  -0.250000000   0.750000000 ) 

    1    1
  0.25510229  0.00000000    0.00450668  0.00744050   -0.00099363 -0.00000000
  0.00450668 -0.00744050    0.31014627 -0.00000000   -0.00450668  0.00744050
 -0.00099363 -0.00000000   -0.00450668 -0.00744050    0.25510229  0.00000000
    1    2
 -0.08193774  0.05066991    0.03854708 -0.03391679   -0.12631659 -0.04011864
  0.03854708 -0.03391679   -0.10084503  0.04936181   -0.03854708  0.03391679
 -0.12631659 -0.04011864   -0.03854708  0.03391679   -0.08193774  0.05066991
    2    1
 -0.08193774 -0.05066991    0.03854708  0.03391679   -0.12631659  0.04011864
  0.03854708  0.03391679   -0.10084503 -0.04936181   -0.03854708 -0.03391679
 -0.12631659  0.04011864   -0.03854708 -0.03391679   -0.08193774 -0.05066991
    2    2
  0.25510229 -0.00000000    0.00450668 -0.00744050   -0.00099363  0.00000000
  0.00450668  0.00744050    0.31014627  0.00000000   -0.00450668 -0.00744050
 -0.00099363  0.00000000   -0.00450668  0.00744050    0.25510229 -0.00000000

     Dynamical  Matrix in cartesian axes

     q = (   -0.750000000   0.250000000  -0.750000000 ) 

    1    1
  0.25510229  0.00000000   -0.00450668 -0.00744050    0.00099363  0.00000000
 -0.00450668  0.00744050    0.31014627 -0.00000000   -0.00450668  0.00744050
  0.00099363  0.00000000   -0.00450668 -0.00744050    0.25510229  0.00000000
    1    2
 -0.05066991 -0.08193774   -0.03391679 -0.03854708   -0.04011864  0.12631659
 -0.03391679 -0.03854708   -0.04936181 -0.10084503   -0.03391679 -0.03854708
 -0.04011864  0.12631659   -0.03391679 -0.03854708   -0.05066991 -0.08193774
    2    1
 -0.05066991  0.08193774   -0.03391679  0.03854708   -0.04011864 -0.12631659
 -0.03391679  0.03854708   -0.04936181  0.10084503   -0.03391679  0.03854708
 -0.04011864 -0.12631659   -0.03391679  0.03854708   -0.05066991  0.08193774
    2    2
  0.25510229 -0.00000000   -0.00450668  0.00744050    0.00099363 -0.00000000
 -0.00450668 -0.00744050    0.31014627  0.00000000   -0.00450668 -0.00744050
  0.00099363 -0.00000000   -0.00450668  0.00744050    0.25510229 -0.00000000

     Dynamical  Matrix in cartesian axes

     q = (   -0.250000000   0.750000000  -0.750000000 ) 

    1    1
  0.31014627 -0.00000000   -0.00450668  0.00744050    0.00450668 -0.00744050
 -0.00450668 -0.00744050    0.25510229  0.00000000   -0.00099363 -0.00000000
  0.00450668  0.00744050   -0.00099363 -0.00000000    0.25510229  0.00000000
    1    2
 -0.10084503  0.04936181   -0.03854708  0.03391679    0.03854708 -0.03391679
 -0.03854708  0.03391679   -0.08193774  0.05066991   -0.12631659 -0.04011864
  0.03854708 -0.03391679   -0.12631659 -0.04011864   -0.08193774  0.05066991
    2    1
 -0.10084503 -0.04936181   -0.03854708 -0.03391679    0.03854708  0.03391679
 -0.03854708 -0.03391679   -0.08193774 -0.05066991   -0.12631659  0.04011864
  0.03854708  0.03391679   -0.12631659  0.04011864   -0.08193774 -0.05066991
    2    2
  0.31014627  0.00000000   -0.00450668 -0.00744050    0.00450668  0.00744050
 -0.00450668  0.00744050    0.25510229 -0.00000000   -0.00099363  0.00000000
  0.00450668 -0.00744050   -0.00099363  0.00000000    0.25510229 -0.00000000

     Dynamical  Matrix in cartesian axes

     q = (   -0.750000000   0.750000000  -0.250000000 ) 

    1    1
  0.25510229  0.00000000   -0.00099363 -0.00000000    0.00450668  0.00744050
 -0.00099363 -0.00000000    0.25510229  0.00000000   -0.00450668 -0.00744050
  0.00450668 -0.00744050   -0.00450668  0.00744050    0.31014627 -0.00000000
    1    2
 -0.08193774  0.05066991   -0.12631659 -0.04011864    0.03854708 -0.03391679
 -0.12631659 -0.04011864   -0.08193774  0.05066991   -0.03854708  0.03391679
  0.03854708 -0.03391679   -0.03854708  0.03391679   -0.10084503  0.04936181
    2    1
 -0.08193774 -0.05066991   -0.12631659  0.04011864    0.03854708  0.03391679
 -0.12631659  0.04011864   -0.08193774 -0.05066991   -0.03854708 -0.03391679
  0.03854708  0.03391679   -0.03854708 -0.03391679   -0.10084503 -0.04936181
    2    2
  0.25510229 -0.00000000   -0.00099363  0.00000000    0.00450668 -0.00744050
 -0.00099363  0.00000000    0.25510229 -0.00000000   -0.00450668  0.00744050
  0.00450668  0.00744050   -0.00450668 -0.00744050    0.31014627  0.00000000

     Dynamical  Matrix in cartesian axes

     q = (    0.750000000   0.250000000   0.750000000 ) 

    1    1
  0.25510229  0.00000000    0.00450668  0.00744050    0.00099363  0.00000000
  0.00450668 -0.00744050    0.31014627 -0.00000000    0.00450668 -0.00744050
  0.00099363  0.00000000    0.00450668  0.00744050    0.25510229  0.00000000
    1    2
  0.08193774 -0.05066991   -0.03854708  0.03391679   -0.12631659 -0.04011864
 -0.03854708  0.03391679    0.10084503 -0.04936181   -0.03854708  0.03391679
 -0.12631659 -0.04011864   -0.03854708  0.03391679    0.08193774 -0.05066991
    2    1
  0.08193774  0.05066991   -0.03854708 -0.03391679   -0.12631659  0.04011864
 -0.03854708 -0.03391679    0.10084503  0.04936181   -0.03854708 -0.03391679
 -0.12631659  0.04011864   -0.03854708 -0.03391679    0.08193774  0.05066991
    2    2
  0.25510229 -0.00000000    0.00450668 -0.00744050    0.00099363 -0.00000000
  0.00450668  0.00744050    0.31014627  0.00000000    0.00450668  0.00744050
  0.00099363 -0.00000000    0.00450668 -0.00744050    0.25510229 -0.00000000

     Dynamical  Matrix in cartesian axes

     q = (   -0.750000000   0.250000000   0.750000000 ) 

    1    1
  0.25510229 -0.00000000   -0.00450668  0.00744050   -0.00099363  0.00000000
 -0.00450668 -0.00744050    0.31014627  0.00000000    0.00450668  0.00744050
 -0.00099363  0.00000000    0.00450668 -0.00744050    0.25510229 -0.00000000
    1    2
 -0.08193774 -0.05066991   -0.03854708 -0.03391679   -0.12631659  0.04011864
 -0.03854708 -0.03391679   -0.10084503 -0.04936181    0.03854708  0.03391679
 -0.12631659  0.04011864    0.03854708  0.03391679   -0.08193774 -0.05066991
    2    1
 -0.08193774  0.05066991   -0.03854708  0.03391679   -0.12631659 -0.04011864
 -0.03854708  0.03391679   -0.10084503  0.04936181    0.03854708 -0.03391679
 -0.12631659 -0.04011864    0.03854708 -0.03391679   -0.08193774  0.05066991
    2    2
  0.25510229  0.00000000   -0.00450668 -0.00744050   -0.00099363 -0.00000000
 -0.00450668  0.00744050    0.31014627 -0.00000000    0.00450668 -0.00744050
 -0.00099363 -0.00000000    0.00450668  0.00744050    0.25510229  0.00000000

     Dynamical  Matrix in cartesian axes

     q = (    0.750000000   0.250000000  -0.750000000 ) 

    1    1
  0.25510229 -0.00000000    0.00450668 -0.00744050   -0.00099363  0.00000000
  0.00450668  0.00744050    0.31014627  0.00000000   -0.00450668 -0.00744050
 -0.00099363  0.00000000   -0.00450668  0.00744050    0.25510229 -0.00000000
    1    2
 -0.08193774 -0.05066991    0.03854708  0.03391679   -0.12631659  0.04011864
  0.03854708  0.03391679   -0.10084503 -0.04936181   -0.03854708 -0.03391679
 -0.12631659  0.04011864   -0.03854708 -0.03391679   -0.08193774 -0.05066991
    2    1
 -0.08193774  0.05066991    0.03854708 -0.03391679   -0.12631659 -0.04011864
  0.03854708 -0.03391679   -0.10084503  0.04936181   -0.03854708  0.03391679
 -0.12631659 -0.04011864   -0.03854708  0.03391679   -0.08193774  0.05066991
    2    2
  0.25510229  0.00000000    0.00450668  0.00744050   -0.00099363 -0.00000000
  0.00450668 -0.00744050    0.31014627 -0.00000000   -0.00450668  0.00744050
 -0.00099363 -0.00000000   -0.00450668 -0.00744050    0.25510229  0.00000000

     Dynamical  Matrix in cartesian axes

     q = (   -0.750000000   0.750000000   0.250000000 ) 

    1    1
  0.25510229 -0.00000000   -0.00099363  0.00000000   -0.00450668  0.00744050
 -0.00099363  0.00000000    0.25510229 -0.00000000    0.00450668 -0.00744050
 -0.00450668 -0.00744050    0.00450668  0.00744050    0.31014627  0.00000000
    1    2
 -0.08193774 -0.05066991   -0.12631659  0.04011864   -0.03854708 -0.03391679
 -0.12631659  0.04011864   -0.08193774 -0.05066991    0.03854708  0.03391679
 -0.03854708 -0.03391679    0.03854708  0.03391679   -0.10084503 -0.04936181
    2    1
 -0.08193774  0.05066991   -0.12631659 -0.04011864   -0.03854708  0.03391679
 -0.12631659 -0.04011864   -0.08193774  0.05066991    0.03854708 -0.03391679
 -0.03854708  0.03391679    0.03854708 -0.03391679   -0.10084503  0.04936181
    2    2
  0.25510229  0.00000000   -0.00099363 -0.00000000   -0.00450668 -0.00744050
 -0.00099363 -0.00000000    0.25510229  0.00000000    0.00450668  0.00744050
 -0.00450668  0.00744050    0.00450668 -0.00744050    0.31014627 -0.00000000

     Dynamical  Matrix in cartesian axes

     q = (   -0.250000000   0.750000000   0.750000000 ) 

    1    1
  0.31014627  0.00000000   -0.00450668 -0.00744050   -0.00450668 -0.00744050
 -0.00450668  0.00744050    0.25510229 -0.00000000    0.00099363 -0.00000000
 -0.00450668  0.00744050    0.00099363 -0.00000000    0.25510229 -0.00000000
    1    2
 -0.04936181  0.10084503   -0.03391679  0.03854708   -0.03391679  0.03854708
 -0.03391679  0.03854708   -0.05066991  0.08193774   -0.04011864 -0.12631659
 -0.03391679  0.03854708   -0.04011864 -0.12631659   -0.05066991  0.08193774
    2    1
 -0.04936181 -0.10084503   -0.03391679 -0.03854708   -0.03391679 -0.03854708
 -0.03391679 -0.03854708   -0.05066991 -0.08193774   -0.04011864  0.12631659
 -0.03391679 -0.03854708   -0.04011864  0.12631659   -0.05066991 -0.08193774
    2    2
  0.31014627 -0.00000000   -0.00450668  0.00744050   -0.00450668  0.00744050
 -0.00450668 -0.00744050    0.25510229  0.00000000    0.00099363  0.00000000
 -0.00450668 -0.00744050    0.00099363  0.00000000    0.25510229  0.00000000

     Dynamical  Matrix in cartesian axes

     q = (    0.250000000   0.750000000  -0.750000000 ) 

    1    1
  0.31014627  0.00000000    0.00450668  0.00744050   -0.00450668 -0.00744050
  0.00450668 -0.00744050    0.25510229 -0.00000000   -0.00099363  0.00000000
 -0.00450668  0.00744050   -0.00099363  0.00000000    0.25510229 -0.00000000
    1    2
 -0.10084503 -0.04936181    0.03854708  0.03391679   -0.03854708 -0.03391679
  0.03854708  0.03391679   -0.08193774 -0.05066991   -0.12631659  0.04011864
 -0.03854708 -0.03391679   -0.12631659  0.04011864   -0.08193774 -0.05066991
    2    1
 -0.10084503  0.04936181    0.03854708 -0.03391679   -0.03854708  0.03391679
  0.03854708 -0.03391679   -0.08193774  0.05066991   -0.12631659 -0.04011864
 -0.03854708  0.03391679   -0.12631659 -0.04011864   -0.08193774  0.05066991
    2    2
  0.31014627 -0.00000000    0.00450668 -0.00744050   -0.00450668  0.00744050
  0.00450668  0.00744050    0.25510229  0.00000000   -0.00099363 -0.00000000
 -0.00450668 -0.00744050   -0.00099363 -0.00000000    0.25510229  0.00000000

     Dynamical  Matrix in cartesian axes

     q = (   -0.250000000  -0.750000000  -0.750000000 ) 

    1    1
  0.31014627  0.00000000    0.00450668  0.00744050    0.00450668  0.00744050
  0.00450668 -0.00744050    0.25510229 -0.00000000    0.00099363 -0.00000000
  0.00450668 -0.00744050    0.00099363 -0.00000000    0.25510229 -0.00000000
    1    2
  0.10084503  0.04936181   -0.03854708 -0.03391679   -0.03854708 -0.03391679
 -0.03854708 -0.03391679    0.08193774  0.05066991   -0.12631659  0.04011864
 -0.03854708 -0.03391679   -0.12631659  0.04011864    0.08193774  0.05066991
    2    1
  0.10084503 -0.04936181   -0.03854708  0.03391679   -0.03854708  0.03391679
 -0.03854708  0.03391679    0.08193774 -0.05066991   -0.12631659 -0.04011864
 -0.03854708  0.03391679   -0.12631659 -0.04011864    0.08193774 -0.05066991
    2    2
  0.31014627 -0.00000000    0.00450668 -0.00744050    0.00450668 -0.00744050
  0.00450668  0.00744050    0.25510229  0.00000000    0.00099363  0.00000000
  0.00450668  0.00744050    0.00099363  0.00000000    0.25510229  0.00000000

     Dynamical  Matrix in cartesian axes

     q = (    0.750000000   0.750000000  -0.250000000 ) 

    1    1
  0.25510229 -0.00000000    0.00099363 -0.00000000   -0.00450668  0.00744050
  0.00099363 -0.00000000    0.25510229 -0.00000000   -0.00450668  0.00744050
 -0.00450668 -0.00744050   -0.00450668 -0.00744050    0.31014627  0.00000000
    1    2
 -0.05066991  0.08193774   -0.04011864 -0.12631659   -0.03391679  0.03854708
 -0.04011864 -0.12631659   -0.05066991  0.08193774   -0.03391679  0.03854708
 -0.03391679  0.03854708   -0.03391679  0.03854708   -0.04936181  0.10084503
    2    1
 -0.05066991 -0.08193774   -0.04011864  0.12631659   -0.03391679 -0.03854708
 -0.04011864  0.12631659   -0.05066991 -0.08193774   -0.03391679 -0.03854708
 -0.03391679 -0.03854708   -0.03391679 -0.03854708   -0.04936181 -0.10084503
    2    2
  0.25510229  0.00000000    0.00099363  0.00000000   -0.00450668 -0.00744050
  0.00099363  0.00000000    0.25510229  0.00000000   -0.00450668 -0.00744050
 -0.00450668  0.00744050   -0.00450668  0.00744050    0.31014627 -0.00000000

     Dynamical  Matrix in cartesian axes

     q = (    0.750000000  -0.750000000   0.250000000 ) 

    1    1
  0.25510229 -0.00000000   -0.00099363  0.00000000    0.00450668 -0.00744050
 -0.00099363  0.00000000    0.25510229 -0.00000000   -0.00450668  0.00744050
  0.00450668  0.00744050   -0.00450668 -0.00744050    0.31014627  0.00000000
    1    2
 -0.08193774 -0.05066991   -0.12631659  0.04011864    0.03854708  0.03391679
 -0.12631659  0.04011864   -0.08193774 -0.05066991   -0.03854708 -0.03391679
  0.03854708  0.03391679   -0.03854708 -0.03391679   -0.10084503 -0.04936181
    2    1
 -0.08193774  0.05066991   -0.12631659 -0.04011864    0.03854708 -0.03391679
 -0.12631659 -0.04011864   -0.08193774  0.05066991   -0.03854708  0.03391679
  0.03854708 -0.03391679   -0.03854708  0.03391679   -0.10084503  0.04936181
    2    2
  0.25510229  0.00000000   -0.00099363 -0.00000000    0.00450668  0.00744050
 -0.00099363 -0.00000000    0.25510229  0.00000000   -0.00450668 -0.00744050
  0.00450668 -0.00744050   -0.00450668  0.00744050    0.31014627 -0.00000000

     Dynamical  Matrix in cartesian axes

     q = (   -0.750000000  -0.750000000  -0.250000000 ) 

    1    1
  0.25510229 -0.00000000    0.00099363 -0.00000000    0.00450668 -0.00744050
  0.00099363 -0.00000000    0.25510229 -0.00000000    0.00450668 -0.00744050
  0.00450668  0.00744050    0.00450668  0.00744050    0.31014627  0.00000000
    1    2
  0.08193774  0.05066991   -0.12631659  0.04011864   -0.03854708 -0.03391679
 -0.12631659  0.04011864    0.08193774  0.05066991   -0.03854708 -0.03391679
 -0.03854708 -0.03391679   -0.03854708 -0.03391679    0.10084503  0.04936181
    2    1
  0.08193774 -0.05066991   -0.12631659 -0.04011864   -0.03854708  0.03391679
 -0.12631659 -0.04011864    0.08193774 -0.05066991   -0.03854708  0.03391679
 -0.03854708  0.03391679   -0.03854708  0.03391679    0.10084503 -0.04936181
    2    2
  0.25510229  0.00000000    0.00099363  0.00000000    0.00450668  0.00744050
  0.00099363  0.00000000    0.25510229  0.00000000    0.00450668  0.00744050
  0.00450668 -0.00744050    0.00450668 -0.00744050    0.31014627 -0.00000000

     Dynamical  Matrix in cartesian axes

     q = (    0.250000000  -0.750000000   0.750000000 ) 

    1    1
  0.31014627  0.00000000   -0.00450668 -0.00744050    0.00450668  0.00744050
 -0.00450668  0.00744050    0.25510229 -0.00000000   -0.00099363  0.00000000
  0.00450668 -0.00744050   -0.00099363  0.00000000    0.25510229 -0.00000000
    1    2
 -0.10084503 -0.04936181   -0.03854708 -0.03391679    0.03854708  0.03391679
 -0.03854708 -0.03391679   -0.08193774 -0.05066991   -0.12631659  0.04011864
  0.03854708  0.03391679   -0.12631659  0.04011864   -0.08193774 -0.05066991
    2    1
 -0.10084503  0.04936181   -0.03854708  0.03391679    0.03854708 -0.03391679
 -0.03854708  0.03391679   -0.08193774  0.05066991   -0.12631659 -0.04011864
  0.03854708 -0.03391679   -0.12631659 -0.04011864   -0.08193774  0.05066991
    2    2
  0.31014627 -0.00000000   -0.00450668  0.00744050    0.00450668 -0.00744050
 -0.00450668 -0.00744050    0.25510229  0.00000000   -0.00099363 -0.00000000
  0.00450668  0.00744050   -0.00099363 -0.00000000    0.25510229  0.00000000

     Dynamical  Matrix in cartesian axes

     q = (   -0.750000000  -0.750000000   0.250000000 ) 

    1    1
  0.25510229  0.00000000    0.00099363  0.00000000   -0.00450668 -0.00744050
  0.00099363  0.00000000    0.25510229  0.00000000   -0.00450668 -0.00744050
 -0.00450668  0.00744050   -0.00450668  0.00744050    0.31014627 -0.00000000
    1    2
 -0.05066991 -0.08193774   -0.04011864  0.12631659   -0.03391679 -0.03854708
 -0.04011864  0.12631659   -0.05066991 -0.08193774   -0.03391679 -0.03854708
 -0.03391679 -0.03854708   -0.03391679 -0.03854708   -0.04936181 -0.10084503
    2    1
 -0.05066991  0.08193774   -0.04011864 -0.12631659   -0.03391679  0.03854708
 -0.04011864 -0.12631659   -0.05066991  0.08193774   -0.03391679  0.03854708
 -0.03391679  0.03854708   -0.03391679  0.03854708   -0.04936181  0.10084503
    2    2
  0.25510229 -0.00000000    0.00099363 -0.00000000   -0.00450668  0.00744050
  0.00099363 -0.00000000    0.25510229 -0.00000000   -0.00450668  0.00744050
 -0.00450668 -0.00744050   -0.00450668 -0.00744050    0.31014627  0.00000000

     Dynamical  Matrix in cartesian axes

     q = (    0.250000000   0.750000000   0.750000000 ) 

    1    1
  0.31014627 -0.00000000    0.00450668 -0.00744050    0.00450668 -0.00744050
  0.00450668  0.00744050    0.25510229  0.00000000    0.00099363  0.00000000
  0.00450668  0.00744050    0.00099363  0.00000000    0.25510229  0.00000000
    1    2
  0.10084503 -0.04936181   -0.03854708  0.03391679   -0.03854708  0.03391679
 -0.03854708  0.03391679    0.08193774 -0.05066991   -0.12631659 -0.04011864
 -0.03854708  0.03391679   -0.12631659 -0.04011864    0.08193774 -0.05066991
    2    1
  0.10084503  0.04936181   -0.03854708 -0.03391679   -0.03854708 -0.03391679
 -0.03854708 -0.03391679    0.08193774  0.05066991   -0.12631659  0.04011864
 -0.03854708 -0.03391679   -0.12631659  0.04011864    0.08193774  0.05066991
    2    2
  0.31014627  0.00000000    0.00450668  0.00744050    0.00450668  0.00744050
  0.00450668 -0.00744050    0.25510229 -0.00000000    0.00099363 -0.00000000
  0.00450668 -0.00744050    0.00099363 -0.00000000    0.25510229 -0.00000000

     Dynamical  Matrix in cartesian axes

     q = (   -0.250000000  -0.750000000   0.750000000 ) 

    1    1
  0.31014627 -0.00000000    0.00450668 -0.00744050   -0.00450668  0.00744050
  0.00450668  0.00744050    0.25510229  0.00000000   -0.00099363 -0.00000000
 -0.00450668 -0.00744050   -0.00099363 -0.00000000    0.25510229  0.00000000
    1    2
 -0.10084503  0.04936181    0.03854708 -0.03391679   -0.03854708  0.03391679
  0.03854708 -0.03391679   -0.08193774  0.05066991   -0.12631659 -0.04011864
 -0.03854708  0.03391679   -0.12631659 -0.04011864   -0.08193774  0.05066991
    2    1
 -0.10084503 -0.04936181    0.03854708  0.03391679   -0.03854708 -0.03391679
  0.03854708  0.03391679   -0.08193774 -0.05066991   -0.12631659  0.04011864
 -0.03854708 -0.03391679   -0.12631659  0.04011864   -0.08193774 -0.05066991
    2    2
  0.31014627  0.00000000    0.00450668  0.00744050   -0.00450668 -0.00744050
  0.00450668 -0.00744050    0.25510229 -0.00000000   -0.00099363  0.00000000
 -0.00450668  0.00744050   -0.00099363  0.00000000    0.25510229 -0.00000000

     Dynamical  Matrix in cartesian axes

     q = (    0.750000000   0.750000000   0.250000000 ) 

    1    1
  0.25510229  0.00000000    0.00099363  0.00000000    0.00450668  0.00744050
  0.00099363  0.00000000    0.25510229  0.00000000    0.00450668  0.00744050
  0.00450668 -0.00744050    0.00450668 -0.00744050    0.31014627 -0.00000000
    1    2
  0.08193774 -0.05066991   -0.12631659 -0.04011864   -0.03854708  0.03391679
 -0.12631659 -0.04011864    0.08193774 -0.05066991   -0.03854708  0.03391679
 -0.03854708  0.03391679   -0.03854708  0.03391679    0.10084503 -0.04936181
    2    1
  0.08193774  0.05066991   -0.12631659  0.04011864   -0.03854708 -0.03391679
 -0.12631659  0.04011864    0.08193774  0.05066991   -0.03854708 -0.03391679
 -0.03854708 -0.03391679   -0.03854708 -0.03391679    0.10084503  0.04936181
    2    2
  0.25510229 -0.00000000    0.00099363 -0.00000000    0.00450668 -0.00744050
  0.00099363 -0.00000000    0.25510229 -0.00000000    0.00450668 -0.00744050
  0.00450668  0.00744050    0.00450668  0.00744050    0.31014627  0.00000000

     Dynamical  Matrix in cartesian axes

     q = (    0.250000000  -0.750000000  -0.750000000 ) 

    1    1
  0.31014627 -0.00000000   -0.00450668  0.00744050   -0.00450668  0.00744050
 -0.00450668 -0.00744050    0.25510229  0.00000000    0.00099363  0.00000000
 -0.00450668 -0.00744050    0.00099363  0.00000000    0.25510229  0.00000000
    1    2
 -0.04936181 -0.10084503   -0.03391679 -0.03854708   -0.03391679 -0.03854708
 -0.03391679 -0.03854708   -0.05066991 -0.08193774   -0.04011864  0.12631659
 -0.03391679 -0.03854708   -0.04011864  0.12631659   -0.05066991 -0.08193774
    2    1
 -0.04936181  0.10084503   -0.03391679  0.03854708   -0.03391679  0.03854708
 -0.03391679  0.03854708   -0.05066991  0.08193774   -0.04011864 -0.12631659
 -0.03391679  0.03854708   -0.04011864 -0.12631659   -0.05066991  0.08193774
    2    2
  0.31014627  0.00000000   -0.00450668 -0.00744050   -0.00450668 -0.00744050
 -0.00450668  0.00744050    0.25510229 -0.00000000    0.00099363 -0.00000000
 -0.00450668  0.00744050    0.00099363 -0.00000000    0.25510229 -0.00000000

     Dynamical  Matrix in cartesian axes

     q = (    0.750000000  -0.750000000  -0.250000000 ) 

    1    1
  0.25510229  0.00000000   -0.00099363 -0.00000000   -0.00450668 -0.00744050
 -0.00099363 -0.00000000    0.25510229  0.00000000    0.00450668  0.00744050
 -0.00450668  0.00744050    0.00450668 -0.00744050    0.31014627 -0.00000000
    1    2
 -0.08193774  0.05066991   -0.12631659 -0.04011864   -0.03854708  0.03391679
 -0.12631659 -0.04011864   -0.08193774  0.05066991    0.03854708 -0.03391679
 -0.03854708  0.03391679    0.03854708 -0.03391679   -0.10084503  0.04936181
    2    1
 -0.08193774 -0.05066991   -0.12631659  0.04011864   -0.03854708 -0.03391679
 -0.12631659  0.04011864   -0.08193774 -0.05066991    0.03854708  0.03391679
 -0.03854708 -0.03391679    0.03854708  0.03391679   -0.10084503 -0.04936181
    2    2
  0.25510229 -0.00000000   -0.00099363  0.00000000   -0.00450668  0.00744050
 -0.00099363  0.00000000    0.25510229 -0.00000000    0.00450668 -0.00744050
 -0.00450668 -0.00744050    0.00450668  0.00744050    0.31014627  0.00000000

     Diagonalizing the dynamical matrix

     q = (    0.750000000  -0.250000000   0.750000000 ) 

 **************************************************************************
     freq (    1) =       4.390223 [THz] =     146.442074 [cm-1]
 (  0.025300 -0.499359 -0.000000  0.000000 -0.025300  0.499359 ) 
 (  0.500000  0.000000 -0.000000  0.000000 -0.500000  0.000000 ) 
     freq (    2) =       6.786903 [THz] =     226.386726 [cm-1]
 ( -0.393991 -0.077270 -0.364333  0.211810 -0.393991 -0.077270 ) 
 ( -0.401496 -0.000000 -0.316758 -0.277968 -0.401496  0.000000 ) 
     freq (    3) =       9.703872 [THz] =     323.686324 [cm-1]
 (  0.009725  0.334964 -0.469520 -0.234436  0.009725  0.334964 ) 
 (  0.335105 -0.000000 -0.247963 -0.462519  0.335105  0.000000 ) 
     freq (    4) =      11.887675 [THz] =     396.530153 [cm-1]
 ( -0.231522 -0.314789  0.386222  0.213173 -0.231522 -0.314789 ) 
 (  0.390762 -0.000000 -0.400560 -0.184829  0.390762  0.000000 ) 
     freq (    5) =      13.985628 [THz] =     466.510347 [cm-1]
 ( -0.025300  0.499359 -0.000000 -0.000000  0.025300 -0.499359 ) 
 (  0.500000  0.000000 -0.000000  0.000000 -0.500000  0.000000 ) 
     freq (    6) =      14.045105 [THz] =     468.494281 [cm-1]
 ( -0.261242 -0.074588 -0.514797  0.295572 -0.261242 -0.074588 ) 
 (  0.271681  0.000000  0.413868  0.425549  0.271681  0.000000 ) 
 **************************************************************************
