Dynamical matrix file
                                                                           
  1    2  2 10.3360000  0.0000000  0.0000000  0.0000000  0.0000000  0.0000000
           1  'Si  '    25598.822984527003     
    1    1      0.0000000000      0.0000000000      0.0000000000
    2    1      0.2500000000      0.2500000000      0.2500000000

     Dynamical  Matrix in cartesian axes

     q = (    0.750000000  -0.250000000   0.750000000 ) 

    1    1
  0.23274214  0.00000000   -0.00487315  0.00742779    0.00212411  0.00000000
 -0.00487315 -0.00742779    0.28828908  0.00000000   -0.00487315 -0.00742779
  0.00212411  0.00000000   -0.00487315  0.00742779    0.23274214  0.00000000
    1    2
 -0.06351407  0.05480295   -0.03633038  0.04055732   -0.04146971 -0.13172623
 -0.03633038  0.04055732   -0.06225177  0.07367992   -0.03633038  0.04055732
 -0.04146971 -0.13172623   -0.03633038  0.04055732   -0.06351407  0.05480295
    2    1
 -0.06351407 -0.05480295   -0.03633038 -0.04055732   -0.04146971  0.13172623
 -0.03633038 -0.04055732   -0.06225177 -0.07367992   -0.03633038 -0.04055732
 -0.04146971  0.13172623   -0.03633038 -0.04055732   -0.06351407 -0.05480295
    2    2
  0.23274214  0.00000000   -0.00487315 -0.00742779    0.00212411  0.00000000
 -0.00487315  0.00742779    0.28828908  0.00000000   -0.00487315  0.00742779
  0.00212411  0.00000000   -0.00487315 -0.00742779    0.23274214  0.00000000

     Dynamical  Matrix in cartesian axes

     q = (    0.750000000  -0.250000000  -0.750000000 ) 

    1    1
  0.23274214  0.00000000   -0.00487315 -0.00742779   -0.00212411  0.00000000
 -0.00487315  0.00742779    0.28828908  0.00000000    0.00487315 -0.00742779
 -0.00212411  0.00000000    0.00487315  0.00742779    0.23274214  0.00000000
    1    2
 -0.05480295  0.06351407   -0.04055732  0.03633038   -0.13172623 -0.04146971
 -0.04055732  0.03633038   -0.07367992  0.06225177    0.04055732 -0.03633038
 -0.13172623 -0.04146971    0.04055732 -0.03633038   -0.05480295  0.06351407
    2    1
 -0.05480295 -0.06351407   -0.04055732 -0.03633038   -0.13172623  0.04146971
 -0.04055732 -0.03633038   -0.07367992 -0.06225177    0.04055732  0.03633038
 -0.13172623  0.04146971    0.04055732  0.03633038   -0.05480295 -0.06351407
    2    2
  0.23274214  0.00000000   -0.00487315  0.00742779   -0.00212411  0.00000000
 -0.00487315 -0.00742779    0.28828908  0.00000000    0.00487315  0.00742779
 -0.00212411  0.00000000    0.00487315 -0.00742779    0.23274214  0.00000000

     Dynamical  Matrix in cartesian axes

     q = (   -0.750000000  -0.250000000  -0.750000000 ) 

    1    1
  0.23274214  0.00000000    0.00487315 -0.00742779    0.00212411  0.00000000
  0.00487315  0.00742779    0.28828908  0.00000000    0.00487315  0.00742779
  0.00212411  0.00000000    0.00487315 -0.00742779    0.23274214  0.00000000
    1    2
  0.05480295  0.06351407   -0.04055732 -0.03633038   -0.13172623  0.04146971
 -0.04055732 -0.03633038    0.07367992  0.06225177   -0.04055732 -0.03633038
 -0.13172623  0.04146971   -0.04055732 -0.03633038    0.05480295  0.06351407
    2    1
  0.05480295 -0.06351407   -0.04055732  0.03633038   -0.13172623 -0.04146971
 -0.04055732  0.03633038    0.07367992 -0.06225177   -0.04055732  0.03633038
 -0.13172623 -0.04146971   -0.04055732  0.03633038    0.05480295 -0.06351407
    2    2
  0.23274214  0.00000000    0.00487315  0.00742779    0.00212411  0.00000000
  0.00487315 -0.00742779    0.28828908  0.00000000    0.00487315 -0.00742779
  0.00212411  0.00000000    0.00487315  0.00742779    0.23274214  0.00000000

     Dynamical  Matrix in cartesian axes

     q = (   -0.750000000  -0.250000000   0.750000000 ) 

    1    1
  0.23274214  0.00000000    0.00487315  0.00742779   -0.00212411  0.00000000
  0.00487315 -0.00742779    0.28828908  0.00000000   -0.00487315  0.00742779
 -0.00212411  0.00000000   -0.00487315 -0.00742779    0.23274214  0.00000000
    1    2
 -0.05480295  0.06351407    0.04055732 -0.03633038   -0.13172623 -0.04146971
  0.04055732 -0.03633038   -0.07367992  0.06225177   -0.04055732  0.03633038
 -0.13172623 -0.04146971   -0.04055732  0.03633038   -0.05480295  0.06351407
    2    1
 -0.05480295 -0.06351407    0.04055732  0.03633038   -0.13172623  0.04146971
  0.04055732  0.03633038   -0.07367992 -0.06225177   -0.04055732 -0.03633038
 -0.13172623  0.04146971   -0.04055732 -0.03633038   -0.05480295 -0.06351407
    2    2
  0.23274214  0.00000000    0.00487315 -0.00742779   -0.00212411  0.00000000
  0.00487315  0.00742779    0.28828908  0.00000000   -0.00487315 -0.00742779
 -0.00212411  0.00000000   -0.00487315  0.00742779    0.23274214  0.00000000

     Dynamical  Matrix in cartesian axes

     q = (   -0.750000000   0.250000000  -0.750000000 ) 

    1    1
  0.23274214  0.00000000   -0.00487315 -0.00742779    0.00212411  0.00000000
 -0.00487315  0.00742779    0.28828908  0.00000000   -0.00487315  0.00742779
  0.00212411  0.00000000   -0.00487315 -0.00742779    0.23274214  0.00000000
    1    2
 -0.06351407 -0.05480295   -0.03633038 -0.04055732   -0.04146971  0.13172623
 -0.03633038 -0.04055732   -0.06225177 -0.07367992   -0.03633038 -0.04055732
 -0.04146971  0.13172623   -0.03633038 -0.04055732   -0.06351407 -0.05480295
    2    1
 -0.06351407  0.05480295   -0.03633038  0.04055732   -0.04146971 -0.13172623
 -0.03633038  0.04055732   -0.06225177  0.07367992   -0.03633038  0.04055732
 -0.04146971 -0.13172623   -0.03633038  0.04055732   -0.06351407  0.05480295
    2    2
  0.23274214  0.00000000   -0.00487315  0.00742779    0.00212411  0.00000000
 -0.00487315 -0.00742779    0.28828908  0.00000000   -0.00487315 -0.00742779
  0.00212411  0.00000000   -0.00487315  0.00742779    0.23274214  0.00000000

     Dynamical  Matrix in cartesian axes

     q = (   -0.250000000   0.750000000  -0.750000000 ) 

    1    1
  0.28828908  0.00000000   -0.00487315  0.00742779    0.00487315 -0.00742779
 -0.00487315 -0.00742779    0.23274214  0.00000000   -0.00212411  0.00000000
  0.00487315  0.00742779   -0.00212411  0.00000000    0.23274214  0.00000000
    1    2
 -0.07367992  0.06225177   -0.04055732  0.03633038    0.04055732 -0.03633038
 -0.04055732  0.03633038   -0.05480295  0.06351407   -0.13172623 -0.04146971
  0.04055732 -0.03633038   -0.13172623 -0.04146971   -0.05480295  0.06351407
    2    1
 -0.07367992 -0.06225177   -0.04055732 -0.03633038    0.04055732  0.03633038
 -0.04055732 -0.03633038   -0.05480295 -0.06351407   -0.13172623  0.04146971
  0.04055732  0.03633038   -0.13172623  0.04146971   -0.05480295 -0.06351407
    2    2
  0.28828908  0.00000000   -0.00487315 -0.00742779    0.00487315  0.00742779
 -0.00487315  0.00742779    0.23274214  0.00000000   -0.00212411  0.00000000
  0.00487315 -0.00742779   -0.00212411  0.00000000    0.23274214  0.00000000

     Dynamical  Matrix in cartesian axes

     q = (   -0.750000000   0.750000000  -0.250000000 ) 

    1    1
  0.23274214  0.00000000   -0.00212411  0.00000000    0.00487315  0.00742779
 -0.00212411  0.00000000    0.23274214  0.00000000   -0.00487315 -0.00742779
  0.00487315 -0.00742779   -0.00487315  0.00742779    0.28828908  0.00000000
    1    2
 -0.05480295  0.06351407   -0.13172623 -0.04146971    0.04055732 -0.03633038
 -0.13172623 -0.04146971   -0.05480295  0.06351407   -0.04055732  0.03633038
  0.04055732 -0.03633038   -0.04055732  0.03633038   -0.07367992  0.06225177
    2    1
 -0.05480295 -0.06351407   -0.13172623  0.04146971    0.04055732  0.03633038
 -0.13172623  0.04146971   -0.05480295 -0.06351407   -0.04055732 -0.03633038
  0.04055732  0.03633038   -0.04055732 -0.03633038   -0.07367992 -0.06225177
    2    2
  0.23274214  0.00000000   -0.00212411  0.00000000    0.00487315 -0.00742779
 -0.00212411  0.00000000    0.23274214  0.00000000   -0.00487315  0.00742779
  0.00487315  0.00742779   -0.00487315 -0.00742779    0.28828908  0.00000000

     Dynamical  Matrix in cartesian axes

     q = (    0.750000000   0.250000000   0.750000000 ) 

    1    1
  0.23274214  0.00000000    0.00487315  0.00742779    0.00212411  0.00000000
  0.00487315 -0.00742779    0.28828908  0.00000000    0.00487315 -0.00742779
  0.00212411  0.00000000    0.00487315  0.00742779    0.23274214  0.00000000
    1    2
  0.05480295 -0.06351407   -0.04055732  0.03633038   -0.13172623 -0.04146971
 -0.04055732  0.03633038    0.07367992 -0.06225177   -0.04055732  0.03633038
 -0.13172623 -0.04146971   -0.04055732  0.03633038    0.05480295 -0.06351407
    2    1
  0.05480295  0.06351407   -0.04055732 -0.03633038   -0.13172623  0.04146971
 -0.04055732 -0.03633038    0.07367992  0.06225177   -0.04055732 -0.03633038
 -0.13172623  0.04146971   -0.04055732 -0.03633038    0.05480295  0.06351407
    2    2
  0.23274214  0.00000000    0.00487315 -0.00742779    0.00212411  0.00000000
  0.00487315  0.00742779    0.28828908  0.00000000    0.00487315  0.00742779
  0.00212411  0.00000000    0.00487315 -0.00742779    0.23274214  0.00000000

     Dynamical  Matrix in cartesian axes

     q = (   -0.750000000   0.250000000   0.750000000 ) 

    1    1
  0.23274214  0.00000000   -0.00487315  0.00742779   -0.00212411  0.00000000
 -0.00487315 -0.00742779    0.28828908  0.00000000    0.00487315  0.00742779
 -0.00212411  0.00000000    0.00487315 -0.00742779    0.23274214  0.00000000
    1    2
 -0.05480295 -0.06351407   -0.04055732 -0.03633038   -0.13172623  0.04146971
 -0.04055732 -0.03633038   -0.07367992 -0.06225177    0.04055732  0.03633038
 -0.13172623  0.04146971    0.04055732  0.03633038   -0.05480295 -0.06351407
    2    1
 -0.05480295  0.06351407   -0.04055732  0.03633038   -0.13172623 -0.04146971
 -0.04055732  0.03633038   -0.07367992  0.06225177    0.04055732 -0.03633038
 -0.13172623 -0.04146971    0.04055732 -0.03633038   -0.05480295  0.06351407
    2    2
  0.23274214  0.00000000   -0.00487315 -0.00742779   -0.00212411  0.00000000
 -0.00487315  0.00742779    0.28828908  0.00000000    0.00487315 -0.00742779
 -0.00212411  0.00000000    0.00487315  0.00742779    0.23274214  0.00000000

     Dynamical  Matrix in cartesian axes

     q = (    0.750000000   0.250000000  -0.750000000 ) 

    1    1
  0.23274214  0.00000000    0.00487315 -0.00742779   -0.00212411  0.00000000
  0.00487315  0.00742779    0.28828908  0.00000000   -0.00487315 -0.00742779
 -0.00212411  0.00000000   -0.00487315  0.00742779    0.23274214  0.00000000
    1    2
 -0.05480295 -0.06351407    0.04055732  0.03633038   -0.13172623  0.04146971
  0.04055732  0.03633038   -0.07367992 -0.06225177   -0.04055732 -0.03633038
 -0.13172623  0.04146971   -0.04055732 -0.03633038   -0.05480295 -0.06351407
    2    1
 -0.05480295  0.06351407    0.04055732 -0.03633038   -0.13172623 -0.04146971
  0.04055732 -0.03633038   -0.07367992  0.06225177   -0.04055732  0.03633038
 -0.13172623 -0.04146971   -0.04055732  0.03633038   -0.05480295  0.06351407
    2    2
  0.23274214  0.00000000    0.00487315  0.00742779   -0.00212411  0.00000000
  0.00487315 -0.00742779    0.28828908  0.00000000   -0.00487315  0.00742779
 -0.00212411  0.00000000   -0.00487315 -0.00742779    0.23274214  0.00000000

     Dynamical  Matrix in cartesian axes

     q = (   -0.750000000   0.750000000   0.250000000 ) 

    1    1
  0.23274214  0.00000000   -0.00212411  0.00000000   -0.00487315  0.00742779
 -0.00212411  0.00000000    0.23274214  0.00000000    0.00487315 -0.00742779
 -0.00487315 -0.00742779    0.00487315  0.00742779    0.28828908  0.00000000
    1    2
 -0.05480295 -0.06351407   -0.13172623  0.04146971   -0.04055732 -0.03633038
 -0.13172623  0.04146971   -0.05480295 -0.06351407    0.04055732  0.03633038
 -0.04055732 -0.03633038    0.04055732  0.03633038   -0.07367992 -0.06225177
    2    1
 -0.05480295  0.06351407   -0.13172623 -0.04146971   -0.04055732  0.03633038
 -0.13172623 -0.04146971   -0.05480295  0.06351407    0.04055732 -0.03633038
 -0.04055732  0.03633038    0.04055732 -0.03633038   -0.07367992  0.06225177
    2    2
  0.23274214  0.00000000   -0.00212411  0.00000000   -0.00487315 -0.00742779
 -0.00212411  0.00000000    0.23274214  0.00000000    0.00487315  0.00742779
 -0.00487315  0.00742779    0.00487315 -0.00742779    0.28828908  0.00000000

     Dynamical  Matrix in cartesian axes

     q = (   -0.250000000   0.750000000   0.750000000 ) 

    1    1
  0.28828908  0.00000000   -0.00487315 -0.00742779   -0.00487315 -0.00742779
 -0.00487315  0.00742779    0.23274214  0.00000000    0.00212411  0.00000000
 -0.00487315  0.00742779    0.00212411  0.00000000    0.23274214  0.00000000
    1    2
 -0.06225177  0.07367992   -0.03633038  0.04055732   -0.03633038  0.04055732
 -0.03633038  0.04055732   -0.06351407  0.05480295   -0.04146971 -0.13172623
 -0.03633038  0.04055732   -0.04146971 -0.13172623   -0.06351407  0.05480295
    2    1
 -0.06225177 -0.07367992   -0.03633038 -0.04055732   -0.03633038 -0.04055732
 -0.03633038 -0.04055732   -0.06351407 -0.05480295   -0.04146971  0.13172623
 -0.03633038 -0.04055732   -0.04146971  0.13172623   -0.06351407 -0.05480295
    2    2
  0.28828908  0.00000000   -0.00487315  0.00742779   -0.00487315  0.00742779
 -0.00487315 -0.00742779    0.23274214  0.00000000    0.00212411  0.00000000
 -0.00487315 -0.00742779    0.00212411  0.00000000    0.23274214  0.00000000

     Dynamical  Matrix in cartesian axes

     q = (    0.250000000   0.750000000  -0.750000000 ) 

    1    1
  0.28828908  0.00000000    0.00487315  0.00742779   -0.00487315 -0.00742779
  0.00487315 -0.00742779    0.23274214  0.00000000   -0.00212411  0.00000000
 -0.00487315  0.00742779   -0.00212411  0.00000000    0.23274214  0.00000000
    1    2
 -0.07367992 -0.06225177    0.04055732  0.03633038   -0.04055732 -0.03633038
  0.04055732  0.03633038   -0.05480295 -0.06351407   -0.13172623  0.04146971
 -0.04055732 -0.03633038   -0.13172623  0.04146971   -0.05480295 -0.06351407
    2    1
 -0.07367992  0.06225177    0.04055732 -0.03633038   -0.04055732  0.03633038
  0.04055732 -0.03633038   -0.05480295  0.06351407   -0.13172623 -0.04146971
 -0.04055732  0.03633038   -0.13172623 -0.04146971   -0.05480295  0.06351407
    2    2
  0.28828908  0.00000000    0.00487315 -0.00742779   -0.00487315  0.00742779
  0.00487315  0.00742779    0.23274214  0.00000000   -0.00212411  0.00000000
 -0.00487315 -0.00742779   -0.00212411  0.00000000    0.23274214  0.00000000

     Dynamical  Matrix in cartesian axes

     q = (   -0.250000000  -0.750000000  -0.750000000 ) 

    1    1
  0.28828908  0.00000000    0.00487315  0.00742779    0.00487315  0.00742779
  0.00487315 -0.00742779    0.23274214  0.00000000    0.00212411  0.00000000
  0.00487315 -0.00742779    0.00212411  0.00000000    0.23274214  0.00000000
    1    2
  0.07367992  0.06225177   -0.04055732 -0.03633038   -0.04055732 -0.03633038
 -0.04055732 -0.03633038    0.05480295  0.06351407   -0.13172623  0.04146971
 -0.04055732 -0.03633038   -0.13172623  0.04146971    0.05480295  0.06351407
    2    1
  0.07367992 -0.06225177   -0.04055732  0.03633038   -0.04055732  0.03633038
 -0.04055732  0.03633038    0.05480295 -0.06351407   -0.13172623 -0.04146971
 -0.04055732  0.03633038   -0.13172623 -0.04146971    0.05480295 -0.06351407
    2    2
  0.28828908  0.00000000    0.00487315 -0.00742779    0.00487315 -0.00742779
  0.00487315  0.00742779    0.23274214  0.00000000    0.00212411  0.00000000
  0.00487315  0.00742779    0.00212411  0.00000000    0.23274214  0.00000000

     Dynamical  Matrix in cartesian axes

     q = (    0.750000000   0.750000000  -0.250000000 ) 

    1    1
  0.23274214  0.00000000    0.00212411  0.00000000   -0.00487315  0.00742779
  0.00212411  0.00000000    0.23274214  0.00000000   -0.00487315  0.00742779
 -0.00487315 -0.00742779   -0.00487315 -0.00742779    0.28828908  0.00000000
    1    2
 -0.06351407  0.05480295   -0.04146971 -0.13172623   -0.03633038  0.04055732
 -0.04146971 -0.13172623   -0.06351407  0.05480295   -0.03633038  0.04055732
 -0.03633038  0.04055732   -0.03633038  0.04055732   -0.06225177  0.07367992
    2    1
 -0.06351407 -0.05480295   -0.04146971  0.13172623   -0.03633038 -0.04055732
 -0.04146971  0.13172623   -0.06351407 -0.05480295   -0.03633038 -0.04055732
 -0.03633038 -0.04055732   -0.03633038 -0.04055732   -0.06225177 -0.07367992
    2    2
  0.23274214  0.00000000    0.00212411  0.00000000   -0.00487315 -0.00742779
  0.00212411  0.00000000    0.23274214  0.00000000   -0.00487315 -0.00742779
 -0.00487315  0.00742779   -0.00487315  0.00742779    0.28828908  0.00000000

     Dynamical  Matrix in cartesian axes

     q = (    0.750000000  -0.750000000   0.250000000 ) 

    1    1
  0.23274214  0.00000000   -0.00212411  0.00000000    0.00487315 -0.00742779
 -0.00212411  0.00000000    0.23274214  0.00000000   -0.00487315  0.00742779
  0.00487315  0.00742779   -0.00487315 -0.00742779    0.28828908  0.00000000
    1    2
 -0.05480295 -0.06351407   -0.13172623  0.04146971    0.04055732  0.03633038
 -0.13172623  0.04146971   -0.05480295 -0.06351407   -0.04055732 -0.03633038
  0.04055732  0.03633038   -0.04055732 -0.03633038   -0.07367992 -0.06225177
    2    1
 -0.05480295  0.06351407   -0.13172623 -0.04146971    0.04055732 -0.03633038
 -0.13172623 -0.04146971   -0.05480295  0.06351407   -0.04055732  0.03633038
  0.04055732 -0.03633038   -0.04055732  0.03633038   -0.07367992  0.06225177
    2    2
  0.23274214  0.00000000   -0.00212411  0.00000000    0.00487315  0.00742779
 -0.00212411  0.00000000    0.23274214  0.00000000   -0.00487315 -0.00742779
  0.00487315 -0.00742779   -0.00487315  0.00742779    0.28828908  0.00000000

     Dynamical  Matrix in cartesian axes

     q = (   -0.750000000  -0.750000000  -0.250000000 ) 

    1    1
  0.23274214  0.00000000    0.00212411  0.00000000    0.00487315 -0.00742779
  0.00212411  0.00000000    0.23274214  0.00000000    0.00487315 -0.00742779
  0.00487315  0.00742779    0.00487315  0.00742779    0.28828908  0.00000000
    1    2
  0.05480295  0.06351407   -0.13172623  0.04146971   -0.04055732 -0.03633038
 -0.13172623  0.04146971    0.05480295  0.06351407   -0.04055732 -0.03633038
 -0.04055732 -0.03633038   -0.04055732 -0.03633038    0.07367992  0.06225177
    2    1
  0.05480295 -0.06351407   -0.13172623 -0.04146971   -0.04055732  0.03633038
 -0.13172623 -0.04146971    0.05480295 -0.06351407   -0.04055732  0.03633038
 -0.04055732  0.03633038   -0.04055732  0.03633038    0.07367992 -0.06225177
    2    2
  0.23274214  0.00000000    0.00212411  0.00000000    0.00487315  0.00742779
  0.00212411  0.00000000    0.23274214  0.00000000    0.00487315  0.00742779
  0.00487315 -0.00742779    0.00487315 -0.00742779    0.28828908  0.00000000

     Dynamical  Matrix in cartesian axes

     q = (    0.250000000  -0.750000000   0.750000000 ) 

    1    1
  0.28828908  0.00000000   -0.00487315 -0.00742779    0.00487315  0.00742779
 -0.00487315  0.00742779    0.23274214  0.00000000   -0.00212411  0.00000000
  0.00487315 -0.00742779   -0.00212411  0.00000000    0.23274214  0.00000000
    1    2
 -0.07367992 -0.06225177   -0.04055732 -0.03633038    0.04055732  0.03633038
 -0.04055732 -0.03633038   -0.05480295 -0.06351407   -0.13172623  0.04146971
  0.04055732  0.03633038   -0.13172623  0.04146971   -0.05480295 -0.06351407
    2    1
 -0.07367992  0.06225177   -0.04055732  0.03633038    0.04055732 -0.03633038
 -0.04055732  0.03633038   -0.05480295  0.06351407   -0.13172623 -0.04146971
  0.04055732 -0.03633038   -0.13172623 -0.04146971   -0.05480295  0.06351407
    2    2
  0.28828908  0.00000000   -0.00487315  0.00742779    0.00487315 -0.00742779
 -0.00487315 -0.00742779    0.23274214  0.00000000   -0.00212411  0.00000000
  0.00487315  0.00742779   -0.00212411  0.00000000    0.23274214  0.00000000

     Dynamical  Matrix in cartesian axes

     q = (   -0.750000000  -0.750000000   0.250000000 ) 

    1    1
  0.23274214  0.00000000    0.00212411  0.00000000   -0.00487315 -0.00742779
  0.00212411  0.00000000    0.23274214  0.00000000   -0.00487315 -0.00742779
 -0.00487315  0.00742779   -0.00487315  0.00742779    0.28828908  0.00000000
    1    2
 -0.06351407 -0.05480295   -0.04146971  0.13172623   -0.03633038 -0.04055732
 -0.04146971  0.13172623   -0.06351407 -0.05480295   -0.03633038 -0.04055732
 -0.03633038 -0.04055732   -0.03633038 -0.04055732   -0.06225177 -0.07367992
    2    1
 -0.06351407  0.05480295   -0.04146971 -0.13172623   -0.03633038  0.04055732
 -0.04146971 -0.13172623   -0.06351407  0.05480295   -0.03633038  0.04055732
 -0.03633038  0.04055732   -0.03633038  0.04055732   -0.06225177  0.07367992
    2    2
  0.23274214  0.00000000    0.00212411  0.00000000   -0.00487315  0.00742779
  0.00212411  0.00000000    0.23274214  0.00000000   -0.00487315  0.00742779
 -0.00487315 -0.00742779   -0.00487315 -0.00742779    0.28828908  0.00000000

     Dynamical  Matrix in cartesian axes

     q = (    0.250000000   0.750000000   0.750000000 ) 

    1    1
  0.28828908  0.00000000    0.00487315 -0.00742779    0.00487315 -0.00742779
  0.00487315  0.00742779    0.23274214  0.00000000    0.00212411  0.00000000
  0.00487315  0.00742779    0.00212411  0.00000000    0.23274214  0.00000000
    1    2
  0.07367992 -0.06225177   -0.04055732  0.03633038   -0.04055732  0.03633038
 -0.04055732  0.03633038    0.05480295 -0.06351407   -0.13172623 -0.04146971
 -0.04055732  0.03633038   -0.13172623 -0.04146971    0.05480295 -0.06351407
    2    1
  0.07367992  0.06225177   -0.04055732 -0.03633038   -0.04055732 -0.03633038
 -0.04055732 -0.03633038    0.05480295  0.06351407   -0.13172623  0.04146971
 -0.04055732 -0.03633038   -0.13172623  0.04146971    0.05480295  0.06351407
    2    2
  0.28828908  0.00000000    0.00487315  0.00742779    0.00487315  0.00742779
  0.00487315 -0.00742779    0.23274214  0.00000000    0.00212411  0.00000000
  0.00487315 -0.00742779    0.00212411  0.00000000    0.23274214  0.00000000

     Dynamical  Matrix in cartesian axes

     q = (   -0.250000000  -0.750000000   0.750000000 ) 

    1    1
  0.28828908  0.00000000    0.00487315 -0.00742779   -0.00487315  0.00742779
  0.00487315  0.00742779    0.23274214  0.00000000   -0.00212411  0.00000000
 -0.00487315 -0.00742779   -0.00212411  0.00000000    0.23274214  0.00000000
    1    2
 -0.07367992  0.06225177    0.04055732 -0.03633038   -0.04055732  0.03633038
  0.04055732 -0.03633038   -0.05480295  0.06351407   -0.13172623 -0.04146971
 -0.04055732  0.03633038   -0.13172623 -0.04146971   -0.05480295  0.06351407
    2    1
 -0.07367992 -0.06225177    0.04055732  0.03633038   -0.04055732 -0.03633038
  0.04055732  0.03633038   -0.05480295 -0.06351407   -0.13172623  0.04146971
 -0.04055732 -0.03633038   -0.13172623  0.04146971   -0.05480295 -0.06351407
    2    2
  0.28828908  0.00000000    0.00487315  0.00742779   -0.00487315 -0.00742779
  0.00487315 -0.00742779    0.23274214  0.00000000   -0.00212411  0.00000000
 -0.00487315  0.00742779   -0.00212411  0.00000000    0.23274214  0.00000000

     Dynamical  Matrix in cartesian axes

     q = (    0.750000000   0.750000000   0.250000000 ) 

    1    1
  0.23274214  0.00000000    0.00212411  0.00000000    0.00487315  0.00742779
  0.00212411  0.00000000    0.23274214  0.00000000    0.00487315  0.00742779
  0.00487315 -0.00742779    0.00487315 -0.00742779    0.28828908  0.00000000
    1    2
  0.05480295 -0.06351407   -0.13172623 -0.04146971   -0.04055732  0.03633038
 -0.13172623 -0.04146971    0.05480295 -0.06351407   -0.04055732  0.03633038
 -0.04055732  0.03633038   -0.04055732  0.03633038    0.07367992 -0.06225177
    2    1
  0.05480295  0.06351407   -0.13172623  0.04146971   -0.04055732 -0.03633038
 -0.13172623  0.04146971    0.05480295  0.06351407   -0.04055732 -0.03633038
 -0.04055732 -0.03633038   -0.04055732 -0.03633038    0.07367992  0.06225177
    2    2
  0.23274214  0.00000000    0.00212411  0.00000000    0.00487315 -0.00742779
  0.00212411  0.00000000    0.23274214  0.00000000    0.00487315 -0.00742779
  0.00487315  0.00742779    0.00487315  0.00742779    0.28828908  0.00000000

     Dynamical  Matrix in cartesian axes

     q = (    0.250000000  -0.750000000  -0.750000000 ) 

    1    1
  0.28828908  0.00000000   -0.00487315  0.00742779   -0.00487315  0.00742779
 -0.00487315 -0.00742779    0.23274214  0.00000000    0.00212411  0.00000000
 -0.00487315 -0.00742779    0.00212411  0.00000000    0.23274214  0.00000000
    1    2
 -0.06225177 -0.07367992   -0.03633038 -0.04055732   -0.03633038 -0.04055732
 -0.03633038 -0.04055732   -0.06351407 -0.05480295   -0.04146971  0.13172623
 -0.03633038 -0.04055732   -0.04146971  0.13172623   -0.06351407 -0.05480295
    2    1
 -0.06225177  0.07367992   -0.03633038  0.04055732   -0.03633038  0.04055732
 -0.03633038  0.04055732   -0.06351407  0.05480295   -0.04146971 -0.13172623
 -0.03633038  0.04055732   -0.04146971 -0.13172623   -0.06351407  0.05480295
    2    2
  0.28828908  0.00000000   -0.00487315 -0.00742779   -0.00487315 -0.00742779
 -0.00487315  0.00742779    0.23274214  0.00000000    0.00212411  0.00000000
 -0.00487315  0.00742779    0.00212411  0.00000000    0.23274214  0.00000000

     Dynamical  Matrix in cartesian axes

     q = (    0.750000000  -0.750000000  -0.250000000 ) 

    1    1
  0.23274214  0.00000000   -0.00212411  0.00000000   -0.00487315 -0.00742779
 -0.00212411  0.00000000    0.23274214  0.00000000    0.00487315  0.00742779
 -0.00487315  0.00742779    0.00487315 -0.00742779    0.28828908  0.00000000
    1    2
 -0.05480295  0.06351407   -0.13172623 -0.04146971   -0.04055732  0.03633038
 -0.13172623 -0.04146971   -0.05480295  0.06351407    0.04055732 -0.03633038
 -0.04055732  0.03633038    0.04055732 -0.03633038   -0.07367992  0.06225177
    2    1
 -0.05480295 -0.06351407   -0.13172623  0.04146971   -0.04055732 -0.03633038
 -0.13172623  0.04146971   -0.05480295 -0.06351407    0.04055732  0.03633038
 -0.04055732 -0.03633038    0.04055732  0.03633038   -0.07367992 -0.06225177
    2    2
  0.23274214  0.00000000   -0.00212411  0.00000000   -0.00487315  0.00742779
 -0.00212411  0.00000000    0.23274214  0.00000000    0.00487315 -0.00742779
 -0.00487315 -0.00742779    0.00487315  0.00742779    0.28828908  0.00000000

     Diagonalizing the dynamical matrix

     q = (    0.750000000  -0.250000000   0.750000000 ) 

 **************************************************************************
     freq (    1) =       4.253437 [THz] =     141.879381 [cm-1]
 (  0.058683 -0.496544  0.000000 -0.000000 -0.058683  0.496544 ) 
 (  0.500000 -0.000000  0.000000  0.000000 -0.500000  0.000000 ) 
     freq (    2) =       5.522210 [THz] =     184.201105 [cm-1]
 ( -0.398329 -0.194894 -0.299387  0.130646 -0.398329 -0.194894 ) 
 ( -0.443452  0.000000 -0.211505 -0.248931 -0.443452  0.000000 ) 
     freq (    3) =       9.021649 [THz] =     300.929824 [cm-1]
 (  0.129442 -0.247555  0.394394  0.434023  0.129442 -0.247555 ) 
 ( -0.279355 -0.000000  0.201871  0.550609 -0.279355  0.000000 ) 
     freq (    4) =      11.952168 [THz] =     398.681418 [cm-1]
 (  0.115379  0.312694 -0.415614 -0.324168  0.115379  0.312694 ) 
 ( -0.333301 -0.000000  0.447999  0.277700 -0.333301  0.000000 ) 
     freq (    5) =      13.301003 [THz] =     443.673700 [cm-1]
 (  0.058683 -0.496544  0.000000  0.000000 -0.058683  0.496544 ) 
 ( -0.500000 -0.000000 -0.000000 -0.000000  0.500000  0.000000 ) 
     freq (    6) =      13.698024 [THz] =     456.916910 [cm-1]
 ( -0.301873 -0.151969 -0.476712  0.210481 -0.301873 -0.151969 ) 
 (  0.337967  0.000000  0.331156  0.402358  0.337967 -0.000000 ) 
 **************************************************************************
