Dynamical matrix file
                                                                           
  1    2  2 10.3360000  0.0000000  0.0000000  0.0000000  0.0000000  0.0000000
           1  'Si  '    25598.822984527003     
    1    1      0.0000000000      0.0000000000      0.0000000000
    2    1      0.2500000000      0.2500000000      0.2500000000

     Dynamical  Matrix in cartesian axes

     q = (   -0.250000000   0.250000000  -0.250000000 ) 

    1    1
  0.26922141  0.00000000   -0.01092121  0.00000000    0.01092121  0.00000000
 -0.01092121  0.00000000    0.26922141  0.00000000   -0.01092121  0.00000000
  0.01092121  0.00000000   -0.01092121  0.00000000    0.26922141  0.00000000
    1    2
 -0.19362516 -0.05563935   -0.03670082  0.03742631    0.03670082 -0.03742631
 -0.03670082  0.03742631   -0.19362516 -0.05563935   -0.03670082  0.03742631
  0.03670082 -0.03742631   -0.03670082  0.03742631   -0.19362516 -0.05563935
    2    1
 -0.19362516  0.05563935   -0.03670082 -0.03742631    0.03670082  0.03742631
 -0.03670082 -0.03742631   -0.19362516  0.05563935   -0.03670082 -0.03742631
  0.03670082  0.03742631   -0.03670082 -0.03742631   -0.19362516  0.05563935
    2    2
  0.26922141  0.00000000   -0.01092121  0.00000000    0.01092121  0.00000000
 -0.01092121  0.00000000    0.26922141  0.00000000   -0.01092121  0.00000000
  0.01092121  0.00000000   -0.01092121  0.00000000    0.26922141  0.00000000

     Dynamical  Matrix in cartesian axes

     q = (    0.250000000  -0.250000000  -0.250000000 ) 

    1    1
  0.26922141  0.00000000   -0.01092121  0.00000000   -0.01092121  0.00000000
 -0.01092121  0.00000000    0.26922141  0.00000000    0.01092121  0.00000000
 -0.01092121  0.00000000    0.01092121  0.00000000    0.26922141  0.00000000
    1    2
 -0.19362516 -0.05563935   -0.03670082  0.03742631   -0.03670082  0.03742631
 -0.03670082  0.03742631   -0.19362516 -0.05563935    0.03670082 -0.03742631
 -0.03670082  0.03742631    0.03670082 -0.03742631   -0.19362516 -0.05563935
    2    1
 -0.19362516  0.05563935   -0.03670082 -0.03742631   -0.03670082 -0.03742631
 -0.03670082 -0.03742631   -0.19362516  0.05563935    0.03670082  0.03742631
 -0.03670082 -0.03742631    0.03670082  0.03742631   -0.19362516  0.05563935
    2    2
  0.26922141  0.00000000   -0.01092121  0.00000000   -0.01092121  0.00000000
 -0.01092121  0.00000000    0.26922141  0.00000000    0.01092121  0.00000000
 -0.01092121  0.00000000    0.01092121  0.00000000    0.26922141  0.00000000

     Dynamical  Matrix in cartesian axes

     q = (    0.250000000  -0.250000000   0.250000000 ) 

    1    1
  0.26922141  0.00000000   -0.01092121  0.00000000    0.01092121  0.00000000
 -0.01092121  0.00000000    0.26922141  0.00000000   -0.01092121  0.00000000
  0.01092121  0.00000000   -0.01092121  0.00000000    0.26922141  0.00000000
    1    2
 -0.19362516  0.05563935   -0.03670082 -0.03742631    0.03670082  0.03742631
 -0.03670082 -0.03742631   -0.19362516  0.05563935   -0.03670082 -0.03742631
  0.03670082  0.03742631   -0.03670082 -0.03742631   -0.19362516  0.05563935
    2    1
 -0.19362516 -0.05563935   -0.03670082  0.03742631    0.03670082 -0.03742631
 -0.03670082  0.03742631   -0.19362516 -0.05563935   -0.03670082  0.03742631
  0.03670082 -0.03742631   -0.03670082  0.03742631   -0.19362516 -0.05563935
    2    2
  0.26922141  0.00000000   -0.01092121  0.00000000    0.01092121  0.00000000
 -0.01092121  0.00000000    0.26922141  0.00000000   -0.01092121  0.00000000
  0.01092121  0.00000000   -0.01092121  0.00000000    0.26922141  0.00000000

     Dynamical  Matrix in cartesian axes

     q = (    0.250000000   0.250000000   0.250000000 ) 

    1    1
  0.26922141  0.00000000    0.01092121  0.00000000    0.01092121  0.00000000
  0.01092121  0.00000000    0.26922141  0.00000000    0.01092121  0.00000000
  0.01092121  0.00000000    0.01092121  0.00000000    0.26922141  0.00000000
    1    2
 -0.05563935  0.19362516   -0.03742631 -0.03670082   -0.03742631 -0.03670082
 -0.03742631 -0.03670082   -0.05563935  0.19362516   -0.03742631 -0.03670082
 -0.03742631 -0.03670082   -0.03742631 -0.03670082   -0.05563935  0.19362516
    2    1
 -0.05563935 -0.19362516   -0.03742631  0.03670082   -0.03742631  0.03670082
 -0.03742631  0.03670082   -0.05563935 -0.19362516   -0.03742631  0.03670082
 -0.03742631  0.03670082   -0.03742631  0.03670082   -0.05563935 -0.19362516
    2    2
  0.26922141  0.00000000    0.01092121  0.00000000    0.01092121  0.00000000
  0.01092121  0.00000000    0.26922141  0.00000000    0.01092121  0.00000000
  0.01092121  0.00000000    0.01092121  0.00000000    0.26922141  0.00000000

     Dynamical  Matrix in cartesian axes

     q = (   -0.250000000  -0.250000000  -0.250000000 ) 

    1    1
  0.26922141  0.00000000    0.01092121  0.00000000    0.01092121  0.00000000
  0.01092121  0.00000000    0.26922141  0.00000000    0.01092121  0.00000000
  0.01092121  0.00000000    0.01092121  0.00000000    0.26922141  0.00000000
    1    2
 -0.05563935 -0.19362516   -0.03742631  0.03670082   -0.03742631  0.03670082
 -0.03742631  0.03670082   -0.05563935 -0.19362516   -0.03742631  0.03670082
 -0.03742631  0.03670082   -0.03742631  0.03670082   -0.05563935 -0.19362516
    2    1
 -0.05563935  0.19362516   -0.03742631 -0.03670082   -0.03742631 -0.03670082
 -0.03742631 -0.03670082   -0.05563935  0.19362516   -0.03742631 -0.03670082
 -0.03742631 -0.03670082   -0.03742631 -0.03670082   -0.05563935  0.19362516
    2    2
  0.26922141  0.00000000    0.01092121  0.00000000    0.01092121  0.00000000
  0.01092121  0.00000000    0.26922141  0.00000000    0.01092121  0.00000000
  0.01092121  0.00000000    0.01092121  0.00000000    0.26922141  0.00000000

     Dynamical  Matrix in cartesian axes

     q = (   -0.250000000  -0.250000000   0.250000000 ) 

    1    1
  0.26922141  0.00000000    0.01092121  0.00000000   -0.01092121  0.00000000
  0.01092121  0.00000000    0.26922141  0.00000000   -0.01092121  0.00000000
 -0.01092121  0.00000000   -0.01092121  0.00000000    0.26922141  0.00000000
    1    2
 -0.19362516 -0.05563935    0.03670082 -0.03742631   -0.03670082  0.03742631
  0.03670082 -0.03742631   -0.19362516 -0.05563935   -0.03670082  0.03742631
 -0.03670082  0.03742631   -0.03670082  0.03742631   -0.19362516 -0.05563935
    2    1
 -0.19362516  0.05563935    0.03670082  0.03742631   -0.03670082 -0.03742631
  0.03670082  0.03742631   -0.19362516  0.05563935   -0.03670082 -0.03742631
 -0.03670082 -0.03742631   -0.03670082 -0.03742631   -0.19362516  0.05563935
    2    2
  0.26922141  0.00000000    0.01092121  0.00000000   -0.01092121  0.00000000
  0.01092121  0.00000000    0.26922141  0.00000000   -0.01092121  0.00000000
 -0.01092121  0.00000000   -0.01092121  0.00000000    0.26922141  0.00000000

     Dynamical  Matrix in cartesian axes

     q = (   -0.250000000   0.250000000   0.250000000 ) 

    1    1
  0.26922141  0.00000000   -0.01092121  0.00000000   -0.01092121  0.00000000
 -0.01092121  0.00000000    0.26922141  0.00000000    0.01092121  0.00000000
 -0.01092121  0.00000000    0.01092121  0.00000000    0.26922141  0.00000000
    1    2
 -0.19362516  0.05563935   -0.03670082 -0.03742631   -0.03670082 -0.03742631
 -0.03670082 -0.03742631   -0.19362516  0.05563935    0.03670082  0.03742631
 -0.03670082 -0.03742631    0.03670082  0.03742631   -0.19362516  0.05563935
    2    1
 -0.19362516 -0.05563935   -0.03670082  0.03742631   -0.03670082  0.03742631
 -0.03670082  0.03742631   -0.19362516 -0.05563935    0.03670082 -0.03742631
 -0.03670082  0.03742631    0.03670082 -0.03742631   -0.19362516 -0.05563935
    2    2
  0.26922141  0.00000000   -0.01092121  0.00000000   -0.01092121  0.00000000
 -0.01092121  0.00000000    0.26922141  0.00000000    0.01092121  0.00000000
 -0.01092121  0.00000000    0.01092121  0.00000000    0.26922141  0.00000000

     Dynamical  Matrix in cartesian axes

     q = (    0.250000000   0.250000000  -0.250000000 ) 

    1    1
  0.26922141  0.00000000    0.01092121  0.00000000   -0.01092121  0.00000000
  0.01092121  0.00000000    0.26922141  0.00000000   -0.01092121  0.00000000
 -0.01092121  0.00000000   -0.01092121  0.00000000    0.26922141  0.00000000
    1    2
 -0.19362516  0.05563935    0.03670082  0.03742631   -0.03670082 -0.03742631
  0.03670082  0.03742631   -0.19362516  0.05563935   -0.03670082 -0.03742631
 -0.03670082 -0.03742631   -0.03670082 -0.03742631   -0.19362516  0.05563935
    2    1
 -0.19362516 -0.05563935    0.03670082 -0.03742631   -0.03670082  0.03742631
  0.03670082 -0.03742631   -0.19362516 -0.05563935   -0.03670082  0.03742631
 -0.03670082  0.03742631   -0.03670082  0.03742631   -0.19362516 -0.05563935
    2    2
  0.26922141  0.00000000    0.01092121  0.00000000   -0.01092121  0.00000000
  0.01092121  0.00000000    0.26922141  0.00000000   -0.01092121  0.00000000
 -0.01092121  0.00000000   -0.01092121  0.00000000    0.26922141  0.00000000

     Diagonalizing the dynamical matrix

     q = (   -0.250000000   0.250000000  -0.250000000 ) 

 **************************************************************************
     freq (    1) =       3.394611 [THz] =     113.232050 [cm-1]
 ( -0.083614 -0.004632  0.451287  0.037665  0.534901  0.042297 ) 
 ( -0.083719  0.001974  0.452852  0.001974  0.536571 -0.000000 ) 
     freq (    2) =       3.394611 [THz] =     113.232050 [cm-1]
 ( -0.569054 -0.049982 -0.356586 -0.033181  0.212468  0.016801 ) 
 ( -0.571223 -0.004969 -0.358092 -0.004969  0.213131  0.000000 ) 
     freq (    3) =       6.931328 [THz] =     231.204217 [cm-1]
 (  0.276620  0.300247 -0.276620 -0.300247  0.276620  0.300247 ) 
 (  0.408248 -0.000000 -0.408248  0.000000  0.408248  0.000000 ) 
     freq (    4) =      14.074001 [THz] =     469.458125 [cm-1]
 ( -0.276620 -0.300247  0.276620  0.300247 -0.276620 -0.300247 ) 
 (  0.408248  0.000000 -0.408248 -0.000000  0.408248  0.000000 ) 
     freq (    5) =      14.383768 [THz] =     479.790872 [cm-1]
 ( -0.287833 -0.022740  0.287720  0.022772  0.575554  0.045512 ) 
 (  0.288730 -0.000021 -0.288620 -0.000021 -0.577350  0.000000 ) 
     freq (    6) =      14.383768 [THz] =     479.790872 [cm-1]
 ( -0.480629  0.137710 -0.480697  0.137705 -0.000068 -0.000005 ) 
 (  0.468278 -0.175169  0.468346 -0.175169  0.000068  0.000000 ) 
 **************************************************************************
