Dynamical matrix file
                                                                           
  1    2  2 10.3580000  0.0000000  0.0000000  0.0000000  0.0000000  0.0000000
           1  'Si  '    25598.822984527003     
    1    1      0.0000000000      0.0000000000      0.0000000000
    2    1      0.2500000000      0.2500000000      0.2500000000

     Dynamical  Matrix in cartesian axes

     q = (    0.750000000  -0.250000000   0.750000000 ) 

    1    1
  0.24164588  0.00000000   -0.00618385  0.00759597    0.00570274  0.00000000
 -0.00618385 -0.00759597    0.29252810  0.00000000   -0.00618385 -0.00759597
  0.00570274  0.00000000   -0.00618385  0.00759597    0.24164588  0.00000000
    1    2
 -0.05939897  0.06048672   -0.03963055  0.04196367   -0.03997145 -0.13126391
 -0.03963055  0.04196367   -0.05782732  0.07893133   -0.03963055  0.04196367
 -0.03997145 -0.13126391   -0.03963055  0.04196367   -0.05939897  0.06048672
    2    1
 -0.05939897 -0.06048672   -0.03963055 -0.04196367   -0.03997145  0.13126391
 -0.03963055 -0.04196367   -0.05782732 -0.07893133   -0.03963055 -0.04196367
 -0.03997145  0.13126391   -0.03963055 -0.04196367   -0.05939897 -0.06048672
    2    2
  0.24164588  0.00000000   -0.00618385 -0.00759597    0.00570274  0.00000000
 -0.00618385  0.00759597    0.29252810  0.00000000   -0.00618385  0.00759597
  0.00570274  0.00000000   -0.00618385 -0.00759597    0.24164588  0.00000000

     Dynamical  Matrix in cartesian axes

     q = (    0.750000000  -0.250000000  -0.750000000 ) 

    1    1
  0.24164588  0.00000000   -0.00618385 -0.00759597   -0.00570274  0.00000000
 -0.00618385  0.00759597    0.29252810  0.00000000    0.00618385 -0.00759597
 -0.00570274  0.00000000    0.00618385  0.00759597    0.24164588  0.00000000
    1    2
 -0.06048672  0.05939897   -0.04196367  0.03963055   -0.13126391 -0.03997145
 -0.04196367  0.03963055   -0.07893133  0.05782732    0.04196367 -0.03963055
 -0.13126391 -0.03997145    0.04196367 -0.03963055   -0.06048672  0.05939897
    2    1
 -0.06048672 -0.05939897   -0.04196367 -0.03963055   -0.13126391  0.03997145
 -0.04196367 -0.03963055   -0.07893133 -0.05782732    0.04196367  0.03963055
 -0.13126391  0.03997145    0.04196367  0.03963055   -0.06048672 -0.05939897
    2    2
  0.24164588  0.00000000   -0.00618385  0.00759597   -0.00570274  0.00000000
 -0.00618385 -0.00759597    0.29252810  0.00000000    0.00618385  0.00759597
 -0.00570274  0.00000000    0.00618385 -0.00759597    0.24164588  0.00000000

     Dynamical  Matrix in cartesian axes

     q = (   -0.750000000  -0.250000000  -0.750000000 ) 

    1    1
  0.24164588  0.00000000    0.00618385 -0.00759597    0.00570274  0.00000000
  0.00618385  0.00759597    0.29252810  0.00000000    0.00618385  0.00759597
  0.00570274  0.00000000    0.00618385 -0.00759597    0.24164588  0.00000000
    1    2
  0.06048672  0.05939897   -0.04196367 -0.03963055   -0.13126391  0.03997145
 -0.04196367 -0.03963055    0.07893133  0.05782732   -0.04196367 -0.03963055
 -0.13126391  0.03997145   -0.04196367 -0.03963055    0.06048672  0.05939897
    2    1
  0.06048672 -0.05939897   -0.04196367  0.03963055   -0.13126391 -0.03997145
 -0.04196367  0.03963055    0.07893133 -0.05782732   -0.04196367  0.03963055
 -0.13126391 -0.03997145   -0.04196367  0.03963055    0.06048672 -0.05939897
    2    2
  0.24164588  0.00000000    0.00618385  0.00759597    0.00570274  0.00000000
  0.00618385 -0.00759597    0.29252810  0.00000000    0.00618385 -0.00759597
  0.00570274  0.00000000    0.00618385  0.00759597    0.24164588  0.00000000

     Dynamical  Matrix in cartesian axes

     q = (   -0.750000000  -0.250000000   0.750000000 ) 

    1    1
  0.24164588  0.00000000    0.00618385  0.00759597   -0.00570274  0.00000000
  0.00618385 -0.00759597    0.29252810  0.00000000   -0.00618385  0.00759597
 -0.00570274  0.00000000   -0.00618385 -0.00759597    0.24164588  0.00000000
    1    2
 -0.06048672  0.05939897    0.04196367 -0.03963055   -0.13126391 -0.03997145
  0.04196367 -0.03963055   -0.07893133  0.05782732   -0.04196367  0.03963055
 -0.13126391 -0.03997145   -0.04196367  0.03963055   -0.06048672  0.05939897
    2    1
 -0.06048672 -0.05939897    0.04196367  0.03963055   -0.13126391  0.03997145
  0.04196367  0.03963055   -0.07893133 -0.05782732   -0.04196367 -0.03963055
 -0.13126391  0.03997145   -0.04196367 -0.03963055   -0.06048672 -0.05939897
    2    2
  0.24164588  0.00000000    0.00618385 -0.00759597   -0.00570274  0.00000000
  0.00618385  0.00759597    0.29252810  0.00000000   -0.00618385 -0.00759597
 -0.00570274  0.00000000   -0.00618385  0.00759597    0.24164588  0.00000000

     Dynamical  Matrix in cartesian axes

     q = (   -0.750000000   0.250000000  -0.750000000 ) 

    1    1
  0.24164588  0.00000000   -0.00618385 -0.00759597    0.00570274  0.00000000
 -0.00618385  0.00759597    0.29252810  0.00000000   -0.00618385  0.00759597
  0.00570274  0.00000000   -0.00618385 -0.00759597    0.24164588  0.00000000
    1    2
 -0.05939897 -0.06048672   -0.03963055 -0.04196367   -0.03997145  0.13126391
 -0.03963055 -0.04196367   -0.05782732 -0.07893133   -0.03963055 -0.04196367
 -0.03997145  0.13126391   -0.03963055 -0.04196367   -0.05939897 -0.06048672
    2    1
 -0.05939897  0.06048672   -0.03963055  0.04196367   -0.03997145 -0.13126391
 -0.03963055  0.04196367   -0.05782732  0.07893133   -0.03963055  0.04196367
 -0.03997145 -0.13126391   -0.03963055  0.04196367   -0.05939897  0.06048672
    2    2
  0.24164588  0.00000000   -0.00618385  0.00759597    0.00570274  0.00000000
 -0.00618385 -0.00759597    0.29252810  0.00000000   -0.00618385 -0.00759597
  0.00570274  0.00000000   -0.00618385  0.00759597    0.24164588  0.00000000

     Dynamical  Matrix in cartesian axes

     q = (   -0.250000000   0.750000000  -0.750000000 ) 

    1    1
  0.29252810  0.00000000   -0.00618385  0.00759597    0.00618385 -0.00759597
 -0.00618385 -0.00759597    0.24164588  0.00000000   -0.00570274  0.00000000
  0.00618385  0.00759597   -0.00570274  0.00000000    0.24164588  0.00000000
    1    2
 -0.07893133  0.05782732   -0.04196367  0.03963055    0.04196367 -0.03963055
 -0.04196367  0.03963055   -0.06048672  0.05939897   -0.13126391 -0.03997145
  0.04196367 -0.03963055   -0.13126391 -0.03997145   -0.06048672  0.05939897
    2    1
 -0.07893133 -0.05782732   -0.04196367 -0.03963055    0.04196367  0.03963055
 -0.04196367 -0.03963055   -0.06048672 -0.05939897   -0.13126391  0.03997145
  0.04196367  0.03963055   -0.13126391  0.03997145   -0.06048672 -0.05939897
    2    2
  0.29252810  0.00000000   -0.00618385 -0.00759597    0.00618385  0.00759597
 -0.00618385  0.00759597    0.24164588  0.00000000   -0.00570274  0.00000000
  0.00618385 -0.00759597   -0.00570274  0.00000000    0.24164588  0.00000000

     Dynamical  Matrix in cartesian axes

     q = (   -0.750000000   0.750000000  -0.250000000 ) 

    1    1
  0.24164588  0.00000000   -0.00570274  0.00000000    0.00618385  0.00759597
 -0.00570274  0.00000000    0.24164588  0.00000000   -0.00618385 -0.00759597
  0.00618385 -0.00759597   -0.00618385  0.00759597    0.29252810  0.00000000
    1    2
 -0.06048672  0.05939897   -0.13126391 -0.03997145    0.04196367 -0.03963055
 -0.13126391 -0.03997145   -0.06048672  0.05939897   -0.04196367  0.03963055
  0.04196367 -0.03963055   -0.04196367  0.03963055   -0.07893133  0.05782732
    2    1
 -0.06048672 -0.05939897   -0.13126391  0.03997145    0.04196367  0.03963055
 -0.13126391  0.03997145   -0.06048672 -0.05939897   -0.04196367 -0.03963055
  0.04196367  0.03963055   -0.04196367 -0.03963055   -0.07893133 -0.05782732
    2    2
  0.24164588  0.00000000   -0.00570274  0.00000000    0.00618385 -0.00759597
 -0.00570274  0.00000000    0.24164588  0.00000000   -0.00618385  0.00759597
  0.00618385  0.00759597   -0.00618385 -0.00759597    0.29252810  0.00000000

     Dynamical  Matrix in cartesian axes

     q = (    0.750000000   0.250000000   0.750000000 ) 

    1    1
  0.24164588  0.00000000    0.00618385  0.00759597    0.00570274  0.00000000
  0.00618385 -0.00759597    0.29252810  0.00000000    0.00618385 -0.00759597
  0.00570274  0.00000000    0.00618385  0.00759597    0.24164588  0.00000000
    1    2
  0.06048672 -0.05939897   -0.04196367  0.03963055   -0.13126391 -0.03997145
 -0.04196367  0.03963055    0.07893133 -0.05782732   -0.04196367  0.03963055
 -0.13126391 -0.03997145   -0.04196367  0.03963055    0.06048672 -0.05939897
    2    1
  0.06048672  0.05939897   -0.04196367 -0.03963055   -0.13126391  0.03997145
 -0.04196367 -0.03963055    0.07893133  0.05782732   -0.04196367 -0.03963055
 -0.13126391  0.03997145   -0.04196367 -0.03963055    0.06048672  0.05939897
    2    2
  0.24164588  0.00000000    0.00618385 -0.00759597    0.00570274  0.00000000
  0.00618385  0.00759597    0.29252810  0.00000000    0.00618385  0.00759597
  0.00570274  0.00000000    0.00618385 -0.00759597    0.24164588  0.00000000

     Dynamical  Matrix in cartesian axes

     q = (   -0.750000000   0.250000000   0.750000000 ) 

    1    1
  0.24164588  0.00000000   -0.00618385  0.00759597   -0.00570274  0.00000000
 -0.00618385 -0.00759597    0.29252810  0.00000000    0.00618385  0.00759597
 -0.00570274  0.00000000    0.00618385 -0.00759597    0.24164588  0.00000000
    1    2
 -0.06048672 -0.05939897   -0.04196367 -0.03963055   -0.13126391  0.03997145
 -0.04196367 -0.03963055   -0.07893133 -0.05782732    0.04196367  0.03963055
 -0.13126391  0.03997145    0.04196367  0.03963055   -0.06048672 -0.05939897
    2    1
 -0.06048672  0.05939897   -0.04196367  0.03963055   -0.13126391 -0.03997145
 -0.04196367  0.03963055   -0.07893133  0.05782732    0.04196367 -0.03963055
 -0.13126391 -0.03997145    0.04196367 -0.03963055   -0.06048672  0.05939897
    2    2
  0.24164588  0.00000000   -0.00618385 -0.00759597   -0.00570274  0.00000000
 -0.00618385  0.00759597    0.29252810  0.00000000    0.00618385 -0.00759597
 -0.00570274  0.00000000    0.00618385  0.00759597    0.24164588  0.00000000

     Dynamical  Matrix in cartesian axes

     q = (    0.750000000   0.250000000  -0.750000000 ) 

    1    1
  0.24164588  0.00000000    0.00618385 -0.00759597   -0.00570274  0.00000000
  0.00618385  0.00759597    0.29252810  0.00000000   -0.00618385 -0.00759597
 -0.00570274  0.00000000   -0.00618385  0.00759597    0.24164588  0.00000000
    1    2
 -0.06048672 -0.05939897    0.04196367  0.03963055   -0.13126391  0.03997145
  0.04196367  0.03963055   -0.07893133 -0.05782732   -0.04196367 -0.03963055
 -0.13126391  0.03997145   -0.04196367 -0.03963055   -0.06048672 -0.05939897
    2    1
 -0.06048672  0.05939897    0.04196367 -0.03963055   -0.13126391 -0.03997145
  0.04196367 -0.03963055   -0.07893133  0.05782732   -0.04196367  0.03963055
 -0.13126391 -0.03997145   -0.04196367  0.03963055   -0.06048672  0.05939897
    2    2
  0.24164588  0.00000000    0.00618385  0.00759597   -0.00570274  0.00000000
  0.00618385 -0.00759597    0.29252810  0.00000000   -0.00618385  0.00759597
 -0.00570274  0.00000000   -0.00618385 -0.00759597    0.24164588  0.00000000

     Dynamical  Matrix in cartesian axes

     q = (   -0.750000000   0.750000000   0.250000000 ) 

    1    1
  0.24164588  0.00000000   -0.00570274  0.00000000   -0.00618385  0.00759597
 -0.00570274  0.00000000    0.24164588  0.00000000    0.00618385 -0.00759597
 -0.00618385 -0.00759597    0.00618385  0.00759597    0.29252810  0.00000000
    1    2
 -0.06048672 -0.05939897   -0.13126391  0.03997145   -0.04196367 -0.03963055
 -0.13126391  0.03997145   -0.06048672 -0.05939897    0.04196367  0.03963055
 -0.04196367 -0.03963055    0.04196367  0.03963055   -0.07893133 -0.05782732
    2    1
 -0.06048672  0.05939897   -0.13126391 -0.03997145   -0.04196367  0.03963055
 -0.13126391 -0.03997145   -0.06048672  0.05939897    0.04196367 -0.03963055
 -0.04196367  0.03963055    0.04196367 -0.03963055   -0.07893133  0.05782732
    2    2
  0.24164588  0.00000000   -0.00570274  0.00000000   -0.00618385 -0.00759597
 -0.00570274  0.00000000    0.24164588  0.00000000    0.00618385  0.00759597
 -0.00618385  0.00759597    0.00618385 -0.00759597    0.29252810  0.00000000

     Dynamical  Matrix in cartesian axes

     q = (   -0.250000000   0.750000000   0.750000000 ) 

    1    1
  0.29252810  0.00000000   -0.00618385 -0.00759597   -0.00618385 -0.00759597
 -0.00618385  0.00759597    0.24164588  0.00000000    0.00570274  0.00000000
 -0.00618385  0.00759597    0.00570274  0.00000000    0.24164588  0.00000000
    1    2
 -0.05782732  0.07893133   -0.03963055  0.04196367   -0.03963055  0.04196367
 -0.03963055  0.04196367   -0.05939897  0.06048672   -0.03997145 -0.13126391
 -0.03963055  0.04196367   -0.03997145 -0.13126391   -0.05939897  0.06048672
    2    1
 -0.05782732 -0.07893133   -0.03963055 -0.04196367   -0.03963055 -0.04196367
 -0.03963055 -0.04196367   -0.05939897 -0.06048672   -0.03997145  0.13126391
 -0.03963055 -0.04196367   -0.03997145  0.13126391   -0.05939897 -0.06048672
    2    2
  0.29252810  0.00000000   -0.00618385  0.00759597   -0.00618385  0.00759597
 -0.00618385 -0.00759597    0.24164588  0.00000000    0.00570274  0.00000000
 -0.00618385 -0.00759597    0.00570274  0.00000000    0.24164588  0.00000000

     Dynamical  Matrix in cartesian axes

     q = (    0.250000000   0.750000000  -0.750000000 ) 

    1    1
  0.29252810  0.00000000    0.00618385  0.00759597   -0.00618385 -0.00759597
  0.00618385 -0.00759597    0.24164588  0.00000000   -0.00570274  0.00000000
 -0.00618385  0.00759597   -0.00570274  0.00000000    0.24164588  0.00000000
    1    2
 -0.07893133 -0.05782732    0.04196367  0.03963055   -0.04196367 -0.03963055
  0.04196367  0.03963055   -0.06048672 -0.05939897   -0.13126391  0.03997145
 -0.04196367 -0.03963055   -0.13126391  0.03997145   -0.06048672 -0.05939897
    2    1
 -0.07893133  0.05782732    0.04196367 -0.03963055   -0.04196367  0.03963055
  0.04196367 -0.03963055   -0.06048672  0.05939897   -0.13126391 -0.03997145
 -0.04196367  0.03963055   -0.13126391 -0.03997145   -0.06048672  0.05939897
    2    2
  0.29252810  0.00000000    0.00618385 -0.00759597   -0.00618385  0.00759597
  0.00618385  0.00759597    0.24164588  0.00000000   -0.00570274  0.00000000
 -0.00618385 -0.00759597   -0.00570274  0.00000000    0.24164588  0.00000000

     Dynamical  Matrix in cartesian axes

     q = (   -0.250000000  -0.750000000  -0.750000000 ) 

    1    1
  0.29252810  0.00000000    0.00618385  0.00759597    0.00618385  0.00759597
  0.00618385 -0.00759597    0.24164588  0.00000000    0.00570274  0.00000000
  0.00618385 -0.00759597    0.00570274  0.00000000    0.24164588  0.00000000
    1    2
  0.07893133  0.05782732   -0.04196367 -0.03963055   -0.04196367 -0.03963055
 -0.04196367 -0.03963055    0.06048672  0.05939897   -0.13126391  0.03997145
 -0.04196367 -0.03963055   -0.13126391  0.03997145    0.06048672  0.05939897
    2    1
  0.07893133 -0.05782732   -0.04196367  0.03963055   -0.04196367  0.03963055
 -0.04196367  0.03963055    0.06048672 -0.05939897   -0.13126391 -0.03997145
 -0.04196367  0.03963055   -0.13126391 -0.03997145    0.06048672 -0.05939897
    2    2
  0.29252810  0.00000000    0.00618385 -0.00759597    0.00618385 -0.00759597
  0.00618385  0.00759597    0.24164588  0.00000000    0.00570274  0.00000000
  0.00618385  0.00759597    0.00570274  0.00000000    0.24164588  0.00000000

     Dynamical  Matrix in cartesian axes

     q = (    0.750000000   0.750000000  -0.250000000 ) 

    1    1
  0.24164588  0.00000000    0.00570274  0.00000000   -0.00618385  0.00759597
  0.00570274  0.00000000    0.24164588  0.00000000   -0.00618385  0.00759597
 -0.00618385 -0.00759597   -0.00618385 -0.00759597    0.29252810  0.00000000
    1    2
 -0.05939897  0.06048672   -0.03997145 -0.13126391   -0.03963055  0.04196367
 -0.03997145 -0.13126391   -0.05939897  0.06048672   -0.03963055  0.04196367
 -0.03963055  0.04196367   -0.03963055  0.04196367   -0.05782732  0.07893133
    2    1
 -0.05939897 -0.06048672   -0.03997145  0.13126391   -0.03963055 -0.04196367
 -0.03997145  0.13126391   -0.05939897 -0.06048672   -0.03963055 -0.04196367
 -0.03963055 -0.04196367   -0.03963055 -0.04196367   -0.05782732 -0.07893133
    2    2
  0.24164588  0.00000000    0.00570274  0.00000000   -0.00618385 -0.00759597
  0.00570274  0.00000000    0.24164588  0.00000000   -0.00618385 -0.00759597
 -0.00618385  0.00759597   -0.00618385  0.00759597    0.29252810  0.00000000

     Dynamical  Matrix in cartesian axes

     q = (    0.750000000  -0.750000000   0.250000000 ) 

    1    1
  0.24164588  0.00000000   -0.00570274  0.00000000    0.00618385 -0.00759597
 -0.00570274  0.00000000    0.24164588  0.00000000   -0.00618385  0.00759597
  0.00618385  0.00759597   -0.00618385 -0.00759597    0.29252810  0.00000000
    1    2
 -0.06048672 -0.05939897   -0.13126391  0.03997145    0.04196367  0.03963055
 -0.13126391  0.03997145   -0.06048672 -0.05939897   -0.04196367 -0.03963055
  0.04196367  0.03963055   -0.04196367 -0.03963055   -0.07893133 -0.05782732
    2    1
 -0.06048672  0.05939897   -0.13126391 -0.03997145    0.04196367 -0.03963055
 -0.13126391 -0.03997145   -0.06048672  0.05939897   -0.04196367  0.03963055
  0.04196367 -0.03963055   -0.04196367  0.03963055   -0.07893133  0.05782732
    2    2
  0.24164588  0.00000000   -0.00570274  0.00000000    0.00618385  0.00759597
 -0.00570274  0.00000000    0.24164588  0.00000000   -0.00618385 -0.00759597
  0.00618385 -0.00759597   -0.00618385  0.00759597    0.29252810  0.00000000

     Dynamical  Matrix in cartesian axes

     q = (   -0.750000000  -0.750000000  -0.250000000 ) 

    1    1
  0.24164588  0.00000000    0.00570274  0.00000000    0.00618385 -0.00759597
  0.00570274  0.00000000    0.24164588  0.00000000    0.00618385 -0.00759597
  0.00618385  0.00759597    0.00618385  0.00759597    0.29252810  0.00000000
    1    2
  0.06048672  0.05939897   -0.13126391  0.03997145   -0.04196367 -0.03963055
 -0.13126391  0.03997145    0.06048672  0.05939897   -0.04196367 -0.03963055
 -0.04196367 -0.03963055   -0.04196367 -0.03963055    0.07893133  0.05782732
    2    1
  0.06048672 -0.05939897   -0.13126391 -0.03997145   -0.04196367  0.03963055
 -0.13126391 -0.03997145    0.06048672 -0.05939897   -0.04196367  0.03963055
 -0.04196367  0.03963055   -0.04196367  0.03963055    0.07893133 -0.05782732
    2    2
  0.24164588  0.00000000    0.00570274  0.00000000    0.00618385  0.00759597
  0.00570274  0.00000000    0.24164588  0.00000000    0.00618385  0.00759597
  0.00618385 -0.00759597    0.00618385 -0.00759597    0.29252810  0.00000000

     Dynamical  Matrix in cartesian axes

     q = (    0.250000000  -0.750000000   0.750000000 ) 

    1    1
  0.29252810  0.00000000   -0.00618385 -0.00759597    0.00618385  0.00759597
 -0.00618385  0.00759597    0.24164588  0.00000000   -0.00570274  0.00000000
  0.00618385 -0.00759597   -0.00570274  0.00000000    0.24164588  0.00000000
    1    2
 -0.07893133 -0.05782732   -0.04196367 -0.03963055    0.04196367  0.03963055
 -0.04196367 -0.03963055   -0.06048672 -0.05939897   -0.13126391  0.03997145
  0.04196367  0.03963055   -0.13126391  0.03997145   -0.06048672 -0.05939897
    2    1
 -0.07893133  0.05782732   -0.04196367  0.03963055    0.04196367 -0.03963055
 -0.04196367  0.03963055   -0.06048672  0.05939897   -0.13126391 -0.03997145
  0.04196367 -0.03963055   -0.13126391 -0.03997145   -0.06048672  0.05939897
    2    2
  0.29252810  0.00000000   -0.00618385  0.00759597    0.00618385 -0.00759597
 -0.00618385 -0.00759597    0.24164588  0.00000000   -0.00570274  0.00000000
  0.00618385  0.00759597   -0.00570274  0.00000000    0.24164588  0.00000000

     Dynamical  Matrix in cartesian axes

     q = (   -0.750000000  -0.750000000   0.250000000 ) 

    1    1
  0.24164588  0.00000000    0.00570274  0.00000000   -0.00618385 -0.00759597
  0.00570274  0.00000000    0.24164588  0.00000000   -0.00618385 -0.00759597
 -0.00618385  0.00759597   -0.00618385  0.00759597    0.29252810  0.00000000
    1    2
 -0.05939897 -0.06048672   -0.03997145  0.13126391   -0.03963055 -0.04196367
 -0.03997145  0.13126391   -0.05939897 -0.06048672   -0.03963055 -0.04196367
 -0.03963055 -0.04196367   -0.03963055 -0.04196367   -0.05782732 -0.07893133
    2    1
 -0.05939897  0.06048672   -0.03997145 -0.13126391   -0.03963055  0.04196367
 -0.03997145 -0.13126391   -0.05939897  0.06048672   -0.03963055  0.04196367
 -0.03963055  0.04196367   -0.03963055  0.04196367   -0.05782732  0.07893133
    2    2
  0.24164588  0.00000000    0.00570274  0.00000000   -0.00618385  0.00759597
  0.00570274  0.00000000    0.24164588  0.00000000   -0.00618385  0.00759597
 -0.00618385 -0.00759597   -0.00618385 -0.00759597    0.29252810  0.00000000

     Dynamical  Matrix in cartesian axes

     q = (    0.250000000   0.750000000   0.750000000 ) 

    1    1
  0.29252810  0.00000000    0.00618385 -0.00759597    0.00618385 -0.00759597
  0.00618385  0.00759597    0.24164588  0.00000000    0.00570274  0.00000000
  0.00618385  0.00759597    0.00570274  0.00000000    0.24164588  0.00000000
    1    2
  0.07893133 -0.05782732   -0.04196367  0.03963055   -0.04196367  0.03963055
 -0.04196367  0.03963055    0.06048672 -0.05939897   -0.13126391 -0.03997145
 -0.04196367  0.03963055   -0.13126391 -0.03997145    0.06048672 -0.05939897
    2    1
  0.07893133  0.05782732   -0.04196367 -0.03963055   -0.04196367 -0.03963055
 -0.04196367 -0.03963055    0.06048672  0.05939897   -0.13126391  0.03997145
 -0.04196367 -0.03963055   -0.13126391  0.03997145    0.06048672  0.05939897
    2    2
  0.29252810  0.00000000    0.00618385  0.00759597    0.00618385  0.00759597
  0.00618385 -0.00759597    0.24164588  0.00000000    0.00570274  0.00000000
  0.00618385 -0.00759597    0.00570274  0.00000000    0.24164588  0.00000000

     Dynamical  Matrix in cartesian axes

     q = (   -0.250000000  -0.750000000   0.750000000 ) 

    1    1
  0.29252810  0.00000000    0.00618385 -0.00759597   -0.00618385  0.00759597
  0.00618385  0.00759597    0.24164588  0.00000000   -0.00570274  0.00000000
 -0.00618385 -0.00759597   -0.00570274  0.00000000    0.24164588  0.00000000
    1    2
 -0.07893133  0.05782732    0.04196367 -0.03963055   -0.04196367  0.03963055
  0.04196367 -0.03963055   -0.06048672  0.05939897   -0.13126391 -0.03997145
 -0.04196367  0.03963055   -0.13126391 -0.03997145   -0.06048672  0.05939897
    2    1
 -0.07893133 -0.05782732    0.04196367  0.03963055   -0.04196367 -0.03963055
  0.04196367  0.03963055   -0.06048672 -0.05939897   -0.13126391  0.03997145
 -0.04196367 -0.03963055   -0.13126391  0.03997145   -0.06048672 -0.05939897
    2    2
  0.29252810  0.00000000    0.00618385  0.00759597   -0.00618385 -0.00759597
  0.00618385 -0.00759597    0.24164588  0.00000000   -0.00570274  0.00000000
 -0.00618385  0.00759597   -0.00570274  0.00000000    0.24164588  0.00000000

     Dynamical  Matrix in cartesian axes

     q = (    0.750000000   0.750000000   0.250000000 ) 

    1    1
  0.24164588  0.00000000    0.00570274  0.00000000    0.00618385  0.00759597
  0.00570274  0.00000000    0.24164588  0.00000000    0.00618385  0.00759597
  0.00618385 -0.00759597    0.00618385 -0.00759597    0.29252810  0.00000000
    1    2
  0.06048672 -0.05939897   -0.13126391 -0.03997145   -0.04196367  0.03963055
 -0.13126391 -0.03997145    0.06048672 -0.05939897   -0.04196367  0.03963055
 -0.04196367  0.03963055   -0.04196367  0.03963055    0.07893133 -0.05782732
    2    1
  0.06048672  0.05939897   -0.13126391  0.03997145   -0.04196367 -0.03963055
 -0.13126391  0.03997145    0.06048672  0.05939897   -0.04196367 -0.03963055
 -0.04196367 -0.03963055   -0.04196367 -0.03963055    0.07893133  0.05782732
    2    2
  0.24164588  0.00000000    0.00570274  0.00000000    0.00618385 -0.00759597
  0.00570274  0.00000000    0.24164588  0.00000000    0.00618385 -0.00759597
  0.00618385  0.00759597    0.00618385  0.00759597    0.29252810  0.00000000

     Dynamical  Matrix in cartesian axes

     q = (    0.250000000  -0.750000000  -0.750000000 ) 

    1    1
  0.29252810  0.00000000   -0.00618385  0.00759597   -0.00618385  0.00759597
 -0.00618385 -0.00759597    0.24164588  0.00000000    0.00570274  0.00000000
 -0.00618385 -0.00759597    0.00570274  0.00000000    0.24164588  0.00000000
    1    2
 -0.05782732 -0.07893133   -0.03963055 -0.04196367   -0.03963055 -0.04196367
 -0.03963055 -0.04196367   -0.05939897 -0.06048672   -0.03997145  0.13126391
 -0.03963055 -0.04196367   -0.03997145  0.13126391   -0.05939897 -0.06048672
    2    1
 -0.05782732  0.07893133   -0.03963055  0.04196367   -0.03963055  0.04196367
 -0.03963055  0.04196367   -0.05939897  0.06048672   -0.03997145 -0.13126391
 -0.03963055  0.04196367   -0.03997145 -0.13126391   -0.05939897  0.06048672
    2    2
  0.29252810  0.00000000   -0.00618385 -0.00759597   -0.00618385 -0.00759597
 -0.00618385  0.00759597    0.24164588  0.00000000    0.00570274  0.00000000
 -0.00618385  0.00759597    0.00570274  0.00000000    0.24164588  0.00000000

     Dynamical  Matrix in cartesian axes

     q = (    0.750000000  -0.750000000  -0.250000000 ) 

    1    1
  0.24164588  0.00000000   -0.00570274  0.00000000   -0.00618385 -0.00759597
 -0.00570274  0.00000000    0.24164588  0.00000000    0.00618385  0.00759597
 -0.00618385  0.00759597    0.00618385 -0.00759597    0.29252810  0.00000000
    1    2
 -0.06048672  0.05939897   -0.13126391 -0.03997145   -0.04196367  0.03963055
 -0.13126391 -0.03997145   -0.06048672  0.05939897    0.04196367 -0.03963055
 -0.04196367  0.03963055    0.04196367 -0.03963055   -0.07893133  0.05782732
    2    1
 -0.06048672 -0.05939897   -0.13126391  0.03997145   -0.04196367 -0.03963055
 -0.13126391  0.03997145   -0.06048672 -0.05939897    0.04196367  0.03963055
 -0.04196367 -0.03963055    0.04196367  0.03963055   -0.07893133 -0.05782732
    2    2
  0.24164588  0.00000000   -0.00570274  0.00000000   -0.00618385  0.00759597
 -0.00570274  0.00000000    0.24164588  0.00000000    0.00618385 -0.00759597
 -0.00618385 -0.00759597    0.00618385  0.00759597    0.29252810  0.00000000

     Diagonalizing the dynamical matrix

     q = (    0.750000000  -0.250000000   0.750000000 ) 

 **************************************************************************
     freq (    1) =       4.274266 [THz] =     142.574166 [cm-1]
 ( -0.050400  0.497453 -0.000000 -0.000000  0.050400 -0.497453 ) 
 ( -0.500000 -0.000000  0.000000 -0.000000  0.500000  0.000000 ) 
     freq (    2) =       5.891257 [THz] =     196.511188 [cm-1]
 ( -0.391905 -0.158088 -0.344938  0.154449 -0.391905 -0.158088 ) 
 ( -0.422589 -0.000000 -0.262115 -0.272273 -0.422589  0.000000 ) 
     freq (    3) =       9.297090 [THz] =     310.117545 [cm-1]
 ( -0.109163  0.292112 -0.387358 -0.394286 -0.109163  0.292112 ) 
 (  0.311843  0.000000 -0.233742 -0.500872  0.311843  0.000000 ) 
     freq (    4) =      11.966718 [THz] =     399.166760 [cm-1]
 ( -0.090584 -0.319288  0.404563  0.340630 -0.090584 -0.319288 ) 
 (  0.331889  0.000000 -0.438116 -0.296233  0.331889  0.000000 ) 
     freq (    5) =      13.462612 [THz] =     449.064401 [cm-1]
 ( -0.050400  0.497453  0.000000 -0.000000  0.050400 -0.497453 ) 
 (  0.500000  0.000000 -0.000000 -0.000000 -0.500000  0.000000 ) 
     freq (    6) =      13.862520 [THz] =     462.403888 [cm-1]
 (  0.300616  0.153792  0.471589 -0.222620  0.300616  0.153792 ) 
 ( -0.337672 -0.000000 -0.318445 -0.412975 -0.337672  0.000000 ) 
 **************************************************************************
