Dynamical matrix file
                                                                           
  1    2  2 10.3470000  0.0000000  0.0000000  0.0000000  0.0000000  0.0000000
           1  'Si  '    25598.822984527003     
    1    1      0.0000000000      0.0000000000      0.0000000000
    2    1      0.2500000000      0.2500000000      0.2500000000

     Dynamical  Matrix in cartesian axes

     q = (   -0.250000000   0.250000000  -0.250000000 ) 

    1    1
  0.28054184  0.00000000   -0.01076731  0.00000000    0.01076731  0.00000000
 -0.01076731  0.00000000    0.28054184  0.00000000   -0.01076731  0.00000000
  0.01076731  0.00000000   -0.01076731  0.00000000    0.28054184  0.00000000
    1    2
 -0.20514380 -0.06057386   -0.03615900  0.03694042    0.03615900 -0.03694042
 -0.03615900  0.03694042   -0.20514380 -0.06057386   -0.03615900  0.03694042
  0.03615900 -0.03694042   -0.03615900  0.03694042   -0.20514380 -0.06057386
    2    1
 -0.20514380  0.06057386   -0.03615900 -0.03694042    0.03615900  0.03694042
 -0.03615900 -0.03694042   -0.20514380  0.06057386   -0.03615900 -0.03694042
  0.03615900  0.03694042   -0.03615900 -0.03694042   -0.20514380  0.06057386
    2    2
  0.28054184  0.00000000   -0.01076731  0.00000000    0.01076731  0.00000000
 -0.01076731  0.00000000    0.28054184  0.00000000   -0.01076731  0.00000000
  0.01076731  0.00000000   -0.01076731  0.00000000    0.28054184  0.00000000

     Dynamical  Matrix in cartesian axes

     q = (    0.250000000  -0.250000000  -0.250000000 ) 

    1    1
  0.28054184  0.00000000   -0.01076731  0.00000000   -0.01076731  0.00000000
 -0.01076731  0.00000000    0.28054184  0.00000000    0.01076731  0.00000000
 -0.01076731  0.00000000    0.01076731  0.00000000    0.28054184  0.00000000
    1    2
 -0.20514380 -0.06057386   -0.03615900  0.03694042   -0.03615900  0.03694042
 -0.03615900  0.03694042   -0.20514380 -0.06057386    0.03615900 -0.03694042
 -0.03615900  0.03694042    0.03615900 -0.03694042   -0.20514380 -0.06057386
    2    1
 -0.20514380  0.06057386   -0.03615900 -0.03694042   -0.03615900 -0.03694042
 -0.03615900 -0.03694042   -0.20514380  0.06057386    0.03615900  0.03694042
 -0.03615900 -0.03694042    0.03615900  0.03694042   -0.20514380  0.06057386
    2    2
  0.28054184  0.00000000   -0.01076731  0.00000000   -0.01076731  0.00000000
 -0.01076731  0.00000000    0.28054184  0.00000000    0.01076731  0.00000000
 -0.01076731  0.00000000    0.01076731  0.00000000    0.28054184  0.00000000

     Dynamical  Matrix in cartesian axes

     q = (    0.250000000  -0.250000000   0.250000000 ) 

    1    1
  0.28054184  0.00000000   -0.01076731  0.00000000    0.01076731  0.00000000
 -0.01076731  0.00000000    0.28054184  0.00000000   -0.01076731  0.00000000
  0.01076731  0.00000000   -0.01076731  0.00000000    0.28054184  0.00000000
    1    2
 -0.20514380  0.06057386   -0.03615900 -0.03694042    0.03615900  0.03694042
 -0.03615900 -0.03694042   -0.20514380  0.06057386   -0.03615900 -0.03694042
  0.03615900  0.03694042   -0.03615900 -0.03694042   -0.20514380  0.06057386
    2    1
 -0.20514380 -0.06057386   -0.03615900  0.03694042    0.03615900 -0.03694042
 -0.03615900  0.03694042   -0.20514380 -0.06057386   -0.03615900  0.03694042
  0.03615900 -0.03694042   -0.03615900  0.03694042   -0.20514380 -0.06057386
    2    2
  0.28054184  0.00000000   -0.01076731  0.00000000    0.01076731  0.00000000
 -0.01076731  0.00000000    0.28054184  0.00000000   -0.01076731  0.00000000
  0.01076731  0.00000000   -0.01076731  0.00000000    0.28054184  0.00000000

     Dynamical  Matrix in cartesian axes

     q = (    0.250000000   0.250000000   0.250000000 ) 

    1    1
  0.28054184  0.00000000    0.01076731  0.00000000    0.01076731  0.00000000
  0.01076731  0.00000000    0.28054184  0.00000000    0.01076731  0.00000000
  0.01076731  0.00000000    0.01076731  0.00000000    0.28054184  0.00000000
    1    2
 -0.06057386  0.20514380   -0.03694042 -0.03615900   -0.03694042 -0.03615900
 -0.03694042 -0.03615900   -0.06057386  0.20514380   -0.03694042 -0.03615900
 -0.03694042 -0.03615900   -0.03694042 -0.03615900   -0.06057386  0.20514380
    2    1
 -0.06057386 -0.20514380   -0.03694042  0.03615900   -0.03694042  0.03615900
 -0.03694042  0.03615900   -0.06057386 -0.20514380   -0.03694042  0.03615900
 -0.03694042  0.03615900   -0.03694042  0.03615900   -0.06057386 -0.20514380
    2    2
  0.28054184  0.00000000    0.01076731  0.00000000    0.01076731  0.00000000
  0.01076731  0.00000000    0.28054184  0.00000000    0.01076731  0.00000000
  0.01076731  0.00000000    0.01076731  0.00000000    0.28054184  0.00000000

     Dynamical  Matrix in cartesian axes

     q = (   -0.250000000  -0.250000000  -0.250000000 ) 

    1    1
  0.28054184  0.00000000    0.01076731  0.00000000    0.01076731  0.00000000
  0.01076731  0.00000000    0.28054184  0.00000000    0.01076731  0.00000000
  0.01076731  0.00000000    0.01076731  0.00000000    0.28054184  0.00000000
    1    2
 -0.06057386 -0.20514380   -0.03694042  0.03615900   -0.03694042  0.03615900
 -0.03694042  0.03615900   -0.06057386 -0.20514380   -0.03694042  0.03615900
 -0.03694042  0.03615900   -0.03694042  0.03615900   -0.06057386 -0.20514380
    2    1
 -0.06057386  0.20514380   -0.03694042 -0.03615900   -0.03694042 -0.03615900
 -0.03694042 -0.03615900   -0.06057386  0.20514380   -0.03694042 -0.03615900
 -0.03694042 -0.03615900   -0.03694042 -0.03615900   -0.06057386  0.20514380
    2    2
  0.28054184  0.00000000    0.01076731  0.00000000    0.01076731  0.00000000
  0.01076731  0.00000000    0.28054184  0.00000000    0.01076731  0.00000000
  0.01076731  0.00000000    0.01076731  0.00000000    0.28054184  0.00000000

     Dynamical  Matrix in cartesian axes

     q = (   -0.250000000  -0.250000000   0.250000000 ) 

    1    1
  0.28054184  0.00000000    0.01076731  0.00000000   -0.01076731  0.00000000
  0.01076731  0.00000000    0.28054184  0.00000000   -0.01076731  0.00000000
 -0.01076731  0.00000000   -0.01076731  0.00000000    0.28054184  0.00000000
    1    2
 -0.20514380 -0.06057386    0.03615900 -0.03694042   -0.03615900  0.03694042
  0.03615900 -0.03694042   -0.20514380 -0.06057386   -0.03615900  0.03694042
 -0.03615900  0.03694042   -0.03615900  0.03694042   -0.20514380 -0.06057386
    2    1
 -0.20514380  0.06057386    0.03615900  0.03694042   -0.03615900 -0.03694042
  0.03615900  0.03694042   -0.20514380  0.06057386   -0.03615900 -0.03694042
 -0.03615900 -0.03694042   -0.03615900 -0.03694042   -0.20514380  0.06057386
    2    2
  0.28054184  0.00000000    0.01076731  0.00000000   -0.01076731  0.00000000
  0.01076731  0.00000000    0.28054184  0.00000000   -0.01076731  0.00000000
 -0.01076731  0.00000000   -0.01076731  0.00000000    0.28054184  0.00000000

     Dynamical  Matrix in cartesian axes

     q = (   -0.250000000   0.250000000   0.250000000 ) 

    1    1
  0.28054184  0.00000000   -0.01076731  0.00000000   -0.01076731  0.00000000
 -0.01076731  0.00000000    0.28054184  0.00000000    0.01076731  0.00000000
 -0.01076731  0.00000000    0.01076731  0.00000000    0.28054184  0.00000000
    1    2
 -0.20514380  0.06057386   -0.03615900 -0.03694042   -0.03615900 -0.03694042
 -0.03615900 -0.03694042   -0.20514380  0.06057386    0.03615900  0.03694042
 -0.03615900 -0.03694042    0.03615900  0.03694042   -0.20514380  0.06057386
    2    1
 -0.20514380 -0.06057386   -0.03615900  0.03694042   -0.03615900  0.03694042
 -0.03615900  0.03694042   -0.20514380 -0.06057386    0.03615900 -0.03694042
 -0.03615900  0.03694042    0.03615900 -0.03694042   -0.20514380 -0.06057386
    2    2
  0.28054184  0.00000000   -0.01076731  0.00000000   -0.01076731  0.00000000
 -0.01076731  0.00000000    0.28054184  0.00000000    0.01076731  0.00000000
 -0.01076731  0.00000000    0.01076731  0.00000000    0.28054184  0.00000000

     Dynamical  Matrix in cartesian axes

     q = (    0.250000000   0.250000000  -0.250000000 ) 

    1    1
  0.28054184  0.00000000    0.01076731  0.00000000   -0.01076731  0.00000000
  0.01076731  0.00000000    0.28054184  0.00000000   -0.01076731  0.00000000
 -0.01076731  0.00000000   -0.01076731  0.00000000    0.28054184  0.00000000
    1    2
 -0.20514380  0.06057386    0.03615900  0.03694042   -0.03615900 -0.03694042
  0.03615900  0.03694042   -0.20514380  0.06057386   -0.03615900 -0.03694042
 -0.03615900 -0.03694042   -0.03615900 -0.03694042   -0.20514380  0.06057386
    2    1
 -0.20514380 -0.06057386    0.03615900 -0.03694042   -0.03615900  0.03694042
  0.03615900 -0.03694042   -0.20514380 -0.06057386   -0.03615900  0.03694042
 -0.03615900  0.03694042   -0.03615900  0.03694042   -0.20514380 -0.06057386
    2    2
  0.28054184  0.00000000    0.01076731  0.00000000   -0.01076731  0.00000000
  0.01076731  0.00000000    0.28054184  0.00000000   -0.01076731  0.00000000
 -0.01076731  0.00000000   -0.01076731  0.00000000    0.28054184  0.00000000

     Diagonalizing the dynamical matrix

     q = (   -0.250000000   0.250000000  -0.250000000 ) 

 **************************************************************************
     freq (    1) =       3.398465 [THz] =     113.360578 [cm-1]
 ( -0.200219 -0.026082  0.366390  0.029413  0.566609  0.055494 ) 
 ( -0.201808 -0.006441  0.367512 -0.006441  0.569320 -0.000000 ) 
     freq (    2) =       3.398465 [THz] =     113.360578 [cm-1]
 ( -0.540697 -0.014559 -0.445196 -0.005205  0.095501  0.009354 ) 
 ( -0.539542  0.038215 -0.443583  0.038215  0.095958  0.000000 ) 
     freq (    3) =       6.914366 [THz] =     230.638419 [cm-1]
 (  0.286911  0.290429 -0.286911 -0.290429  0.286911  0.290429 ) 
 (  0.408248  0.000000 -0.408248  0.000000  0.408248  0.000000 ) 
     freq (    4) =      14.409182 [THz] =     480.638559 [cm-1]
 (  0.286911  0.290429 -0.286911 -0.290429  0.286911  0.290429 ) 
 ( -0.408248  0.000000  0.408248  0.000000 -0.408248  0.000000 ) 
     freq (    5) =      14.716291 [THz] =     490.882613 [cm-1]
 ( -0.287581 -0.027656  0.287020  0.028621  0.574601  0.056277 ) 
 (  0.288907 -0.000508 -0.288443 -0.000508 -0.577350  0.000000 ) 
     freq (    6) =      14.716291 [THz] =     490.882613 [cm-1]
 ( -0.250894  0.432340 -0.251535  0.432277 -0.000641 -0.000063 ) 
 (  0.207557 -0.454737  0.208201 -0.454737  0.000644  0.000000 ) 
 **************************************************************************
