Dynamical matrix file
                                                                           
  1    2  2 10.3470000  0.0000000  0.0000000  0.0000000  0.0000000  0.0000000
           1  'Si  '    25598.822984527003     
    1    1      0.0000000000      0.0000000000      0.0000000000
    2    1      0.2500000000      0.2500000000      0.2500000000

     Dynamical  Matrix in cartesian axes

     q = (    0.750000000  -0.250000000   0.750000000 ) 

    1    1
  0.24307378  0.00000000   -0.00469640  0.00740028    0.00141265  0.00000000
 -0.00469640 -0.00740028    0.29876461  0.00000000   -0.00469640 -0.00740028
  0.00141265  0.00000000   -0.00469640  0.00740028    0.24307378  0.00000000
    1    2
 -0.05778443  0.06747726   -0.03592058  0.03997699   -0.04076628 -0.12972681
 -0.03592058  0.03997699   -0.05632864  0.08665405   -0.03592058  0.03997699
 -0.04076628 -0.12972681   -0.03592058  0.03997699   -0.05778443  0.06747726
    2    1
 -0.05778443 -0.06747726   -0.03592058 -0.03997699   -0.04076628  0.12972681
 -0.03592058 -0.03997699   -0.05632864 -0.08665405   -0.03592058 -0.03997699
 -0.04076628  0.12972681   -0.03592058 -0.03997699   -0.05778443 -0.06747726
    2    2
  0.24307378  0.00000000   -0.00469640 -0.00740028    0.00141265  0.00000000
 -0.00469640  0.00740028    0.29876461  0.00000000   -0.00469640  0.00740028
  0.00141265  0.00000000   -0.00469640 -0.00740028    0.24307378  0.00000000

     Dynamical  Matrix in cartesian axes

     q = (    0.750000000  -0.250000000  -0.750000000 ) 

    1    1
  0.24307378  0.00000000   -0.00469640 -0.00740028   -0.00141265  0.00000000
 -0.00469640  0.00740028    0.29876461  0.00000000    0.00469640 -0.00740028
 -0.00141265  0.00000000    0.00469640  0.00740028    0.24307378  0.00000000
    1    2
 -0.06747726  0.05778443   -0.03997699  0.03592058   -0.12972681 -0.04076628
 -0.03997699  0.03592058   -0.08665405  0.05632864    0.03997699 -0.03592058
 -0.12972681 -0.04076628    0.03997699 -0.03592058   -0.06747726  0.05778443
    2    1
 -0.06747726 -0.05778443   -0.03997699 -0.03592058   -0.12972681  0.04076628
 -0.03997699 -0.03592058   -0.08665405 -0.05632864    0.03997699  0.03592058
 -0.12972681  0.04076628    0.03997699  0.03592058   -0.06747726 -0.05778443
    2    2
  0.24307378  0.00000000   -0.00469640  0.00740028   -0.00141265  0.00000000
 -0.00469640 -0.00740028    0.29876461  0.00000000    0.00469640  0.00740028
 -0.00141265  0.00000000    0.00469640 -0.00740028    0.24307378  0.00000000

     Dynamical  Matrix in cartesian axes

     q = (   -0.750000000  -0.250000000  -0.750000000 ) 

    1    1
  0.24307378  0.00000000    0.00469640 -0.00740028    0.00141265  0.00000000
  0.00469640  0.00740028    0.29876461  0.00000000    0.00469640  0.00740028
  0.00141265  0.00000000    0.00469640 -0.00740028    0.24307378  0.00000000
    1    2
  0.06747726  0.05778443   -0.03997699 -0.03592058   -0.12972681  0.04076628
 -0.03997699 -0.03592058    0.08665405  0.05632864   -0.03997699 -0.03592058
 -0.12972681  0.04076628   -0.03997699 -0.03592058    0.06747726  0.05778443
    2    1
  0.06747726 -0.05778443   -0.03997699  0.03592058   -0.12972681 -0.04076628
 -0.03997699  0.03592058    0.08665405 -0.05632864   -0.03997699  0.03592058
 -0.12972681 -0.04076628   -0.03997699  0.03592058    0.06747726 -0.05778443
    2    2
  0.24307378  0.00000000    0.00469640  0.00740028    0.00141265  0.00000000
  0.00469640 -0.00740028    0.29876461  0.00000000    0.00469640 -0.00740028
  0.00141265  0.00000000    0.00469640  0.00740028    0.24307378  0.00000000

     Dynamical  Matrix in cartesian axes

     q = (   -0.750000000  -0.250000000   0.750000000 ) 

    1    1
  0.24307378  0.00000000    0.00469640  0.00740028   -0.00141265  0.00000000
  0.00469640 -0.00740028    0.29876461  0.00000000   -0.00469640  0.00740028
 -0.00141265  0.00000000   -0.00469640 -0.00740028    0.24307378  0.00000000
    1    2
 -0.06747726  0.05778443    0.03997699 -0.03592058   -0.12972681 -0.04076628
  0.03997699 -0.03592058   -0.08665405  0.05632864   -0.03997699  0.03592058
 -0.12972681 -0.04076628   -0.03997699  0.03592058   -0.06747726  0.05778443
    2    1
 -0.06747726 -0.05778443    0.03997699  0.03592058   -0.12972681  0.04076628
  0.03997699  0.03592058   -0.08665405 -0.05632864   -0.03997699 -0.03592058
 -0.12972681  0.04076628   -0.03997699 -0.03592058   -0.06747726 -0.05778443
    2    2
  0.24307378  0.00000000    0.00469640 -0.00740028   -0.00141265  0.00000000
  0.00469640  0.00740028    0.29876461  0.00000000   -0.00469640 -0.00740028
 -0.00141265  0.00000000   -0.00469640  0.00740028    0.24307378  0.00000000

     Dynamical  Matrix in cartesian axes

     q = (   -0.750000000   0.250000000  -0.750000000 ) 

    1    1
  0.24307378  0.00000000   -0.00469640 -0.00740028    0.00141265  0.00000000
 -0.00469640  0.00740028    0.29876461  0.00000000   -0.00469640  0.00740028
  0.00141265  0.00000000   -0.00469640 -0.00740028    0.24307378  0.00000000
    1    2
 -0.05778443 -0.06747726   -0.03592058 -0.03997699   -0.04076628  0.12972681
 -0.03592058 -0.03997699   -0.05632864 -0.08665405   -0.03592058 -0.03997699
 -0.04076628  0.12972681   -0.03592058 -0.03997699   -0.05778443 -0.06747726
    2    1
 -0.05778443  0.06747726   -0.03592058  0.03997699   -0.04076628 -0.12972681
 -0.03592058  0.03997699   -0.05632864  0.08665405   -0.03592058  0.03997699
 -0.04076628 -0.12972681   -0.03592058  0.03997699   -0.05778443  0.06747726
    2    2
  0.24307378  0.00000000   -0.00469640  0.00740028    0.00141265  0.00000000
 -0.00469640 -0.00740028    0.29876461  0.00000000   -0.00469640 -0.00740028
  0.00141265  0.00000000   -0.00469640  0.00740028    0.24307378  0.00000000

     Dynamical  Matrix in cartesian axes

     q = (   -0.250000000   0.750000000  -0.750000000 ) 

    1    1
  0.29876461  0.00000000   -0.00469640  0.00740028    0.00469640 -0.00740028
 -0.00469640 -0.00740028    0.24307378  0.00000000   -0.00141265  0.00000000
  0.00469640  0.00740028   -0.00141265  0.00000000    0.24307378  0.00000000
    1    2
 -0.08665405  0.05632864   -0.03997699  0.03592058    0.03997699 -0.03592058
 -0.03997699  0.03592058   -0.06747726  0.05778443   -0.12972681 -0.04076628
  0.03997699 -0.03592058   -0.12972681 -0.04076628   -0.06747726  0.05778443
    2    1
 -0.08665405 -0.05632864   -0.03997699 -0.03592058    0.03997699  0.03592058
 -0.03997699 -0.03592058   -0.06747726 -0.05778443   -0.12972681  0.04076628
  0.03997699  0.03592058   -0.12972681  0.04076628   -0.06747726 -0.05778443
    2    2
  0.29876461  0.00000000   -0.00469640 -0.00740028    0.00469640  0.00740028
 -0.00469640  0.00740028    0.24307378  0.00000000   -0.00141265  0.00000000
  0.00469640 -0.00740028   -0.00141265  0.00000000    0.24307378  0.00000000

     Dynamical  Matrix in cartesian axes

     q = (   -0.750000000   0.750000000  -0.250000000 ) 

    1    1
  0.24307378  0.00000000   -0.00141265  0.00000000    0.00469640  0.00740028
 -0.00141265  0.00000000    0.24307378  0.00000000   -0.00469640 -0.00740028
  0.00469640 -0.00740028   -0.00469640  0.00740028    0.29876461  0.00000000
    1    2
 -0.06747726  0.05778443   -0.12972681 -0.04076628    0.03997699 -0.03592058
 -0.12972681 -0.04076628   -0.06747726  0.05778443   -0.03997699  0.03592058
  0.03997699 -0.03592058   -0.03997699  0.03592058   -0.08665405  0.05632864
    2    1
 -0.06747726 -0.05778443   -0.12972681  0.04076628    0.03997699  0.03592058
 -0.12972681  0.04076628   -0.06747726 -0.05778443   -0.03997699 -0.03592058
  0.03997699  0.03592058   -0.03997699 -0.03592058   -0.08665405 -0.05632864
    2    2
  0.24307378  0.00000000   -0.00141265  0.00000000    0.00469640 -0.00740028
 -0.00141265  0.00000000    0.24307378  0.00000000   -0.00469640  0.00740028
  0.00469640  0.00740028   -0.00469640 -0.00740028    0.29876461  0.00000000

     Dynamical  Matrix in cartesian axes

     q = (    0.750000000   0.250000000   0.750000000 ) 

    1    1
  0.24307378  0.00000000    0.00469640  0.00740028    0.00141265  0.00000000
  0.00469640 -0.00740028    0.29876461  0.00000000    0.00469640 -0.00740028
  0.00141265  0.00000000    0.00469640  0.00740028    0.24307378  0.00000000
    1    2
  0.06747726 -0.05778443   -0.03997699  0.03592058   -0.12972681 -0.04076628
 -0.03997699  0.03592058    0.08665405 -0.05632864   -0.03997699  0.03592058
 -0.12972681 -0.04076628   -0.03997699  0.03592058    0.06747726 -0.05778443
    2    1
  0.06747726  0.05778443   -0.03997699 -0.03592058   -0.12972681  0.04076628
 -0.03997699 -0.03592058    0.08665405  0.05632864   -0.03997699 -0.03592058
 -0.12972681  0.04076628   -0.03997699 -0.03592058    0.06747726  0.05778443
    2    2
  0.24307378  0.00000000    0.00469640 -0.00740028    0.00141265  0.00000000
  0.00469640  0.00740028    0.29876461  0.00000000    0.00469640  0.00740028
  0.00141265  0.00000000    0.00469640 -0.00740028    0.24307378  0.00000000

     Dynamical  Matrix in cartesian axes

     q = (   -0.750000000   0.250000000   0.750000000 ) 

    1    1
  0.24307378  0.00000000   -0.00469640  0.00740028   -0.00141265  0.00000000
 -0.00469640 -0.00740028    0.29876461  0.00000000    0.00469640  0.00740028
 -0.00141265  0.00000000    0.00469640 -0.00740028    0.24307378  0.00000000
    1    2
 -0.06747726 -0.05778443   -0.03997699 -0.03592058   -0.12972681  0.04076628
 -0.03997699 -0.03592058   -0.08665405 -0.05632864    0.03997699  0.03592058
 -0.12972681  0.04076628    0.03997699  0.03592058   -0.06747726 -0.05778443
    2    1
 -0.06747726  0.05778443   -0.03997699  0.03592058   -0.12972681 -0.04076628
 -0.03997699  0.03592058   -0.08665405  0.05632864    0.03997699 -0.03592058
 -0.12972681 -0.04076628    0.03997699 -0.03592058   -0.06747726  0.05778443
    2    2
  0.24307378  0.00000000   -0.00469640 -0.00740028   -0.00141265  0.00000000
 -0.00469640  0.00740028    0.29876461  0.00000000    0.00469640 -0.00740028
 -0.00141265  0.00000000    0.00469640  0.00740028    0.24307378  0.00000000

     Dynamical  Matrix in cartesian axes

     q = (    0.750000000   0.250000000  -0.750000000 ) 

    1    1
  0.24307378  0.00000000    0.00469640 -0.00740028   -0.00141265  0.00000000
  0.00469640  0.00740028    0.29876461  0.00000000   -0.00469640 -0.00740028
 -0.00141265  0.00000000   -0.00469640  0.00740028    0.24307378  0.00000000
    1    2
 -0.06747726 -0.05778443    0.03997699  0.03592058   -0.12972681  0.04076628
  0.03997699  0.03592058   -0.08665405 -0.05632864   -0.03997699 -0.03592058
 -0.12972681  0.04076628   -0.03997699 -0.03592058   -0.06747726 -0.05778443
    2    1
 -0.06747726  0.05778443    0.03997699 -0.03592058   -0.12972681 -0.04076628
  0.03997699 -0.03592058   -0.08665405  0.05632864   -0.03997699  0.03592058
 -0.12972681 -0.04076628   -0.03997699  0.03592058   -0.06747726  0.05778443
    2    2
  0.24307378  0.00000000    0.00469640  0.00740028   -0.00141265  0.00000000
  0.00469640 -0.00740028    0.29876461  0.00000000   -0.00469640  0.00740028
 -0.00141265  0.00000000   -0.00469640 -0.00740028    0.24307378  0.00000000

     Dynamical  Matrix in cartesian axes

     q = (   -0.750000000   0.750000000   0.250000000 ) 

    1    1
  0.24307378  0.00000000   -0.00141265  0.00000000   -0.00469640  0.00740028
 -0.00141265  0.00000000    0.24307378  0.00000000    0.00469640 -0.00740028
 -0.00469640 -0.00740028    0.00469640  0.00740028    0.29876461  0.00000000
    1    2
 -0.06747726 -0.05778443   -0.12972681  0.04076628   -0.03997699 -0.03592058
 -0.12972681  0.04076628   -0.06747726 -0.05778443    0.03997699  0.03592058
 -0.03997699 -0.03592058    0.03997699  0.03592058   -0.08665405 -0.05632864
    2    1
 -0.06747726  0.05778443   -0.12972681 -0.04076628   -0.03997699  0.03592058
 -0.12972681 -0.04076628   -0.06747726  0.05778443    0.03997699 -0.03592058
 -0.03997699  0.03592058    0.03997699 -0.03592058   -0.08665405  0.05632864
    2    2
  0.24307378  0.00000000   -0.00141265  0.00000000   -0.00469640 -0.00740028
 -0.00141265  0.00000000    0.24307378  0.00000000    0.00469640  0.00740028
 -0.00469640  0.00740028    0.00469640 -0.00740028    0.29876461  0.00000000

     Dynamical  Matrix in cartesian axes

     q = (   -0.250000000   0.750000000   0.750000000 ) 

    1    1
  0.29876461  0.00000000   -0.00469640 -0.00740028   -0.00469640 -0.00740028
 -0.00469640  0.00740028    0.24307378  0.00000000    0.00141265  0.00000000
 -0.00469640  0.00740028    0.00141265  0.00000000    0.24307378  0.00000000
    1    2
 -0.05632864  0.08665405   -0.03592058  0.03997699   -0.03592058  0.03997699
 -0.03592058  0.03997699   -0.05778443  0.06747726   -0.04076628 -0.12972681
 -0.03592058  0.03997699   -0.04076628 -0.12972681   -0.05778443  0.06747726
    2    1
 -0.05632864 -0.08665405   -0.03592058 -0.03997699   -0.03592058 -0.03997699
 -0.03592058 -0.03997699   -0.05778443 -0.06747726   -0.04076628  0.12972681
 -0.03592058 -0.03997699   -0.04076628  0.12972681   -0.05778443 -0.06747726
    2    2
  0.29876461  0.00000000   -0.00469640  0.00740028   -0.00469640  0.00740028
 -0.00469640 -0.00740028    0.24307378  0.00000000    0.00141265  0.00000000
 -0.00469640 -0.00740028    0.00141265  0.00000000    0.24307378  0.00000000

     Dynamical  Matrix in cartesian axes

     q = (    0.250000000   0.750000000  -0.750000000 ) 

    1    1
  0.29876461  0.00000000    0.00469640  0.00740028   -0.00469640 -0.00740028
  0.00469640 -0.00740028    0.24307378  0.00000000   -0.00141265  0.00000000
 -0.00469640  0.00740028   -0.00141265  0.00000000    0.24307378  0.00000000
    1    2
 -0.08665405 -0.05632864    0.03997699  0.03592058   -0.03997699 -0.03592058
  0.03997699  0.03592058   -0.06747726 -0.05778443   -0.12972681  0.04076628
 -0.03997699 -0.03592058   -0.12972681  0.04076628   -0.06747726 -0.05778443
    2    1
 -0.08665405  0.05632864    0.03997699 -0.03592058   -0.03997699  0.03592058
  0.03997699 -0.03592058   -0.06747726  0.05778443   -0.12972681 -0.04076628
 -0.03997699  0.03592058   -0.12972681 -0.04076628   -0.06747726  0.05778443
    2    2
  0.29876461  0.00000000    0.00469640 -0.00740028   -0.00469640  0.00740028
  0.00469640  0.00740028    0.24307378  0.00000000   -0.00141265  0.00000000
 -0.00469640 -0.00740028   -0.00141265  0.00000000    0.24307378  0.00000000

     Dynamical  Matrix in cartesian axes

     q = (   -0.250000000  -0.750000000  -0.750000000 ) 

    1    1
  0.29876461  0.00000000    0.00469640  0.00740028    0.00469640  0.00740028
  0.00469640 -0.00740028    0.24307378  0.00000000    0.00141265  0.00000000
  0.00469640 -0.00740028    0.00141265  0.00000000    0.24307378  0.00000000
    1    2
  0.08665405  0.05632864   -0.03997699 -0.03592058   -0.03997699 -0.03592058
 -0.03997699 -0.03592058    0.06747726  0.05778443   -0.12972681  0.04076628
 -0.03997699 -0.03592058   -0.12972681  0.04076628    0.06747726  0.05778443
    2    1
  0.08665405 -0.05632864   -0.03997699  0.03592058   -0.03997699  0.03592058
 -0.03997699  0.03592058    0.06747726 -0.05778443   -0.12972681 -0.04076628
 -0.03997699  0.03592058   -0.12972681 -0.04076628    0.06747726 -0.05778443
    2    2
  0.29876461  0.00000000    0.00469640 -0.00740028    0.00469640 -0.00740028
  0.00469640  0.00740028    0.24307378  0.00000000    0.00141265  0.00000000
  0.00469640  0.00740028    0.00141265  0.00000000    0.24307378  0.00000000

     Dynamical  Matrix in cartesian axes

     q = (    0.750000000   0.750000000  -0.250000000 ) 

    1    1
  0.24307378  0.00000000    0.00141265  0.00000000   -0.00469640  0.00740028
  0.00141265  0.00000000    0.24307378  0.00000000   -0.00469640  0.00740028
 -0.00469640 -0.00740028   -0.00469640 -0.00740028    0.29876461  0.00000000
    1    2
 -0.05778443  0.06747726   -0.04076628 -0.12972681   -0.03592058  0.03997699
 -0.04076628 -0.12972681   -0.05778443  0.06747726   -0.03592058  0.03997699
 -0.03592058  0.03997699   -0.03592058  0.03997699   -0.05632864  0.08665405
    2    1
 -0.05778443 -0.06747726   -0.04076628  0.12972681   -0.03592058 -0.03997699
 -0.04076628  0.12972681   -0.05778443 -0.06747726   -0.03592058 -0.03997699
 -0.03592058 -0.03997699   -0.03592058 -0.03997699   -0.05632864 -0.08665405
    2    2
  0.24307378  0.00000000    0.00141265  0.00000000   -0.00469640 -0.00740028
  0.00141265  0.00000000    0.24307378  0.00000000   -0.00469640 -0.00740028
 -0.00469640  0.00740028   -0.00469640  0.00740028    0.29876461  0.00000000

     Dynamical  Matrix in cartesian axes

     q = (    0.750000000  -0.750000000   0.250000000 ) 

    1    1
  0.24307378  0.00000000   -0.00141265  0.00000000    0.00469640 -0.00740028
 -0.00141265  0.00000000    0.24307378  0.00000000   -0.00469640  0.00740028
  0.00469640  0.00740028   -0.00469640 -0.00740028    0.29876461  0.00000000
    1    2
 -0.06747726 -0.05778443   -0.12972681  0.04076628    0.03997699  0.03592058
 -0.12972681  0.04076628   -0.06747726 -0.05778443   -0.03997699 -0.03592058
  0.03997699  0.03592058   -0.03997699 -0.03592058   -0.08665405 -0.05632864
    2    1
 -0.06747726  0.05778443   -0.12972681 -0.04076628    0.03997699 -0.03592058
 -0.12972681 -0.04076628   -0.06747726  0.05778443   -0.03997699  0.03592058
  0.03997699 -0.03592058   -0.03997699  0.03592058   -0.08665405  0.05632864
    2    2
  0.24307378  0.00000000   -0.00141265  0.00000000    0.00469640  0.00740028
 -0.00141265  0.00000000    0.24307378  0.00000000   -0.00469640 -0.00740028
  0.00469640 -0.00740028   -0.00469640  0.00740028    0.29876461  0.00000000

     Dynamical  Matrix in cartesian axes

     q = (   -0.750000000  -0.750000000  -0.250000000 ) 

    1    1
  0.24307378  0.00000000    0.00141265  0.00000000    0.00469640 -0.00740028
  0.00141265  0.00000000    0.24307378  0.00000000    0.00469640 -0.00740028
  0.00469640  0.00740028    0.00469640  0.00740028    0.29876461  0.00000000
    1    2
  0.06747726  0.05778443   -0.12972681  0.04076628   -0.03997699 -0.03592058
 -0.12972681  0.04076628    0.06747726  0.05778443   -0.03997699 -0.03592058
 -0.03997699 -0.03592058   -0.03997699 -0.03592058    0.08665405  0.05632864
    2    1
  0.06747726 -0.05778443   -0.12972681 -0.04076628   -0.03997699  0.03592058
 -0.12972681 -0.04076628    0.06747726 -0.05778443   -0.03997699  0.03592058
 -0.03997699  0.03592058   -0.03997699  0.03592058    0.08665405 -0.05632864
    2    2
  0.24307378  0.00000000    0.00141265  0.00000000    0.00469640  0.00740028
  0.00141265  0.00000000    0.24307378  0.00000000    0.00469640  0.00740028
  0.00469640 -0.00740028    0.00469640 -0.00740028    0.29876461  0.00000000

     Dynamical  Matrix in cartesian axes

     q = (    0.250000000  -0.750000000   0.750000000 ) 

    1    1
  0.29876461  0.00000000   -0.00469640 -0.00740028    0.00469640  0.00740028
 -0.00469640  0.00740028    0.24307378  0.00000000   -0.00141265  0.00000000
  0.00469640 -0.00740028   -0.00141265  0.00000000    0.24307378  0.00000000
    1    2
 -0.08665405 -0.05632864   -0.03997699 -0.03592058    0.03997699  0.03592058
 -0.03997699 -0.03592058   -0.06747726 -0.05778443   -0.12972681  0.04076628
  0.03997699  0.03592058   -0.12972681  0.04076628   -0.06747726 -0.05778443
    2    1
 -0.08665405  0.05632864   -0.03997699  0.03592058    0.03997699 -0.03592058
 -0.03997699  0.03592058   -0.06747726  0.05778443   -0.12972681 -0.04076628
  0.03997699 -0.03592058   -0.12972681 -0.04076628   -0.06747726  0.05778443
    2    2
  0.29876461  0.00000000   -0.00469640  0.00740028    0.00469640 -0.00740028
 -0.00469640 -0.00740028    0.24307378  0.00000000   -0.00141265  0.00000000
  0.00469640  0.00740028   -0.00141265  0.00000000    0.24307378  0.00000000

     Dynamical  Matrix in cartesian axes

     q = (   -0.750000000  -0.750000000   0.250000000 ) 

    1    1
  0.24307378  0.00000000    0.00141265  0.00000000   -0.00469640 -0.00740028
  0.00141265  0.00000000    0.24307378  0.00000000   -0.00469640 -0.00740028
 -0.00469640  0.00740028   -0.00469640  0.00740028    0.29876461  0.00000000
    1    2
 -0.05778443 -0.06747726   -0.04076628  0.12972681   -0.03592058 -0.03997699
 -0.04076628  0.12972681   -0.05778443 -0.06747726   -0.03592058 -0.03997699
 -0.03592058 -0.03997699   -0.03592058 -0.03997699   -0.05632864 -0.08665405
    2    1
 -0.05778443  0.06747726   -0.04076628 -0.12972681   -0.03592058  0.03997699
 -0.04076628 -0.12972681   -0.05778443  0.06747726   -0.03592058  0.03997699
 -0.03592058  0.03997699   -0.03592058  0.03997699   -0.05632864  0.08665405
    2    2
  0.24307378  0.00000000    0.00141265  0.00000000   -0.00469640  0.00740028
  0.00141265  0.00000000    0.24307378  0.00000000   -0.00469640  0.00740028
 -0.00469640 -0.00740028   -0.00469640 -0.00740028    0.29876461  0.00000000

     Dynamical  Matrix in cartesian axes

     q = (    0.250000000   0.750000000   0.750000000 ) 

    1    1
  0.29876461  0.00000000    0.00469640 -0.00740028    0.00469640 -0.00740028
  0.00469640  0.00740028    0.24307378  0.00000000    0.00141265  0.00000000
  0.00469640  0.00740028    0.00141265  0.00000000    0.24307378  0.00000000
    1    2
  0.08665405 -0.05632864   -0.03997699  0.03592058   -0.03997699  0.03592058
 -0.03997699  0.03592058    0.06747726 -0.05778443   -0.12972681 -0.04076628
 -0.03997699  0.03592058   -0.12972681 -0.04076628    0.06747726 -0.05778443
    2    1
  0.08665405  0.05632864   -0.03997699 -0.03592058   -0.03997699 -0.03592058
 -0.03997699 -0.03592058    0.06747726  0.05778443   -0.12972681  0.04076628
 -0.03997699 -0.03592058   -0.12972681  0.04076628    0.06747726  0.05778443
    2    2
  0.29876461  0.00000000    0.00469640  0.00740028    0.00469640  0.00740028
  0.00469640 -0.00740028    0.24307378  0.00000000    0.00141265  0.00000000
  0.00469640 -0.00740028    0.00141265  0.00000000    0.24307378  0.00000000

     Dynamical  Matrix in cartesian axes

     q = (   -0.250000000  -0.750000000   0.750000000 ) 

    1    1
  0.29876461  0.00000000    0.00469640 -0.00740028   -0.00469640  0.00740028
  0.00469640  0.00740028    0.24307378  0.00000000   -0.00141265  0.00000000
 -0.00469640 -0.00740028   -0.00141265  0.00000000    0.24307378  0.00000000
    1    2
 -0.08665405  0.05632864    0.03997699 -0.03592058   -0.03997699  0.03592058
  0.03997699 -0.03592058   -0.06747726  0.05778443   -0.12972681 -0.04076628
 -0.03997699  0.03592058   -0.12972681 -0.04076628   -0.06747726  0.05778443
    2    1
 -0.08665405 -0.05632864    0.03997699  0.03592058   -0.03997699 -0.03592058
  0.03997699  0.03592058   -0.06747726 -0.05778443   -0.12972681  0.04076628
 -0.03997699 -0.03592058   -0.12972681  0.04076628   -0.06747726 -0.05778443
    2    2
  0.29876461  0.00000000    0.00469640  0.00740028   -0.00469640 -0.00740028
  0.00469640 -0.00740028    0.24307378  0.00000000   -0.00141265  0.00000000
 -0.00469640  0.00740028   -0.00141265  0.00000000    0.24307378  0.00000000

     Dynamical  Matrix in cartesian axes

     q = (    0.750000000   0.750000000   0.250000000 ) 

    1    1
  0.24307378  0.00000000    0.00141265  0.00000000    0.00469640  0.00740028
  0.00141265  0.00000000    0.24307378  0.00000000    0.00469640  0.00740028
  0.00469640 -0.00740028    0.00469640 -0.00740028    0.29876461  0.00000000
    1    2
  0.06747726 -0.05778443   -0.12972681 -0.04076628   -0.03997699  0.03592058
 -0.12972681 -0.04076628    0.06747726 -0.05778443   -0.03997699  0.03592058
 -0.03997699  0.03592058   -0.03997699  0.03592058    0.08665405 -0.05632864
    2    1
  0.06747726  0.05778443   -0.12972681  0.04076628   -0.03997699 -0.03592058
 -0.12972681  0.04076628    0.06747726  0.05778443   -0.03997699 -0.03592058
 -0.03997699 -0.03592058   -0.03997699 -0.03592058    0.08665405  0.05632864
    2    2
  0.24307378  0.00000000    0.00141265  0.00000000    0.00469640 -0.00740028
  0.00141265  0.00000000    0.24307378  0.00000000    0.00469640 -0.00740028
  0.00469640  0.00740028    0.00469640  0.00740028    0.29876461  0.00000000

     Dynamical  Matrix in cartesian axes

     q = (    0.250000000  -0.750000000  -0.750000000 ) 

    1    1
  0.29876461  0.00000000   -0.00469640  0.00740028   -0.00469640  0.00740028
 -0.00469640 -0.00740028    0.24307378  0.00000000    0.00141265  0.00000000
 -0.00469640 -0.00740028    0.00141265  0.00000000    0.24307378  0.00000000
    1    2
 -0.05632864 -0.08665405   -0.03592058 -0.03997699   -0.03592058 -0.03997699
 -0.03592058 -0.03997699   -0.05778443 -0.06747726   -0.04076628  0.12972681
 -0.03592058 -0.03997699   -0.04076628  0.12972681   -0.05778443 -0.06747726
    2    1
 -0.05632864  0.08665405   -0.03592058  0.03997699   -0.03592058  0.03997699
 -0.03592058  0.03997699   -0.05778443  0.06747726   -0.04076628 -0.12972681
 -0.03592058  0.03997699   -0.04076628 -0.12972681   -0.05778443  0.06747726
    2    2
  0.29876461  0.00000000   -0.00469640 -0.00740028   -0.00469640 -0.00740028
 -0.00469640  0.00740028    0.24307378  0.00000000    0.00141265  0.00000000
 -0.00469640  0.00740028    0.00141265  0.00000000    0.24307378  0.00000000

     Dynamical  Matrix in cartesian axes

     q = (    0.750000000  -0.750000000  -0.250000000 ) 

    1    1
  0.24307378  0.00000000   -0.00141265  0.00000000   -0.00469640 -0.00740028
 -0.00141265  0.00000000    0.24307378  0.00000000    0.00469640  0.00740028
 -0.00469640  0.00740028    0.00469640 -0.00740028    0.29876461  0.00000000
    1    2
 -0.06747726  0.05778443   -0.12972681 -0.04076628   -0.03997699  0.03592058
 -0.12972681 -0.04076628   -0.06747726  0.05778443    0.03997699 -0.03592058
 -0.03997699  0.03592058    0.03997699 -0.03592058   -0.08665405  0.05632864
    2    1
 -0.06747726 -0.05778443   -0.12972681  0.04076628   -0.03997699 -0.03592058
 -0.12972681  0.04076628   -0.06747726 -0.05778443    0.03997699  0.03592058
 -0.03997699 -0.03592058    0.03997699  0.03592058   -0.08665405 -0.05632864
    2    2
  0.24307378  0.00000000   -0.00141265  0.00000000   -0.00469640  0.00740028
 -0.00141265  0.00000000    0.24307378  0.00000000    0.00469640 -0.00740028
 -0.00469640 -0.00740028    0.00469640  0.00740028    0.29876461  0.00000000

     Diagonalizing the dynamical matrix

     q = (    0.750000000  -0.250000000   0.750000000 ) 

 **************************************************************************
     freq (    1) =       4.299575 [THz] =     143.418385 [cm-1]
 ( -0.042989  0.498149 -0.000000  0.000000  0.042989 -0.498149 ) 
 ( -0.500000  0.000000 -0.000000  0.000000  0.500000  0.000000 ) 
     freq (    2) =       6.137073 [THz] =     204.710719 [cm-1]
 ( -0.400425 -0.145141 -0.332819  0.162541 -0.400425 -0.145141 ) 
 ( -0.425918  0.000000 -0.257509 -0.266228 -0.425918  0.000000 ) 
     freq (    3) =       9.346162 [THz] =     311.754407 [cm-1]
 ( -0.079967  0.295297 -0.435913 -0.350415 -0.079967  0.295297 ) 
 (  0.305933  0.000000 -0.224291 -0.512351  0.305933  0.000000 ) 
     freq (    4) =      11.922333 [THz] =     397.686222 [cm-1]
 ( -0.163130 -0.323478  0.400432  0.277769 -0.163130 -0.323478 ) 
 (  0.362283  0.000000 -0.428324 -0.232465  0.362283  0.000000 ) 
     freq (    5) =      13.633048 [THz] =     454.749527 [cm-1]
 ( -0.042989  0.498149 -0.000000  0.000000  0.042989 -0.498149 ) 
 (  0.500000  0.000000  0.000000  0.000000 -0.500000  0.000000 ) 
     freq (    6) =      13.864035 [THz] =     462.454417 [cm-1]
 (  0.284089  0.114206  0.501210 -0.247566  0.284089  0.114206 ) 
 ( -0.306186 -0.000000 -0.372698 -0.416649 -0.306186  0.000000 ) 
 **************************************************************************
