Dynamical matrix file
                                                                           
  1    2  2 10.5000000  0.0000000  0.0000000  0.0000000  0.0000000  0.0000000
           1  'Si  '    25598.822984527003     
    1    1      0.0000000000      0.0000000000      0.0000000000
    2    1      0.2500000000      0.2500000000      0.2500000000

     Dynamical  Matrix in cartesian axes

     q = (   -0.250000000   0.250000000  -0.250000000 ) 

    1    1
  0.25772910  0.00000000   -0.00999831  0.00000000    0.00999831  0.00000000
 -0.00999831  0.00000000    0.25772910  0.00000000   -0.00999831  0.00000000
  0.00999831  0.00000000   -0.00999831  0.00000000    0.25772910  0.00000000
    1    2
 -0.19604140 -0.05842389   -0.02973654  0.03253314    0.02973654 -0.03253314
 -0.02973654  0.03253314   -0.19604140 -0.05842389   -0.02973654  0.03253314
  0.02973654 -0.03253314   -0.02973654  0.03253314   -0.19604140 -0.05842389
    2    1
 -0.19604140  0.05842389   -0.02973654 -0.03253314    0.02973654  0.03253314
 -0.02973654 -0.03253314   -0.19604140  0.05842389   -0.02973654 -0.03253314
  0.02973654  0.03253314   -0.02973654 -0.03253314   -0.19604140  0.05842389
    2    2
  0.25772910  0.00000000   -0.00999831  0.00000000    0.00999831  0.00000000
 -0.00999831  0.00000000    0.25772910  0.00000000   -0.00999831  0.00000000
  0.00999831  0.00000000   -0.00999831  0.00000000    0.25772910  0.00000000

     Dynamical  Matrix in cartesian axes

     q = (    0.250000000  -0.250000000  -0.250000000 ) 

    1    1
  0.25772910  0.00000000   -0.00999831  0.00000000   -0.00999831  0.00000000
 -0.00999831  0.00000000    0.25772910  0.00000000    0.00999831  0.00000000
 -0.00999831  0.00000000    0.00999831  0.00000000    0.25772910  0.00000000
    1    2
 -0.19604140 -0.05842389   -0.02973654  0.03253314   -0.02973654  0.03253314
 -0.02973654  0.03253314   -0.19604140 -0.05842389    0.02973654 -0.03253314
 -0.02973654  0.03253314    0.02973654 -0.03253314   -0.19604140 -0.05842389
    2    1
 -0.19604140  0.05842389   -0.02973654 -0.03253314   -0.02973654 -0.03253314
 -0.02973654 -0.03253314   -0.19604140  0.05842389    0.02973654  0.03253314
 -0.02973654 -0.03253314    0.02973654  0.03253314   -0.19604140  0.05842389
    2    2
  0.25772910  0.00000000   -0.00999831  0.00000000   -0.00999831  0.00000000
 -0.00999831  0.00000000    0.25772910  0.00000000    0.00999831  0.00000000
 -0.00999831  0.00000000    0.00999831  0.00000000    0.25772910  0.00000000

     Dynamical  Matrix in cartesian axes

     q = (    0.250000000  -0.250000000   0.250000000 ) 

    1    1
  0.25772910  0.00000000   -0.00999831  0.00000000    0.00999831  0.00000000
 -0.00999831  0.00000000    0.25772910  0.00000000   -0.00999831  0.00000000
  0.00999831  0.00000000   -0.00999831  0.00000000    0.25772910  0.00000000
    1    2
 -0.19604140  0.05842389   -0.02973654 -0.03253314    0.02973654  0.03253314
 -0.02973654 -0.03253314   -0.19604140  0.05842389   -0.02973654 -0.03253314
  0.02973654  0.03253314   -0.02973654 -0.03253314   -0.19604140  0.05842389
    2    1
 -0.19604140 -0.05842389   -0.02973654  0.03253314    0.02973654 -0.03253314
 -0.02973654  0.03253314   -0.19604140 -0.05842389   -0.02973654  0.03253314
  0.02973654 -0.03253314   -0.02973654  0.03253314   -0.19604140 -0.05842389
    2    2
  0.25772910  0.00000000   -0.00999831  0.00000000    0.00999831  0.00000000
 -0.00999831  0.00000000    0.25772910  0.00000000   -0.00999831  0.00000000
  0.00999831  0.00000000   -0.00999831  0.00000000    0.25772910  0.00000000

     Dynamical  Matrix in cartesian axes

     q = (    0.250000000   0.250000000   0.250000000 ) 

    1    1
  0.25772910  0.00000000    0.00999831  0.00000000    0.00999831  0.00000000
  0.00999831  0.00000000    0.25772910  0.00000000    0.00999831  0.00000000
  0.00999831  0.00000000    0.00999831  0.00000000    0.25772910  0.00000000
    1    2
 -0.05842389  0.19604140   -0.03253314 -0.02973654   -0.03253314 -0.02973654
 -0.03253314 -0.02973654   -0.05842389  0.19604140   -0.03253314 -0.02973654
 -0.03253314 -0.02973654   -0.03253314 -0.02973654   -0.05842389  0.19604140
    2    1
 -0.05842389 -0.19604140   -0.03253314  0.02973654   -0.03253314  0.02973654
 -0.03253314  0.02973654   -0.05842389 -0.19604140   -0.03253314  0.02973654
 -0.03253314  0.02973654   -0.03253314  0.02973654   -0.05842389 -0.19604140
    2    2
  0.25772910  0.00000000    0.00999831  0.00000000    0.00999831  0.00000000
  0.00999831  0.00000000    0.25772910  0.00000000    0.00999831  0.00000000
  0.00999831  0.00000000    0.00999831  0.00000000    0.25772910  0.00000000

     Dynamical  Matrix in cartesian axes

     q = (   -0.250000000  -0.250000000  -0.250000000 ) 

    1    1
  0.25772910  0.00000000    0.00999831  0.00000000    0.00999831  0.00000000
  0.00999831  0.00000000    0.25772910  0.00000000    0.00999831  0.00000000
  0.00999831  0.00000000    0.00999831  0.00000000    0.25772910  0.00000000
    1    2
 -0.05842389 -0.19604140   -0.03253314  0.02973654   -0.03253314  0.02973654
 -0.03253314  0.02973654   -0.05842389 -0.19604140   -0.03253314  0.02973654
 -0.03253314  0.02973654   -0.03253314  0.02973654   -0.05842389 -0.19604140
    2    1
 -0.05842389  0.19604140   -0.03253314 -0.02973654   -0.03253314 -0.02973654
 -0.03253314 -0.02973654   -0.05842389  0.19604140   -0.03253314 -0.02973654
 -0.03253314 -0.02973654   -0.03253314 -0.02973654   -0.05842389  0.19604140
    2    2
  0.25772910  0.00000000    0.00999831  0.00000000    0.00999831  0.00000000
  0.00999831  0.00000000    0.25772910  0.00000000    0.00999831  0.00000000
  0.00999831  0.00000000    0.00999831  0.00000000    0.25772910  0.00000000

     Dynamical  Matrix in cartesian axes

     q = (   -0.250000000  -0.250000000   0.250000000 ) 

    1    1
  0.25772910  0.00000000    0.00999831  0.00000000   -0.00999831  0.00000000
  0.00999831  0.00000000    0.25772910  0.00000000   -0.00999831  0.00000000
 -0.00999831  0.00000000   -0.00999831  0.00000000    0.25772910  0.00000000
    1    2
 -0.19604140 -0.05842389    0.02973654 -0.03253314   -0.02973654  0.03253314
  0.02973654 -0.03253314   -0.19604140 -0.05842389   -0.02973654  0.03253314
 -0.02973654  0.03253314   -0.02973654  0.03253314   -0.19604140 -0.05842389
    2    1
 -0.19604140  0.05842389    0.02973654  0.03253314   -0.02973654 -0.03253314
  0.02973654  0.03253314   -0.19604140  0.05842389   -0.02973654 -0.03253314
 -0.02973654 -0.03253314   -0.02973654 -0.03253314   -0.19604140  0.05842389
    2    2
  0.25772910  0.00000000    0.00999831  0.00000000   -0.00999831  0.00000000
  0.00999831  0.00000000    0.25772910  0.00000000   -0.00999831  0.00000000
 -0.00999831  0.00000000   -0.00999831  0.00000000    0.25772910  0.00000000

     Dynamical  Matrix in cartesian axes

     q = (   -0.250000000   0.250000000   0.250000000 ) 

    1    1
  0.25772910  0.00000000   -0.00999831  0.00000000   -0.00999831  0.00000000
 -0.00999831  0.00000000    0.25772910  0.00000000    0.00999831  0.00000000
 -0.00999831  0.00000000    0.00999831  0.00000000    0.25772910  0.00000000
    1    2
 -0.19604140  0.05842389   -0.02973654 -0.03253314   -0.02973654 -0.03253314
 -0.02973654 -0.03253314   -0.19604140  0.05842389    0.02973654  0.03253314
 -0.02973654 -0.03253314    0.02973654  0.03253314   -0.19604140  0.05842389
    2    1
 -0.19604140 -0.05842389   -0.02973654  0.03253314   -0.02973654  0.03253314
 -0.02973654  0.03253314   -0.19604140 -0.05842389    0.02973654 -0.03253314
 -0.02973654  0.03253314    0.02973654 -0.03253314   -0.19604140 -0.05842389
    2    2
  0.25772910  0.00000000   -0.00999831  0.00000000   -0.00999831  0.00000000
 -0.00999831  0.00000000    0.25772910  0.00000000    0.00999831  0.00000000
 -0.00999831  0.00000000    0.00999831  0.00000000    0.25772910  0.00000000

     Dynamical  Matrix in cartesian axes

     q = (    0.250000000   0.250000000  -0.250000000 ) 

    1    1
  0.25772910  0.00000000    0.00999831  0.00000000   -0.00999831  0.00000000
  0.00999831  0.00000000    0.25772910  0.00000000   -0.00999831  0.00000000
 -0.00999831  0.00000000   -0.00999831  0.00000000    0.25772910  0.00000000
    1    2
 -0.19604140  0.05842389    0.02973654  0.03253314   -0.02973654 -0.03253314
  0.02973654  0.03253314   -0.19604140  0.05842389   -0.02973654 -0.03253314
 -0.02973654 -0.03253314   -0.02973654 -0.03253314   -0.19604140  0.05842389
    2    1
 -0.19604140 -0.05842389    0.02973654 -0.03253314   -0.02973654  0.03253314
  0.02973654 -0.03253314   -0.19604140 -0.05842389   -0.02973654  0.03253314
 -0.02973654  0.03253314   -0.02973654  0.03253314   -0.19604140 -0.05842389
    2    2
  0.25772910  0.00000000    0.00999831  0.00000000   -0.00999831  0.00000000
  0.00999831  0.00000000    0.25772910  0.00000000   -0.00999831  0.00000000
 -0.00999831  0.00000000   -0.00999831  0.00000000    0.25772910  0.00000000

     Diagonalizing the dynamical matrix

     q = (   -0.250000000   0.250000000  -0.250000000 ) 

 **************************************************************************
     freq (    1) =       2.942103 [THz] =      98.138004 [cm-1]
 (  0.405997  0.057047 -0.147308 -0.006403 -0.553305 -0.063449 ) 
 (  0.409852  0.010421 -0.147078  0.010421 -0.556931  0.000000 ) 
     freq (    2) =       2.942103 [THz] =      98.138004 [cm-1]
 ( -0.397732 -0.083996 -0.548930 -0.101334 -0.151198 -0.017338 ) 
 ( -0.404711 -0.038137 -0.556901 -0.038137 -0.152189  0.000000 ) 
     freq (    3) =       6.290899 [THz] =     209.841806 [cm-1]
 ( -0.302810 -0.273812  0.302810  0.273812 -0.302810 -0.273812 ) 
 ( -0.408248  0.000000  0.408248  0.000000 -0.408248  0.000000 ) 
     freq (    4) =      13.973790 [THz] =     466.115455 [cm-1]
 ( -0.302810 -0.273812  0.302810  0.273812 -0.302810 -0.273812 ) 
 (  0.408248 -0.000000 -0.408248  0.000000  0.408248  0.000000 ) 
     freq (    5) =      14.171197 [THz] =     472.700244 [cm-1]
 ( -0.416933  0.276344 -0.416415  0.276403  0.000518  0.000059 ) 
 (  0.382736 -0.322045  0.382214 -0.322045 -0.000522  0.000000 ) 
     freq (    6) =      14.171197 [THz] =     472.700244 [cm-1]
 (  0.286419  0.033138 -0.287172 -0.032638 -0.573591 -0.065776 ) 
 ( -0.288329 -0.000291  0.289021 -0.000291  0.577350  0.000000 ) 
 **************************************************************************
