Dynamical matrix file
                                                                           
  1    2  2 10.5000000  0.0000000  0.0000000  0.0000000  0.0000000  0.0000000
           1  'Si  '    25598.822984527003     
    1    1      0.0000000000      0.0000000000      0.0000000000
    2    1      0.2500000000      0.2500000000      0.2500000000

     Dynamical  Matrix in cartesian axes

     q = (    0.750000000  -0.250000000   0.750000000 ) 

    1    1
  0.22047431  0.00000000   -0.00392008  0.00687790    0.00090341  0.00000000
 -0.00392008 -0.00687790    0.27290599  0.00000000   -0.00392008 -0.00687790
  0.00090341  0.00000000   -0.00392008  0.00687790    0.22047431  0.00000000
    1    2
 -0.04887780  0.07027675   -0.03658224  0.03535493   -0.03095050 -0.10746093
 -0.03658224  0.03535493   -0.04765148  0.08927662   -0.03658224  0.03535493
 -0.03095050 -0.10746093   -0.03658224  0.03535493   -0.04887780  0.07027675
    2    1
 -0.04887780 -0.07027675   -0.03658224 -0.03535493   -0.03095050  0.10746093
 -0.03658224 -0.03535493   -0.04765148 -0.08927662   -0.03658224 -0.03535493
 -0.03095050  0.10746093   -0.03658224 -0.03535493   -0.04887780 -0.07027675
    2    2
  0.22047431  0.00000000   -0.00392008 -0.00687790    0.00090341  0.00000000
 -0.00392008  0.00687790    0.27290599  0.00000000   -0.00392008  0.00687790
  0.00090341  0.00000000   -0.00392008 -0.00687790    0.22047431  0.00000000

     Dynamical  Matrix in cartesian axes

     q = (    0.750000000  -0.250000000  -0.750000000 ) 

    1    1
  0.22047431  0.00000000   -0.00392008 -0.00687790   -0.00090341  0.00000000
 -0.00392008  0.00687790    0.27290599  0.00000000    0.00392008 -0.00687790
 -0.00090341  0.00000000    0.00392008  0.00687790    0.22047431  0.00000000
    1    2
 -0.07027675  0.04887780   -0.03535493  0.03658224   -0.10746093 -0.03095050
 -0.03535493  0.03658224   -0.08927662  0.04765148    0.03535493 -0.03658224
 -0.10746093 -0.03095050    0.03535493 -0.03658224   -0.07027675  0.04887780
    2    1
 -0.07027675 -0.04887780   -0.03535493 -0.03658224   -0.10746093  0.03095050
 -0.03535493 -0.03658224   -0.08927662 -0.04765148    0.03535493  0.03658224
 -0.10746093  0.03095050    0.03535493  0.03658224   -0.07027675 -0.04887780
    2    2
  0.22047431  0.00000000   -0.00392008  0.00687790   -0.00090341  0.00000000
 -0.00392008 -0.00687790    0.27290599  0.00000000    0.00392008  0.00687790
 -0.00090341  0.00000000    0.00392008 -0.00687790    0.22047431  0.00000000

     Dynamical  Matrix in cartesian axes

     q = (   -0.750000000  -0.250000000  -0.750000000 ) 

    1    1
  0.22047431  0.00000000    0.00392008 -0.00687790    0.00090341  0.00000000
  0.00392008  0.00687790    0.27290599  0.00000000    0.00392008  0.00687790
  0.00090341  0.00000000    0.00392008 -0.00687790    0.22047431  0.00000000
    1    2
  0.07027675  0.04887780   -0.03535493 -0.03658224   -0.10746093  0.03095050
 -0.03535493 -0.03658224    0.08927662  0.04765148   -0.03535493 -0.03658224
 -0.10746093  0.03095050   -0.03535493 -0.03658224    0.07027675  0.04887780
    2    1
  0.07027675 -0.04887780   -0.03535493  0.03658224   -0.10746093 -0.03095050
 -0.03535493  0.03658224    0.08927662 -0.04765148   -0.03535493  0.03658224
 -0.10746093 -0.03095050   -0.03535493  0.03658224    0.07027675 -0.04887780
    2    2
  0.22047431  0.00000000    0.00392008  0.00687790    0.00090341  0.00000000
  0.00392008 -0.00687790    0.27290599  0.00000000    0.00392008 -0.00687790
  0.00090341  0.00000000    0.00392008  0.00687790    0.22047431  0.00000000

     Dynamical  Matrix in cartesian axes

     q = (   -0.750000000  -0.250000000   0.750000000 ) 

    1    1
  0.22047431  0.00000000    0.00392008  0.00687790   -0.00090341  0.00000000
  0.00392008 -0.00687790    0.27290599  0.00000000   -0.00392008  0.00687790
 -0.00090341  0.00000000   -0.00392008 -0.00687790    0.22047431  0.00000000
    1    2
 -0.07027675  0.04887780    0.03535493 -0.03658224   -0.10746093 -0.03095050
  0.03535493 -0.03658224   -0.08927662  0.04765148   -0.03535493  0.03658224
 -0.10746093 -0.03095050   -0.03535493  0.03658224   -0.07027675  0.04887780
    2    1
 -0.07027675 -0.04887780    0.03535493  0.03658224   -0.10746093  0.03095050
  0.03535493  0.03658224   -0.08927662 -0.04765148   -0.03535493 -0.03658224
 -0.10746093  0.03095050   -0.03535493 -0.03658224   -0.07027675 -0.04887780
    2    2
  0.22047431  0.00000000    0.00392008 -0.00687790   -0.00090341  0.00000000
  0.00392008  0.00687790    0.27290599  0.00000000   -0.00392008 -0.00687790
 -0.00090341  0.00000000   -0.00392008  0.00687790    0.22047431  0.00000000

     Dynamical  Matrix in cartesian axes

     q = (   -0.750000000   0.250000000  -0.750000000 ) 

    1    1
  0.22047431  0.00000000   -0.00392008 -0.00687790    0.00090341  0.00000000
 -0.00392008  0.00687790    0.27290599  0.00000000   -0.00392008  0.00687790
  0.00090341  0.00000000   -0.00392008 -0.00687790    0.22047431  0.00000000
    1    2
 -0.04887780 -0.07027675   -0.03658224 -0.03535493   -0.03095050  0.10746093
 -0.03658224 -0.03535493   -0.04765148 -0.08927662   -0.03658224 -0.03535493
 -0.03095050  0.10746093   -0.03658224 -0.03535493   -0.04887780 -0.07027675
    2    1
 -0.04887780  0.07027675   -0.03658224  0.03535493   -0.03095050 -0.10746093
 -0.03658224  0.03535493   -0.04765148  0.08927662   -0.03658224  0.03535493
 -0.03095050 -0.10746093   -0.03658224  0.03535493   -0.04887780  0.07027675
    2    2
  0.22047431  0.00000000   -0.00392008  0.00687790    0.00090341  0.00000000
 -0.00392008 -0.00687790    0.27290599  0.00000000   -0.00392008 -0.00687790
  0.00090341  0.00000000   -0.00392008  0.00687790    0.22047431  0.00000000

     Dynamical  Matrix in cartesian axes

     q = (   -0.250000000   0.750000000  -0.750000000 ) 

    1    1
  0.27290599  0.00000000   -0.00392008  0.00687790    0.00392008 -0.00687790
 -0.00392008 -0.00687790    0.22047431  0.00000000   -0.00090341  0.00000000
  0.00392008  0.00687790   -0.00090341  0.00000000    0.22047431  0.00000000
    1    2
 -0.08927662  0.04765148   -0.03535493  0.03658224    0.03535493 -0.03658224
 -0.03535493  0.03658224   -0.07027675  0.04887780   -0.10746093 -0.03095050
  0.03535493 -0.03658224   -0.10746093 -0.03095050   -0.07027675  0.04887780
    2    1
 -0.08927662 -0.04765148   -0.03535493 -0.03658224    0.03535493  0.03658224
 -0.03535493 -0.03658224   -0.07027675 -0.04887780   -0.10746093  0.03095050
  0.03535493  0.03658224   -0.10746093  0.03095050   -0.07027675 -0.04887780
    2    2
  0.27290599  0.00000000   -0.00392008 -0.00687790    0.00392008  0.00687790
 -0.00392008  0.00687790    0.22047431  0.00000000   -0.00090341  0.00000000
  0.00392008 -0.00687790   -0.00090341  0.00000000    0.22047431  0.00000000

     Dynamical  Matrix in cartesian axes

     q = (   -0.750000000   0.750000000  -0.250000000 ) 

    1    1
  0.22047431  0.00000000   -0.00090341  0.00000000    0.00392008  0.00687790
 -0.00090341  0.00000000    0.22047431  0.00000000   -0.00392008 -0.00687790
  0.00392008 -0.00687790   -0.00392008  0.00687790    0.27290599  0.00000000
    1    2
 -0.07027675  0.04887780   -0.10746093 -0.03095050    0.03535493 -0.03658224
 -0.10746093 -0.03095050   -0.07027675  0.04887780   -0.03535493  0.03658224
  0.03535493 -0.03658224   -0.03535493  0.03658224   -0.08927662  0.04765148
    2    1
 -0.07027675 -0.04887780   -0.10746093  0.03095050    0.03535493  0.03658224
 -0.10746093  0.03095050   -0.07027675 -0.04887780   -0.03535493 -0.03658224
  0.03535493  0.03658224   -0.03535493 -0.03658224   -0.08927662 -0.04765148
    2    2
  0.22047431  0.00000000   -0.00090341  0.00000000    0.00392008 -0.00687790
 -0.00090341  0.00000000    0.22047431  0.00000000   -0.00392008  0.00687790
  0.00392008  0.00687790   -0.00392008 -0.00687790    0.27290599  0.00000000

     Dynamical  Matrix in cartesian axes

     q = (    0.750000000   0.250000000   0.750000000 ) 

    1    1
  0.22047431  0.00000000    0.00392008  0.00687790    0.00090341  0.00000000
  0.00392008 -0.00687790    0.27290599  0.00000000    0.00392008 -0.00687790
  0.00090341  0.00000000    0.00392008  0.00687790    0.22047431  0.00000000
    1    2
  0.07027675 -0.04887780   -0.03535493  0.03658224   -0.10746093 -0.03095050
 -0.03535493  0.03658224    0.08927662 -0.04765148   -0.03535493  0.03658224
 -0.10746093 -0.03095050   -0.03535493  0.03658224    0.07027675 -0.04887780
    2    1
  0.07027675  0.04887780   -0.03535493 -0.03658224   -0.10746093  0.03095050
 -0.03535493 -0.03658224    0.08927662  0.04765148   -0.03535493 -0.03658224
 -0.10746093  0.03095050   -0.03535493 -0.03658224    0.07027675  0.04887780
    2    2
  0.22047431  0.00000000    0.00392008 -0.00687790    0.00090341  0.00000000
  0.00392008  0.00687790    0.27290599  0.00000000    0.00392008  0.00687790
  0.00090341  0.00000000    0.00392008 -0.00687790    0.22047431  0.00000000

     Dynamical  Matrix in cartesian axes

     q = (   -0.750000000   0.250000000   0.750000000 ) 

    1    1
  0.22047431  0.00000000   -0.00392008  0.00687790   -0.00090341  0.00000000
 -0.00392008 -0.00687790    0.27290599  0.00000000    0.00392008  0.00687790
 -0.00090341  0.00000000    0.00392008 -0.00687790    0.22047431  0.00000000
    1    2
 -0.07027675 -0.04887780   -0.03535493 -0.03658224   -0.10746093  0.03095050
 -0.03535493 -0.03658224   -0.08927662 -0.04765148    0.03535493  0.03658224
 -0.10746093  0.03095050    0.03535493  0.03658224   -0.07027675 -0.04887780
    2    1
 -0.07027675  0.04887780   -0.03535493  0.03658224   -0.10746093 -0.03095050
 -0.03535493  0.03658224   -0.08927662  0.04765148    0.03535493 -0.03658224
 -0.10746093 -0.03095050    0.03535493 -0.03658224   -0.07027675  0.04887780
    2    2
  0.22047431  0.00000000   -0.00392008 -0.00687790   -0.00090341  0.00000000
 -0.00392008  0.00687790    0.27290599  0.00000000    0.00392008 -0.00687790
 -0.00090341  0.00000000    0.00392008  0.00687790    0.22047431  0.00000000

     Dynamical  Matrix in cartesian axes

     q = (    0.750000000   0.250000000  -0.750000000 ) 

    1    1
  0.22047431  0.00000000    0.00392008 -0.00687790   -0.00090341  0.00000000
  0.00392008  0.00687790    0.27290599  0.00000000   -0.00392008 -0.00687790
 -0.00090341  0.00000000   -0.00392008  0.00687790    0.22047431  0.00000000
    1    2
 -0.07027675 -0.04887780    0.03535493  0.03658224   -0.10746093  0.03095050
  0.03535493  0.03658224   -0.08927662 -0.04765148   -0.03535493 -0.03658224
 -0.10746093  0.03095050   -0.03535493 -0.03658224   -0.07027675 -0.04887780
    2    1
 -0.07027675  0.04887780    0.03535493 -0.03658224   -0.10746093 -0.03095050
  0.03535493 -0.03658224   -0.08927662  0.04765148   -0.03535493  0.03658224
 -0.10746093 -0.03095050   -0.03535493  0.03658224   -0.07027675  0.04887780
    2    2
  0.22047431  0.00000000    0.00392008  0.00687790   -0.00090341  0.00000000
  0.00392008 -0.00687790    0.27290599  0.00000000   -0.00392008  0.00687790
 -0.00090341  0.00000000   -0.00392008 -0.00687790    0.22047431  0.00000000

     Dynamical  Matrix in cartesian axes

     q = (   -0.750000000   0.750000000   0.250000000 ) 

    1    1
  0.22047431  0.00000000   -0.00090341  0.00000000   -0.00392008  0.00687790
 -0.00090341  0.00000000    0.22047431  0.00000000    0.00392008 -0.00687790
 -0.00392008 -0.00687790    0.00392008  0.00687790    0.27290599  0.00000000
    1    2
 -0.07027675 -0.04887780   -0.10746093  0.03095050   -0.03535493 -0.03658224
 -0.10746093  0.03095050   -0.07027675 -0.04887780    0.03535493  0.03658224
 -0.03535493 -0.03658224    0.03535493  0.03658224   -0.08927662 -0.04765148
    2    1
 -0.07027675  0.04887780   -0.10746093 -0.03095050   -0.03535493  0.03658224
 -0.10746093 -0.03095050   -0.07027675  0.04887780    0.03535493 -0.03658224
 -0.03535493  0.03658224    0.03535493 -0.03658224   -0.08927662  0.04765148
    2    2
  0.22047431  0.00000000   -0.00090341  0.00000000   -0.00392008 -0.00687790
 -0.00090341  0.00000000    0.22047431  0.00000000    0.00392008  0.00687790
 -0.00392008  0.00687790    0.00392008 -0.00687790    0.27290599  0.00000000

     Dynamical  Matrix in cartesian axes

     q = (   -0.250000000   0.750000000   0.750000000 ) 

    1    1
  0.27290599  0.00000000   -0.00392008 -0.00687790   -0.00392008 -0.00687790
 -0.00392008  0.00687790    0.22047431  0.00000000    0.00090341  0.00000000
 -0.00392008  0.00687790    0.00090341  0.00000000    0.22047431  0.00000000
    1    2
 -0.04765148  0.08927662   -0.03658224  0.03535493   -0.03658224  0.03535493
 -0.03658224  0.03535493   -0.04887780  0.07027675   -0.03095050 -0.10746093
 -0.03658224  0.03535493   -0.03095050 -0.10746093   -0.04887780  0.07027675
    2    1
 -0.04765148 -0.08927662   -0.03658224 -0.03535493   -0.03658224 -0.03535493
 -0.03658224 -0.03535493   -0.04887780 -0.07027675   -0.03095050  0.10746093
 -0.03658224 -0.03535493   -0.03095050  0.10746093   -0.04887780 -0.07027675
    2    2
  0.27290599  0.00000000   -0.00392008  0.00687790   -0.00392008  0.00687790
 -0.00392008 -0.00687790    0.22047431  0.00000000    0.00090341  0.00000000
 -0.00392008 -0.00687790    0.00090341  0.00000000    0.22047431  0.00000000

     Dynamical  Matrix in cartesian axes

     q = (    0.250000000   0.750000000  -0.750000000 ) 

    1    1
  0.27290599  0.00000000    0.00392008  0.00687790   -0.00392008 -0.00687790
  0.00392008 -0.00687790    0.22047431  0.00000000   -0.00090341  0.00000000
 -0.00392008  0.00687790   -0.00090341  0.00000000    0.22047431  0.00000000
    1    2
 -0.08927662 -0.04765148    0.03535493  0.03658224   -0.03535493 -0.03658224
  0.03535493  0.03658224   -0.07027675 -0.04887780   -0.10746093  0.03095050
 -0.03535493 -0.03658224   -0.10746093  0.03095050   -0.07027675 -0.04887780
    2    1
 -0.08927662  0.04765148    0.03535493 -0.03658224   -0.03535493  0.03658224
  0.03535493 -0.03658224   -0.07027675  0.04887780   -0.10746093 -0.03095050
 -0.03535493  0.03658224   -0.10746093 -0.03095050   -0.07027675  0.04887780
    2    2
  0.27290599  0.00000000    0.00392008 -0.00687790   -0.00392008  0.00687790
  0.00392008  0.00687790    0.22047431  0.00000000   -0.00090341  0.00000000
 -0.00392008 -0.00687790   -0.00090341  0.00000000    0.22047431  0.00000000

     Dynamical  Matrix in cartesian axes

     q = (   -0.250000000  -0.750000000  -0.750000000 ) 

    1    1
  0.27290599  0.00000000    0.00392008  0.00687790    0.00392008  0.00687790
  0.00392008 -0.00687790    0.22047431  0.00000000    0.00090341  0.00000000
  0.00392008 -0.00687790    0.00090341  0.00000000    0.22047431  0.00000000
    1    2
  0.08927662  0.04765148   -0.03535493 -0.03658224   -0.03535493 -0.03658224
 -0.03535493 -0.03658224    0.07027675  0.04887780   -0.10746093  0.03095050
 -0.03535493 -0.03658224   -0.10746093  0.03095050    0.07027675  0.04887780
    2    1
  0.08927662 -0.04765148   -0.03535493  0.03658224   -0.03535493  0.03658224
 -0.03535493  0.03658224    0.07027675 -0.04887780   -0.10746093 -0.03095050
 -0.03535493  0.03658224   -0.10746093 -0.03095050    0.07027675 -0.04887780
    2    2
  0.27290599  0.00000000    0.00392008 -0.00687790    0.00392008 -0.00687790
  0.00392008  0.00687790    0.22047431  0.00000000    0.00090341  0.00000000
  0.00392008  0.00687790    0.00090341  0.00000000    0.22047431  0.00000000

     Dynamical  Matrix in cartesian axes

     q = (    0.750000000   0.750000000  -0.250000000 ) 

    1    1
  0.22047431  0.00000000    0.00090341  0.00000000   -0.00392008  0.00687790
  0.00090341  0.00000000    0.22047431  0.00000000   -0.00392008  0.00687790
 -0.00392008 -0.00687790   -0.00392008 -0.00687790    0.27290599  0.00000000
    1    2
 -0.04887780  0.07027675   -0.03095050 -0.10746093   -0.03658224  0.03535493
 -0.03095050 -0.10746093   -0.04887780  0.07027675   -0.03658224  0.03535493
 -0.03658224  0.03535493   -0.03658224  0.03535493   -0.04765148  0.08927662
    2    1
 -0.04887780 -0.07027675   -0.03095050  0.10746093   -0.03658224 -0.03535493
 -0.03095050  0.10746093   -0.04887780 -0.07027675   -0.03658224 -0.03535493
 -0.03658224 -0.03535493   -0.03658224 -0.03535493   -0.04765148 -0.08927662
    2    2
  0.22047431  0.00000000    0.00090341  0.00000000   -0.00392008 -0.00687790
  0.00090341  0.00000000    0.22047431  0.00000000   -0.00392008 -0.00687790
 -0.00392008  0.00687790   -0.00392008  0.00687790    0.27290599  0.00000000

     Dynamical  Matrix in cartesian axes

     q = (    0.750000000  -0.750000000   0.250000000 ) 

    1    1
  0.22047431  0.00000000   -0.00090341  0.00000000    0.00392008 -0.00687790
 -0.00090341  0.00000000    0.22047431  0.00000000   -0.00392008  0.00687790
  0.00392008  0.00687790   -0.00392008 -0.00687790    0.27290599  0.00000000
    1    2
 -0.07027675 -0.04887780   -0.10746093  0.03095050    0.03535493  0.03658224
 -0.10746093  0.03095050   -0.07027675 -0.04887780   -0.03535493 -0.03658224
  0.03535493  0.03658224   -0.03535493 -0.03658224   -0.08927662 -0.04765148
    2    1
 -0.07027675  0.04887780   -0.10746093 -0.03095050    0.03535493 -0.03658224
 -0.10746093 -0.03095050   -0.07027675  0.04887780   -0.03535493  0.03658224
  0.03535493 -0.03658224   -0.03535493  0.03658224   -0.08927662  0.04765148
    2    2
  0.22047431  0.00000000   -0.00090341  0.00000000    0.00392008  0.00687790
 -0.00090341  0.00000000    0.22047431  0.00000000   -0.00392008 -0.00687790
  0.00392008 -0.00687790   -0.00392008  0.00687790    0.27290599  0.00000000

     Dynamical  Matrix in cartesian axes

     q = (   -0.750000000  -0.750000000  -0.250000000 ) 

    1    1
  0.22047431  0.00000000    0.00090341  0.00000000    0.00392008 -0.00687790
  0.00090341  0.00000000    0.22047431  0.00000000    0.00392008 -0.00687790
  0.00392008  0.00687790    0.00392008  0.00687790    0.27290599  0.00000000
    1    2
  0.07027675  0.04887780   -0.10746093  0.03095050   -0.03535493 -0.03658224
 -0.10746093  0.03095050    0.07027675  0.04887780   -0.03535493 -0.03658224
 -0.03535493 -0.03658224   -0.03535493 -0.03658224    0.08927662  0.04765148
    2    1
  0.07027675 -0.04887780   -0.10746093 -0.03095050   -0.03535493  0.03658224
 -0.10746093 -0.03095050    0.07027675 -0.04887780   -0.03535493  0.03658224
 -0.03535493  0.03658224   -0.03535493  0.03658224    0.08927662 -0.04765148
    2    2
  0.22047431  0.00000000    0.00090341  0.00000000    0.00392008  0.00687790
  0.00090341  0.00000000    0.22047431  0.00000000    0.00392008  0.00687790
  0.00392008 -0.00687790    0.00392008 -0.00687790    0.27290599  0.00000000

     Dynamical  Matrix in cartesian axes

     q = (    0.250000000  -0.750000000   0.750000000 ) 

    1    1
  0.27290599  0.00000000   -0.00392008 -0.00687790    0.00392008  0.00687790
 -0.00392008  0.00687790    0.22047431  0.00000000   -0.00090341  0.00000000
  0.00392008 -0.00687790   -0.00090341  0.00000000    0.22047431  0.00000000
    1    2
 -0.08927662 -0.04765148   -0.03535493 -0.03658224    0.03535493  0.03658224
 -0.03535493 -0.03658224   -0.07027675 -0.04887780   -0.10746093  0.03095050
  0.03535493  0.03658224   -0.10746093  0.03095050   -0.07027675 -0.04887780
    2    1
 -0.08927662  0.04765148   -0.03535493  0.03658224    0.03535493 -0.03658224
 -0.03535493  0.03658224   -0.07027675  0.04887780   -0.10746093 -0.03095050
  0.03535493 -0.03658224   -0.10746093 -0.03095050   -0.07027675  0.04887780
    2    2
  0.27290599  0.00000000   -0.00392008  0.00687790    0.00392008 -0.00687790
 -0.00392008 -0.00687790    0.22047431  0.00000000   -0.00090341  0.00000000
  0.00392008  0.00687790   -0.00090341  0.00000000    0.22047431  0.00000000

     Dynamical  Matrix in cartesian axes

     q = (   -0.750000000  -0.750000000   0.250000000 ) 

    1    1
  0.22047431  0.00000000    0.00090341  0.00000000   -0.00392008 -0.00687790
  0.00090341  0.00000000    0.22047431  0.00000000   -0.00392008 -0.00687790
 -0.00392008  0.00687790   -0.00392008  0.00687790    0.27290599  0.00000000
    1    2
 -0.04887780 -0.07027675   -0.03095050  0.10746093   -0.03658224 -0.03535493
 -0.03095050  0.10746093   -0.04887780 -0.07027675   -0.03658224 -0.03535493
 -0.03658224 -0.03535493   -0.03658224 -0.03535493   -0.04765148 -0.08927662
    2    1
 -0.04887780  0.07027675   -0.03095050 -0.10746093   -0.03658224  0.03535493
 -0.03095050 -0.10746093   -0.04887780  0.07027675   -0.03658224  0.03535493
 -0.03658224  0.03535493   -0.03658224  0.03535493   -0.04765148  0.08927662
    2    2
  0.22047431  0.00000000    0.00090341  0.00000000   -0.00392008  0.00687790
  0.00090341  0.00000000    0.22047431  0.00000000   -0.00392008  0.00687790
 -0.00392008 -0.00687790   -0.00392008 -0.00687790    0.27290599  0.00000000

     Dynamical  Matrix in cartesian axes

     q = (    0.250000000   0.750000000   0.750000000 ) 

    1    1
  0.27290599  0.00000000    0.00392008 -0.00687790    0.00392008 -0.00687790
  0.00392008  0.00687790    0.22047431  0.00000000    0.00090341  0.00000000
  0.00392008  0.00687790    0.00090341  0.00000000    0.22047431  0.00000000
    1    2
  0.08927662 -0.04765148   -0.03535493  0.03658224   -0.03535493  0.03658224
 -0.03535493  0.03658224    0.07027675 -0.04887780   -0.10746093 -0.03095050
 -0.03535493  0.03658224   -0.10746093 -0.03095050    0.07027675 -0.04887780
    2    1
  0.08927662  0.04765148   -0.03535493 -0.03658224   -0.03535493 -0.03658224
 -0.03535493 -0.03658224    0.07027675  0.04887780   -0.10746093  0.03095050
 -0.03535493 -0.03658224   -0.10746093  0.03095050    0.07027675  0.04887780
    2    2
  0.27290599  0.00000000    0.00392008  0.00687790    0.00392008  0.00687790
  0.00392008 -0.00687790    0.22047431  0.00000000    0.00090341  0.00000000
  0.00392008 -0.00687790    0.00090341  0.00000000    0.22047431  0.00000000

     Dynamical  Matrix in cartesian axes

     q = (   -0.250000000  -0.750000000   0.750000000 ) 

    1    1
  0.27290599  0.00000000    0.00392008 -0.00687790   -0.00392008  0.00687790
  0.00392008  0.00687790    0.22047431  0.00000000   -0.00090341  0.00000000
 -0.00392008 -0.00687790   -0.00090341  0.00000000    0.22047431  0.00000000
    1    2
 -0.08927662  0.04765148    0.03535493 -0.03658224   -0.03535493  0.03658224
  0.03535493 -0.03658224   -0.07027675  0.04887780   -0.10746093 -0.03095050
 -0.03535493  0.03658224   -0.10746093 -0.03095050   -0.07027675  0.04887780
    2    1
 -0.08927662 -0.04765148    0.03535493  0.03658224   -0.03535493 -0.03658224
  0.03535493  0.03658224   -0.07027675 -0.04887780   -0.10746093  0.03095050
 -0.03535493 -0.03658224   -0.10746093  0.03095050   -0.07027675 -0.04887780
    2    2
  0.27290599  0.00000000    0.00392008  0.00687790   -0.00392008 -0.00687790
  0.00392008 -0.00687790    0.22047431  0.00000000   -0.00090341  0.00000000
 -0.00392008  0.00687790   -0.00090341  0.00000000    0.22047431  0.00000000

     Dynamical  Matrix in cartesian axes

     q = (    0.750000000   0.750000000   0.250000000 ) 

    1    1
  0.22047431  0.00000000    0.00090341  0.00000000    0.00392008  0.00687790
  0.00090341  0.00000000    0.22047431  0.00000000    0.00392008  0.00687790
  0.00392008 -0.00687790    0.00392008 -0.00687790    0.27290599  0.00000000
    1    2
  0.07027675 -0.04887780   -0.10746093 -0.03095050   -0.03535493  0.03658224
 -0.10746093 -0.03095050    0.07027675 -0.04887780   -0.03535493  0.03658224
 -0.03535493  0.03658224   -0.03535493  0.03658224    0.08927662 -0.04765148
    2    1
  0.07027675  0.04887780   -0.10746093  0.03095050   -0.03535493 -0.03658224
 -0.10746093  0.03095050    0.07027675  0.04887780   -0.03535493 -0.03658224
 -0.03535493 -0.03658224   -0.03535493 -0.03658224    0.08927662  0.04765148
    2    2
  0.22047431  0.00000000    0.00090341  0.00000000    0.00392008 -0.00687790
  0.00090341  0.00000000    0.22047431  0.00000000    0.00392008 -0.00687790
  0.00392008  0.00687790    0.00392008  0.00687790    0.27290599  0.00000000

     Dynamical  Matrix in cartesian axes

     q = (    0.250000000  -0.750000000  -0.750000000 ) 

    1    1
  0.27290599  0.00000000   -0.00392008  0.00687790   -0.00392008  0.00687790
 -0.00392008 -0.00687790    0.22047431  0.00000000    0.00090341  0.00000000
 -0.00392008 -0.00687790    0.00090341  0.00000000    0.22047431  0.00000000
    1    2
 -0.04765148 -0.08927662   -0.03658224 -0.03535493   -0.03658224 -0.03535493
 -0.03658224 -0.03535493   -0.04887780 -0.07027675   -0.03095050  0.10746093
 -0.03658224 -0.03535493   -0.03095050  0.10746093   -0.04887780 -0.07027675
    2    1
 -0.04765148  0.08927662   -0.03658224  0.03535493   -0.03658224  0.03535493
 -0.03658224  0.03535493   -0.04887780  0.07027675   -0.03095050 -0.10746093
 -0.03658224  0.03535493   -0.03095050 -0.10746093   -0.04887780  0.07027675
    2    2
  0.27290599  0.00000000   -0.00392008 -0.00687790   -0.00392008 -0.00687790
 -0.00392008  0.00687790    0.22047431  0.00000000    0.00090341  0.00000000
 -0.00392008  0.00687790    0.00090341  0.00000000    0.22047431  0.00000000

     Dynamical  Matrix in cartesian axes

     q = (    0.750000000  -0.750000000  -0.250000000 ) 

    1    1
  0.22047431  0.00000000   -0.00090341  0.00000000   -0.00392008 -0.00687790
 -0.00090341  0.00000000    0.22047431  0.00000000    0.00392008  0.00687790
 -0.00392008  0.00687790    0.00392008 -0.00687790    0.27290599  0.00000000
    1    2
 -0.07027675  0.04887780   -0.10746093 -0.03095050   -0.03535493  0.03658224
 -0.10746093 -0.03095050   -0.07027675  0.04887780    0.03535493 -0.03658224
 -0.03535493  0.03658224    0.03535493 -0.03658224   -0.08927662  0.04765148
    2    1
 -0.07027675 -0.04887780   -0.10746093  0.03095050   -0.03535493 -0.03658224
 -0.10746093  0.03095050   -0.07027675 -0.04887780    0.03535493  0.03658224
 -0.03535493 -0.03658224    0.03535493  0.03658224   -0.08927662 -0.04765148
    2    2
  0.22047431  0.00000000   -0.00090341  0.00000000   -0.00392008  0.00687790
 -0.00090341  0.00000000    0.22047431  0.00000000    0.00392008 -0.00687790
 -0.00392008 -0.00687790    0.00392008  0.00687790    0.27290599  0.00000000

     Diagonalizing the dynamical matrix

     q = (    0.750000000  -0.250000000   0.750000000 ) 

 **************************************************************************
     freq (    1) =       4.160000 [THz] =     138.762659 [cm-1]
 ( -0.050177  0.497476  0.000000  0.000000  0.050177 -0.497476 ) 
 ( -0.500000  0.000000 -0.000000  0.000000  0.500000  0.000000 ) 
     freq (    2) =       5.968853 [THz] =     199.099512 [cm-1]
 ( -0.390382 -0.067799 -0.377654  0.208298 -0.390382 -0.067799 ) 
 ( -0.396226  0.000000 -0.336442 -0.269847 -0.396226  0.000000 ) 
     freq (    3) =       9.188408 [THz] =     306.492284 [cm-1]
 ( -0.025657  0.347504 -0.420437 -0.283545 -0.025657  0.347504 ) 
 (  0.348450 -0.000000 -0.251818 -0.440173  0.348450  0.000000 ) 
     freq (    4) =      10.984676 [THz] =     366.409355 [cm-1]
 ( -0.193567 -0.331040  0.362879  0.272410 -0.193567 -0.331040 ) 
 (  0.383479  0.000000 -0.418329 -0.175754  0.383479  0.000000 ) 
     freq (    5) =      12.975417 [THz] =     432.813333 [cm-1]
 ( -0.050177  0.497476 -0.000000  0.000000  0.050177 -0.497476 ) 
 (  0.500000  0.000000  0.000000  0.000000 -0.500000  0.000000 ) 
     freq (    6) =      13.313318 [THz] =     444.084488 [cm-1]
 (  0.261939  0.076940  0.521204 -0.281573  0.261939  0.076940 ) 
 ( -0.273005 -0.000000 -0.420723 -0.417048 -0.273005  0.000000 ) 
 **************************************************************************
