Dynamical matrix file
                                                                           
  1    2  2 10.3590000  0.0000000  0.0000000  0.0000000  0.0000000  0.0000000
           1  'Si  '    25598.822984527003     
    1    1      0.0000000000      0.0000000000      0.0000000000
    2    1      0.2500000000      0.2500000000      0.2500000000

     Dynamical  Matrix in cartesian axes

     q = (   -0.250000000   0.250000000  -0.250000000 ) 

    1    1
  0.27865739  0.00000000   -0.01070933  0.00000000    0.01070933  0.00000000
 -0.01070933  0.00000000    0.27865739  0.00000000   -0.01070933  0.00000000
  0.01070933  0.00000000   -0.01070933  0.00000000    0.27865739  0.00000000
    1    2
 -0.20389074 -0.06018924   -0.03552893  0.03632685    0.03552893 -0.03632685
 -0.03552893  0.03632685   -0.20389074 -0.06018924   -0.03552893  0.03632685
  0.03552893 -0.03632685   -0.03552893  0.03632685   -0.20389074 -0.06018924
    2    1
 -0.20389074  0.06018924   -0.03552893 -0.03632685    0.03552893  0.03632685
 -0.03552893 -0.03632685   -0.20389074  0.06018924   -0.03552893 -0.03632685
  0.03552893  0.03632685   -0.03552893 -0.03632685   -0.20389074  0.06018924
    2    2
  0.27865739  0.00000000   -0.01070933  0.00000000    0.01070933  0.00000000
 -0.01070933  0.00000000    0.27865739  0.00000000   -0.01070933  0.00000000
  0.01070933  0.00000000   -0.01070933  0.00000000    0.27865739  0.00000000

     Dynamical  Matrix in cartesian axes

     q = (    0.250000000  -0.250000000  -0.250000000 ) 

    1    1
  0.27865739  0.00000000   -0.01070933  0.00000000   -0.01070933  0.00000000
 -0.01070933  0.00000000    0.27865739  0.00000000    0.01070933  0.00000000
 -0.01070933  0.00000000    0.01070933  0.00000000    0.27865739  0.00000000
    1    2
 -0.20389074 -0.06018924   -0.03552893  0.03632685   -0.03552893  0.03632685
 -0.03552893  0.03632685   -0.20389074 -0.06018924    0.03552893 -0.03632685
 -0.03552893  0.03632685    0.03552893 -0.03632685   -0.20389074 -0.06018924
    2    1
 -0.20389074  0.06018924   -0.03552893 -0.03632685   -0.03552893 -0.03632685
 -0.03552893 -0.03632685   -0.20389074  0.06018924    0.03552893  0.03632685
 -0.03552893 -0.03632685    0.03552893  0.03632685   -0.20389074  0.06018924
    2    2
  0.27865739  0.00000000   -0.01070933  0.00000000   -0.01070933  0.00000000
 -0.01070933  0.00000000    0.27865739  0.00000000    0.01070933  0.00000000
 -0.01070933  0.00000000    0.01070933  0.00000000    0.27865739  0.00000000

     Dynamical  Matrix in cartesian axes

     q = (    0.250000000  -0.250000000   0.250000000 ) 

    1    1
  0.27865739  0.00000000   -0.01070933  0.00000000    0.01070933  0.00000000
 -0.01070933  0.00000000    0.27865739  0.00000000   -0.01070933  0.00000000
  0.01070933  0.00000000   -0.01070933  0.00000000    0.27865739  0.00000000
    1    2
 -0.20389074  0.06018924   -0.03552893 -0.03632685    0.03552893  0.03632685
 -0.03552893 -0.03632685   -0.20389074  0.06018924   -0.03552893 -0.03632685
  0.03552893  0.03632685   -0.03552893 -0.03632685   -0.20389074  0.06018924
    2    1
 -0.20389074 -0.06018924   -0.03552893  0.03632685    0.03552893 -0.03632685
 -0.03552893  0.03632685   -0.20389074 -0.06018924   -0.03552893  0.03632685
  0.03552893 -0.03632685   -0.03552893  0.03632685   -0.20389074 -0.06018924
    2    2
  0.27865739  0.00000000   -0.01070933  0.00000000    0.01070933  0.00000000
 -0.01070933  0.00000000    0.27865739  0.00000000   -0.01070933  0.00000000
  0.01070933  0.00000000   -0.01070933  0.00000000    0.27865739  0.00000000

     Dynamical  Matrix in cartesian axes

     q = (    0.250000000   0.250000000   0.250000000 ) 

    1    1
  0.27865739  0.00000000    0.01070933  0.00000000    0.01070933  0.00000000
  0.01070933  0.00000000    0.27865739  0.00000000    0.01070933  0.00000000
  0.01070933  0.00000000    0.01070933  0.00000000    0.27865739  0.00000000
    1    2
 -0.06018924  0.20389074   -0.03632685 -0.03552893   -0.03632685 -0.03552893
 -0.03632685 -0.03552893   -0.06018924  0.20389074   -0.03632685 -0.03552893
 -0.03632685 -0.03552893   -0.03632685 -0.03552893   -0.06018924  0.20389074
    2    1
 -0.06018924 -0.20389074   -0.03632685  0.03552893   -0.03632685  0.03552893
 -0.03632685  0.03552893   -0.06018924 -0.20389074   -0.03632685  0.03552893
 -0.03632685  0.03552893   -0.03632685  0.03552893   -0.06018924 -0.20389074
    2    2
  0.27865739  0.00000000    0.01070933  0.00000000    0.01070933  0.00000000
  0.01070933  0.00000000    0.27865739  0.00000000    0.01070933  0.00000000
  0.01070933  0.00000000    0.01070933  0.00000000    0.27865739  0.00000000

     Dynamical  Matrix in cartesian axes

     q = (   -0.250000000  -0.250000000  -0.250000000 ) 

    1    1
  0.27865739  0.00000000    0.01070933  0.00000000    0.01070933  0.00000000
  0.01070933  0.00000000    0.27865739  0.00000000    0.01070933  0.00000000
  0.01070933  0.00000000    0.01070933  0.00000000    0.27865739  0.00000000
    1    2
 -0.06018924 -0.20389074   -0.03632685  0.03552893   -0.03632685  0.03552893
 -0.03632685  0.03552893   -0.06018924 -0.20389074   -0.03632685  0.03552893
 -0.03632685  0.03552893   -0.03632685  0.03552893   -0.06018924 -0.20389074
    2    1
 -0.06018924  0.20389074   -0.03632685 -0.03552893   -0.03632685 -0.03552893
 -0.03632685 -0.03552893   -0.06018924  0.20389074   -0.03632685 -0.03552893
 -0.03632685 -0.03552893   -0.03632685 -0.03552893   -0.06018924  0.20389074
    2    2
  0.27865739  0.00000000    0.01070933  0.00000000    0.01070933  0.00000000
  0.01070933  0.00000000    0.27865739  0.00000000    0.01070933  0.00000000
  0.01070933  0.00000000    0.01070933  0.00000000    0.27865739  0.00000000

     Dynamical  Matrix in cartesian axes

     q = (   -0.250000000  -0.250000000   0.250000000 ) 

    1    1
  0.27865739  0.00000000    0.01070933  0.00000000   -0.01070933  0.00000000
  0.01070933  0.00000000    0.27865739  0.00000000   -0.01070933  0.00000000
 -0.01070933  0.00000000   -0.01070933  0.00000000    0.27865739  0.00000000
    1    2
 -0.20389074 -0.06018924    0.03552893 -0.03632685   -0.03552893  0.03632685
  0.03552893 -0.03632685   -0.20389074 -0.06018924   -0.03552893  0.03632685
 -0.03552893  0.03632685   -0.03552893  0.03632685   -0.20389074 -0.06018924
    2    1
 -0.20389074  0.06018924    0.03552893  0.03632685   -0.03552893 -0.03632685
  0.03552893  0.03632685   -0.20389074  0.06018924   -0.03552893 -0.03632685
 -0.03552893 -0.03632685   -0.03552893 -0.03632685   -0.20389074  0.06018924
    2    2
  0.27865739  0.00000000    0.01070933  0.00000000   -0.01070933  0.00000000
  0.01070933  0.00000000    0.27865739  0.00000000   -0.01070933  0.00000000
 -0.01070933  0.00000000   -0.01070933  0.00000000    0.27865739  0.00000000

     Dynamical  Matrix in cartesian axes

     q = (   -0.250000000   0.250000000   0.250000000 ) 

    1    1
  0.27865739  0.00000000   -0.01070933  0.00000000   -0.01070933  0.00000000
 -0.01070933  0.00000000    0.27865739  0.00000000    0.01070933  0.00000000
 -0.01070933  0.00000000    0.01070933  0.00000000    0.27865739  0.00000000
    1    2
 -0.20389074  0.06018924   -0.03552893 -0.03632685   -0.03552893 -0.03632685
 -0.03552893 -0.03632685   -0.20389074  0.06018924    0.03552893  0.03632685
 -0.03552893 -0.03632685    0.03552893  0.03632685   -0.20389074  0.06018924
    2    1
 -0.20389074 -0.06018924   -0.03552893  0.03632685   -0.03552893  0.03632685
 -0.03552893  0.03632685   -0.20389074 -0.06018924    0.03552893 -0.03632685
 -0.03552893  0.03632685    0.03552893 -0.03632685   -0.20389074 -0.06018924
    2    2
  0.27865739  0.00000000   -0.01070933  0.00000000   -0.01070933  0.00000000
 -0.01070933  0.00000000    0.27865739  0.00000000    0.01070933  0.00000000
 -0.01070933  0.00000000    0.01070933  0.00000000    0.27865739  0.00000000

     Dynamical  Matrix in cartesian axes

     q = (    0.250000000   0.250000000  -0.250000000 ) 

    1    1
  0.27865739  0.00000000    0.01070933  0.00000000   -0.01070933  0.00000000
  0.01070933  0.00000000    0.27865739  0.00000000   -0.01070933  0.00000000
 -0.01070933  0.00000000   -0.01070933  0.00000000    0.27865739  0.00000000
    1    2
 -0.20389074  0.06018924    0.03552893  0.03632685   -0.03552893 -0.03632685
  0.03552893  0.03632685   -0.20389074  0.06018924   -0.03552893 -0.03632685
 -0.03552893 -0.03632685   -0.03552893 -0.03632685   -0.20389074  0.06018924
    2    1
 -0.20389074 -0.06018924    0.03552893 -0.03632685   -0.03552893  0.03632685
  0.03552893 -0.03632685   -0.20389074 -0.06018924   -0.03552893  0.03632685
 -0.03552893  0.03632685   -0.03552893  0.03632685   -0.20389074 -0.06018924
    2    2
  0.27865739  0.00000000    0.01070933  0.00000000   -0.01070933  0.00000000
  0.01070933  0.00000000    0.27865739  0.00000000   -0.01070933  0.00000000
 -0.01070933  0.00000000   -0.01070933  0.00000000    0.27865739  0.00000000

     Diagonalizing the dynamical matrix

     q = (   -0.250000000   0.250000000  -0.250000000 ) 

 **************************************************************************
     freq (    1) =       3.400020 [THz] =     113.412471 [cm-1]
 ( -0.229267 -0.013552  0.341360  0.043321  0.570627  0.056873 ) 
 ( -0.229481  0.009253  0.343973  0.009253  0.573454 -0.000000 ) 
     freq (    2) =       3.400020 [THz] =     113.412471 [cm-1]
 ( -0.513303 -0.130793 -0.446673 -0.124152  0.066630  0.006641 ) 
 ( -0.523743 -0.079241 -0.456783 -0.079241  0.066960  0.000000 ) 
     freq (    3) =       6.887954 [THz] =     229.757408 [cm-1]
 (  0.288664  0.288686 -0.288664 -0.288686  0.288664  0.288686 ) 
 (  0.408248  0.000000 -0.408248 -0.000000  0.408248  0.000000 ) 
     freq (    4) =      14.363061 [THz] =     479.100145 [cm-1]
 (  0.288664  0.288686 -0.288664 -0.288686  0.288664  0.288686 ) 
 ( -0.408248  0.000000  0.408248 -0.000000 -0.408248  0.000000 ) 
     freq (    5) =      14.663362 [THz] =     489.117105 [cm-1]
 (  0.573257  0.003053  0.236629 -0.030498 -0.336628 -0.033551 ) 
 ( -0.570733  0.053815 -0.232438  0.053815  0.338295 -0.000000 ) 
     freq (    6) =      14.663362 [THz] =     489.117105 [cm-1]
 (  0.060029 -0.033122  0.525579  0.013278  0.465550  0.046400 ) 
 ( -0.056449  0.038913 -0.524305  0.038913 -0.467856  0.000000 ) 
 **************************************************************************
