Dynamical matrix file
                                                                           
  1    2  2 10.3590000  0.0000000  0.0000000  0.0000000  0.0000000  0.0000000
           1  'Si  '    25598.822984527003     
    1    1      0.0000000000      0.0000000000      0.0000000000
    2    1      0.2500000000      0.2500000000      0.2500000000

     Dynamical  Matrix in cartesian axes

     q = (    0.750000000  -0.250000000   0.750000000 ) 

    1    1
  0.24119431  0.00000000   -0.00465723  0.00736352    0.00139277  0.00000000
 -0.00465723 -0.00736352    0.29664506  0.00000000   -0.00465723 -0.00736352
  0.00139277  0.00000000   -0.00465723  0.00736352    0.24119431  0.00000000
    1    2
 -0.05725978  0.06714135   -0.03531783  0.03935273   -0.04017959 -0.12786068
 -0.03531783  0.03935273   -0.05582223  0.08631431   -0.03531783  0.03935273
 -0.04017959 -0.12786068   -0.03531783  0.03935273   -0.05725978  0.06714135
    2    1
 -0.05725978 -0.06714135   -0.03531783 -0.03935273   -0.04017959  0.12786068
 -0.03531783 -0.03935273   -0.05582223 -0.08631431   -0.03531783 -0.03935273
 -0.04017959  0.12786068   -0.03531783 -0.03935273   -0.05725978 -0.06714135
    2    2
  0.24119431  0.00000000   -0.00465723 -0.00736352    0.00139277  0.00000000
 -0.00465723  0.00736352    0.29664506  0.00000000   -0.00465723  0.00736352
  0.00139277  0.00000000   -0.00465723 -0.00736352    0.24119431  0.00000000

     Dynamical  Matrix in cartesian axes

     q = (    0.750000000  -0.250000000  -0.750000000 ) 

    1    1
  0.24119431  0.00000000   -0.00465723 -0.00736352   -0.00139277  0.00000000
 -0.00465723  0.00736352    0.29664506  0.00000000    0.00465723 -0.00736352
 -0.00139277  0.00000000    0.00465723  0.00736352    0.24119431  0.00000000
    1    2
 -0.06714135  0.05725978   -0.03935273  0.03531783   -0.12786068 -0.04017959
 -0.03935273  0.03531783   -0.08631431  0.05582223    0.03935273 -0.03531783
 -0.12786068 -0.04017959    0.03935273 -0.03531783   -0.06714135  0.05725978
    2    1
 -0.06714135 -0.05725978   -0.03935273 -0.03531783   -0.12786068  0.04017959
 -0.03935273 -0.03531783   -0.08631431 -0.05582223    0.03935273  0.03531783
 -0.12786068  0.04017959    0.03935273  0.03531783   -0.06714135 -0.05725978
    2    2
  0.24119431  0.00000000   -0.00465723  0.00736352   -0.00139277  0.00000000
 -0.00465723 -0.00736352    0.29664506  0.00000000    0.00465723  0.00736352
 -0.00139277  0.00000000    0.00465723 -0.00736352    0.24119431  0.00000000

     Dynamical  Matrix in cartesian axes

     q = (   -0.750000000  -0.250000000  -0.750000000 ) 

    1    1
  0.24119431  0.00000000    0.00465723 -0.00736352    0.00139277  0.00000000
  0.00465723  0.00736352    0.29664506  0.00000000    0.00465723  0.00736352
  0.00139277  0.00000000    0.00465723 -0.00736352    0.24119431  0.00000000
    1    2
  0.06714135  0.05725978   -0.03935273 -0.03531783   -0.12786068  0.04017959
 -0.03935273 -0.03531783    0.08631431  0.05582223   -0.03935273 -0.03531783
 -0.12786068  0.04017959   -0.03935273 -0.03531783    0.06714135  0.05725978
    2    1
  0.06714135 -0.05725978   -0.03935273  0.03531783   -0.12786068 -0.04017959
 -0.03935273  0.03531783    0.08631431 -0.05582223   -0.03935273  0.03531783
 -0.12786068 -0.04017959   -0.03935273  0.03531783    0.06714135 -0.05725978
    2    2
  0.24119431  0.00000000    0.00465723  0.00736352    0.00139277  0.00000000
  0.00465723 -0.00736352    0.29664506  0.00000000    0.00465723 -0.00736352
  0.00139277  0.00000000    0.00465723  0.00736352    0.24119431  0.00000000

     Dynamical  Matrix in cartesian axes

     q = (   -0.750000000  -0.250000000   0.750000000 ) 

    1    1
  0.24119431  0.00000000    0.00465723  0.00736352   -0.00139277  0.00000000
  0.00465723 -0.00736352    0.29664506  0.00000000   -0.00465723  0.00736352
 -0.00139277  0.00000000   -0.00465723 -0.00736352    0.24119431  0.00000000
    1    2
 -0.06714135  0.05725978    0.03935273 -0.03531783   -0.12786068 -0.04017959
  0.03935273 -0.03531783   -0.08631431  0.05582223   -0.03935273  0.03531783
 -0.12786068 -0.04017959   -0.03935273  0.03531783   -0.06714135  0.05725978
    2    1
 -0.06714135 -0.05725978    0.03935273  0.03531783   -0.12786068  0.04017959
  0.03935273  0.03531783   -0.08631431 -0.05582223   -0.03935273 -0.03531783
 -0.12786068  0.04017959   -0.03935273 -0.03531783   -0.06714135 -0.05725978
    2    2
  0.24119431  0.00000000    0.00465723 -0.00736352   -0.00139277  0.00000000
  0.00465723  0.00736352    0.29664506  0.00000000   -0.00465723 -0.00736352
 -0.00139277  0.00000000   -0.00465723  0.00736352    0.24119431  0.00000000

     Dynamical  Matrix in cartesian axes

     q = (   -0.750000000   0.250000000  -0.750000000 ) 

    1    1
  0.24119431  0.00000000   -0.00465723 -0.00736352    0.00139277  0.00000000
 -0.00465723  0.00736352    0.29664506  0.00000000   -0.00465723  0.00736352
  0.00139277  0.00000000   -0.00465723 -0.00736352    0.24119431  0.00000000
    1    2
 -0.05725978 -0.06714135   -0.03531783 -0.03935273   -0.04017959  0.12786068
 -0.03531783 -0.03935273   -0.05582223 -0.08631431   -0.03531783 -0.03935273
 -0.04017959  0.12786068   -0.03531783 -0.03935273   -0.05725978 -0.06714135
    2    1
 -0.05725978  0.06714135   -0.03531783  0.03935273   -0.04017959 -0.12786068
 -0.03531783  0.03935273   -0.05582223  0.08631431   -0.03531783  0.03935273
 -0.04017959 -0.12786068   -0.03531783  0.03935273   -0.05725978  0.06714135
    2    2
  0.24119431  0.00000000   -0.00465723  0.00736352    0.00139277  0.00000000
 -0.00465723 -0.00736352    0.29664506  0.00000000   -0.00465723 -0.00736352
  0.00139277  0.00000000   -0.00465723  0.00736352    0.24119431  0.00000000

     Dynamical  Matrix in cartesian axes

     q = (   -0.250000000   0.750000000  -0.750000000 ) 

    1    1
  0.29664506  0.00000000   -0.00465723  0.00736352    0.00465723 -0.00736352
 -0.00465723 -0.00736352    0.24119431  0.00000000   -0.00139277  0.00000000
  0.00465723  0.00736352   -0.00139277  0.00000000    0.24119431  0.00000000
    1    2
 -0.08631431  0.05582223   -0.03935273  0.03531783    0.03935273 -0.03531783
 -0.03935273  0.03531783   -0.06714135  0.05725978   -0.12786068 -0.04017959
  0.03935273 -0.03531783   -0.12786068 -0.04017959   -0.06714135  0.05725978
    2    1
 -0.08631431 -0.05582223   -0.03935273 -0.03531783    0.03935273  0.03531783
 -0.03935273 -0.03531783   -0.06714135 -0.05725978   -0.12786068  0.04017959
  0.03935273  0.03531783   -0.12786068  0.04017959   -0.06714135 -0.05725978
    2    2
  0.29664506  0.00000000   -0.00465723 -0.00736352    0.00465723  0.00736352
 -0.00465723  0.00736352    0.24119431  0.00000000   -0.00139277  0.00000000
  0.00465723 -0.00736352   -0.00139277  0.00000000    0.24119431  0.00000000

     Dynamical  Matrix in cartesian axes

     q = (   -0.750000000   0.750000000  -0.250000000 ) 

    1    1
  0.24119431  0.00000000   -0.00139277  0.00000000    0.00465723  0.00736352
 -0.00139277  0.00000000    0.24119431  0.00000000   -0.00465723 -0.00736352
  0.00465723 -0.00736352   -0.00465723  0.00736352    0.29664506  0.00000000
    1    2
 -0.06714135  0.05725978   -0.12786068 -0.04017959    0.03935273 -0.03531783
 -0.12786068 -0.04017959   -0.06714135  0.05725978   -0.03935273  0.03531783
  0.03935273 -0.03531783   -0.03935273  0.03531783   -0.08631431  0.05582223
    2    1
 -0.06714135 -0.05725978   -0.12786068  0.04017959    0.03935273  0.03531783
 -0.12786068  0.04017959   -0.06714135 -0.05725978   -0.03935273 -0.03531783
  0.03935273  0.03531783   -0.03935273 -0.03531783   -0.08631431 -0.05582223
    2    2
  0.24119431  0.00000000   -0.00139277  0.00000000    0.00465723 -0.00736352
 -0.00139277  0.00000000    0.24119431  0.00000000   -0.00465723  0.00736352
  0.00465723  0.00736352   -0.00465723 -0.00736352    0.29664506  0.00000000

     Dynamical  Matrix in cartesian axes

     q = (    0.750000000   0.250000000   0.750000000 ) 

    1    1
  0.24119431  0.00000000    0.00465723  0.00736352    0.00139277  0.00000000
  0.00465723 -0.00736352    0.29664506  0.00000000    0.00465723 -0.00736352
  0.00139277  0.00000000    0.00465723  0.00736352    0.24119431  0.00000000
    1    2
  0.06714135 -0.05725978   -0.03935273  0.03531783   -0.12786068 -0.04017959
 -0.03935273  0.03531783    0.08631431 -0.05582223   -0.03935273  0.03531783
 -0.12786068 -0.04017959   -0.03935273  0.03531783    0.06714135 -0.05725978
    2    1
  0.06714135  0.05725978   -0.03935273 -0.03531783   -0.12786068  0.04017959
 -0.03935273 -0.03531783    0.08631431  0.05582223   -0.03935273 -0.03531783
 -0.12786068  0.04017959   -0.03935273 -0.03531783    0.06714135  0.05725978
    2    2
  0.24119431  0.00000000    0.00465723 -0.00736352    0.00139277  0.00000000
  0.00465723  0.00736352    0.29664506  0.00000000    0.00465723  0.00736352
  0.00139277  0.00000000    0.00465723 -0.00736352    0.24119431  0.00000000

     Dynamical  Matrix in cartesian axes

     q = (   -0.750000000   0.250000000   0.750000000 ) 

    1    1
  0.24119431  0.00000000   -0.00465723  0.00736352   -0.00139277  0.00000000
 -0.00465723 -0.00736352    0.29664506  0.00000000    0.00465723  0.00736352
 -0.00139277  0.00000000    0.00465723 -0.00736352    0.24119431  0.00000000
    1    2
 -0.06714135 -0.05725978   -0.03935273 -0.03531783   -0.12786068  0.04017959
 -0.03935273 -0.03531783   -0.08631431 -0.05582223    0.03935273  0.03531783
 -0.12786068  0.04017959    0.03935273  0.03531783   -0.06714135 -0.05725978
    2    1
 -0.06714135  0.05725978   -0.03935273  0.03531783   -0.12786068 -0.04017959
 -0.03935273  0.03531783   -0.08631431  0.05582223    0.03935273 -0.03531783
 -0.12786068 -0.04017959    0.03935273 -0.03531783   -0.06714135  0.05725978
    2    2
  0.24119431  0.00000000   -0.00465723 -0.00736352   -0.00139277  0.00000000
 -0.00465723  0.00736352    0.29664506  0.00000000    0.00465723 -0.00736352
 -0.00139277  0.00000000    0.00465723  0.00736352    0.24119431  0.00000000

     Dynamical  Matrix in cartesian axes

     q = (    0.750000000   0.250000000  -0.750000000 ) 

    1    1
  0.24119431  0.00000000    0.00465723 -0.00736352   -0.00139277  0.00000000
  0.00465723  0.00736352    0.29664506  0.00000000   -0.00465723 -0.00736352
 -0.00139277  0.00000000   -0.00465723  0.00736352    0.24119431  0.00000000
    1    2
 -0.06714135 -0.05725978    0.03935273  0.03531783   -0.12786068  0.04017959
  0.03935273  0.03531783   -0.08631431 -0.05582223   -0.03935273 -0.03531783
 -0.12786068  0.04017959   -0.03935273 -0.03531783   -0.06714135 -0.05725978
    2    1
 -0.06714135  0.05725978    0.03935273 -0.03531783   -0.12786068 -0.04017959
  0.03935273 -0.03531783   -0.08631431  0.05582223   -0.03935273  0.03531783
 -0.12786068 -0.04017959   -0.03935273  0.03531783   -0.06714135  0.05725978
    2    2
  0.24119431  0.00000000    0.00465723  0.00736352   -0.00139277  0.00000000
  0.00465723 -0.00736352    0.29664506  0.00000000   -0.00465723  0.00736352
 -0.00139277  0.00000000   -0.00465723 -0.00736352    0.24119431  0.00000000

     Dynamical  Matrix in cartesian axes

     q = (   -0.750000000   0.750000000   0.250000000 ) 

    1    1
  0.24119431  0.00000000   -0.00139277  0.00000000   -0.00465723  0.00736352
 -0.00139277  0.00000000    0.24119431  0.00000000    0.00465723 -0.00736352
 -0.00465723 -0.00736352    0.00465723  0.00736352    0.29664506  0.00000000
    1    2
 -0.06714135 -0.05725978   -0.12786068  0.04017959   -0.03935273 -0.03531783
 -0.12786068  0.04017959   -0.06714135 -0.05725978    0.03935273  0.03531783
 -0.03935273 -0.03531783    0.03935273  0.03531783   -0.08631431 -0.05582223
    2    1
 -0.06714135  0.05725978   -0.12786068 -0.04017959   -0.03935273  0.03531783
 -0.12786068 -0.04017959   -0.06714135  0.05725978    0.03935273 -0.03531783
 -0.03935273  0.03531783    0.03935273 -0.03531783   -0.08631431  0.05582223
    2    2
  0.24119431  0.00000000   -0.00139277  0.00000000   -0.00465723 -0.00736352
 -0.00139277  0.00000000    0.24119431  0.00000000    0.00465723  0.00736352
 -0.00465723  0.00736352    0.00465723 -0.00736352    0.29664506  0.00000000

     Dynamical  Matrix in cartesian axes

     q = (   -0.250000000   0.750000000   0.750000000 ) 

    1    1
  0.29664506  0.00000000   -0.00465723 -0.00736352   -0.00465723 -0.00736352
 -0.00465723  0.00736352    0.24119431  0.00000000    0.00139277  0.00000000
 -0.00465723  0.00736352    0.00139277  0.00000000    0.24119431  0.00000000
    1    2
 -0.05582223  0.08631431   -0.03531783  0.03935273   -0.03531783  0.03935273
 -0.03531783  0.03935273   -0.05725978  0.06714135   -0.04017959 -0.12786068
 -0.03531783  0.03935273   -0.04017959 -0.12786068   -0.05725978  0.06714135
    2    1
 -0.05582223 -0.08631431   -0.03531783 -0.03935273   -0.03531783 -0.03935273
 -0.03531783 -0.03935273   -0.05725978 -0.06714135   -0.04017959  0.12786068
 -0.03531783 -0.03935273   -0.04017959  0.12786068   -0.05725978 -0.06714135
    2    2
  0.29664506  0.00000000   -0.00465723  0.00736352   -0.00465723  0.00736352
 -0.00465723 -0.00736352    0.24119431  0.00000000    0.00139277  0.00000000
 -0.00465723 -0.00736352    0.00139277  0.00000000    0.24119431  0.00000000

     Dynamical  Matrix in cartesian axes

     q = (    0.250000000   0.750000000  -0.750000000 ) 

    1    1
  0.29664506  0.00000000    0.00465723  0.00736352   -0.00465723 -0.00736352
  0.00465723 -0.00736352    0.24119431  0.00000000   -0.00139277  0.00000000
 -0.00465723  0.00736352   -0.00139277  0.00000000    0.24119431  0.00000000
    1    2
 -0.08631431 -0.05582223    0.03935273  0.03531783   -0.03935273 -0.03531783
  0.03935273  0.03531783   -0.06714135 -0.05725978   -0.12786068  0.04017959
 -0.03935273 -0.03531783   -0.12786068  0.04017959   -0.06714135 -0.05725978
    2    1
 -0.08631431  0.05582223    0.03935273 -0.03531783   -0.03935273  0.03531783
  0.03935273 -0.03531783   -0.06714135  0.05725978   -0.12786068 -0.04017959
 -0.03935273  0.03531783   -0.12786068 -0.04017959   -0.06714135  0.05725978
    2    2
  0.29664506  0.00000000    0.00465723 -0.00736352   -0.00465723  0.00736352
  0.00465723  0.00736352    0.24119431  0.00000000   -0.00139277  0.00000000
 -0.00465723 -0.00736352   -0.00139277  0.00000000    0.24119431  0.00000000

     Dynamical  Matrix in cartesian axes

     q = (   -0.250000000  -0.750000000  -0.750000000 ) 

    1    1
  0.29664506  0.00000000    0.00465723  0.00736352    0.00465723  0.00736352
  0.00465723 -0.00736352    0.24119431  0.00000000    0.00139277  0.00000000
  0.00465723 -0.00736352    0.00139277  0.00000000    0.24119431  0.00000000
    1    2
  0.08631431  0.05582223   -0.03935273 -0.03531783   -0.03935273 -0.03531783
 -0.03935273 -0.03531783    0.06714135  0.05725978   -0.12786068  0.04017959
 -0.03935273 -0.03531783   -0.12786068  0.04017959    0.06714135  0.05725978
    2    1
  0.08631431 -0.05582223   -0.03935273  0.03531783   -0.03935273  0.03531783
 -0.03935273  0.03531783    0.06714135 -0.05725978   -0.12786068 -0.04017959
 -0.03935273  0.03531783   -0.12786068 -0.04017959    0.06714135 -0.05725978
    2    2
  0.29664506  0.00000000    0.00465723 -0.00736352    0.00465723 -0.00736352
  0.00465723  0.00736352    0.24119431  0.00000000    0.00139277  0.00000000
  0.00465723  0.00736352    0.00139277  0.00000000    0.24119431  0.00000000

     Dynamical  Matrix in cartesian axes

     q = (    0.750000000   0.750000000  -0.250000000 ) 

    1    1
  0.24119431  0.00000000    0.00139277  0.00000000   -0.00465723  0.00736352
  0.00139277  0.00000000    0.24119431  0.00000000   -0.00465723  0.00736352
 -0.00465723 -0.00736352   -0.00465723 -0.00736352    0.29664506  0.00000000
    1    2
 -0.05725978  0.06714135   -0.04017959 -0.12786068   -0.03531783  0.03935273
 -0.04017959 -0.12786068   -0.05725978  0.06714135   -0.03531783  0.03935273
 -0.03531783  0.03935273   -0.03531783  0.03935273   -0.05582223  0.08631431
    2    1
 -0.05725978 -0.06714135   -0.04017959  0.12786068   -0.03531783 -0.03935273
 -0.04017959  0.12786068   -0.05725978 -0.06714135   -0.03531783 -0.03935273
 -0.03531783 -0.03935273   -0.03531783 -0.03935273   -0.05582223 -0.08631431
    2    2
  0.24119431  0.00000000    0.00139277  0.00000000   -0.00465723 -0.00736352
  0.00139277  0.00000000    0.24119431  0.00000000   -0.00465723 -0.00736352
 -0.00465723  0.00736352   -0.00465723  0.00736352    0.29664506  0.00000000

     Dynamical  Matrix in cartesian axes

     q = (    0.750000000  -0.750000000   0.250000000 ) 

    1    1
  0.24119431  0.00000000   -0.00139277  0.00000000    0.00465723 -0.00736352
 -0.00139277  0.00000000    0.24119431  0.00000000   -0.00465723  0.00736352
  0.00465723  0.00736352   -0.00465723 -0.00736352    0.29664506  0.00000000
    1    2
 -0.06714135 -0.05725978   -0.12786068  0.04017959    0.03935273  0.03531783
 -0.12786068  0.04017959   -0.06714135 -0.05725978   -0.03935273 -0.03531783
  0.03935273  0.03531783   -0.03935273 -0.03531783   -0.08631431 -0.05582223
    2    1
 -0.06714135  0.05725978   -0.12786068 -0.04017959    0.03935273 -0.03531783
 -0.12786068 -0.04017959   -0.06714135  0.05725978   -0.03935273  0.03531783
  0.03935273 -0.03531783   -0.03935273  0.03531783   -0.08631431  0.05582223
    2    2
  0.24119431  0.00000000   -0.00139277  0.00000000    0.00465723  0.00736352
 -0.00139277  0.00000000    0.24119431  0.00000000   -0.00465723 -0.00736352
  0.00465723 -0.00736352   -0.00465723  0.00736352    0.29664506  0.00000000

     Dynamical  Matrix in cartesian axes

     q = (   -0.750000000  -0.750000000  -0.250000000 ) 

    1    1
  0.24119431  0.00000000    0.00139277  0.00000000    0.00465723 -0.00736352
  0.00139277  0.00000000    0.24119431  0.00000000    0.00465723 -0.00736352
  0.00465723  0.00736352    0.00465723  0.00736352    0.29664506  0.00000000
    1    2
  0.06714135  0.05725978   -0.12786068  0.04017959   -0.03935273 -0.03531783
 -0.12786068  0.04017959    0.06714135  0.05725978   -0.03935273 -0.03531783
 -0.03935273 -0.03531783   -0.03935273 -0.03531783    0.08631431  0.05582223
    2    1
  0.06714135 -0.05725978   -0.12786068 -0.04017959   -0.03935273  0.03531783
 -0.12786068 -0.04017959    0.06714135 -0.05725978   -0.03935273  0.03531783
 -0.03935273  0.03531783   -0.03935273  0.03531783    0.08631431 -0.05582223
    2    2
  0.24119431  0.00000000    0.00139277  0.00000000    0.00465723  0.00736352
  0.00139277  0.00000000    0.24119431  0.00000000    0.00465723  0.00736352
  0.00465723 -0.00736352    0.00465723 -0.00736352    0.29664506  0.00000000

     Dynamical  Matrix in cartesian axes

     q = (    0.250000000  -0.750000000   0.750000000 ) 

    1    1
  0.29664506  0.00000000   -0.00465723 -0.00736352    0.00465723  0.00736352
 -0.00465723  0.00736352    0.24119431  0.00000000   -0.00139277  0.00000000
  0.00465723 -0.00736352   -0.00139277  0.00000000    0.24119431  0.00000000
    1    2
 -0.08631431 -0.05582223   -0.03935273 -0.03531783    0.03935273  0.03531783
 -0.03935273 -0.03531783   -0.06714135 -0.05725978   -0.12786068  0.04017959
  0.03935273  0.03531783   -0.12786068  0.04017959   -0.06714135 -0.05725978
    2    1
 -0.08631431  0.05582223   -0.03935273  0.03531783    0.03935273 -0.03531783
 -0.03935273  0.03531783   -0.06714135  0.05725978   -0.12786068 -0.04017959
  0.03935273 -0.03531783   -0.12786068 -0.04017959   -0.06714135  0.05725978
    2    2
  0.29664506  0.00000000   -0.00465723  0.00736352    0.00465723 -0.00736352
 -0.00465723 -0.00736352    0.24119431  0.00000000   -0.00139277  0.00000000
  0.00465723  0.00736352   -0.00139277  0.00000000    0.24119431  0.00000000

     Dynamical  Matrix in cartesian axes

     q = (   -0.750000000  -0.750000000   0.250000000 ) 

    1    1
  0.24119431  0.00000000    0.00139277  0.00000000   -0.00465723 -0.00736352
  0.00139277  0.00000000    0.24119431  0.00000000   -0.00465723 -0.00736352
 -0.00465723  0.00736352   -0.00465723  0.00736352    0.29664506  0.00000000
    1    2
 -0.05725978 -0.06714135   -0.04017959  0.12786068   -0.03531783 -0.03935273
 -0.04017959  0.12786068   -0.05725978 -0.06714135   -0.03531783 -0.03935273
 -0.03531783 -0.03935273   -0.03531783 -0.03935273   -0.05582223 -0.08631431
    2    1
 -0.05725978  0.06714135   -0.04017959 -0.12786068   -0.03531783  0.03935273
 -0.04017959 -0.12786068   -0.05725978  0.06714135   -0.03531783  0.03935273
 -0.03531783  0.03935273   -0.03531783  0.03935273   -0.05582223  0.08631431
    2    2
  0.24119431  0.00000000    0.00139277  0.00000000   -0.00465723  0.00736352
  0.00139277  0.00000000    0.24119431  0.00000000   -0.00465723  0.00736352
 -0.00465723 -0.00736352   -0.00465723 -0.00736352    0.29664506  0.00000000

     Dynamical  Matrix in cartesian axes

     q = (    0.250000000   0.750000000   0.750000000 ) 

    1    1
  0.29664506  0.00000000    0.00465723 -0.00736352    0.00465723 -0.00736352
  0.00465723  0.00736352    0.24119431  0.00000000    0.00139277  0.00000000
  0.00465723  0.00736352    0.00139277  0.00000000    0.24119431  0.00000000
    1    2
  0.08631431 -0.05582223   -0.03935273  0.03531783   -0.03935273  0.03531783
 -0.03935273  0.03531783    0.06714135 -0.05725978   -0.12786068 -0.04017959
 -0.03935273  0.03531783   -0.12786068 -0.04017959    0.06714135 -0.05725978
    2    1
  0.08631431  0.05582223   -0.03935273 -0.03531783   -0.03935273 -0.03531783
 -0.03935273 -0.03531783    0.06714135  0.05725978   -0.12786068  0.04017959
 -0.03935273 -0.03531783   -0.12786068  0.04017959    0.06714135  0.05725978
    2    2
  0.29664506  0.00000000    0.00465723  0.00736352    0.00465723  0.00736352
  0.00465723 -0.00736352    0.24119431  0.00000000    0.00139277  0.00000000
  0.00465723 -0.00736352    0.00139277  0.00000000    0.24119431  0.00000000

     Dynamical  Matrix in cartesian axes

     q = (   -0.250000000  -0.750000000   0.750000000 ) 

    1    1
  0.29664506  0.00000000    0.00465723 -0.00736352   -0.00465723  0.00736352
  0.00465723  0.00736352    0.24119431  0.00000000   -0.00139277  0.00000000
 -0.00465723 -0.00736352   -0.00139277  0.00000000    0.24119431  0.00000000
    1    2
 -0.08631431  0.05582223    0.03935273 -0.03531783   -0.03935273  0.03531783
  0.03935273 -0.03531783   -0.06714135  0.05725978   -0.12786068 -0.04017959
 -0.03935273  0.03531783   -0.12786068 -0.04017959   -0.06714135  0.05725978
    2    1
 -0.08631431 -0.05582223    0.03935273  0.03531783   -0.03935273 -0.03531783
  0.03935273  0.03531783   -0.06714135 -0.05725978   -0.12786068  0.04017959
 -0.03935273 -0.03531783   -0.12786068  0.04017959   -0.06714135 -0.05725978
    2    2
  0.29664506  0.00000000    0.00465723  0.00736352   -0.00465723 -0.00736352
  0.00465723 -0.00736352    0.24119431  0.00000000   -0.00139277  0.00000000
 -0.00465723  0.00736352   -0.00139277  0.00000000    0.24119431  0.00000000

     Dynamical  Matrix in cartesian axes

     q = (    0.750000000   0.750000000   0.250000000 ) 

    1    1
  0.24119431  0.00000000    0.00139277  0.00000000    0.00465723  0.00736352
  0.00139277  0.00000000    0.24119431  0.00000000    0.00465723  0.00736352
  0.00465723 -0.00736352    0.00465723 -0.00736352    0.29664506  0.00000000
    1    2
  0.06714135 -0.05725978   -0.12786068 -0.04017959   -0.03935273  0.03531783
 -0.12786068 -0.04017959    0.06714135 -0.05725978   -0.03935273  0.03531783
 -0.03935273  0.03531783   -0.03935273  0.03531783    0.08631431 -0.05582223
    2    1
  0.06714135  0.05725978   -0.12786068  0.04017959   -0.03935273 -0.03531783
 -0.12786068  0.04017959    0.06714135  0.05725978   -0.03935273 -0.03531783
 -0.03935273 -0.03531783   -0.03935273 -0.03531783    0.08631431  0.05582223
    2    2
  0.24119431  0.00000000    0.00139277  0.00000000    0.00465723 -0.00736352
  0.00139277  0.00000000    0.24119431  0.00000000    0.00465723 -0.00736352
  0.00465723  0.00736352    0.00465723  0.00736352    0.29664506  0.00000000

     Dynamical  Matrix in cartesian axes

     q = (    0.250000000  -0.750000000  -0.750000000 ) 

    1    1
  0.29664506  0.00000000   -0.00465723  0.00736352   -0.00465723  0.00736352
 -0.00465723 -0.00736352    0.24119431  0.00000000    0.00139277  0.00000000
 -0.00465723 -0.00736352    0.00139277  0.00000000    0.24119431  0.00000000
    1    2
 -0.05582223 -0.08631431   -0.03531783 -0.03935273   -0.03531783 -0.03935273
 -0.03531783 -0.03935273   -0.05725978 -0.06714135   -0.04017959  0.12786068
 -0.03531783 -0.03935273   -0.04017959  0.12786068   -0.05725978 -0.06714135
    2    1
 -0.05582223  0.08631431   -0.03531783  0.03935273   -0.03531783  0.03935273
 -0.03531783  0.03935273   -0.05725978  0.06714135   -0.04017959 -0.12786068
 -0.03531783  0.03935273   -0.04017959 -0.12786068   -0.05725978  0.06714135
    2    2
  0.29664506  0.00000000   -0.00465723 -0.00736352   -0.00465723 -0.00736352
 -0.00465723  0.00736352    0.24119431  0.00000000    0.00139277  0.00000000
 -0.00465723  0.00736352    0.00139277  0.00000000    0.24119431  0.00000000

     Dynamical  Matrix in cartesian axes

     q = (    0.750000000  -0.750000000  -0.250000000 ) 

    1    1
  0.24119431  0.00000000   -0.00139277  0.00000000   -0.00465723 -0.00736352
 -0.00139277  0.00000000    0.24119431  0.00000000    0.00465723  0.00736352
 -0.00465723  0.00736352    0.00465723 -0.00736352    0.29664506  0.00000000
    1    2
 -0.06714135  0.05725978   -0.12786068 -0.04017959   -0.03935273  0.03531783
 -0.12786068 -0.04017959   -0.06714135  0.05725978    0.03935273 -0.03531783
 -0.03935273  0.03531783    0.03935273 -0.03531783   -0.08631431  0.05582223
    2    1
 -0.06714135 -0.05725978   -0.12786068  0.04017959   -0.03935273 -0.03531783
 -0.12786068  0.04017959   -0.06714135 -0.05725978    0.03935273  0.03531783
 -0.03935273 -0.03531783    0.03935273  0.03531783   -0.08631431 -0.05582223
    2    2
  0.24119431  0.00000000   -0.00139277  0.00000000   -0.00465723  0.00736352
 -0.00139277  0.00000000    0.24119431  0.00000000    0.00465723 -0.00736352
 -0.00465723 -0.00736352    0.00465723  0.00736352    0.29664506  0.00000000

     Diagonalizing the dynamical matrix

     q = (    0.750000000  -0.250000000   0.750000000 ) 

 **************************************************************************
     freq (    1) =       4.315711 [THz] =     143.956631 [cm-1]
 ( -0.043628  0.498093 -0.000000 -0.000000  0.043628 -0.498093 ) 
 ( -0.500000 -0.000000 -0.000000 -0.000000  0.500000  0.000000 ) 
     freq (    2) =       6.148654 [THz] =     205.097006 [cm-1]
 ( -0.401050 -0.142144 -0.333479  0.163401 -0.401050 -0.142144 ) 
 ( -0.425495 -0.000000 -0.259734 -0.265418 -0.425495  0.000000 ) 
     freq (    3) =       9.316733 [THz] =     310.772757 [cm-1]
 ( -0.075591  0.296947 -0.439603 -0.344913 -0.075591  0.296947 ) 
 (  0.306418 -0.000000 -0.225806 -0.511105  0.306418  0.000000 ) 
     freq (    4) =      11.868437 [THz] =     395.888441 [cm-1]
 ( -0.169017 -0.322683  0.400056  0.273080 -0.169017 -0.322683 ) 
 (  0.364268  0.000000 -0.427528 -0.227678  0.364268  0.000000 ) 
     freq (    5) =      13.570134 [THz] =     452.650941 [cm-1]
 ( -0.043628  0.498093 -0.000000  0.000000  0.043628 -0.498093 ) 
 (  0.500000 -0.000000  0.000000  0.000000 -0.500000  0.000000 ) 
     freq (    6) =      13.802257 [THz] =     460.393746 [cm-1]
 (  0.282682  0.111634  0.503145 -0.249204  0.282682  0.111634 ) 
 ( -0.303926  0.000000 -0.376442 -0.416593 -0.303926  0.000000 ) 
 **************************************************************************
