Dynamical matrix file
                                                                           
  1    2  2 10.2900000  0.0000000  0.0000000  0.0000000  0.0000000  0.0000000
           1  'Si  '    25598.822984527003     
    1    1      0.0000000000      0.0000000000      0.0000000000
    2    1      0.2500000000      0.2500000000      0.2500000000

     Dynamical  Matrix in cartesian axes

     q = (    0.750000000  -0.250000000   0.750000000 ) 

    1    1
  0.24058550  0.00000000   -0.00499332  0.00754778    0.00210800  0.00000000
 -0.00499332 -0.00754778    0.29702216  0.00000000   -0.00499332 -0.00754778
  0.00210800  0.00000000   -0.00499332  0.00754778    0.24058550  0.00000000
    1    2
 -0.06515491  0.05715350   -0.03868834  0.04298672   -0.04379248 -0.13905902
 -0.03868834  0.04298672   -0.06384162  0.07607272   -0.03868834  0.04298672
 -0.04379248 -0.13905902   -0.03868834  0.04298672   -0.06515491  0.05715350
    2    1
 -0.06515491 -0.05715350   -0.03868834 -0.04298672   -0.04379248  0.13905902
 -0.03868834 -0.04298672   -0.06384162 -0.07607272   -0.03868834 -0.04298672
 -0.04379248  0.13905902   -0.03868834 -0.04298672   -0.06515491 -0.05715350
    2    2
  0.24058550  0.00000000   -0.00499332 -0.00754778    0.00210800  0.00000000
 -0.00499332  0.00754778    0.29702216  0.00000000   -0.00499332  0.00754778
  0.00210800  0.00000000   -0.00499332 -0.00754778    0.24058550  0.00000000

     Dynamical  Matrix in cartesian axes

     q = (    0.750000000  -0.250000000  -0.750000000 ) 

    1    1
  0.24058550  0.00000000   -0.00499332 -0.00754778   -0.00210800  0.00000000
 -0.00499332  0.00754778    0.29702216  0.00000000    0.00499332 -0.00754778
 -0.00210800  0.00000000    0.00499332  0.00754778    0.24058550  0.00000000
    1    2
 -0.05715350  0.06515491   -0.04298672  0.03868834   -0.13905902 -0.04379248
 -0.04298672  0.03868834   -0.07607272  0.06384162    0.04298672 -0.03868834
 -0.13905902 -0.04379248    0.04298672 -0.03868834   -0.05715350  0.06515491
    2    1
 -0.05715350 -0.06515491   -0.04298672 -0.03868834   -0.13905902  0.04379248
 -0.04298672 -0.03868834   -0.07607272 -0.06384162    0.04298672  0.03868834
 -0.13905902  0.04379248    0.04298672  0.03868834   -0.05715350 -0.06515491
    2    2
  0.24058550  0.00000000   -0.00499332  0.00754778   -0.00210800  0.00000000
 -0.00499332 -0.00754778    0.29702216  0.00000000    0.00499332  0.00754778
 -0.00210800  0.00000000    0.00499332 -0.00754778    0.24058550  0.00000000

     Dynamical  Matrix in cartesian axes

     q = (   -0.750000000  -0.250000000  -0.750000000 ) 

    1    1
  0.24058550  0.00000000    0.00499332 -0.00754778    0.00210800  0.00000000
  0.00499332  0.00754778    0.29702216  0.00000000    0.00499332  0.00754778
  0.00210800  0.00000000    0.00499332 -0.00754778    0.24058550  0.00000000
    1    2
  0.05715350  0.06515491   -0.04298672 -0.03868834   -0.13905902  0.04379248
 -0.04298672 -0.03868834    0.07607272  0.06384162   -0.04298672 -0.03868834
 -0.13905902  0.04379248   -0.04298672 -0.03868834    0.05715350  0.06515491
    2    1
  0.05715350 -0.06515491   -0.04298672  0.03868834   -0.13905902 -0.04379248
 -0.04298672  0.03868834    0.07607272 -0.06384162   -0.04298672  0.03868834
 -0.13905902 -0.04379248   -0.04298672  0.03868834    0.05715350 -0.06515491
    2    2
  0.24058550  0.00000000    0.00499332  0.00754778    0.00210800  0.00000000
  0.00499332 -0.00754778    0.29702216  0.00000000    0.00499332 -0.00754778
  0.00210800  0.00000000    0.00499332  0.00754778    0.24058550  0.00000000

     Dynamical  Matrix in cartesian axes

     q = (   -0.750000000  -0.250000000   0.750000000 ) 

    1    1
  0.24058550  0.00000000    0.00499332  0.00754778   -0.00210800  0.00000000
  0.00499332 -0.00754778    0.29702216  0.00000000   -0.00499332  0.00754778
 -0.00210800  0.00000000   -0.00499332 -0.00754778    0.24058550  0.00000000
    1    2
 -0.05715350  0.06515491    0.04298672 -0.03868834   -0.13905902 -0.04379248
  0.04298672 -0.03868834   -0.07607272  0.06384162   -0.04298672  0.03868834
 -0.13905902 -0.04379248   -0.04298672  0.03868834   -0.05715350  0.06515491
    2    1
 -0.05715350 -0.06515491    0.04298672  0.03868834   -0.13905902  0.04379248
  0.04298672  0.03868834   -0.07607272 -0.06384162   -0.04298672 -0.03868834
 -0.13905902  0.04379248   -0.04298672 -0.03868834   -0.05715350 -0.06515491
    2    2
  0.24058550  0.00000000    0.00499332 -0.00754778   -0.00210800  0.00000000
  0.00499332  0.00754778    0.29702216  0.00000000   -0.00499332 -0.00754778
 -0.00210800  0.00000000   -0.00499332  0.00754778    0.24058550  0.00000000

     Dynamical  Matrix in cartesian axes

     q = (   -0.750000000   0.250000000  -0.750000000 ) 

    1    1
  0.24058550  0.00000000   -0.00499332 -0.00754778    0.00210800  0.00000000
 -0.00499332  0.00754778    0.29702216  0.00000000   -0.00499332  0.00754778
  0.00210800  0.00000000   -0.00499332 -0.00754778    0.24058550  0.00000000
    1    2
 -0.06515491 -0.05715350   -0.03868834 -0.04298672   -0.04379248  0.13905902
 -0.03868834 -0.04298672   -0.06384162 -0.07607272   -0.03868834 -0.04298672
 -0.04379248  0.13905902   -0.03868834 -0.04298672   -0.06515491 -0.05715350
    2    1
 -0.06515491  0.05715350   -0.03868834  0.04298672   -0.04379248 -0.13905902
 -0.03868834  0.04298672   -0.06384162  0.07607272   -0.03868834  0.04298672
 -0.04379248 -0.13905902   -0.03868834  0.04298672   -0.06515491  0.05715350
    2    2
  0.24058550  0.00000000   -0.00499332  0.00754778    0.00210800  0.00000000
 -0.00499332 -0.00754778    0.29702216  0.00000000   -0.00499332 -0.00754778
  0.00210800  0.00000000   -0.00499332  0.00754778    0.24058550  0.00000000

     Dynamical  Matrix in cartesian axes

     q = (   -0.250000000   0.750000000  -0.750000000 ) 

    1    1
  0.29702216  0.00000000   -0.00499332  0.00754778    0.00499332 -0.00754778
 -0.00499332 -0.00754778    0.24058550  0.00000000   -0.00210800  0.00000000
  0.00499332  0.00754778   -0.00210800  0.00000000    0.24058550  0.00000000
    1    2
 -0.07607272  0.06384162   -0.04298672  0.03868834    0.04298672 -0.03868834
 -0.04298672  0.03868834   -0.05715350  0.06515491   -0.13905902 -0.04379248
  0.04298672 -0.03868834   -0.13905902 -0.04379248   -0.05715350  0.06515491
    2    1
 -0.07607272 -0.06384162   -0.04298672 -0.03868834    0.04298672  0.03868834
 -0.04298672 -0.03868834   -0.05715350 -0.06515491   -0.13905902  0.04379248
  0.04298672  0.03868834   -0.13905902  0.04379248   -0.05715350 -0.06515491
    2    2
  0.29702216  0.00000000   -0.00499332 -0.00754778    0.00499332  0.00754778
 -0.00499332  0.00754778    0.24058550  0.00000000   -0.00210800  0.00000000
  0.00499332 -0.00754778   -0.00210800  0.00000000    0.24058550  0.00000000

     Dynamical  Matrix in cartesian axes

     q = (   -0.750000000   0.750000000  -0.250000000 ) 

    1    1
  0.24058550  0.00000000   -0.00210800  0.00000000    0.00499332  0.00754778
 -0.00210800  0.00000000    0.24058550  0.00000000   -0.00499332 -0.00754778
  0.00499332 -0.00754778   -0.00499332  0.00754778    0.29702216  0.00000000
    1    2
 -0.05715350  0.06515491   -0.13905902 -0.04379248    0.04298672 -0.03868834
 -0.13905902 -0.04379248   -0.05715350  0.06515491   -0.04298672  0.03868834
  0.04298672 -0.03868834   -0.04298672  0.03868834   -0.07607272  0.06384162
    2    1
 -0.05715350 -0.06515491   -0.13905902  0.04379248    0.04298672  0.03868834
 -0.13905902  0.04379248   -0.05715350 -0.06515491   -0.04298672 -0.03868834
  0.04298672  0.03868834   -0.04298672 -0.03868834   -0.07607272 -0.06384162
    2    2
  0.24058550  0.00000000   -0.00210800  0.00000000    0.00499332 -0.00754778
 -0.00210800  0.00000000    0.24058550  0.00000000   -0.00499332  0.00754778
  0.00499332  0.00754778   -0.00499332 -0.00754778    0.29702216  0.00000000

     Dynamical  Matrix in cartesian axes

     q = (    0.750000000   0.250000000   0.750000000 ) 

    1    1
  0.24058550  0.00000000    0.00499332  0.00754778    0.00210800  0.00000000
  0.00499332 -0.00754778    0.29702216  0.00000000    0.00499332 -0.00754778
  0.00210800  0.00000000    0.00499332  0.00754778    0.24058550  0.00000000
    1    2
  0.05715350 -0.06515491   -0.04298672  0.03868834   -0.13905902 -0.04379248
 -0.04298672  0.03868834    0.07607272 -0.06384162   -0.04298672  0.03868834
 -0.13905902 -0.04379248   -0.04298672  0.03868834    0.05715350 -0.06515491
    2    1
  0.05715350  0.06515491   -0.04298672 -0.03868834   -0.13905902  0.04379248
 -0.04298672 -0.03868834    0.07607272  0.06384162   -0.04298672 -0.03868834
 -0.13905902  0.04379248   -0.04298672 -0.03868834    0.05715350  0.06515491
    2    2
  0.24058550  0.00000000    0.00499332 -0.00754778    0.00210800  0.00000000
  0.00499332  0.00754778    0.29702216  0.00000000    0.00499332  0.00754778
  0.00210800  0.00000000    0.00499332 -0.00754778    0.24058550  0.00000000

     Dynamical  Matrix in cartesian axes

     q = (   -0.750000000   0.250000000   0.750000000 ) 

    1    1
  0.24058550  0.00000000   -0.00499332  0.00754778   -0.00210800  0.00000000
 -0.00499332 -0.00754778    0.29702216  0.00000000    0.00499332  0.00754778
 -0.00210800  0.00000000    0.00499332 -0.00754778    0.24058550  0.00000000
    1    2
 -0.05715350 -0.06515491   -0.04298672 -0.03868834   -0.13905902  0.04379248
 -0.04298672 -0.03868834   -0.07607272 -0.06384162    0.04298672  0.03868834
 -0.13905902  0.04379248    0.04298672  0.03868834   -0.05715350 -0.06515491
    2    1
 -0.05715350  0.06515491   -0.04298672  0.03868834   -0.13905902 -0.04379248
 -0.04298672  0.03868834   -0.07607272  0.06384162    0.04298672 -0.03868834
 -0.13905902 -0.04379248    0.04298672 -0.03868834   -0.05715350  0.06515491
    2    2
  0.24058550  0.00000000   -0.00499332 -0.00754778   -0.00210800  0.00000000
 -0.00499332  0.00754778    0.29702216  0.00000000    0.00499332 -0.00754778
 -0.00210800  0.00000000    0.00499332  0.00754778    0.24058550  0.00000000

     Dynamical  Matrix in cartesian axes

     q = (    0.750000000   0.250000000  -0.750000000 ) 

    1    1
  0.24058550  0.00000000    0.00499332 -0.00754778   -0.00210800  0.00000000
  0.00499332  0.00754778    0.29702216  0.00000000   -0.00499332 -0.00754778
 -0.00210800  0.00000000   -0.00499332  0.00754778    0.24058550  0.00000000
    1    2
 -0.05715350 -0.06515491    0.04298672  0.03868834   -0.13905902  0.04379248
  0.04298672  0.03868834   -0.07607272 -0.06384162   -0.04298672 -0.03868834
 -0.13905902  0.04379248   -0.04298672 -0.03868834   -0.05715350 -0.06515491
    2    1
 -0.05715350  0.06515491    0.04298672 -0.03868834   -0.13905902 -0.04379248
  0.04298672 -0.03868834   -0.07607272  0.06384162   -0.04298672  0.03868834
 -0.13905902 -0.04379248   -0.04298672  0.03868834   -0.05715350  0.06515491
    2    2
  0.24058550  0.00000000    0.00499332  0.00754778   -0.00210800  0.00000000
  0.00499332 -0.00754778    0.29702216  0.00000000   -0.00499332  0.00754778
 -0.00210800  0.00000000   -0.00499332 -0.00754778    0.24058550  0.00000000

     Dynamical  Matrix in cartesian axes

     q = (   -0.750000000   0.750000000   0.250000000 ) 

    1    1
  0.24058550  0.00000000   -0.00210800  0.00000000   -0.00499332  0.00754778
 -0.00210800  0.00000000    0.24058550  0.00000000    0.00499332 -0.00754778
 -0.00499332 -0.00754778    0.00499332  0.00754778    0.29702216  0.00000000
    1    2
 -0.05715350 -0.06515491   -0.13905902  0.04379248   -0.04298672 -0.03868834
 -0.13905902  0.04379248   -0.05715350 -0.06515491    0.04298672  0.03868834
 -0.04298672 -0.03868834    0.04298672  0.03868834   -0.07607272 -0.06384162
    2    1
 -0.05715350  0.06515491   -0.13905902 -0.04379248   -0.04298672  0.03868834
 -0.13905902 -0.04379248   -0.05715350  0.06515491    0.04298672 -0.03868834
 -0.04298672  0.03868834    0.04298672 -0.03868834   -0.07607272  0.06384162
    2    2
  0.24058550  0.00000000   -0.00210800  0.00000000   -0.00499332 -0.00754778
 -0.00210800  0.00000000    0.24058550  0.00000000    0.00499332  0.00754778
 -0.00499332  0.00754778    0.00499332 -0.00754778    0.29702216  0.00000000

     Dynamical  Matrix in cartesian axes

     q = (   -0.250000000   0.750000000   0.750000000 ) 

    1    1
  0.29702216  0.00000000   -0.00499332 -0.00754778   -0.00499332 -0.00754778
 -0.00499332  0.00754778    0.24058550  0.00000000    0.00210800  0.00000000
 -0.00499332  0.00754778    0.00210800  0.00000000    0.24058550  0.00000000
    1    2
 -0.06384162  0.07607272   -0.03868834  0.04298672   -0.03868834  0.04298672
 -0.03868834  0.04298672   -0.06515491  0.05715350   -0.04379248 -0.13905902
 -0.03868834  0.04298672   -0.04379248 -0.13905902   -0.06515491  0.05715350
    2    1
 -0.06384162 -0.07607272   -0.03868834 -0.04298672   -0.03868834 -0.04298672
 -0.03868834 -0.04298672   -0.06515491 -0.05715350   -0.04379248  0.13905902
 -0.03868834 -0.04298672   -0.04379248  0.13905902   -0.06515491 -0.05715350
    2    2
  0.29702216  0.00000000   -0.00499332  0.00754778   -0.00499332  0.00754778
 -0.00499332 -0.00754778    0.24058550  0.00000000    0.00210800  0.00000000
 -0.00499332 -0.00754778    0.00210800  0.00000000    0.24058550  0.00000000

     Dynamical  Matrix in cartesian axes

     q = (    0.250000000   0.750000000  -0.750000000 ) 

    1    1
  0.29702216  0.00000000    0.00499332  0.00754778   -0.00499332 -0.00754778
  0.00499332 -0.00754778    0.24058550  0.00000000   -0.00210800  0.00000000
 -0.00499332  0.00754778   -0.00210800  0.00000000    0.24058550  0.00000000
    1    2
 -0.07607272 -0.06384162    0.04298672  0.03868834   -0.04298672 -0.03868834
  0.04298672  0.03868834   -0.05715350 -0.06515491   -0.13905902  0.04379248
 -0.04298672 -0.03868834   -0.13905902  0.04379248   -0.05715350 -0.06515491
    2    1
 -0.07607272  0.06384162    0.04298672 -0.03868834   -0.04298672  0.03868834
  0.04298672 -0.03868834   -0.05715350  0.06515491   -0.13905902 -0.04379248
 -0.04298672  0.03868834   -0.13905902 -0.04379248   -0.05715350  0.06515491
    2    2
  0.29702216  0.00000000    0.00499332 -0.00754778   -0.00499332  0.00754778
  0.00499332  0.00754778    0.24058550  0.00000000   -0.00210800  0.00000000
 -0.00499332 -0.00754778   -0.00210800  0.00000000    0.24058550  0.00000000

     Dynamical  Matrix in cartesian axes

     q = (   -0.250000000  -0.750000000  -0.750000000 ) 

    1    1
  0.29702216  0.00000000    0.00499332  0.00754778    0.00499332  0.00754778
  0.00499332 -0.00754778    0.24058550  0.00000000    0.00210800  0.00000000
  0.00499332 -0.00754778    0.00210800  0.00000000    0.24058550  0.00000000
    1    2
  0.07607272  0.06384162   -0.04298672 -0.03868834   -0.04298672 -0.03868834
 -0.04298672 -0.03868834    0.05715350  0.06515491   -0.13905902  0.04379248
 -0.04298672 -0.03868834   -0.13905902  0.04379248    0.05715350  0.06515491
    2    1
  0.07607272 -0.06384162   -0.04298672  0.03868834   -0.04298672  0.03868834
 -0.04298672  0.03868834    0.05715350 -0.06515491   -0.13905902 -0.04379248
 -0.04298672  0.03868834   -0.13905902 -0.04379248    0.05715350 -0.06515491
    2    2
  0.29702216  0.00000000    0.00499332 -0.00754778    0.00499332 -0.00754778
  0.00499332  0.00754778    0.24058550  0.00000000    0.00210800  0.00000000
  0.00499332  0.00754778    0.00210800  0.00000000    0.24058550  0.00000000

     Dynamical  Matrix in cartesian axes

     q = (    0.750000000   0.750000000  -0.250000000 ) 

    1    1
  0.24058550  0.00000000    0.00210800  0.00000000   -0.00499332  0.00754778
  0.00210800  0.00000000    0.24058550  0.00000000   -0.00499332  0.00754778
 -0.00499332 -0.00754778   -0.00499332 -0.00754778    0.29702216  0.00000000
    1    2
 -0.06515491  0.05715350   -0.04379248 -0.13905902   -0.03868834  0.04298672
 -0.04379248 -0.13905902   -0.06515491  0.05715350   -0.03868834  0.04298672
 -0.03868834  0.04298672   -0.03868834  0.04298672   -0.06384162  0.07607272
    2    1
 -0.06515491 -0.05715350   -0.04379248  0.13905902   -0.03868834 -0.04298672
 -0.04379248  0.13905902   -0.06515491 -0.05715350   -0.03868834 -0.04298672
 -0.03868834 -0.04298672   -0.03868834 -0.04298672   -0.06384162 -0.07607272
    2    2
  0.24058550  0.00000000    0.00210800  0.00000000   -0.00499332 -0.00754778
  0.00210800  0.00000000    0.24058550  0.00000000   -0.00499332 -0.00754778
 -0.00499332  0.00754778   -0.00499332  0.00754778    0.29702216  0.00000000

     Dynamical  Matrix in cartesian axes

     q = (    0.750000000  -0.750000000   0.250000000 ) 

    1    1
  0.24058550  0.00000000   -0.00210800  0.00000000    0.00499332 -0.00754778
 -0.00210800  0.00000000    0.24058550  0.00000000   -0.00499332  0.00754778
  0.00499332  0.00754778   -0.00499332 -0.00754778    0.29702216  0.00000000
    1    2
 -0.05715350 -0.06515491   -0.13905902  0.04379248    0.04298672  0.03868834
 -0.13905902  0.04379248   -0.05715350 -0.06515491   -0.04298672 -0.03868834
  0.04298672  0.03868834   -0.04298672 -0.03868834   -0.07607272 -0.06384162
    2    1
 -0.05715350  0.06515491   -0.13905902 -0.04379248    0.04298672 -0.03868834
 -0.13905902 -0.04379248   -0.05715350  0.06515491   -0.04298672  0.03868834
  0.04298672 -0.03868834   -0.04298672  0.03868834   -0.07607272  0.06384162
    2    2
  0.24058550  0.00000000   -0.00210800  0.00000000    0.00499332  0.00754778
 -0.00210800  0.00000000    0.24058550  0.00000000   -0.00499332 -0.00754778
  0.00499332 -0.00754778   -0.00499332  0.00754778    0.29702216  0.00000000

     Dynamical  Matrix in cartesian axes

     q = (   -0.750000000  -0.750000000  -0.250000000 ) 

    1    1
  0.24058550  0.00000000    0.00210800  0.00000000    0.00499332 -0.00754778
  0.00210800  0.00000000    0.24058550  0.00000000    0.00499332 -0.00754778
  0.00499332  0.00754778    0.00499332  0.00754778    0.29702216  0.00000000
    1    2
  0.05715350  0.06515491   -0.13905902  0.04379248   -0.04298672 -0.03868834
 -0.13905902  0.04379248    0.05715350  0.06515491   -0.04298672 -0.03868834
 -0.04298672 -0.03868834   -0.04298672 -0.03868834    0.07607272  0.06384162
    2    1
  0.05715350 -0.06515491   -0.13905902 -0.04379248   -0.04298672  0.03868834
 -0.13905902 -0.04379248    0.05715350 -0.06515491   -0.04298672  0.03868834
 -0.04298672  0.03868834   -0.04298672  0.03868834    0.07607272 -0.06384162
    2    2
  0.24058550  0.00000000    0.00210800  0.00000000    0.00499332  0.00754778
  0.00210800  0.00000000    0.24058550  0.00000000    0.00499332  0.00754778
  0.00499332 -0.00754778    0.00499332 -0.00754778    0.29702216  0.00000000

     Dynamical  Matrix in cartesian axes

     q = (    0.250000000  -0.750000000   0.750000000 ) 

    1    1
  0.29702216  0.00000000   -0.00499332 -0.00754778    0.00499332  0.00754778
 -0.00499332  0.00754778    0.24058550  0.00000000   -0.00210800  0.00000000
  0.00499332 -0.00754778   -0.00210800  0.00000000    0.24058550  0.00000000
    1    2
 -0.07607272 -0.06384162   -0.04298672 -0.03868834    0.04298672  0.03868834
 -0.04298672 -0.03868834   -0.05715350 -0.06515491   -0.13905902  0.04379248
  0.04298672  0.03868834   -0.13905902  0.04379248   -0.05715350 -0.06515491
    2    1
 -0.07607272  0.06384162   -0.04298672  0.03868834    0.04298672 -0.03868834
 -0.04298672  0.03868834   -0.05715350  0.06515491   -0.13905902 -0.04379248
  0.04298672 -0.03868834   -0.13905902 -0.04379248   -0.05715350  0.06515491
    2    2
  0.29702216  0.00000000   -0.00499332  0.00754778    0.00499332 -0.00754778
 -0.00499332 -0.00754778    0.24058550  0.00000000   -0.00210800  0.00000000
  0.00499332  0.00754778   -0.00210800  0.00000000    0.24058550  0.00000000

     Dynamical  Matrix in cartesian axes

     q = (   -0.750000000  -0.750000000   0.250000000 ) 

    1    1
  0.24058550  0.00000000    0.00210800  0.00000000   -0.00499332 -0.00754778
  0.00210800  0.00000000    0.24058550  0.00000000   -0.00499332 -0.00754778
 -0.00499332  0.00754778   -0.00499332  0.00754778    0.29702216  0.00000000
    1    2
 -0.06515491 -0.05715350   -0.04379248  0.13905902   -0.03868834 -0.04298672
 -0.04379248  0.13905902   -0.06515491 -0.05715350   -0.03868834 -0.04298672
 -0.03868834 -0.04298672   -0.03868834 -0.04298672   -0.06384162 -0.07607272
    2    1
 -0.06515491  0.05715350   -0.04379248 -0.13905902   -0.03868834  0.04298672
 -0.04379248 -0.13905902   -0.06515491  0.05715350   -0.03868834  0.04298672
 -0.03868834  0.04298672   -0.03868834  0.04298672   -0.06384162  0.07607272
    2    2
  0.24058550  0.00000000    0.00210800  0.00000000   -0.00499332  0.00754778
  0.00210800  0.00000000    0.24058550  0.00000000   -0.00499332  0.00754778
 -0.00499332 -0.00754778   -0.00499332 -0.00754778    0.29702216  0.00000000

     Dynamical  Matrix in cartesian axes

     q = (    0.250000000   0.750000000   0.750000000 ) 

    1    1
  0.29702216  0.00000000    0.00499332 -0.00754778    0.00499332 -0.00754778
  0.00499332  0.00754778    0.24058550  0.00000000    0.00210800  0.00000000
  0.00499332  0.00754778    0.00210800  0.00000000    0.24058550  0.00000000
    1    2
  0.07607272 -0.06384162   -0.04298672  0.03868834   -0.04298672  0.03868834
 -0.04298672  0.03868834    0.05715350 -0.06515491   -0.13905902 -0.04379248
 -0.04298672  0.03868834   -0.13905902 -0.04379248    0.05715350 -0.06515491
    2    1
  0.07607272  0.06384162   -0.04298672 -0.03868834   -0.04298672 -0.03868834
 -0.04298672 -0.03868834    0.05715350  0.06515491   -0.13905902  0.04379248
 -0.04298672 -0.03868834   -0.13905902  0.04379248    0.05715350  0.06515491
    2    2
  0.29702216  0.00000000    0.00499332  0.00754778    0.00499332  0.00754778
  0.00499332 -0.00754778    0.24058550  0.00000000    0.00210800  0.00000000
  0.00499332 -0.00754778    0.00210800  0.00000000    0.24058550  0.00000000

     Dynamical  Matrix in cartesian axes

     q = (   -0.250000000  -0.750000000   0.750000000 ) 

    1    1
  0.29702216  0.00000000    0.00499332 -0.00754778   -0.00499332  0.00754778
  0.00499332  0.00754778    0.24058550  0.00000000   -0.00210800  0.00000000
 -0.00499332 -0.00754778   -0.00210800  0.00000000    0.24058550  0.00000000
    1    2
 -0.07607272  0.06384162    0.04298672 -0.03868834   -0.04298672  0.03868834
  0.04298672 -0.03868834   -0.05715350  0.06515491   -0.13905902 -0.04379248
 -0.04298672  0.03868834   -0.13905902 -0.04379248   -0.05715350  0.06515491
    2    1
 -0.07607272 -0.06384162    0.04298672  0.03868834   -0.04298672 -0.03868834
  0.04298672  0.03868834   -0.05715350 -0.06515491   -0.13905902  0.04379248
 -0.04298672 -0.03868834   -0.13905902  0.04379248   -0.05715350 -0.06515491
    2    2
  0.29702216  0.00000000    0.00499332  0.00754778   -0.00499332 -0.00754778
  0.00499332 -0.00754778    0.24058550  0.00000000   -0.00210800  0.00000000
 -0.00499332  0.00754778   -0.00210800  0.00000000    0.24058550  0.00000000

     Dynamical  Matrix in cartesian axes

     q = (    0.750000000   0.750000000   0.250000000 ) 

    1    1
  0.24058550  0.00000000    0.00210800  0.00000000    0.00499332  0.00754778
  0.00210800  0.00000000    0.24058550  0.00000000    0.00499332  0.00754778
  0.00499332 -0.00754778    0.00499332 -0.00754778    0.29702216  0.00000000
    1    2
  0.05715350 -0.06515491   -0.13905902 -0.04379248   -0.04298672  0.03868834
 -0.13905902 -0.04379248    0.05715350 -0.06515491   -0.04298672  0.03868834
 -0.04298672  0.03868834   -0.04298672  0.03868834    0.07607272 -0.06384162
    2    1
  0.05715350  0.06515491   -0.13905902  0.04379248   -0.04298672 -0.03868834
 -0.13905902  0.04379248    0.05715350  0.06515491   -0.04298672 -0.03868834
 -0.04298672 -0.03868834   -0.04298672 -0.03868834    0.07607272  0.06384162
    2    2
  0.24058550  0.00000000    0.00210800  0.00000000    0.00499332 -0.00754778
  0.00210800  0.00000000    0.24058550  0.00000000    0.00499332 -0.00754778
  0.00499332  0.00754778    0.00499332  0.00754778    0.29702216  0.00000000

     Dynamical  Matrix in cartesian axes

     q = (    0.250000000  -0.750000000  -0.750000000 ) 

    1    1
  0.29702216  0.00000000   -0.00499332  0.00754778   -0.00499332  0.00754778
 -0.00499332 -0.00754778    0.24058550  0.00000000    0.00210800  0.00000000
 -0.00499332 -0.00754778    0.00210800  0.00000000    0.24058550  0.00000000
    1    2
 -0.06384162 -0.07607272   -0.03868834 -0.04298672   -0.03868834 -0.04298672
 -0.03868834 -0.04298672   -0.06515491 -0.05715350   -0.04379248  0.13905902
 -0.03868834 -0.04298672   -0.04379248  0.13905902   -0.06515491 -0.05715350
    2    1
 -0.06384162  0.07607272   -0.03868834  0.04298672   -0.03868834  0.04298672
 -0.03868834  0.04298672   -0.06515491  0.05715350   -0.04379248 -0.13905902
 -0.03868834  0.04298672   -0.04379248 -0.13905902   -0.06515491  0.05715350
    2    2
  0.29702216  0.00000000   -0.00499332 -0.00754778   -0.00499332 -0.00754778
 -0.00499332  0.00754778    0.24058550  0.00000000    0.00210800  0.00000000
 -0.00499332  0.00754778    0.00210800  0.00000000    0.24058550  0.00000000

     Dynamical  Matrix in cartesian axes

     q = (    0.750000000  -0.750000000  -0.250000000 ) 

    1    1
  0.24058550  0.00000000   -0.00210800  0.00000000   -0.00499332 -0.00754778
 -0.00210800  0.00000000    0.24058550  0.00000000    0.00499332  0.00754778
 -0.00499332  0.00754778    0.00499332 -0.00754778    0.29702216  0.00000000
    1    2
 -0.05715350  0.06515491   -0.13905902 -0.04379248   -0.04298672  0.03868834
 -0.13905902 -0.04379248   -0.05715350  0.06515491    0.04298672 -0.03868834
 -0.04298672  0.03868834    0.04298672 -0.03868834   -0.07607272  0.06384162
    2    1
 -0.05715350 -0.06515491   -0.13905902  0.04379248   -0.04298672 -0.03868834
 -0.13905902  0.04379248   -0.05715350 -0.06515491    0.04298672  0.03868834
 -0.04298672 -0.03868834    0.04298672  0.03868834   -0.07607272 -0.06384162
    2    2
  0.24058550  0.00000000   -0.00210800  0.00000000   -0.00499332  0.00754778
 -0.00210800  0.00000000    0.24058550  0.00000000    0.00499332 -0.00754778
 -0.00499332 -0.00754778    0.00499332  0.00754778    0.29702216  0.00000000

     Diagonalizing the dynamical matrix

     q = (    0.750000000  -0.250000000   0.750000000 ) 

 **************************************************************************
     freq (    1) =       4.168838 [THz] =     139.057468 [cm-1]
 (  0.054117 -0.497063  0.000000 -0.000000 -0.054117  0.497063 ) 
 (  0.500000  0.000000 -0.000000 -0.000000 -0.500000  0.000000 ) 
     freq (    2) =       5.494637 [THz] =     183.281373 [cm-1]
 ( -0.395355 -0.199496 -0.300541  0.132162 -0.395355 -0.199496 ) 
 ( -0.442836  0.000000 -0.208778 -0.253384 -0.442836  0.000000 ) 
     freq (    3) =       9.152473 [THz] =     305.293639 [cm-1]
 (  0.136515 -0.244863  0.383916  0.442063  0.136515 -0.244863 ) 
 ( -0.280346 -0.000000  0.199163  0.550587 -0.280346  0.000000 ) 
     freq (    4) =      12.150377 [THz] =     405.292949 [cm-1]
 (  0.099257  0.313036 -0.413278 -0.336919  0.099257  0.313036 ) 
 ( -0.328395  0.000000  0.446073  0.292116 -0.328395  0.000000 ) 
     freq (    5) =      13.574796 [THz] =     452.806450 [cm-1]
 (  0.054117 -0.497063  0.000000 -0.000000 -0.054117  0.497063 ) 
 ( -0.500000  0.000000 -0.000000 -0.000000  0.500000  0.000000 ) 
     freq (    6) =      13.956645 [THz] =     465.543572 [cm-1]
 ( -0.304067 -0.158119 -0.470293  0.209542 -0.304067 -0.158119 ) 
 (  0.342722 -0.000000  0.320575  0.402883  0.342722 -0.000000 ) 
 **************************************************************************
