Dynamical matrix file
                                                                           
  1    2  2 10.2900000  0.0000000  0.0000000  0.0000000  0.0000000  0.0000000
           1  'Si  '    25598.822984527003     
    1    1      0.0000000000      0.0000000000      0.0000000000
    2    1      0.2500000000      0.2500000000      0.2500000000

     Dynamical  Matrix in cartesian axes

     q = (   -0.250000000   0.250000000  -0.250000000 ) 

    1    1
  0.27716234  0.00000000   -0.01111682  0.00000000    0.01111682  0.00000000
 -0.01111682  0.00000000    0.27716234  0.00000000   -0.01111682  0.00000000
  0.01111682  0.00000000   -0.01111682  0.00000000    0.27716234  0.00000000
    1    2
 -0.19954816 -0.05755018   -0.03916561  0.03983455    0.03916561 -0.03983455
 -0.03916561  0.03983455   -0.19954816 -0.05755018   -0.03916561  0.03983455
  0.03916561 -0.03983455   -0.03916561  0.03983455   -0.19954816 -0.05755018
    2    1
 -0.19954816  0.05755018   -0.03916561 -0.03983455    0.03916561  0.03983455
 -0.03916561 -0.03983455   -0.19954816  0.05755018   -0.03916561 -0.03983455
  0.03916561  0.03983455   -0.03916561 -0.03983455   -0.19954816  0.05755018
    2    2
  0.27716234  0.00000000   -0.01111682  0.00000000    0.01111682  0.00000000
 -0.01111682  0.00000000    0.27716234  0.00000000   -0.01111682  0.00000000
  0.01111682  0.00000000   -0.01111682  0.00000000    0.27716234  0.00000000

     Dynamical  Matrix in cartesian axes

     q = (    0.250000000  -0.250000000  -0.250000000 ) 

    1    1
  0.27716234  0.00000000   -0.01111682  0.00000000   -0.01111682  0.00000000
 -0.01111682  0.00000000    0.27716234  0.00000000    0.01111682  0.00000000
 -0.01111682  0.00000000    0.01111682  0.00000000    0.27716234  0.00000000
    1    2
 -0.19954816 -0.05755018   -0.03916561  0.03983455   -0.03916561  0.03983455
 -0.03916561  0.03983455   -0.19954816 -0.05755018    0.03916561 -0.03983455
 -0.03916561  0.03983455    0.03916561 -0.03983455   -0.19954816 -0.05755018
    2    1
 -0.19954816  0.05755018   -0.03916561 -0.03983455   -0.03916561 -0.03983455
 -0.03916561 -0.03983455   -0.19954816  0.05755018    0.03916561  0.03983455
 -0.03916561 -0.03983455    0.03916561  0.03983455   -0.19954816  0.05755018
    2    2
  0.27716234  0.00000000   -0.01111682  0.00000000   -0.01111682  0.00000000
 -0.01111682  0.00000000    0.27716234  0.00000000    0.01111682  0.00000000
 -0.01111682  0.00000000    0.01111682  0.00000000    0.27716234  0.00000000

     Dynamical  Matrix in cartesian axes

     q = (    0.250000000  -0.250000000   0.250000000 ) 

    1    1
  0.27716234  0.00000000   -0.01111682  0.00000000    0.01111682  0.00000000
 -0.01111682  0.00000000    0.27716234  0.00000000   -0.01111682  0.00000000
  0.01111682  0.00000000   -0.01111682  0.00000000    0.27716234  0.00000000
    1    2
 -0.19954816  0.05755018   -0.03916561 -0.03983455    0.03916561  0.03983455
 -0.03916561 -0.03983455   -0.19954816  0.05755018   -0.03916561 -0.03983455
  0.03916561  0.03983455   -0.03916561 -0.03983455   -0.19954816  0.05755018
    2    1
 -0.19954816 -0.05755018   -0.03916561  0.03983455    0.03916561 -0.03983455
 -0.03916561  0.03983455   -0.19954816 -0.05755018   -0.03916561  0.03983455
  0.03916561 -0.03983455   -0.03916561  0.03983455   -0.19954816 -0.05755018
    2    2
  0.27716234  0.00000000   -0.01111682  0.00000000    0.01111682  0.00000000
 -0.01111682  0.00000000    0.27716234  0.00000000   -0.01111682  0.00000000
  0.01111682  0.00000000   -0.01111682  0.00000000    0.27716234  0.00000000

     Dynamical  Matrix in cartesian axes

     q = (    0.250000000   0.250000000   0.250000000 ) 

    1    1
  0.27716234  0.00000000    0.01111682  0.00000000    0.01111682  0.00000000
  0.01111682  0.00000000    0.27716234  0.00000000    0.01111682  0.00000000
  0.01111682  0.00000000    0.01111682  0.00000000    0.27716234  0.00000000
    1    2
 -0.05755018  0.19954816   -0.03983455 -0.03916561   -0.03983455 -0.03916561
 -0.03983455 -0.03916561   -0.05755018  0.19954816   -0.03983455 -0.03916561
 -0.03983455 -0.03916561   -0.03983455 -0.03916561   -0.05755018  0.19954816
    2    1
 -0.05755018 -0.19954816   -0.03983455  0.03916561   -0.03983455  0.03916561
 -0.03983455  0.03916561   -0.05755018 -0.19954816   -0.03983455  0.03916561
 -0.03983455  0.03916561   -0.03983455  0.03916561   -0.05755018 -0.19954816
    2    2
  0.27716234  0.00000000    0.01111682  0.00000000    0.01111682  0.00000000
  0.01111682  0.00000000    0.27716234  0.00000000    0.01111682  0.00000000
  0.01111682  0.00000000    0.01111682  0.00000000    0.27716234  0.00000000

     Dynamical  Matrix in cartesian axes

     q = (   -0.250000000  -0.250000000  -0.250000000 ) 

    1    1
  0.27716234  0.00000000    0.01111682  0.00000000    0.01111682  0.00000000
  0.01111682  0.00000000    0.27716234  0.00000000    0.01111682  0.00000000
  0.01111682  0.00000000    0.01111682  0.00000000    0.27716234  0.00000000
    1    2
 -0.05755018 -0.19954816   -0.03983455  0.03916561   -0.03983455  0.03916561
 -0.03983455  0.03916561   -0.05755018 -0.19954816   -0.03983455  0.03916561
 -0.03983455  0.03916561   -0.03983455  0.03916561   -0.05755018 -0.19954816
    2    1
 -0.05755018  0.19954816   -0.03983455 -0.03916561   -0.03983455 -0.03916561
 -0.03983455 -0.03916561   -0.05755018  0.19954816   -0.03983455 -0.03916561
 -0.03983455 -0.03916561   -0.03983455 -0.03916561   -0.05755018  0.19954816
    2    2
  0.27716234  0.00000000    0.01111682  0.00000000    0.01111682  0.00000000
  0.01111682  0.00000000    0.27716234  0.00000000    0.01111682  0.00000000
  0.01111682  0.00000000    0.01111682  0.00000000    0.27716234  0.00000000

     Dynamical  Matrix in cartesian axes

     q = (   -0.250000000  -0.250000000   0.250000000 ) 

    1    1
  0.27716234  0.00000000    0.01111682  0.00000000   -0.01111682  0.00000000
  0.01111682  0.00000000    0.27716234  0.00000000   -0.01111682  0.00000000
 -0.01111682  0.00000000   -0.01111682  0.00000000    0.27716234  0.00000000
    1    2
 -0.19954816 -0.05755018    0.03916561 -0.03983455   -0.03916561  0.03983455
  0.03916561 -0.03983455   -0.19954816 -0.05755018   -0.03916561  0.03983455
 -0.03916561  0.03983455   -0.03916561  0.03983455   -0.19954816 -0.05755018
    2    1
 -0.19954816  0.05755018    0.03916561  0.03983455   -0.03916561 -0.03983455
  0.03916561  0.03983455   -0.19954816  0.05755018   -0.03916561 -0.03983455
 -0.03916561 -0.03983455   -0.03916561 -0.03983455   -0.19954816  0.05755018
    2    2
  0.27716234  0.00000000    0.01111682  0.00000000   -0.01111682  0.00000000
  0.01111682  0.00000000    0.27716234  0.00000000   -0.01111682  0.00000000
 -0.01111682  0.00000000   -0.01111682  0.00000000    0.27716234  0.00000000

     Dynamical  Matrix in cartesian axes

     q = (   -0.250000000   0.250000000   0.250000000 ) 

    1    1
  0.27716234  0.00000000   -0.01111682  0.00000000   -0.01111682  0.00000000
 -0.01111682  0.00000000    0.27716234  0.00000000    0.01111682  0.00000000
 -0.01111682  0.00000000    0.01111682  0.00000000    0.27716234  0.00000000
    1    2
 -0.19954816  0.05755018   -0.03916561 -0.03983455   -0.03916561 -0.03983455
 -0.03916561 -0.03983455   -0.19954816  0.05755018    0.03916561  0.03983455
 -0.03916561 -0.03983455    0.03916561  0.03983455   -0.19954816  0.05755018
    2    1
 -0.19954816 -0.05755018   -0.03916561  0.03983455   -0.03916561  0.03983455
 -0.03916561  0.03983455   -0.19954816 -0.05755018    0.03916561 -0.03983455
 -0.03916561  0.03983455    0.03916561 -0.03983455   -0.19954816 -0.05755018
    2    2
  0.27716234  0.00000000   -0.01111682  0.00000000   -0.01111682  0.00000000
 -0.01111682  0.00000000    0.27716234  0.00000000    0.01111682  0.00000000
 -0.01111682  0.00000000    0.01111682  0.00000000    0.27716234  0.00000000

     Dynamical  Matrix in cartesian axes

     q = (    0.250000000   0.250000000  -0.250000000 ) 

    1    1
  0.27716234  0.00000000    0.01111682  0.00000000   -0.01111682  0.00000000
  0.01111682  0.00000000    0.27716234  0.00000000   -0.01111682  0.00000000
 -0.01111682  0.00000000   -0.01111682  0.00000000    0.27716234  0.00000000
    1    2
 -0.19954816  0.05755018    0.03916561  0.03983455   -0.03916561 -0.03983455
  0.03916561  0.03983455   -0.19954816  0.05755018   -0.03916561 -0.03983455
 -0.03916561 -0.03983455   -0.03916561 -0.03983455   -0.19954816  0.05755018
    2    1
 -0.19954816 -0.05755018    0.03916561 -0.03983455   -0.03916561  0.03983455
  0.03916561 -0.03983455   -0.19954816 -0.05755018   -0.03916561  0.03983455
 -0.03916561  0.03983455   -0.03916561  0.03983455   -0.19954816 -0.05755018
    2    2
  0.27716234  0.00000000    0.01111682  0.00000000   -0.01111682  0.00000000
  0.01111682  0.00000000    0.27716234  0.00000000   -0.01111682  0.00000000
 -0.01111682  0.00000000   -0.01111682  0.00000000    0.27716234  0.00000000

     Diagonalizing the dynamical matrix

     q = (   -0.250000000   0.250000000  -0.250000000 ) 

 **************************************************************************
     freq (    1) =       3.358301 [THz] =     112.020878 [cm-1]
 (  0.255752  0.017028 -0.318847 -0.025614 -0.574598 -0.042643 ) 
 (  0.256311 -0.001946 -0.319868 -0.001946 -0.576179  0.000000 ) 
     freq (    2) =       3.358301 [THz] =     112.020878 [cm-1]
 (  0.512760  0.068641  0.476097  0.065921 -0.036663 -0.002721 ) 
 (  0.516434  0.030504  0.479670  0.030504 -0.036763  0.000000 ) 
     freq (    3) =       7.012330 [THz] =     233.906146 [cm-1]
 ( -0.270283 -0.305964  0.270283  0.305964 -0.270283 -0.305964 ) 
 ( -0.408248 -0.000000  0.408248  0.000000 -0.408248  0.000000 ) 
     freq (    4) =      14.282633 [THz] =     476.417358 [cm-1]
 ( -0.270283 -0.305964  0.270283  0.305964 -0.270283 -0.305964 ) 
 (  0.408248  0.000000 -0.408248 -0.000000  0.408248  0.000000 ) 
     freq (    5) =      14.618049 [THz] =     487.605645 [cm-1]
 ( -0.499674 -0.021936 -0.499364 -0.021913  0.000310  0.000023 ) 
 (  0.499927 -0.015104  0.499616 -0.015104 -0.000311  0.000000 ) 
     freq (    6) =      14.618049 [THz] =     487.605645 [cm-1]
 ( -0.287614 -0.021353  0.288153  0.021376  0.575767  0.042729 ) 
 (  0.288406  0.000008 -0.288945  0.000008 -0.577350  0.000000 ) 
 **************************************************************************
