Dynamical matrix file
                                                                           
  1    2  2 10.3200000  0.0000000  0.0000000  0.0000000  0.0000000  0.0000000
           1  'Si  '    25598.822984527003     
    1    1      0.0000000000      0.0000000000      0.0000000000
    2    1      0.2500000000      0.2500000000      0.2500000000

     Dynamical  Matrix in cartesian axes

     q = (    0.750000000  -0.250000000   0.750000000 ) 

    1    1
  0.24802849 -0.00000000   -0.00635871  0.00771214    0.00593179 -0.00000000
 -0.00635871 -0.00771214    0.29945417  0.00000000   -0.00635871 -0.00771214
  0.00593179 -0.00000000   -0.00635871  0.00771214    0.24802849 -0.00000000
    1    2
 -0.06084747  0.06197885   -0.04146729  0.04389098   -0.04183460 -0.13710859
 -0.04146729  0.04389098   -0.05921658  0.08044789   -0.04146729  0.04389098
 -0.04183460 -0.13710859   -0.04146729  0.04389098   -0.06084747  0.06197885
    2    1
 -0.06084747 -0.06197885   -0.04146729 -0.04389098   -0.04183460  0.13710859
 -0.04146729 -0.04389098   -0.05921658 -0.08044789   -0.04146729 -0.04389098
 -0.04183460  0.13710859   -0.04146729 -0.04389098   -0.06084747 -0.06197885
    2    2
  0.24802849  0.00000000   -0.00635871 -0.00771214    0.00593179  0.00000000
 -0.00635871  0.00771214    0.29945417 -0.00000000   -0.00635871  0.00771214
  0.00593179  0.00000000   -0.00635871 -0.00771214    0.24802849  0.00000000

     Dynamical  Matrix in cartesian axes

     q = (    0.750000000  -0.250000000  -0.750000000 ) 

    1    1
  0.24802849  0.00000000   -0.00635871 -0.00771214   -0.00593179 -0.00000000
 -0.00635871  0.00771214    0.29945417 -0.00000000    0.00635871 -0.00771214
 -0.00593179 -0.00000000    0.00635871  0.00771214    0.24802849  0.00000000
    1    2
 -0.06197885  0.06084747   -0.04389098  0.04146729   -0.13710859 -0.04183460
 -0.04389098  0.04146729   -0.08044789  0.05921658    0.04389098 -0.04146729
 -0.13710859 -0.04183460    0.04389098 -0.04146729   -0.06197885  0.06084747
    2    1
 -0.06197885 -0.06084747   -0.04389098 -0.04146729   -0.13710859  0.04183460
 -0.04389098 -0.04146729   -0.08044789 -0.05921658    0.04389098  0.04146729
 -0.13710859  0.04183460    0.04389098  0.04146729   -0.06197885 -0.06084747
    2    2
  0.24802849 -0.00000000   -0.00635871  0.00771214   -0.00593179  0.00000000
 -0.00635871 -0.00771214    0.29945417  0.00000000    0.00635871  0.00771214
 -0.00593179  0.00000000    0.00635871 -0.00771214    0.24802849 -0.00000000

     Dynamical  Matrix in cartesian axes

     q = (   -0.750000000  -0.250000000  -0.750000000 ) 

    1    1
  0.24802849 -0.00000000    0.00635871 -0.00771214    0.00593179 -0.00000000
  0.00635871  0.00771214    0.29945417  0.00000000    0.00635871  0.00771214
  0.00593179 -0.00000000    0.00635871 -0.00771214    0.24802849 -0.00000000
    1    2
  0.06197885  0.06084747   -0.04389098 -0.04146729   -0.13710859  0.04183460
 -0.04389098 -0.04146729    0.08044789  0.05921658   -0.04389098 -0.04146729
 -0.13710859  0.04183460   -0.04389098 -0.04146729    0.06197885  0.06084747
    2    1
  0.06197885 -0.06084747   -0.04389098  0.04146729   -0.13710859 -0.04183460
 -0.04389098  0.04146729    0.08044789 -0.05921658   -0.04389098  0.04146729
 -0.13710859 -0.04183460   -0.04389098  0.04146729    0.06197885 -0.06084747
    2    2
  0.24802849  0.00000000    0.00635871  0.00771214    0.00593179  0.00000000
  0.00635871 -0.00771214    0.29945417 -0.00000000    0.00635871 -0.00771214
  0.00593179  0.00000000    0.00635871  0.00771214    0.24802849  0.00000000

     Dynamical  Matrix in cartesian axes

     q = (   -0.750000000  -0.250000000   0.750000000 ) 

    1    1
  0.24802849  0.00000000    0.00635871  0.00771214   -0.00593179 -0.00000000
  0.00635871 -0.00771214    0.29945417 -0.00000000   -0.00635871  0.00771214
 -0.00593179 -0.00000000   -0.00635871 -0.00771214    0.24802849  0.00000000
    1    2
 -0.06197885  0.06084747    0.04389098 -0.04146729   -0.13710859 -0.04183460
  0.04389098 -0.04146729   -0.08044789  0.05921658   -0.04389098  0.04146729
 -0.13710859 -0.04183460   -0.04389098  0.04146729   -0.06197885  0.06084747
    2    1
 -0.06197885 -0.06084747    0.04389098  0.04146729   -0.13710859  0.04183460
  0.04389098  0.04146729   -0.08044789 -0.05921658   -0.04389098 -0.04146729
 -0.13710859  0.04183460   -0.04389098 -0.04146729   -0.06197885 -0.06084747
    2    2
  0.24802849 -0.00000000    0.00635871 -0.00771214   -0.00593179  0.00000000
  0.00635871  0.00771214    0.29945417  0.00000000   -0.00635871 -0.00771214
 -0.00593179  0.00000000   -0.00635871  0.00771214    0.24802849 -0.00000000

     Dynamical  Matrix in cartesian axes

     q = (   -0.750000000   0.250000000  -0.750000000 ) 

    1    1
  0.24802849  0.00000000   -0.00635871 -0.00771214    0.00593179  0.00000000
 -0.00635871  0.00771214    0.29945417 -0.00000000   -0.00635871  0.00771214
  0.00593179  0.00000000   -0.00635871 -0.00771214    0.24802849  0.00000000
    1    2
 -0.06084747 -0.06197885   -0.04146729 -0.04389098   -0.04183460  0.13710859
 -0.04146729 -0.04389098   -0.05921658 -0.08044789   -0.04146729 -0.04389098
 -0.04183460  0.13710859   -0.04146729 -0.04389098   -0.06084747 -0.06197885
    2    1
 -0.06084747  0.06197885   -0.04146729  0.04389098   -0.04183460 -0.13710859
 -0.04146729  0.04389098   -0.05921658  0.08044789   -0.04146729  0.04389098
 -0.04183460 -0.13710859   -0.04146729  0.04389098   -0.06084747  0.06197885
    2    2
  0.24802849 -0.00000000   -0.00635871  0.00771214    0.00593179 -0.00000000
 -0.00635871 -0.00771214    0.29945417  0.00000000   -0.00635871 -0.00771214
  0.00593179 -0.00000000   -0.00635871  0.00771214    0.24802849 -0.00000000

     Dynamical  Matrix in cartesian axes

     q = (   -0.250000000   0.750000000  -0.750000000 ) 

    1    1
  0.29945417 -0.00000000   -0.00635871  0.00771214    0.00635871 -0.00771214
 -0.00635871 -0.00771214    0.24802849  0.00000000   -0.00593179 -0.00000000
  0.00635871  0.00771214   -0.00593179 -0.00000000    0.24802849  0.00000000
    1    2
 -0.08044789  0.05921658   -0.04389098  0.04146729    0.04389098 -0.04146729
 -0.04389098  0.04146729   -0.06197885  0.06084747   -0.13710859 -0.04183460
  0.04389098 -0.04146729   -0.13710859 -0.04183460   -0.06197885  0.06084747
    2    1
 -0.08044789 -0.05921658   -0.04389098 -0.04146729    0.04389098  0.04146729
 -0.04389098 -0.04146729   -0.06197885 -0.06084747   -0.13710859  0.04183460
  0.04389098  0.04146729   -0.13710859  0.04183460   -0.06197885 -0.06084747
    2    2
  0.29945417  0.00000000   -0.00635871 -0.00771214    0.00635871  0.00771214
 -0.00635871  0.00771214    0.24802849 -0.00000000   -0.00593179  0.00000000
  0.00635871 -0.00771214   -0.00593179  0.00000000    0.24802849 -0.00000000

     Dynamical  Matrix in cartesian axes

     q = (   -0.750000000   0.750000000  -0.250000000 ) 

    1    1
  0.24802849  0.00000000   -0.00593179 -0.00000000    0.00635871  0.00771214
 -0.00593179 -0.00000000    0.24802849  0.00000000   -0.00635871 -0.00771214
  0.00635871 -0.00771214   -0.00635871  0.00771214    0.29945417 -0.00000000
    1    2
 -0.06197885  0.06084747   -0.13710859 -0.04183460    0.04389098 -0.04146729
 -0.13710859 -0.04183460   -0.06197885  0.06084747   -0.04389098  0.04146729
  0.04389098 -0.04146729   -0.04389098  0.04146729   -0.08044789  0.05921658
    2    1
 -0.06197885 -0.06084747   -0.13710859  0.04183460    0.04389098  0.04146729
 -0.13710859  0.04183460   -0.06197885 -0.06084747   -0.04389098 -0.04146729
  0.04389098  0.04146729   -0.04389098 -0.04146729   -0.08044789 -0.05921658
    2    2
  0.24802849 -0.00000000   -0.00593179  0.00000000    0.00635871 -0.00771214
 -0.00593179  0.00000000    0.24802849 -0.00000000   -0.00635871  0.00771214
  0.00635871  0.00771214   -0.00635871 -0.00771214    0.29945417  0.00000000

     Dynamical  Matrix in cartesian axes

     q = (    0.750000000   0.250000000   0.750000000 ) 

    1    1
  0.24802849  0.00000000    0.00635871  0.00771214    0.00593179  0.00000000
  0.00635871 -0.00771214    0.29945417 -0.00000000    0.00635871 -0.00771214
  0.00593179  0.00000000    0.00635871  0.00771214    0.24802849  0.00000000
    1    2
  0.06197885 -0.06084747   -0.04389098  0.04146729   -0.13710859 -0.04183460
 -0.04389098  0.04146729    0.08044789 -0.05921658   -0.04389098  0.04146729
 -0.13710859 -0.04183460   -0.04389098  0.04146729    0.06197885 -0.06084747
    2    1
  0.06197885  0.06084747   -0.04389098 -0.04146729   -0.13710859  0.04183460
 -0.04389098 -0.04146729    0.08044789  0.05921658   -0.04389098 -0.04146729
 -0.13710859  0.04183460   -0.04389098 -0.04146729    0.06197885  0.06084747
    2    2
  0.24802849 -0.00000000    0.00635871 -0.00771214    0.00593179 -0.00000000
  0.00635871  0.00771214    0.29945417  0.00000000    0.00635871  0.00771214
  0.00593179 -0.00000000    0.00635871 -0.00771214    0.24802849 -0.00000000

     Dynamical  Matrix in cartesian axes

     q = (   -0.750000000   0.250000000   0.750000000 ) 

    1    1
  0.24802849 -0.00000000   -0.00635871  0.00771214   -0.00593179  0.00000000
 -0.00635871 -0.00771214    0.29945417  0.00000000    0.00635871  0.00771214
 -0.00593179  0.00000000    0.00635871 -0.00771214    0.24802849 -0.00000000
    1    2
 -0.06197885 -0.06084747   -0.04389098 -0.04146729   -0.13710859  0.04183460
 -0.04389098 -0.04146729   -0.08044789 -0.05921658    0.04389098  0.04146729
 -0.13710859  0.04183460    0.04389098  0.04146729   -0.06197885 -0.06084747
    2    1
 -0.06197885  0.06084747   -0.04389098  0.04146729   -0.13710859 -0.04183460
 -0.04389098  0.04146729   -0.08044789  0.05921658    0.04389098 -0.04146729
 -0.13710859 -0.04183460    0.04389098 -0.04146729   -0.06197885  0.06084747
    2    2
  0.24802849  0.00000000   -0.00635871 -0.00771214   -0.00593179 -0.00000000
 -0.00635871  0.00771214    0.29945417 -0.00000000    0.00635871 -0.00771214
 -0.00593179 -0.00000000    0.00635871  0.00771214    0.24802849  0.00000000

     Dynamical  Matrix in cartesian axes

     q = (    0.750000000   0.250000000  -0.750000000 ) 

    1    1
  0.24802849 -0.00000000    0.00635871 -0.00771214   -0.00593179  0.00000000
  0.00635871  0.00771214    0.29945417  0.00000000   -0.00635871 -0.00771214
 -0.00593179  0.00000000   -0.00635871  0.00771214    0.24802849 -0.00000000
    1    2
 -0.06197885 -0.06084747    0.04389098  0.04146729   -0.13710859  0.04183460
  0.04389098  0.04146729   -0.08044789 -0.05921658   -0.04389098 -0.04146729
 -0.13710859  0.04183460   -0.04389098 -0.04146729   -0.06197885 -0.06084747
    2    1
 -0.06197885  0.06084747    0.04389098 -0.04146729   -0.13710859 -0.04183460
  0.04389098 -0.04146729   -0.08044789  0.05921658   -0.04389098  0.04146729
 -0.13710859 -0.04183460   -0.04389098  0.04146729   -0.06197885  0.06084747
    2    2
  0.24802849  0.00000000    0.00635871  0.00771214   -0.00593179 -0.00000000
  0.00635871 -0.00771214    0.29945417 -0.00000000   -0.00635871  0.00771214
 -0.00593179 -0.00000000   -0.00635871 -0.00771214    0.24802849  0.00000000

     Dynamical  Matrix in cartesian axes

     q = (   -0.750000000   0.750000000   0.250000000 ) 

    1    1
  0.24802849 -0.00000000   -0.00593179  0.00000000   -0.00635871  0.00771214
 -0.00593179  0.00000000    0.24802849 -0.00000000    0.00635871 -0.00771214
 -0.00635871 -0.00771214    0.00635871  0.00771214    0.29945417  0.00000000
    1    2
 -0.06197885 -0.06084747   -0.13710859  0.04183460   -0.04389098 -0.04146729
 -0.13710859  0.04183460   -0.06197885 -0.06084747    0.04389098  0.04146729
 -0.04389098 -0.04146729    0.04389098  0.04146729   -0.08044789 -0.05921658
    2    1
 -0.06197885  0.06084747   -0.13710859 -0.04183460   -0.04389098  0.04146729
 -0.13710859 -0.04183460   -0.06197885  0.06084747    0.04389098 -0.04146729
 -0.04389098  0.04146729    0.04389098 -0.04146729   -0.08044789  0.05921658
    2    2
  0.24802849  0.00000000   -0.00593179 -0.00000000   -0.00635871 -0.00771214
 -0.00593179 -0.00000000    0.24802849  0.00000000    0.00635871  0.00771214
 -0.00635871  0.00771214    0.00635871 -0.00771214    0.29945417 -0.00000000

     Dynamical  Matrix in cartesian axes

     q = (   -0.250000000   0.750000000   0.750000000 ) 

    1    1
  0.29945417  0.00000000   -0.00635871 -0.00771214   -0.00635871 -0.00771214
 -0.00635871  0.00771214    0.24802849 -0.00000000    0.00593179 -0.00000000
 -0.00635871  0.00771214    0.00593179 -0.00000000    0.24802849 -0.00000000
    1    2
 -0.05921658  0.08044789   -0.04146729  0.04389098   -0.04146729  0.04389098
 -0.04146729  0.04389098   -0.06084747  0.06197885   -0.04183460 -0.13710859
 -0.04146729  0.04389098   -0.04183460 -0.13710859   -0.06084747  0.06197885
    2    1
 -0.05921658 -0.08044789   -0.04146729 -0.04389098   -0.04146729 -0.04389098
 -0.04146729 -0.04389098   -0.06084747 -0.06197885   -0.04183460  0.13710859
 -0.04146729 -0.04389098   -0.04183460  0.13710859   -0.06084747 -0.06197885
    2    2
  0.29945417 -0.00000000   -0.00635871  0.00771214   -0.00635871  0.00771214
 -0.00635871 -0.00771214    0.24802849  0.00000000    0.00593179  0.00000000
 -0.00635871 -0.00771214    0.00593179  0.00000000    0.24802849  0.00000000

     Dynamical  Matrix in cartesian axes

     q = (    0.250000000   0.750000000  -0.750000000 ) 

    1    1
  0.29945417  0.00000000    0.00635871  0.00771214   -0.00635871 -0.00771214
  0.00635871 -0.00771214    0.24802849 -0.00000000   -0.00593179  0.00000000
 -0.00635871  0.00771214   -0.00593179  0.00000000    0.24802849 -0.00000000
    1    2
 -0.08044789 -0.05921658    0.04389098  0.04146729   -0.04389098 -0.04146729
  0.04389098  0.04146729   -0.06197885 -0.06084747   -0.13710859  0.04183460
 -0.04389098 -0.04146729   -0.13710859  0.04183460   -0.06197885 -0.06084747
    2    1
 -0.08044789  0.05921658    0.04389098 -0.04146729   -0.04389098  0.04146729
  0.04389098 -0.04146729   -0.06197885  0.06084747   -0.13710859 -0.04183460
 -0.04389098  0.04146729   -0.13710859 -0.04183460   -0.06197885  0.06084747
    2    2
  0.29945417 -0.00000000    0.00635871 -0.00771214   -0.00635871  0.00771214
  0.00635871  0.00771214    0.24802849  0.00000000   -0.00593179 -0.00000000
 -0.00635871 -0.00771214   -0.00593179 -0.00000000    0.24802849  0.00000000

     Dynamical  Matrix in cartesian axes

     q = (   -0.250000000  -0.750000000  -0.750000000 ) 

    1    1
  0.29945417  0.00000000    0.00635871  0.00771214    0.00635871  0.00771214
  0.00635871 -0.00771214    0.24802849 -0.00000000    0.00593179 -0.00000000
  0.00635871 -0.00771214    0.00593179 -0.00000000    0.24802849 -0.00000000
    1    2
  0.08044789  0.05921658   -0.04389098 -0.04146729   -0.04389098 -0.04146729
 -0.04389098 -0.04146729    0.06197885  0.06084747   -0.13710859  0.04183460
 -0.04389098 -0.04146729   -0.13710859  0.04183460    0.06197885  0.06084747
    2    1
  0.08044789 -0.05921658   -0.04389098  0.04146729   -0.04389098  0.04146729
 -0.04389098  0.04146729    0.06197885 -0.06084747   -0.13710859 -0.04183460
 -0.04389098  0.04146729   -0.13710859 -0.04183460    0.06197885 -0.06084747
    2    2
  0.29945417 -0.00000000    0.00635871 -0.00771214    0.00635871 -0.00771214
  0.00635871  0.00771214    0.24802849  0.00000000    0.00593179  0.00000000
  0.00635871  0.00771214    0.00593179  0.00000000    0.24802849  0.00000000

     Dynamical  Matrix in cartesian axes

     q = (    0.750000000   0.750000000  -0.250000000 ) 

    1    1
  0.24802849 -0.00000000    0.00593179 -0.00000000   -0.00635871  0.00771214
  0.00593179 -0.00000000    0.24802849 -0.00000000   -0.00635871  0.00771214
 -0.00635871 -0.00771214   -0.00635871 -0.00771214    0.29945417  0.00000000
    1    2
 -0.06084747  0.06197885   -0.04183460 -0.13710859   -0.04146729  0.04389098
 -0.04183460 -0.13710859   -0.06084747  0.06197885   -0.04146729  0.04389098
 -0.04146729  0.04389098   -0.04146729  0.04389098   -0.05921658  0.08044789
    2    1
 -0.06084747 -0.06197885   -0.04183460  0.13710859   -0.04146729 -0.04389098
 -0.04183460  0.13710859   -0.06084747 -0.06197885   -0.04146729 -0.04389098
 -0.04146729 -0.04389098   -0.04146729 -0.04389098   -0.05921658 -0.08044789
    2    2
  0.24802849  0.00000000    0.00593179  0.00000000   -0.00635871 -0.00771214
  0.00593179  0.00000000    0.24802849  0.00000000   -0.00635871 -0.00771214
 -0.00635871  0.00771214   -0.00635871  0.00771214    0.29945417 -0.00000000

     Dynamical  Matrix in cartesian axes

     q = (    0.750000000  -0.750000000   0.250000000 ) 

    1    1
  0.24802849 -0.00000000   -0.00593179  0.00000000    0.00635871 -0.00771214
 -0.00593179  0.00000000    0.24802849 -0.00000000   -0.00635871  0.00771214
  0.00635871  0.00771214   -0.00635871 -0.00771214    0.29945417  0.00000000
    1    2
 -0.06197885 -0.06084747   -0.13710859  0.04183460    0.04389098  0.04146729
 -0.13710859  0.04183460   -0.06197885 -0.06084747   -0.04389098 -0.04146729
  0.04389098  0.04146729   -0.04389098 -0.04146729   -0.08044789 -0.05921658
    2    1
 -0.06197885  0.06084747   -0.13710859 -0.04183460    0.04389098 -0.04146729
 -0.13710859 -0.04183460   -0.06197885  0.06084747   -0.04389098  0.04146729
  0.04389098 -0.04146729   -0.04389098  0.04146729   -0.08044789  0.05921658
    2    2
  0.24802849  0.00000000   -0.00593179 -0.00000000    0.00635871  0.00771214
 -0.00593179 -0.00000000    0.24802849  0.00000000   -0.00635871 -0.00771214
  0.00635871 -0.00771214   -0.00635871  0.00771214    0.29945417 -0.00000000

     Dynamical  Matrix in cartesian axes

     q = (   -0.750000000  -0.750000000  -0.250000000 ) 

    1    1
  0.24802849 -0.00000000    0.00593179 -0.00000000    0.00635871 -0.00771214
  0.00593179 -0.00000000    0.24802849 -0.00000000    0.00635871 -0.00771214
  0.00635871  0.00771214    0.00635871  0.00771214    0.29945417  0.00000000
    1    2
  0.06197885  0.06084747   -0.13710859  0.04183460   -0.04389098 -0.04146729
 -0.13710859  0.04183460    0.06197885  0.06084747   -0.04389098 -0.04146729
 -0.04389098 -0.04146729   -0.04389098 -0.04146729    0.08044789  0.05921658
    2    1
  0.06197885 -0.06084747   -0.13710859 -0.04183460   -0.04389098  0.04146729
 -0.13710859 -0.04183460    0.06197885 -0.06084747   -0.04389098  0.04146729
 -0.04389098  0.04146729   -0.04389098  0.04146729    0.08044789 -0.05921658
    2    2
  0.24802849  0.00000000    0.00593179  0.00000000    0.00635871  0.00771214
  0.00593179  0.00000000    0.24802849  0.00000000    0.00635871  0.00771214
  0.00635871 -0.00771214    0.00635871 -0.00771214    0.29945417 -0.00000000

     Dynamical  Matrix in cartesian axes

     q = (    0.250000000  -0.750000000   0.750000000 ) 

    1    1
  0.29945417  0.00000000   -0.00635871 -0.00771214    0.00635871  0.00771214
 -0.00635871  0.00771214    0.24802849 -0.00000000   -0.00593179  0.00000000
  0.00635871 -0.00771214   -0.00593179  0.00000000    0.24802849 -0.00000000
    1    2
 -0.08044789 -0.05921658   -0.04389098 -0.04146729    0.04389098  0.04146729
 -0.04389098 -0.04146729   -0.06197885 -0.06084747   -0.13710859  0.04183460
  0.04389098  0.04146729   -0.13710859  0.04183460   -0.06197885 -0.06084747
    2    1
 -0.08044789  0.05921658   -0.04389098  0.04146729    0.04389098 -0.04146729
 -0.04389098  0.04146729   -0.06197885  0.06084747   -0.13710859 -0.04183460
  0.04389098 -0.04146729   -0.13710859 -0.04183460   -0.06197885  0.06084747
    2    2
  0.29945417 -0.00000000   -0.00635871  0.00771214    0.00635871 -0.00771214
 -0.00635871 -0.00771214    0.24802849  0.00000000   -0.00593179 -0.00000000
  0.00635871  0.00771214   -0.00593179 -0.00000000    0.24802849  0.00000000

     Dynamical  Matrix in cartesian axes

     q = (   -0.750000000  -0.750000000   0.250000000 ) 

    1    1
  0.24802849  0.00000000    0.00593179  0.00000000   -0.00635871 -0.00771214
  0.00593179  0.00000000    0.24802849  0.00000000   -0.00635871 -0.00771214
 -0.00635871  0.00771214   -0.00635871  0.00771214    0.29945417 -0.00000000
    1    2
 -0.06084747 -0.06197885   -0.04183460  0.13710859   -0.04146729 -0.04389098
 -0.04183460  0.13710859   -0.06084747 -0.06197885   -0.04146729 -0.04389098
 -0.04146729 -0.04389098   -0.04146729 -0.04389098   -0.05921658 -0.08044789
    2    1
 -0.06084747  0.06197885   -0.04183460 -0.13710859   -0.04146729  0.04389098
 -0.04183460 -0.13710859   -0.06084747  0.06197885   -0.04146729  0.04389098
 -0.04146729  0.04389098   -0.04146729  0.04389098   -0.05921658  0.08044789
    2    2
  0.24802849 -0.00000000    0.00593179 -0.00000000   -0.00635871  0.00771214
  0.00593179 -0.00000000    0.24802849 -0.00000000   -0.00635871  0.00771214
 -0.00635871 -0.00771214   -0.00635871 -0.00771214    0.29945417  0.00000000

     Dynamical  Matrix in cartesian axes

     q = (    0.250000000   0.750000000   0.750000000 ) 

    1    1
  0.29945417 -0.00000000    0.00635871 -0.00771214    0.00635871 -0.00771214
  0.00635871  0.00771214    0.24802849  0.00000000    0.00593179  0.00000000
  0.00635871  0.00771214    0.00593179  0.00000000    0.24802849  0.00000000
    1    2
  0.08044789 -0.05921658   -0.04389098  0.04146729   -0.04389098  0.04146729
 -0.04389098  0.04146729    0.06197885 -0.06084747   -0.13710859 -0.04183460
 -0.04389098  0.04146729   -0.13710859 -0.04183460    0.06197885 -0.06084747
    2    1
  0.08044789  0.05921658   -0.04389098 -0.04146729   -0.04389098 -0.04146729
 -0.04389098 -0.04146729    0.06197885  0.06084747   -0.13710859  0.04183460
 -0.04389098 -0.04146729   -0.13710859  0.04183460    0.06197885  0.06084747
    2    2
  0.29945417  0.00000000    0.00635871  0.00771214    0.00635871  0.00771214
  0.00635871 -0.00771214    0.24802849 -0.00000000    0.00593179 -0.00000000
  0.00635871 -0.00771214    0.00593179 -0.00000000    0.24802849 -0.00000000

     Dynamical  Matrix in cartesian axes

     q = (   -0.250000000  -0.750000000   0.750000000 ) 

    1    1
  0.29945417 -0.00000000    0.00635871 -0.00771214   -0.00635871  0.00771214
  0.00635871  0.00771214    0.24802849  0.00000000   -0.00593179 -0.00000000
 -0.00635871 -0.00771214   -0.00593179 -0.00000000    0.24802849  0.00000000
    1    2
 -0.08044789  0.05921658    0.04389098 -0.04146729   -0.04389098  0.04146729
  0.04389098 -0.04146729   -0.06197885  0.06084747   -0.13710859 -0.04183460
 -0.04389098  0.04146729   -0.13710859 -0.04183460   -0.06197885  0.06084747
    2    1
 -0.08044789 -0.05921658    0.04389098  0.04146729   -0.04389098 -0.04146729
  0.04389098  0.04146729   -0.06197885 -0.06084747   -0.13710859  0.04183460
 -0.04389098 -0.04146729   -0.13710859  0.04183460   -0.06197885 -0.06084747
    2    2
  0.29945417  0.00000000    0.00635871  0.00771214   -0.00635871 -0.00771214
  0.00635871 -0.00771214    0.24802849 -0.00000000   -0.00593179  0.00000000
 -0.00635871  0.00771214   -0.00593179  0.00000000    0.24802849 -0.00000000

     Dynamical  Matrix in cartesian axes

     q = (    0.750000000   0.750000000   0.250000000 ) 

    1    1
  0.24802849  0.00000000    0.00593179  0.00000000    0.00635871  0.00771214
  0.00593179  0.00000000    0.24802849  0.00000000    0.00635871  0.00771214
  0.00635871 -0.00771214    0.00635871 -0.00771214    0.29945417 -0.00000000
    1    2
  0.06197885 -0.06084747   -0.13710859 -0.04183460   -0.04389098  0.04146729
 -0.13710859 -0.04183460    0.06197885 -0.06084747   -0.04389098  0.04146729
 -0.04389098  0.04146729   -0.04389098  0.04146729    0.08044789 -0.05921658
    2    1
  0.06197885  0.06084747   -0.13710859  0.04183460   -0.04389098 -0.04146729
 -0.13710859  0.04183460    0.06197885  0.06084747   -0.04389098 -0.04146729
 -0.04389098 -0.04146729   -0.04389098 -0.04146729    0.08044789  0.05921658
    2    2
  0.24802849 -0.00000000    0.00593179 -0.00000000    0.00635871 -0.00771214
  0.00593179 -0.00000000    0.24802849 -0.00000000    0.00635871 -0.00771214
  0.00635871  0.00771214    0.00635871  0.00771214    0.29945417  0.00000000

     Dynamical  Matrix in cartesian axes

     q = (    0.250000000  -0.750000000  -0.750000000 ) 

    1    1
  0.29945417 -0.00000000   -0.00635871  0.00771214   -0.00635871  0.00771214
 -0.00635871 -0.00771214    0.24802849  0.00000000    0.00593179  0.00000000
 -0.00635871 -0.00771214    0.00593179  0.00000000    0.24802849  0.00000000
    1    2
 -0.05921658 -0.08044789   -0.04146729 -0.04389098   -0.04146729 -0.04389098
 -0.04146729 -0.04389098   -0.06084747 -0.06197885   -0.04183460  0.13710859
 -0.04146729 -0.04389098   -0.04183460  0.13710859   -0.06084747 -0.06197885
    2    1
 -0.05921658  0.08044789   -0.04146729  0.04389098   -0.04146729  0.04389098
 -0.04146729  0.04389098   -0.06084747  0.06197885   -0.04183460 -0.13710859
 -0.04146729  0.04389098   -0.04183460 -0.13710859   -0.06084747  0.06197885
    2    2
  0.29945417  0.00000000   -0.00635871 -0.00771214   -0.00635871 -0.00771214
 -0.00635871  0.00771214    0.24802849 -0.00000000    0.00593179 -0.00000000
 -0.00635871  0.00771214    0.00593179 -0.00000000    0.24802849 -0.00000000

     Dynamical  Matrix in cartesian axes

     q = (    0.750000000  -0.750000000  -0.250000000 ) 

    1    1
  0.24802849  0.00000000   -0.00593179 -0.00000000   -0.00635871 -0.00771214
 -0.00593179 -0.00000000    0.24802849  0.00000000    0.00635871  0.00771214
 -0.00635871  0.00771214    0.00635871 -0.00771214    0.29945417 -0.00000000
    1    2
 -0.06197885  0.06084747   -0.13710859 -0.04183460   -0.04389098  0.04146729
 -0.13710859 -0.04183460   -0.06197885  0.06084747    0.04389098 -0.04146729
 -0.04389098  0.04146729    0.04389098 -0.04146729   -0.08044789  0.05921658
    2    1
 -0.06197885 -0.06084747   -0.13710859  0.04183460   -0.04389098 -0.04146729
 -0.13710859  0.04183460   -0.06197885 -0.06084747    0.04389098  0.04146729
 -0.04389098 -0.04146729    0.04389098  0.04146729   -0.08044789 -0.05921658
    2    2
  0.24802849 -0.00000000   -0.00593179  0.00000000   -0.00635871  0.00771214
 -0.00593179  0.00000000    0.24802849 -0.00000000    0.00635871 -0.00771214
 -0.00635871 -0.00771214    0.00635871  0.00771214    0.29945417  0.00000000

     Diagonalizing the dynamical matrix

     q = (    0.750000000  -0.250000000   0.750000000 ) 

 **************************************************************************
     freq (    1) =       4.219140 [THz] =     140.735358 [cm-1]
 (  0.047534 -0.497735 -0.000000  0.000000 -0.047534  0.497735 ) 
 (  0.500000  0.000000 -0.000000 -0.000000 -0.500000  0.000000 ) 
     freq (    2) =       5.876726 [THz] =     196.026484 [cm-1]
 ( -0.390047 -0.164090 -0.343890  0.153671 -0.390047 -0.164090 ) 
 ( -0.423158 -0.000000 -0.257393 -0.274999 -0.423158  0.000000 ) 
     freq (    3) =       9.396270 [THz] =     313.425818 [cm-1]
 (  0.117177 -0.287904  0.378859  0.404013  0.117177 -0.287904 ) 
 ( -0.310837  0.000000  0.231387  0.503211 -0.310837  0.000000 ) 
     freq (    4) =      12.134928 [THz] =     404.777641 [cm-1]
 (  0.076203  0.318088 -0.402704 -0.351931  0.076203  0.318088 ) 
 ( -0.327089 -0.000000  0.436067  0.309632 -0.327089  0.000000 ) 
     freq (    5) =      13.671632 [THz] =     456.036554 [cm-1]
 (  0.047534 -0.497735 -0.000000 -0.000000 -0.047534  0.497735 ) 
 ( -0.500000 -0.000000  0.000000  0.000000  0.500000  0.000000 ) 
     freq (    6) =      14.066972 [THz] =     469.223674 [cm-1]
 ( -0.302751 -0.160228 -0.465575  0.220404 -0.302751 -0.160228 ) 
 (  0.342536  0.000000  0.308400  0.412586  0.342536 -0.000000 ) 
 **************************************************************************
