Dynamical matrix file
                                                                           
  1    2  2 10.3000000  0.0000000  0.0000000  0.0000000  0.0000000  0.0000000
           1  'Si  '    25598.822984527003     
    1    1      0.0000000000      0.0000000000      0.0000000000
    2    1      0.2500000000      0.2500000000      0.2500000000

     Dynamical  Matrix in cartesian axes

     q = (    0.750000000  -0.250000000   0.750000000 ) 

    1    1
  0.23887845  0.00000000   -0.00497098  0.00752109    0.00211470  0.00000000
 -0.00497098 -0.00752109    0.29510978 -0.00000000   -0.00497098 -0.00752109
  0.00211470  0.00000000   -0.00497098  0.00752109    0.23887845  0.00000000
    1    2
 -0.06478949  0.05663109   -0.03816858  0.04245503   -0.04327640 -0.13744596
 -0.03816858  0.04245503   -0.06350421  0.07554513   -0.03816858  0.04245503
 -0.04327640 -0.13744596   -0.03816858  0.04245503   -0.06478949  0.05663109
    2    1
 -0.06478949 -0.05663109   -0.03816858 -0.04245503   -0.04327640  0.13744596
 -0.03816858 -0.04245503   -0.06350421 -0.07554513   -0.03816858 -0.04245503
 -0.04327640  0.13744596   -0.03816858 -0.04245503   -0.06478949 -0.05663109
    2    2
  0.23887845 -0.00000000   -0.00497098 -0.00752109    0.00211470 -0.00000000
 -0.00497098  0.00752109    0.29510978  0.00000000   -0.00497098  0.00752109
  0.00211470 -0.00000000   -0.00497098 -0.00752109    0.23887845 -0.00000000

     Dynamical  Matrix in cartesian axes

     q = (    0.750000000  -0.250000000  -0.750000000 ) 

    1    1
  0.23887845 -0.00000000   -0.00497098 -0.00752109   -0.00211470  0.00000000
 -0.00497098  0.00752109    0.29510978  0.00000000    0.00497098 -0.00752109
 -0.00211470  0.00000000    0.00497098  0.00752109    0.23887845 -0.00000000
    1    2
 -0.05663109  0.06478949   -0.04245503  0.03816858   -0.13744596 -0.04327640
 -0.04245503  0.03816858   -0.07554513  0.06350421    0.04245503 -0.03816858
 -0.13744596 -0.04327640    0.04245503 -0.03816858   -0.05663109  0.06478949
    2    1
 -0.05663109 -0.06478949   -0.04245503 -0.03816858   -0.13744596  0.04327640
 -0.04245503 -0.03816858   -0.07554513 -0.06350421    0.04245503  0.03816858
 -0.13744596  0.04327640    0.04245503  0.03816858   -0.05663109 -0.06478949
    2    2
  0.23887845  0.00000000   -0.00497098  0.00752109   -0.00211470 -0.00000000
 -0.00497098 -0.00752109    0.29510978 -0.00000000    0.00497098  0.00752109
 -0.00211470 -0.00000000    0.00497098 -0.00752109    0.23887845  0.00000000

     Dynamical  Matrix in cartesian axes

     q = (   -0.750000000  -0.250000000  -0.750000000 ) 

    1    1
  0.23887845  0.00000000    0.00497098 -0.00752109    0.00211470  0.00000000
  0.00497098  0.00752109    0.29510978 -0.00000000    0.00497098  0.00752109
  0.00211470  0.00000000    0.00497098 -0.00752109    0.23887845  0.00000000
    1    2
  0.05663109  0.06478949   -0.04245503 -0.03816858   -0.13744596  0.04327640
 -0.04245503 -0.03816858    0.07554513  0.06350421   -0.04245503 -0.03816858
 -0.13744596  0.04327640   -0.04245503 -0.03816858    0.05663109  0.06478949
    2    1
  0.05663109 -0.06478949   -0.04245503  0.03816858   -0.13744596 -0.04327640
 -0.04245503  0.03816858    0.07554513 -0.06350421   -0.04245503  0.03816858
 -0.13744596 -0.04327640   -0.04245503  0.03816858    0.05663109 -0.06478949
    2    2
  0.23887845 -0.00000000    0.00497098  0.00752109    0.00211470 -0.00000000
  0.00497098 -0.00752109    0.29510978  0.00000000    0.00497098 -0.00752109
  0.00211470 -0.00000000    0.00497098  0.00752109    0.23887845 -0.00000000

     Dynamical  Matrix in cartesian axes

     q = (   -0.750000000  -0.250000000   0.750000000 ) 

    1    1
  0.23887845 -0.00000000    0.00497098  0.00752109   -0.00211470  0.00000000
  0.00497098 -0.00752109    0.29510978  0.00000000   -0.00497098  0.00752109
 -0.00211470  0.00000000   -0.00497098 -0.00752109    0.23887845 -0.00000000
    1    2
 -0.05663109  0.06478949    0.04245503 -0.03816858   -0.13744596 -0.04327640
  0.04245503 -0.03816858   -0.07554513  0.06350421   -0.04245503  0.03816858
 -0.13744596 -0.04327640   -0.04245503  0.03816858   -0.05663109  0.06478949
    2    1
 -0.05663109 -0.06478949    0.04245503  0.03816858   -0.13744596  0.04327640
  0.04245503  0.03816858   -0.07554513 -0.06350421   -0.04245503 -0.03816858
 -0.13744596  0.04327640   -0.04245503 -0.03816858   -0.05663109 -0.06478949
    2    2
  0.23887845  0.00000000    0.00497098 -0.00752109   -0.00211470 -0.00000000
  0.00497098  0.00752109    0.29510978  0.00000000   -0.00497098 -0.00752109
 -0.00211470 -0.00000000   -0.00497098  0.00752109    0.23887845  0.00000000

     Dynamical  Matrix in cartesian axes

     q = (   -0.750000000   0.250000000  -0.750000000 ) 

    1    1
  0.23887845 -0.00000000   -0.00497098 -0.00752109    0.00211470 -0.00000000
 -0.00497098  0.00752109    0.29510978  0.00000000   -0.00497098  0.00752109
  0.00211470 -0.00000000   -0.00497098 -0.00752109    0.23887845 -0.00000000
    1    2
 -0.06478949 -0.05663109   -0.03816858 -0.04245503   -0.04327640  0.13744596
 -0.03816858 -0.04245503   -0.06350421 -0.07554513   -0.03816858 -0.04245503
 -0.04327640  0.13744596   -0.03816858 -0.04245503   -0.06478949 -0.05663109
    2    1
 -0.06478949  0.05663109   -0.03816858  0.04245503   -0.04327640 -0.13744596
 -0.03816858  0.04245503   -0.06350421  0.07554513   -0.03816858  0.04245503
 -0.04327640 -0.13744596   -0.03816858  0.04245503   -0.06478949  0.05663109
    2    2
  0.23887845  0.00000000   -0.00497098  0.00752109    0.00211470  0.00000000
 -0.00497098 -0.00752109    0.29510978 -0.00000000   -0.00497098 -0.00752109
  0.00211470  0.00000000   -0.00497098  0.00752109    0.23887845  0.00000000

     Dynamical  Matrix in cartesian axes

     q = (   -0.250000000   0.750000000  -0.750000000 ) 

    1    1
  0.29510978  0.00000000   -0.00497098  0.00752109    0.00497098 -0.00752109
 -0.00497098 -0.00752109    0.23887845 -0.00000000   -0.00211470  0.00000000
  0.00497098  0.00752109   -0.00211470  0.00000000    0.23887845 -0.00000000
    1    2
 -0.07554513  0.06350421   -0.04245503  0.03816858    0.04245503 -0.03816858
 -0.04245503  0.03816858   -0.05663109  0.06478949   -0.13744596 -0.04327640
  0.04245503 -0.03816858   -0.13744596 -0.04327640   -0.05663109  0.06478949
    2    1
 -0.07554513 -0.06350421   -0.04245503 -0.03816858    0.04245503  0.03816858
 -0.04245503 -0.03816858   -0.05663109 -0.06478949   -0.13744596  0.04327640
  0.04245503  0.03816858   -0.13744596  0.04327640   -0.05663109 -0.06478949
    2    2
  0.29510978 -0.00000000   -0.00497098 -0.00752109    0.00497098  0.00752109
 -0.00497098  0.00752109    0.23887845  0.00000000   -0.00211470 -0.00000000
  0.00497098 -0.00752109   -0.00211470 -0.00000000    0.23887845  0.00000000

     Dynamical  Matrix in cartesian axes

     q = (   -0.750000000   0.750000000  -0.250000000 ) 

    1    1
  0.23887845 -0.00000000   -0.00211470  0.00000000    0.00497098  0.00752109
 -0.00211470  0.00000000    0.23887845 -0.00000000   -0.00497098 -0.00752109
  0.00497098 -0.00752109   -0.00497098  0.00752109    0.29510978  0.00000000
    1    2
 -0.05663109  0.06478949   -0.13744596 -0.04327640    0.04245503 -0.03816858
 -0.13744596 -0.04327640   -0.05663109  0.06478949   -0.04245503  0.03816858
  0.04245503 -0.03816858   -0.04245503  0.03816858   -0.07554513  0.06350421
    2    1
 -0.05663109 -0.06478949   -0.13744596  0.04327640    0.04245503  0.03816858
 -0.13744596  0.04327640   -0.05663109 -0.06478949   -0.04245503 -0.03816858
  0.04245503  0.03816858   -0.04245503 -0.03816858   -0.07554513 -0.06350421
    2    2
  0.23887845  0.00000000   -0.00211470 -0.00000000    0.00497098 -0.00752109
 -0.00211470 -0.00000000    0.23887845  0.00000000   -0.00497098  0.00752109
  0.00497098  0.00752109   -0.00497098 -0.00752109    0.29510978 -0.00000000

     Dynamical  Matrix in cartesian axes

     q = (    0.750000000   0.250000000   0.750000000 ) 

    1    1
  0.23887845 -0.00000000    0.00497098  0.00752109    0.00211470 -0.00000000
  0.00497098 -0.00752109    0.29510978  0.00000000    0.00497098 -0.00752109
  0.00211470 -0.00000000    0.00497098  0.00752109    0.23887845 -0.00000000
    1    2
  0.05663109 -0.06478949   -0.04245503  0.03816858   -0.13744596 -0.04327640
 -0.04245503  0.03816858    0.07554513 -0.06350421   -0.04245503  0.03816858
 -0.13744596 -0.04327640   -0.04245503  0.03816858    0.05663109 -0.06478949
    2    1
  0.05663109  0.06478949   -0.04245503 -0.03816858   -0.13744596  0.04327640
 -0.04245503 -0.03816858    0.07554513  0.06350421   -0.04245503 -0.03816858
 -0.13744596  0.04327640   -0.04245503 -0.03816858    0.05663109  0.06478949
    2    2
  0.23887845  0.00000000    0.00497098 -0.00752109    0.00211470  0.00000000
  0.00497098  0.00752109    0.29510978 -0.00000000    0.00497098  0.00752109
  0.00211470  0.00000000    0.00497098 -0.00752109    0.23887845  0.00000000

     Dynamical  Matrix in cartesian axes

     q = (   -0.750000000   0.250000000   0.750000000 ) 

    1    1
  0.23887845  0.00000000   -0.00497098  0.00752109   -0.00211470 -0.00000000
 -0.00497098 -0.00752109    0.29510978 -0.00000000    0.00497098  0.00752109
 -0.00211470 -0.00000000    0.00497098 -0.00752109    0.23887845  0.00000000
    1    2
 -0.05663109 -0.06478949   -0.04245503 -0.03816858   -0.13744596  0.04327640
 -0.04245503 -0.03816858   -0.07554513 -0.06350421    0.04245503  0.03816858
 -0.13744596  0.04327640    0.04245503  0.03816858   -0.05663109 -0.06478949
    2    1
 -0.05663109  0.06478949   -0.04245503  0.03816858   -0.13744596 -0.04327640
 -0.04245503  0.03816858   -0.07554513  0.06350421    0.04245503 -0.03816858
 -0.13744596 -0.04327640    0.04245503 -0.03816858   -0.05663109  0.06478949
    2    2
  0.23887845 -0.00000000   -0.00497098 -0.00752109   -0.00211470  0.00000000
 -0.00497098  0.00752109    0.29510978  0.00000000    0.00497098 -0.00752109
 -0.00211470  0.00000000    0.00497098  0.00752109    0.23887845 -0.00000000

     Dynamical  Matrix in cartesian axes

     q = (    0.750000000   0.250000000  -0.750000000 ) 

    1    1
  0.23887845  0.00000000    0.00497098 -0.00752109   -0.00211470 -0.00000000
  0.00497098  0.00752109    0.29510978  0.00000000   -0.00497098 -0.00752109
 -0.00211470 -0.00000000   -0.00497098  0.00752109    0.23887845  0.00000000
    1    2
 -0.05663109 -0.06478949    0.04245503  0.03816858   -0.13744596  0.04327640
  0.04245503  0.03816858   -0.07554513 -0.06350421   -0.04245503 -0.03816858
 -0.13744596  0.04327640   -0.04245503 -0.03816858   -0.05663109 -0.06478949
    2    1
 -0.05663109  0.06478949    0.04245503 -0.03816858   -0.13744596 -0.04327640
  0.04245503 -0.03816858   -0.07554513  0.06350421   -0.04245503  0.03816858
 -0.13744596 -0.04327640   -0.04245503  0.03816858   -0.05663109  0.06478949
    2    2
  0.23887845 -0.00000000    0.00497098  0.00752109   -0.00211470  0.00000000
  0.00497098 -0.00752109    0.29510978  0.00000000   -0.00497098  0.00752109
 -0.00211470  0.00000000   -0.00497098 -0.00752109    0.23887845 -0.00000000

     Dynamical  Matrix in cartesian axes

     q = (   -0.750000000   0.750000000   0.250000000 ) 

    1    1
  0.23887845  0.00000000   -0.00211470 -0.00000000   -0.00497098  0.00752109
 -0.00211470 -0.00000000    0.23887845  0.00000000    0.00497098 -0.00752109
 -0.00497098 -0.00752109    0.00497098  0.00752109    0.29510978 -0.00000000
    1    2
 -0.05663109 -0.06478949   -0.13744596  0.04327640   -0.04245503 -0.03816858
 -0.13744596  0.04327640   -0.05663109 -0.06478949    0.04245503  0.03816858
 -0.04245503 -0.03816858    0.04245503  0.03816858   -0.07554513 -0.06350421
    2    1
 -0.05663109  0.06478949   -0.13744596 -0.04327640   -0.04245503  0.03816858
 -0.13744596 -0.04327640   -0.05663109  0.06478949    0.04245503 -0.03816858
 -0.04245503  0.03816858    0.04245503 -0.03816858   -0.07554513  0.06350421
    2    2
  0.23887845 -0.00000000   -0.00211470  0.00000000   -0.00497098 -0.00752109
 -0.00211470  0.00000000    0.23887845 -0.00000000    0.00497098  0.00752109
 -0.00497098  0.00752109    0.00497098 -0.00752109    0.29510978  0.00000000

     Dynamical  Matrix in cartesian axes

     q = (   -0.250000000   0.750000000   0.750000000 ) 

    1    1
  0.29510978 -0.00000000   -0.00497098 -0.00752109   -0.00497098 -0.00752109
 -0.00497098  0.00752109    0.23887845  0.00000000    0.00211470  0.00000000
 -0.00497098  0.00752109    0.00211470 -0.00000000    0.23887845  0.00000000
    1    2
 -0.06350421  0.07554513   -0.03816858  0.04245503   -0.03816858  0.04245503
 -0.03816858  0.04245503   -0.06478949  0.05663109   -0.04327640 -0.13744596
 -0.03816858  0.04245503   -0.04327640 -0.13744596   -0.06478949  0.05663109
    2    1
 -0.06350421 -0.07554513   -0.03816858 -0.04245503   -0.03816858 -0.04245503
 -0.03816858 -0.04245503   -0.06478949 -0.05663109   -0.04327640  0.13744596
 -0.03816858 -0.04245503   -0.04327640  0.13744596   -0.06478949 -0.05663109
    2    2
  0.29510978  0.00000000   -0.00497098  0.00752109   -0.00497098  0.00752109
 -0.00497098 -0.00752109    0.23887845 -0.00000000    0.00211470 -0.00000000
 -0.00497098 -0.00752109    0.00211470  0.00000000    0.23887845 -0.00000000

     Dynamical  Matrix in cartesian axes

     q = (    0.250000000   0.750000000  -0.750000000 ) 

    1    1
  0.29510978 -0.00000000    0.00497098  0.00752109   -0.00497098 -0.00752109
  0.00497098 -0.00752109    0.23887845  0.00000000   -0.00211470 -0.00000000
 -0.00497098  0.00752109   -0.00211470 -0.00000000    0.23887845  0.00000000
    1    2
 -0.07554513 -0.06350421    0.04245503  0.03816858   -0.04245503 -0.03816858
  0.04245503  0.03816858   -0.05663109 -0.06478949   -0.13744596  0.04327640
 -0.04245503 -0.03816858   -0.13744596  0.04327640   -0.05663109 -0.06478949
    2    1
 -0.07554513  0.06350421    0.04245503 -0.03816858   -0.04245503  0.03816858
  0.04245503 -0.03816858   -0.05663109  0.06478949   -0.13744596 -0.04327640
 -0.04245503  0.03816858   -0.13744596 -0.04327640   -0.05663109  0.06478949
    2    2
  0.29510978  0.00000000    0.00497098 -0.00752109   -0.00497098  0.00752109
  0.00497098  0.00752109    0.23887845 -0.00000000   -0.00211470  0.00000000
 -0.00497098 -0.00752109   -0.00211470  0.00000000    0.23887845 -0.00000000

     Dynamical  Matrix in cartesian axes

     q = (   -0.250000000  -0.750000000  -0.750000000 ) 

    1    1
  0.29510978 -0.00000000    0.00497098  0.00752109    0.00497098  0.00752109
  0.00497098 -0.00752109    0.23887845  0.00000000    0.00211470 -0.00000000
  0.00497098 -0.00752109    0.00211470  0.00000000    0.23887845  0.00000000
    1    2
  0.07554513  0.06350421   -0.04245503 -0.03816858   -0.04245503 -0.03816858
 -0.04245503 -0.03816858    0.05663109  0.06478949   -0.13744596  0.04327640
 -0.04245503 -0.03816858   -0.13744596  0.04327640    0.05663109  0.06478949
    2    1
  0.07554513 -0.06350421   -0.04245503  0.03816858   -0.04245503  0.03816858
 -0.04245503  0.03816858    0.05663109 -0.06478949   -0.13744596 -0.04327640
 -0.04245503  0.03816858   -0.13744596 -0.04327640    0.05663109 -0.06478949
    2    2
  0.29510978  0.00000000    0.00497098 -0.00752109    0.00497098 -0.00752109
  0.00497098  0.00752109    0.23887845 -0.00000000    0.00211470  0.00000000
  0.00497098  0.00752109    0.00211470 -0.00000000    0.23887845 -0.00000000

     Dynamical  Matrix in cartesian axes

     q = (    0.750000000   0.750000000  -0.250000000 ) 

    1    1
  0.23887845  0.00000000    0.00211470  0.00000000   -0.00497098  0.00752109
  0.00211470  0.00000000    0.23887845  0.00000000   -0.00497098  0.00752109
 -0.00497098 -0.00752109   -0.00497098 -0.00752109    0.29510978 -0.00000000
    1    2
 -0.06478949  0.05663109   -0.04327640 -0.13744596   -0.03816858  0.04245503
 -0.04327640 -0.13744596   -0.06478949  0.05663109   -0.03816858  0.04245503
 -0.03816858  0.04245503   -0.03816858  0.04245503   -0.06350421  0.07554513
    2    1
 -0.06478949 -0.05663109   -0.04327640  0.13744596   -0.03816858 -0.04245503
 -0.04327640  0.13744596   -0.06478949 -0.05663109   -0.03816858 -0.04245503
 -0.03816858 -0.04245503   -0.03816858 -0.04245503   -0.06350421 -0.07554513
    2    2
  0.23887845 -0.00000000    0.00211470 -0.00000000   -0.00497098 -0.00752109
  0.00211470 -0.00000000    0.23887845 -0.00000000   -0.00497098 -0.00752109
 -0.00497098  0.00752109   -0.00497098  0.00752109    0.29510978  0.00000000

     Dynamical  Matrix in cartesian axes

     q = (    0.750000000  -0.750000000   0.250000000 ) 

    1    1
  0.23887845  0.00000000   -0.00211470 -0.00000000    0.00497098 -0.00752109
 -0.00211470 -0.00000000    0.23887845  0.00000000   -0.00497098  0.00752109
  0.00497098  0.00752109   -0.00497098 -0.00752109    0.29510978 -0.00000000
    1    2
 -0.05663109 -0.06478949   -0.13744596  0.04327640    0.04245503  0.03816858
 -0.13744596  0.04327640   -0.05663109 -0.06478949   -0.04245503 -0.03816858
  0.04245503  0.03816858   -0.04245503 -0.03816858   -0.07554513 -0.06350421
    2    1
 -0.05663109  0.06478949   -0.13744596 -0.04327640    0.04245503 -0.03816858
 -0.13744596 -0.04327640   -0.05663109  0.06478949   -0.04245503  0.03816858
  0.04245503 -0.03816858   -0.04245503  0.03816858   -0.07554513  0.06350421
    2    2
  0.23887845 -0.00000000   -0.00211470  0.00000000    0.00497098  0.00752109
 -0.00211470  0.00000000    0.23887845 -0.00000000   -0.00497098 -0.00752109
  0.00497098 -0.00752109   -0.00497098  0.00752109    0.29510978  0.00000000

     Dynamical  Matrix in cartesian axes

     q = (   -0.750000000  -0.750000000  -0.250000000 ) 

    1    1
  0.23887845  0.00000000    0.00211470  0.00000000    0.00497098 -0.00752109
  0.00211470  0.00000000    0.23887845  0.00000000    0.00497098 -0.00752109
  0.00497098  0.00752109    0.00497098  0.00752109    0.29510978 -0.00000000
    1    2
  0.05663109  0.06478949   -0.13744596  0.04327640   -0.04245503 -0.03816858
 -0.13744596  0.04327640    0.05663109  0.06478949   -0.04245503 -0.03816858
 -0.04245503 -0.03816858   -0.04245503 -0.03816858    0.07554513  0.06350421
    2    1
  0.05663109 -0.06478949   -0.13744596 -0.04327640   -0.04245503  0.03816858
 -0.13744596 -0.04327640    0.05663109 -0.06478949   -0.04245503  0.03816858
 -0.04245503  0.03816858   -0.04245503  0.03816858    0.07554513 -0.06350421
    2    2
  0.23887845 -0.00000000    0.00211470 -0.00000000    0.00497098  0.00752109
  0.00211470 -0.00000000    0.23887845 -0.00000000    0.00497098  0.00752109
  0.00497098 -0.00752109    0.00497098 -0.00752109    0.29510978  0.00000000

     Dynamical  Matrix in cartesian axes

     q = (    0.250000000  -0.750000000   0.750000000 ) 

    1    1
  0.29510978 -0.00000000   -0.00497098 -0.00752109    0.00497098  0.00752109
 -0.00497098  0.00752109    0.23887845  0.00000000   -0.00211470 -0.00000000
  0.00497098 -0.00752109   -0.00211470 -0.00000000    0.23887845  0.00000000
    1    2
 -0.07554513 -0.06350421   -0.04245503 -0.03816858    0.04245503  0.03816858
 -0.04245503 -0.03816858   -0.05663109 -0.06478949   -0.13744596  0.04327640
  0.04245503  0.03816858   -0.13744596  0.04327640   -0.05663109 -0.06478949
    2    1
 -0.07554513  0.06350421   -0.04245503  0.03816858    0.04245503 -0.03816858
 -0.04245503  0.03816858   -0.05663109  0.06478949   -0.13744596 -0.04327640
  0.04245503 -0.03816858   -0.13744596 -0.04327640   -0.05663109  0.06478949
    2    2
  0.29510978  0.00000000   -0.00497098  0.00752109    0.00497098 -0.00752109
 -0.00497098 -0.00752109    0.23887845 -0.00000000   -0.00211470  0.00000000
  0.00497098  0.00752109   -0.00211470  0.00000000    0.23887845 -0.00000000

     Dynamical  Matrix in cartesian axes

     q = (   -0.750000000  -0.750000000   0.250000000 ) 

    1    1
  0.23887845 -0.00000000    0.00211470 -0.00000000   -0.00497098 -0.00752109
  0.00211470 -0.00000000    0.23887845 -0.00000000   -0.00497098 -0.00752109
 -0.00497098  0.00752109   -0.00497098  0.00752109    0.29510978  0.00000000
    1    2
 -0.06478949 -0.05663109   -0.04327640  0.13744596   -0.03816858 -0.04245503
 -0.04327640  0.13744596   -0.06478949 -0.05663109   -0.03816858 -0.04245503
 -0.03816858 -0.04245503   -0.03816858 -0.04245503   -0.06350421 -0.07554513
    2    1
 -0.06478949  0.05663109   -0.04327640 -0.13744596   -0.03816858  0.04245503
 -0.04327640 -0.13744596   -0.06478949  0.05663109   -0.03816858  0.04245503
 -0.03816858  0.04245503   -0.03816858  0.04245503   -0.06350421  0.07554513
    2    2
  0.23887845  0.00000000    0.00211470  0.00000000   -0.00497098  0.00752109
  0.00211470  0.00000000    0.23887845  0.00000000   -0.00497098  0.00752109
 -0.00497098 -0.00752109   -0.00497098 -0.00752109    0.29510978 -0.00000000

     Dynamical  Matrix in cartesian axes

     q = (    0.250000000   0.750000000   0.750000000 ) 

    1    1
  0.29510978  0.00000000    0.00497098 -0.00752109    0.00497098 -0.00752109
  0.00497098  0.00752109    0.23887845 -0.00000000    0.00211470  0.00000000
  0.00497098  0.00752109    0.00211470 -0.00000000    0.23887845 -0.00000000
    1    2
  0.07554513 -0.06350421   -0.04245503  0.03816858   -0.04245503  0.03816858
 -0.04245503  0.03816858    0.05663109 -0.06478949   -0.13744596 -0.04327640
 -0.04245503  0.03816858   -0.13744596 -0.04327640    0.05663109 -0.06478949
    2    1
  0.07554513  0.06350421   -0.04245503 -0.03816858   -0.04245503 -0.03816858
 -0.04245503 -0.03816858    0.05663109  0.06478949   -0.13744596  0.04327640
 -0.04245503 -0.03816858   -0.13744596  0.04327640    0.05663109  0.06478949
    2    2
  0.29510978 -0.00000000    0.00497098  0.00752109    0.00497098  0.00752109
  0.00497098 -0.00752109    0.23887845  0.00000000    0.00211470 -0.00000000
  0.00497098 -0.00752109    0.00211470  0.00000000    0.23887845  0.00000000

     Dynamical  Matrix in cartesian axes

     q = (   -0.250000000  -0.750000000   0.750000000 ) 

    1    1
  0.29510978  0.00000000    0.00497098 -0.00752109   -0.00497098  0.00752109
  0.00497098  0.00752109    0.23887845 -0.00000000   -0.00211470  0.00000000
 -0.00497098 -0.00752109   -0.00211470  0.00000000    0.23887845 -0.00000000
    1    2
 -0.07554513  0.06350421    0.04245503 -0.03816858   -0.04245503  0.03816858
  0.04245503 -0.03816858   -0.05663109  0.06478949   -0.13744596 -0.04327640
 -0.04245503  0.03816858   -0.13744596 -0.04327640   -0.05663109  0.06478949
    2    1
 -0.07554513 -0.06350421    0.04245503  0.03816858   -0.04245503 -0.03816858
  0.04245503  0.03816858   -0.05663109 -0.06478949   -0.13744596  0.04327640
 -0.04245503 -0.03816858   -0.13744596  0.04327640   -0.05663109 -0.06478949
    2    2
  0.29510978 -0.00000000    0.00497098  0.00752109   -0.00497098 -0.00752109
  0.00497098 -0.00752109    0.23887845  0.00000000   -0.00211470 -0.00000000
 -0.00497098  0.00752109   -0.00211470 -0.00000000    0.23887845  0.00000000

     Dynamical  Matrix in cartesian axes

     q = (    0.750000000   0.750000000   0.250000000 ) 

    1    1
  0.23887845 -0.00000000    0.00211470 -0.00000000    0.00497098  0.00752109
  0.00211470 -0.00000000    0.23887845 -0.00000000    0.00497098  0.00752109
  0.00497098 -0.00752109    0.00497098 -0.00752109    0.29510978  0.00000000
    1    2
  0.05663109 -0.06478949   -0.13744596 -0.04327640   -0.04245503  0.03816858
 -0.13744596 -0.04327640    0.05663109 -0.06478949   -0.04245503  0.03816858
 -0.04245503  0.03816858   -0.04245503  0.03816858    0.07554513 -0.06350421
    2    1
  0.05663109  0.06478949   -0.13744596  0.04327640   -0.04245503 -0.03816858
 -0.13744596  0.04327640    0.05663109  0.06478949   -0.04245503 -0.03816858
 -0.04245503 -0.03816858   -0.04245503 -0.03816858    0.07554513  0.06350421
    2    2
  0.23887845  0.00000000    0.00211470  0.00000000    0.00497098 -0.00752109
  0.00211470  0.00000000    0.23887845  0.00000000    0.00497098 -0.00752109
  0.00497098  0.00752109    0.00497098  0.00752109    0.29510978 -0.00000000

     Dynamical  Matrix in cartesian axes

     q = (    0.250000000  -0.750000000  -0.750000000 ) 

    1    1
  0.29510978  0.00000000   -0.00497098  0.00752109   -0.00497098  0.00752109
 -0.00497098 -0.00752109    0.23887845 -0.00000000    0.00211470 -0.00000000
 -0.00497098 -0.00752109    0.00211470  0.00000000    0.23887845 -0.00000000
    1    2
 -0.06350421 -0.07554513   -0.03816858 -0.04245503   -0.03816858 -0.04245503
 -0.03816858 -0.04245503   -0.06478949 -0.05663109   -0.04327640  0.13744596
 -0.03816858 -0.04245503   -0.04327640  0.13744596   -0.06478949 -0.05663109
    2    1
 -0.06350421  0.07554513   -0.03816858  0.04245503   -0.03816858  0.04245503
 -0.03816858  0.04245503   -0.06478949  0.05663109   -0.04327640 -0.13744596
 -0.03816858  0.04245503   -0.04327640 -0.13744596   -0.06478949  0.05663109
    2    2
  0.29510978 -0.00000000   -0.00497098 -0.00752109   -0.00497098 -0.00752109
 -0.00497098  0.00752109    0.23887845  0.00000000    0.00211470  0.00000000
 -0.00497098  0.00752109    0.00211470 -0.00000000    0.23887845  0.00000000

     Dynamical  Matrix in cartesian axes

     q = (    0.750000000  -0.750000000  -0.250000000 ) 

    1    1
  0.23887845 -0.00000000   -0.00211470  0.00000000   -0.00497098 -0.00752109
 -0.00211470  0.00000000    0.23887845 -0.00000000    0.00497098  0.00752109
 -0.00497098  0.00752109    0.00497098 -0.00752109    0.29510978  0.00000000
    1    2
 -0.05663109  0.06478949   -0.13744596 -0.04327640   -0.04245503  0.03816858
 -0.13744596 -0.04327640   -0.05663109  0.06478949    0.04245503 -0.03816858
 -0.04245503  0.03816858    0.04245503 -0.03816858   -0.07554513  0.06350421
    2    1
 -0.05663109 -0.06478949   -0.13744596  0.04327640   -0.04245503 -0.03816858
 -0.13744596  0.04327640   -0.05663109 -0.06478949    0.04245503  0.03816858
 -0.04245503 -0.03816858    0.04245503  0.03816858   -0.07554513 -0.06350421
    2    2
  0.23887845  0.00000000   -0.00211470 -0.00000000   -0.00497098  0.00752109
 -0.00211470 -0.00000000    0.23887845  0.00000000    0.00497098 -0.00752109
 -0.00497098 -0.00752109    0.00497098  0.00752109    0.29510978 -0.00000000

     Diagonalizing the dynamical matrix

     q = (    0.750000000  -0.250000000   0.750000000 ) 

 **************************************************************************
     freq (    1) =       4.188693 [THz] =     139.719766 [cm-1]
 (  0.055087 -0.496956 -0.000000  0.000000 -0.055087  0.496956 ) 
 (  0.500000  0.000000 -0.000000 -0.000000 -0.500000  0.000000 ) 
     freq (    2) =       5.501563 [THz] =     183.512397 [cm-1]
 ( -0.395978 -0.198504 -0.300355  0.131841 -0.395978 -0.198504 ) 
 ( -0.442948 -0.000000 -0.209422 -0.252462 -0.442948  0.000000 ) 
     freq (    3) =       9.123941 [THz] =     304.341923 [cm-1]
 (  0.134997 -0.245504  0.386148  0.440337  0.134997 -0.245504 ) 
 ( -0.280172  0.000000  0.199790  0.550538 -0.280172  0.000000 ) 
     freq (    4) =      12.107576 [THz] =     403.865265 [cm-1]
 (  0.102659  0.313021 -0.413828 -0.334222  0.102659  0.313021 ) 
 ( -0.329425 -0.000000  0.446541  0.289067 -0.329425  0.000000 ) 
     freq (    5) =      13.515177 [THz] =     450.817782 [cm-1]
 (  0.055087 -0.496956  0.000000 -0.000000 -0.055087  0.496956 ) 
 ( -0.500000 -0.000000 -0.000000 -0.000000  0.500000  0.000000 ) 
     freq (    6) =      13.900238 [THz] =     463.662035 [cm-1]
 ( -0.303621 -0.156828 -0.471654  0.209719 -0.303621 -0.156828 ) 
 (  0.341732  0.000000  0.322809  0.402782  0.341732 -0.000000 ) 
 **************************************************************************
