Dynamical matrix file
                                                                           
  1    2  2 10.3000000  0.0000000  0.0000000  0.0000000  0.0000000  0.0000000
           1  'Si  '    25598.822984527003     
    1    1      0.0000000000      0.0000000000      0.0000000000
    2    1      0.2500000000      0.2500000000      0.2500000000

     Dynamical  Matrix in cartesian axes

     q = (   -0.250000000   0.250000000  -0.250000000 ) 

    1    1
  0.27541577  0.00000000   -0.01107237  0.00000000    0.01107237  0.00000000
 -0.01107237  0.00000000    0.27541577  0.00000000   -0.01107237  0.00000000
  0.01107237  0.00000000   -0.01107237  0.00000000    0.27541577  0.00000000
    1    2
 -0.19824011 -0.05712696   -0.03862175  0.03930170    0.03862175 -0.03930170
 -0.03862175  0.03930170   -0.19824011 -0.05712696   -0.03862175  0.03930170
  0.03862175 -0.03930170   -0.03862175  0.03930170   -0.19824011 -0.05712696
    2    1
 -0.19824011  0.05712696   -0.03862175 -0.03930170    0.03862175  0.03930170
 -0.03862175 -0.03930170   -0.19824011  0.05712696   -0.03862175 -0.03930170
  0.03862175  0.03930170   -0.03862175 -0.03930170   -0.19824011  0.05712696
    2    2
  0.27541577  0.00000000   -0.01107237  0.00000000    0.01107237  0.00000000
 -0.01107237  0.00000000    0.27541577  0.00000000   -0.01107237  0.00000000
  0.01107237  0.00000000   -0.01107237  0.00000000    0.27541577  0.00000000

     Dynamical  Matrix in cartesian axes

     q = (    0.250000000  -0.250000000  -0.250000000 ) 

    1    1
  0.27541577  0.00000000   -0.01107237  0.00000000   -0.01107237  0.00000000
 -0.01107237  0.00000000    0.27541577  0.00000000    0.01107237  0.00000000
 -0.01107237  0.00000000    0.01107237  0.00000000    0.27541577  0.00000000
    1    2
 -0.19824011 -0.05712696   -0.03862175  0.03930170   -0.03862175  0.03930170
 -0.03862175  0.03930170   -0.19824011 -0.05712696    0.03862175 -0.03930170
 -0.03862175  0.03930170    0.03862175 -0.03930170   -0.19824011 -0.05712696
    2    1
 -0.19824011  0.05712696   -0.03862175 -0.03930170   -0.03862175 -0.03930170
 -0.03862175 -0.03930170   -0.19824011  0.05712696    0.03862175  0.03930170
 -0.03862175 -0.03930170    0.03862175  0.03930170   -0.19824011  0.05712696
    2    2
  0.27541577  0.00000000   -0.01107237  0.00000000   -0.01107237  0.00000000
 -0.01107237  0.00000000    0.27541577  0.00000000    0.01107237  0.00000000
 -0.01107237  0.00000000    0.01107237  0.00000000    0.27541577  0.00000000

     Dynamical  Matrix in cartesian axes

     q = (    0.250000000  -0.250000000   0.250000000 ) 

    1    1
  0.27541577  0.00000000   -0.01107237  0.00000000    0.01107237  0.00000000
 -0.01107237  0.00000000    0.27541577  0.00000000   -0.01107237  0.00000000
  0.01107237  0.00000000   -0.01107237  0.00000000    0.27541577  0.00000000
    1    2
 -0.19824011  0.05712696   -0.03862175 -0.03930170    0.03862175  0.03930170
 -0.03862175 -0.03930170   -0.19824011  0.05712696   -0.03862175 -0.03930170
  0.03862175  0.03930170   -0.03862175 -0.03930170   -0.19824011  0.05712696
    2    1
 -0.19824011 -0.05712696   -0.03862175  0.03930170    0.03862175 -0.03930170
 -0.03862175  0.03930170   -0.19824011 -0.05712696   -0.03862175  0.03930170
  0.03862175 -0.03930170   -0.03862175  0.03930170   -0.19824011 -0.05712696
    2    2
  0.27541577  0.00000000   -0.01107237  0.00000000    0.01107237  0.00000000
 -0.01107237  0.00000000    0.27541577  0.00000000   -0.01107237  0.00000000
  0.01107237  0.00000000   -0.01107237  0.00000000    0.27541577  0.00000000

     Dynamical  Matrix in cartesian axes

     q = (    0.250000000   0.250000000   0.250000000 ) 

    1    1
  0.27541577  0.00000000    0.01107237  0.00000000    0.01107237  0.00000000
  0.01107237  0.00000000    0.27541577  0.00000000    0.01107237  0.00000000
  0.01107237  0.00000000    0.01107237  0.00000000    0.27541577  0.00000000
    1    2
 -0.05712696  0.19824011   -0.03930170 -0.03862175   -0.03930170 -0.03862175
 -0.03930170 -0.03862175   -0.05712696  0.19824011   -0.03930170 -0.03862175
 -0.03930170 -0.03862175   -0.03930170 -0.03862175   -0.05712696  0.19824011
    2    1
 -0.05712696 -0.19824011   -0.03930170  0.03862175   -0.03930170  0.03862175
 -0.03930170  0.03862175   -0.05712696 -0.19824011   -0.03930170  0.03862175
 -0.03930170  0.03862175   -0.03930170  0.03862175   -0.05712696 -0.19824011
    2    2
  0.27541577  0.00000000    0.01107237  0.00000000    0.01107237  0.00000000
  0.01107237  0.00000000    0.27541577  0.00000000    0.01107237  0.00000000
  0.01107237  0.00000000    0.01107237  0.00000000    0.27541577  0.00000000

     Dynamical  Matrix in cartesian axes

     q = (   -0.250000000  -0.250000000  -0.250000000 ) 

    1    1
  0.27541577  0.00000000    0.01107237  0.00000000    0.01107237  0.00000000
  0.01107237  0.00000000    0.27541577  0.00000000    0.01107237  0.00000000
  0.01107237  0.00000000    0.01107237  0.00000000    0.27541577  0.00000000
    1    2
 -0.05712696 -0.19824011   -0.03930170  0.03862175   -0.03930170  0.03862175
 -0.03930170  0.03862175   -0.05712696 -0.19824011   -0.03930170  0.03862175
 -0.03930170  0.03862175   -0.03930170  0.03862175   -0.05712696 -0.19824011
    2    1
 -0.05712696  0.19824011   -0.03930170 -0.03862175   -0.03930170 -0.03862175
 -0.03930170 -0.03862175   -0.05712696  0.19824011   -0.03930170 -0.03862175
 -0.03930170 -0.03862175   -0.03930170 -0.03862175   -0.05712696  0.19824011
    2    2
  0.27541577  0.00000000    0.01107237  0.00000000    0.01107237  0.00000000
  0.01107237  0.00000000    0.27541577  0.00000000    0.01107237  0.00000000
  0.01107237  0.00000000    0.01107237  0.00000000    0.27541577  0.00000000

     Dynamical  Matrix in cartesian axes

     q = (   -0.250000000  -0.250000000   0.250000000 ) 

    1    1
  0.27541577  0.00000000    0.01107237  0.00000000   -0.01107237  0.00000000
  0.01107237  0.00000000    0.27541577  0.00000000   -0.01107237  0.00000000
 -0.01107237  0.00000000   -0.01107237  0.00000000    0.27541577  0.00000000
    1    2
 -0.19824011 -0.05712696    0.03862175 -0.03930170   -0.03862175  0.03930170
  0.03862175 -0.03930170   -0.19824011 -0.05712696   -0.03862175  0.03930170
 -0.03862175  0.03930170   -0.03862175  0.03930170   -0.19824011 -0.05712696
    2    1
 -0.19824011  0.05712696    0.03862175  0.03930170   -0.03862175 -0.03930170
  0.03862175  0.03930170   -0.19824011  0.05712696   -0.03862175 -0.03930170
 -0.03862175 -0.03930170   -0.03862175 -0.03930170   -0.19824011  0.05712696
    2    2
  0.27541577  0.00000000    0.01107237  0.00000000   -0.01107237  0.00000000
  0.01107237  0.00000000    0.27541577  0.00000000   -0.01107237  0.00000000
 -0.01107237  0.00000000   -0.01107237  0.00000000    0.27541577  0.00000000

     Dynamical  Matrix in cartesian axes

     q = (   -0.250000000   0.250000000   0.250000000 ) 

    1    1
  0.27541577  0.00000000   -0.01107237  0.00000000   -0.01107237  0.00000000
 -0.01107237  0.00000000    0.27541577  0.00000000    0.01107237  0.00000000
 -0.01107237  0.00000000    0.01107237  0.00000000    0.27541577  0.00000000
    1    2
 -0.19824011  0.05712696   -0.03862175 -0.03930170   -0.03862175 -0.03930170
 -0.03862175 -0.03930170   -0.19824011  0.05712696    0.03862175  0.03930170
 -0.03862175 -0.03930170    0.03862175  0.03930170   -0.19824011  0.05712696
    2    1
 -0.19824011 -0.05712696   -0.03862175  0.03930170   -0.03862175  0.03930170
 -0.03862175  0.03930170   -0.19824011 -0.05712696    0.03862175 -0.03930170
 -0.03862175  0.03930170    0.03862175 -0.03930170   -0.19824011 -0.05712696
    2    2
  0.27541577  0.00000000   -0.01107237  0.00000000   -0.01107237  0.00000000
 -0.01107237  0.00000000    0.27541577  0.00000000    0.01107237  0.00000000
 -0.01107237  0.00000000    0.01107237  0.00000000    0.27541577  0.00000000

     Dynamical  Matrix in cartesian axes

     q = (    0.250000000   0.250000000  -0.250000000 ) 

    1    1
  0.27541577  0.00000000    0.01107237  0.00000000   -0.01107237  0.00000000
  0.01107237  0.00000000    0.27541577  0.00000000   -0.01107237  0.00000000
 -0.01107237  0.00000000   -0.01107237  0.00000000    0.27541577  0.00000000
    1    2
 -0.19824011  0.05712696    0.03862175  0.03930170   -0.03862175 -0.03930170
  0.03862175  0.03930170   -0.19824011  0.05712696   -0.03862175 -0.03930170
 -0.03862175 -0.03930170   -0.03862175 -0.03930170   -0.19824011  0.05712696
    2    1
 -0.19824011 -0.05712696    0.03862175 -0.03930170   -0.03862175  0.03930170
  0.03862175 -0.03930170   -0.19824011 -0.05712696   -0.03862175  0.03930170
 -0.03862175  0.03930170   -0.03862175  0.03930170   -0.19824011 -0.05712696
    2    2
  0.27541577  0.00000000    0.01107237  0.00000000   -0.01107237  0.00000000
  0.01107237  0.00000000    0.27541577  0.00000000   -0.01107237  0.00000000
 -0.01107237  0.00000000   -0.01107237  0.00000000    0.27541577  0.00000000

     Diagonalizing the dynamical matrix

     q = (   -0.250000000   0.250000000  -0.250000000 ) 

 **************************************************************************
     freq (    1) =       3.366881 [THz] =     112.307052 [cm-1]
 ( -0.235902 -0.018032  0.336865  0.025072  0.572766  0.043104 ) 
 ( -0.236590 -0.000278  0.337796 -0.000278  0.574386 -0.000000 ) 
     freq (    2) =       3.366881 [THz] =     112.307052 [cm-1]
 ( -0.525362 -0.036794 -0.467094 -0.032409  0.058268  0.004385 ) 
 ( -0.526641  0.002735 -0.468209  0.002735  0.058433  0.000000 ) 
     freq (    3) =       6.994957 [THz] =     233.326647 [cm-1]
 (  0.271661  0.304741 -0.271661 -0.304741  0.271661  0.304741 ) 
 (  0.408248  0.000000 -0.408248  0.000000  0.408248  0.000000 ) 
     freq (    4) =      14.236745 [THz] =     474.886693 [cm-1]
 (  0.271661  0.304741 -0.271661 -0.304741  0.271661  0.304741 ) 
 ( -0.408248  0.000000  0.408248  0.000000 -0.408248  0.000000 ) 
     freq (    5) =      14.566756 [THz] =     485.894664 [cm-1]
 ( -0.457228  0.202150 -0.457404  0.202137 -0.000176 -0.000013 ) 
 (  0.440769 -0.235892  0.440945 -0.235892  0.000176  0.000000 ) 
     freq (    6) =      14.566756 [THz] =     485.894664 [cm-1]
 ( -0.288001 -0.021602  0.287722  0.021725  0.575722  0.043326 ) 
 (  0.288810 -0.000072 -0.288541 -0.000072 -0.577350  0.000000 ) 
 **************************************************************************
