Dynamical matrix file
                                                                           
  1    2  2 10.4030000  0.0000000  0.0000000  0.0000000  0.0000000  0.0000000
           1  'Si  '    25598.822984527003     
    1    1      0.0000000000      0.0000000000      0.0000000000
    2    1      0.2500000000      0.2500000000      0.2500000000

     Dynamical  Matrix in cartesian axes

     q = (    0.750000000  -0.250000000   0.750000000 ) 

    1    1
  0.25085685  0.00000000   -0.00455763  0.00754991    0.00131023  0.00000000
 -0.00455763 -0.00754991    0.30511575  0.00000000   -0.00455763 -0.00754991
  0.00131023  0.00000000   -0.00455763  0.00754991    0.25085685  0.00000000
    1    2
 -0.04922466  0.08101981   -0.03243597  0.03709219   -0.03865507 -0.12174479
 -0.03243597  0.03709219   -0.04778434  0.10018582   -0.03243597  0.03709219
 -0.03865507 -0.12174479   -0.03243597  0.03709219   -0.04922466  0.08101981
    2    1
 -0.04922466 -0.08101981   -0.03243597 -0.03709219   -0.03865507  0.12174479
 -0.03243597 -0.03709219   -0.04778434 -0.10018582   -0.03243597 -0.03709219
 -0.03865507  0.12174479   -0.03243597 -0.03709219   -0.04922466 -0.08101981
    2    2
  0.25085685  0.00000000   -0.00455763 -0.00754991    0.00131023  0.00000000
 -0.00455763  0.00754991    0.30511575  0.00000000   -0.00455763  0.00754991
  0.00131023  0.00000000   -0.00455763 -0.00754991    0.25085685  0.00000000

     Dynamical  Matrix in cartesian axes

     q = (    0.750000000  -0.250000000  -0.750000000 ) 

    1    1
  0.25085685  0.00000000   -0.00455763 -0.00754991   -0.00131023  0.00000000
 -0.00455763  0.00754991    0.30511575  0.00000000    0.00455763 -0.00754991
 -0.00131023  0.00000000    0.00455763  0.00754991    0.25085685  0.00000000
    1    2
 -0.08101981  0.04922466   -0.03709219  0.03243597   -0.12174479 -0.03865507
 -0.03709219  0.03243597   -0.10018582  0.04778434    0.03709219 -0.03243597
 -0.12174479 -0.03865507    0.03709219 -0.03243597   -0.08101981  0.04922466
    2    1
 -0.08101981 -0.04922466   -0.03709219 -0.03243597   -0.12174479  0.03865507
 -0.03709219 -0.03243597   -0.10018582 -0.04778434    0.03709219  0.03243597
 -0.12174479  0.03865507    0.03709219  0.03243597   -0.08101981 -0.04922466
    2    2
  0.25085685  0.00000000   -0.00455763  0.00754991   -0.00131023  0.00000000
 -0.00455763 -0.00754991    0.30511575  0.00000000    0.00455763  0.00754991
 -0.00131023  0.00000000    0.00455763 -0.00754991    0.25085685  0.00000000

     Dynamical  Matrix in cartesian axes

     q = (   -0.750000000  -0.250000000  -0.750000000 ) 

    1    1
  0.25085685  0.00000000    0.00455763 -0.00754991    0.00131023  0.00000000
  0.00455763  0.00754991    0.30511575  0.00000000    0.00455763  0.00754991
  0.00131023  0.00000000    0.00455763 -0.00754991    0.25085685  0.00000000
    1    2
  0.08101981  0.04922466   -0.03709219 -0.03243597   -0.12174479  0.03865507
 -0.03709219 -0.03243597    0.10018582  0.04778434   -0.03709219 -0.03243597
 -0.12174479  0.03865507   -0.03709219 -0.03243597    0.08101981  0.04922466
    2    1
  0.08101981 -0.04922466   -0.03709219  0.03243597   -0.12174479 -0.03865507
 -0.03709219  0.03243597    0.10018582 -0.04778434   -0.03709219  0.03243597
 -0.12174479 -0.03865507   -0.03709219  0.03243597    0.08101981 -0.04922466
    2    2
  0.25085685  0.00000000    0.00455763  0.00754991    0.00131023  0.00000000
  0.00455763 -0.00754991    0.30511575  0.00000000    0.00455763 -0.00754991
  0.00131023  0.00000000    0.00455763  0.00754991    0.25085685  0.00000000

     Dynamical  Matrix in cartesian axes

     q = (   -0.750000000  -0.250000000   0.750000000 ) 

    1    1
  0.25085685  0.00000000    0.00455763  0.00754991   -0.00131023  0.00000000
  0.00455763 -0.00754991    0.30511575  0.00000000   -0.00455763  0.00754991
 -0.00131023  0.00000000   -0.00455763 -0.00754991    0.25085685  0.00000000
    1    2
 -0.08101981  0.04922466    0.03709219 -0.03243597   -0.12174479 -0.03865507
  0.03709219 -0.03243597   -0.10018582  0.04778434   -0.03709219  0.03243597
 -0.12174479 -0.03865507   -0.03709219  0.03243597   -0.08101981  0.04922466
    2    1
 -0.08101981 -0.04922466    0.03709219  0.03243597   -0.12174479  0.03865507
  0.03709219  0.03243597   -0.10018582 -0.04778434   -0.03709219 -0.03243597
 -0.12174479  0.03865507   -0.03709219 -0.03243597   -0.08101981 -0.04922466
    2    2
  0.25085685  0.00000000    0.00455763 -0.00754991   -0.00131023  0.00000000
  0.00455763  0.00754991    0.30511575  0.00000000   -0.00455763 -0.00754991
 -0.00131023  0.00000000   -0.00455763  0.00754991    0.25085685  0.00000000

     Dynamical  Matrix in cartesian axes

     q = (   -0.750000000   0.250000000  -0.750000000 ) 

    1    1
  0.25085685  0.00000000   -0.00455763 -0.00754991    0.00131023  0.00000000
 -0.00455763  0.00754991    0.30511575  0.00000000   -0.00455763  0.00754991
  0.00131023  0.00000000   -0.00455763 -0.00754991    0.25085685  0.00000000
    1    2
 -0.04922466 -0.08101981   -0.03243597 -0.03709219   -0.03865507  0.12174479
 -0.03243597 -0.03709219   -0.04778434 -0.10018582   -0.03243597 -0.03709219
 -0.03865507  0.12174479   -0.03243597 -0.03709219   -0.04922466 -0.08101981
    2    1
 -0.04922466  0.08101981   -0.03243597  0.03709219   -0.03865507 -0.12174479
 -0.03243597  0.03709219   -0.04778434  0.10018582   -0.03243597  0.03709219
 -0.03865507 -0.12174479   -0.03243597  0.03709219   -0.04922466  0.08101981
    2    2
  0.25085685  0.00000000   -0.00455763  0.00754991    0.00131023  0.00000000
 -0.00455763 -0.00754991    0.30511575  0.00000000   -0.00455763 -0.00754991
  0.00131023  0.00000000   -0.00455763  0.00754991    0.25085685  0.00000000

     Dynamical  Matrix in cartesian axes

     q = (   -0.250000000   0.750000000  -0.750000000 ) 

    1    1
  0.30511575  0.00000000   -0.00455763  0.00754991    0.00455763 -0.00754991
 -0.00455763 -0.00754991    0.25085685  0.00000000   -0.00131023  0.00000000
  0.00455763  0.00754991   -0.00131023  0.00000000    0.25085685  0.00000000
    1    2
 -0.10018582  0.04778434   -0.03709219  0.03243597    0.03709219 -0.03243597
 -0.03709219  0.03243597   -0.08101981  0.04922466   -0.12174479 -0.03865507
  0.03709219 -0.03243597   -0.12174479 -0.03865507   -0.08101981  0.04922466
    2    1
 -0.10018582 -0.04778434   -0.03709219 -0.03243597    0.03709219  0.03243597
 -0.03709219 -0.03243597   -0.08101981 -0.04922466   -0.12174479  0.03865507
  0.03709219  0.03243597   -0.12174479  0.03865507   -0.08101981 -0.04922466
    2    2
  0.30511575  0.00000000   -0.00455763 -0.00754991    0.00455763  0.00754991
 -0.00455763  0.00754991    0.25085685  0.00000000   -0.00131023  0.00000000
  0.00455763 -0.00754991   -0.00131023  0.00000000    0.25085685  0.00000000

     Dynamical  Matrix in cartesian axes

     q = (   -0.750000000   0.750000000  -0.250000000 ) 

    1    1
  0.25085685  0.00000000   -0.00131023  0.00000000    0.00455763  0.00754991
 -0.00131023  0.00000000    0.25085685  0.00000000   -0.00455763 -0.00754991
  0.00455763 -0.00754991   -0.00455763  0.00754991    0.30511575  0.00000000
    1    2
 -0.08101981  0.04922466   -0.12174479 -0.03865507    0.03709219 -0.03243597
 -0.12174479 -0.03865507   -0.08101981  0.04922466   -0.03709219  0.03243597
  0.03709219 -0.03243597   -0.03709219  0.03243597   -0.10018582  0.04778434
    2    1
 -0.08101981 -0.04922466   -0.12174479  0.03865507    0.03709219  0.03243597
 -0.12174479  0.03865507   -0.08101981 -0.04922466   -0.03709219 -0.03243597
  0.03709219  0.03243597   -0.03709219 -0.03243597   -0.10018582 -0.04778434
    2    2
  0.25085685  0.00000000   -0.00131023  0.00000000    0.00455763 -0.00754991
 -0.00131023  0.00000000    0.25085685  0.00000000   -0.00455763  0.00754991
  0.00455763  0.00754991   -0.00455763 -0.00754991    0.30511575  0.00000000

     Dynamical  Matrix in cartesian axes

     q = (    0.750000000   0.250000000   0.750000000 ) 

    1    1
  0.25085685  0.00000000    0.00455763  0.00754991    0.00131023  0.00000000
  0.00455763 -0.00754991    0.30511575  0.00000000    0.00455763 -0.00754991
  0.00131023  0.00000000    0.00455763  0.00754991    0.25085685  0.00000000
    1    2
  0.08101981 -0.04922466   -0.03709219  0.03243597   -0.12174479 -0.03865507
 -0.03709219  0.03243597    0.10018582 -0.04778434   -0.03709219  0.03243597
 -0.12174479 -0.03865507   -0.03709219  0.03243597    0.08101981 -0.04922466
    2    1
  0.08101981  0.04922466   -0.03709219 -0.03243597   -0.12174479  0.03865507
 -0.03709219 -0.03243597    0.10018582  0.04778434   -0.03709219 -0.03243597
 -0.12174479  0.03865507   -0.03709219 -0.03243597    0.08101981  0.04922466
    2    2
  0.25085685  0.00000000    0.00455763 -0.00754991    0.00131023  0.00000000
  0.00455763  0.00754991    0.30511575  0.00000000    0.00455763  0.00754991
  0.00131023  0.00000000    0.00455763 -0.00754991    0.25085685  0.00000000

     Dynamical  Matrix in cartesian axes

     q = (   -0.750000000   0.250000000   0.750000000 ) 

    1    1
  0.25085685  0.00000000   -0.00455763  0.00754991   -0.00131023  0.00000000
 -0.00455763 -0.00754991    0.30511575  0.00000000    0.00455763  0.00754991
 -0.00131023  0.00000000    0.00455763 -0.00754991    0.25085685  0.00000000
    1    2
 -0.08101981 -0.04922466   -0.03709219 -0.03243597   -0.12174479  0.03865507
 -0.03709219 -0.03243597   -0.10018582 -0.04778434    0.03709219  0.03243597
 -0.12174479  0.03865507    0.03709219  0.03243597   -0.08101981 -0.04922466
    2    1
 -0.08101981  0.04922466   -0.03709219  0.03243597   -0.12174479 -0.03865507
 -0.03709219  0.03243597   -0.10018582  0.04778434    0.03709219 -0.03243597
 -0.12174479 -0.03865507    0.03709219 -0.03243597   -0.08101981  0.04922466
    2    2
  0.25085685  0.00000000   -0.00455763 -0.00754991   -0.00131023  0.00000000
 -0.00455763  0.00754991    0.30511575  0.00000000    0.00455763 -0.00754991
 -0.00131023  0.00000000    0.00455763  0.00754991    0.25085685  0.00000000

     Dynamical  Matrix in cartesian axes

     q = (    0.750000000   0.250000000  -0.750000000 ) 

    1    1
  0.25085685  0.00000000    0.00455763 -0.00754991   -0.00131023  0.00000000
  0.00455763  0.00754991    0.30511575  0.00000000   -0.00455763 -0.00754991
 -0.00131023  0.00000000   -0.00455763  0.00754991    0.25085685  0.00000000
    1    2
 -0.08101981 -0.04922466    0.03709219  0.03243597   -0.12174479  0.03865507
  0.03709219  0.03243597   -0.10018582 -0.04778434   -0.03709219 -0.03243597
 -0.12174479  0.03865507   -0.03709219 -0.03243597   -0.08101981 -0.04922466
    2    1
 -0.08101981  0.04922466    0.03709219 -0.03243597   -0.12174479 -0.03865507
  0.03709219 -0.03243597   -0.10018582  0.04778434   -0.03709219  0.03243597
 -0.12174479 -0.03865507   -0.03709219  0.03243597   -0.08101981  0.04922466
    2    2
  0.25085685  0.00000000    0.00455763  0.00754991   -0.00131023  0.00000000
  0.00455763 -0.00754991    0.30511575  0.00000000   -0.00455763  0.00754991
 -0.00131023  0.00000000   -0.00455763 -0.00754991    0.25085685  0.00000000

     Dynamical  Matrix in cartesian axes

     q = (   -0.750000000   0.750000000   0.250000000 ) 

    1    1
  0.25085685  0.00000000   -0.00131023  0.00000000   -0.00455763  0.00754991
 -0.00131023  0.00000000    0.25085685  0.00000000    0.00455763 -0.00754991
 -0.00455763 -0.00754991    0.00455763  0.00754991    0.30511575  0.00000000
    1    2
 -0.08101981 -0.04922466   -0.12174479  0.03865507   -0.03709219 -0.03243597
 -0.12174479  0.03865507   -0.08101981 -0.04922466    0.03709219  0.03243597
 -0.03709219 -0.03243597    0.03709219  0.03243597   -0.10018582 -0.04778434
    2    1
 -0.08101981  0.04922466   -0.12174479 -0.03865507   -0.03709219  0.03243597
 -0.12174479 -0.03865507   -0.08101981  0.04922466    0.03709219 -0.03243597
 -0.03709219  0.03243597    0.03709219 -0.03243597   -0.10018582  0.04778434
    2    2
  0.25085685  0.00000000   -0.00131023  0.00000000   -0.00455763 -0.00754991
 -0.00131023  0.00000000    0.25085685  0.00000000    0.00455763  0.00754991
 -0.00455763  0.00754991    0.00455763 -0.00754991    0.30511575  0.00000000

     Dynamical  Matrix in cartesian axes

     q = (   -0.250000000   0.750000000   0.750000000 ) 

    1    1
  0.30511575  0.00000000   -0.00455763 -0.00754991   -0.00455763 -0.00754991
 -0.00455763  0.00754991    0.25085685  0.00000000    0.00131023  0.00000000
 -0.00455763  0.00754991    0.00131023  0.00000000    0.25085685  0.00000000
    1    2
 -0.04778434  0.10018582   -0.03243597  0.03709219   -0.03243597  0.03709219
 -0.03243597  0.03709219   -0.04922466  0.08101981   -0.03865507 -0.12174479
 -0.03243597  0.03709219   -0.03865507 -0.12174479   -0.04922466  0.08101981
    2    1
 -0.04778434 -0.10018582   -0.03243597 -0.03709219   -0.03243597 -0.03709219
 -0.03243597 -0.03709219   -0.04922466 -0.08101981   -0.03865507  0.12174479
 -0.03243597 -0.03709219   -0.03865507  0.12174479   -0.04922466 -0.08101981
    2    2
  0.30511575  0.00000000   -0.00455763  0.00754991   -0.00455763  0.00754991
 -0.00455763 -0.00754991    0.25085685  0.00000000    0.00131023  0.00000000
 -0.00455763 -0.00754991    0.00131023  0.00000000    0.25085685  0.00000000

     Dynamical  Matrix in cartesian axes

     q = (    0.250000000   0.750000000  -0.750000000 ) 

    1    1
  0.30511575  0.00000000    0.00455763  0.00754991   -0.00455763 -0.00754991
  0.00455763 -0.00754991    0.25085685  0.00000000   -0.00131023  0.00000000
 -0.00455763  0.00754991   -0.00131023  0.00000000    0.25085685  0.00000000
    1    2
 -0.10018582 -0.04778434    0.03709219  0.03243597   -0.03709219 -0.03243597
  0.03709219  0.03243597   -0.08101981 -0.04922466   -0.12174479  0.03865507
 -0.03709219 -0.03243597   -0.12174479  0.03865507   -0.08101981 -0.04922466
    2    1
 -0.10018582  0.04778434    0.03709219 -0.03243597   -0.03709219  0.03243597
  0.03709219 -0.03243597   -0.08101981  0.04922466   -0.12174479 -0.03865507
 -0.03709219  0.03243597   -0.12174479 -0.03865507   -0.08101981  0.04922466
    2    2
  0.30511575  0.00000000    0.00455763 -0.00754991   -0.00455763  0.00754991
  0.00455763  0.00754991    0.25085685  0.00000000   -0.00131023  0.00000000
 -0.00455763 -0.00754991   -0.00131023  0.00000000    0.25085685  0.00000000

     Dynamical  Matrix in cartesian axes

     q = (   -0.250000000  -0.750000000  -0.750000000 ) 

    1    1
  0.30511575  0.00000000    0.00455763  0.00754991    0.00455763  0.00754991
  0.00455763 -0.00754991    0.25085685  0.00000000    0.00131023  0.00000000
  0.00455763 -0.00754991    0.00131023  0.00000000    0.25085685  0.00000000
    1    2
  0.10018582  0.04778434   -0.03709219 -0.03243597   -0.03709219 -0.03243597
 -0.03709219 -0.03243597    0.08101981  0.04922466   -0.12174479  0.03865507
 -0.03709219 -0.03243597   -0.12174479  0.03865507    0.08101981  0.04922466
    2    1
  0.10018582 -0.04778434   -0.03709219  0.03243597   -0.03709219  0.03243597
 -0.03709219  0.03243597    0.08101981 -0.04922466   -0.12174479 -0.03865507
 -0.03709219  0.03243597   -0.12174479 -0.03865507    0.08101981 -0.04922466
    2    2
  0.30511575  0.00000000    0.00455763 -0.00754991    0.00455763 -0.00754991
  0.00455763  0.00754991    0.25085685  0.00000000    0.00131023  0.00000000
  0.00455763  0.00754991    0.00131023  0.00000000    0.25085685  0.00000000

     Dynamical  Matrix in cartesian axes

     q = (    0.750000000   0.750000000  -0.250000000 ) 

    1    1
  0.25085685  0.00000000    0.00131023  0.00000000   -0.00455763  0.00754991
  0.00131023  0.00000000    0.25085685  0.00000000   -0.00455763  0.00754991
 -0.00455763 -0.00754991   -0.00455763 -0.00754991    0.30511575  0.00000000
    1    2
 -0.04922466  0.08101981   -0.03865507 -0.12174479   -0.03243597  0.03709219
 -0.03865507 -0.12174479   -0.04922466  0.08101981   -0.03243597  0.03709219
 -0.03243597  0.03709219   -0.03243597  0.03709219   -0.04778434  0.10018582
    2    1
 -0.04922466 -0.08101981   -0.03865507  0.12174479   -0.03243597 -0.03709219
 -0.03865507  0.12174479   -0.04922466 -0.08101981   -0.03243597 -0.03709219
 -0.03243597 -0.03709219   -0.03243597 -0.03709219   -0.04778434 -0.10018582
    2    2
  0.25085685  0.00000000    0.00131023  0.00000000   -0.00455763 -0.00754991
  0.00131023  0.00000000    0.25085685  0.00000000   -0.00455763 -0.00754991
 -0.00455763  0.00754991   -0.00455763  0.00754991    0.30511575  0.00000000

     Dynamical  Matrix in cartesian axes

     q = (    0.750000000  -0.750000000   0.250000000 ) 

    1    1
  0.25085685  0.00000000   -0.00131023  0.00000000    0.00455763 -0.00754991
 -0.00131023  0.00000000    0.25085685  0.00000000   -0.00455763  0.00754991
  0.00455763  0.00754991   -0.00455763 -0.00754991    0.30511575  0.00000000
    1    2
 -0.08101981 -0.04922466   -0.12174479  0.03865507    0.03709219  0.03243597
 -0.12174479  0.03865507   -0.08101981 -0.04922466   -0.03709219 -0.03243597
  0.03709219  0.03243597   -0.03709219 -0.03243597   -0.10018582 -0.04778434
    2    1
 -0.08101981  0.04922466   -0.12174479 -0.03865507    0.03709219 -0.03243597
 -0.12174479 -0.03865507   -0.08101981  0.04922466   -0.03709219  0.03243597
  0.03709219 -0.03243597   -0.03709219  0.03243597   -0.10018582  0.04778434
    2    2
  0.25085685  0.00000000   -0.00131023  0.00000000    0.00455763  0.00754991
 -0.00131023  0.00000000    0.25085685  0.00000000   -0.00455763 -0.00754991
  0.00455763 -0.00754991   -0.00455763  0.00754991    0.30511575  0.00000000

     Dynamical  Matrix in cartesian axes

     q = (   -0.750000000  -0.750000000  -0.250000000 ) 

    1    1
  0.25085685  0.00000000    0.00131023  0.00000000    0.00455763 -0.00754991
  0.00131023  0.00000000    0.25085685  0.00000000    0.00455763 -0.00754991
  0.00455763  0.00754991    0.00455763  0.00754991    0.30511575  0.00000000
    1    2
  0.08101981  0.04922466   -0.12174479  0.03865507   -0.03709219 -0.03243597
 -0.12174479  0.03865507    0.08101981  0.04922466   -0.03709219 -0.03243597
 -0.03709219 -0.03243597   -0.03709219 -0.03243597    0.10018582  0.04778434
    2    1
  0.08101981 -0.04922466   -0.12174479 -0.03865507   -0.03709219  0.03243597
 -0.12174479 -0.03865507    0.08101981 -0.04922466   -0.03709219  0.03243597
 -0.03709219  0.03243597   -0.03709219  0.03243597    0.10018582 -0.04778434
    2    2
  0.25085685  0.00000000    0.00131023  0.00000000    0.00455763  0.00754991
  0.00131023  0.00000000    0.25085685  0.00000000    0.00455763  0.00754991
  0.00455763 -0.00754991    0.00455763 -0.00754991    0.30511575  0.00000000

     Dynamical  Matrix in cartesian axes

     q = (    0.250000000  -0.750000000   0.750000000 ) 

    1    1
  0.30511575  0.00000000   -0.00455763 -0.00754991    0.00455763  0.00754991
 -0.00455763  0.00754991    0.25085685  0.00000000   -0.00131023  0.00000000
  0.00455763 -0.00754991   -0.00131023  0.00000000    0.25085685  0.00000000
    1    2
 -0.10018582 -0.04778434   -0.03709219 -0.03243597    0.03709219  0.03243597
 -0.03709219 -0.03243597   -0.08101981 -0.04922466   -0.12174479  0.03865507
  0.03709219  0.03243597   -0.12174479  0.03865507   -0.08101981 -0.04922466
    2    1
 -0.10018582  0.04778434   -0.03709219  0.03243597    0.03709219 -0.03243597
 -0.03709219  0.03243597   -0.08101981  0.04922466   -0.12174479 -0.03865507
  0.03709219 -0.03243597   -0.12174479 -0.03865507   -0.08101981  0.04922466
    2    2
  0.30511575  0.00000000   -0.00455763  0.00754991    0.00455763 -0.00754991
 -0.00455763 -0.00754991    0.25085685  0.00000000   -0.00131023  0.00000000
  0.00455763  0.00754991   -0.00131023  0.00000000    0.25085685  0.00000000

     Dynamical  Matrix in cartesian axes

     q = (   -0.750000000  -0.750000000   0.250000000 ) 

    1    1
  0.25085685  0.00000000    0.00131023  0.00000000   -0.00455763 -0.00754991
  0.00131023  0.00000000    0.25085685  0.00000000   -0.00455763 -0.00754991
 -0.00455763  0.00754991   -0.00455763  0.00754991    0.30511575  0.00000000
    1    2
 -0.04922466 -0.08101981   -0.03865507  0.12174479   -0.03243597 -0.03709219
 -0.03865507  0.12174479   -0.04922466 -0.08101981   -0.03243597 -0.03709219
 -0.03243597 -0.03709219   -0.03243597 -0.03709219   -0.04778434 -0.10018582
    2    1
 -0.04922466  0.08101981   -0.03865507 -0.12174479   -0.03243597  0.03709219
 -0.03865507 -0.12174479   -0.04922466  0.08101981   -0.03243597  0.03709219
 -0.03243597  0.03709219   -0.03243597  0.03709219   -0.04778434  0.10018582
    2    2
  0.25085685  0.00000000    0.00131023  0.00000000   -0.00455763  0.00754991
  0.00131023  0.00000000    0.25085685  0.00000000   -0.00455763  0.00754991
 -0.00455763 -0.00754991   -0.00455763 -0.00754991    0.30511575  0.00000000

     Dynamical  Matrix in cartesian axes

     q = (    0.250000000   0.750000000   0.750000000 ) 

    1    1
  0.30511575  0.00000000    0.00455763 -0.00754991    0.00455763 -0.00754991
  0.00455763  0.00754991    0.25085685  0.00000000    0.00131023  0.00000000
  0.00455763  0.00754991    0.00131023  0.00000000    0.25085685  0.00000000
    1    2
  0.10018582 -0.04778434   -0.03709219  0.03243597   -0.03709219  0.03243597
 -0.03709219  0.03243597    0.08101981 -0.04922466   -0.12174479 -0.03865507
 -0.03709219  0.03243597   -0.12174479 -0.03865507    0.08101981 -0.04922466
    2    1
  0.10018582  0.04778434   -0.03709219 -0.03243597   -0.03709219 -0.03243597
 -0.03709219 -0.03243597    0.08101981  0.04922466   -0.12174479  0.03865507
 -0.03709219 -0.03243597   -0.12174479  0.03865507    0.08101981  0.04922466
    2    2
  0.30511575  0.00000000    0.00455763  0.00754991    0.00455763  0.00754991
  0.00455763 -0.00754991    0.25085685  0.00000000    0.00131023  0.00000000
  0.00455763 -0.00754991    0.00131023  0.00000000    0.25085685  0.00000000

     Dynamical  Matrix in cartesian axes

     q = (   -0.250000000  -0.750000000   0.750000000 ) 

    1    1
  0.30511575  0.00000000    0.00455763 -0.00754991   -0.00455763  0.00754991
  0.00455763  0.00754991    0.25085685  0.00000000   -0.00131023  0.00000000
 -0.00455763 -0.00754991   -0.00131023  0.00000000    0.25085685  0.00000000
    1    2
 -0.10018582  0.04778434    0.03709219 -0.03243597   -0.03709219  0.03243597
  0.03709219 -0.03243597   -0.08101981  0.04922466   -0.12174479 -0.03865507
 -0.03709219  0.03243597   -0.12174479 -0.03865507   -0.08101981  0.04922466
    2    1
 -0.10018582 -0.04778434    0.03709219  0.03243597   -0.03709219 -0.03243597
  0.03709219  0.03243597   -0.08101981 -0.04922466   -0.12174479  0.03865507
 -0.03709219 -0.03243597   -0.12174479  0.03865507   -0.08101981 -0.04922466
    2    2
  0.30511575  0.00000000    0.00455763  0.00754991   -0.00455763 -0.00754991
  0.00455763 -0.00754991    0.25085685  0.00000000   -0.00131023  0.00000000
 -0.00455763  0.00754991   -0.00131023  0.00000000    0.25085685  0.00000000

     Dynamical  Matrix in cartesian axes

     q = (    0.750000000   0.750000000   0.250000000 ) 

    1    1
  0.25085685  0.00000000    0.00131023  0.00000000    0.00455763  0.00754991
  0.00131023  0.00000000    0.25085685  0.00000000    0.00455763  0.00754991
  0.00455763 -0.00754991    0.00455763 -0.00754991    0.30511575  0.00000000
    1    2
  0.08101981 -0.04922466   -0.12174479 -0.03865507   -0.03709219  0.03243597
 -0.12174479 -0.03865507    0.08101981 -0.04922466   -0.03709219  0.03243597
 -0.03709219  0.03243597   -0.03709219  0.03243597    0.10018582 -0.04778434
    2    1
  0.08101981  0.04922466   -0.12174479  0.03865507   -0.03709219 -0.03243597
 -0.12174479  0.03865507    0.08101981  0.04922466   -0.03709219 -0.03243597
 -0.03709219 -0.03243597   -0.03709219 -0.03243597    0.10018582  0.04778434
    2    2
  0.25085685  0.00000000    0.00131023  0.00000000    0.00455763 -0.00754991
  0.00131023  0.00000000    0.25085685  0.00000000    0.00455763 -0.00754991
  0.00455763  0.00754991    0.00455763  0.00754991    0.30511575  0.00000000

     Dynamical  Matrix in cartesian axes

     q = (    0.250000000  -0.750000000  -0.750000000 ) 

    1    1
  0.30511575  0.00000000   -0.00455763  0.00754991   -0.00455763  0.00754991
 -0.00455763 -0.00754991    0.25085685  0.00000000    0.00131023  0.00000000
 -0.00455763 -0.00754991    0.00131023  0.00000000    0.25085685  0.00000000
    1    2
 -0.04778434 -0.10018582   -0.03243597 -0.03709219   -0.03243597 -0.03709219
 -0.03243597 -0.03709219   -0.04922466 -0.08101981   -0.03865507  0.12174479
 -0.03243597 -0.03709219   -0.03865507  0.12174479   -0.04922466 -0.08101981
    2    1
 -0.04778434  0.10018582   -0.03243597  0.03709219   -0.03243597  0.03709219
 -0.03243597  0.03709219   -0.04922466  0.08101981   -0.03865507 -0.12174479
 -0.03243597  0.03709219   -0.03865507 -0.12174479   -0.04922466  0.08101981
    2    2
  0.30511575  0.00000000   -0.00455763 -0.00754991   -0.00455763 -0.00754991
 -0.00455763  0.00754991    0.25085685  0.00000000    0.00131023  0.00000000
 -0.00455763  0.00754991    0.00131023  0.00000000    0.25085685  0.00000000

     Dynamical  Matrix in cartesian axes

     q = (    0.750000000  -0.750000000  -0.250000000 ) 

    1    1
  0.25085685  0.00000000   -0.00131023  0.00000000   -0.00455763 -0.00754991
 -0.00131023  0.00000000    0.25085685  0.00000000    0.00455763  0.00754991
 -0.00455763  0.00754991    0.00455763 -0.00754991    0.30511575  0.00000000
    1    2
 -0.08101981  0.04922466   -0.12174479 -0.03865507   -0.03709219  0.03243597
 -0.12174479 -0.03865507   -0.08101981  0.04922466    0.03709219 -0.03243597
 -0.03709219  0.03243597    0.03709219 -0.03243597   -0.10018582  0.04778434
    2    1
 -0.08101981 -0.04922466   -0.12174479  0.03865507   -0.03709219 -0.03243597
 -0.12174479  0.03865507   -0.08101981 -0.04922466    0.03709219  0.03243597
 -0.03709219 -0.03243597    0.03709219  0.03243597   -0.10018582 -0.04778434
    2    2
  0.25085685  0.00000000   -0.00131023  0.00000000   -0.00455763  0.00754991
 -0.00131023  0.00000000    0.25085685  0.00000000    0.00455763 -0.00754991
 -0.00455763 -0.00754991    0.00455763  0.00754991    0.30511575  0.00000000

     Diagonalizing the dynamical matrix

     q = (    0.750000000  -0.250000000   0.750000000 ) 

 **************************************************************************
     freq (    1) =       4.434278 [THz] =     147.911590 [cm-1]
 (  0.026028 -0.499322  0.000000 -0.000000 -0.026028  0.499322 ) 
 (  0.500000  0.000000  0.000000  0.000000 -0.500000  0.000000 ) 
     freq (    2) =       6.821382 [THz] =     227.536800 [cm-1]
 ( -0.393000 -0.065300 -0.367327  0.218278 -0.393000 -0.065300 ) 
 ( -0.398388 -0.000000 -0.326580 -0.275535 -0.398388  0.000000 ) 
     freq (    3) =       9.638252 [THz] =     321.497481 [cm-1]
 (  0.027946  0.337271 -0.474936 -0.213004  0.027946  0.337271 ) 
 (  0.338427  0.000000 -0.251495 -0.455724  0.338427  0.000000 ) 
     freq (    4) =      11.763178 [THz] =     392.377398 [cm-1]
 ( -0.247225 -0.307718  0.385375  0.199662 -0.247225 -0.307718 ) 
 (  0.394728 -0.000000 -0.397017 -0.175375  0.394728  0.000000 ) 
     freq (    5) =      13.832983 [THz] =     461.418640 [cm-1]
 ( -0.026028  0.499322 -0.000000 -0.000000  0.026028 -0.499322 ) 
 (  0.500000  0.000000 -0.000000  0.000000 -0.500000  0.000000 ) 
     freq (    6) =      13.908038 [THz] =     463.922210 [cm-1]
 ( -0.256942 -0.070176 -0.517081  0.301229 -0.256942 -0.070176 ) 
 (  0.266353  0.000000  0.419447  0.426821  0.266353  0.000000 ) 
 **************************************************************************
