Dynamical matrix file
                                                                           
  1    2  2 10.4030000  0.0000000  0.0000000  0.0000000  0.0000000  0.0000000
           1  'Si  '    25598.822984527003     
    1    1      0.0000000000      0.0000000000      0.0000000000
    2    1      0.2500000000      0.2500000000      0.2500000000

     Dynamical  Matrix in cartesian axes

     q = (   -0.250000000   0.250000000  -0.250000000 ) 

    1    1
  0.28806848  0.00000000   -0.01057101  0.00000000    0.01057101  0.00000000
 -0.01057101  0.00000000    0.28806848  0.00000000   -0.01057101  0.00000000
  0.01057101  0.00000000   -0.01057101  0.00000000    0.28806848  0.00000000
    1    2
 -0.21474545 -0.06518710   -0.03335154  0.03395724    0.03335154 -0.03395724
 -0.03335154  0.03395724   -0.21474545 -0.06518710   -0.03335154  0.03395724
  0.03335154 -0.03395724   -0.03335154  0.03395724   -0.21474545 -0.06518710
    2    1
 -0.21474545  0.06518710   -0.03335154 -0.03395724    0.03335154  0.03395724
 -0.03335154 -0.03395724   -0.21474545  0.06518710   -0.03335154 -0.03395724
  0.03335154  0.03395724   -0.03335154 -0.03395724   -0.21474545  0.06518710
    2    2
  0.28806848  0.00000000   -0.01057101  0.00000000    0.01057101  0.00000000
 -0.01057101  0.00000000    0.28806848  0.00000000   -0.01057101  0.00000000
  0.01057101  0.00000000   -0.01057101  0.00000000    0.28806848  0.00000000

     Dynamical  Matrix in cartesian axes

     q = (    0.250000000  -0.250000000  -0.250000000 ) 

    1    1
  0.28806848  0.00000000   -0.01057101  0.00000000   -0.01057101  0.00000000
 -0.01057101  0.00000000    0.28806848  0.00000000    0.01057101  0.00000000
 -0.01057101  0.00000000    0.01057101  0.00000000    0.28806848  0.00000000
    1    2
 -0.21474545 -0.06518710   -0.03335154  0.03395724   -0.03335154  0.03395724
 -0.03335154  0.03395724   -0.21474545 -0.06518710    0.03335154 -0.03395724
 -0.03335154  0.03395724    0.03335154 -0.03395724   -0.21474545 -0.06518710
    2    1
 -0.21474545  0.06518710   -0.03335154 -0.03395724   -0.03335154 -0.03395724
 -0.03335154 -0.03395724   -0.21474545  0.06518710    0.03335154  0.03395724
 -0.03335154 -0.03395724    0.03335154  0.03395724   -0.21474545  0.06518710
    2    2
  0.28806848  0.00000000   -0.01057101  0.00000000   -0.01057101  0.00000000
 -0.01057101  0.00000000    0.28806848  0.00000000    0.01057101  0.00000000
 -0.01057101  0.00000000    0.01057101  0.00000000    0.28806848  0.00000000

     Dynamical  Matrix in cartesian axes

     q = (    0.250000000  -0.250000000   0.250000000 ) 

    1    1
  0.28806848  0.00000000   -0.01057101  0.00000000    0.01057101  0.00000000
 -0.01057101  0.00000000    0.28806848  0.00000000   -0.01057101  0.00000000
  0.01057101  0.00000000   -0.01057101  0.00000000    0.28806848  0.00000000
    1    2
 -0.21474545  0.06518710   -0.03335154 -0.03395724    0.03335154  0.03395724
 -0.03335154 -0.03395724   -0.21474545  0.06518710   -0.03335154 -0.03395724
  0.03335154  0.03395724   -0.03335154 -0.03395724   -0.21474545  0.06518710
    2    1
 -0.21474545 -0.06518710   -0.03335154  0.03395724    0.03335154 -0.03395724
 -0.03335154  0.03395724   -0.21474545 -0.06518710   -0.03335154  0.03395724
  0.03335154 -0.03395724   -0.03335154  0.03395724   -0.21474545 -0.06518710
    2    2
  0.28806848  0.00000000   -0.01057101  0.00000000    0.01057101  0.00000000
 -0.01057101  0.00000000    0.28806848  0.00000000   -0.01057101  0.00000000
  0.01057101  0.00000000   -0.01057101  0.00000000    0.28806848  0.00000000

     Dynamical  Matrix in cartesian axes

     q = (    0.250000000   0.250000000   0.250000000 ) 

    1    1
  0.28806848  0.00000000    0.01057101  0.00000000    0.01057101  0.00000000
  0.01057101  0.00000000    0.28806848  0.00000000    0.01057101  0.00000000
  0.01057101  0.00000000    0.01057101  0.00000000    0.28806848  0.00000000
    1    2
 -0.06518710  0.21474545   -0.03395724 -0.03335154   -0.03395724 -0.03335154
 -0.03395724 -0.03335154   -0.06518710  0.21474545   -0.03395724 -0.03335154
 -0.03395724 -0.03335154   -0.03395724 -0.03335154   -0.06518710  0.21474545
    2    1
 -0.06518710 -0.21474545   -0.03395724  0.03335154   -0.03395724  0.03335154
 -0.03395724  0.03335154   -0.06518710 -0.21474545   -0.03395724  0.03335154
 -0.03395724  0.03335154   -0.03395724  0.03335154   -0.06518710 -0.21474545
    2    2
  0.28806848  0.00000000    0.01057101  0.00000000    0.01057101  0.00000000
  0.01057101  0.00000000    0.28806848  0.00000000    0.01057101  0.00000000
  0.01057101  0.00000000    0.01057101  0.00000000    0.28806848  0.00000000

     Dynamical  Matrix in cartesian axes

     q = (   -0.250000000  -0.250000000  -0.250000000 ) 

    1    1
  0.28806848  0.00000000    0.01057101  0.00000000    0.01057101  0.00000000
  0.01057101  0.00000000    0.28806848  0.00000000    0.01057101  0.00000000
  0.01057101  0.00000000    0.01057101  0.00000000    0.28806848  0.00000000
    1    2
 -0.06518710 -0.21474545   -0.03395724  0.03335154   -0.03395724  0.03335154
 -0.03395724  0.03335154   -0.06518710 -0.21474545   -0.03395724  0.03335154
 -0.03395724  0.03335154   -0.03395724  0.03335154   -0.06518710 -0.21474545
    2    1
 -0.06518710  0.21474545   -0.03395724 -0.03335154   -0.03395724 -0.03335154
 -0.03395724 -0.03335154   -0.06518710  0.21474545   -0.03395724 -0.03335154
 -0.03395724 -0.03335154   -0.03395724 -0.03335154   -0.06518710  0.21474545
    2    2
  0.28806848  0.00000000    0.01057101  0.00000000    0.01057101  0.00000000
  0.01057101  0.00000000    0.28806848  0.00000000    0.01057101  0.00000000
  0.01057101  0.00000000    0.01057101  0.00000000    0.28806848  0.00000000

     Dynamical  Matrix in cartesian axes

     q = (   -0.250000000  -0.250000000   0.250000000 ) 

    1    1
  0.28806848  0.00000000    0.01057101  0.00000000   -0.01057101  0.00000000
  0.01057101  0.00000000    0.28806848  0.00000000   -0.01057101  0.00000000
 -0.01057101  0.00000000   -0.01057101  0.00000000    0.28806848  0.00000000
    1    2
 -0.21474545 -0.06518710    0.03335154 -0.03395724   -0.03335154  0.03395724
  0.03335154 -0.03395724   -0.21474545 -0.06518710   -0.03335154  0.03395724
 -0.03335154  0.03395724   -0.03335154  0.03395724   -0.21474545 -0.06518710
    2    1
 -0.21474545  0.06518710    0.03335154  0.03395724   -0.03335154 -0.03395724
  0.03335154  0.03395724   -0.21474545  0.06518710   -0.03335154 -0.03395724
 -0.03335154 -0.03395724   -0.03335154 -0.03395724   -0.21474545  0.06518710
    2    2
  0.28806848  0.00000000    0.01057101  0.00000000   -0.01057101  0.00000000
  0.01057101  0.00000000    0.28806848  0.00000000   -0.01057101  0.00000000
 -0.01057101  0.00000000   -0.01057101  0.00000000    0.28806848  0.00000000

     Dynamical  Matrix in cartesian axes

     q = (   -0.250000000   0.250000000   0.250000000 ) 

    1    1
  0.28806848  0.00000000   -0.01057101  0.00000000   -0.01057101  0.00000000
 -0.01057101  0.00000000    0.28806848  0.00000000    0.01057101  0.00000000
 -0.01057101  0.00000000    0.01057101  0.00000000    0.28806848  0.00000000
    1    2
 -0.21474545  0.06518710   -0.03335154 -0.03395724   -0.03335154 -0.03395724
 -0.03335154 -0.03395724   -0.21474545  0.06518710    0.03335154  0.03395724
 -0.03335154 -0.03395724    0.03335154  0.03395724   -0.21474545  0.06518710
    2    1
 -0.21474545 -0.06518710   -0.03335154  0.03395724   -0.03335154  0.03395724
 -0.03335154  0.03395724   -0.21474545 -0.06518710    0.03335154 -0.03395724
 -0.03335154  0.03395724    0.03335154 -0.03395724   -0.21474545 -0.06518710
    2    2
  0.28806848  0.00000000   -0.01057101  0.00000000   -0.01057101  0.00000000
 -0.01057101  0.00000000    0.28806848  0.00000000    0.01057101  0.00000000
 -0.01057101  0.00000000    0.01057101  0.00000000    0.28806848  0.00000000

     Dynamical  Matrix in cartesian axes

     q = (    0.250000000   0.250000000  -0.250000000 ) 

    1    1
  0.28806848  0.00000000    0.01057101  0.00000000   -0.01057101  0.00000000
  0.01057101  0.00000000    0.28806848  0.00000000   -0.01057101  0.00000000
 -0.01057101  0.00000000   -0.01057101  0.00000000    0.28806848  0.00000000
    1    2
 -0.21474545  0.06518710    0.03335154  0.03395724   -0.03335154 -0.03395724
  0.03335154  0.03395724   -0.21474545  0.06518710   -0.03335154 -0.03395724
 -0.03335154 -0.03395724   -0.03335154 -0.03395724   -0.21474545  0.06518710
    2    1
 -0.21474545 -0.06518710    0.03335154 -0.03395724   -0.03335154  0.03395724
  0.03335154 -0.03395724   -0.21474545 -0.06518710   -0.03335154  0.03395724
 -0.03335154  0.03395724   -0.03335154  0.03395724   -0.21474545 -0.06518710
    2    2
  0.28806848  0.00000000    0.01057101  0.00000000   -0.01057101  0.00000000
  0.01057101  0.00000000    0.28806848  0.00000000   -0.01057101  0.00000000
 -0.01057101  0.00000000   -0.01057101  0.00000000    0.28806848  0.00000000

     Diagonalizing the dynamical matrix

     q = (   -0.250000000   0.250000000  -0.250000000 ) 

 **************************************************************************
     freq (    1) =       3.406261 [THz] =     113.620629 [cm-1]
 (  0.382949  0.358949  0.311181  0.349915 -0.071768 -0.009034 ) 
 (  0.424780  0.308311  0.352446  0.308311 -0.072334  0.000000 ) 
     freq (    2) =       3.406261 [THz] =     113.620629 [cm-1]
 (  0.240330 -0.008989 -0.327986 -0.080527 -0.568316 -0.071538 ) 
 (  0.237326 -0.038934 -0.335475 -0.038934 -0.572801  0.000000 ) 
     freq (    3) =       6.823705 [THz] =     227.614282 [cm-1]
 (  0.303588  0.272949 -0.303588 -0.272949  0.303588  0.272949 ) 
 (  0.408248  0.000000 -0.408248 -0.000000  0.408248  0.000000 ) 
     freq (    4) =      14.659553 [THz] =     488.990061 [cm-1]
 (  0.303588  0.272949 -0.303588 -0.272949  0.303588  0.272949 ) 
 ( -0.408248  0.000000  0.408248  0.000000 -0.408248  0.000000 ) 
     freq (    5) =      14.934745 [THz] =     498.169454 [cm-1]
 ( -0.479325  0.140253 -0.480571  0.140096 -0.001246 -0.000157 ) 
 (  0.458055 -0.199019  0.459311 -0.199019  0.001256  0.000000 ) 
     freq (    6) =      14.934745 [THz] =     498.169454 [cm-1]
 (  0.287459  0.035748 -0.285370 -0.036358 -0.572828 -0.072106 ) 
 ( -0.289673  0.000433  0.287676  0.000433  0.577349  0.000000 ) 
 **************************************************************************
