Dynamical matrix file
                                                                           
  1    2  2 10.2500000  0.0000000  0.0000000  0.0000000  0.0000000  0.0000000
           1  'Si  '    25598.822984527003     
    1    1      0.0000000000      0.0000000000      0.0000000000
    2    1      0.2500000000      0.2500000000      0.2500000000

     Dynamical  Matrix in cartesian axes

     q = (    0.750000000  -0.250000000   0.750000000 ) 

    1    1
  0.25069339  0.00000000   -0.00521240  0.00780662    0.00232117  0.00000000
 -0.00521240 -0.00780662    0.30762083  0.00000000   -0.00521240 -0.00780662
  0.00232117  0.00000000   -0.00521240  0.00780662    0.25069339  0.00000000
    1    2
 -0.06523140  0.06242500   -0.03909324  0.04453149   -0.04645706 -0.14545537
 -0.03909324  0.04453149   -0.06359336  0.08181549   -0.03909324  0.04453149
 -0.04645706 -0.14545537   -0.03909324  0.04453149   -0.06523140  0.06242500
    2    1
 -0.06523140 -0.06242500   -0.03909324 -0.04453149   -0.04645706  0.14545537
 -0.03909324 -0.04453149   -0.06359336 -0.08181549   -0.03909324 -0.04453149
 -0.04645706  0.14545537   -0.03909324 -0.04453149   -0.06523140 -0.06242500
    2    2
  0.25069339  0.00000000   -0.00521240 -0.00780662    0.00232117  0.00000000
 -0.00521240  0.00780662    0.30762083  0.00000000   -0.00521240  0.00780662
  0.00232117  0.00000000   -0.00521240 -0.00780662    0.25069339  0.00000000

     Dynamical  Matrix in cartesian axes

     q = (    0.750000000  -0.250000000  -0.750000000 ) 

    1    1
  0.25069339  0.00000000   -0.00521240 -0.00780662   -0.00232117  0.00000000
 -0.00521240  0.00780662    0.30762083  0.00000000    0.00521240 -0.00780662
 -0.00232117  0.00000000    0.00521240  0.00780662    0.25069339  0.00000000
    1    2
 -0.06242500  0.06523140   -0.04453149  0.03909324   -0.14545537 -0.04645706
 -0.04453149  0.03909324   -0.08181549  0.06359336    0.04453149 -0.03909324
 -0.14545537 -0.04645706    0.04453149 -0.03909324   -0.06242500  0.06523140
    2    1
 -0.06242500 -0.06523140   -0.04453149 -0.03909324   -0.14545537  0.04645706
 -0.04453149 -0.03909324   -0.08181549 -0.06359336    0.04453149  0.03909324
 -0.14545537  0.04645706    0.04453149  0.03909324   -0.06242500 -0.06523140
    2    2
  0.25069339  0.00000000   -0.00521240  0.00780662   -0.00232117  0.00000000
 -0.00521240 -0.00780662    0.30762083  0.00000000    0.00521240  0.00780662
 -0.00232117  0.00000000    0.00521240 -0.00780662    0.25069339  0.00000000

     Dynamical  Matrix in cartesian axes

     q = (   -0.750000000  -0.250000000  -0.750000000 ) 

    1    1
  0.25069339  0.00000000    0.00521240 -0.00780662    0.00232117  0.00000000
  0.00521240  0.00780662    0.30762083  0.00000000    0.00521240  0.00780662
  0.00232117  0.00000000    0.00521240 -0.00780662    0.25069339  0.00000000
    1    2
  0.06242500  0.06523140   -0.04453149 -0.03909324   -0.14545537  0.04645706
 -0.04453149 -0.03909324    0.08181549  0.06359336   -0.04453149 -0.03909324
 -0.14545537  0.04645706   -0.04453149 -0.03909324    0.06242500  0.06523140
    2    1
  0.06242500 -0.06523140   -0.04453149  0.03909324   -0.14545537 -0.04645706
 -0.04453149  0.03909324    0.08181549 -0.06359336   -0.04453149  0.03909324
 -0.14545537 -0.04645706   -0.04453149  0.03909324    0.06242500 -0.06523140
    2    2
  0.25069339  0.00000000    0.00521240  0.00780662    0.00232117  0.00000000
  0.00521240 -0.00780662    0.30762083  0.00000000    0.00521240 -0.00780662
  0.00232117  0.00000000    0.00521240  0.00780662    0.25069339  0.00000000

     Dynamical  Matrix in cartesian axes

     q = (   -0.750000000  -0.250000000   0.750000000 ) 

    1    1
  0.25069339  0.00000000    0.00521240  0.00780662   -0.00232117  0.00000000
  0.00521240 -0.00780662    0.30762083  0.00000000   -0.00521240  0.00780662
 -0.00232117  0.00000000   -0.00521240 -0.00780662    0.25069339  0.00000000
    1    2
 -0.06242500  0.06523140    0.04453149 -0.03909324   -0.14545537 -0.04645706
  0.04453149 -0.03909324   -0.08181549  0.06359336   -0.04453149  0.03909324
 -0.14545537 -0.04645706   -0.04453149  0.03909324   -0.06242500  0.06523140
    2    1
 -0.06242500 -0.06523140    0.04453149  0.03909324   -0.14545537  0.04645706
  0.04453149  0.03909324   -0.08181549 -0.06359336   -0.04453149 -0.03909324
 -0.14545537  0.04645706   -0.04453149 -0.03909324   -0.06242500 -0.06523140
    2    2
  0.25069339  0.00000000    0.00521240 -0.00780662   -0.00232117  0.00000000
  0.00521240  0.00780662    0.30762083  0.00000000   -0.00521240 -0.00780662
 -0.00232117  0.00000000   -0.00521240  0.00780662    0.25069339  0.00000000

     Dynamical  Matrix in cartesian axes

     q = (   -0.750000000   0.250000000  -0.750000000 ) 

    1    1
  0.25069339  0.00000000   -0.00521240 -0.00780662    0.00232117  0.00000000
 -0.00521240  0.00780662    0.30762083  0.00000000   -0.00521240  0.00780662
  0.00232117  0.00000000   -0.00521240 -0.00780662    0.25069339  0.00000000
    1    2
 -0.06523140 -0.06242500   -0.03909324 -0.04453149   -0.04645706  0.14545537
 -0.03909324 -0.04453149   -0.06359336 -0.08181549   -0.03909324 -0.04453149
 -0.04645706  0.14545537   -0.03909324 -0.04453149   -0.06523140 -0.06242500
    2    1
 -0.06523140  0.06242500   -0.03909324  0.04453149   -0.04645706 -0.14545537
 -0.03909324  0.04453149   -0.06359336  0.08181549   -0.03909324  0.04453149
 -0.04645706 -0.14545537   -0.03909324  0.04453149   -0.06523140  0.06242500
    2    2
  0.25069339  0.00000000   -0.00521240  0.00780662    0.00232117  0.00000000
 -0.00521240 -0.00780662    0.30762083  0.00000000   -0.00521240 -0.00780662
  0.00232117  0.00000000   -0.00521240  0.00780662    0.25069339  0.00000000

     Dynamical  Matrix in cartesian axes

     q = (   -0.250000000   0.750000000  -0.750000000 ) 

    1    1
  0.30762083  0.00000000   -0.00521240  0.00780662    0.00521240 -0.00780662
 -0.00521240 -0.00780662    0.25069339  0.00000000   -0.00232117  0.00000000
  0.00521240  0.00780662   -0.00232117  0.00000000    0.25069339  0.00000000
    1    2
 -0.08181549  0.06359336   -0.04453149  0.03909324    0.04453149 -0.03909324
 -0.04453149  0.03909324   -0.06242500  0.06523140   -0.14545537 -0.04645706
  0.04453149 -0.03909324   -0.14545537 -0.04645706   -0.06242500  0.06523140
    2    1
 -0.08181549 -0.06359336   -0.04453149 -0.03909324    0.04453149  0.03909324
 -0.04453149 -0.03909324   -0.06242500 -0.06523140   -0.14545537  0.04645706
  0.04453149  0.03909324   -0.14545537  0.04645706   -0.06242500 -0.06523140
    2    2
  0.30762083  0.00000000   -0.00521240 -0.00780662    0.00521240  0.00780662
 -0.00521240  0.00780662    0.25069339  0.00000000   -0.00232117  0.00000000
  0.00521240 -0.00780662   -0.00232117  0.00000000    0.25069339  0.00000000

     Dynamical  Matrix in cartesian axes

     q = (   -0.750000000   0.750000000  -0.250000000 ) 

    1    1
  0.25069339  0.00000000   -0.00232117  0.00000000    0.00521240  0.00780662
 -0.00232117  0.00000000    0.25069339  0.00000000   -0.00521240 -0.00780662
  0.00521240 -0.00780662   -0.00521240  0.00780662    0.30762083  0.00000000
    1    2
 -0.06242500  0.06523140   -0.14545537 -0.04645706    0.04453149 -0.03909324
 -0.14545537 -0.04645706   -0.06242500  0.06523140   -0.04453149  0.03909324
  0.04453149 -0.03909324   -0.04453149  0.03909324   -0.08181549  0.06359336
    2    1
 -0.06242500 -0.06523140   -0.14545537  0.04645706    0.04453149  0.03909324
 -0.14545537  0.04645706   -0.06242500 -0.06523140   -0.04453149 -0.03909324
  0.04453149  0.03909324   -0.04453149 -0.03909324   -0.08181549 -0.06359336
    2    2
  0.25069339  0.00000000   -0.00232117  0.00000000    0.00521240 -0.00780662
 -0.00232117  0.00000000    0.25069339  0.00000000   -0.00521240  0.00780662
  0.00521240  0.00780662   -0.00521240 -0.00780662    0.30762083  0.00000000

     Dynamical  Matrix in cartesian axes

     q = (    0.750000000   0.250000000   0.750000000 ) 

    1    1
  0.25069339  0.00000000    0.00521240  0.00780662    0.00232117  0.00000000
  0.00521240 -0.00780662    0.30762083  0.00000000    0.00521240 -0.00780662
  0.00232117  0.00000000    0.00521240  0.00780662    0.25069339  0.00000000
    1    2
  0.06242500 -0.06523140   -0.04453149  0.03909324   -0.14545537 -0.04645706
 -0.04453149  0.03909324    0.08181549 -0.06359336   -0.04453149  0.03909324
 -0.14545537 -0.04645706   -0.04453149  0.03909324    0.06242500 -0.06523140
    2    1
  0.06242500  0.06523140   -0.04453149 -0.03909324   -0.14545537  0.04645706
 -0.04453149 -0.03909324    0.08181549  0.06359336   -0.04453149 -0.03909324
 -0.14545537  0.04645706   -0.04453149 -0.03909324    0.06242500  0.06523140
    2    2
  0.25069339  0.00000000    0.00521240 -0.00780662    0.00232117  0.00000000
  0.00521240  0.00780662    0.30762083  0.00000000    0.00521240  0.00780662
  0.00232117  0.00000000    0.00521240 -0.00780662    0.25069339  0.00000000

     Dynamical  Matrix in cartesian axes

     q = (   -0.750000000   0.250000000   0.750000000 ) 

    1    1
  0.25069339  0.00000000   -0.00521240  0.00780662   -0.00232117  0.00000000
 -0.00521240 -0.00780662    0.30762083  0.00000000    0.00521240  0.00780662
 -0.00232117  0.00000000    0.00521240 -0.00780662    0.25069339  0.00000000
    1    2
 -0.06242500 -0.06523140   -0.04453149 -0.03909324   -0.14545537  0.04645706
 -0.04453149 -0.03909324   -0.08181549 -0.06359336    0.04453149  0.03909324
 -0.14545537  0.04645706    0.04453149  0.03909324   -0.06242500 -0.06523140
    2    1
 -0.06242500  0.06523140   -0.04453149  0.03909324   -0.14545537 -0.04645706
 -0.04453149  0.03909324   -0.08181549  0.06359336    0.04453149 -0.03909324
 -0.14545537 -0.04645706    0.04453149 -0.03909324   -0.06242500  0.06523140
    2    2
  0.25069339  0.00000000   -0.00521240 -0.00780662   -0.00232117  0.00000000
 -0.00521240  0.00780662    0.30762083  0.00000000    0.00521240 -0.00780662
 -0.00232117  0.00000000    0.00521240  0.00780662    0.25069339  0.00000000

     Dynamical  Matrix in cartesian axes

     q = (    0.750000000   0.250000000  -0.750000000 ) 

    1    1
  0.25069339  0.00000000    0.00521240 -0.00780662   -0.00232117  0.00000000
  0.00521240  0.00780662    0.30762083  0.00000000   -0.00521240 -0.00780662
 -0.00232117  0.00000000   -0.00521240  0.00780662    0.25069339  0.00000000
    1    2
 -0.06242500 -0.06523140    0.04453149  0.03909324   -0.14545537  0.04645706
  0.04453149  0.03909324   -0.08181549 -0.06359336   -0.04453149 -0.03909324
 -0.14545537  0.04645706   -0.04453149 -0.03909324   -0.06242500 -0.06523140
    2    1
 -0.06242500  0.06523140    0.04453149 -0.03909324   -0.14545537 -0.04645706
  0.04453149 -0.03909324   -0.08181549  0.06359336   -0.04453149  0.03909324
 -0.14545537 -0.04645706   -0.04453149  0.03909324   -0.06242500  0.06523140
    2    2
  0.25069339  0.00000000    0.00521240  0.00780662   -0.00232117  0.00000000
  0.00521240 -0.00780662    0.30762083  0.00000000   -0.00521240  0.00780662
 -0.00232117  0.00000000   -0.00521240 -0.00780662    0.25069339  0.00000000

     Dynamical  Matrix in cartesian axes

     q = (   -0.750000000   0.750000000   0.250000000 ) 

    1    1
  0.25069339  0.00000000   -0.00232117  0.00000000   -0.00521240  0.00780662
 -0.00232117  0.00000000    0.25069339  0.00000000    0.00521240 -0.00780662
 -0.00521240 -0.00780662    0.00521240  0.00780662    0.30762083  0.00000000
    1    2
 -0.06242500 -0.06523140   -0.14545537  0.04645706   -0.04453149 -0.03909324
 -0.14545537  0.04645706   -0.06242500 -0.06523140    0.04453149  0.03909324
 -0.04453149 -0.03909324    0.04453149  0.03909324   -0.08181549 -0.06359336
    2    1
 -0.06242500  0.06523140   -0.14545537 -0.04645706   -0.04453149  0.03909324
 -0.14545537 -0.04645706   -0.06242500  0.06523140    0.04453149 -0.03909324
 -0.04453149  0.03909324    0.04453149 -0.03909324   -0.08181549  0.06359336
    2    2
  0.25069339  0.00000000   -0.00232117  0.00000000   -0.00521240 -0.00780662
 -0.00232117  0.00000000    0.25069339  0.00000000    0.00521240  0.00780662
 -0.00521240  0.00780662    0.00521240 -0.00780662    0.30762083  0.00000000

     Dynamical  Matrix in cartesian axes

     q = (   -0.250000000   0.750000000   0.750000000 ) 

    1    1
  0.30762083  0.00000000   -0.00521240 -0.00780662   -0.00521240 -0.00780662
 -0.00521240  0.00780662    0.25069339  0.00000000    0.00232117  0.00000000
 -0.00521240  0.00780662    0.00232117  0.00000000    0.25069339  0.00000000
    1    2
 -0.06359336  0.08181549   -0.03909324  0.04453149   -0.03909324  0.04453149
 -0.03909324  0.04453149   -0.06523140  0.06242500   -0.04645706 -0.14545537
 -0.03909324  0.04453149   -0.04645706 -0.14545537   -0.06523140  0.06242500
    2    1
 -0.06359336 -0.08181549   -0.03909324 -0.04453149   -0.03909324 -0.04453149
 -0.03909324 -0.04453149   -0.06523140 -0.06242500   -0.04645706  0.14545537
 -0.03909324 -0.04453149   -0.04645706  0.14545537   -0.06523140 -0.06242500
    2    2
  0.30762083  0.00000000   -0.00521240  0.00780662   -0.00521240  0.00780662
 -0.00521240 -0.00780662    0.25069339  0.00000000    0.00232117  0.00000000
 -0.00521240 -0.00780662    0.00232117  0.00000000    0.25069339  0.00000000

     Dynamical  Matrix in cartesian axes

     q = (    0.250000000   0.750000000  -0.750000000 ) 

    1    1
  0.30762083  0.00000000    0.00521240  0.00780662   -0.00521240 -0.00780662
  0.00521240 -0.00780662    0.25069339  0.00000000   -0.00232117  0.00000000
 -0.00521240  0.00780662   -0.00232117  0.00000000    0.25069339  0.00000000
    1    2
 -0.08181549 -0.06359336    0.04453149  0.03909324   -0.04453149 -0.03909324
  0.04453149  0.03909324   -0.06242500 -0.06523140   -0.14545537  0.04645706
 -0.04453149 -0.03909324   -0.14545537  0.04645706   -0.06242500 -0.06523140
    2    1
 -0.08181549  0.06359336    0.04453149 -0.03909324   -0.04453149  0.03909324
  0.04453149 -0.03909324   -0.06242500  0.06523140   -0.14545537 -0.04645706
 -0.04453149  0.03909324   -0.14545537 -0.04645706   -0.06242500  0.06523140
    2    2
  0.30762083  0.00000000    0.00521240 -0.00780662   -0.00521240  0.00780662
  0.00521240  0.00780662    0.25069339  0.00000000   -0.00232117  0.00000000
 -0.00521240 -0.00780662   -0.00232117  0.00000000    0.25069339  0.00000000

     Dynamical  Matrix in cartesian axes

     q = (   -0.250000000  -0.750000000  -0.750000000 ) 

    1    1
  0.30762083  0.00000000    0.00521240  0.00780662    0.00521240  0.00780662
  0.00521240 -0.00780662    0.25069339  0.00000000    0.00232117  0.00000000
  0.00521240 -0.00780662    0.00232117  0.00000000    0.25069339  0.00000000
    1    2
  0.08181549  0.06359336   -0.04453149 -0.03909324   -0.04453149 -0.03909324
 -0.04453149 -0.03909324    0.06242500  0.06523140   -0.14545537  0.04645706
 -0.04453149 -0.03909324   -0.14545537  0.04645706    0.06242500  0.06523140
    2    1
  0.08181549 -0.06359336   -0.04453149  0.03909324   -0.04453149  0.03909324
 -0.04453149  0.03909324    0.06242500 -0.06523140   -0.14545537 -0.04645706
 -0.04453149  0.03909324   -0.14545537 -0.04645706    0.06242500 -0.06523140
    2    2
  0.30762083  0.00000000    0.00521240 -0.00780662    0.00521240 -0.00780662
  0.00521240  0.00780662    0.25069339  0.00000000    0.00232117  0.00000000
  0.00521240  0.00780662    0.00232117  0.00000000    0.25069339  0.00000000

     Dynamical  Matrix in cartesian axes

     q = (    0.750000000   0.750000000  -0.250000000 ) 

    1    1
  0.25069339  0.00000000    0.00232117  0.00000000   -0.00521240  0.00780662
  0.00232117  0.00000000    0.25069339  0.00000000   -0.00521240  0.00780662
 -0.00521240 -0.00780662   -0.00521240 -0.00780662    0.30762083  0.00000000
    1    2
 -0.06523140  0.06242500   -0.04645706 -0.14545537   -0.03909324  0.04453149
 -0.04645706 -0.14545537   -0.06523140  0.06242500   -0.03909324  0.04453149
 -0.03909324  0.04453149   -0.03909324  0.04453149   -0.06359336  0.08181549
    2    1
 -0.06523140 -0.06242500   -0.04645706  0.14545537   -0.03909324 -0.04453149
 -0.04645706  0.14545537   -0.06523140 -0.06242500   -0.03909324 -0.04453149
 -0.03909324 -0.04453149   -0.03909324 -0.04453149   -0.06359336 -0.08181549
    2    2
  0.25069339  0.00000000    0.00232117  0.00000000   -0.00521240 -0.00780662
  0.00232117  0.00000000    0.25069339  0.00000000   -0.00521240 -0.00780662
 -0.00521240  0.00780662   -0.00521240  0.00780662    0.30762083  0.00000000

     Dynamical  Matrix in cartesian axes

     q = (    0.750000000  -0.750000000   0.250000000 ) 

    1    1
  0.25069339  0.00000000   -0.00232117  0.00000000    0.00521240 -0.00780662
 -0.00232117  0.00000000    0.25069339  0.00000000   -0.00521240  0.00780662
  0.00521240  0.00780662   -0.00521240 -0.00780662    0.30762083  0.00000000
    1    2
 -0.06242500 -0.06523140   -0.14545537  0.04645706    0.04453149  0.03909324
 -0.14545537  0.04645706   -0.06242500 -0.06523140   -0.04453149 -0.03909324
  0.04453149  0.03909324   -0.04453149 -0.03909324   -0.08181549 -0.06359336
    2    1
 -0.06242500  0.06523140   -0.14545537 -0.04645706    0.04453149 -0.03909324
 -0.14545537 -0.04645706   -0.06242500  0.06523140   -0.04453149  0.03909324
  0.04453149 -0.03909324   -0.04453149  0.03909324   -0.08181549  0.06359336
    2    2
  0.25069339  0.00000000   -0.00232117  0.00000000    0.00521240  0.00780662
 -0.00232117  0.00000000    0.25069339  0.00000000   -0.00521240 -0.00780662
  0.00521240 -0.00780662   -0.00521240  0.00780662    0.30762083  0.00000000

     Dynamical  Matrix in cartesian axes

     q = (   -0.750000000  -0.750000000  -0.250000000 ) 

    1    1
  0.25069339  0.00000000    0.00232117  0.00000000    0.00521240 -0.00780662
  0.00232117  0.00000000    0.25069339  0.00000000    0.00521240 -0.00780662
  0.00521240  0.00780662    0.00521240  0.00780662    0.30762083  0.00000000
    1    2
  0.06242500  0.06523140   -0.14545537  0.04645706   -0.04453149 -0.03909324
 -0.14545537  0.04645706    0.06242500  0.06523140   -0.04453149 -0.03909324
 -0.04453149 -0.03909324   -0.04453149 -0.03909324    0.08181549  0.06359336
    2    1
  0.06242500 -0.06523140   -0.14545537 -0.04645706   -0.04453149  0.03909324
 -0.14545537 -0.04645706    0.06242500 -0.06523140   -0.04453149  0.03909324
 -0.04453149  0.03909324   -0.04453149  0.03909324    0.08181549 -0.06359336
    2    2
  0.25069339  0.00000000    0.00232117  0.00000000    0.00521240  0.00780662
  0.00232117  0.00000000    0.25069339  0.00000000    0.00521240  0.00780662
  0.00521240 -0.00780662    0.00521240 -0.00780662    0.30762083  0.00000000

     Dynamical  Matrix in cartesian axes

     q = (    0.250000000  -0.750000000   0.750000000 ) 

    1    1
  0.30762083  0.00000000   -0.00521240 -0.00780662    0.00521240  0.00780662
 -0.00521240  0.00780662    0.25069339  0.00000000   -0.00232117  0.00000000
  0.00521240 -0.00780662   -0.00232117  0.00000000    0.25069339  0.00000000
    1    2
 -0.08181549 -0.06359336   -0.04453149 -0.03909324    0.04453149  0.03909324
 -0.04453149 -0.03909324   -0.06242500 -0.06523140   -0.14545537  0.04645706
  0.04453149  0.03909324   -0.14545537  0.04645706   -0.06242500 -0.06523140
    2    1
 -0.08181549  0.06359336   -0.04453149  0.03909324    0.04453149 -0.03909324
 -0.04453149  0.03909324   -0.06242500  0.06523140   -0.14545537 -0.04645706
  0.04453149 -0.03909324   -0.14545537 -0.04645706   -0.06242500  0.06523140
    2    2
  0.30762083  0.00000000   -0.00521240  0.00780662    0.00521240 -0.00780662
 -0.00521240 -0.00780662    0.25069339  0.00000000   -0.00232117  0.00000000
  0.00521240  0.00780662   -0.00232117  0.00000000    0.25069339  0.00000000

     Dynamical  Matrix in cartesian axes

     q = (   -0.750000000  -0.750000000   0.250000000 ) 

    1    1
  0.25069339  0.00000000    0.00232117  0.00000000   -0.00521240 -0.00780662
  0.00232117  0.00000000    0.25069339  0.00000000   -0.00521240 -0.00780662
 -0.00521240  0.00780662   -0.00521240  0.00780662    0.30762083  0.00000000
    1    2
 -0.06523140 -0.06242500   -0.04645706  0.14545537   -0.03909324 -0.04453149
 -0.04645706  0.14545537   -0.06523140 -0.06242500   -0.03909324 -0.04453149
 -0.03909324 -0.04453149   -0.03909324 -0.04453149   -0.06359336 -0.08181549
    2    1
 -0.06523140  0.06242500   -0.04645706 -0.14545537   -0.03909324  0.04453149
 -0.04645706 -0.14545537   -0.06523140  0.06242500   -0.03909324  0.04453149
 -0.03909324  0.04453149   -0.03909324  0.04453149   -0.06359336  0.08181549
    2    2
  0.25069339  0.00000000    0.00232117  0.00000000   -0.00521240  0.00780662
  0.00232117  0.00000000    0.25069339  0.00000000   -0.00521240  0.00780662
 -0.00521240 -0.00780662   -0.00521240 -0.00780662    0.30762083  0.00000000

     Dynamical  Matrix in cartesian axes

     q = (    0.250000000   0.750000000   0.750000000 ) 

    1    1
  0.30762083  0.00000000    0.00521240 -0.00780662    0.00521240 -0.00780662
  0.00521240  0.00780662    0.25069339  0.00000000    0.00232117  0.00000000
  0.00521240  0.00780662    0.00232117  0.00000000    0.25069339  0.00000000
    1    2
  0.08181549 -0.06359336   -0.04453149  0.03909324   -0.04453149  0.03909324
 -0.04453149  0.03909324    0.06242500 -0.06523140   -0.14545537 -0.04645706
 -0.04453149  0.03909324   -0.14545537 -0.04645706    0.06242500 -0.06523140
    2    1
  0.08181549  0.06359336   -0.04453149 -0.03909324   -0.04453149 -0.03909324
 -0.04453149 -0.03909324    0.06242500  0.06523140   -0.14545537  0.04645706
 -0.04453149 -0.03909324   -0.14545537  0.04645706    0.06242500  0.06523140
    2    2
  0.30762083  0.00000000    0.00521240  0.00780662    0.00521240  0.00780662
  0.00521240 -0.00780662    0.25069339  0.00000000    0.00232117  0.00000000
  0.00521240 -0.00780662    0.00232117  0.00000000    0.25069339  0.00000000

     Dynamical  Matrix in cartesian axes

     q = (   -0.250000000  -0.750000000   0.750000000 ) 

    1    1
  0.30762083  0.00000000    0.00521240 -0.00780662   -0.00521240  0.00780662
  0.00521240  0.00780662    0.25069339  0.00000000   -0.00232117  0.00000000
 -0.00521240 -0.00780662   -0.00232117  0.00000000    0.25069339  0.00000000
    1    2
 -0.08181549  0.06359336    0.04453149 -0.03909324   -0.04453149  0.03909324
  0.04453149 -0.03909324   -0.06242500  0.06523140   -0.14545537 -0.04645706
 -0.04453149  0.03909324   -0.14545537 -0.04645706   -0.06242500  0.06523140
    2    1
 -0.08181549 -0.06359336    0.04453149  0.03909324   -0.04453149 -0.03909324
  0.04453149  0.03909324   -0.06242500 -0.06523140   -0.14545537  0.04645706
 -0.04453149 -0.03909324   -0.14545537  0.04645706   -0.06242500 -0.06523140
    2    2
  0.30762083  0.00000000    0.00521240  0.00780662   -0.00521240 -0.00780662
  0.00521240 -0.00780662    0.25069339  0.00000000   -0.00232117  0.00000000
 -0.00521240  0.00780662   -0.00232117  0.00000000    0.25069339  0.00000000

     Dynamical  Matrix in cartesian axes

     q = (    0.750000000   0.750000000   0.250000000 ) 

    1    1
  0.25069339  0.00000000    0.00232117  0.00000000    0.00521240  0.00780662
  0.00232117  0.00000000    0.25069339  0.00000000    0.00521240  0.00780662
  0.00521240 -0.00780662    0.00521240 -0.00780662    0.30762083  0.00000000
    1    2
  0.06242500 -0.06523140   -0.14545537 -0.04645706   -0.04453149  0.03909324
 -0.14545537 -0.04645706    0.06242500 -0.06523140   -0.04453149  0.03909324
 -0.04453149  0.03909324   -0.04453149  0.03909324    0.08181549 -0.06359336
    2    1
  0.06242500  0.06523140   -0.14545537  0.04645706   -0.04453149 -0.03909324
 -0.14545537  0.04645706    0.06242500  0.06523140   -0.04453149 -0.03909324
 -0.04453149 -0.03909324   -0.04453149 -0.03909324    0.08181549  0.06359336
    2    2
  0.25069339  0.00000000    0.00232117  0.00000000    0.00521240 -0.00780662
  0.00232117  0.00000000    0.25069339  0.00000000    0.00521240 -0.00780662
  0.00521240  0.00780662    0.00521240  0.00780662    0.30762083  0.00000000

     Dynamical  Matrix in cartesian axes

     q = (    0.250000000  -0.750000000  -0.750000000 ) 

    1    1
  0.30762083  0.00000000   -0.00521240  0.00780662   -0.00521240  0.00780662
 -0.00521240 -0.00780662    0.25069339  0.00000000    0.00232117  0.00000000
 -0.00521240 -0.00780662    0.00232117  0.00000000    0.25069339  0.00000000
    1    2
 -0.06359336 -0.08181549   -0.03909324 -0.04453149   -0.03909324 -0.04453149
 -0.03909324 -0.04453149   -0.06523140 -0.06242500   -0.04645706  0.14545537
 -0.03909324 -0.04453149   -0.04645706  0.14545537   -0.06523140 -0.06242500
    2    1
 -0.06359336  0.08181549   -0.03909324  0.04453149   -0.03909324  0.04453149
 -0.03909324  0.04453149   -0.06523140  0.06242500   -0.04645706 -0.14545537
 -0.03909324  0.04453149   -0.04645706 -0.14545537   -0.06523140  0.06242500
    2    2
  0.30762083  0.00000000   -0.00521240 -0.00780662   -0.00521240 -0.00780662
 -0.00521240  0.00780662    0.25069339  0.00000000    0.00232117  0.00000000
 -0.00521240  0.00780662    0.00232117  0.00000000    0.25069339  0.00000000

     Dynamical  Matrix in cartesian axes

     q = (    0.750000000  -0.750000000  -0.250000000 ) 

    1    1
  0.25069339  0.00000000   -0.00232117  0.00000000   -0.00521240 -0.00780662
 -0.00232117  0.00000000    0.25069339  0.00000000    0.00521240  0.00780662
 -0.00521240  0.00780662    0.00521240 -0.00780662    0.30762083  0.00000000
    1    2
 -0.06242500  0.06523140   -0.14545537 -0.04645706   -0.04453149  0.03909324
 -0.14545537 -0.04645706   -0.06242500  0.06523140    0.04453149 -0.03909324
 -0.04453149  0.03909324    0.04453149 -0.03909324   -0.08181549  0.06359336
    2    1
 -0.06242500 -0.06523140   -0.14545537  0.04645706   -0.04453149 -0.03909324
 -0.14545537  0.04645706   -0.06242500 -0.06523140    0.04453149  0.03909324
 -0.04453149 -0.03909324    0.04453149  0.03909324   -0.08181549 -0.06359336
    2    2
  0.25069339  0.00000000   -0.00232117  0.00000000   -0.00521240  0.00780662
 -0.00232117  0.00000000    0.25069339  0.00000000    0.00521240 -0.00780662
 -0.00521240 -0.00780662    0.00521240  0.00780662    0.30762083  0.00000000

     Diagonalizing the dynamical matrix

     q = (    0.750000000  -0.250000000   0.750000000 ) 

 **************************************************************************
     freq (    1) =       4.094148 [THz] =     136.566079 [cm-1]
 (  0.044974 -0.497973 -0.000000  0.000000 -0.044974  0.497973 ) 
 (  0.500000  0.000000 -0.000000 -0.000000 -0.500000  0.000000 ) 
     freq (    2) =       5.712418 [THz] =     190.545752 [cm-1]
 ( -0.395373 -0.194082 -0.304629  0.138659 -0.395373 -0.194082 ) 
 ( -0.440440 -0.000000 -0.212358 -0.258707 -0.440440  0.000000 ) 
     freq (    3) =       9.333275 [THz] =     311.324546 [cm-1]
 (  0.127001 -0.252971  0.400004  0.423969  0.127001 -0.252971 ) 
 ( -0.283061  0.000000  0.199431  0.547705 -0.283061  0.000000 ) 
     freq (    4) =      12.354938 [THz] =     412.116385 [cm-1]
 (  0.105186  0.314107 -0.419814 -0.322957  0.105186  0.314107 ) 
 ( -0.331252  0.000000  0.439551  0.295533 -0.331252  0.000000 ) 
     freq (    5) =      13.901767 [THz] =     463.713040 [cm-1]
 (  0.044974 -0.497973 -0.000000  0.000000 -0.044974  0.497973 ) 
 ( -0.500000 -0.000000  0.000000  0.000000  0.500000  0.000000 ) 
     freq (    6) =      14.201468 [THz] =     473.709971 [cm-1]
 ( -0.303223 -0.155620 -0.469476  0.217414 -0.303223 -0.155620 ) 
 (  0.340825  0.000000  0.318410  0.407789  0.340825 -0.000000 ) 
 **************************************************************************
