Dynamical matrix file
                                                                           
  1    2  2 10.2500000  0.0000000  0.0000000  0.0000000  0.0000000  0.0000000
           1  'Si  '    25598.822984527003     
    1    1      0.0000000000      0.0000000000      0.0000000000
    2    1      0.2500000000      0.2500000000      0.2500000000

     Dynamical  Matrix in cartesian axes

     q = (   -0.250000000   0.250000000  -0.250000000 ) 

    1    1
  0.28699796 -0.00000000   -0.01135879 -0.00000000    0.01135879  0.00000000
 -0.01135879 -0.00000000    0.28699796 -0.00000000   -0.01135879  0.00000000
  0.01135879  0.00000000   -0.01135879  0.00000000    0.28699796 -0.00000000
    1    2
 -0.20850124 -0.06082850   -0.04116444  0.04138128    0.04116444 -0.04138128
 -0.04116444  0.04138128   -0.20850124 -0.06082850   -0.04116444  0.04138128
  0.04116444 -0.04138128   -0.04116444  0.04138128   -0.20850124 -0.06082850
    2    1
 -0.20850124  0.06082850   -0.04116444 -0.04138128    0.04116444  0.04138128
 -0.04116444 -0.04138128   -0.20850124  0.06082850   -0.04116444 -0.04138128
  0.04116444  0.04138128   -0.04116444 -0.04138128   -0.20850124  0.06082850
    2    2
  0.28699796  0.00000000   -0.01135879  0.00000000    0.01135879  0.00000000
 -0.01135879  0.00000000    0.28699796  0.00000000   -0.01135879 -0.00000000
  0.01135879  0.00000000   -0.01135879 -0.00000000    0.28699796  0.00000000

     Dynamical  Matrix in cartesian axes

     q = (    0.250000000  -0.250000000  -0.250000000 ) 

    1    1
  0.28699796  0.00000000   -0.01135879  0.00000000   -0.01135879  0.00000000
 -0.01135879  0.00000000    0.28699796  0.00000000    0.01135879  0.00000000
 -0.01135879  0.00000000    0.01135879  0.00000000    0.28699796  0.00000000
    1    2
 -0.20850124 -0.06082850   -0.04116444  0.04138128   -0.04116444  0.04138128
 -0.04116444  0.04138128   -0.20850124 -0.06082850    0.04116444 -0.04138128
 -0.04116444  0.04138128    0.04116444 -0.04138128   -0.20850124 -0.06082850
    2    1
 -0.20850124  0.06082850   -0.04116444 -0.04138128   -0.04116444 -0.04138128
 -0.04116444 -0.04138128   -0.20850124  0.06082850    0.04116444  0.04138128
 -0.04116444 -0.04138128    0.04116444  0.04138128   -0.20850124  0.06082850
    2    2
  0.28699796  0.00000000   -0.01135879  0.00000000   -0.01135879 -0.00000000
 -0.01135879  0.00000000    0.28699796  0.00000000    0.01135879 -0.00000000
 -0.01135879  0.00000000    0.01135879 -0.00000000    0.28699796  0.00000000

     Dynamical  Matrix in cartesian axes

     q = (    0.250000000  -0.250000000   0.250000000 ) 

    1    1
  0.28699796  0.00000000   -0.01135879 -0.00000000    0.01135879  0.00000000
 -0.01135879  0.00000000    0.28699796  0.00000000   -0.01135879 -0.00000000
  0.01135879  0.00000000   -0.01135879 -0.00000000    0.28699796  0.00000000
    1    2
 -0.20850124  0.06082850   -0.04116444 -0.04138128    0.04116444  0.04138128
 -0.04116444 -0.04138128   -0.20850124  0.06082850   -0.04116444 -0.04138128
  0.04116444  0.04138128   -0.04116444 -0.04138128   -0.20850124  0.06082850
    2    1
 -0.20850124 -0.06082850   -0.04116444  0.04138128    0.04116444 -0.04138128
 -0.04116444  0.04138128   -0.20850124 -0.06082850   -0.04116444  0.04138128
  0.04116444 -0.04138128   -0.04116444  0.04138128   -0.20850124 -0.06082850
    2    2
  0.28699796 -0.00000000   -0.01135879 -0.00000000    0.01135879  0.00000000
 -0.01135879 -0.00000000    0.28699796 -0.00000000   -0.01135879  0.00000000
  0.01135879  0.00000000   -0.01135879  0.00000000    0.28699796 -0.00000000

     Dynamical  Matrix in cartesian axes

     q = (    0.250000000   0.250000000   0.250000000 ) 

    1    1
  0.28699796 -0.00000000    0.01135879  0.00000000    0.01135879  0.00000000
  0.01135879 -0.00000000    0.28699796 -0.00000000    0.01135879  0.00000000
  0.01135879  0.00000000    0.01135879  0.00000000    0.28699796 -0.00000000
    1    2
 -0.06082850  0.20850124   -0.04138128 -0.04116444   -0.04138128 -0.04116444
 -0.04138128 -0.04116444   -0.06082850  0.20850124   -0.04138128 -0.04116444
 -0.04138128 -0.04116444   -0.04138128 -0.04116444   -0.06082850  0.20850124
    2    1
 -0.06082850 -0.20850124   -0.04138128  0.04116444   -0.04138128  0.04116444
 -0.04138128  0.04116444   -0.06082850 -0.20850124   -0.04138128  0.04116444
 -0.04138128  0.04116444   -0.04138128  0.04116444   -0.06082850 -0.20850124
    2    2
  0.28699796  0.00000000    0.01135879  0.00000000    0.01135879  0.00000000
  0.01135879  0.00000000    0.28699796  0.00000000    0.01135879 -0.00000000
  0.01135879  0.00000000    0.01135879  0.00000000    0.28699796  0.00000000

     Dynamical  Matrix in cartesian axes

     q = (   -0.250000000  -0.250000000  -0.250000000 ) 

    1    1
  0.28699796  0.00000000    0.01135879  0.00000000    0.01135879 -0.00000000
  0.01135879  0.00000000    0.28699796  0.00000000    0.01135879 -0.00000000
  0.01135879  0.00000000    0.01135879  0.00000000    0.28699796  0.00000000
    1    2
 -0.06082850 -0.20850124   -0.04138128  0.04116444   -0.04138128  0.04116444
 -0.04138128  0.04116444   -0.06082850 -0.20850124   -0.04138128  0.04116444
 -0.04138128  0.04116444   -0.04138128  0.04116444   -0.06082850 -0.20850124
    2    1
 -0.06082850  0.20850124   -0.04138128 -0.04116444   -0.04138128 -0.04116444
 -0.04138128 -0.04116444   -0.06082850  0.20850124   -0.04138128 -0.04116444
 -0.04138128 -0.04116444   -0.04138128 -0.04116444   -0.06082850  0.20850124
    2    2
  0.28699796 -0.00000000    0.01135879  0.00000000    0.01135879  0.00000000
  0.01135879 -0.00000000    0.28699796 -0.00000000    0.01135879  0.00000000
  0.01135879  0.00000000    0.01135879  0.00000000    0.28699796 -0.00000000

     Dynamical  Matrix in cartesian axes

     q = (   -0.250000000  -0.250000000   0.250000000 ) 

    1    1
  0.28699796 -0.00000000    0.01135879 -0.00000000   -0.01135879 -0.00000000
  0.01135879  0.00000000    0.28699796 -0.00000000   -0.01135879  0.00000000
 -0.01135879 -0.00000000   -0.01135879 -0.00000000    0.28699796 -0.00000000
    1    2
 -0.20850124 -0.06082850    0.04116444 -0.04138128   -0.04116444  0.04138128
  0.04116444 -0.04138128   -0.20850124 -0.06082850   -0.04116444  0.04138128
 -0.04116444  0.04138128   -0.04116444  0.04138128   -0.20850124 -0.06082850
    2    1
 -0.20850124  0.06082850    0.04116444  0.04138128   -0.04116444 -0.04138128
  0.04116444  0.04138128   -0.20850124  0.06082850   -0.04116444 -0.04138128
 -0.04116444 -0.04138128   -0.04116444 -0.04138128   -0.20850124  0.06082850
    2    2
  0.28699796  0.00000000    0.01135879  0.00000000   -0.01135879  0.00000000
  0.01135879  0.00000000    0.28699796  0.00000000   -0.01135879  0.00000000
 -0.01135879 -0.00000000   -0.01135879 -0.00000000    0.28699796  0.00000000

     Dynamical  Matrix in cartesian axes

     q = (   -0.250000000   0.250000000   0.250000000 ) 

    1    1
  0.28699796  0.00000000   -0.01135879  0.00000000   -0.01135879  0.00000000
 -0.01135879  0.00000000    0.28699796  0.00000000    0.01135879 -0.00000000
 -0.01135879  0.00000000    0.01135879 -0.00000000    0.28699796  0.00000000
    1    2
 -0.20850124  0.06082850   -0.04116444 -0.04138128   -0.04116444 -0.04138128
 -0.04116444 -0.04138128   -0.20850124  0.06082850    0.04116444  0.04138128
 -0.04116444 -0.04138128    0.04116444  0.04138128   -0.20850124  0.06082850
    2    1
 -0.20850124 -0.06082850   -0.04116444  0.04138128   -0.04116444  0.04138128
 -0.04116444  0.04138128   -0.20850124 -0.06082850    0.04116444 -0.04138128
 -0.04116444  0.04138128    0.04116444 -0.04138128   -0.20850124 -0.06082850
    2    2
  0.28699796  0.00000000   -0.01135879  0.00000000   -0.01135879  0.00000000
 -0.01135879  0.00000000    0.28699796  0.00000000    0.01135879  0.00000000
 -0.01135879  0.00000000    0.01135879  0.00000000    0.28699796  0.00000000

     Dynamical  Matrix in cartesian axes

     q = (    0.250000000   0.250000000  -0.250000000 ) 

    1    1
  0.28699796  0.00000000    0.01135879  0.00000000   -0.01135879  0.00000000
  0.01135879  0.00000000    0.28699796  0.00000000   -0.01135879  0.00000000
 -0.01135879 -0.00000000   -0.01135879 -0.00000000    0.28699796  0.00000000
    1    2
 -0.20850124  0.06082850    0.04116444  0.04138128   -0.04116444 -0.04138128
  0.04116444  0.04138128   -0.20850124  0.06082850   -0.04116444 -0.04138128
 -0.04116444 -0.04138128   -0.04116444 -0.04138128   -0.20850124  0.06082850
    2    1
 -0.20850124 -0.06082850    0.04116444 -0.04138128   -0.04116444  0.04138128
  0.04116444 -0.04138128   -0.20850124 -0.06082850   -0.04116444  0.04138128
 -0.04116444  0.04138128   -0.04116444  0.04138128   -0.20850124 -0.06082850
    2    2
  0.28699796 -0.00000000    0.01135879 -0.00000000   -0.01135879 -0.00000000
  0.01135879  0.00000000    0.28699796 -0.00000000   -0.01135879  0.00000000
 -0.01135879 -0.00000000   -0.01135879 -0.00000000    0.28699796 -0.00000000

     Diagonalizing the dynamical matrix

     q = (   -0.250000000   0.250000000  -0.250000000 ) 

 **************************************************************************
     freq (    1) =       3.265231 [THz] =     108.916367 [cm-1]
 ( -0.185217  0.042443  0.375059  0.086085  0.560276  0.043642 ) 
 ( -0.181362  0.056698  0.380611  0.056698  0.561973 -0.000000 ) 
     freq (    2) =       3.265231 [THz] =     108.916367 [cm-1]
 ( -0.468989 -0.277986 -0.337026 -0.267707  0.131963  0.010279 ) 
 ( -0.489160 -0.240726 -0.356798 -0.240726  0.132362  0.000000 ) 
     freq (    3) =       7.080216 [THz] =     236.170593 [cm-1]
 (  0.269474  0.306676 -0.269474 -0.306676  0.269474  0.306676 ) 
 (  0.408248 -0.000000 -0.408248  0.000000  0.408248  0.000000 ) 
     freq (    4) =      14.552080 [THz] =     485.405156 [cm-1]
 (  0.269474  0.306676 -0.269474 -0.306676  0.269474  0.306676 ) 
 ( -0.408248 -0.000000  0.408248 -0.000000 -0.408248  0.000000 ) 
     freq (    5) =      14.913622 [THz] =     497.464885 [cm-1]
 ( -0.288314 -0.022493  0.287292  0.022343  0.575606  0.044836 ) 
 (  0.289190  0.000035 -0.288160  0.000035 -0.577350  0.000000 ) 
     freq (    6) =      14.913622 [THz] =     497.464885 [cm-1]
 ( -0.494449 -0.072270 -0.495043 -0.072316 -0.000594 -0.000046 ) 
 (  0.498568  0.033654  0.499164  0.033654  0.000596  0.000000 ) 
 **************************************************************************
