Dynamical matrix file
                                                                           
  1    2  2 10.3408000  0.0000000  0.0000000  0.0000000  0.0000000  0.0000000
           1  'Si  '    25598.822984527003     
    1    1      0.0000000000      0.0000000000      0.0000000000
    2    1      0.2500000000      0.2500000000      0.2500000000

     Dynamical  Matrix in cartesian axes

     q = (    0.750000000  -0.250000000   0.750000000 ) 

    1    1
  0.24403937  0.00000000   -0.00471116  0.00741326    0.00141691  0.00000000
 -0.00471116 -0.00741326    0.29987774  0.00000000   -0.00471116 -0.00741326
  0.00141691  0.00000000   -0.00471116  0.00741326    0.24403937  0.00000000
    1    2
 -0.05805987  0.06766163   -0.03623533  0.04029646   -0.04107915 -0.13069815
 -0.03623533  0.04029646   -0.05658097  0.08683533   -0.03623533  0.04029646
 -0.04107915 -0.13069815   -0.03623533  0.04029646   -0.05805987  0.06766163
    2    1
 -0.05805987 -0.06766163   -0.03623533 -0.04029646   -0.04107915  0.13069815
 -0.03623533 -0.04029646   -0.05658097 -0.08683533   -0.03623533 -0.04029646
 -0.04107915  0.13069815   -0.03623533 -0.04029646   -0.05805987 -0.06766163
    2    2
  0.24403937  0.00000000   -0.00471116 -0.00741326    0.00141691  0.00000000
 -0.00471116  0.00741326    0.29987774  0.00000000   -0.00471116  0.00741326
  0.00141691  0.00000000   -0.00471116 -0.00741326    0.24403937  0.00000000

     Dynamical  Matrix in cartesian axes

     q = (    0.750000000  -0.250000000  -0.750000000 ) 

    1    1
  0.24403937  0.00000000   -0.00471116 -0.00741326   -0.00141691  0.00000000
 -0.00471116  0.00741326    0.29987774  0.00000000    0.00471116 -0.00741326
 -0.00141691  0.00000000    0.00471116  0.00741326    0.24403937  0.00000000
    1    2
 -0.06766163  0.05805987   -0.04029646  0.03623533   -0.13069815 -0.04107915
 -0.04029646  0.03623533   -0.08683533  0.05658097    0.04029646 -0.03623533
 -0.13069815 -0.04107915    0.04029646 -0.03623533   -0.06766163  0.05805987
    2    1
 -0.06766163 -0.05805987   -0.04029646 -0.03623533   -0.13069815  0.04107915
 -0.04029646 -0.03623533   -0.08683533 -0.05658097    0.04029646  0.03623533
 -0.13069815  0.04107915    0.04029646  0.03623533   -0.06766163 -0.05805987
    2    2
  0.24403937  0.00000000   -0.00471116  0.00741326   -0.00141691  0.00000000
 -0.00471116 -0.00741326    0.29987774  0.00000000    0.00471116  0.00741326
 -0.00141691  0.00000000    0.00471116 -0.00741326    0.24403937  0.00000000

     Dynamical  Matrix in cartesian axes

     q = (   -0.750000000  -0.250000000  -0.750000000 ) 

    1    1
  0.24403937  0.00000000    0.00471116 -0.00741326    0.00141691  0.00000000
  0.00471116  0.00741326    0.29987774  0.00000000    0.00471116  0.00741326
  0.00141691  0.00000000    0.00471116 -0.00741326    0.24403937  0.00000000
    1    2
  0.06766163  0.05805987   -0.04029646 -0.03623533   -0.13069815  0.04107915
 -0.04029646 -0.03623533    0.08683533  0.05658097   -0.04029646 -0.03623533
 -0.13069815  0.04107915   -0.04029646 -0.03623533    0.06766163  0.05805987
    2    1
  0.06766163 -0.05805987   -0.04029646  0.03623533   -0.13069815 -0.04107915
 -0.04029646  0.03623533    0.08683533 -0.05658097   -0.04029646  0.03623533
 -0.13069815 -0.04107915   -0.04029646  0.03623533    0.06766163 -0.05805987
    2    2
  0.24403937  0.00000000    0.00471116  0.00741326    0.00141691  0.00000000
  0.00471116 -0.00741326    0.29987774  0.00000000    0.00471116 -0.00741326
  0.00141691  0.00000000    0.00471116  0.00741326    0.24403937  0.00000000

     Dynamical  Matrix in cartesian axes

     q = (   -0.750000000  -0.250000000   0.750000000 ) 

    1    1
  0.24403937  0.00000000    0.00471116  0.00741326   -0.00141691  0.00000000
  0.00471116 -0.00741326    0.29987774  0.00000000   -0.00471116  0.00741326
 -0.00141691  0.00000000   -0.00471116 -0.00741326    0.24403937  0.00000000
    1    2
 -0.06766163  0.05805987    0.04029646 -0.03623533   -0.13069815 -0.04107915
  0.04029646 -0.03623533   -0.08683533  0.05658097   -0.04029646  0.03623533
 -0.13069815 -0.04107915   -0.04029646  0.03623533   -0.06766163  0.05805987
    2    1
 -0.06766163 -0.05805987    0.04029646  0.03623533   -0.13069815  0.04107915
  0.04029646  0.03623533   -0.08683533 -0.05658097   -0.04029646 -0.03623533
 -0.13069815  0.04107915   -0.04029646 -0.03623533   -0.06766163 -0.05805987
    2    2
  0.24403937  0.00000000    0.00471116 -0.00741326   -0.00141691  0.00000000
  0.00471116  0.00741326    0.29987774  0.00000000   -0.00471116 -0.00741326
 -0.00141691  0.00000000   -0.00471116  0.00741326    0.24403937  0.00000000

     Dynamical  Matrix in cartesian axes

     q = (   -0.750000000   0.250000000  -0.750000000 ) 

    1    1
  0.24403937  0.00000000   -0.00471116 -0.00741326    0.00141691  0.00000000
 -0.00471116  0.00741326    0.29987774  0.00000000   -0.00471116  0.00741326
  0.00141691  0.00000000   -0.00471116 -0.00741326    0.24403937  0.00000000
    1    2
 -0.05805987 -0.06766163   -0.03623533 -0.04029646   -0.04107915  0.13069815
 -0.03623533 -0.04029646   -0.05658097 -0.08683533   -0.03623533 -0.04029646
 -0.04107915  0.13069815   -0.03623533 -0.04029646   -0.05805987 -0.06766163
    2    1
 -0.05805987  0.06766163   -0.03623533  0.04029646   -0.04107915 -0.13069815
 -0.03623533  0.04029646   -0.05658097  0.08683533   -0.03623533  0.04029646
 -0.04107915 -0.13069815   -0.03623533  0.04029646   -0.05805987  0.06766163
    2    2
  0.24403937  0.00000000   -0.00471116  0.00741326    0.00141691  0.00000000
 -0.00471116 -0.00741326    0.29987774  0.00000000   -0.00471116 -0.00741326
  0.00141691  0.00000000   -0.00471116  0.00741326    0.24403937  0.00000000

     Dynamical  Matrix in cartesian axes

     q = (   -0.250000000   0.750000000  -0.750000000 ) 

    1    1
  0.29987774  0.00000000   -0.00471116  0.00741326    0.00471116 -0.00741326
 -0.00471116 -0.00741326    0.24403937  0.00000000   -0.00141691  0.00000000
  0.00471116  0.00741326   -0.00141691  0.00000000    0.24403937  0.00000000
    1    2
 -0.08683533  0.05658097   -0.04029646  0.03623533    0.04029646 -0.03623533
 -0.04029646  0.03623533   -0.06766163  0.05805987   -0.13069815 -0.04107915
  0.04029646 -0.03623533   -0.13069815 -0.04107915   -0.06766163  0.05805987
    2    1
 -0.08683533 -0.05658097   -0.04029646 -0.03623533    0.04029646  0.03623533
 -0.04029646 -0.03623533   -0.06766163 -0.05805987   -0.13069815  0.04107915
  0.04029646  0.03623533   -0.13069815  0.04107915   -0.06766163 -0.05805987
    2    2
  0.29987774  0.00000000   -0.00471116 -0.00741326    0.00471116  0.00741326
 -0.00471116  0.00741326    0.24403937  0.00000000   -0.00141691  0.00000000
  0.00471116 -0.00741326   -0.00141691  0.00000000    0.24403937  0.00000000

     Dynamical  Matrix in cartesian axes

     q = (   -0.750000000   0.750000000  -0.250000000 ) 

    1    1
  0.24403937  0.00000000   -0.00141691  0.00000000    0.00471116  0.00741326
 -0.00141691  0.00000000    0.24403937  0.00000000   -0.00471116 -0.00741326
  0.00471116 -0.00741326   -0.00471116  0.00741326    0.29987774  0.00000000
    1    2
 -0.06766163  0.05805987   -0.13069815 -0.04107915    0.04029646 -0.03623533
 -0.13069815 -0.04107915   -0.06766163  0.05805987   -0.04029646  0.03623533
  0.04029646 -0.03623533   -0.04029646  0.03623533   -0.08683533  0.05658097
    2    1
 -0.06766163 -0.05805987   -0.13069815  0.04107915    0.04029646  0.03623533
 -0.13069815  0.04107915   -0.06766163 -0.05805987   -0.04029646 -0.03623533
  0.04029646  0.03623533   -0.04029646 -0.03623533   -0.08683533 -0.05658097
    2    2
  0.24403937  0.00000000   -0.00141691  0.00000000    0.00471116 -0.00741326
 -0.00141691  0.00000000    0.24403937  0.00000000   -0.00471116  0.00741326
  0.00471116  0.00741326   -0.00471116 -0.00741326    0.29987774  0.00000000

     Dynamical  Matrix in cartesian axes

     q = (    0.750000000   0.250000000   0.750000000 ) 

    1    1
  0.24403937  0.00000000    0.00471116  0.00741326    0.00141691  0.00000000
  0.00471116 -0.00741326    0.29987774  0.00000000    0.00471116 -0.00741326
  0.00141691  0.00000000    0.00471116  0.00741326    0.24403937  0.00000000
    1    2
  0.06766163 -0.05805987   -0.04029646  0.03623533   -0.13069815 -0.04107915
 -0.04029646  0.03623533    0.08683533 -0.05658097   -0.04029646  0.03623533
 -0.13069815 -0.04107915   -0.04029646  0.03623533    0.06766163 -0.05805987
    2    1
  0.06766163  0.05805987   -0.04029646 -0.03623533   -0.13069815  0.04107915
 -0.04029646 -0.03623533    0.08683533  0.05658097   -0.04029646 -0.03623533
 -0.13069815  0.04107915   -0.04029646 -0.03623533    0.06766163  0.05805987
    2    2
  0.24403937  0.00000000    0.00471116 -0.00741326    0.00141691  0.00000000
  0.00471116  0.00741326    0.29987774  0.00000000    0.00471116  0.00741326
  0.00141691  0.00000000    0.00471116 -0.00741326    0.24403937  0.00000000

     Dynamical  Matrix in cartesian axes

     q = (   -0.750000000   0.250000000   0.750000000 ) 

    1    1
  0.24403937  0.00000000   -0.00471116  0.00741326   -0.00141691  0.00000000
 -0.00471116 -0.00741326    0.29987774  0.00000000    0.00471116  0.00741326
 -0.00141691  0.00000000    0.00471116 -0.00741326    0.24403937  0.00000000
    1    2
 -0.06766163 -0.05805987   -0.04029646 -0.03623533   -0.13069815  0.04107915
 -0.04029646 -0.03623533   -0.08683533 -0.05658097    0.04029646  0.03623533
 -0.13069815  0.04107915    0.04029646  0.03623533   -0.06766163 -0.05805987
    2    1
 -0.06766163  0.05805987   -0.04029646  0.03623533   -0.13069815 -0.04107915
 -0.04029646  0.03623533   -0.08683533  0.05658097    0.04029646 -0.03623533
 -0.13069815 -0.04107915    0.04029646 -0.03623533   -0.06766163  0.05805987
    2    2
  0.24403937  0.00000000   -0.00471116 -0.00741326   -0.00141691  0.00000000
 -0.00471116  0.00741326    0.29987774  0.00000000    0.00471116 -0.00741326
 -0.00141691  0.00000000    0.00471116  0.00741326    0.24403937  0.00000000

     Dynamical  Matrix in cartesian axes

     q = (    0.750000000   0.250000000  -0.750000000 ) 

    1    1
  0.24403937  0.00000000    0.00471116 -0.00741326   -0.00141691  0.00000000
  0.00471116  0.00741326    0.29987774  0.00000000   -0.00471116 -0.00741326
 -0.00141691  0.00000000   -0.00471116  0.00741326    0.24403937  0.00000000
    1    2
 -0.06766163 -0.05805987    0.04029646  0.03623533   -0.13069815  0.04107915
  0.04029646  0.03623533   -0.08683533 -0.05658097   -0.04029646 -0.03623533
 -0.13069815  0.04107915   -0.04029646 -0.03623533   -0.06766163 -0.05805987
    2    1
 -0.06766163  0.05805987    0.04029646 -0.03623533   -0.13069815 -0.04107915
  0.04029646 -0.03623533   -0.08683533  0.05658097   -0.04029646  0.03623533
 -0.13069815 -0.04107915   -0.04029646  0.03623533   -0.06766163  0.05805987
    2    2
  0.24403937  0.00000000    0.00471116  0.00741326   -0.00141691  0.00000000
  0.00471116 -0.00741326    0.29987774  0.00000000   -0.00471116  0.00741326
 -0.00141691  0.00000000   -0.00471116 -0.00741326    0.24403937  0.00000000

     Dynamical  Matrix in cartesian axes

     q = (   -0.750000000   0.750000000   0.250000000 ) 

    1    1
  0.24403937  0.00000000   -0.00141691  0.00000000   -0.00471116  0.00741326
 -0.00141691  0.00000000    0.24403937  0.00000000    0.00471116 -0.00741326
 -0.00471116 -0.00741326    0.00471116  0.00741326    0.29987774  0.00000000
    1    2
 -0.06766163 -0.05805987   -0.13069815  0.04107915   -0.04029646 -0.03623533
 -0.13069815  0.04107915   -0.06766163 -0.05805987    0.04029646  0.03623533
 -0.04029646 -0.03623533    0.04029646  0.03623533   -0.08683533 -0.05658097
    2    1
 -0.06766163  0.05805987   -0.13069815 -0.04107915   -0.04029646  0.03623533
 -0.13069815 -0.04107915   -0.06766163  0.05805987    0.04029646 -0.03623533
 -0.04029646  0.03623533    0.04029646 -0.03623533   -0.08683533  0.05658097
    2    2
  0.24403937  0.00000000   -0.00141691  0.00000000   -0.00471116 -0.00741326
 -0.00141691  0.00000000    0.24403937  0.00000000    0.00471116  0.00741326
 -0.00471116  0.00741326    0.00471116 -0.00741326    0.29987774  0.00000000

     Dynamical  Matrix in cartesian axes

     q = (   -0.250000000   0.750000000   0.750000000 ) 

    1    1
  0.29987774  0.00000000   -0.00471116 -0.00741326   -0.00471116 -0.00741326
 -0.00471116  0.00741326    0.24403937  0.00000000    0.00141691  0.00000000
 -0.00471116  0.00741326    0.00141691  0.00000000    0.24403937  0.00000000
    1    2
 -0.05658097  0.08683533   -0.03623533  0.04029646   -0.03623533  0.04029646
 -0.03623533  0.04029646   -0.05805987  0.06766163   -0.04107915 -0.13069815
 -0.03623533  0.04029646   -0.04107915 -0.13069815   -0.05805987  0.06766163
    2    1
 -0.05658097 -0.08683533   -0.03623533 -0.04029646   -0.03623533 -0.04029646
 -0.03623533 -0.04029646   -0.05805987 -0.06766163   -0.04107915  0.13069815
 -0.03623533 -0.04029646   -0.04107915  0.13069815   -0.05805987 -0.06766163
    2    2
  0.29987774  0.00000000   -0.00471116  0.00741326   -0.00471116  0.00741326
 -0.00471116 -0.00741326    0.24403937  0.00000000    0.00141691  0.00000000
 -0.00471116 -0.00741326    0.00141691  0.00000000    0.24403937  0.00000000

     Dynamical  Matrix in cartesian axes

     q = (    0.250000000   0.750000000  -0.750000000 ) 

    1    1
  0.29987774  0.00000000    0.00471116  0.00741326   -0.00471116 -0.00741326
  0.00471116 -0.00741326    0.24403937  0.00000000   -0.00141691  0.00000000
 -0.00471116  0.00741326   -0.00141691  0.00000000    0.24403937  0.00000000
    1    2
 -0.08683533 -0.05658097    0.04029646  0.03623533   -0.04029646 -0.03623533
  0.04029646  0.03623533   -0.06766163 -0.05805987   -0.13069815  0.04107915
 -0.04029646 -0.03623533   -0.13069815  0.04107915   -0.06766163 -0.05805987
    2    1
 -0.08683533  0.05658097    0.04029646 -0.03623533   -0.04029646  0.03623533
  0.04029646 -0.03623533   -0.06766163  0.05805987   -0.13069815 -0.04107915
 -0.04029646  0.03623533   -0.13069815 -0.04107915   -0.06766163  0.05805987
    2    2
  0.29987774  0.00000000    0.00471116 -0.00741326   -0.00471116  0.00741326
  0.00471116  0.00741326    0.24403937  0.00000000   -0.00141691  0.00000000
 -0.00471116 -0.00741326   -0.00141691  0.00000000    0.24403937  0.00000000

     Dynamical  Matrix in cartesian axes

     q = (   -0.250000000  -0.750000000  -0.750000000 ) 

    1    1
  0.29987774  0.00000000    0.00471116  0.00741326    0.00471116  0.00741326
  0.00471116 -0.00741326    0.24403937  0.00000000    0.00141691  0.00000000
  0.00471116 -0.00741326    0.00141691  0.00000000    0.24403937  0.00000000
    1    2
  0.08683533  0.05658097   -0.04029646 -0.03623533   -0.04029646 -0.03623533
 -0.04029646 -0.03623533    0.06766163  0.05805987   -0.13069815  0.04107915
 -0.04029646 -0.03623533   -0.13069815  0.04107915    0.06766163  0.05805987
    2    1
  0.08683533 -0.05658097   -0.04029646  0.03623533   -0.04029646  0.03623533
 -0.04029646  0.03623533    0.06766163 -0.05805987   -0.13069815 -0.04107915
 -0.04029646  0.03623533   -0.13069815 -0.04107915    0.06766163 -0.05805987
    2    2
  0.29987774  0.00000000    0.00471116 -0.00741326    0.00471116 -0.00741326
  0.00471116  0.00741326    0.24403937  0.00000000    0.00141691  0.00000000
  0.00471116  0.00741326    0.00141691  0.00000000    0.24403937  0.00000000

     Dynamical  Matrix in cartesian axes

     q = (    0.750000000   0.750000000  -0.250000000 ) 

    1    1
  0.24403937  0.00000000    0.00141691  0.00000000   -0.00471116  0.00741326
  0.00141691  0.00000000    0.24403937  0.00000000   -0.00471116  0.00741326
 -0.00471116 -0.00741326   -0.00471116 -0.00741326    0.29987774  0.00000000
    1    2
 -0.05805987  0.06766163   -0.04107915 -0.13069815   -0.03623533  0.04029646
 -0.04107915 -0.13069815   -0.05805987  0.06766163   -0.03623533  0.04029646
 -0.03623533  0.04029646   -0.03623533  0.04029646   -0.05658097  0.08683533
    2    1
 -0.05805987 -0.06766163   -0.04107915  0.13069815   -0.03623533 -0.04029646
 -0.04107915  0.13069815   -0.05805987 -0.06766163   -0.03623533 -0.04029646
 -0.03623533 -0.04029646   -0.03623533 -0.04029646   -0.05658097 -0.08683533
    2    2
  0.24403937  0.00000000    0.00141691  0.00000000   -0.00471116 -0.00741326
  0.00141691  0.00000000    0.24403937  0.00000000   -0.00471116 -0.00741326
 -0.00471116  0.00741326   -0.00471116  0.00741326    0.29987774  0.00000000

     Dynamical  Matrix in cartesian axes

     q = (    0.750000000  -0.750000000   0.250000000 ) 

    1    1
  0.24403937  0.00000000   -0.00141691  0.00000000    0.00471116 -0.00741326
 -0.00141691  0.00000000    0.24403937  0.00000000   -0.00471116  0.00741326
  0.00471116  0.00741326   -0.00471116 -0.00741326    0.29987774  0.00000000
    1    2
 -0.06766163 -0.05805987   -0.13069815  0.04107915    0.04029646  0.03623533
 -0.13069815  0.04107915   -0.06766163 -0.05805987   -0.04029646 -0.03623533
  0.04029646  0.03623533   -0.04029646 -0.03623533   -0.08683533 -0.05658097
    2    1
 -0.06766163  0.05805987   -0.13069815 -0.04107915    0.04029646 -0.03623533
 -0.13069815 -0.04107915   -0.06766163  0.05805987   -0.04029646  0.03623533
  0.04029646 -0.03623533   -0.04029646  0.03623533   -0.08683533  0.05658097
    2    2
  0.24403937  0.00000000   -0.00141691  0.00000000    0.00471116  0.00741326
 -0.00141691  0.00000000    0.24403937  0.00000000   -0.00471116 -0.00741326
  0.00471116 -0.00741326   -0.00471116  0.00741326    0.29987774  0.00000000

     Dynamical  Matrix in cartesian axes

     q = (   -0.750000000  -0.750000000  -0.250000000 ) 

    1    1
  0.24403937  0.00000000    0.00141691  0.00000000    0.00471116 -0.00741326
  0.00141691  0.00000000    0.24403937  0.00000000    0.00471116 -0.00741326
  0.00471116  0.00741326    0.00471116  0.00741326    0.29987774  0.00000000
    1    2
  0.06766163  0.05805987   -0.13069815  0.04107915   -0.04029646 -0.03623533
 -0.13069815  0.04107915    0.06766163  0.05805987   -0.04029646 -0.03623533
 -0.04029646 -0.03623533   -0.04029646 -0.03623533    0.08683533  0.05658097
    2    1
  0.06766163 -0.05805987   -0.13069815 -0.04107915   -0.04029646  0.03623533
 -0.13069815 -0.04107915    0.06766163 -0.05805987   -0.04029646  0.03623533
 -0.04029646  0.03623533   -0.04029646  0.03623533    0.08683533 -0.05658097
    2    2
  0.24403937  0.00000000    0.00141691  0.00000000    0.00471116  0.00741326
  0.00141691  0.00000000    0.24403937  0.00000000    0.00471116  0.00741326
  0.00471116 -0.00741326    0.00471116 -0.00741326    0.29987774  0.00000000

     Dynamical  Matrix in cartesian axes

     q = (    0.250000000  -0.750000000   0.750000000 ) 

    1    1
  0.29987774  0.00000000   -0.00471116 -0.00741326    0.00471116  0.00741326
 -0.00471116  0.00741326    0.24403937  0.00000000   -0.00141691  0.00000000
  0.00471116 -0.00741326   -0.00141691  0.00000000    0.24403937  0.00000000
    1    2
 -0.08683533 -0.05658097   -0.04029646 -0.03623533    0.04029646  0.03623533
 -0.04029646 -0.03623533   -0.06766163 -0.05805987   -0.13069815  0.04107915
  0.04029646  0.03623533   -0.13069815  0.04107915   -0.06766163 -0.05805987
    2    1
 -0.08683533  0.05658097   -0.04029646  0.03623533    0.04029646 -0.03623533
 -0.04029646  0.03623533   -0.06766163  0.05805987   -0.13069815 -0.04107915
  0.04029646 -0.03623533   -0.13069815 -0.04107915   -0.06766163  0.05805987
    2    2
  0.29987774  0.00000000   -0.00471116  0.00741326    0.00471116 -0.00741326
 -0.00471116 -0.00741326    0.24403937  0.00000000   -0.00141691  0.00000000
  0.00471116  0.00741326   -0.00141691  0.00000000    0.24403937  0.00000000

     Dynamical  Matrix in cartesian axes

     q = (   -0.750000000  -0.750000000   0.250000000 ) 

    1    1
  0.24403937  0.00000000    0.00141691  0.00000000   -0.00471116 -0.00741326
  0.00141691  0.00000000    0.24403937  0.00000000   -0.00471116 -0.00741326
 -0.00471116  0.00741326   -0.00471116  0.00741326    0.29987774  0.00000000
    1    2
 -0.05805987 -0.06766163   -0.04107915  0.13069815   -0.03623533 -0.04029646
 -0.04107915  0.13069815   -0.05805987 -0.06766163   -0.03623533 -0.04029646
 -0.03623533 -0.04029646   -0.03623533 -0.04029646   -0.05658097 -0.08683533
    2    1
 -0.05805987  0.06766163   -0.04107915 -0.13069815   -0.03623533  0.04029646
 -0.04107915 -0.13069815   -0.05805987  0.06766163   -0.03623533  0.04029646
 -0.03623533  0.04029646   -0.03623533  0.04029646   -0.05658097  0.08683533
    2    2
  0.24403937  0.00000000    0.00141691  0.00000000   -0.00471116  0.00741326
  0.00141691  0.00000000    0.24403937  0.00000000   -0.00471116  0.00741326
 -0.00471116 -0.00741326   -0.00471116 -0.00741326    0.29987774  0.00000000

     Dynamical  Matrix in cartesian axes

     q = (    0.250000000   0.750000000   0.750000000 ) 

    1    1
  0.29987774  0.00000000    0.00471116 -0.00741326    0.00471116 -0.00741326
  0.00471116  0.00741326    0.24403937  0.00000000    0.00141691  0.00000000
  0.00471116  0.00741326    0.00141691  0.00000000    0.24403937  0.00000000
    1    2
  0.08683533 -0.05658097   -0.04029646  0.03623533   -0.04029646  0.03623533
 -0.04029646  0.03623533    0.06766163 -0.05805987   -0.13069815 -0.04107915
 -0.04029646  0.03623533   -0.13069815 -0.04107915    0.06766163 -0.05805987
    2    1
  0.08683533  0.05658097   -0.04029646 -0.03623533   -0.04029646 -0.03623533
 -0.04029646 -0.03623533    0.06766163  0.05805987   -0.13069815  0.04107915
 -0.04029646 -0.03623533   -0.13069815  0.04107915    0.06766163  0.05805987
    2    2
  0.29987774  0.00000000    0.00471116  0.00741326    0.00471116  0.00741326
  0.00471116 -0.00741326    0.24403937  0.00000000    0.00141691  0.00000000
  0.00471116 -0.00741326    0.00141691  0.00000000    0.24403937  0.00000000

     Dynamical  Matrix in cartesian axes

     q = (   -0.250000000  -0.750000000   0.750000000 ) 

    1    1
  0.29987774  0.00000000    0.00471116 -0.00741326   -0.00471116  0.00741326
  0.00471116  0.00741326    0.24403937  0.00000000   -0.00141691  0.00000000
 -0.00471116 -0.00741326   -0.00141691  0.00000000    0.24403937  0.00000000
    1    2
 -0.08683533  0.05658097    0.04029646 -0.03623533   -0.04029646  0.03623533
  0.04029646 -0.03623533   -0.06766163  0.05805987   -0.13069815 -0.04107915
 -0.04029646  0.03623533   -0.13069815 -0.04107915   -0.06766163  0.05805987
    2    1
 -0.08683533 -0.05658097    0.04029646  0.03623533   -0.04029646 -0.03623533
  0.04029646  0.03623533   -0.06766163 -0.05805987   -0.13069815  0.04107915
 -0.04029646 -0.03623533   -0.13069815  0.04107915   -0.06766163 -0.05805987
    2    2
  0.29987774  0.00000000    0.00471116  0.00741326   -0.00471116 -0.00741326
  0.00471116 -0.00741326    0.24403937  0.00000000   -0.00141691  0.00000000
 -0.00471116  0.00741326   -0.00141691  0.00000000    0.24403937  0.00000000

     Dynamical  Matrix in cartesian axes

     q = (    0.750000000   0.750000000   0.250000000 ) 

    1    1
  0.24403937  0.00000000    0.00141691  0.00000000    0.00471116  0.00741326
  0.00141691  0.00000000    0.24403937  0.00000000    0.00471116  0.00741326
  0.00471116 -0.00741326    0.00471116 -0.00741326    0.29987774  0.00000000
    1    2
  0.06766163 -0.05805987   -0.13069815 -0.04107915   -0.04029646  0.03623533
 -0.13069815 -0.04107915    0.06766163 -0.05805987   -0.04029646  0.03623533
 -0.04029646  0.03623533   -0.04029646  0.03623533    0.08683533 -0.05658097
    2    1
  0.06766163  0.05805987   -0.13069815  0.04107915   -0.04029646 -0.03623533
 -0.13069815  0.04107915    0.06766163  0.05805987   -0.04029646 -0.03623533
 -0.04029646 -0.03623533   -0.04029646 -0.03623533    0.08683533  0.05658097
    2    2
  0.24403937  0.00000000    0.00141691  0.00000000    0.00471116 -0.00741326
  0.00141691  0.00000000    0.24403937  0.00000000    0.00471116 -0.00741326
  0.00471116  0.00741326    0.00471116  0.00741326    0.29987774  0.00000000

     Dynamical  Matrix in cartesian axes

     q = (    0.250000000  -0.750000000  -0.750000000 ) 

    1    1
  0.29987774  0.00000000   -0.00471116  0.00741326   -0.00471116  0.00741326
 -0.00471116 -0.00741326    0.24403937  0.00000000    0.00141691  0.00000000
 -0.00471116 -0.00741326    0.00141691  0.00000000    0.24403937  0.00000000
    1    2
 -0.05658097 -0.08683533   -0.03623533 -0.04029646   -0.03623533 -0.04029646
 -0.03623533 -0.04029646   -0.05805987 -0.06766163   -0.04107915  0.13069815
 -0.03623533 -0.04029646   -0.04107915  0.13069815   -0.05805987 -0.06766163
    2    1
 -0.05658097  0.08683533   -0.03623533  0.04029646   -0.03623533  0.04029646
 -0.03623533  0.04029646   -0.05805987  0.06766163   -0.04107915 -0.13069815
 -0.03623533  0.04029646   -0.04107915 -0.13069815   -0.05805987  0.06766163
    2    2
  0.29987774  0.00000000   -0.00471116 -0.00741326   -0.00471116 -0.00741326
 -0.00471116  0.00741326    0.24403937  0.00000000    0.00141691  0.00000000
 -0.00471116  0.00741326    0.00141691  0.00000000    0.24403937  0.00000000

     Dynamical  Matrix in cartesian axes

     q = (    0.750000000  -0.750000000  -0.250000000 ) 

    1    1
  0.24403937  0.00000000   -0.00141691  0.00000000   -0.00471116 -0.00741326
 -0.00141691  0.00000000    0.24403937  0.00000000    0.00471116  0.00741326
 -0.00471116  0.00741326    0.00471116 -0.00741326    0.29987774  0.00000000
    1    2
 -0.06766163  0.05805987   -0.13069815 -0.04107915   -0.04029646  0.03623533
 -0.13069815 -0.04107915   -0.06766163  0.05805987    0.04029646 -0.03623533
 -0.04029646  0.03623533    0.04029646 -0.03623533   -0.08683533  0.05658097
    2    1
 -0.06766163 -0.05805987   -0.13069815  0.04107915   -0.04029646 -0.03623533
 -0.13069815  0.04107915   -0.06766163 -0.05805987    0.04029646  0.03623533
 -0.04029646 -0.03623533    0.04029646  0.03623533   -0.08683533 -0.05658097
    2    2
  0.24403937  0.00000000   -0.00141691  0.00000000   -0.00471116  0.00741326
 -0.00141691  0.00000000    0.24403937  0.00000000    0.00471116 -0.00741326
 -0.00471116 -0.00741326    0.00471116  0.00741326    0.29987774  0.00000000

     Diagonalizing the dynamical matrix

     q = (    0.750000000  -0.250000000   0.750000000 ) 

 **************************************************************************
     freq (    1) =       4.290375 [THz] =     143.111490 [cm-1]
 ( -0.042647  0.498178 -0.000000  0.000000  0.042647 -0.498178 ) 
 ( -0.500000  0.000000 -0.000000 -0.000000  0.500000  0.000000 ) 
     freq (    2) =       6.130486 [THz] =     204.490987 [cm-1]
 ( -0.400116 -0.146714 -0.332399  0.162094 -0.400116 -0.146714 ) 
 ( -0.426167  0.000000 -0.256278 -0.266619 -0.426167  0.000000 ) 
     freq (    3) =       9.361833 [THz] =     312.277122 [cm-1]
 ( -0.082195  0.294367 -0.434073 -0.353221 -0.082195  0.294367 ) 
 (  0.305627  0.000000 -0.223469 -0.513075  0.305627  0.000000 ) 
     freq (    4) =      11.949909 [THz] =     398.606071 [cm-1]
 ( -0.160205 -0.323846  0.400576  0.280100 -0.160205 -0.323846 ) 
 (  0.361305  0.000000 -0.428677 -0.234846  0.361305  0.000000 ) 
     freq (    5) =      13.665721 [THz] =     455.839378 [cm-1]
 ( -0.042647  0.498178  0.000000 -0.000000  0.042647 -0.498178 ) 
 (  0.500000  0.000000 -0.000000 -0.000000 -0.500000  0.000000 ) 
     freq (    6) =      13.896120 [THz] =     463.524663 [cm-1]
 (  0.284780  0.115469  0.500240 -0.246768  0.284780  0.115469 ) 
 ( -0.307299 -0.000000 -0.370858 -0.416652 -0.307299  0.000000 ) 
 **************************************************************************
