Dynamical matrix file
                                                                           
  1    2  2 10.3408000  0.0000000  0.0000000  0.0000000  0.0000000  0.0000000
           1  'Si  '    25598.822984527003     
    1    1      0.0000000000      0.0000000000      0.0000000000
    2    1      0.2500000000      0.2500000000      0.2500000000

     Dynamical  Matrix in cartesian axes

     q = (   -0.250000000   0.250000000  -0.250000000 ) 

    1    1
  0.28153072  0.00000000   -0.01079651  0.00000000    0.01079651  0.00000000
 -0.01079651  0.00000000    0.28153072  0.00000000   -0.01079651  0.00000000
  0.01079651  0.00000000   -0.01079651  0.00000000    0.28153072  0.00000000
    1    2
 -0.20580867 -0.06077487   -0.03648705  0.03726197    0.03648705 -0.03726197
 -0.03648705  0.03726197   -0.20580867 -0.06077487   -0.03648705  0.03726197
  0.03648705 -0.03726197   -0.03648705  0.03726197   -0.20580867 -0.06077487
    2    1
 -0.20580867  0.06077487   -0.03648705 -0.03726197    0.03648705  0.03726197
 -0.03648705 -0.03726197   -0.20580867  0.06077487   -0.03648705 -0.03726197
  0.03648705  0.03726197   -0.03648705 -0.03726197   -0.20580867  0.06077487
    2    2
  0.28153072  0.00000000   -0.01079651  0.00000000    0.01079651  0.00000000
 -0.01079651  0.00000000    0.28153072  0.00000000   -0.01079651  0.00000000
  0.01079651  0.00000000   -0.01079651  0.00000000    0.28153072  0.00000000

     Dynamical  Matrix in cartesian axes

     q = (    0.250000000  -0.250000000  -0.250000000 ) 

    1    1
  0.28153072  0.00000000   -0.01079651  0.00000000   -0.01079651  0.00000000
 -0.01079651  0.00000000    0.28153072  0.00000000    0.01079651  0.00000000
 -0.01079651  0.00000000    0.01079651  0.00000000    0.28153072  0.00000000
    1    2
 -0.20580867 -0.06077487   -0.03648705  0.03726197   -0.03648705  0.03726197
 -0.03648705  0.03726197   -0.20580867 -0.06077487    0.03648705 -0.03726197
 -0.03648705  0.03726197    0.03648705 -0.03726197   -0.20580867 -0.06077487
    2    1
 -0.20580867  0.06077487   -0.03648705 -0.03726197   -0.03648705 -0.03726197
 -0.03648705 -0.03726197   -0.20580867  0.06077487    0.03648705  0.03726197
 -0.03648705 -0.03726197    0.03648705  0.03726197   -0.20580867  0.06077487
    2    2
  0.28153072  0.00000000   -0.01079651  0.00000000   -0.01079651  0.00000000
 -0.01079651  0.00000000    0.28153072  0.00000000    0.01079651  0.00000000
 -0.01079651  0.00000000    0.01079651  0.00000000    0.28153072  0.00000000

     Dynamical  Matrix in cartesian axes

     q = (    0.250000000  -0.250000000   0.250000000 ) 

    1    1
  0.28153072  0.00000000   -0.01079651  0.00000000    0.01079651  0.00000000
 -0.01079651  0.00000000    0.28153072  0.00000000   -0.01079651  0.00000000
  0.01079651  0.00000000   -0.01079651  0.00000000    0.28153072  0.00000000
    1    2
 -0.20580867  0.06077487   -0.03648705 -0.03726197    0.03648705  0.03726197
 -0.03648705 -0.03726197   -0.20580867  0.06077487   -0.03648705 -0.03726197
  0.03648705  0.03726197   -0.03648705 -0.03726197   -0.20580867  0.06077487
    2    1
 -0.20580867 -0.06077487   -0.03648705  0.03726197    0.03648705 -0.03726197
 -0.03648705  0.03726197   -0.20580867 -0.06077487   -0.03648705  0.03726197
  0.03648705 -0.03726197   -0.03648705  0.03726197   -0.20580867 -0.06077487
    2    2
  0.28153072  0.00000000   -0.01079651  0.00000000    0.01079651  0.00000000
 -0.01079651  0.00000000    0.28153072  0.00000000   -0.01079651  0.00000000
  0.01079651  0.00000000   -0.01079651  0.00000000    0.28153072  0.00000000

     Dynamical  Matrix in cartesian axes

     q = (    0.250000000   0.250000000   0.250000000 ) 

    1    1
  0.28153072  0.00000000    0.01079651  0.00000000    0.01079651  0.00000000
  0.01079651  0.00000000    0.28153072  0.00000000    0.01079651  0.00000000
  0.01079651  0.00000000    0.01079651  0.00000000    0.28153072  0.00000000
    1    2
 -0.06077487  0.20580867   -0.03726197 -0.03648705   -0.03726197 -0.03648705
 -0.03726197 -0.03648705   -0.06077487  0.20580867   -0.03726197 -0.03648705
 -0.03726197 -0.03648705   -0.03726197 -0.03648705   -0.06077487  0.20580867
    2    1
 -0.06077487 -0.20580867   -0.03726197  0.03648705   -0.03726197  0.03648705
 -0.03726197  0.03648705   -0.06077487 -0.20580867   -0.03726197  0.03648705
 -0.03726197  0.03648705   -0.03726197  0.03648705   -0.06077487 -0.20580867
    2    2
  0.28153072  0.00000000    0.01079651  0.00000000    0.01079651  0.00000000
  0.01079651  0.00000000    0.28153072  0.00000000    0.01079651  0.00000000
  0.01079651  0.00000000    0.01079651  0.00000000    0.28153072  0.00000000

     Dynamical  Matrix in cartesian axes

     q = (   -0.250000000  -0.250000000  -0.250000000 ) 

    1    1
  0.28153072  0.00000000    0.01079651  0.00000000    0.01079651  0.00000000
  0.01079651  0.00000000    0.28153072  0.00000000    0.01079651  0.00000000
  0.01079651  0.00000000    0.01079651  0.00000000    0.28153072  0.00000000
    1    2
 -0.06077487 -0.20580867   -0.03726197  0.03648705   -0.03726197  0.03648705
 -0.03726197  0.03648705   -0.06077487 -0.20580867   -0.03726197  0.03648705
 -0.03726197  0.03648705   -0.03726197  0.03648705   -0.06077487 -0.20580867
    2    1
 -0.06077487  0.20580867   -0.03726197 -0.03648705   -0.03726197 -0.03648705
 -0.03726197 -0.03648705   -0.06077487  0.20580867   -0.03726197 -0.03648705
 -0.03726197 -0.03648705   -0.03726197 -0.03648705   -0.06077487  0.20580867
    2    2
  0.28153072  0.00000000    0.01079651  0.00000000    0.01079651  0.00000000
  0.01079651  0.00000000    0.28153072  0.00000000    0.01079651  0.00000000
  0.01079651  0.00000000    0.01079651  0.00000000    0.28153072  0.00000000

     Dynamical  Matrix in cartesian axes

     q = (   -0.250000000  -0.250000000   0.250000000 ) 

    1    1
  0.28153072  0.00000000    0.01079651  0.00000000   -0.01079651  0.00000000
  0.01079651  0.00000000    0.28153072  0.00000000   -0.01079651  0.00000000
 -0.01079651  0.00000000   -0.01079651  0.00000000    0.28153072  0.00000000
    1    2
 -0.20580867 -0.06077487    0.03648705 -0.03726197   -0.03648705  0.03726197
  0.03648705 -0.03726197   -0.20580867 -0.06077487   -0.03648705  0.03726197
 -0.03648705  0.03726197   -0.03648705  0.03726197   -0.20580867 -0.06077487
    2    1
 -0.20580867  0.06077487    0.03648705  0.03726197   -0.03648705 -0.03726197
  0.03648705  0.03726197   -0.20580867  0.06077487   -0.03648705 -0.03726197
 -0.03648705 -0.03726197   -0.03648705 -0.03726197   -0.20580867  0.06077487
    2    2
  0.28153072  0.00000000    0.01079651  0.00000000   -0.01079651  0.00000000
  0.01079651  0.00000000    0.28153072  0.00000000   -0.01079651  0.00000000
 -0.01079651  0.00000000   -0.01079651  0.00000000    0.28153072  0.00000000

     Dynamical  Matrix in cartesian axes

     q = (   -0.250000000   0.250000000   0.250000000 ) 

    1    1
  0.28153072  0.00000000   -0.01079651  0.00000000   -0.01079651  0.00000000
 -0.01079651  0.00000000    0.28153072  0.00000000    0.01079651  0.00000000
 -0.01079651  0.00000000    0.01079651  0.00000000    0.28153072  0.00000000
    1    2
 -0.20580867  0.06077487   -0.03648705 -0.03726197   -0.03648705 -0.03726197
 -0.03648705 -0.03726197   -0.20580867  0.06077487    0.03648705  0.03726197
 -0.03648705 -0.03726197    0.03648705  0.03726197   -0.20580867  0.06077487
    2    1
 -0.20580867 -0.06077487   -0.03648705  0.03726197   -0.03648705  0.03726197
 -0.03648705  0.03726197   -0.20580867 -0.06077487    0.03648705 -0.03726197
 -0.03648705  0.03726197    0.03648705 -0.03726197   -0.20580867 -0.06077487
    2    2
  0.28153072  0.00000000   -0.01079651  0.00000000   -0.01079651  0.00000000
 -0.01079651  0.00000000    0.28153072  0.00000000    0.01079651  0.00000000
 -0.01079651  0.00000000    0.01079651  0.00000000    0.28153072  0.00000000

     Dynamical  Matrix in cartesian axes

     q = (    0.250000000   0.250000000  -0.250000000 ) 

    1    1
  0.28153072  0.00000000    0.01079651  0.00000000   -0.01079651  0.00000000
  0.01079651  0.00000000    0.28153072  0.00000000   -0.01079651  0.00000000
 -0.01079651  0.00000000   -0.01079651  0.00000000    0.28153072  0.00000000
    1    2
 -0.20580867  0.06077487    0.03648705  0.03726197   -0.03648705 -0.03726197
  0.03648705  0.03726197   -0.20580867  0.06077487   -0.03648705 -0.03726197
 -0.03648705 -0.03726197   -0.03648705 -0.03726197   -0.20580867  0.06077487
    2    1
 -0.20580867 -0.06077487    0.03648705 -0.03726197   -0.03648705  0.03726197
  0.03648705 -0.03726197   -0.20580867 -0.06077487   -0.03648705  0.03726197
 -0.03648705  0.03726197   -0.03648705  0.03726197   -0.20580867 -0.06077487
    2    2
  0.28153072  0.00000000    0.01079651  0.00000000   -0.01079651  0.00000000
  0.01079651  0.00000000    0.28153072  0.00000000   -0.01079651  0.00000000
 -0.01079651  0.00000000   -0.01079651  0.00000000    0.28153072  0.00000000

     Diagonalizing the dynamical matrix

     q = (   -0.250000000   0.250000000  -0.250000000 ) 

 **************************************************************************
     freq (    1) =       3.397416 [THz] =     113.325591 [cm-1]
 ( -0.005753 -0.046002  0.494852  0.002578  0.500605  0.048580 ) 
 ( -0.010169 -0.045231  0.492787 -0.045231  0.502957 -0.000000 ) 
     freq (    2) =       3.397416 [THz] =     113.325591 [cm-1]
 ( -0.574950  0.024829 -0.292783  0.052211  0.282167  0.027382 ) 
 ( -0.569864  0.080247 -0.286371  0.080247  0.283492  0.000000 ) 
     freq (    3) =       6.927796 [THz] =     231.086404 [cm-1]
 (  0.286010  0.291316 -0.286010 -0.291316  0.286010  0.291316 ) 
 (  0.408248  0.000000 -0.408248 -0.000000  0.408248  0.000000 ) 
     freq (    4) =      14.433439 [THz] =     481.447713 [cm-1]
 (  0.286010  0.291316 -0.286010 -0.291316  0.286010  0.291316 ) 
 ( -0.408248 -0.000000  0.408248  0.000000 -0.408248  0.000000 ) 
     freq (    5) =      14.744078 [THz] =     491.809496 [cm-1]
 ( -0.236207  0.440609 -0.236567  0.440574 -0.000360 -0.000035 ) 
 (  0.192545 -0.461364  0.192907 -0.461364  0.000362  0.000000 ) 
     freq (    6) =      14.744078 [THz] =     491.809496 [cm-1]
 ( -0.287473 -0.027607  0.287177  0.028159  0.574651  0.055765 ) 
 (  0.288796 -0.000289 -0.288554 -0.000289 -0.577350  0.000000 ) 
 **************************************************************************
