Dynamical matrix file
                                                                           
  1    2  2 10.3320000  0.0000000  0.0000000  0.0000000  0.0000000  0.0000000
           1  'Si  '    25598.822984527003     
    1    1      0.0000000000      0.0000000000      0.0000000000
    2    1      0.2500000000      0.2500000000      0.2500000000

     Dynamical  Matrix in cartesian axes

     q = (   -0.250000000   0.250000000  -0.250000000 ) 

    1    1
  0.26950860  0.00000000   -0.01171798  0.00000000    0.01171798  0.00000000
 -0.01171798  0.00000000    0.26950860  0.00000000   -0.01171798  0.00000000
  0.01171798  0.00000000   -0.01171798  0.00000000    0.26950860  0.00000000
    1    2
 -0.20067358 -0.05822646   -0.03806177  0.03976568    0.03806177 -0.03976568
 -0.03806177  0.03976568   -0.20067358 -0.05822646   -0.03806177  0.03976568
  0.03806177 -0.03976568   -0.03806177  0.03976568   -0.20067358 -0.05822646
    2    1
 -0.20067358  0.05822646   -0.03806177 -0.03976568    0.03806177  0.03976568
 -0.03806177 -0.03976568   -0.20067358  0.05822646   -0.03806177 -0.03976568
  0.03806177  0.03976568   -0.03806177 -0.03976568   -0.20067358  0.05822646
    2    2
  0.26950860  0.00000000   -0.01171798  0.00000000    0.01171798  0.00000000
 -0.01171798  0.00000000    0.26950860  0.00000000   -0.01171798  0.00000000
  0.01171798  0.00000000   -0.01171798  0.00000000    0.26950860  0.00000000

     Dynamical  Matrix in cartesian axes

     q = (    0.250000000  -0.250000000  -0.250000000 ) 

    1    1
  0.26950860  0.00000000   -0.01171798  0.00000000   -0.01171798  0.00000000
 -0.01171798  0.00000000    0.26950860  0.00000000    0.01171798  0.00000000
 -0.01171798  0.00000000    0.01171798  0.00000000    0.26950860  0.00000000
    1    2
 -0.20067358 -0.05822646   -0.03806177  0.03976568   -0.03806177  0.03976568
 -0.03806177  0.03976568   -0.20067358 -0.05822646    0.03806177 -0.03976568
 -0.03806177  0.03976568    0.03806177 -0.03976568   -0.20067358 -0.05822646
    2    1
 -0.20067358  0.05822646   -0.03806177 -0.03976568   -0.03806177 -0.03976568
 -0.03806177 -0.03976568   -0.20067358  0.05822646    0.03806177  0.03976568
 -0.03806177 -0.03976568    0.03806177  0.03976568   -0.20067358  0.05822646
    2    2
  0.26950860  0.00000000   -0.01171798  0.00000000   -0.01171798  0.00000000
 -0.01171798  0.00000000    0.26950860  0.00000000    0.01171798  0.00000000
 -0.01171798  0.00000000    0.01171798  0.00000000    0.26950860  0.00000000

     Dynamical  Matrix in cartesian axes

     q = (    0.250000000  -0.250000000   0.250000000 ) 

    1    1
  0.26950860  0.00000000   -0.01171798  0.00000000    0.01171798  0.00000000
 -0.01171798  0.00000000    0.26950860  0.00000000   -0.01171798  0.00000000
  0.01171798  0.00000000   -0.01171798  0.00000000    0.26950860  0.00000000
    1    2
 -0.20067358  0.05822646   -0.03806177 -0.03976568    0.03806177  0.03976568
 -0.03806177 -0.03976568   -0.20067358  0.05822646   -0.03806177 -0.03976568
  0.03806177  0.03976568   -0.03806177 -0.03976568   -0.20067358  0.05822646
    2    1
 -0.20067358 -0.05822646   -0.03806177  0.03976568    0.03806177 -0.03976568
 -0.03806177  0.03976568   -0.20067358 -0.05822646   -0.03806177  0.03976568
  0.03806177 -0.03976568   -0.03806177  0.03976568   -0.20067358 -0.05822646
    2    2
  0.26950860  0.00000000   -0.01171798  0.00000000    0.01171798  0.00000000
 -0.01171798  0.00000000    0.26950860  0.00000000   -0.01171798  0.00000000
  0.01171798  0.00000000   -0.01171798  0.00000000    0.26950860  0.00000000

     Dynamical  Matrix in cartesian axes

     q = (    0.250000000   0.250000000   0.250000000 ) 

    1    1
  0.26950860  0.00000000    0.01171798  0.00000000    0.01171798  0.00000000
  0.01171798  0.00000000    0.26950860  0.00000000    0.01171798  0.00000000
  0.01171798  0.00000000    0.01171798  0.00000000    0.26950860  0.00000000
    1    2
 -0.05822646  0.20067358   -0.03976568 -0.03806177   -0.03976568 -0.03806177
 -0.03976568 -0.03806177   -0.05822646  0.20067358   -0.03976568 -0.03806177
 -0.03976568 -0.03806177   -0.03976568 -0.03806177   -0.05822646  0.20067358
    2    1
 -0.05822646 -0.20067358   -0.03976568  0.03806177   -0.03976568  0.03806177
 -0.03976568  0.03806177   -0.05822646 -0.20067358   -0.03976568  0.03806177
 -0.03976568  0.03806177   -0.03976568  0.03806177   -0.05822646 -0.20067358
    2    2
  0.26950860  0.00000000    0.01171798  0.00000000    0.01171798  0.00000000
  0.01171798  0.00000000    0.26950860  0.00000000    0.01171798  0.00000000
  0.01171798  0.00000000    0.01171798  0.00000000    0.26950860  0.00000000

     Dynamical  Matrix in cartesian axes

     q = (   -0.250000000  -0.250000000  -0.250000000 ) 

    1    1
  0.26950860  0.00000000    0.01171798  0.00000000    0.01171798  0.00000000
  0.01171798  0.00000000    0.26950860  0.00000000    0.01171798  0.00000000
  0.01171798  0.00000000    0.01171798  0.00000000    0.26950860  0.00000000
    1    2
 -0.05822646 -0.20067358   -0.03976568  0.03806177   -0.03976568  0.03806177
 -0.03976568  0.03806177   -0.05822646 -0.20067358   -0.03976568  0.03806177
 -0.03976568  0.03806177   -0.03976568  0.03806177   -0.05822646 -0.20067358
    2    1
 -0.05822646  0.20067358   -0.03976568 -0.03806177   -0.03976568 -0.03806177
 -0.03976568 -0.03806177   -0.05822646  0.20067358   -0.03976568 -0.03806177
 -0.03976568 -0.03806177   -0.03976568 -0.03806177   -0.05822646  0.20067358
    2    2
  0.26950860  0.00000000    0.01171798  0.00000000    0.01171798  0.00000000
  0.01171798  0.00000000    0.26950860  0.00000000    0.01171798  0.00000000
  0.01171798  0.00000000    0.01171798  0.00000000    0.26950860  0.00000000

     Dynamical  Matrix in cartesian axes

     q = (   -0.250000000  -0.250000000   0.250000000 ) 

    1    1
  0.26950860  0.00000000    0.01171798  0.00000000   -0.01171798  0.00000000
  0.01171798  0.00000000    0.26950860  0.00000000   -0.01171798  0.00000000
 -0.01171798  0.00000000   -0.01171798  0.00000000    0.26950860  0.00000000
    1    2
 -0.20067358 -0.05822646    0.03806177 -0.03976568   -0.03806177  0.03976568
  0.03806177 -0.03976568   -0.20067358 -0.05822646   -0.03806177  0.03976568
 -0.03806177  0.03976568   -0.03806177  0.03976568   -0.20067358 -0.05822646
    2    1
 -0.20067358  0.05822646    0.03806177  0.03976568   -0.03806177 -0.03976568
  0.03806177  0.03976568   -0.20067358  0.05822646   -0.03806177 -0.03976568
 -0.03806177 -0.03976568   -0.03806177 -0.03976568   -0.20067358  0.05822646
    2    2
  0.26950860  0.00000000    0.01171798  0.00000000   -0.01171798  0.00000000
  0.01171798  0.00000000    0.26950860  0.00000000   -0.01171798  0.00000000
 -0.01171798  0.00000000   -0.01171798  0.00000000    0.26950860  0.00000000

     Dynamical  Matrix in cartesian axes

     q = (   -0.250000000   0.250000000   0.250000000 ) 

    1    1
  0.26950860  0.00000000   -0.01171798  0.00000000   -0.01171798  0.00000000
 -0.01171798  0.00000000    0.26950860  0.00000000    0.01171798  0.00000000
 -0.01171798  0.00000000    0.01171798  0.00000000    0.26950860  0.00000000
    1    2
 -0.20067358  0.05822646   -0.03806177 -0.03976568   -0.03806177 -0.03976568
 -0.03806177 -0.03976568   -0.20067358  0.05822646    0.03806177  0.03976568
 -0.03806177 -0.03976568    0.03806177  0.03976568   -0.20067358  0.05822646
    2    1
 -0.20067358 -0.05822646   -0.03806177  0.03976568   -0.03806177  0.03976568
 -0.03806177  0.03976568   -0.20067358 -0.05822646    0.03806177 -0.03976568
 -0.03806177  0.03976568    0.03806177 -0.03976568   -0.20067358 -0.05822646
    2    2
  0.26950860  0.00000000   -0.01171798  0.00000000   -0.01171798  0.00000000
 -0.01171798  0.00000000    0.26950860  0.00000000    0.01171798  0.00000000
 -0.01171798  0.00000000    0.01171798  0.00000000    0.26950860  0.00000000

     Dynamical  Matrix in cartesian axes

     q = (    0.250000000   0.250000000  -0.250000000 ) 

    1    1
  0.26950860  0.00000000    0.01171798  0.00000000   -0.01171798  0.00000000
  0.01171798  0.00000000    0.26950860  0.00000000   -0.01171798  0.00000000
 -0.01171798  0.00000000   -0.01171798  0.00000000    0.26950860  0.00000000
    1    2
 -0.20067358  0.05822646    0.03806177  0.03976568   -0.03806177 -0.03976568
  0.03806177  0.03976568   -0.20067358  0.05822646   -0.03806177 -0.03976568
 -0.03806177 -0.03976568   -0.03806177 -0.03976568   -0.20067358  0.05822646
    2    1
 -0.20067358 -0.05822646    0.03806177 -0.03976568   -0.03806177  0.03976568
  0.03806177 -0.03976568   -0.20067358 -0.05822646   -0.03806177  0.03976568
 -0.03806177  0.03976568   -0.03806177  0.03976568   -0.20067358 -0.05822646
    2    2
  0.26950860  0.00000000    0.01171798  0.00000000   -0.01171798  0.00000000
  0.01171798  0.00000000    0.26950860  0.00000000   -0.01171798  0.00000000
 -0.01171798  0.00000000   -0.01171798  0.00000000    0.26950860  0.00000000

     Diagonalizing the dynamical matrix

     q = (   -0.250000000   0.250000000  -0.250000000 ) 

 **************************************************************************
     freq (    1) =       2.784807 [THz] =      92.891178 [cm-1]
 (  0.510442  0.003197  0.024387 -0.034388 -0.486055 -0.037585 ) 
 (  0.509169 -0.036166  0.021663 -0.036166 -0.487506  0.000000 ) 
     freq (    2) =       2.784807 [THz] =      92.891178 [cm-1]
 ( -0.267283  0.036504 -0.575670  0.012657 -0.308387 -0.023847 ) 
 ( -0.263673  0.057002 -0.572981  0.057002 -0.309308  0.000000 ) 
     freq (    3) =       6.733224 [THz] =     224.596161 [cm-1]
 ( -0.273793 -0.302827  0.273793  0.302827 -0.273793 -0.302827 ) 
 ( -0.408248  0.000000  0.408248 -0.000000 -0.408248  0.000000 ) 
     freq (    4) =      14.225851 [THz] =     474.523297 [cm-1]
 ( -0.273793 -0.302827  0.273793  0.302827 -0.273793 -0.302827 ) 
 (  0.408248  0.000000 -0.408248  0.000000  0.408248  0.000000 ) 
     freq (    5) =      14.499315 [THz] =     483.645091 [cm-1]
 ( -0.400216  0.206804 -0.497775  0.199260 -0.097559 -0.007544 ) 
 (  0.383081 -0.237044  0.480931 -0.237044  0.097851  0.000000 ) 
     freq (    6) =      14.499315 [THz] =     483.645091 [cm-1]
 (  0.360866 -0.012981 -0.206438 -0.056849 -0.567304 -0.043868 ) 
 ( -0.358791  0.040764  0.210207  0.040764  0.568998  0.000000 ) 
 **************************************************************************
