Dynamical matrix file
                                                                           
  1    2  2 10.3320000  0.0000000  0.0000000  0.0000000  0.0000000  0.0000000
           1  'Si  '    25598.822984527003     
    1    1      0.0000000000      0.0000000000      0.0000000000
    2    1      0.2500000000      0.2500000000      0.2500000000

     Dynamical  Matrix in cartesian axes

     q = (    0.750000000  -0.250000000   0.750000000 ) 

    1    1
  0.24598655  0.00000000   -0.00630114  0.00767591    0.00585759  0.00000000
 -0.00630114 -0.00767591    0.29724786  0.00000000   -0.00630114 -0.00767591
  0.00585759  0.00000000   -0.00630114  0.00767591    0.24598655  0.00000000
    1    2
 -0.06039053  0.06149962   -0.04087774  0.04327273   -0.04124230 -0.13524051
 -0.04087774  0.04327273   -0.05877036  0.07995797   -0.04087774  0.04327273
 -0.04124230 -0.13524051   -0.04087774  0.04327273   -0.06039053  0.06149962
    2    1
 -0.06039053 -0.06149962   -0.04087774 -0.04327273   -0.04124230  0.13524051
 -0.04087774 -0.04327273   -0.05877036 -0.07995797   -0.04087774 -0.04327273
 -0.04124230  0.13524051   -0.04087774 -0.04327273   -0.06039053 -0.06149962
    2    2
  0.24598655  0.00000000   -0.00630114 -0.00767591    0.00585759  0.00000000
 -0.00630114  0.00767591    0.29724786  0.00000000   -0.00630114  0.00767591
  0.00585759  0.00000000   -0.00630114 -0.00767591    0.24598655  0.00000000

     Dynamical  Matrix in cartesian axes

     q = (    0.750000000  -0.250000000  -0.750000000 ) 

    1    1
  0.24598655  0.00000000   -0.00630114 -0.00767591   -0.00585759  0.00000000
 -0.00630114  0.00767591    0.29724786  0.00000000    0.00630114 -0.00767591
 -0.00585759  0.00000000    0.00630114  0.00767591    0.24598655  0.00000000
    1    2
 -0.06149962  0.06039053   -0.04327273  0.04087774   -0.13524051 -0.04124230
 -0.04327273  0.04087774   -0.07995797  0.05877036    0.04327273 -0.04087774
 -0.13524051 -0.04124230    0.04327273 -0.04087774   -0.06149962  0.06039053
    2    1
 -0.06149962 -0.06039053   -0.04327273 -0.04087774   -0.13524051  0.04124230
 -0.04327273 -0.04087774   -0.07995797 -0.05877036    0.04327273  0.04087774
 -0.13524051  0.04124230    0.04327273  0.04087774   -0.06149962 -0.06039053
    2    2
  0.24598655  0.00000000   -0.00630114  0.00767591   -0.00585759  0.00000000
 -0.00630114 -0.00767591    0.29724786  0.00000000    0.00630114  0.00767591
 -0.00585759  0.00000000    0.00630114 -0.00767591    0.24598655  0.00000000

     Dynamical  Matrix in cartesian axes

     q = (   -0.750000000  -0.250000000  -0.750000000 ) 

    1    1
  0.24598655  0.00000000    0.00630114 -0.00767591    0.00585759  0.00000000
  0.00630114  0.00767591    0.29724786  0.00000000    0.00630114  0.00767591
  0.00585759  0.00000000    0.00630114 -0.00767591    0.24598655  0.00000000
    1    2
  0.06149962  0.06039053   -0.04327273 -0.04087774   -0.13524051  0.04124230
 -0.04327273 -0.04087774    0.07995797  0.05877036   -0.04327273 -0.04087774
 -0.13524051  0.04124230   -0.04327273 -0.04087774    0.06149962  0.06039053
    2    1
  0.06149962 -0.06039053   -0.04327273  0.04087774   -0.13524051 -0.04124230
 -0.04327273  0.04087774    0.07995797 -0.05877036   -0.04327273  0.04087774
 -0.13524051 -0.04124230   -0.04327273  0.04087774    0.06149962 -0.06039053
    2    2
  0.24598655  0.00000000    0.00630114  0.00767591    0.00585759  0.00000000
  0.00630114 -0.00767591    0.29724786  0.00000000    0.00630114 -0.00767591
  0.00585759  0.00000000    0.00630114  0.00767591    0.24598655  0.00000000

     Dynamical  Matrix in cartesian axes

     q = (   -0.750000000  -0.250000000   0.750000000 ) 

    1    1
  0.24598655  0.00000000    0.00630114  0.00767591   -0.00585759  0.00000000
  0.00630114 -0.00767591    0.29724786  0.00000000   -0.00630114  0.00767591
 -0.00585759  0.00000000   -0.00630114 -0.00767591    0.24598655  0.00000000
    1    2
 -0.06149962  0.06039053    0.04327273 -0.04087774   -0.13524051 -0.04124230
  0.04327273 -0.04087774   -0.07995797  0.05877036   -0.04327273  0.04087774
 -0.13524051 -0.04124230   -0.04327273  0.04087774   -0.06149962  0.06039053
    2    1
 -0.06149962 -0.06039053    0.04327273  0.04087774   -0.13524051  0.04124230
  0.04327273  0.04087774   -0.07995797 -0.05877036   -0.04327273 -0.04087774
 -0.13524051  0.04124230   -0.04327273 -0.04087774   -0.06149962 -0.06039053
    2    2
  0.24598655  0.00000000    0.00630114 -0.00767591   -0.00585759  0.00000000
  0.00630114  0.00767591    0.29724786  0.00000000   -0.00630114 -0.00767591
 -0.00585759  0.00000000   -0.00630114  0.00767591    0.24598655  0.00000000

     Dynamical  Matrix in cartesian axes

     q = (   -0.750000000   0.250000000  -0.750000000 ) 

    1    1
  0.24598655  0.00000000   -0.00630114 -0.00767591    0.00585759  0.00000000
 -0.00630114  0.00767591    0.29724786  0.00000000   -0.00630114  0.00767591
  0.00585759  0.00000000   -0.00630114 -0.00767591    0.24598655  0.00000000
    1    2
 -0.06039053 -0.06149962   -0.04087774 -0.04327273   -0.04124230  0.13524051
 -0.04087774 -0.04327273   -0.05877036 -0.07995797   -0.04087774 -0.04327273
 -0.04124230  0.13524051   -0.04087774 -0.04327273   -0.06039053 -0.06149962
    2    1
 -0.06039053  0.06149962   -0.04087774  0.04327273   -0.04124230 -0.13524051
 -0.04087774  0.04327273   -0.05877036  0.07995797   -0.04087774  0.04327273
 -0.04124230 -0.13524051   -0.04087774  0.04327273   -0.06039053  0.06149962
    2    2
  0.24598655  0.00000000   -0.00630114  0.00767591    0.00585759  0.00000000
 -0.00630114 -0.00767591    0.29724786  0.00000000   -0.00630114 -0.00767591
  0.00585759  0.00000000   -0.00630114  0.00767591    0.24598655  0.00000000

     Dynamical  Matrix in cartesian axes

     q = (   -0.250000000   0.750000000  -0.750000000 ) 

    1    1
  0.29724786  0.00000000   -0.00630114  0.00767591    0.00630114 -0.00767591
 -0.00630114 -0.00767591    0.24598655  0.00000000   -0.00585759  0.00000000
  0.00630114  0.00767591   -0.00585759  0.00000000    0.24598655  0.00000000
    1    2
 -0.07995797  0.05877036   -0.04327273  0.04087774    0.04327273 -0.04087774
 -0.04327273  0.04087774   -0.06149962  0.06039053   -0.13524051 -0.04124230
  0.04327273 -0.04087774   -0.13524051 -0.04124230   -0.06149962  0.06039053
    2    1
 -0.07995797 -0.05877036   -0.04327273 -0.04087774    0.04327273  0.04087774
 -0.04327273 -0.04087774   -0.06149962 -0.06039053   -0.13524051  0.04124230
  0.04327273  0.04087774   -0.13524051  0.04124230   -0.06149962 -0.06039053
    2    2
  0.29724786  0.00000000   -0.00630114 -0.00767591    0.00630114  0.00767591
 -0.00630114  0.00767591    0.24598655  0.00000000   -0.00585759  0.00000000
  0.00630114 -0.00767591   -0.00585759  0.00000000    0.24598655  0.00000000

     Dynamical  Matrix in cartesian axes

     q = (   -0.750000000   0.750000000  -0.250000000 ) 

    1    1
  0.24598655  0.00000000   -0.00585759  0.00000000    0.00630114  0.00767591
 -0.00585759  0.00000000    0.24598655  0.00000000   -0.00630114 -0.00767591
  0.00630114 -0.00767591   -0.00630114  0.00767591    0.29724786  0.00000000
    1    2
 -0.06149962  0.06039053   -0.13524051 -0.04124230    0.04327273 -0.04087774
 -0.13524051 -0.04124230   -0.06149962  0.06039053   -0.04327273  0.04087774
  0.04327273 -0.04087774   -0.04327273  0.04087774   -0.07995797  0.05877036
    2    1
 -0.06149962 -0.06039053   -0.13524051  0.04124230    0.04327273  0.04087774
 -0.13524051  0.04124230   -0.06149962 -0.06039053   -0.04327273 -0.04087774
  0.04327273  0.04087774   -0.04327273 -0.04087774   -0.07995797 -0.05877036
    2    2
  0.24598655  0.00000000   -0.00585759  0.00000000    0.00630114 -0.00767591
 -0.00585759  0.00000000    0.24598655  0.00000000   -0.00630114  0.00767591
  0.00630114  0.00767591   -0.00630114 -0.00767591    0.29724786  0.00000000

     Dynamical  Matrix in cartesian axes

     q = (    0.750000000   0.250000000   0.750000000 ) 

    1    1
  0.24598655  0.00000000    0.00630114  0.00767591    0.00585759  0.00000000
  0.00630114 -0.00767591    0.29724786  0.00000000    0.00630114 -0.00767591
  0.00585759  0.00000000    0.00630114  0.00767591    0.24598655  0.00000000
    1    2
  0.06149962 -0.06039053   -0.04327273  0.04087774   -0.13524051 -0.04124230
 -0.04327273  0.04087774    0.07995797 -0.05877036   -0.04327273  0.04087774
 -0.13524051 -0.04124230   -0.04327273  0.04087774    0.06149962 -0.06039053
    2    1
  0.06149962  0.06039053   -0.04327273 -0.04087774   -0.13524051  0.04124230
 -0.04327273 -0.04087774    0.07995797  0.05877036   -0.04327273 -0.04087774
 -0.13524051  0.04124230   -0.04327273 -0.04087774    0.06149962  0.06039053
    2    2
  0.24598655  0.00000000    0.00630114 -0.00767591    0.00585759  0.00000000
  0.00630114  0.00767591    0.29724786  0.00000000    0.00630114  0.00767591
  0.00585759  0.00000000    0.00630114 -0.00767591    0.24598655  0.00000000

     Dynamical  Matrix in cartesian axes

     q = (   -0.750000000   0.250000000   0.750000000 ) 

    1    1
  0.24598655  0.00000000   -0.00630114  0.00767591   -0.00585759  0.00000000
 -0.00630114 -0.00767591    0.29724786  0.00000000    0.00630114  0.00767591
 -0.00585759  0.00000000    0.00630114 -0.00767591    0.24598655  0.00000000
    1    2
 -0.06149962 -0.06039053   -0.04327273 -0.04087774   -0.13524051  0.04124230
 -0.04327273 -0.04087774   -0.07995797 -0.05877036    0.04327273  0.04087774
 -0.13524051  0.04124230    0.04327273  0.04087774   -0.06149962 -0.06039053
    2    1
 -0.06149962  0.06039053   -0.04327273  0.04087774   -0.13524051 -0.04124230
 -0.04327273  0.04087774   -0.07995797  0.05877036    0.04327273 -0.04087774
 -0.13524051 -0.04124230    0.04327273 -0.04087774   -0.06149962  0.06039053
    2    2
  0.24598655  0.00000000   -0.00630114 -0.00767591   -0.00585759  0.00000000
 -0.00630114  0.00767591    0.29724786  0.00000000    0.00630114 -0.00767591
 -0.00585759  0.00000000    0.00630114  0.00767591    0.24598655  0.00000000

     Dynamical  Matrix in cartesian axes

     q = (    0.750000000   0.250000000  -0.750000000 ) 

    1    1
  0.24598655  0.00000000    0.00630114 -0.00767591   -0.00585759  0.00000000
  0.00630114  0.00767591    0.29724786  0.00000000   -0.00630114 -0.00767591
 -0.00585759  0.00000000   -0.00630114  0.00767591    0.24598655  0.00000000
    1    2
 -0.06149962 -0.06039053    0.04327273  0.04087774   -0.13524051  0.04124230
  0.04327273  0.04087774   -0.07995797 -0.05877036   -0.04327273 -0.04087774
 -0.13524051  0.04124230   -0.04327273 -0.04087774   -0.06149962 -0.06039053
    2    1
 -0.06149962  0.06039053    0.04327273 -0.04087774   -0.13524051 -0.04124230
  0.04327273 -0.04087774   -0.07995797  0.05877036   -0.04327273  0.04087774
 -0.13524051 -0.04124230   -0.04327273  0.04087774   -0.06149962  0.06039053
    2    2
  0.24598655  0.00000000    0.00630114  0.00767591   -0.00585759  0.00000000
  0.00630114 -0.00767591    0.29724786  0.00000000   -0.00630114  0.00767591
 -0.00585759  0.00000000   -0.00630114 -0.00767591    0.24598655  0.00000000

     Dynamical  Matrix in cartesian axes

     q = (   -0.750000000   0.750000000   0.250000000 ) 

    1    1
  0.24598655  0.00000000   -0.00585759  0.00000000   -0.00630114  0.00767591
 -0.00585759  0.00000000    0.24598655  0.00000000    0.00630114 -0.00767591
 -0.00630114 -0.00767591    0.00630114  0.00767591    0.29724786  0.00000000
    1    2
 -0.06149962 -0.06039053   -0.13524051  0.04124230   -0.04327273 -0.04087774
 -0.13524051  0.04124230   -0.06149962 -0.06039053    0.04327273  0.04087774
 -0.04327273 -0.04087774    0.04327273  0.04087774   -0.07995797 -0.05877036
    2    1
 -0.06149962  0.06039053   -0.13524051 -0.04124230   -0.04327273  0.04087774
 -0.13524051 -0.04124230   -0.06149962  0.06039053    0.04327273 -0.04087774
 -0.04327273  0.04087774    0.04327273 -0.04087774   -0.07995797  0.05877036
    2    2
  0.24598655  0.00000000   -0.00585759  0.00000000   -0.00630114 -0.00767591
 -0.00585759  0.00000000    0.24598655  0.00000000    0.00630114  0.00767591
 -0.00630114  0.00767591    0.00630114 -0.00767591    0.29724786  0.00000000

     Dynamical  Matrix in cartesian axes

     q = (   -0.250000000   0.750000000   0.750000000 ) 

    1    1
  0.29724786  0.00000000   -0.00630114 -0.00767591   -0.00630114 -0.00767591
 -0.00630114  0.00767591    0.24598655  0.00000000    0.00585759  0.00000000
 -0.00630114  0.00767591    0.00585759  0.00000000    0.24598655  0.00000000
    1    2
 -0.05877036  0.07995797   -0.04087774  0.04327273   -0.04087774  0.04327273
 -0.04087774  0.04327273   -0.06039053  0.06149962   -0.04124230 -0.13524051
 -0.04087774  0.04327273   -0.04124230 -0.13524051   -0.06039053  0.06149962
    2    1
 -0.05877036 -0.07995797   -0.04087774 -0.04327273   -0.04087774 -0.04327273
 -0.04087774 -0.04327273   -0.06039053 -0.06149962   -0.04124230  0.13524051
 -0.04087774 -0.04327273   -0.04124230  0.13524051   -0.06039053 -0.06149962
    2    2
  0.29724786  0.00000000   -0.00630114  0.00767591   -0.00630114  0.00767591
 -0.00630114 -0.00767591    0.24598655  0.00000000    0.00585759  0.00000000
 -0.00630114 -0.00767591    0.00585759  0.00000000    0.24598655  0.00000000

     Dynamical  Matrix in cartesian axes

     q = (    0.250000000   0.750000000  -0.750000000 ) 

    1    1
  0.29724786  0.00000000    0.00630114  0.00767591   -0.00630114 -0.00767591
  0.00630114 -0.00767591    0.24598655  0.00000000   -0.00585759  0.00000000
 -0.00630114  0.00767591   -0.00585759  0.00000000    0.24598655  0.00000000
    1    2
 -0.07995797 -0.05877036    0.04327273  0.04087774   -0.04327273 -0.04087774
  0.04327273  0.04087774   -0.06149962 -0.06039053   -0.13524051  0.04124230
 -0.04327273 -0.04087774   -0.13524051  0.04124230   -0.06149962 -0.06039053
    2    1
 -0.07995797  0.05877036    0.04327273 -0.04087774   -0.04327273  0.04087774
  0.04327273 -0.04087774   -0.06149962  0.06039053   -0.13524051 -0.04124230
 -0.04327273  0.04087774   -0.13524051 -0.04124230   -0.06149962  0.06039053
    2    2
  0.29724786  0.00000000    0.00630114 -0.00767591   -0.00630114  0.00767591
  0.00630114  0.00767591    0.24598655  0.00000000   -0.00585759  0.00000000
 -0.00630114 -0.00767591   -0.00585759  0.00000000    0.24598655  0.00000000

     Dynamical  Matrix in cartesian axes

     q = (   -0.250000000  -0.750000000  -0.750000000 ) 

    1    1
  0.29724786  0.00000000    0.00630114  0.00767591    0.00630114  0.00767591
  0.00630114 -0.00767591    0.24598655  0.00000000    0.00585759  0.00000000
  0.00630114 -0.00767591    0.00585759  0.00000000    0.24598655  0.00000000
    1    2
  0.07995797  0.05877036   -0.04327273 -0.04087774   -0.04327273 -0.04087774
 -0.04327273 -0.04087774    0.06149962  0.06039053   -0.13524051  0.04124230
 -0.04327273 -0.04087774   -0.13524051  0.04124230    0.06149962  0.06039053
    2    1
  0.07995797 -0.05877036   -0.04327273  0.04087774   -0.04327273  0.04087774
 -0.04327273  0.04087774    0.06149962 -0.06039053   -0.13524051 -0.04124230
 -0.04327273  0.04087774   -0.13524051 -0.04124230    0.06149962 -0.06039053
    2    2
  0.29724786  0.00000000    0.00630114 -0.00767591    0.00630114 -0.00767591
  0.00630114  0.00767591    0.24598655  0.00000000    0.00585759  0.00000000
  0.00630114  0.00767591    0.00585759  0.00000000    0.24598655  0.00000000

     Dynamical  Matrix in cartesian axes

     q = (    0.750000000   0.750000000  -0.250000000 ) 

    1    1
  0.24598655  0.00000000    0.00585759  0.00000000   -0.00630114  0.00767591
  0.00585759  0.00000000    0.24598655  0.00000000   -0.00630114  0.00767591
 -0.00630114 -0.00767591   -0.00630114 -0.00767591    0.29724786  0.00000000
    1    2
 -0.06039053  0.06149962   -0.04124230 -0.13524051   -0.04087774  0.04327273
 -0.04124230 -0.13524051   -0.06039053  0.06149962   -0.04087774  0.04327273
 -0.04087774  0.04327273   -0.04087774  0.04327273   -0.05877036  0.07995797
    2    1
 -0.06039053 -0.06149962   -0.04124230  0.13524051   -0.04087774 -0.04327273
 -0.04124230  0.13524051   -0.06039053 -0.06149962   -0.04087774 -0.04327273
 -0.04087774 -0.04327273   -0.04087774 -0.04327273   -0.05877036 -0.07995797
    2    2
  0.24598655  0.00000000    0.00585759  0.00000000   -0.00630114 -0.00767591
  0.00585759  0.00000000    0.24598655  0.00000000   -0.00630114 -0.00767591
 -0.00630114  0.00767591   -0.00630114  0.00767591    0.29724786  0.00000000

     Dynamical  Matrix in cartesian axes

     q = (    0.750000000  -0.750000000   0.250000000 ) 

    1    1
  0.24598655  0.00000000   -0.00585759  0.00000000    0.00630114 -0.00767591
 -0.00585759  0.00000000    0.24598655  0.00000000   -0.00630114  0.00767591
  0.00630114  0.00767591   -0.00630114 -0.00767591    0.29724786  0.00000000
    1    2
 -0.06149962 -0.06039053   -0.13524051  0.04124230    0.04327273  0.04087774
 -0.13524051  0.04124230   -0.06149962 -0.06039053   -0.04327273 -0.04087774
  0.04327273  0.04087774   -0.04327273 -0.04087774   -0.07995797 -0.05877036
    2    1
 -0.06149962  0.06039053   -0.13524051 -0.04124230    0.04327273 -0.04087774
 -0.13524051 -0.04124230   -0.06149962  0.06039053   -0.04327273  0.04087774
  0.04327273 -0.04087774   -0.04327273  0.04087774   -0.07995797  0.05877036
    2    2
  0.24598655  0.00000000   -0.00585759  0.00000000    0.00630114  0.00767591
 -0.00585759  0.00000000    0.24598655  0.00000000   -0.00630114 -0.00767591
  0.00630114 -0.00767591   -0.00630114  0.00767591    0.29724786  0.00000000

     Dynamical  Matrix in cartesian axes

     q = (   -0.750000000  -0.750000000  -0.250000000 ) 

    1    1
  0.24598655  0.00000000    0.00585759  0.00000000    0.00630114 -0.00767591
  0.00585759  0.00000000    0.24598655  0.00000000    0.00630114 -0.00767591
  0.00630114  0.00767591    0.00630114  0.00767591    0.29724786  0.00000000
    1    2
  0.06149962  0.06039053   -0.13524051  0.04124230   -0.04327273 -0.04087774
 -0.13524051  0.04124230    0.06149962  0.06039053   -0.04327273 -0.04087774
 -0.04327273 -0.04087774   -0.04327273 -0.04087774    0.07995797  0.05877036
    2    1
  0.06149962 -0.06039053   -0.13524051 -0.04124230   -0.04327273  0.04087774
 -0.13524051 -0.04124230    0.06149962 -0.06039053   -0.04327273  0.04087774
 -0.04327273  0.04087774   -0.04327273  0.04087774    0.07995797 -0.05877036
    2    2
  0.24598655  0.00000000    0.00585759  0.00000000    0.00630114  0.00767591
  0.00585759  0.00000000    0.24598655  0.00000000    0.00630114  0.00767591
  0.00630114 -0.00767591    0.00630114 -0.00767591    0.29724786  0.00000000

     Dynamical  Matrix in cartesian axes

     q = (    0.250000000  -0.750000000   0.750000000 ) 

    1    1
  0.29724786  0.00000000   -0.00630114 -0.00767591    0.00630114  0.00767591
 -0.00630114  0.00767591    0.24598655  0.00000000   -0.00585759  0.00000000
  0.00630114 -0.00767591   -0.00585759  0.00000000    0.24598655  0.00000000
    1    2
 -0.07995797 -0.05877036   -0.04327273 -0.04087774    0.04327273  0.04087774
 -0.04327273 -0.04087774   -0.06149962 -0.06039053   -0.13524051  0.04124230
  0.04327273  0.04087774   -0.13524051  0.04124230   -0.06149962 -0.06039053
    2    1
 -0.07995797  0.05877036   -0.04327273  0.04087774    0.04327273 -0.04087774
 -0.04327273  0.04087774   -0.06149962  0.06039053   -0.13524051 -0.04124230
  0.04327273 -0.04087774   -0.13524051 -0.04124230   -0.06149962  0.06039053
    2    2
  0.29724786  0.00000000   -0.00630114  0.00767591    0.00630114 -0.00767591
 -0.00630114 -0.00767591    0.24598655  0.00000000   -0.00585759  0.00000000
  0.00630114  0.00767591   -0.00585759  0.00000000    0.24598655  0.00000000

     Dynamical  Matrix in cartesian axes

     q = (   -0.750000000  -0.750000000   0.250000000 ) 

    1    1
  0.24598655  0.00000000    0.00585759  0.00000000   -0.00630114 -0.00767591
  0.00585759  0.00000000    0.24598655  0.00000000   -0.00630114 -0.00767591
 -0.00630114  0.00767591   -0.00630114  0.00767591    0.29724786  0.00000000
    1    2
 -0.06039053 -0.06149962   -0.04124230  0.13524051   -0.04087774 -0.04327273
 -0.04124230  0.13524051   -0.06039053 -0.06149962   -0.04087774 -0.04327273
 -0.04087774 -0.04327273   -0.04087774 -0.04327273   -0.05877036 -0.07995797
    2    1
 -0.06039053  0.06149962   -0.04124230 -0.13524051   -0.04087774  0.04327273
 -0.04124230 -0.13524051   -0.06039053  0.06149962   -0.04087774  0.04327273
 -0.04087774  0.04327273   -0.04087774  0.04327273   -0.05877036  0.07995797
    2    2
  0.24598655  0.00000000    0.00585759  0.00000000   -0.00630114  0.00767591
  0.00585759  0.00000000    0.24598655  0.00000000   -0.00630114  0.00767591
 -0.00630114 -0.00767591   -0.00630114 -0.00767591    0.29724786  0.00000000

     Dynamical  Matrix in cartesian axes

     q = (    0.250000000   0.750000000   0.750000000 ) 

    1    1
  0.29724786  0.00000000    0.00630114 -0.00767591    0.00630114 -0.00767591
  0.00630114  0.00767591    0.24598655  0.00000000    0.00585759  0.00000000
  0.00630114  0.00767591    0.00585759  0.00000000    0.24598655  0.00000000
    1    2
  0.07995797 -0.05877036   -0.04327273  0.04087774   -0.04327273  0.04087774
 -0.04327273  0.04087774    0.06149962 -0.06039053   -0.13524051 -0.04124230
 -0.04327273  0.04087774   -0.13524051 -0.04124230    0.06149962 -0.06039053
    2    1
  0.07995797  0.05877036   -0.04327273 -0.04087774   -0.04327273 -0.04087774
 -0.04327273 -0.04087774    0.06149962  0.06039053   -0.13524051  0.04124230
 -0.04327273 -0.04087774   -0.13524051  0.04124230    0.06149962  0.06039053
    2    2
  0.29724786  0.00000000    0.00630114  0.00767591    0.00630114  0.00767591
  0.00630114 -0.00767591    0.24598655  0.00000000    0.00585759  0.00000000
  0.00630114 -0.00767591    0.00585759  0.00000000    0.24598655  0.00000000

     Dynamical  Matrix in cartesian axes

     q = (   -0.250000000  -0.750000000   0.750000000 ) 

    1    1
  0.29724786  0.00000000    0.00630114 -0.00767591   -0.00630114  0.00767591
  0.00630114  0.00767591    0.24598655  0.00000000   -0.00585759  0.00000000
 -0.00630114 -0.00767591   -0.00585759  0.00000000    0.24598655  0.00000000
    1    2
 -0.07995797  0.05877036    0.04327273 -0.04087774   -0.04327273  0.04087774
  0.04327273 -0.04087774   -0.06149962  0.06039053   -0.13524051 -0.04124230
 -0.04327273  0.04087774   -0.13524051 -0.04124230   -0.06149962  0.06039053
    2    1
 -0.07995797 -0.05877036    0.04327273  0.04087774   -0.04327273 -0.04087774
  0.04327273  0.04087774   -0.06149962 -0.06039053   -0.13524051  0.04124230
 -0.04327273 -0.04087774   -0.13524051  0.04124230   -0.06149962 -0.06039053
    2    2
  0.29724786  0.00000000    0.00630114  0.00767591   -0.00630114 -0.00767591
  0.00630114 -0.00767591    0.24598655  0.00000000   -0.00585759  0.00000000
 -0.00630114  0.00767591   -0.00585759  0.00000000    0.24598655  0.00000000

     Dynamical  Matrix in cartesian axes

     q = (    0.750000000   0.750000000   0.250000000 ) 

    1    1
  0.24598655  0.00000000    0.00585759  0.00000000    0.00630114  0.00767591
  0.00585759  0.00000000    0.24598655  0.00000000    0.00630114  0.00767591
  0.00630114 -0.00767591    0.00630114 -0.00767591    0.29724786  0.00000000
    1    2
  0.06149962 -0.06039053   -0.13524051 -0.04124230   -0.04327273  0.04087774
 -0.13524051 -0.04124230    0.06149962 -0.06039053   -0.04327273  0.04087774
 -0.04327273  0.04087774   -0.04327273  0.04087774    0.07995797 -0.05877036
    2    1
  0.06149962  0.06039053   -0.13524051  0.04124230   -0.04327273 -0.04087774
 -0.13524051  0.04124230    0.06149962  0.06039053   -0.04327273 -0.04087774
 -0.04327273 -0.04087774   -0.04327273 -0.04087774    0.07995797  0.05877036
    2    2
  0.24598655  0.00000000    0.00585759  0.00000000    0.00630114 -0.00767591
  0.00585759  0.00000000    0.24598655  0.00000000    0.00630114 -0.00767591
  0.00630114  0.00767591    0.00630114  0.00767591    0.29724786  0.00000000

     Dynamical  Matrix in cartesian axes

     q = (    0.250000000  -0.750000000  -0.750000000 ) 

    1    1
  0.29724786  0.00000000   -0.00630114  0.00767591   -0.00630114  0.00767591
 -0.00630114 -0.00767591    0.24598655  0.00000000    0.00585759  0.00000000
 -0.00630114 -0.00767591    0.00585759  0.00000000    0.24598655  0.00000000
    1    2
 -0.05877036 -0.07995797   -0.04087774 -0.04327273   -0.04087774 -0.04327273
 -0.04087774 -0.04327273   -0.06039053 -0.06149962   -0.04124230  0.13524051
 -0.04087774 -0.04327273   -0.04124230  0.13524051   -0.06039053 -0.06149962
    2    1
 -0.05877036  0.07995797   -0.04087774  0.04327273   -0.04087774  0.04327273
 -0.04087774  0.04327273   -0.06039053  0.06149962   -0.04124230 -0.13524051
 -0.04087774  0.04327273   -0.04124230 -0.13524051   -0.06039053  0.06149962
    2    2
  0.29724786  0.00000000   -0.00630114 -0.00767591   -0.00630114 -0.00767591
 -0.00630114  0.00767591    0.24598655  0.00000000    0.00585759  0.00000000
 -0.00630114  0.00767591    0.00585759  0.00000000    0.24598655  0.00000000

     Dynamical  Matrix in cartesian axes

     q = (    0.750000000  -0.750000000  -0.250000000 ) 

    1    1
  0.24598655  0.00000000   -0.00585759  0.00000000   -0.00630114 -0.00767591
 -0.00585759  0.00000000    0.24598655  0.00000000    0.00630114  0.00767591
 -0.00630114  0.00767591    0.00630114 -0.00767591    0.29724786  0.00000000
    1    2
 -0.06149962  0.06039053   -0.13524051 -0.04124230   -0.04327273  0.04087774
 -0.13524051 -0.04124230   -0.06149962  0.06039053    0.04327273 -0.04087774
 -0.04327273  0.04087774    0.04327273 -0.04087774   -0.07995797  0.05877036
    2    1
 -0.06149962 -0.06039053   -0.13524051  0.04124230   -0.04327273 -0.04087774
 -0.13524051  0.04124230   -0.06149962 -0.06039053    0.04327273  0.04087774
 -0.04327273 -0.04087774    0.04327273  0.04087774   -0.07995797 -0.05877036
    2    2
  0.24598655  0.00000000   -0.00585759  0.00000000   -0.00630114  0.00767591
 -0.00585759  0.00000000    0.24598655  0.00000000    0.00630114 -0.00767591
 -0.00630114 -0.00767591    0.00630114  0.00767591    0.29724786  0.00000000

     Diagonalizing the dynamical matrix

     q = (    0.750000000  -0.250000000   0.750000000 ) 

 **************************************************************************
     freq (    1) =       4.236927 [THz] =     141.328663 [cm-1]
 (  0.048435 -0.497649  0.000000 -0.000000 -0.048435  0.497649 ) 
 (  0.500000 -0.000000  0.000000  0.000000 -0.500000  0.000000 ) 
     freq (    2) =       5.881502 [THz] =     196.185780 [cm-1]
 ( -0.390650 -0.162252 -0.344171  0.153884 -0.390650 -0.162252 ) 
 ( -0.423005  0.000000 -0.258820 -0.274128 -0.423005  0.000000 ) 
     freq (    3) =       9.364823 [THz] =     312.376865 [cm-1]
 (  0.114716 -0.289204  0.381552  0.401025  0.114716 -0.289204 ) 
 ( -0.311124 -0.000000  0.232087  0.502532 -0.311124  0.000000 ) 
     freq (    4) =      12.081482 [THz] =     402.994852 [cm-1]
 (  0.080730  0.318511 -0.403375 -0.348362  0.080730  0.318511 ) 
 ( -0.328583  0.000000  0.436789  0.305422 -0.328583  0.000000 ) 
     freq (    5) =      13.605117 [THz] =     453.817851 [cm-1]
 (  0.048435 -0.497649 -0.000000  0.000000 -0.048435  0.497649 ) 
 ( -0.500000  0.000000  0.000000  0.000000  0.500000  0.000000 ) 
     freq (    6) =      14.001885 [THz] =     467.052615 [cm-1]
 ( -0.302112 -0.158210 -0.467458  0.221086 -0.302112 -0.158210 ) 
 (  0.341031 -0.000000  0.311546  0.412716  0.341031 -0.000000 ) 
 **************************************************************************
