Dynamical matrix file
                                                                           
  1    2  2 10.3540000  0.0000000  0.0000000  0.0000000  0.0000000  0.0000000
           1  'Si  '    25598.822984527003     
    1    1      0.0000000000      0.0000000000      0.0000000000
    2    1      0.2500000000      0.2500000000      0.2500000000

     Dynamical  Matrix in cartesian axes

     q = (    0.750000000  -0.250000000   0.750000000 ) 

    1    1
  0.24201255  0.00000000   -0.00467578  0.00737879    0.00140630  0.00000000
 -0.00467578 -0.00737879    0.29756885  0.00000000   -0.00467578 -0.00737879
  0.00140630  0.00000000   -0.00467578  0.00737879    0.24201255  0.00000000
    1    2
 -0.05748464  0.06728654   -0.03557077  0.03962831   -0.04043078 -0.12866239
 -0.03557077  0.03962831   -0.05605223  0.08643819   -0.03557077  0.03962831
 -0.04043078 -0.12866239   -0.03557077  0.03962831   -0.05748464  0.06728654
    2    1
 -0.05748464 -0.06728654   -0.03557077 -0.03962831   -0.04043078  0.12866239
 -0.03557077 -0.03962831   -0.05605223 -0.08643819   -0.03557077 -0.03962831
 -0.04043078  0.12866239   -0.03557077 -0.03962831   -0.05748464 -0.06728654
    2    2
  0.24201255  0.00000000   -0.00467578 -0.00737879    0.00140630  0.00000000
 -0.00467578  0.00737879    0.29756885  0.00000000   -0.00467578  0.00737879
  0.00140630  0.00000000   -0.00467578 -0.00737879    0.24201255  0.00000000

     Dynamical  Matrix in cartesian axes

     q = (    0.750000000  -0.250000000  -0.750000000 ) 

    1    1
  0.24201255  0.00000000   -0.00467578 -0.00737879   -0.00140630  0.00000000
 -0.00467578  0.00737879    0.29756885  0.00000000    0.00467578 -0.00737879
 -0.00140630  0.00000000    0.00467578  0.00737879    0.24201255  0.00000000
    1    2
 -0.06728654  0.05748464   -0.03962831  0.03557077   -0.12866239 -0.04043078
 -0.03962831  0.03557077   -0.08643819  0.05605223    0.03962831 -0.03557077
 -0.12866239 -0.04043078    0.03962831 -0.03557077   -0.06728654  0.05748464
    2    1
 -0.06728654 -0.05748464   -0.03962831 -0.03557077   -0.12866239  0.04043078
 -0.03962831 -0.03557077   -0.08643819 -0.05605223    0.03962831  0.03557077
 -0.12866239  0.04043078    0.03962831  0.03557077   -0.06728654 -0.05748464
    2    2
  0.24201255  0.00000000   -0.00467578  0.00737879   -0.00140630  0.00000000
 -0.00467578 -0.00737879    0.29756885  0.00000000    0.00467578  0.00737879
 -0.00140630  0.00000000    0.00467578 -0.00737879    0.24201255  0.00000000

     Dynamical  Matrix in cartesian axes

     q = (   -0.750000000  -0.250000000  -0.750000000 ) 

    1    1
  0.24201255  0.00000000    0.00467578 -0.00737879    0.00140630  0.00000000
  0.00467578  0.00737879    0.29756885  0.00000000    0.00467578  0.00737879
  0.00140630  0.00000000    0.00467578 -0.00737879    0.24201255  0.00000000
    1    2
  0.06728654  0.05748464   -0.03962831 -0.03557077   -0.12866239  0.04043078
 -0.03962831 -0.03557077    0.08643819  0.05605223   -0.03962831 -0.03557077
 -0.12866239  0.04043078   -0.03962831 -0.03557077    0.06728654  0.05748464
    2    1
  0.06728654 -0.05748464   -0.03962831  0.03557077   -0.12866239 -0.04043078
 -0.03962831  0.03557077    0.08643819 -0.05605223   -0.03962831  0.03557077
 -0.12866239 -0.04043078   -0.03962831  0.03557077    0.06728654 -0.05748464
    2    2
  0.24201255  0.00000000    0.00467578  0.00737879    0.00140630  0.00000000
  0.00467578 -0.00737879    0.29756885  0.00000000    0.00467578 -0.00737879
  0.00140630  0.00000000    0.00467578  0.00737879    0.24201255  0.00000000

     Dynamical  Matrix in cartesian axes

     q = (   -0.750000000  -0.250000000   0.750000000 ) 

    1    1
  0.24201255  0.00000000    0.00467578  0.00737879   -0.00140630  0.00000000
  0.00467578 -0.00737879    0.29756885  0.00000000   -0.00467578  0.00737879
 -0.00140630  0.00000000   -0.00467578 -0.00737879    0.24201255  0.00000000
    1    2
 -0.06728654  0.05748464    0.03962831 -0.03557077   -0.12866239 -0.04043078
  0.03962831 -0.03557077   -0.08643819  0.05605223   -0.03962831  0.03557077
 -0.12866239 -0.04043078   -0.03962831  0.03557077   -0.06728654  0.05748464
    2    1
 -0.06728654 -0.05748464    0.03962831  0.03557077   -0.12866239  0.04043078
  0.03962831  0.03557077   -0.08643819 -0.05605223   -0.03962831 -0.03557077
 -0.12866239  0.04043078   -0.03962831 -0.03557077   -0.06728654 -0.05748464
    2    2
  0.24201255  0.00000000    0.00467578 -0.00737879   -0.00140630  0.00000000
  0.00467578  0.00737879    0.29756885  0.00000000   -0.00467578 -0.00737879
 -0.00140630  0.00000000   -0.00467578  0.00737879    0.24201255  0.00000000

     Dynamical  Matrix in cartesian axes

     q = (   -0.750000000   0.250000000  -0.750000000 ) 

    1    1
  0.24201255  0.00000000   -0.00467578 -0.00737879    0.00140630  0.00000000
 -0.00467578  0.00737879    0.29756885  0.00000000   -0.00467578  0.00737879
  0.00140630  0.00000000   -0.00467578 -0.00737879    0.24201255  0.00000000
    1    2
 -0.05748464 -0.06728654   -0.03557077 -0.03962831   -0.04043078  0.12866239
 -0.03557077 -0.03962831   -0.05605223 -0.08643819   -0.03557077 -0.03962831
 -0.04043078  0.12866239   -0.03557077 -0.03962831   -0.05748464 -0.06728654
    2    1
 -0.05748464  0.06728654   -0.03557077  0.03962831   -0.04043078 -0.12866239
 -0.03557077  0.03962831   -0.05605223  0.08643819   -0.03557077  0.03962831
 -0.04043078 -0.12866239   -0.03557077  0.03962831   -0.05748464  0.06728654
    2    2
  0.24201255  0.00000000   -0.00467578  0.00737879    0.00140630  0.00000000
 -0.00467578 -0.00737879    0.29756885  0.00000000   -0.00467578 -0.00737879
  0.00140630  0.00000000   -0.00467578  0.00737879    0.24201255  0.00000000

     Dynamical  Matrix in cartesian axes

     q = (   -0.250000000   0.750000000  -0.750000000 ) 

    1    1
  0.29756885  0.00000000   -0.00467578  0.00737879    0.00467578 -0.00737879
 -0.00467578 -0.00737879    0.24201255  0.00000000   -0.00140630  0.00000000
  0.00467578  0.00737879   -0.00140630  0.00000000    0.24201255  0.00000000
    1    2
 -0.08643819  0.05605223   -0.03962831  0.03557077    0.03962831 -0.03557077
 -0.03962831  0.03557077   -0.06728654  0.05748464   -0.12866239 -0.04043078
  0.03962831 -0.03557077   -0.12866239 -0.04043078   -0.06728654  0.05748464
    2    1
 -0.08643819 -0.05605223   -0.03962831 -0.03557077    0.03962831  0.03557077
 -0.03962831 -0.03557077   -0.06728654 -0.05748464   -0.12866239  0.04043078
  0.03962831  0.03557077   -0.12866239  0.04043078   -0.06728654 -0.05748464
    2    2
  0.29756885  0.00000000   -0.00467578 -0.00737879    0.00467578  0.00737879
 -0.00467578  0.00737879    0.24201255  0.00000000   -0.00140630  0.00000000
  0.00467578 -0.00737879   -0.00140630  0.00000000    0.24201255  0.00000000

     Dynamical  Matrix in cartesian axes

     q = (   -0.750000000   0.750000000  -0.250000000 ) 

    1    1
  0.24201255  0.00000000   -0.00140630  0.00000000    0.00467578  0.00737879
 -0.00140630  0.00000000    0.24201255  0.00000000   -0.00467578 -0.00737879
  0.00467578 -0.00737879   -0.00467578  0.00737879    0.29756885  0.00000000
    1    2
 -0.06728654  0.05748464   -0.12866239 -0.04043078    0.03962831 -0.03557077
 -0.12866239 -0.04043078   -0.06728654  0.05748464   -0.03962831  0.03557077
  0.03962831 -0.03557077   -0.03962831  0.03557077   -0.08643819  0.05605223
    2    1
 -0.06728654 -0.05748464   -0.12866239  0.04043078    0.03962831  0.03557077
 -0.12866239  0.04043078   -0.06728654 -0.05748464   -0.03962831 -0.03557077
  0.03962831  0.03557077   -0.03962831 -0.03557077   -0.08643819 -0.05605223
    2    2
  0.24201255  0.00000000   -0.00140630  0.00000000    0.00467578 -0.00737879
 -0.00140630  0.00000000    0.24201255  0.00000000   -0.00467578  0.00737879
  0.00467578  0.00737879   -0.00467578 -0.00737879    0.29756885  0.00000000

     Dynamical  Matrix in cartesian axes

     q = (    0.750000000   0.250000000   0.750000000 ) 

    1    1
  0.24201255  0.00000000    0.00467578  0.00737879    0.00140630  0.00000000
  0.00467578 -0.00737879    0.29756885  0.00000000    0.00467578 -0.00737879
  0.00140630  0.00000000    0.00467578  0.00737879    0.24201255  0.00000000
    1    2
  0.06728654 -0.05748464   -0.03962831  0.03557077   -0.12866239 -0.04043078
 -0.03962831  0.03557077    0.08643819 -0.05605223   -0.03962831  0.03557077
 -0.12866239 -0.04043078   -0.03962831  0.03557077    0.06728654 -0.05748464
    2    1
  0.06728654  0.05748464   -0.03962831 -0.03557077   -0.12866239  0.04043078
 -0.03962831 -0.03557077    0.08643819  0.05605223   -0.03962831 -0.03557077
 -0.12866239  0.04043078   -0.03962831 -0.03557077    0.06728654  0.05748464
    2    2
  0.24201255  0.00000000    0.00467578 -0.00737879    0.00140630  0.00000000
  0.00467578  0.00737879    0.29756885  0.00000000    0.00467578  0.00737879
  0.00140630  0.00000000    0.00467578 -0.00737879    0.24201255  0.00000000

     Dynamical  Matrix in cartesian axes

     q = (   -0.750000000   0.250000000   0.750000000 ) 

    1    1
  0.24201255  0.00000000   -0.00467578  0.00737879   -0.00140630  0.00000000
 -0.00467578 -0.00737879    0.29756885  0.00000000    0.00467578  0.00737879
 -0.00140630  0.00000000    0.00467578 -0.00737879    0.24201255  0.00000000
    1    2
 -0.06728654 -0.05748464   -0.03962831 -0.03557077   -0.12866239  0.04043078
 -0.03962831 -0.03557077   -0.08643819 -0.05605223    0.03962831  0.03557077
 -0.12866239  0.04043078    0.03962831  0.03557077   -0.06728654 -0.05748464
    2    1
 -0.06728654  0.05748464   -0.03962831  0.03557077   -0.12866239 -0.04043078
 -0.03962831  0.03557077   -0.08643819  0.05605223    0.03962831 -0.03557077
 -0.12866239 -0.04043078    0.03962831 -0.03557077   -0.06728654  0.05748464
    2    2
  0.24201255  0.00000000   -0.00467578 -0.00737879   -0.00140630  0.00000000
 -0.00467578  0.00737879    0.29756885  0.00000000    0.00467578 -0.00737879
 -0.00140630  0.00000000    0.00467578  0.00737879    0.24201255  0.00000000

     Dynamical  Matrix in cartesian axes

     q = (    0.750000000   0.250000000  -0.750000000 ) 

    1    1
  0.24201255  0.00000000    0.00467578 -0.00737879   -0.00140630  0.00000000
  0.00467578  0.00737879    0.29756885  0.00000000   -0.00467578 -0.00737879
 -0.00140630  0.00000000   -0.00467578  0.00737879    0.24201255  0.00000000
    1    2
 -0.06728654 -0.05748464    0.03962831  0.03557077   -0.12866239  0.04043078
  0.03962831  0.03557077   -0.08643819 -0.05605223   -0.03962831 -0.03557077
 -0.12866239  0.04043078   -0.03962831 -0.03557077   -0.06728654 -0.05748464
    2    1
 -0.06728654  0.05748464    0.03962831 -0.03557077   -0.12866239 -0.04043078
  0.03962831 -0.03557077   -0.08643819  0.05605223   -0.03962831  0.03557077
 -0.12866239 -0.04043078   -0.03962831  0.03557077   -0.06728654  0.05748464
    2    2
  0.24201255  0.00000000    0.00467578  0.00737879   -0.00140630  0.00000000
  0.00467578 -0.00737879    0.29756885  0.00000000   -0.00467578  0.00737879
 -0.00140630  0.00000000   -0.00467578 -0.00737879    0.24201255  0.00000000

     Dynamical  Matrix in cartesian axes

     q = (   -0.750000000   0.750000000   0.250000000 ) 

    1    1
  0.24201255  0.00000000   -0.00140630  0.00000000   -0.00467578  0.00737879
 -0.00140630  0.00000000    0.24201255  0.00000000    0.00467578 -0.00737879
 -0.00467578 -0.00737879    0.00467578  0.00737879    0.29756885  0.00000000
    1    2
 -0.06728654 -0.05748464   -0.12866239  0.04043078   -0.03962831 -0.03557077
 -0.12866239  0.04043078   -0.06728654 -0.05748464    0.03962831  0.03557077
 -0.03962831 -0.03557077    0.03962831  0.03557077   -0.08643819 -0.05605223
    2    1
 -0.06728654  0.05748464   -0.12866239 -0.04043078   -0.03962831  0.03557077
 -0.12866239 -0.04043078   -0.06728654  0.05748464    0.03962831 -0.03557077
 -0.03962831  0.03557077    0.03962831 -0.03557077   -0.08643819  0.05605223
    2    2
  0.24201255  0.00000000   -0.00140630  0.00000000   -0.00467578 -0.00737879
 -0.00140630  0.00000000    0.24201255  0.00000000    0.00467578  0.00737879
 -0.00467578  0.00737879    0.00467578 -0.00737879    0.29756885  0.00000000

     Dynamical  Matrix in cartesian axes

     q = (   -0.250000000   0.750000000   0.750000000 ) 

    1    1
  0.29756885  0.00000000   -0.00467578 -0.00737879   -0.00467578 -0.00737879
 -0.00467578  0.00737879    0.24201255  0.00000000    0.00140630  0.00000000
 -0.00467578  0.00737879    0.00140630  0.00000000    0.24201255  0.00000000
    1    2
 -0.05605223  0.08643819   -0.03557077  0.03962831   -0.03557077  0.03962831
 -0.03557077  0.03962831   -0.05748464  0.06728654   -0.04043078 -0.12866239
 -0.03557077  0.03962831   -0.04043078 -0.12866239   -0.05748464  0.06728654
    2    1
 -0.05605223 -0.08643819   -0.03557077 -0.03962831   -0.03557077 -0.03962831
 -0.03557077 -0.03962831   -0.05748464 -0.06728654   -0.04043078  0.12866239
 -0.03557077 -0.03962831   -0.04043078  0.12866239   -0.05748464 -0.06728654
    2    2
  0.29756885  0.00000000   -0.00467578  0.00737879   -0.00467578  0.00737879
 -0.00467578 -0.00737879    0.24201255  0.00000000    0.00140630  0.00000000
 -0.00467578 -0.00737879    0.00140630  0.00000000    0.24201255  0.00000000

     Dynamical  Matrix in cartesian axes

     q = (    0.250000000   0.750000000  -0.750000000 ) 

    1    1
  0.29756885  0.00000000    0.00467578  0.00737879   -0.00467578 -0.00737879
  0.00467578 -0.00737879    0.24201255  0.00000000   -0.00140630  0.00000000
 -0.00467578  0.00737879   -0.00140630  0.00000000    0.24201255  0.00000000
    1    2
 -0.08643819 -0.05605223    0.03962831  0.03557077   -0.03962831 -0.03557077
  0.03962831  0.03557077   -0.06728654 -0.05748464   -0.12866239  0.04043078
 -0.03962831 -0.03557077   -0.12866239  0.04043078   -0.06728654 -0.05748464
    2    1
 -0.08643819  0.05605223    0.03962831 -0.03557077   -0.03962831  0.03557077
  0.03962831 -0.03557077   -0.06728654  0.05748464   -0.12866239 -0.04043078
 -0.03962831  0.03557077   -0.12866239 -0.04043078   -0.06728654  0.05748464
    2    2
  0.29756885  0.00000000    0.00467578 -0.00737879   -0.00467578  0.00737879
  0.00467578  0.00737879    0.24201255  0.00000000   -0.00140630  0.00000000
 -0.00467578 -0.00737879   -0.00140630  0.00000000    0.24201255  0.00000000

     Dynamical  Matrix in cartesian axes

     q = (   -0.250000000  -0.750000000  -0.750000000 ) 

    1    1
  0.29756885  0.00000000    0.00467578  0.00737879    0.00467578  0.00737879
  0.00467578 -0.00737879    0.24201255  0.00000000    0.00140630  0.00000000
  0.00467578 -0.00737879    0.00140630  0.00000000    0.24201255  0.00000000
    1    2
  0.08643819  0.05605223   -0.03962831 -0.03557077   -0.03962831 -0.03557077
 -0.03962831 -0.03557077    0.06728654  0.05748464   -0.12866239  0.04043078
 -0.03962831 -0.03557077   -0.12866239  0.04043078    0.06728654  0.05748464
    2    1
  0.08643819 -0.05605223   -0.03962831  0.03557077   -0.03962831  0.03557077
 -0.03962831  0.03557077    0.06728654 -0.05748464   -0.12866239 -0.04043078
 -0.03962831  0.03557077   -0.12866239 -0.04043078    0.06728654 -0.05748464
    2    2
  0.29756885  0.00000000    0.00467578 -0.00737879    0.00467578 -0.00737879
  0.00467578  0.00737879    0.24201255  0.00000000    0.00140630  0.00000000
  0.00467578  0.00737879    0.00140630  0.00000000    0.24201255  0.00000000

     Dynamical  Matrix in cartesian axes

     q = (    0.750000000   0.750000000  -0.250000000 ) 

    1    1
  0.24201255  0.00000000    0.00140630  0.00000000   -0.00467578  0.00737879
  0.00140630  0.00000000    0.24201255  0.00000000   -0.00467578  0.00737879
 -0.00467578 -0.00737879   -0.00467578 -0.00737879    0.29756885  0.00000000
    1    2
 -0.05748464  0.06728654   -0.04043078 -0.12866239   -0.03557077  0.03962831
 -0.04043078 -0.12866239   -0.05748464  0.06728654   -0.03557077  0.03962831
 -0.03557077  0.03962831   -0.03557077  0.03962831   -0.05605223  0.08643819
    2    1
 -0.05748464 -0.06728654   -0.04043078  0.12866239   -0.03557077 -0.03962831
 -0.04043078  0.12866239   -0.05748464 -0.06728654   -0.03557077 -0.03962831
 -0.03557077 -0.03962831   -0.03557077 -0.03962831   -0.05605223 -0.08643819
    2    2
  0.24201255  0.00000000    0.00140630  0.00000000   -0.00467578 -0.00737879
  0.00140630  0.00000000    0.24201255  0.00000000   -0.00467578 -0.00737879
 -0.00467578  0.00737879   -0.00467578  0.00737879    0.29756885  0.00000000

     Dynamical  Matrix in cartesian axes

     q = (    0.750000000  -0.750000000   0.250000000 ) 

    1    1
  0.24201255  0.00000000   -0.00140630  0.00000000    0.00467578 -0.00737879
 -0.00140630  0.00000000    0.24201255  0.00000000   -0.00467578  0.00737879
  0.00467578  0.00737879   -0.00467578 -0.00737879    0.29756885  0.00000000
    1    2
 -0.06728654 -0.05748464   -0.12866239  0.04043078    0.03962831  0.03557077
 -0.12866239  0.04043078   -0.06728654 -0.05748464   -0.03962831 -0.03557077
  0.03962831  0.03557077   -0.03962831 -0.03557077   -0.08643819 -0.05605223
    2    1
 -0.06728654  0.05748464   -0.12866239 -0.04043078    0.03962831 -0.03557077
 -0.12866239 -0.04043078   -0.06728654  0.05748464   -0.03962831  0.03557077
  0.03962831 -0.03557077   -0.03962831  0.03557077   -0.08643819  0.05605223
    2    2
  0.24201255  0.00000000   -0.00140630  0.00000000    0.00467578  0.00737879
 -0.00140630  0.00000000    0.24201255  0.00000000   -0.00467578 -0.00737879
  0.00467578 -0.00737879   -0.00467578  0.00737879    0.29756885  0.00000000

     Dynamical  Matrix in cartesian axes

     q = (   -0.750000000  -0.750000000  -0.250000000 ) 

    1    1
  0.24201255  0.00000000    0.00140630  0.00000000    0.00467578 -0.00737879
  0.00140630  0.00000000    0.24201255  0.00000000    0.00467578 -0.00737879
  0.00467578  0.00737879    0.00467578  0.00737879    0.29756885  0.00000000
    1    2
  0.06728654  0.05748464   -0.12866239  0.04043078   -0.03962831 -0.03557077
 -0.12866239  0.04043078    0.06728654  0.05748464   -0.03962831 -0.03557077
 -0.03962831 -0.03557077   -0.03962831 -0.03557077    0.08643819  0.05605223
    2    1
  0.06728654 -0.05748464   -0.12866239 -0.04043078   -0.03962831  0.03557077
 -0.12866239 -0.04043078    0.06728654 -0.05748464   -0.03962831  0.03557077
 -0.03962831  0.03557077   -0.03962831  0.03557077    0.08643819 -0.05605223
    2    2
  0.24201255  0.00000000    0.00140630  0.00000000    0.00467578  0.00737879
  0.00140630  0.00000000    0.24201255  0.00000000    0.00467578  0.00737879
  0.00467578 -0.00737879    0.00467578 -0.00737879    0.29756885  0.00000000

     Dynamical  Matrix in cartesian axes

     q = (    0.250000000  -0.750000000   0.750000000 ) 

    1    1
  0.29756885  0.00000000   -0.00467578 -0.00737879    0.00467578  0.00737879
 -0.00467578  0.00737879    0.24201255  0.00000000   -0.00140630  0.00000000
  0.00467578 -0.00737879   -0.00140630  0.00000000    0.24201255  0.00000000
    1    2
 -0.08643819 -0.05605223   -0.03962831 -0.03557077    0.03962831  0.03557077
 -0.03962831 -0.03557077   -0.06728654 -0.05748464   -0.12866239  0.04043078
  0.03962831  0.03557077   -0.12866239  0.04043078   -0.06728654 -0.05748464
    2    1
 -0.08643819  0.05605223   -0.03962831  0.03557077    0.03962831 -0.03557077
 -0.03962831  0.03557077   -0.06728654  0.05748464   -0.12866239 -0.04043078
  0.03962831 -0.03557077   -0.12866239 -0.04043078   -0.06728654  0.05748464
    2    2
  0.29756885  0.00000000   -0.00467578  0.00737879    0.00467578 -0.00737879
 -0.00467578 -0.00737879    0.24201255  0.00000000   -0.00140630  0.00000000
  0.00467578  0.00737879   -0.00140630  0.00000000    0.24201255  0.00000000

     Dynamical  Matrix in cartesian axes

     q = (   -0.750000000  -0.750000000   0.250000000 ) 

    1    1
  0.24201255  0.00000000    0.00140630  0.00000000   -0.00467578 -0.00737879
  0.00140630  0.00000000    0.24201255  0.00000000   -0.00467578 -0.00737879
 -0.00467578  0.00737879   -0.00467578  0.00737879    0.29756885  0.00000000
    1    2
 -0.05748464 -0.06728654   -0.04043078  0.12866239   -0.03557077 -0.03962831
 -0.04043078  0.12866239   -0.05748464 -0.06728654   -0.03557077 -0.03962831
 -0.03557077 -0.03962831   -0.03557077 -0.03962831   -0.05605223 -0.08643819
    2    1
 -0.05748464  0.06728654   -0.04043078 -0.12866239   -0.03557077  0.03962831
 -0.04043078 -0.12866239   -0.05748464  0.06728654   -0.03557077  0.03962831
 -0.03557077  0.03962831   -0.03557077  0.03962831   -0.05605223  0.08643819
    2    2
  0.24201255  0.00000000    0.00140630  0.00000000   -0.00467578  0.00737879
  0.00140630  0.00000000    0.24201255  0.00000000   -0.00467578  0.00737879
 -0.00467578 -0.00737879   -0.00467578 -0.00737879    0.29756885  0.00000000

     Dynamical  Matrix in cartesian axes

     q = (    0.250000000   0.750000000   0.750000000 ) 

    1    1
  0.29756885  0.00000000    0.00467578 -0.00737879    0.00467578 -0.00737879
  0.00467578  0.00737879    0.24201255  0.00000000    0.00140630  0.00000000
  0.00467578  0.00737879    0.00140630  0.00000000    0.24201255  0.00000000
    1    2
  0.08643819 -0.05605223   -0.03962831  0.03557077   -0.03962831  0.03557077
 -0.03962831  0.03557077    0.06728654 -0.05748464   -0.12866239 -0.04043078
 -0.03962831  0.03557077   -0.12866239 -0.04043078    0.06728654 -0.05748464
    2    1
  0.08643819  0.05605223   -0.03962831 -0.03557077   -0.03962831 -0.03557077
 -0.03962831 -0.03557077    0.06728654  0.05748464   -0.12866239  0.04043078
 -0.03962831 -0.03557077   -0.12866239  0.04043078    0.06728654  0.05748464
    2    2
  0.29756885  0.00000000    0.00467578  0.00737879    0.00467578  0.00737879
  0.00467578 -0.00737879    0.24201255  0.00000000    0.00140630  0.00000000
  0.00467578 -0.00737879    0.00140630  0.00000000    0.24201255  0.00000000

     Dynamical  Matrix in cartesian axes

     q = (   -0.250000000  -0.750000000   0.750000000 ) 

    1    1
  0.29756885  0.00000000    0.00467578 -0.00737879   -0.00467578  0.00737879
  0.00467578  0.00737879    0.24201255  0.00000000   -0.00140630  0.00000000
 -0.00467578 -0.00737879   -0.00140630  0.00000000    0.24201255  0.00000000
    1    2
 -0.08643819  0.05605223    0.03962831 -0.03557077   -0.03962831  0.03557077
  0.03962831 -0.03557077   -0.06728654  0.05748464   -0.12866239 -0.04043078
 -0.03962831  0.03557077   -0.12866239 -0.04043078   -0.06728654  0.05748464
    2    1
 -0.08643819 -0.05605223    0.03962831  0.03557077   -0.03962831 -0.03557077
  0.03962831  0.03557077   -0.06728654 -0.05748464   -0.12866239  0.04043078
 -0.03962831 -0.03557077   -0.12866239  0.04043078   -0.06728654 -0.05748464
    2    2
  0.29756885  0.00000000    0.00467578  0.00737879   -0.00467578 -0.00737879
  0.00467578 -0.00737879    0.24201255  0.00000000   -0.00140630  0.00000000
 -0.00467578  0.00737879   -0.00140630  0.00000000    0.24201255  0.00000000

     Dynamical  Matrix in cartesian axes

     q = (    0.750000000   0.750000000   0.250000000 ) 

    1    1
  0.24201255  0.00000000    0.00140630  0.00000000    0.00467578  0.00737879
  0.00140630  0.00000000    0.24201255  0.00000000    0.00467578  0.00737879
  0.00467578 -0.00737879    0.00467578 -0.00737879    0.29756885  0.00000000
    1    2
  0.06728654 -0.05748464   -0.12866239 -0.04043078   -0.03962831  0.03557077
 -0.12866239 -0.04043078    0.06728654 -0.05748464   -0.03962831  0.03557077
 -0.03962831  0.03557077   -0.03962831  0.03557077    0.08643819 -0.05605223
    2    1
  0.06728654  0.05748464   -0.12866239  0.04043078   -0.03962831 -0.03557077
 -0.12866239  0.04043078    0.06728654  0.05748464   -0.03962831 -0.03557077
 -0.03962831 -0.03557077   -0.03962831 -0.03557077    0.08643819  0.05605223
    2    2
  0.24201255  0.00000000    0.00140630  0.00000000    0.00467578 -0.00737879
  0.00140630  0.00000000    0.24201255  0.00000000    0.00467578 -0.00737879
  0.00467578  0.00737879    0.00467578  0.00737879    0.29756885  0.00000000

     Dynamical  Matrix in cartesian axes

     q = (    0.250000000  -0.750000000  -0.750000000 ) 

    1    1
  0.29756885  0.00000000   -0.00467578  0.00737879   -0.00467578  0.00737879
 -0.00467578 -0.00737879    0.24201255  0.00000000    0.00140630  0.00000000
 -0.00467578 -0.00737879    0.00140630  0.00000000    0.24201255  0.00000000
    1    2
 -0.05605223 -0.08643819   -0.03557077 -0.03962831   -0.03557077 -0.03962831
 -0.03557077 -0.03962831   -0.05748464 -0.06728654   -0.04043078  0.12866239
 -0.03557077 -0.03962831   -0.04043078  0.12866239   -0.05748464 -0.06728654
    2    1
 -0.05605223  0.08643819   -0.03557077  0.03962831   -0.03557077  0.03962831
 -0.03557077  0.03962831   -0.05748464  0.06728654   -0.04043078 -0.12866239
 -0.03557077  0.03962831   -0.04043078 -0.12866239   -0.05748464  0.06728654
    2    2
  0.29756885  0.00000000   -0.00467578 -0.00737879   -0.00467578 -0.00737879
 -0.00467578  0.00737879    0.24201255  0.00000000    0.00140630  0.00000000
 -0.00467578  0.00737879    0.00140630  0.00000000    0.24201255  0.00000000

     Dynamical  Matrix in cartesian axes

     q = (    0.750000000  -0.750000000  -0.250000000 ) 

    1    1
  0.24201255  0.00000000   -0.00140630  0.00000000   -0.00467578 -0.00737879
 -0.00140630  0.00000000    0.24201255  0.00000000    0.00467578  0.00737879
 -0.00467578  0.00737879    0.00467578 -0.00737879    0.29756885  0.00000000
    1    2
 -0.06728654  0.05748464   -0.12866239 -0.04043078   -0.03962831  0.03557077
 -0.12866239 -0.04043078   -0.06728654  0.05748464    0.03962831 -0.03557077
 -0.03962831  0.03557077    0.03962831 -0.03557077   -0.08643819  0.05605223
    2    1
 -0.06728654 -0.05748464   -0.12866239  0.04043078   -0.03962831 -0.03557077
 -0.12866239  0.04043078   -0.06728654 -0.05748464    0.03962831  0.03557077
 -0.03962831 -0.03557077    0.03962831  0.03557077   -0.08643819 -0.05605223
    2    2
  0.24201255  0.00000000   -0.00140630  0.00000000   -0.00467578  0.00737879
 -0.00140630  0.00000000    0.24201255  0.00000000    0.00467578 -0.00737879
 -0.00467578 -0.00737879    0.00467578  0.00737879    0.29756885  0.00000000

     Diagonalizing the dynamical matrix

     q = (    0.750000000  -0.250000000   0.750000000 ) 

 **************************************************************************
     freq (    1) =       4.309029 [THz] =     143.733736 [cm-1]
 ( -0.043352  0.498117  0.000000 -0.000000  0.043352 -0.498117 ) 
 ( -0.500000 -0.000000  0.000000  0.000000  0.500000  0.000000 ) 
     freq (    2) =       6.144445 [THz] =     204.956626 [cm-1]
 ( -0.400798 -0.143422 -0.333173  0.163027 -0.400798 -0.143422 ) 
 ( -0.425686 -0.000000 -0.258767 -0.265748 -0.425686  0.000000 ) 
     freq (    3) =       9.329464 [THz] =     311.197406 [cm-1]
 ( -0.077565  0.296224 -0.437915 -0.347419 -0.077565  0.296224 ) 
 (  0.306211 -0.000000 -0.225162 -0.511637  0.306211  0.000000 ) 
     freq (    4) =      11.892266 [THz] =     396.683299 [cm-1]
 ( -0.166416 -0.323042  0.400194  0.275216 -0.166416 -0.323042 ) 
 (  0.363387 -0.000000 -0.427932 -0.229725  0.363387  0.000000 ) 
     freq (    5) =      13.597302 [THz] =     453.557173 [cm-1]
 ( -0.043352  0.498117  0.000000 -0.000000  0.043352 -0.498117 ) 
 (  0.500000 -0.000000 -0.000000 -0.000000 -0.500000  0.000000 ) 
     freq (    6) =      13.828772 [THz] =     461.278198 [cm-1]
 (  0.283319  0.112720  0.502292 -0.248498  0.283319  0.112720 ) 
 ( -0.304919  0.000000 -0.374848 -0.416578 -0.304919  0.000000 ) 
 **************************************************************************
