Dynamical matrix file
                                                                           
  1    2  2 10.3540000  0.0000000  0.0000000  0.0000000  0.0000000  0.0000000
           1  'Si  '    25598.822984527003     
    1    1      0.0000000000      0.0000000000      0.0000000000
    2    1      0.2500000000      0.2500000000      0.2500000000

     Dynamical  Matrix in cartesian axes

     q = (   -0.250000000   0.250000000  -0.250000000 ) 

    1    1
  0.27946574  0.00000000   -0.01073679  0.00000000    0.01073679  0.00000000
 -0.01073679  0.00000000    0.27946574  0.00000000   -0.01073679  0.00000000
  0.01073679  0.00000000   -0.01073679  0.00000000    0.27946574  0.00000000
    1    2
 -0.20442960 -0.06035667   -0.03579793  0.03658847    0.03579793 -0.03658847
 -0.03579793  0.03658847   -0.20442960 -0.06035667   -0.03579793  0.03658847
  0.03579793 -0.03658847   -0.03579793  0.03658847   -0.20442960 -0.06035667
    2    1
 -0.20442960  0.06035667   -0.03579793 -0.03658847    0.03579793  0.03658847
 -0.03579793 -0.03658847   -0.20442960  0.06035667   -0.03579793 -0.03658847
  0.03579793  0.03658847   -0.03579793 -0.03658847   -0.20442960  0.06035667
    2    2
  0.27946574  0.00000000   -0.01073679  0.00000000    0.01073679  0.00000000
 -0.01073679  0.00000000    0.27946574  0.00000000   -0.01073679  0.00000000
  0.01073679  0.00000000   -0.01073679  0.00000000    0.27946574  0.00000000

     Dynamical  Matrix in cartesian axes

     q = (    0.250000000  -0.250000000  -0.250000000 ) 

    1    1
  0.27946574  0.00000000   -0.01073679  0.00000000   -0.01073679  0.00000000
 -0.01073679  0.00000000    0.27946574  0.00000000    0.01073679  0.00000000
 -0.01073679  0.00000000    0.01073679  0.00000000    0.27946574  0.00000000
    1    2
 -0.20442960 -0.06035667   -0.03579793  0.03658847   -0.03579793  0.03658847
 -0.03579793  0.03658847   -0.20442960 -0.06035667    0.03579793 -0.03658847
 -0.03579793  0.03658847    0.03579793 -0.03658847   -0.20442960 -0.06035667
    2    1
 -0.20442960  0.06035667   -0.03579793 -0.03658847   -0.03579793 -0.03658847
 -0.03579793 -0.03658847   -0.20442960  0.06035667    0.03579793  0.03658847
 -0.03579793 -0.03658847    0.03579793  0.03658847   -0.20442960  0.06035667
    2    2
  0.27946574  0.00000000   -0.01073679  0.00000000   -0.01073679  0.00000000
 -0.01073679  0.00000000    0.27946574  0.00000000    0.01073679  0.00000000
 -0.01073679  0.00000000    0.01073679  0.00000000    0.27946574  0.00000000

     Dynamical  Matrix in cartesian axes

     q = (    0.250000000  -0.250000000   0.250000000 ) 

    1    1
  0.27946574  0.00000000   -0.01073679  0.00000000    0.01073679  0.00000000
 -0.01073679  0.00000000    0.27946574  0.00000000   -0.01073679  0.00000000
  0.01073679  0.00000000   -0.01073679  0.00000000    0.27946574  0.00000000
    1    2
 -0.20442960  0.06035667   -0.03579793 -0.03658847    0.03579793  0.03658847
 -0.03579793 -0.03658847   -0.20442960  0.06035667   -0.03579793 -0.03658847
  0.03579793  0.03658847   -0.03579793 -0.03658847   -0.20442960  0.06035667
    2    1
 -0.20442960 -0.06035667   -0.03579793  0.03658847    0.03579793 -0.03658847
 -0.03579793  0.03658847   -0.20442960 -0.06035667   -0.03579793  0.03658847
  0.03579793 -0.03658847   -0.03579793  0.03658847   -0.20442960 -0.06035667
    2    2
  0.27946574  0.00000000   -0.01073679  0.00000000    0.01073679  0.00000000
 -0.01073679  0.00000000    0.27946574  0.00000000   -0.01073679  0.00000000
  0.01073679  0.00000000   -0.01073679  0.00000000    0.27946574  0.00000000

     Dynamical  Matrix in cartesian axes

     q = (    0.250000000   0.250000000   0.250000000 ) 

    1    1
  0.27946574  0.00000000    0.01073679  0.00000000    0.01073679  0.00000000
  0.01073679  0.00000000    0.27946574  0.00000000    0.01073679  0.00000000
  0.01073679  0.00000000    0.01073679  0.00000000    0.27946574  0.00000000
    1    2
 -0.06035667  0.20442960   -0.03658847 -0.03579793   -0.03658847 -0.03579793
 -0.03658847 -0.03579793   -0.06035667  0.20442960   -0.03658847 -0.03579793
 -0.03658847 -0.03579793   -0.03658847 -0.03579793   -0.06035667  0.20442960
    2    1
 -0.06035667 -0.20442960   -0.03658847  0.03579793   -0.03658847  0.03579793
 -0.03658847  0.03579793   -0.06035667 -0.20442960   -0.03658847  0.03579793
 -0.03658847  0.03579793   -0.03658847  0.03579793   -0.06035667 -0.20442960
    2    2
  0.27946574  0.00000000    0.01073679  0.00000000    0.01073679  0.00000000
  0.01073679  0.00000000    0.27946574  0.00000000    0.01073679  0.00000000
  0.01073679  0.00000000    0.01073679  0.00000000    0.27946574  0.00000000

     Dynamical  Matrix in cartesian axes

     q = (   -0.250000000  -0.250000000  -0.250000000 ) 

    1    1
  0.27946574  0.00000000    0.01073679  0.00000000    0.01073679  0.00000000
  0.01073679  0.00000000    0.27946574  0.00000000    0.01073679  0.00000000
  0.01073679  0.00000000    0.01073679  0.00000000    0.27946574  0.00000000
    1    2
 -0.06035667 -0.20442960   -0.03658847  0.03579793   -0.03658847  0.03579793
 -0.03658847  0.03579793   -0.06035667 -0.20442960   -0.03658847  0.03579793
 -0.03658847  0.03579793   -0.03658847  0.03579793   -0.06035667 -0.20442960
    2    1
 -0.06035667  0.20442960   -0.03658847 -0.03579793   -0.03658847 -0.03579793
 -0.03658847 -0.03579793   -0.06035667  0.20442960   -0.03658847 -0.03579793
 -0.03658847 -0.03579793   -0.03658847 -0.03579793   -0.06035667  0.20442960
    2    2
  0.27946574  0.00000000    0.01073679  0.00000000    0.01073679  0.00000000
  0.01073679  0.00000000    0.27946574  0.00000000    0.01073679  0.00000000
  0.01073679  0.00000000    0.01073679  0.00000000    0.27946574  0.00000000

     Dynamical  Matrix in cartesian axes

     q = (   -0.250000000  -0.250000000   0.250000000 ) 

    1    1
  0.27946574  0.00000000    0.01073679  0.00000000   -0.01073679  0.00000000
  0.01073679  0.00000000    0.27946574  0.00000000   -0.01073679  0.00000000
 -0.01073679  0.00000000   -0.01073679  0.00000000    0.27946574  0.00000000
    1    2
 -0.20442960 -0.06035667    0.03579793 -0.03658847   -0.03579793  0.03658847
  0.03579793 -0.03658847   -0.20442960 -0.06035667   -0.03579793  0.03658847
 -0.03579793  0.03658847   -0.03579793  0.03658847   -0.20442960 -0.06035667
    2    1
 -0.20442960  0.06035667    0.03579793  0.03658847   -0.03579793 -0.03658847
  0.03579793  0.03658847   -0.20442960  0.06035667   -0.03579793 -0.03658847
 -0.03579793 -0.03658847   -0.03579793 -0.03658847   -0.20442960  0.06035667
    2    2
  0.27946574  0.00000000    0.01073679  0.00000000   -0.01073679  0.00000000
  0.01073679  0.00000000    0.27946574  0.00000000   -0.01073679  0.00000000
 -0.01073679  0.00000000   -0.01073679  0.00000000    0.27946574  0.00000000

     Dynamical  Matrix in cartesian axes

     q = (   -0.250000000   0.250000000   0.250000000 ) 

    1    1
  0.27946574  0.00000000   -0.01073679  0.00000000   -0.01073679  0.00000000
 -0.01073679  0.00000000    0.27946574  0.00000000    0.01073679  0.00000000
 -0.01073679  0.00000000    0.01073679  0.00000000    0.27946574  0.00000000
    1    2
 -0.20442960  0.06035667   -0.03579793 -0.03658847   -0.03579793 -0.03658847
 -0.03579793 -0.03658847   -0.20442960  0.06035667    0.03579793  0.03658847
 -0.03579793 -0.03658847    0.03579793  0.03658847   -0.20442960  0.06035667
    2    1
 -0.20442960 -0.06035667   -0.03579793  0.03658847   -0.03579793  0.03658847
 -0.03579793  0.03658847   -0.20442960 -0.06035667    0.03579793 -0.03658847
 -0.03579793  0.03658847    0.03579793 -0.03658847   -0.20442960 -0.06035667
    2    2
  0.27946574  0.00000000   -0.01073679  0.00000000   -0.01073679  0.00000000
 -0.01073679  0.00000000    0.27946574  0.00000000    0.01073679  0.00000000
 -0.01073679  0.00000000    0.01073679  0.00000000    0.27946574  0.00000000

     Dynamical  Matrix in cartesian axes

     q = (    0.250000000   0.250000000  -0.250000000 ) 

    1    1
  0.27946574  0.00000000    0.01073679  0.00000000   -0.01073679  0.00000000
  0.01073679  0.00000000    0.27946574  0.00000000   -0.01073679  0.00000000
 -0.01073679  0.00000000   -0.01073679  0.00000000    0.27946574  0.00000000
    1    2
 -0.20442960  0.06035667    0.03579793  0.03658847   -0.03579793 -0.03658847
  0.03579793  0.03658847   -0.20442960  0.06035667   -0.03579793 -0.03658847
 -0.03579793 -0.03658847   -0.03579793 -0.03658847   -0.20442960  0.06035667
    2    1
 -0.20442960 -0.06035667    0.03579793 -0.03658847   -0.03579793  0.03658847
  0.03579793 -0.03658847   -0.20442960 -0.06035667   -0.03579793  0.03658847
 -0.03579793  0.03658847   -0.03579793  0.03658847   -0.20442960 -0.06035667
    2    2
  0.27946574  0.00000000    0.01073679  0.00000000   -0.01073679  0.00000000
  0.01073679  0.00000000    0.27946574  0.00000000   -0.01073679  0.00000000
 -0.01073679  0.00000000   -0.01073679  0.00000000    0.27946574  0.00000000

     Diagonalizing the dynamical matrix

     q = (   -0.250000000   0.250000000  -0.250000000 ) 

 **************************************************************************
     freq (    1) =       3.399168 [THz] =     113.384047 [cm-1]
 ( -0.566836 -0.097698 -0.243679 -0.065724  0.323157  0.031973 ) 
 ( -0.573701 -0.041413 -0.248966 -0.041413  0.324735  0.000000 ) 
     freq (    2) =       3.399168 [THz] =     113.384047 [cm-1]
 (  0.038156  0.032084  0.513205  0.079086  0.475049  0.047001 ) 
 (  0.041130  0.028171  0.518498  0.028171  0.477368  0.000000 ) 
     freq (    3) =       6.899412 [THz] =     230.139601 [cm-1]
 ( -0.287916 -0.289433  0.287916  0.289433 -0.287916 -0.289433 ) 
 ( -0.408248  0.000000  0.408248 -0.000000 -0.408248  0.000000 ) 
     freq (    4) =      14.382960 [THz] =     479.763892 [cm-1]
 ( -0.287916 -0.289433  0.287916  0.289433 -0.287916 -0.289433 ) 
 (  0.408248 -0.000000 -0.408248 -0.000000  0.408248  0.000000 ) 
     freq (    5) =      14.686058 [THz] =     489.874152 [cm-1]
 (  0.287135  0.028470 -0.287410 -0.028376 -0.574545 -0.056846 ) 
 ( -0.288543 -0.000060  0.288807 -0.000060  0.577350  0.000000 ) 
     freq (    6) =      14.686058 [THz] =     489.874152 [cm-1]
 ( -0.473301  0.161439 -0.473134  0.161456  0.000167  0.000017 ) 
 (  0.455106 -0.207256  0.454938 -0.207256 -0.000168  0.000000 ) 
 **************************************************************************
