Dynamical matrix file
                                                                           
  1    2  2 10.3330000  0.0000000  0.0000000  0.0000000  0.0000000  0.0000000
           1  'Si  '    25598.822984527003     
    1    1      0.0000000000      0.0000000000      0.0000000000
    2    1      0.2500000000      0.2500000000      0.2500000000

     Dynamical  Matrix in cartesian axes

     q = (   -0.250000000   0.250000000  -0.250000000 ) 

    1    1
  0.26972348  0.00000000   -0.01093294  0.00000000    0.01093294  0.00000000
 -0.01093294  0.00000000    0.26972348  0.00000000   -0.01093294  0.00000000
  0.01093294  0.00000000   -0.01093294  0.00000000    0.26972348  0.00000000
    1    2
 -0.19400028 -0.05576106   -0.03685673  0.03757993    0.03685673 -0.03757993
 -0.03685673  0.03757993   -0.19400028 -0.05576106   -0.03685673  0.03757993
  0.03685673 -0.03757993   -0.03685673  0.03757993   -0.19400028 -0.05576106
    2    1
 -0.19400028  0.05576106   -0.03685673 -0.03757993    0.03685673  0.03757993
 -0.03685673 -0.03757993   -0.19400028  0.05576106   -0.03685673 -0.03757993
  0.03685673  0.03757993   -0.03685673 -0.03757993   -0.19400028  0.05576106
    2    2
  0.26972348  0.00000000   -0.01093294  0.00000000    0.01093294  0.00000000
 -0.01093294  0.00000000    0.26972348  0.00000000   -0.01093294  0.00000000
  0.01093294  0.00000000   -0.01093294  0.00000000    0.26972348  0.00000000

     Dynamical  Matrix in cartesian axes

     q = (    0.250000000  -0.250000000  -0.250000000 ) 

    1    1
  0.26972348  0.00000000   -0.01093294  0.00000000   -0.01093294  0.00000000
 -0.01093294  0.00000000    0.26972348  0.00000000    0.01093294  0.00000000
 -0.01093294  0.00000000    0.01093294  0.00000000    0.26972348  0.00000000
    1    2
 -0.19400028 -0.05576106   -0.03685673  0.03757993   -0.03685673  0.03757993
 -0.03685673  0.03757993   -0.19400028 -0.05576106    0.03685673 -0.03757993
 -0.03685673  0.03757993    0.03685673 -0.03757993   -0.19400028 -0.05576106
    2    1
 -0.19400028  0.05576106   -0.03685673 -0.03757993   -0.03685673 -0.03757993
 -0.03685673 -0.03757993   -0.19400028  0.05576106    0.03685673  0.03757993
 -0.03685673 -0.03757993    0.03685673  0.03757993   -0.19400028  0.05576106
    2    2
  0.26972348  0.00000000   -0.01093294  0.00000000   -0.01093294  0.00000000
 -0.01093294  0.00000000    0.26972348  0.00000000    0.01093294  0.00000000
 -0.01093294  0.00000000    0.01093294  0.00000000    0.26972348  0.00000000

     Dynamical  Matrix in cartesian axes

     q = (    0.250000000  -0.250000000   0.250000000 ) 

    1    1
  0.26972348  0.00000000   -0.01093294  0.00000000    0.01093294  0.00000000
 -0.01093294  0.00000000    0.26972348  0.00000000   -0.01093294  0.00000000
  0.01093294  0.00000000   -0.01093294  0.00000000    0.26972348  0.00000000
    1    2
 -0.19400028  0.05576106   -0.03685673 -0.03757993    0.03685673  0.03757993
 -0.03685673 -0.03757993   -0.19400028  0.05576106   -0.03685673 -0.03757993
  0.03685673  0.03757993   -0.03685673 -0.03757993   -0.19400028  0.05576106
    2    1
 -0.19400028 -0.05576106   -0.03685673  0.03757993    0.03685673 -0.03757993
 -0.03685673  0.03757993   -0.19400028 -0.05576106   -0.03685673  0.03757993
  0.03685673 -0.03757993   -0.03685673  0.03757993   -0.19400028 -0.05576106
    2    2
  0.26972348  0.00000000   -0.01093294  0.00000000    0.01093294  0.00000000
 -0.01093294  0.00000000    0.26972348  0.00000000   -0.01093294  0.00000000
  0.01093294  0.00000000   -0.01093294  0.00000000    0.26972348  0.00000000

     Dynamical  Matrix in cartesian axes

     q = (    0.250000000   0.250000000   0.250000000 ) 

    1    1
  0.26972348  0.00000000    0.01093294  0.00000000    0.01093294  0.00000000
  0.01093294  0.00000000    0.26972348  0.00000000    0.01093294  0.00000000
  0.01093294  0.00000000    0.01093294  0.00000000    0.26972348  0.00000000
    1    2
 -0.05576106  0.19400028   -0.03757993 -0.03685673   -0.03757993 -0.03685673
 -0.03757993 -0.03685673   -0.05576106  0.19400028   -0.03757993 -0.03685673
 -0.03757993 -0.03685673   -0.03757993 -0.03685673   -0.05576106  0.19400028
    2    1
 -0.05576106 -0.19400028   -0.03757993  0.03685673   -0.03757993  0.03685673
 -0.03757993  0.03685673   -0.05576106 -0.19400028   -0.03757993  0.03685673
 -0.03757993  0.03685673   -0.03757993  0.03685673   -0.05576106 -0.19400028
    2    2
  0.26972348  0.00000000    0.01093294  0.00000000    0.01093294  0.00000000
  0.01093294  0.00000000    0.26972348  0.00000000    0.01093294  0.00000000
  0.01093294  0.00000000    0.01093294  0.00000000    0.26972348  0.00000000

     Dynamical  Matrix in cartesian axes

     q = (   -0.250000000  -0.250000000  -0.250000000 ) 

    1    1
  0.26972348  0.00000000    0.01093294  0.00000000    0.01093294  0.00000000
  0.01093294  0.00000000    0.26972348  0.00000000    0.01093294  0.00000000
  0.01093294  0.00000000    0.01093294  0.00000000    0.26972348  0.00000000
    1    2
 -0.05576106 -0.19400028   -0.03757993  0.03685673   -0.03757993  0.03685673
 -0.03757993  0.03685673   -0.05576106 -0.19400028   -0.03757993  0.03685673
 -0.03757993  0.03685673   -0.03757993  0.03685673   -0.05576106 -0.19400028
    2    1
 -0.05576106  0.19400028   -0.03757993 -0.03685673   -0.03757993 -0.03685673
 -0.03757993 -0.03685673   -0.05576106  0.19400028   -0.03757993 -0.03685673
 -0.03757993 -0.03685673   -0.03757993 -0.03685673   -0.05576106  0.19400028
    2    2
  0.26972348  0.00000000    0.01093294  0.00000000    0.01093294  0.00000000
  0.01093294  0.00000000    0.26972348  0.00000000    0.01093294  0.00000000
  0.01093294  0.00000000    0.01093294  0.00000000    0.26972348  0.00000000

     Dynamical  Matrix in cartesian axes

     q = (   -0.250000000  -0.250000000   0.250000000 ) 

    1    1
  0.26972348  0.00000000    0.01093294  0.00000000   -0.01093294  0.00000000
  0.01093294  0.00000000    0.26972348  0.00000000   -0.01093294  0.00000000
 -0.01093294  0.00000000   -0.01093294  0.00000000    0.26972348  0.00000000
    1    2
 -0.19400028 -0.05576106    0.03685673 -0.03757993   -0.03685673  0.03757993
  0.03685673 -0.03757993   -0.19400028 -0.05576106   -0.03685673  0.03757993
 -0.03685673  0.03757993   -0.03685673  0.03757993   -0.19400028 -0.05576106
    2    1
 -0.19400028  0.05576106    0.03685673  0.03757993   -0.03685673 -0.03757993
  0.03685673  0.03757993   -0.19400028  0.05576106   -0.03685673 -0.03757993
 -0.03685673 -0.03757993   -0.03685673 -0.03757993   -0.19400028  0.05576106
    2    2
  0.26972348  0.00000000    0.01093294  0.00000000   -0.01093294  0.00000000
  0.01093294  0.00000000    0.26972348  0.00000000   -0.01093294  0.00000000
 -0.01093294  0.00000000   -0.01093294  0.00000000    0.26972348  0.00000000

     Dynamical  Matrix in cartesian axes

     q = (   -0.250000000   0.250000000   0.250000000 ) 

    1    1
  0.26972348  0.00000000   -0.01093294  0.00000000   -0.01093294  0.00000000
 -0.01093294  0.00000000    0.26972348  0.00000000    0.01093294  0.00000000
 -0.01093294  0.00000000    0.01093294  0.00000000    0.26972348  0.00000000
    1    2
 -0.19400028  0.05576106   -0.03685673 -0.03757993   -0.03685673 -0.03757993
 -0.03685673 -0.03757993   -0.19400028  0.05576106    0.03685673  0.03757993
 -0.03685673 -0.03757993    0.03685673  0.03757993   -0.19400028  0.05576106
    2    1
 -0.19400028 -0.05576106   -0.03685673  0.03757993   -0.03685673  0.03757993
 -0.03685673  0.03757993   -0.19400028 -0.05576106    0.03685673 -0.03757993
 -0.03685673  0.03757993    0.03685673 -0.03757993   -0.19400028 -0.05576106
    2    2
  0.26972348  0.00000000   -0.01093294  0.00000000   -0.01093294  0.00000000
 -0.01093294  0.00000000    0.26972348  0.00000000    0.01093294  0.00000000
 -0.01093294  0.00000000    0.01093294  0.00000000    0.26972348  0.00000000

     Dynamical  Matrix in cartesian axes

     q = (    0.250000000   0.250000000  -0.250000000 ) 

    1    1
  0.26972348  0.00000000    0.01093294  0.00000000   -0.01093294  0.00000000
  0.01093294  0.00000000    0.26972348  0.00000000   -0.01093294  0.00000000
 -0.01093294  0.00000000   -0.01093294  0.00000000    0.26972348  0.00000000
    1    2
 -0.19400028  0.05576106    0.03685673  0.03757993   -0.03685673 -0.03757993
  0.03685673  0.03757993   -0.19400028  0.05576106   -0.03685673 -0.03757993
 -0.03685673 -0.03757993   -0.03685673 -0.03757993   -0.19400028  0.05576106
    2    1
 -0.19400028 -0.05576106    0.03685673 -0.03757993   -0.03685673  0.03757993
  0.03685673 -0.03757993   -0.19400028 -0.05576106   -0.03685673  0.03757993
 -0.03685673  0.03757993   -0.03685673  0.03757993   -0.19400028 -0.05576106
    2    2
  0.26972348  0.00000000    0.01093294  0.00000000   -0.01093294  0.00000000
  0.01093294  0.00000000    0.26972348  0.00000000   -0.01093294  0.00000000
 -0.01093294  0.00000000   -0.01093294  0.00000000    0.26972348  0.00000000

     Diagonalizing the dynamical matrix

     q = (   -0.250000000   0.250000000  -0.250000000 ) 

 **************************************************************************
     freq (    1) =       3.392336 [THz] =     113.156141 [cm-1]
 ( -0.327284  0.359385 -0.367701  0.356202 -0.040418 -0.003183 ) 
 ( -0.298057  0.383971 -0.338600  0.383971 -0.040543  0.000000 ) 
     freq (    2) =       3.392336 [THz] =     113.156141 [cm-1]
 (  0.311536 -0.002579 -0.262612 -0.047796 -0.574147 -0.045217 ) 
 (  0.310371 -0.027030 -0.265554 -0.027030 -0.575925  0.000000 ) 
     freq (    3) =       6.936420 [THz] =     231.374052 [cm-1]
 (  0.276208  0.300626 -0.276208 -0.300626  0.276208  0.300626 ) 
 (  0.408248 -0.000000 -0.408248  0.000000  0.408248  0.000000 ) 
     freq (    4) =      14.087273 [THz] =     469.900853 [cm-1]
 (  0.276208  0.300626 -0.276208 -0.300626  0.276208  0.300626 ) 
 ( -0.408248  0.000000  0.408248 -0.000000 -0.408248  0.000000 ) 
     freq (    5) =      14.398711 [THz] =     480.289292 [cm-1]
 ( -0.463390 -0.187584 -0.463562 -0.187597 -0.000172 -0.000014 ) 
 (  0.476687  0.150623  0.476859  0.150623  0.000172  0.000000 ) 
     freq (    6) =      14.398711 [THz] =     480.289292 [cm-1]
 ( -0.287922 -0.022720  0.287646  0.022608  0.575568  0.045329 ) 
 (  0.288817  0.000045 -0.288533  0.000045 -0.577350  0.000000 ) 
 **************************************************************************
