Dynamical matrix file
                                                                           
  1    2  2 10.3330000  0.0000000  0.0000000  0.0000000  0.0000000  0.0000000
           1  'Si  '    25598.822984527003     
    1    1      0.0000000000      0.0000000000      0.0000000000
    2    1      0.2500000000      0.2500000000      0.2500000000

     Dynamical  Matrix in cartesian axes

     q = (    0.750000000  -0.250000000   0.750000000 ) 

    1    1
  0.23323358  0.00000000   -0.00487852  0.00743594    0.00211958  0.00000000
 -0.00487852 -0.00743594    0.28884216  0.00000000   -0.00487852 -0.00743594
  0.00211958  0.00000000   -0.00487852  0.00743594    0.23323358  0.00000000
    1    2
 -0.06361729  0.05495435   -0.03647785  0.04071017   -0.04161827 -0.13218901
 -0.03647785  0.04071017   -0.06234830  0.07382908   -0.03647785  0.04071017
 -0.04161827 -0.13218901   -0.03647785  0.04071017   -0.06361729  0.05495435
    2    1
 -0.06361729 -0.05495435   -0.03647785 -0.04071017   -0.04161827  0.13218901
 -0.03647785 -0.04071017   -0.06234830 -0.07382908   -0.03647785 -0.04071017
 -0.04161827  0.13218901   -0.03647785 -0.04071017   -0.06361729 -0.05495435
    2    2
  0.23323358  0.00000000   -0.00487852 -0.00743594    0.00211958  0.00000000
 -0.00487852  0.00743594    0.28884216  0.00000000   -0.00487852  0.00743594
  0.00211958  0.00000000   -0.00487852 -0.00743594    0.23323358  0.00000000

     Dynamical  Matrix in cartesian axes

     q = (    0.750000000  -0.250000000  -0.750000000 ) 

    1    1
  0.23323358  0.00000000   -0.00487852 -0.00743594   -0.00211958  0.00000000
 -0.00487852  0.00743594    0.28884216  0.00000000    0.00487852 -0.00743594
 -0.00211958  0.00000000    0.00487852  0.00743594    0.23323358  0.00000000
    1    2
 -0.05495435  0.06361729   -0.04071017  0.03647785   -0.13218901 -0.04161827
 -0.04071017  0.03647785   -0.07382908  0.06234830    0.04071017 -0.03647785
 -0.13218901 -0.04161827    0.04071017 -0.03647785   -0.05495435  0.06361729
    2    1
 -0.05495435 -0.06361729   -0.04071017 -0.03647785   -0.13218901  0.04161827
 -0.04071017 -0.03647785   -0.07382908 -0.06234830    0.04071017  0.03647785
 -0.13218901  0.04161827    0.04071017  0.03647785   -0.05495435 -0.06361729
    2    2
  0.23323358  0.00000000   -0.00487852  0.00743594   -0.00211958  0.00000000
 -0.00487852 -0.00743594    0.28884216  0.00000000    0.00487852  0.00743594
 -0.00211958  0.00000000    0.00487852 -0.00743594    0.23323358  0.00000000

     Dynamical  Matrix in cartesian axes

     q = (   -0.750000000  -0.250000000  -0.750000000 ) 

    1    1
  0.23323358  0.00000000    0.00487852 -0.00743594    0.00211958  0.00000000
  0.00487852  0.00743594    0.28884216  0.00000000    0.00487852  0.00743594
  0.00211958  0.00000000    0.00487852 -0.00743594    0.23323358  0.00000000
    1    2
  0.05495435  0.06361729   -0.04071017 -0.03647785   -0.13218901  0.04161827
 -0.04071017 -0.03647785    0.07382908  0.06234830   -0.04071017 -0.03647785
 -0.13218901  0.04161827   -0.04071017 -0.03647785    0.05495435  0.06361729
    2    1
  0.05495435 -0.06361729   -0.04071017  0.03647785   -0.13218901 -0.04161827
 -0.04071017  0.03647785    0.07382908 -0.06234830   -0.04071017  0.03647785
 -0.13218901 -0.04161827   -0.04071017  0.03647785    0.05495435 -0.06361729
    2    2
  0.23323358  0.00000000    0.00487852  0.00743594    0.00211958  0.00000000
  0.00487852 -0.00743594    0.28884216  0.00000000    0.00487852 -0.00743594
  0.00211958  0.00000000    0.00487852  0.00743594    0.23323358  0.00000000

     Dynamical  Matrix in cartesian axes

     q = (   -0.750000000  -0.250000000   0.750000000 ) 

    1    1
  0.23323358  0.00000000    0.00487852  0.00743594   -0.00211958  0.00000000
  0.00487852 -0.00743594    0.28884216  0.00000000   -0.00487852  0.00743594
 -0.00211958  0.00000000   -0.00487852 -0.00743594    0.23323358  0.00000000
    1    2
 -0.05495435  0.06361729    0.04071017 -0.03647785   -0.13218901 -0.04161827
  0.04071017 -0.03647785   -0.07382908  0.06234830   -0.04071017  0.03647785
 -0.13218901 -0.04161827   -0.04071017  0.03647785   -0.05495435  0.06361729
    2    1
 -0.05495435 -0.06361729    0.04071017  0.03647785   -0.13218901  0.04161827
  0.04071017  0.03647785   -0.07382908 -0.06234830   -0.04071017 -0.03647785
 -0.13218901  0.04161827   -0.04071017 -0.03647785   -0.05495435 -0.06361729
    2    2
  0.23323358  0.00000000    0.00487852 -0.00743594   -0.00211958  0.00000000
  0.00487852  0.00743594    0.28884216  0.00000000   -0.00487852 -0.00743594
 -0.00211958  0.00000000   -0.00487852  0.00743594    0.23323358  0.00000000

     Dynamical  Matrix in cartesian axes

     q = (   -0.750000000   0.250000000  -0.750000000 ) 

    1    1
  0.23323358  0.00000000   -0.00487852 -0.00743594    0.00211958  0.00000000
 -0.00487852  0.00743594    0.28884216  0.00000000   -0.00487852  0.00743594
  0.00211958  0.00000000   -0.00487852 -0.00743594    0.23323358  0.00000000
    1    2
 -0.06361729 -0.05495435   -0.03647785 -0.04071017   -0.04161827  0.13218901
 -0.03647785 -0.04071017   -0.06234830 -0.07382908   -0.03647785 -0.04071017
 -0.04161827  0.13218901   -0.03647785 -0.04071017   -0.06361729 -0.05495435
    2    1
 -0.06361729  0.05495435   -0.03647785  0.04071017   -0.04161827 -0.13218901
 -0.03647785  0.04071017   -0.06234830  0.07382908   -0.03647785  0.04071017
 -0.04161827 -0.13218901   -0.03647785  0.04071017   -0.06361729  0.05495435
    2    2
  0.23323358  0.00000000   -0.00487852  0.00743594    0.00211958  0.00000000
 -0.00487852 -0.00743594    0.28884216  0.00000000   -0.00487852 -0.00743594
  0.00211958  0.00000000   -0.00487852  0.00743594    0.23323358  0.00000000

     Dynamical  Matrix in cartesian axes

     q = (   -0.250000000   0.750000000  -0.750000000 ) 

    1    1
  0.28884216  0.00000000   -0.00487852  0.00743594    0.00487852 -0.00743594
 -0.00487852 -0.00743594    0.23323358  0.00000000   -0.00211958  0.00000000
  0.00487852  0.00743594   -0.00211958  0.00000000    0.23323358  0.00000000
    1    2
 -0.07382908  0.06234830   -0.04071017  0.03647785    0.04071017 -0.03647785
 -0.04071017  0.03647785   -0.05495435  0.06361729   -0.13218901 -0.04161827
  0.04071017 -0.03647785   -0.13218901 -0.04161827   -0.05495435  0.06361729
    2    1
 -0.07382908 -0.06234830   -0.04071017 -0.03647785    0.04071017  0.03647785
 -0.04071017 -0.03647785   -0.05495435 -0.06361729   -0.13218901  0.04161827
  0.04071017  0.03647785   -0.13218901  0.04161827   -0.05495435 -0.06361729
    2    2
  0.28884216  0.00000000   -0.00487852 -0.00743594    0.00487852  0.00743594
 -0.00487852  0.00743594    0.23323358  0.00000000   -0.00211958  0.00000000
  0.00487852 -0.00743594   -0.00211958  0.00000000    0.23323358  0.00000000

     Dynamical  Matrix in cartesian axes

     q = (   -0.750000000   0.750000000  -0.250000000 ) 

    1    1
  0.23323358  0.00000000   -0.00211958  0.00000000    0.00487852  0.00743594
 -0.00211958  0.00000000    0.23323358  0.00000000   -0.00487852 -0.00743594
  0.00487852 -0.00743594   -0.00487852  0.00743594    0.28884216  0.00000000
    1    2
 -0.05495435  0.06361729   -0.13218901 -0.04161827    0.04071017 -0.03647785
 -0.13218901 -0.04161827   -0.05495435  0.06361729   -0.04071017  0.03647785
  0.04071017 -0.03647785   -0.04071017  0.03647785   -0.07382908  0.06234830
    2    1
 -0.05495435 -0.06361729   -0.13218901  0.04161827    0.04071017  0.03647785
 -0.13218901  0.04161827   -0.05495435 -0.06361729   -0.04071017 -0.03647785
  0.04071017  0.03647785   -0.04071017 -0.03647785   -0.07382908 -0.06234830
    2    2
  0.23323358  0.00000000   -0.00211958  0.00000000    0.00487852 -0.00743594
 -0.00211958  0.00000000    0.23323358  0.00000000   -0.00487852  0.00743594
  0.00487852  0.00743594   -0.00487852 -0.00743594    0.28884216  0.00000000

     Dynamical  Matrix in cartesian axes

     q = (    0.750000000   0.250000000   0.750000000 ) 

    1    1
  0.23323358  0.00000000    0.00487852  0.00743594    0.00211958  0.00000000
  0.00487852 -0.00743594    0.28884216  0.00000000    0.00487852 -0.00743594
  0.00211958  0.00000000    0.00487852  0.00743594    0.23323358  0.00000000
    1    2
  0.05495435 -0.06361729   -0.04071017  0.03647785   -0.13218901 -0.04161827
 -0.04071017  0.03647785    0.07382908 -0.06234830   -0.04071017  0.03647785
 -0.13218901 -0.04161827   -0.04071017  0.03647785    0.05495435 -0.06361729
    2    1
  0.05495435  0.06361729   -0.04071017 -0.03647785   -0.13218901  0.04161827
 -0.04071017 -0.03647785    0.07382908  0.06234830   -0.04071017 -0.03647785
 -0.13218901  0.04161827   -0.04071017 -0.03647785    0.05495435  0.06361729
    2    2
  0.23323358  0.00000000    0.00487852 -0.00743594    0.00211958  0.00000000
  0.00487852  0.00743594    0.28884216  0.00000000    0.00487852  0.00743594
  0.00211958  0.00000000    0.00487852 -0.00743594    0.23323358  0.00000000

     Dynamical  Matrix in cartesian axes

     q = (   -0.750000000   0.250000000   0.750000000 ) 

    1    1
  0.23323358  0.00000000   -0.00487852  0.00743594   -0.00211958  0.00000000
 -0.00487852 -0.00743594    0.28884216  0.00000000    0.00487852  0.00743594
 -0.00211958  0.00000000    0.00487852 -0.00743594    0.23323358  0.00000000
    1    2
 -0.05495435 -0.06361729   -0.04071017 -0.03647785   -0.13218901  0.04161827
 -0.04071017 -0.03647785   -0.07382908 -0.06234830    0.04071017  0.03647785
 -0.13218901  0.04161827    0.04071017  0.03647785   -0.05495435 -0.06361729
    2    1
 -0.05495435  0.06361729   -0.04071017  0.03647785   -0.13218901 -0.04161827
 -0.04071017  0.03647785   -0.07382908  0.06234830    0.04071017 -0.03647785
 -0.13218901 -0.04161827    0.04071017 -0.03647785   -0.05495435  0.06361729
    2    2
  0.23323358  0.00000000   -0.00487852 -0.00743594   -0.00211958  0.00000000
 -0.00487852  0.00743594    0.28884216  0.00000000    0.00487852 -0.00743594
 -0.00211958  0.00000000    0.00487852  0.00743594    0.23323358  0.00000000

     Dynamical  Matrix in cartesian axes

     q = (    0.750000000   0.250000000  -0.750000000 ) 

    1    1
  0.23323358  0.00000000    0.00487852 -0.00743594   -0.00211958  0.00000000
  0.00487852  0.00743594    0.28884216  0.00000000   -0.00487852 -0.00743594
 -0.00211958  0.00000000   -0.00487852  0.00743594    0.23323358  0.00000000
    1    2
 -0.05495435 -0.06361729    0.04071017  0.03647785   -0.13218901  0.04161827
  0.04071017  0.03647785   -0.07382908 -0.06234830   -0.04071017 -0.03647785
 -0.13218901  0.04161827   -0.04071017 -0.03647785   -0.05495435 -0.06361729
    2    1
 -0.05495435  0.06361729    0.04071017 -0.03647785   -0.13218901 -0.04161827
  0.04071017 -0.03647785   -0.07382908  0.06234830   -0.04071017  0.03647785
 -0.13218901 -0.04161827   -0.04071017  0.03647785   -0.05495435  0.06361729
    2    2
  0.23323358  0.00000000    0.00487852  0.00743594   -0.00211958  0.00000000
  0.00487852 -0.00743594    0.28884216  0.00000000   -0.00487852  0.00743594
 -0.00211958  0.00000000   -0.00487852 -0.00743594    0.23323358  0.00000000

     Dynamical  Matrix in cartesian axes

     q = (   -0.750000000   0.750000000   0.250000000 ) 

    1    1
  0.23323358  0.00000000   -0.00211958  0.00000000   -0.00487852  0.00743594
 -0.00211958  0.00000000    0.23323358  0.00000000    0.00487852 -0.00743594
 -0.00487852 -0.00743594    0.00487852  0.00743594    0.28884216  0.00000000
    1    2
 -0.05495435 -0.06361729   -0.13218901  0.04161827   -0.04071017 -0.03647785
 -0.13218901  0.04161827   -0.05495435 -0.06361729    0.04071017  0.03647785
 -0.04071017 -0.03647785    0.04071017  0.03647785   -0.07382908 -0.06234830
    2    1
 -0.05495435  0.06361729   -0.13218901 -0.04161827   -0.04071017  0.03647785
 -0.13218901 -0.04161827   -0.05495435  0.06361729    0.04071017 -0.03647785
 -0.04071017  0.03647785    0.04071017 -0.03647785   -0.07382908  0.06234830
    2    2
  0.23323358  0.00000000   -0.00211958  0.00000000   -0.00487852 -0.00743594
 -0.00211958  0.00000000    0.23323358  0.00000000    0.00487852  0.00743594
 -0.00487852  0.00743594    0.00487852 -0.00743594    0.28884216  0.00000000

     Dynamical  Matrix in cartesian axes

     q = (   -0.250000000   0.750000000   0.750000000 ) 

    1    1
  0.28884216  0.00000000   -0.00487852 -0.00743594   -0.00487852 -0.00743594
 -0.00487852  0.00743594    0.23323358  0.00000000    0.00211958  0.00000000
 -0.00487852  0.00743594    0.00211958  0.00000000    0.23323358  0.00000000
    1    2
 -0.06234830  0.07382908   -0.03647785  0.04071017   -0.03647785  0.04071017
 -0.03647785  0.04071017   -0.06361729  0.05495435   -0.04161827 -0.13218901
 -0.03647785  0.04071017   -0.04161827 -0.13218901   -0.06361729  0.05495435
    2    1
 -0.06234830 -0.07382908   -0.03647785 -0.04071017   -0.03647785 -0.04071017
 -0.03647785 -0.04071017   -0.06361729 -0.05495435   -0.04161827  0.13218901
 -0.03647785 -0.04071017   -0.04161827  0.13218901   -0.06361729 -0.05495435
    2    2
  0.28884216  0.00000000   -0.00487852  0.00743594   -0.00487852  0.00743594
 -0.00487852 -0.00743594    0.23323358  0.00000000    0.00211958  0.00000000
 -0.00487852 -0.00743594    0.00211958  0.00000000    0.23323358  0.00000000

     Dynamical  Matrix in cartesian axes

     q = (    0.250000000   0.750000000  -0.750000000 ) 

    1    1
  0.28884216  0.00000000    0.00487852  0.00743594   -0.00487852 -0.00743594
  0.00487852 -0.00743594    0.23323358  0.00000000   -0.00211958  0.00000000
 -0.00487852  0.00743594   -0.00211958  0.00000000    0.23323358  0.00000000
    1    2
 -0.07382908 -0.06234830    0.04071017  0.03647785   -0.04071017 -0.03647785
  0.04071017  0.03647785   -0.05495435 -0.06361729   -0.13218901  0.04161827
 -0.04071017 -0.03647785   -0.13218901  0.04161827   -0.05495435 -0.06361729
    2    1
 -0.07382908  0.06234830    0.04071017 -0.03647785   -0.04071017  0.03647785
  0.04071017 -0.03647785   -0.05495435  0.06361729   -0.13218901 -0.04161827
 -0.04071017  0.03647785   -0.13218901 -0.04161827   -0.05495435  0.06361729
    2    2
  0.28884216  0.00000000    0.00487852 -0.00743594   -0.00487852  0.00743594
  0.00487852  0.00743594    0.23323358  0.00000000   -0.00211958  0.00000000
 -0.00487852 -0.00743594   -0.00211958  0.00000000    0.23323358  0.00000000

     Dynamical  Matrix in cartesian axes

     q = (   -0.250000000  -0.750000000  -0.750000000 ) 

    1    1
  0.28884216  0.00000000    0.00487852  0.00743594    0.00487852  0.00743594
  0.00487852 -0.00743594    0.23323358  0.00000000    0.00211958  0.00000000
  0.00487852 -0.00743594    0.00211958  0.00000000    0.23323358  0.00000000
    1    2
  0.07382908  0.06234830   -0.04071017 -0.03647785   -0.04071017 -0.03647785
 -0.04071017 -0.03647785    0.05495435  0.06361729   -0.13218901  0.04161827
 -0.04071017 -0.03647785   -0.13218901  0.04161827    0.05495435  0.06361729
    2    1
  0.07382908 -0.06234830   -0.04071017  0.03647785   -0.04071017  0.03647785
 -0.04071017  0.03647785    0.05495435 -0.06361729   -0.13218901 -0.04161827
 -0.04071017  0.03647785   -0.13218901 -0.04161827    0.05495435 -0.06361729
    2    2
  0.28884216  0.00000000    0.00487852 -0.00743594    0.00487852 -0.00743594
  0.00487852  0.00743594    0.23323358  0.00000000    0.00211958  0.00000000
  0.00487852  0.00743594    0.00211958  0.00000000    0.23323358  0.00000000

     Dynamical  Matrix in cartesian axes

     q = (    0.750000000   0.750000000  -0.250000000 ) 

    1    1
  0.23323358  0.00000000    0.00211958  0.00000000   -0.00487852  0.00743594
  0.00211958  0.00000000    0.23323358  0.00000000   -0.00487852  0.00743594
 -0.00487852 -0.00743594   -0.00487852 -0.00743594    0.28884216  0.00000000
    1    2
 -0.06361729  0.05495435   -0.04161827 -0.13218901   -0.03647785  0.04071017
 -0.04161827 -0.13218901   -0.06361729  0.05495435   -0.03647785  0.04071017
 -0.03647785  0.04071017   -0.03647785  0.04071017   -0.06234830  0.07382908
    2    1
 -0.06361729 -0.05495435   -0.04161827  0.13218901   -0.03647785 -0.04071017
 -0.04161827  0.13218901   -0.06361729 -0.05495435   -0.03647785 -0.04071017
 -0.03647785 -0.04071017   -0.03647785 -0.04071017   -0.06234830 -0.07382908
    2    2
  0.23323358  0.00000000    0.00211958  0.00000000   -0.00487852 -0.00743594
  0.00211958  0.00000000    0.23323358  0.00000000   -0.00487852 -0.00743594
 -0.00487852  0.00743594   -0.00487852  0.00743594    0.28884216  0.00000000

     Dynamical  Matrix in cartesian axes

     q = (    0.750000000  -0.750000000   0.250000000 ) 

    1    1
  0.23323358  0.00000000   -0.00211958  0.00000000    0.00487852 -0.00743594
 -0.00211958  0.00000000    0.23323358  0.00000000   -0.00487852  0.00743594
  0.00487852  0.00743594   -0.00487852 -0.00743594    0.28884216  0.00000000
    1    2
 -0.05495435 -0.06361729   -0.13218901  0.04161827    0.04071017  0.03647785
 -0.13218901  0.04161827   -0.05495435 -0.06361729   -0.04071017 -0.03647785
  0.04071017  0.03647785   -0.04071017 -0.03647785   -0.07382908 -0.06234830
    2    1
 -0.05495435  0.06361729   -0.13218901 -0.04161827    0.04071017 -0.03647785
 -0.13218901 -0.04161827   -0.05495435  0.06361729   -0.04071017  0.03647785
  0.04071017 -0.03647785   -0.04071017  0.03647785   -0.07382908  0.06234830
    2    2
  0.23323358  0.00000000   -0.00211958  0.00000000    0.00487852  0.00743594
 -0.00211958  0.00000000    0.23323358  0.00000000   -0.00487852 -0.00743594
  0.00487852 -0.00743594   -0.00487852  0.00743594    0.28884216  0.00000000

     Dynamical  Matrix in cartesian axes

     q = (   -0.750000000  -0.750000000  -0.250000000 ) 

    1    1
  0.23323358  0.00000000    0.00211958  0.00000000    0.00487852 -0.00743594
  0.00211958  0.00000000    0.23323358  0.00000000    0.00487852 -0.00743594
  0.00487852  0.00743594    0.00487852  0.00743594    0.28884216  0.00000000
    1    2
  0.05495435  0.06361729   -0.13218901  0.04161827   -0.04071017 -0.03647785
 -0.13218901  0.04161827    0.05495435  0.06361729   -0.04071017 -0.03647785
 -0.04071017 -0.03647785   -0.04071017 -0.03647785    0.07382908  0.06234830
    2    1
  0.05495435 -0.06361729   -0.13218901 -0.04161827   -0.04071017  0.03647785
 -0.13218901 -0.04161827    0.05495435 -0.06361729   -0.04071017  0.03647785
 -0.04071017  0.03647785   -0.04071017  0.03647785    0.07382908 -0.06234830
    2    2
  0.23323358  0.00000000    0.00211958  0.00000000    0.00487852  0.00743594
  0.00211958  0.00000000    0.23323358  0.00000000    0.00487852  0.00743594
  0.00487852 -0.00743594    0.00487852 -0.00743594    0.28884216  0.00000000

     Dynamical  Matrix in cartesian axes

     q = (    0.250000000  -0.750000000   0.750000000 ) 

    1    1
  0.28884216  0.00000000   -0.00487852 -0.00743594    0.00487852  0.00743594
 -0.00487852  0.00743594    0.23323358  0.00000000   -0.00211958  0.00000000
  0.00487852 -0.00743594   -0.00211958  0.00000000    0.23323358  0.00000000
    1    2
 -0.07382908 -0.06234830   -0.04071017 -0.03647785    0.04071017  0.03647785
 -0.04071017 -0.03647785   -0.05495435 -0.06361729   -0.13218901  0.04161827
  0.04071017  0.03647785   -0.13218901  0.04161827   -0.05495435 -0.06361729
    2    1
 -0.07382908  0.06234830   -0.04071017  0.03647785    0.04071017 -0.03647785
 -0.04071017  0.03647785   -0.05495435  0.06361729   -0.13218901 -0.04161827
  0.04071017 -0.03647785   -0.13218901 -0.04161827   -0.05495435  0.06361729
    2    2
  0.28884216  0.00000000   -0.00487852  0.00743594    0.00487852 -0.00743594
 -0.00487852 -0.00743594    0.23323358  0.00000000   -0.00211958  0.00000000
  0.00487852  0.00743594   -0.00211958  0.00000000    0.23323358  0.00000000

     Dynamical  Matrix in cartesian axes

     q = (   -0.750000000  -0.750000000   0.250000000 ) 

    1    1
  0.23323358  0.00000000    0.00211958  0.00000000   -0.00487852 -0.00743594
  0.00211958  0.00000000    0.23323358  0.00000000   -0.00487852 -0.00743594
 -0.00487852  0.00743594   -0.00487852  0.00743594    0.28884216  0.00000000
    1    2
 -0.06361729 -0.05495435   -0.04161827  0.13218901   -0.03647785 -0.04071017
 -0.04161827  0.13218901   -0.06361729 -0.05495435   -0.03647785 -0.04071017
 -0.03647785 -0.04071017   -0.03647785 -0.04071017   -0.06234830 -0.07382908
    2    1
 -0.06361729  0.05495435   -0.04161827 -0.13218901   -0.03647785  0.04071017
 -0.04161827 -0.13218901   -0.06361729  0.05495435   -0.03647785  0.04071017
 -0.03647785  0.04071017   -0.03647785  0.04071017   -0.06234830  0.07382908
    2    2
  0.23323358  0.00000000    0.00211958  0.00000000   -0.00487852  0.00743594
  0.00211958  0.00000000    0.23323358  0.00000000   -0.00487852  0.00743594
 -0.00487852 -0.00743594   -0.00487852 -0.00743594    0.28884216  0.00000000

     Dynamical  Matrix in cartesian axes

     q = (    0.250000000   0.750000000   0.750000000 ) 

    1    1
  0.28884216  0.00000000    0.00487852 -0.00743594    0.00487852 -0.00743594
  0.00487852  0.00743594    0.23323358  0.00000000    0.00211958  0.00000000
  0.00487852  0.00743594    0.00211958  0.00000000    0.23323358  0.00000000
    1    2
  0.07382908 -0.06234830   -0.04071017  0.03647785   -0.04071017  0.03647785
 -0.04071017  0.03647785    0.05495435 -0.06361729   -0.13218901 -0.04161827
 -0.04071017  0.03647785   -0.13218901 -0.04161827    0.05495435 -0.06361729
    2    1
  0.07382908  0.06234830   -0.04071017 -0.03647785   -0.04071017 -0.03647785
 -0.04071017 -0.03647785    0.05495435  0.06361729   -0.13218901  0.04161827
 -0.04071017 -0.03647785   -0.13218901  0.04161827    0.05495435  0.06361729
    2    2
  0.28884216  0.00000000    0.00487852  0.00743594    0.00487852  0.00743594
  0.00487852 -0.00743594    0.23323358  0.00000000    0.00211958  0.00000000
  0.00487852 -0.00743594    0.00211958  0.00000000    0.23323358  0.00000000

     Dynamical  Matrix in cartesian axes

     q = (   -0.250000000  -0.750000000   0.750000000 ) 

    1    1
  0.28884216  0.00000000    0.00487852 -0.00743594   -0.00487852  0.00743594
  0.00487852  0.00743594    0.23323358  0.00000000   -0.00211958  0.00000000
 -0.00487852 -0.00743594   -0.00211958  0.00000000    0.23323358  0.00000000
    1    2
 -0.07382908  0.06234830    0.04071017 -0.03647785   -0.04071017  0.03647785
  0.04071017 -0.03647785   -0.05495435  0.06361729   -0.13218901 -0.04161827
 -0.04071017  0.03647785   -0.13218901 -0.04161827   -0.05495435  0.06361729
    2    1
 -0.07382908 -0.06234830    0.04071017  0.03647785   -0.04071017 -0.03647785
  0.04071017  0.03647785   -0.05495435 -0.06361729   -0.13218901  0.04161827
 -0.04071017 -0.03647785   -0.13218901  0.04161827   -0.05495435 -0.06361729
    2    2
  0.28884216  0.00000000    0.00487852  0.00743594   -0.00487852 -0.00743594
  0.00487852 -0.00743594    0.23323358  0.00000000   -0.00211958  0.00000000
 -0.00487852  0.00743594   -0.00211958  0.00000000    0.23323358  0.00000000

     Dynamical  Matrix in cartesian axes

     q = (    0.750000000   0.750000000   0.250000000 ) 

    1    1
  0.23323358  0.00000000    0.00211958  0.00000000    0.00487852  0.00743594
  0.00211958  0.00000000    0.23323358  0.00000000    0.00487852  0.00743594
  0.00487852 -0.00743594    0.00487852 -0.00743594    0.28884216  0.00000000
    1    2
  0.05495435 -0.06361729   -0.13218901 -0.04161827   -0.04071017  0.03647785
 -0.13218901 -0.04161827    0.05495435 -0.06361729   -0.04071017  0.03647785
 -0.04071017  0.03647785   -0.04071017  0.03647785    0.07382908 -0.06234830
    2    1
  0.05495435  0.06361729   -0.13218901  0.04161827   -0.04071017 -0.03647785
 -0.13218901  0.04161827    0.05495435  0.06361729   -0.04071017 -0.03647785
 -0.04071017 -0.03647785   -0.04071017 -0.03647785    0.07382908  0.06234830
    2    2
  0.23323358  0.00000000    0.00211958  0.00000000    0.00487852 -0.00743594
  0.00211958  0.00000000    0.23323358  0.00000000    0.00487852 -0.00743594
  0.00487852  0.00743594    0.00487852  0.00743594    0.28884216  0.00000000

     Dynamical  Matrix in cartesian axes

     q = (    0.250000000  -0.750000000  -0.750000000 ) 

    1    1
  0.28884216  0.00000000   -0.00487852  0.00743594   -0.00487852  0.00743594
 -0.00487852 -0.00743594    0.23323358  0.00000000    0.00211958  0.00000000
 -0.00487852 -0.00743594    0.00211958  0.00000000    0.23323358  0.00000000
    1    2
 -0.06234830 -0.07382908   -0.03647785 -0.04071017   -0.03647785 -0.04071017
 -0.03647785 -0.04071017   -0.06361729 -0.05495435   -0.04161827  0.13218901
 -0.03647785 -0.04071017   -0.04161827  0.13218901   -0.06361729 -0.05495435
    2    1
 -0.06234830  0.07382908   -0.03647785  0.04071017   -0.03647785  0.04071017
 -0.03647785  0.04071017   -0.06361729  0.05495435   -0.04161827 -0.13218901
 -0.03647785  0.04071017   -0.04161827 -0.13218901   -0.06361729  0.05495435
    2    2
  0.28884216  0.00000000   -0.00487852 -0.00743594   -0.00487852 -0.00743594
 -0.00487852  0.00743594    0.23323358  0.00000000    0.00211958  0.00000000
 -0.00487852  0.00743594    0.00211958  0.00000000    0.23323358  0.00000000

     Dynamical  Matrix in cartesian axes

     q = (    0.750000000  -0.750000000  -0.250000000 ) 

    1    1
  0.23323358  0.00000000   -0.00211958  0.00000000   -0.00487852 -0.00743594
 -0.00211958  0.00000000    0.23323358  0.00000000    0.00487852  0.00743594
 -0.00487852  0.00743594    0.00487852 -0.00743594    0.28884216  0.00000000
    1    2
 -0.05495435  0.06361729   -0.13218901 -0.04161827   -0.04071017  0.03647785
 -0.13218901 -0.04161827   -0.05495435  0.06361729    0.04071017 -0.03647785
 -0.04071017  0.03647785    0.04071017 -0.03647785   -0.07382908  0.06234830
    2    1
 -0.05495435 -0.06361729   -0.13218901  0.04161827   -0.04071017 -0.03647785
 -0.13218901  0.04161827   -0.05495435 -0.06361729    0.04071017  0.03647785
 -0.04071017 -0.03647785    0.04071017  0.03647785   -0.07382908 -0.06234830
    2    2
  0.23323358  0.00000000   -0.00211958  0.00000000   -0.00487852  0.00743594
 -0.00211958  0.00000000    0.23323358  0.00000000    0.00487852 -0.00743594
 -0.00487852 -0.00743594    0.00487852  0.00743594    0.28884216  0.00000000

     Diagonalizing the dynamical matrix

     q = (    0.750000000  -0.250000000   0.750000000 ) 

 **************************************************************************
     freq (    1) =       4.248032 [THz] =     141.699088 [cm-1]
 (  0.058374 -0.496581 -0.000000  0.000000 -0.058374  0.496581 ) 
 (  0.500000 -0.000000 -0.000000 -0.000000 -0.500000  0.000000 ) 
     freq (    2) =       5.520476 [THz] =     184.143260 [cm-1]
 ( -0.398143 -0.195208 -0.299431  0.130743 -0.398143 -0.195208 ) 
 ( -0.443423  0.000000 -0.211297 -0.249210 -0.443423  0.000000 ) 
     freq (    3) =       9.030001 [THz] =     301.208415 [cm-1]
 (  0.129932 -0.247358  0.393702  0.434583  0.129932 -0.247358 ) 
 ( -0.279407 -0.000000  0.201653  0.550636 -0.279407  0.000000 ) 
     freq (    4) =      11.964644 [THz] =     399.097571 [cm-1]
 (  0.114343  0.312735 -0.415482 -0.324992  0.114343  0.312735 ) 
 ( -0.332983  0.000000  0.447903  0.278618 -0.332983  0.000000 ) 
     freq (    5) =      13.318484 [THz] =     444.256808 [cm-1]
 (  0.058374 -0.496581 -0.000000  0.000000 -0.058374  0.496581 ) 
 ( -0.500000  0.000000  0.000000  0.000000  0.500000  0.000000 ) 
     freq (    6) =      13.714418 [THz] =     457.463759 [cm-1]
 ( -0.302024 -0.152355 -0.476297  0.210429 -0.302024 -0.152355 ) 
 (  0.338276 -0.000000  0.330479  0.402396  0.338276 -0.000000 ) 
 **************************************************************************
