Dynamical matrix file
                                                                           
  1    2  2 10.4100000  0.0000000  0.0000000  0.0000000  0.0000000  0.0000000
           1  'Si  '    25598.822984527003     
    1    1      0.0000000000      0.0000000000      0.0000000000
    2    1      0.2500000000      0.2500000000      0.2500000000

     Dynamical  Matrix in cartesian axes

     q = (   -0.250000000   0.250000000  -0.250000000 ) 

    1    1
  0.28698865  0.00000000   -0.01051305  0.00000000    0.01051305  0.00000000
 -0.01051305  0.00000000    0.28698865  0.00000000   -0.01051305  0.00000000
  0.01051305  0.00000000   -0.01051305  0.00000000    0.28698865  0.00000000
    1    2
 -0.21415680 -0.06501246   -0.03298273  0.03362368    0.03298273 -0.03362368
 -0.03298273  0.03362368   -0.21415680 -0.06501246   -0.03298273  0.03362368
  0.03298273 -0.03362368   -0.03298273  0.03362368   -0.21415680 -0.06501246
    2    1
 -0.21415680  0.06501246   -0.03298273 -0.03362368    0.03298273  0.03362368
 -0.03298273 -0.03362368   -0.21415680  0.06501246   -0.03298273 -0.03362368
  0.03298273  0.03362368   -0.03298273 -0.03362368   -0.21415680  0.06501246
    2    2
  0.28698865  0.00000000   -0.01051305  0.00000000    0.01051305  0.00000000
 -0.01051305  0.00000000    0.28698865  0.00000000   -0.01051305  0.00000000
  0.01051305  0.00000000   -0.01051305  0.00000000    0.28698865  0.00000000

     Dynamical  Matrix in cartesian axes

     q = (    0.250000000  -0.250000000  -0.250000000 ) 

    1    1
  0.28698865  0.00000000   -0.01051305  0.00000000   -0.01051305  0.00000000
 -0.01051305  0.00000000    0.28698865  0.00000000    0.01051305  0.00000000
 -0.01051305  0.00000000    0.01051305  0.00000000    0.28698865  0.00000000
    1    2
 -0.21415680 -0.06501246   -0.03298273  0.03362368   -0.03298273  0.03362368
 -0.03298273  0.03362368   -0.21415680 -0.06501246    0.03298273 -0.03362368
 -0.03298273  0.03362368    0.03298273 -0.03362368   -0.21415680 -0.06501246
    2    1
 -0.21415680  0.06501246   -0.03298273 -0.03362368   -0.03298273 -0.03362368
 -0.03298273 -0.03362368   -0.21415680  0.06501246    0.03298273  0.03362368
 -0.03298273 -0.03362368    0.03298273  0.03362368   -0.21415680  0.06501246
    2    2
  0.28698865  0.00000000   -0.01051305  0.00000000   -0.01051305  0.00000000
 -0.01051305  0.00000000    0.28698865  0.00000000    0.01051305  0.00000000
 -0.01051305  0.00000000    0.01051305  0.00000000    0.28698865  0.00000000

     Dynamical  Matrix in cartesian axes

     q = (    0.250000000  -0.250000000   0.250000000 ) 

    1    1
  0.28698865  0.00000000   -0.01051305  0.00000000    0.01051305  0.00000000
 -0.01051305  0.00000000    0.28698865  0.00000000   -0.01051305  0.00000000
  0.01051305  0.00000000   -0.01051305  0.00000000    0.28698865  0.00000000
    1    2
 -0.21415680  0.06501246   -0.03298273 -0.03362368    0.03298273  0.03362368
 -0.03298273 -0.03362368   -0.21415680  0.06501246   -0.03298273 -0.03362368
  0.03298273  0.03362368   -0.03298273 -0.03362368   -0.21415680  0.06501246
    2    1
 -0.21415680 -0.06501246   -0.03298273  0.03362368    0.03298273 -0.03362368
 -0.03298273  0.03362368   -0.21415680 -0.06501246   -0.03298273  0.03362368
  0.03298273 -0.03362368   -0.03298273  0.03362368   -0.21415680 -0.06501246
    2    2
  0.28698865  0.00000000   -0.01051305  0.00000000    0.01051305  0.00000000
 -0.01051305  0.00000000    0.28698865  0.00000000   -0.01051305  0.00000000
  0.01051305  0.00000000   -0.01051305  0.00000000    0.28698865  0.00000000

     Dynamical  Matrix in cartesian axes

     q = (    0.250000000   0.250000000   0.250000000 ) 

    1    1
  0.28698865  0.00000000    0.01051305  0.00000000    0.01051305  0.00000000
  0.01051305  0.00000000    0.28698865  0.00000000    0.01051305  0.00000000
  0.01051305  0.00000000    0.01051305  0.00000000    0.28698865  0.00000000
    1    2
 -0.06501246  0.21415680   -0.03362368 -0.03298273   -0.03362368 -0.03298273
 -0.03362368 -0.03298273   -0.06501246  0.21415680   -0.03362368 -0.03298273
 -0.03362368 -0.03298273   -0.03362368 -0.03298273   -0.06501246  0.21415680
    2    1
 -0.06501246 -0.21415680   -0.03362368  0.03298273   -0.03362368  0.03298273
 -0.03362368  0.03298273   -0.06501246 -0.21415680   -0.03362368  0.03298273
 -0.03362368  0.03298273   -0.03362368  0.03298273   -0.06501246 -0.21415680
    2    2
  0.28698865  0.00000000    0.01051305  0.00000000    0.01051305  0.00000000
  0.01051305  0.00000000    0.28698865  0.00000000    0.01051305  0.00000000
  0.01051305  0.00000000    0.01051305  0.00000000    0.28698865  0.00000000

     Dynamical  Matrix in cartesian axes

     q = (   -0.250000000  -0.250000000  -0.250000000 ) 

    1    1
  0.28698865  0.00000000    0.01051305  0.00000000    0.01051305  0.00000000
  0.01051305  0.00000000    0.28698865  0.00000000    0.01051305  0.00000000
  0.01051305  0.00000000    0.01051305  0.00000000    0.28698865  0.00000000
    1    2
 -0.06501246 -0.21415680   -0.03362368  0.03298273   -0.03362368  0.03298273
 -0.03362368  0.03298273   -0.06501246 -0.21415680   -0.03362368  0.03298273
 -0.03362368  0.03298273   -0.03362368  0.03298273   -0.06501246 -0.21415680
    2    1
 -0.06501246  0.21415680   -0.03362368 -0.03298273   -0.03362368 -0.03298273
 -0.03362368 -0.03298273   -0.06501246  0.21415680   -0.03362368 -0.03298273
 -0.03362368 -0.03298273   -0.03362368 -0.03298273   -0.06501246  0.21415680
    2    2
  0.28698865  0.00000000    0.01051305  0.00000000    0.01051305  0.00000000
  0.01051305  0.00000000    0.28698865  0.00000000    0.01051305  0.00000000
  0.01051305  0.00000000    0.01051305  0.00000000    0.28698865  0.00000000

     Dynamical  Matrix in cartesian axes

     q = (   -0.250000000  -0.250000000   0.250000000 ) 

    1    1
  0.28698865  0.00000000    0.01051305  0.00000000   -0.01051305  0.00000000
  0.01051305  0.00000000    0.28698865  0.00000000   -0.01051305  0.00000000
 -0.01051305  0.00000000   -0.01051305  0.00000000    0.28698865  0.00000000
    1    2
 -0.21415680 -0.06501246    0.03298273 -0.03362368   -0.03298273  0.03362368
  0.03298273 -0.03362368   -0.21415680 -0.06501246   -0.03298273  0.03362368
 -0.03298273  0.03362368   -0.03298273  0.03362368   -0.21415680 -0.06501246
    2    1
 -0.21415680  0.06501246    0.03298273  0.03362368   -0.03298273 -0.03362368
  0.03298273  0.03362368   -0.21415680  0.06501246   -0.03298273 -0.03362368
 -0.03298273 -0.03362368   -0.03298273 -0.03362368   -0.21415680  0.06501246
    2    2
  0.28698865  0.00000000    0.01051305  0.00000000   -0.01051305  0.00000000
  0.01051305  0.00000000    0.28698865  0.00000000   -0.01051305  0.00000000
 -0.01051305  0.00000000   -0.01051305  0.00000000    0.28698865  0.00000000

     Dynamical  Matrix in cartesian axes

     q = (   -0.250000000   0.250000000   0.250000000 ) 

    1    1
  0.28698865  0.00000000   -0.01051305  0.00000000   -0.01051305  0.00000000
 -0.01051305  0.00000000    0.28698865  0.00000000    0.01051305  0.00000000
 -0.01051305  0.00000000    0.01051305  0.00000000    0.28698865  0.00000000
    1    2
 -0.21415680  0.06501246   -0.03298273 -0.03362368   -0.03298273 -0.03362368
 -0.03298273 -0.03362368   -0.21415680  0.06501246    0.03298273  0.03362368
 -0.03298273 -0.03362368    0.03298273  0.03362368   -0.21415680  0.06501246
    2    1
 -0.21415680 -0.06501246   -0.03298273  0.03362368   -0.03298273  0.03362368
 -0.03298273  0.03362368   -0.21415680 -0.06501246    0.03298273 -0.03362368
 -0.03298273  0.03362368    0.03298273 -0.03362368   -0.21415680 -0.06501246
    2    2
  0.28698865  0.00000000   -0.01051305  0.00000000   -0.01051305  0.00000000
 -0.01051305  0.00000000    0.28698865  0.00000000    0.01051305  0.00000000
 -0.01051305  0.00000000    0.01051305  0.00000000    0.28698865  0.00000000

     Dynamical  Matrix in cartesian axes

     q = (    0.250000000   0.250000000  -0.250000000 ) 

    1    1
  0.28698865  0.00000000    0.01051305  0.00000000   -0.01051305  0.00000000
  0.01051305  0.00000000    0.28698865  0.00000000   -0.01051305  0.00000000
 -0.01051305  0.00000000   -0.01051305  0.00000000    0.28698865  0.00000000
    1    2
 -0.21415680  0.06501246    0.03298273  0.03362368   -0.03298273 -0.03362368
  0.03298273  0.03362368   -0.21415680  0.06501246   -0.03298273 -0.03362368
 -0.03298273 -0.03362368   -0.03298273 -0.03362368   -0.21415680  0.06501246
    2    1
 -0.21415680 -0.06501246    0.03298273 -0.03362368   -0.03298273  0.03362368
  0.03298273 -0.03362368   -0.21415680 -0.06501246   -0.03298273  0.03362368
 -0.03298273  0.03362368   -0.03298273  0.03362368   -0.21415680 -0.06501246
    2    2
  0.28698865  0.00000000    0.01051305  0.00000000   -0.01051305  0.00000000
  0.01051305  0.00000000    0.28698865  0.00000000   -0.01051305  0.00000000
 -0.01051305  0.00000000   -0.01051305  0.00000000    0.28698865  0.00000000

     Diagonalizing the dynamical matrix

     q = (   -0.250000000   0.250000000  -0.250000000 ) 

 **************************************************************************
     freq (    1) =       3.400552 [THz] =     113.430215 [cm-1]
 (  0.127387  0.101468  0.532381  0.152906  0.404995  0.051438 ) 
 (  0.139156  0.084609  0.547404  0.084609  0.408248  0.000000 ) 
     freq (    2) =       3.400552 [THz] =     113.430215 [cm-1]
 ( -0.532381 -0.152906 -0.127387 -0.101468  0.404995  0.051438 ) 
 ( -0.547404 -0.084609 -0.139156 -0.084609  0.408248  0.000000 ) 
     freq (    3) =       6.800582 [THz] =     226.843009 [cm-1]
 ( -0.304583 -0.271838  0.304583  0.271838 -0.304583 -0.271838 ) 
 ( -0.408248 -0.000000  0.408248  0.000000 -0.408248  0.000000 ) 
     freq (    4) =      14.635792 [THz] =     488.197471 [cm-1]
 ( -0.304583 -0.271838  0.304583  0.271838 -0.304583 -0.271838 ) 
 (  0.408248  0.000000 -0.408248  0.000000  0.408248  0.000000 ) 
     freq (    5) =      14.907091 [THz] =     497.247039 [cm-1]
 ( -0.281000  0.394936 -0.333928  0.388214 -0.052928 -0.006722 ) 
 (  0.229000 -0.427194  0.282353 -0.427194  0.053353  0.000000 ) 
     freq (    6) =      14.907091 [THz] =     497.247039 [cm-1]
 ( -0.313684  0.000125  0.256614  0.072558  0.570298  0.072433 ) 
 (  0.311169 -0.039647 -0.263711 -0.039647 -0.574880  0.000000 ) 
 **************************************************************************
