Dynamical matrix file
                                                                           
  1    2  2 10.4100000  0.0000000  0.0000000  0.0000000  0.0000000  0.0000000
           1  'Si  '    25598.822984527003     
    1    1      0.0000000000      0.0000000000      0.0000000000
    2    1      0.2500000000      0.2500000000      0.2500000000

     Dynamical  Matrix in cartesian axes

     q = (    0.750000000  -0.250000000   0.750000000 ) 

    1    1
  0.24971671  0.00000000   -0.00449972  0.00747603    0.00120905  0.00000000
 -0.00449972 -0.00747603    0.30387451  0.00000000   -0.00449972 -0.00747603
  0.00120905  0.00000000   -0.00449972  0.00747603    0.24971671  0.00000000
    1    2
 -0.04888150  0.08099864   -0.03206777  0.03669764   -0.03831217 -0.12063384
 -0.03206777  0.03669764   -0.04749840  0.10010106   -0.03206777  0.03669764
 -0.03831217 -0.12063384   -0.03206777  0.03669764   -0.04888150  0.08099864
    2    1
 -0.04888150 -0.08099864   -0.03206777 -0.03669764   -0.03831217  0.12063384
 -0.03206777 -0.03669764   -0.04749840 -0.10010106   -0.03206777 -0.03669764
 -0.03831217  0.12063384   -0.03206777 -0.03669764   -0.04888150 -0.08099864
    2    2
  0.24971671  0.00000000   -0.00449972 -0.00747603    0.00120905  0.00000000
 -0.00449972  0.00747603    0.30387451  0.00000000   -0.00449972  0.00747603
  0.00120905  0.00000000   -0.00449972 -0.00747603    0.24971671  0.00000000

     Dynamical  Matrix in cartesian axes

     q = (    0.750000000  -0.250000000  -0.750000000 ) 

    1    1
  0.24971671  0.00000000   -0.00449972 -0.00747603   -0.00120905  0.00000000
 -0.00449972  0.00747603    0.30387451  0.00000000    0.00449972 -0.00747603
 -0.00120905  0.00000000    0.00449972  0.00747603    0.24971671  0.00000000
    1    2
 -0.08099864  0.04888150   -0.03669764  0.03206777   -0.12063384 -0.03831217
 -0.03669764  0.03206777   -0.10010106  0.04749840    0.03669764 -0.03206777
 -0.12063384 -0.03831217    0.03669764 -0.03206777   -0.08099864  0.04888150
    2    1
 -0.08099864 -0.04888150   -0.03669764 -0.03206777   -0.12063384  0.03831217
 -0.03669764 -0.03206777   -0.10010106 -0.04749840    0.03669764  0.03206777
 -0.12063384  0.03831217    0.03669764  0.03206777   -0.08099864 -0.04888150
    2    2
  0.24971671  0.00000000   -0.00449972  0.00747603   -0.00120905  0.00000000
 -0.00449972 -0.00747603    0.30387451  0.00000000    0.00449972  0.00747603
 -0.00120905  0.00000000    0.00449972 -0.00747603    0.24971671  0.00000000

     Dynamical  Matrix in cartesian axes

     q = (   -0.750000000  -0.250000000  -0.750000000 ) 

    1    1
  0.24971671  0.00000000    0.00449972 -0.00747603    0.00120905  0.00000000
  0.00449972  0.00747603    0.30387451  0.00000000    0.00449972  0.00747603
  0.00120905  0.00000000    0.00449972 -0.00747603    0.24971671  0.00000000
    1    2
  0.08099864  0.04888150   -0.03669764 -0.03206777   -0.12063384  0.03831217
 -0.03669764 -0.03206777    0.10010106  0.04749840   -0.03669764 -0.03206777
 -0.12063384  0.03831217   -0.03669764 -0.03206777    0.08099864  0.04888150
    2    1
  0.08099864 -0.04888150   -0.03669764  0.03206777   -0.12063384 -0.03831217
 -0.03669764  0.03206777    0.10010106 -0.04749840   -0.03669764  0.03206777
 -0.12063384 -0.03831217   -0.03669764  0.03206777    0.08099864 -0.04888150
    2    2
  0.24971671  0.00000000    0.00449972  0.00747603    0.00120905  0.00000000
  0.00449972 -0.00747603    0.30387451  0.00000000    0.00449972 -0.00747603
  0.00120905  0.00000000    0.00449972  0.00747603    0.24971671  0.00000000

     Dynamical  Matrix in cartesian axes

     q = (   -0.750000000  -0.250000000   0.750000000 ) 

    1    1
  0.24971671  0.00000000    0.00449972  0.00747603   -0.00120905  0.00000000
  0.00449972 -0.00747603    0.30387451  0.00000000   -0.00449972  0.00747603
 -0.00120905  0.00000000   -0.00449972 -0.00747603    0.24971671  0.00000000
    1    2
 -0.08099864  0.04888150    0.03669764 -0.03206777   -0.12063384 -0.03831217
  0.03669764 -0.03206777   -0.10010106  0.04749840   -0.03669764  0.03206777
 -0.12063384 -0.03831217   -0.03669764  0.03206777   -0.08099864  0.04888150
    2    1
 -0.08099864 -0.04888150    0.03669764  0.03206777   -0.12063384  0.03831217
  0.03669764  0.03206777   -0.10010106 -0.04749840   -0.03669764 -0.03206777
 -0.12063384  0.03831217   -0.03669764 -0.03206777   -0.08099864 -0.04888150
    2    2
  0.24971671  0.00000000    0.00449972 -0.00747603   -0.00120905  0.00000000
  0.00449972  0.00747603    0.30387451  0.00000000   -0.00449972 -0.00747603
 -0.00120905  0.00000000   -0.00449972  0.00747603    0.24971671  0.00000000

     Dynamical  Matrix in cartesian axes

     q = (   -0.750000000   0.250000000  -0.750000000 ) 

    1    1
  0.24971671  0.00000000   -0.00449972 -0.00747603    0.00120905  0.00000000
 -0.00449972  0.00747603    0.30387451  0.00000000   -0.00449972  0.00747603
  0.00120905  0.00000000   -0.00449972 -0.00747603    0.24971671  0.00000000
    1    2
 -0.04888150 -0.08099864   -0.03206777 -0.03669764   -0.03831217  0.12063384
 -0.03206777 -0.03669764   -0.04749840 -0.10010106   -0.03206777 -0.03669764
 -0.03831217  0.12063384   -0.03206777 -0.03669764   -0.04888150 -0.08099864
    2    1
 -0.04888150  0.08099864   -0.03206777  0.03669764   -0.03831217 -0.12063384
 -0.03206777  0.03669764   -0.04749840  0.10010106   -0.03206777  0.03669764
 -0.03831217 -0.12063384   -0.03206777  0.03669764   -0.04888150  0.08099864
    2    2
  0.24971671  0.00000000   -0.00449972  0.00747603    0.00120905  0.00000000
 -0.00449972 -0.00747603    0.30387451  0.00000000   -0.00449972 -0.00747603
  0.00120905  0.00000000   -0.00449972  0.00747603    0.24971671  0.00000000

     Dynamical  Matrix in cartesian axes

     q = (   -0.250000000   0.750000000  -0.750000000 ) 

    1    1
  0.30387451  0.00000000   -0.00449972  0.00747603    0.00449972 -0.00747603
 -0.00449972 -0.00747603    0.24971671  0.00000000   -0.00120905  0.00000000
  0.00449972  0.00747603   -0.00120905  0.00000000    0.24971671  0.00000000
    1    2
 -0.10010106  0.04749840   -0.03669764  0.03206777    0.03669764 -0.03206777
 -0.03669764  0.03206777   -0.08099864  0.04888150   -0.12063384 -0.03831217
  0.03669764 -0.03206777   -0.12063384 -0.03831217   -0.08099864  0.04888150
    2    1
 -0.10010106 -0.04749840   -0.03669764 -0.03206777    0.03669764  0.03206777
 -0.03669764 -0.03206777   -0.08099864 -0.04888150   -0.12063384  0.03831217
  0.03669764  0.03206777   -0.12063384  0.03831217   -0.08099864 -0.04888150
    2    2
  0.30387451  0.00000000   -0.00449972 -0.00747603    0.00449972  0.00747603
 -0.00449972  0.00747603    0.24971671  0.00000000   -0.00120905  0.00000000
  0.00449972 -0.00747603   -0.00120905  0.00000000    0.24971671  0.00000000

     Dynamical  Matrix in cartesian axes

     q = (   -0.750000000   0.750000000  -0.250000000 ) 

    1    1
  0.24971671  0.00000000   -0.00120905  0.00000000    0.00449972  0.00747603
 -0.00120905  0.00000000    0.24971671  0.00000000   -0.00449972 -0.00747603
  0.00449972 -0.00747603   -0.00449972  0.00747603    0.30387451  0.00000000
    1    2
 -0.08099864  0.04888150   -0.12063384 -0.03831217    0.03669764 -0.03206777
 -0.12063384 -0.03831217   -0.08099864  0.04888150   -0.03669764  0.03206777
  0.03669764 -0.03206777   -0.03669764  0.03206777   -0.10010106  0.04749840
    2    1
 -0.08099864 -0.04888150   -0.12063384  0.03831217    0.03669764  0.03206777
 -0.12063384  0.03831217   -0.08099864 -0.04888150   -0.03669764 -0.03206777
  0.03669764  0.03206777   -0.03669764 -0.03206777   -0.10010106 -0.04749840
    2    2
  0.24971671  0.00000000   -0.00120905  0.00000000    0.00449972 -0.00747603
 -0.00120905  0.00000000    0.24971671  0.00000000   -0.00449972  0.00747603
  0.00449972  0.00747603   -0.00449972 -0.00747603    0.30387451  0.00000000

     Dynamical  Matrix in cartesian axes

     q = (    0.750000000   0.250000000   0.750000000 ) 

    1    1
  0.24971671  0.00000000    0.00449972  0.00747603    0.00120905  0.00000000
  0.00449972 -0.00747603    0.30387451  0.00000000    0.00449972 -0.00747603
  0.00120905  0.00000000    0.00449972  0.00747603    0.24971671  0.00000000
    1    2
  0.08099864 -0.04888150   -0.03669764  0.03206777   -0.12063384 -0.03831217
 -0.03669764  0.03206777    0.10010106 -0.04749840   -0.03669764  0.03206777
 -0.12063384 -0.03831217   -0.03669764  0.03206777    0.08099864 -0.04888150
    2    1
  0.08099864  0.04888150   -0.03669764 -0.03206777   -0.12063384  0.03831217
 -0.03669764 -0.03206777    0.10010106  0.04749840   -0.03669764 -0.03206777
 -0.12063384  0.03831217   -0.03669764 -0.03206777    0.08099864  0.04888150
    2    2
  0.24971671  0.00000000    0.00449972 -0.00747603    0.00120905  0.00000000
  0.00449972  0.00747603    0.30387451  0.00000000    0.00449972  0.00747603
  0.00120905  0.00000000    0.00449972 -0.00747603    0.24971671  0.00000000

     Dynamical  Matrix in cartesian axes

     q = (   -0.750000000   0.250000000   0.750000000 ) 

    1    1
  0.24971671  0.00000000   -0.00449972  0.00747603   -0.00120905  0.00000000
 -0.00449972 -0.00747603    0.30387451  0.00000000    0.00449972  0.00747603
 -0.00120905  0.00000000    0.00449972 -0.00747603    0.24971671  0.00000000
    1    2
 -0.08099864 -0.04888150   -0.03669764 -0.03206777   -0.12063384  0.03831217
 -0.03669764 -0.03206777   -0.10010106 -0.04749840    0.03669764  0.03206777
 -0.12063384  0.03831217    0.03669764  0.03206777   -0.08099864 -0.04888150
    2    1
 -0.08099864  0.04888150   -0.03669764  0.03206777   -0.12063384 -0.03831217
 -0.03669764  0.03206777   -0.10010106  0.04749840    0.03669764 -0.03206777
 -0.12063384 -0.03831217    0.03669764 -0.03206777   -0.08099864  0.04888150
    2    2
  0.24971671  0.00000000   -0.00449972 -0.00747603   -0.00120905  0.00000000
 -0.00449972  0.00747603    0.30387451  0.00000000    0.00449972 -0.00747603
 -0.00120905  0.00000000    0.00449972  0.00747603    0.24971671  0.00000000

     Dynamical  Matrix in cartesian axes

     q = (    0.750000000   0.250000000  -0.750000000 ) 

    1    1
  0.24971671  0.00000000    0.00449972 -0.00747603   -0.00120905  0.00000000
  0.00449972  0.00747603    0.30387451  0.00000000   -0.00449972 -0.00747603
 -0.00120905  0.00000000   -0.00449972  0.00747603    0.24971671  0.00000000
    1    2
 -0.08099864 -0.04888150    0.03669764  0.03206777   -0.12063384  0.03831217
  0.03669764  0.03206777   -0.10010106 -0.04749840   -0.03669764 -0.03206777
 -0.12063384  0.03831217   -0.03669764 -0.03206777   -0.08099864 -0.04888150
    2    1
 -0.08099864  0.04888150    0.03669764 -0.03206777   -0.12063384 -0.03831217
  0.03669764 -0.03206777   -0.10010106  0.04749840   -0.03669764  0.03206777
 -0.12063384 -0.03831217   -0.03669764  0.03206777   -0.08099864  0.04888150
    2    2
  0.24971671  0.00000000    0.00449972  0.00747603   -0.00120905  0.00000000
  0.00449972 -0.00747603    0.30387451  0.00000000   -0.00449972  0.00747603
 -0.00120905  0.00000000   -0.00449972 -0.00747603    0.24971671  0.00000000

     Dynamical  Matrix in cartesian axes

     q = (   -0.750000000   0.750000000   0.250000000 ) 

    1    1
  0.24971671  0.00000000   -0.00120905  0.00000000   -0.00449972  0.00747603
 -0.00120905  0.00000000    0.24971671  0.00000000    0.00449972 -0.00747603
 -0.00449972 -0.00747603    0.00449972  0.00747603    0.30387451  0.00000000
    1    2
 -0.08099864 -0.04888150   -0.12063384  0.03831217   -0.03669764 -0.03206777
 -0.12063384  0.03831217   -0.08099864 -0.04888150    0.03669764  0.03206777
 -0.03669764 -0.03206777    0.03669764  0.03206777   -0.10010106 -0.04749840
    2    1
 -0.08099864  0.04888150   -0.12063384 -0.03831217   -0.03669764  0.03206777
 -0.12063384 -0.03831217   -0.08099864  0.04888150    0.03669764 -0.03206777
 -0.03669764  0.03206777    0.03669764 -0.03206777   -0.10010106  0.04749840
    2    2
  0.24971671  0.00000000   -0.00120905  0.00000000   -0.00449972 -0.00747603
 -0.00120905  0.00000000    0.24971671  0.00000000    0.00449972  0.00747603
 -0.00449972  0.00747603    0.00449972 -0.00747603    0.30387451  0.00000000

     Dynamical  Matrix in cartesian axes

     q = (   -0.250000000   0.750000000   0.750000000 ) 

    1    1
  0.30387451  0.00000000   -0.00449972 -0.00747603   -0.00449972 -0.00747603
 -0.00449972  0.00747603    0.24971671  0.00000000    0.00120905  0.00000000
 -0.00449972  0.00747603    0.00120905  0.00000000    0.24971671  0.00000000
    1    2
 -0.04749840  0.10010106   -0.03206777  0.03669764   -0.03206777  0.03669764
 -0.03206777  0.03669764   -0.04888150  0.08099864   -0.03831217 -0.12063384
 -0.03206777  0.03669764   -0.03831217 -0.12063384   -0.04888150  0.08099864
    2    1
 -0.04749840 -0.10010106   -0.03206777 -0.03669764   -0.03206777 -0.03669764
 -0.03206777 -0.03669764   -0.04888150 -0.08099864   -0.03831217  0.12063384
 -0.03206777 -0.03669764   -0.03831217  0.12063384   -0.04888150 -0.08099864
    2    2
  0.30387451  0.00000000   -0.00449972  0.00747603   -0.00449972  0.00747603
 -0.00449972 -0.00747603    0.24971671  0.00000000    0.00120905  0.00000000
 -0.00449972 -0.00747603    0.00120905  0.00000000    0.24971671  0.00000000

     Dynamical  Matrix in cartesian axes

     q = (    0.250000000   0.750000000  -0.750000000 ) 

    1    1
  0.30387451  0.00000000    0.00449972  0.00747603   -0.00449972 -0.00747603
  0.00449972 -0.00747603    0.24971671  0.00000000   -0.00120905  0.00000000
 -0.00449972  0.00747603   -0.00120905  0.00000000    0.24971671  0.00000000
    1    2
 -0.10010106 -0.04749840    0.03669764  0.03206777   -0.03669764 -0.03206777
  0.03669764  0.03206777   -0.08099864 -0.04888150   -0.12063384  0.03831217
 -0.03669764 -0.03206777   -0.12063384  0.03831217   -0.08099864 -0.04888150
    2    1
 -0.10010106  0.04749840    0.03669764 -0.03206777   -0.03669764  0.03206777
  0.03669764 -0.03206777   -0.08099864  0.04888150   -0.12063384 -0.03831217
 -0.03669764  0.03206777   -0.12063384 -0.03831217   -0.08099864  0.04888150
    2    2
  0.30387451  0.00000000    0.00449972 -0.00747603   -0.00449972  0.00747603
  0.00449972  0.00747603    0.24971671  0.00000000   -0.00120905  0.00000000
 -0.00449972 -0.00747603   -0.00120905  0.00000000    0.24971671  0.00000000

     Dynamical  Matrix in cartesian axes

     q = (   -0.250000000  -0.750000000  -0.750000000 ) 

    1    1
  0.30387451  0.00000000    0.00449972  0.00747603    0.00449972  0.00747603
  0.00449972 -0.00747603    0.24971671  0.00000000    0.00120905  0.00000000
  0.00449972 -0.00747603    0.00120905  0.00000000    0.24971671  0.00000000
    1    2
  0.10010106  0.04749840   -0.03669764 -0.03206777   -0.03669764 -0.03206777
 -0.03669764 -0.03206777    0.08099864  0.04888150   -0.12063384  0.03831217
 -0.03669764 -0.03206777   -0.12063384  0.03831217    0.08099864  0.04888150
    2    1
  0.10010106 -0.04749840   -0.03669764  0.03206777   -0.03669764  0.03206777
 -0.03669764  0.03206777    0.08099864 -0.04888150   -0.12063384 -0.03831217
 -0.03669764  0.03206777   -0.12063384 -0.03831217    0.08099864 -0.04888150
    2    2
  0.30387451  0.00000000    0.00449972 -0.00747603    0.00449972 -0.00747603
  0.00449972  0.00747603    0.24971671  0.00000000    0.00120905  0.00000000
  0.00449972  0.00747603    0.00120905  0.00000000    0.24971671  0.00000000

     Dynamical  Matrix in cartesian axes

     q = (    0.750000000   0.750000000  -0.250000000 ) 

    1    1
  0.24971671  0.00000000    0.00120905  0.00000000   -0.00449972  0.00747603
  0.00120905  0.00000000    0.24971671  0.00000000   -0.00449972  0.00747603
 -0.00449972 -0.00747603   -0.00449972 -0.00747603    0.30387451  0.00000000
    1    2
 -0.04888150  0.08099864   -0.03831217 -0.12063384   -0.03206777  0.03669764
 -0.03831217 -0.12063384   -0.04888150  0.08099864   -0.03206777  0.03669764
 -0.03206777  0.03669764   -0.03206777  0.03669764   -0.04749840  0.10010106
    2    1
 -0.04888150 -0.08099864   -0.03831217  0.12063384   -0.03206777 -0.03669764
 -0.03831217  0.12063384   -0.04888150 -0.08099864   -0.03206777 -0.03669764
 -0.03206777 -0.03669764   -0.03206777 -0.03669764   -0.04749840 -0.10010106
    2    2
  0.24971671  0.00000000    0.00120905  0.00000000   -0.00449972 -0.00747603
  0.00120905  0.00000000    0.24971671  0.00000000   -0.00449972 -0.00747603
 -0.00449972  0.00747603   -0.00449972  0.00747603    0.30387451  0.00000000

     Dynamical  Matrix in cartesian axes

     q = (    0.750000000  -0.750000000   0.250000000 ) 

    1    1
  0.24971671  0.00000000   -0.00120905  0.00000000    0.00449972 -0.00747603
 -0.00120905  0.00000000    0.24971671  0.00000000   -0.00449972  0.00747603
  0.00449972  0.00747603   -0.00449972 -0.00747603    0.30387451  0.00000000
    1    2
 -0.08099864 -0.04888150   -0.12063384  0.03831217    0.03669764  0.03206777
 -0.12063384  0.03831217   -0.08099864 -0.04888150   -0.03669764 -0.03206777
  0.03669764  0.03206777   -0.03669764 -0.03206777   -0.10010106 -0.04749840
    2    1
 -0.08099864  0.04888150   -0.12063384 -0.03831217    0.03669764 -0.03206777
 -0.12063384 -0.03831217   -0.08099864  0.04888150   -0.03669764  0.03206777
  0.03669764 -0.03206777   -0.03669764  0.03206777   -0.10010106  0.04749840
    2    2
  0.24971671  0.00000000   -0.00120905  0.00000000    0.00449972  0.00747603
 -0.00120905  0.00000000    0.24971671  0.00000000   -0.00449972 -0.00747603
  0.00449972 -0.00747603   -0.00449972  0.00747603    0.30387451  0.00000000

     Dynamical  Matrix in cartesian axes

     q = (   -0.750000000  -0.750000000  -0.250000000 ) 

    1    1
  0.24971671  0.00000000    0.00120905  0.00000000    0.00449972 -0.00747603
  0.00120905  0.00000000    0.24971671  0.00000000    0.00449972 -0.00747603
  0.00449972  0.00747603    0.00449972  0.00747603    0.30387451  0.00000000
    1    2
  0.08099864  0.04888150   -0.12063384  0.03831217   -0.03669764 -0.03206777
 -0.12063384  0.03831217    0.08099864  0.04888150   -0.03669764 -0.03206777
 -0.03669764 -0.03206777   -0.03669764 -0.03206777    0.10010106  0.04749840
    2    1
  0.08099864 -0.04888150   -0.12063384 -0.03831217   -0.03669764  0.03206777
 -0.12063384 -0.03831217    0.08099864 -0.04888150   -0.03669764  0.03206777
 -0.03669764  0.03206777   -0.03669764  0.03206777    0.10010106 -0.04749840
    2    2
  0.24971671  0.00000000    0.00120905  0.00000000    0.00449972  0.00747603
  0.00120905  0.00000000    0.24971671  0.00000000    0.00449972  0.00747603
  0.00449972 -0.00747603    0.00449972 -0.00747603    0.30387451  0.00000000

     Dynamical  Matrix in cartesian axes

     q = (    0.250000000  -0.750000000   0.750000000 ) 

    1    1
  0.30387451  0.00000000   -0.00449972 -0.00747603    0.00449972  0.00747603
 -0.00449972  0.00747603    0.24971671  0.00000000   -0.00120905  0.00000000
  0.00449972 -0.00747603   -0.00120905  0.00000000    0.24971671  0.00000000
    1    2
 -0.10010106 -0.04749840   -0.03669764 -0.03206777    0.03669764  0.03206777
 -0.03669764 -0.03206777   -0.08099864 -0.04888150   -0.12063384  0.03831217
  0.03669764  0.03206777   -0.12063384  0.03831217   -0.08099864 -0.04888150
    2    1
 -0.10010106  0.04749840   -0.03669764  0.03206777    0.03669764 -0.03206777
 -0.03669764  0.03206777   -0.08099864  0.04888150   -0.12063384 -0.03831217
  0.03669764 -0.03206777   -0.12063384 -0.03831217   -0.08099864  0.04888150
    2    2
  0.30387451  0.00000000   -0.00449972  0.00747603    0.00449972 -0.00747603
 -0.00449972 -0.00747603    0.24971671  0.00000000   -0.00120905  0.00000000
  0.00449972  0.00747603   -0.00120905  0.00000000    0.24971671  0.00000000

     Dynamical  Matrix in cartesian axes

     q = (   -0.750000000  -0.750000000   0.250000000 ) 

    1    1
  0.24971671  0.00000000    0.00120905  0.00000000   -0.00449972 -0.00747603
  0.00120905  0.00000000    0.24971671  0.00000000   -0.00449972 -0.00747603
 -0.00449972  0.00747603   -0.00449972  0.00747603    0.30387451  0.00000000
    1    2
 -0.04888150 -0.08099864   -0.03831217  0.12063384   -0.03206777 -0.03669764
 -0.03831217  0.12063384   -0.04888150 -0.08099864   -0.03206777 -0.03669764
 -0.03206777 -0.03669764   -0.03206777 -0.03669764   -0.04749840 -0.10010106
    2    1
 -0.04888150  0.08099864   -0.03831217 -0.12063384   -0.03206777  0.03669764
 -0.03831217 -0.12063384   -0.04888150  0.08099864   -0.03206777  0.03669764
 -0.03206777  0.03669764   -0.03206777  0.03669764   -0.04749840  0.10010106
    2    2
  0.24971671  0.00000000    0.00120905  0.00000000   -0.00449972  0.00747603
  0.00120905  0.00000000    0.24971671  0.00000000   -0.00449972  0.00747603
 -0.00449972 -0.00747603   -0.00449972 -0.00747603    0.30387451  0.00000000

     Dynamical  Matrix in cartesian axes

     q = (    0.250000000   0.750000000   0.750000000 ) 

    1    1
  0.30387451  0.00000000    0.00449972 -0.00747603    0.00449972 -0.00747603
  0.00449972  0.00747603    0.24971671  0.00000000    0.00120905  0.00000000
  0.00449972  0.00747603    0.00120905  0.00000000    0.24971671  0.00000000
    1    2
  0.10010106 -0.04749840   -0.03669764  0.03206777   -0.03669764  0.03206777
 -0.03669764  0.03206777    0.08099864 -0.04888150   -0.12063384 -0.03831217
 -0.03669764  0.03206777   -0.12063384 -0.03831217    0.08099864 -0.04888150
    2    1
  0.10010106  0.04749840   -0.03669764 -0.03206777   -0.03669764 -0.03206777
 -0.03669764 -0.03206777    0.08099864  0.04888150   -0.12063384  0.03831217
 -0.03669764 -0.03206777   -0.12063384  0.03831217    0.08099864  0.04888150
    2    2
  0.30387451  0.00000000    0.00449972  0.00747603    0.00449972  0.00747603
  0.00449972 -0.00747603    0.24971671  0.00000000    0.00120905  0.00000000
  0.00449972 -0.00747603    0.00120905  0.00000000    0.24971671  0.00000000

     Dynamical  Matrix in cartesian axes

     q = (   -0.250000000  -0.750000000   0.750000000 ) 

    1    1
  0.30387451  0.00000000    0.00449972 -0.00747603   -0.00449972  0.00747603
  0.00449972  0.00747603    0.24971671  0.00000000   -0.00120905  0.00000000
 -0.00449972 -0.00747603   -0.00120905  0.00000000    0.24971671  0.00000000
    1    2
 -0.10010106  0.04749840    0.03669764 -0.03206777   -0.03669764  0.03206777
  0.03669764 -0.03206777   -0.08099864  0.04888150   -0.12063384 -0.03831217
 -0.03669764  0.03206777   -0.12063384 -0.03831217   -0.08099864  0.04888150
    2    1
 -0.10010106 -0.04749840    0.03669764  0.03206777   -0.03669764 -0.03206777
  0.03669764  0.03206777   -0.08099864 -0.04888150   -0.12063384  0.03831217
 -0.03669764 -0.03206777   -0.12063384  0.03831217   -0.08099864 -0.04888150
    2    2
  0.30387451  0.00000000    0.00449972  0.00747603   -0.00449972 -0.00747603
  0.00449972 -0.00747603    0.24971671  0.00000000   -0.00120905  0.00000000
 -0.00449972  0.00747603   -0.00120905  0.00000000    0.24971671  0.00000000

     Dynamical  Matrix in cartesian axes

     q = (    0.750000000   0.750000000   0.250000000 ) 

    1    1
  0.24971671  0.00000000    0.00120905  0.00000000    0.00449972  0.00747603
  0.00120905  0.00000000    0.24971671  0.00000000    0.00449972  0.00747603
  0.00449972 -0.00747603    0.00449972 -0.00747603    0.30387451  0.00000000
    1    2
  0.08099864 -0.04888150   -0.12063384 -0.03831217   -0.03669764  0.03206777
 -0.12063384 -0.03831217    0.08099864 -0.04888150   -0.03669764  0.03206777
 -0.03669764  0.03206777   -0.03669764  0.03206777    0.10010106 -0.04749840
    2    1
  0.08099864  0.04888150   -0.12063384  0.03831217   -0.03669764 -0.03206777
 -0.12063384  0.03831217    0.08099864  0.04888150   -0.03669764 -0.03206777
 -0.03669764 -0.03206777   -0.03669764 -0.03206777    0.10010106  0.04749840
    2    2
  0.24971671  0.00000000    0.00120905  0.00000000    0.00449972 -0.00747603
  0.00120905  0.00000000    0.24971671  0.00000000    0.00449972 -0.00747603
  0.00449972  0.00747603    0.00449972  0.00747603    0.30387451  0.00000000

     Dynamical  Matrix in cartesian axes

     q = (    0.250000000  -0.750000000  -0.750000000 ) 

    1    1
  0.30387451  0.00000000   -0.00449972  0.00747603   -0.00449972  0.00747603
 -0.00449972 -0.00747603    0.24971671  0.00000000    0.00120905  0.00000000
 -0.00449972 -0.00747603    0.00120905  0.00000000    0.24971671  0.00000000
    1    2
 -0.04749840 -0.10010106   -0.03206777 -0.03669764   -0.03206777 -0.03669764
 -0.03206777 -0.03669764   -0.04888150 -0.08099864   -0.03831217  0.12063384
 -0.03206777 -0.03669764   -0.03831217  0.12063384   -0.04888150 -0.08099864
    2    1
 -0.04749840  0.10010106   -0.03206777  0.03669764   -0.03206777  0.03669764
 -0.03206777  0.03669764   -0.04888150  0.08099864   -0.03831217 -0.12063384
 -0.03206777  0.03669764   -0.03831217 -0.12063384   -0.04888150  0.08099864
    2    2
  0.30387451  0.00000000   -0.00449972 -0.00747603   -0.00449972 -0.00747603
 -0.00449972  0.00747603    0.24971671  0.00000000    0.00120905  0.00000000
 -0.00449972  0.00747603    0.00120905  0.00000000    0.24971671  0.00000000

     Dynamical  Matrix in cartesian axes

     q = (    0.750000000  -0.750000000  -0.250000000 ) 

    1    1
  0.24971671  0.00000000   -0.00120905  0.00000000   -0.00449972 -0.00747603
 -0.00120905  0.00000000    0.24971671  0.00000000    0.00449972  0.00747603
 -0.00449972  0.00747603    0.00449972 -0.00747603    0.30387451  0.00000000
    1    2
 -0.08099864  0.04888150   -0.12063384 -0.03831217   -0.03669764  0.03206777
 -0.12063384 -0.03831217   -0.08099864  0.04888150    0.03669764 -0.03206777
 -0.03669764  0.03206777    0.03669764 -0.03206777   -0.10010106  0.04749840
    2    1
 -0.08099864 -0.04888150   -0.12063384  0.03831217   -0.03669764 -0.03206777
 -0.12063384  0.03831217   -0.08099864 -0.04888150    0.03669764  0.03206777
 -0.03669764 -0.03206777    0.03669764  0.03206777   -0.10010106 -0.04749840
    2    2
  0.24971671  0.00000000   -0.00120905  0.00000000   -0.00449972  0.00747603
 -0.00120905  0.00000000    0.24971671  0.00000000    0.00449972 -0.00747603
 -0.00449972 -0.00747603    0.00449972  0.00747603    0.30387451  0.00000000

     Diagonalizing the dynamical matrix

     q = (    0.750000000  -0.250000000   0.750000000 ) 

 **************************************************************************
     freq (    1) =       4.438644 [THz] =     148.057243 [cm-1]
 (  0.026173 -0.499314 -0.000000 -0.000000 -0.026173  0.499314 ) 
 (  0.500000 -0.000000 -0.000000 -0.000000 -0.500000  0.000000 ) 
     freq (    2) =       6.823375 [THz] =     227.603302 [cm-1]
 ( -0.392876 -0.062363 -0.367652  0.219889 -0.392876 -0.062363 ) 
 ( -0.397794  0.000000 -0.328634 -0.274808 -0.397794  0.000000 ) 
     freq (    3) =       9.621509 [THz] =     320.939008 [cm-1]
 (  0.033307  0.337190 -0.476958 -0.207119  0.033307  0.337190 ) 
 (  0.338831 -0.000000 -0.253001 -0.454288  0.338831  0.000000 ) 
     freq (    4) =      11.727603 [THz] =     391.190736 [cm-1]
 ( -0.252493 -0.305578  0.384070  0.195523 -0.252493 -0.305578 ) 
 (  0.396397 -0.000000 -0.395368 -0.171533  0.396397  0.000000 ) 
     freq (    5) =      13.799788 [THz] =     460.311369 [cm-1]
 ( -0.026173  0.499314 -0.000000  0.000000  0.026173 -0.499314 ) 
 (  0.500000 -0.000000  0.000000  0.000000 -0.500000  0.000000 ) 
     freq (    6) =      13.873184 [THz] =     462.759617 [cm-1]
 ( -0.255381 -0.067848 -0.518037  0.303302 -0.255381 -0.067848 ) 
 (  0.264240 -0.000000  0.422792  0.426147  0.264240  0.000000 ) 
 **************************************************************************
