Dynamical matrix file
                                                                           
  1    2  2 10.3403000  0.0000000  0.0000000  0.0000000  0.0000000  0.0000000
           1  'Si  '    25598.822984527003     
    1    1      0.0000000000      0.0000000000      0.0000000000
    2    1      0.2500000000      0.2500000000      0.2500000000

     Dynamical  Matrix in cartesian axes

     q = (   -0.250000000   0.250000000  -0.250000000 ) 

    1    1
  0.28160722  0.00000000   -0.01079800  0.00000000    0.01079800  0.00000000
 -0.01079800  0.00000000    0.28160722  0.00000000   -0.01079800  0.00000000
  0.01079800  0.00000000   -0.01079800  0.00000000    0.28160722  0.00000000
    1    2
 -0.20586087 -0.06079106   -0.03651228  0.03728772    0.03651228 -0.03728772
 -0.03651228  0.03728772   -0.20586087 -0.06079106   -0.03651228  0.03728772
  0.03651228 -0.03728772   -0.03651228  0.03728772   -0.20586087 -0.06079106
    2    1
 -0.20586087  0.06079106   -0.03651228 -0.03728772    0.03651228  0.03728772
 -0.03651228 -0.03728772   -0.20586087  0.06079106   -0.03651228 -0.03728772
  0.03651228  0.03728772   -0.03651228 -0.03728772   -0.20586087  0.06079106
    2    2
  0.28160722  0.00000000   -0.01079800  0.00000000    0.01079800  0.00000000
 -0.01079800  0.00000000    0.28160722  0.00000000   -0.01079800  0.00000000
  0.01079800  0.00000000   -0.01079800  0.00000000    0.28160722  0.00000000

     Dynamical  Matrix in cartesian axes

     q = (    0.250000000  -0.250000000  -0.250000000 ) 

    1    1
  0.28160722  0.00000000   -0.01079800  0.00000000   -0.01079800  0.00000000
 -0.01079800  0.00000000    0.28160722  0.00000000    0.01079800  0.00000000
 -0.01079800  0.00000000    0.01079800  0.00000000    0.28160722  0.00000000
    1    2
 -0.20586087 -0.06079106   -0.03651228  0.03728772   -0.03651228  0.03728772
 -0.03651228  0.03728772   -0.20586087 -0.06079106    0.03651228 -0.03728772
 -0.03651228  0.03728772    0.03651228 -0.03728772   -0.20586087 -0.06079106
    2    1
 -0.20586087  0.06079106   -0.03651228 -0.03728772   -0.03651228 -0.03728772
 -0.03651228 -0.03728772   -0.20586087  0.06079106    0.03651228  0.03728772
 -0.03651228 -0.03728772    0.03651228  0.03728772   -0.20586087  0.06079106
    2    2
  0.28160722  0.00000000   -0.01079800  0.00000000   -0.01079800  0.00000000
 -0.01079800  0.00000000    0.28160722  0.00000000    0.01079800  0.00000000
 -0.01079800  0.00000000    0.01079800  0.00000000    0.28160722  0.00000000

     Dynamical  Matrix in cartesian axes

     q = (    0.250000000  -0.250000000   0.250000000 ) 

    1    1
  0.28160722  0.00000000   -0.01079800  0.00000000    0.01079800  0.00000000
 -0.01079800  0.00000000    0.28160722  0.00000000   -0.01079800  0.00000000
  0.01079800  0.00000000   -0.01079800  0.00000000    0.28160722  0.00000000
    1    2
 -0.20586087  0.06079106   -0.03651228 -0.03728772    0.03651228  0.03728772
 -0.03651228 -0.03728772   -0.20586087  0.06079106   -0.03651228 -0.03728772
  0.03651228  0.03728772   -0.03651228 -0.03728772   -0.20586087  0.06079106
    2    1
 -0.20586087 -0.06079106   -0.03651228  0.03728772    0.03651228 -0.03728772
 -0.03651228  0.03728772   -0.20586087 -0.06079106   -0.03651228  0.03728772
  0.03651228 -0.03728772   -0.03651228  0.03728772   -0.20586087 -0.06079106
    2    2
  0.28160722  0.00000000   -0.01079800  0.00000000    0.01079800  0.00000000
 -0.01079800  0.00000000    0.28160722  0.00000000   -0.01079800  0.00000000
  0.01079800  0.00000000   -0.01079800  0.00000000    0.28160722  0.00000000

     Dynamical  Matrix in cartesian axes

     q = (    0.250000000   0.250000000   0.250000000 ) 

    1    1
  0.28160722  0.00000000    0.01079800  0.00000000    0.01079800  0.00000000
  0.01079800  0.00000000    0.28160722  0.00000000    0.01079800  0.00000000
  0.01079800  0.00000000    0.01079800  0.00000000    0.28160722  0.00000000
    1    2
 -0.06079106  0.20586087   -0.03728772 -0.03651228   -0.03728772 -0.03651228
 -0.03728772 -0.03651228   -0.06079106  0.20586087   -0.03728772 -0.03651228
 -0.03728772 -0.03651228   -0.03728772 -0.03651228   -0.06079106  0.20586087
    2    1
 -0.06079106 -0.20586087   -0.03728772  0.03651228   -0.03728772  0.03651228
 -0.03728772  0.03651228   -0.06079106 -0.20586087   -0.03728772  0.03651228
 -0.03728772  0.03651228   -0.03728772  0.03651228   -0.06079106 -0.20586087
    2    2
  0.28160722  0.00000000    0.01079800  0.00000000    0.01079800  0.00000000
  0.01079800  0.00000000    0.28160722  0.00000000    0.01079800  0.00000000
  0.01079800  0.00000000    0.01079800  0.00000000    0.28160722  0.00000000

     Dynamical  Matrix in cartesian axes

     q = (   -0.250000000  -0.250000000  -0.250000000 ) 

    1    1
  0.28160722  0.00000000    0.01079800  0.00000000    0.01079800  0.00000000
  0.01079800  0.00000000    0.28160722  0.00000000    0.01079800  0.00000000
  0.01079800  0.00000000    0.01079800  0.00000000    0.28160722  0.00000000
    1    2
 -0.06079106 -0.20586087   -0.03728772  0.03651228   -0.03728772  0.03651228
 -0.03728772  0.03651228   -0.06079106 -0.20586087   -0.03728772  0.03651228
 -0.03728772  0.03651228   -0.03728772  0.03651228   -0.06079106 -0.20586087
    2    1
 -0.06079106  0.20586087   -0.03728772 -0.03651228   -0.03728772 -0.03651228
 -0.03728772 -0.03651228   -0.06079106  0.20586087   -0.03728772 -0.03651228
 -0.03728772 -0.03651228   -0.03728772 -0.03651228   -0.06079106  0.20586087
    2    2
  0.28160722  0.00000000    0.01079800  0.00000000    0.01079800  0.00000000
  0.01079800  0.00000000    0.28160722  0.00000000    0.01079800  0.00000000
  0.01079800  0.00000000    0.01079800  0.00000000    0.28160722  0.00000000

     Dynamical  Matrix in cartesian axes

     q = (   -0.250000000  -0.250000000   0.250000000 ) 

    1    1
  0.28160722  0.00000000    0.01079800  0.00000000   -0.01079800  0.00000000
  0.01079800  0.00000000    0.28160722  0.00000000   -0.01079800  0.00000000
 -0.01079800  0.00000000   -0.01079800  0.00000000    0.28160722  0.00000000
    1    2
 -0.20586087 -0.06079106    0.03651228 -0.03728772   -0.03651228  0.03728772
  0.03651228 -0.03728772   -0.20586087 -0.06079106   -0.03651228  0.03728772
 -0.03651228  0.03728772   -0.03651228  0.03728772   -0.20586087 -0.06079106
    2    1
 -0.20586087  0.06079106    0.03651228  0.03728772   -0.03651228 -0.03728772
  0.03651228  0.03728772   -0.20586087  0.06079106   -0.03651228 -0.03728772
 -0.03651228 -0.03728772   -0.03651228 -0.03728772   -0.20586087  0.06079106
    2    2
  0.28160722  0.00000000    0.01079800  0.00000000   -0.01079800  0.00000000
  0.01079800  0.00000000    0.28160722  0.00000000   -0.01079800  0.00000000
 -0.01079800  0.00000000   -0.01079800  0.00000000    0.28160722  0.00000000

     Dynamical  Matrix in cartesian axes

     q = (   -0.250000000   0.250000000   0.250000000 ) 

    1    1
  0.28160722  0.00000000   -0.01079800  0.00000000   -0.01079800  0.00000000
 -0.01079800  0.00000000    0.28160722  0.00000000    0.01079800  0.00000000
 -0.01079800  0.00000000    0.01079800  0.00000000    0.28160722  0.00000000
    1    2
 -0.20586087  0.06079106   -0.03651228 -0.03728772   -0.03651228 -0.03728772
 -0.03651228 -0.03728772   -0.20586087  0.06079106    0.03651228  0.03728772
 -0.03651228 -0.03728772    0.03651228  0.03728772   -0.20586087  0.06079106
    2    1
 -0.20586087 -0.06079106   -0.03651228  0.03728772   -0.03651228  0.03728772
 -0.03651228  0.03728772   -0.20586087 -0.06079106    0.03651228 -0.03728772
 -0.03651228  0.03728772    0.03651228 -0.03728772   -0.20586087 -0.06079106
    2    2
  0.28160722  0.00000000   -0.01079800  0.00000000   -0.01079800  0.00000000
 -0.01079800  0.00000000    0.28160722  0.00000000    0.01079800  0.00000000
 -0.01079800  0.00000000    0.01079800  0.00000000    0.28160722  0.00000000

     Dynamical  Matrix in cartesian axes

     q = (    0.250000000   0.250000000  -0.250000000 ) 

    1    1
  0.28160722  0.00000000    0.01079800  0.00000000   -0.01079800  0.00000000
  0.01079800  0.00000000    0.28160722  0.00000000   -0.01079800  0.00000000
 -0.01079800  0.00000000   -0.01079800  0.00000000    0.28160722  0.00000000
    1    2
 -0.20586087  0.06079106    0.03651228  0.03728772   -0.03651228 -0.03728772
  0.03651228  0.03728772   -0.20586087  0.06079106   -0.03651228 -0.03728772
 -0.03651228 -0.03728772   -0.03651228 -0.03728772   -0.20586087  0.06079106
    2    1
 -0.20586087 -0.06079106    0.03651228 -0.03728772   -0.03651228  0.03728772
  0.03651228 -0.03728772   -0.20586087 -0.06079106   -0.03651228  0.03728772
 -0.03651228  0.03728772   -0.03651228  0.03728772   -0.20586087 -0.06079106
    2    2
  0.28160722  0.00000000    0.01079800  0.00000000   -0.01079800  0.00000000
  0.01079800  0.00000000    0.28160722  0.00000000   -0.01079800  0.00000000
 -0.01079800  0.00000000   -0.01079800  0.00000000    0.28160722  0.00000000

     Diagonalizing the dynamical matrix

     q = (   -0.250000000   0.250000000  -0.250000000 ) 

 **************************************************************************
     freq (    1) =       3.397345 [THz] =     113.323244 [cm-1]
 ( -0.259476 -0.023497  0.314294  0.032142  0.573769  0.055639 ) 
 ( -0.260532  0.001657  0.315929  0.001657  0.576461 -0.000000 ) 
     freq (    2) =       3.397345 [THz] =     113.323244 [cm-1]
 ( -0.509080 -0.079316 -0.477189 -0.076223  0.031891  0.003093 ) 
 ( -0.514359 -0.029810 -0.482318 -0.029810  0.032040  0.000000 ) 
     freq (    3) =       6.928710 [THz] =     231.116901 [cm-1]
 (  0.285939  0.291385 -0.285939 -0.291385  0.285939  0.291385 ) 
 (  0.408248  0.000000 -0.408248  0.000000  0.408248  0.000000 ) 
     freq (    4) =      14.435329 [THz] =     481.510746 [cm-1]
 (  0.285939  0.291385 -0.285939 -0.291385  0.285939  0.291385 ) 
 ( -0.408248 -0.000000  0.408248  0.000000 -0.408248  0.000000 ) 
     freq (    5) =      14.746245 [THz] =     491.881784 [cm-1]
 ( -0.287882 -0.028165  0.286773  0.027560  0.574654  0.055725 ) 
 (  0.289256  0.000248 -0.288094  0.000248 -0.577350  0.000000 ) 
     freq (    6) =      14.746245 [THz] =     491.881784 [cm-1]
 ( -0.438495 -0.239555 -0.439221 -0.239626 -0.000726 -0.000070 ) 
 (  0.459569  0.196114  0.460298  0.196114  0.000730  0.000000 ) 
 **************************************************************************
