Dynamical matrix file
                                                                           
  1    2  2 10.3403000  0.0000000  0.0000000  0.0000000  0.0000000  0.0000000
           1  'Si  '    25598.822984527003     
    1    1      0.0000000000      0.0000000000      0.0000000000
    2    1      0.2500000000      0.2500000000      0.2500000000

     Dynamical  Matrix in cartesian axes

     q = (    0.750000000  -0.250000000   0.750000000 ) 

    1    1
  0.24411918 -0.00000000   -0.00471565  0.00741335    0.00142093 -0.00000000
 -0.00471565 -0.00741335    0.29995653  0.00000000   -0.00471565 -0.00741335
  0.00142093 -0.00000000   -0.00471565  0.00741335    0.24411918 -0.00000000
    1    2
 -0.05807844  0.06767314   -0.03626135  0.04032548   -0.04110055 -0.13077716
 -0.03626135  0.04032548   -0.05661242  0.08684794   -0.03626135  0.04032548
 -0.04110055 -0.13077716   -0.03626135  0.04032548   -0.05807844  0.06767314
    2    1
 -0.05807844 -0.06767314   -0.03626135 -0.04032548   -0.04110055  0.13077716
 -0.03626135 -0.04032548   -0.05661242 -0.08684794   -0.03626135 -0.04032548
 -0.04110055  0.13077716   -0.03626135 -0.04032548   -0.05807844 -0.06767314
    2    2
  0.24411918  0.00000000   -0.00471565 -0.00741335    0.00142093  0.00000000
 -0.00471565  0.00741335    0.29995653 -0.00000000   -0.00471565  0.00741335
  0.00142093  0.00000000   -0.00471565 -0.00741335    0.24411918  0.00000000

     Dynamical  Matrix in cartesian axes

     q = (    0.750000000  -0.250000000  -0.750000000 ) 

    1    1
  0.24411918  0.00000000   -0.00471565 -0.00741335   -0.00142093 -0.00000000
 -0.00471565  0.00741335    0.29995653 -0.00000000    0.00471565 -0.00741335
 -0.00142093 -0.00000000    0.00471565  0.00741335    0.24411918  0.00000000
    1    2
 -0.06767314  0.05807844   -0.04032548  0.03626135   -0.13077716 -0.04110055
 -0.04032548  0.03626135   -0.08684794  0.05661242    0.04032548 -0.03626135
 -0.13077716 -0.04110055    0.04032548 -0.03626135   -0.06767314  0.05807844
    2    1
 -0.06767314 -0.05807844   -0.04032548 -0.03626135   -0.13077716  0.04110055
 -0.04032548 -0.03626135   -0.08684794 -0.05661242    0.04032548  0.03626135
 -0.13077716  0.04110055    0.04032548  0.03626135   -0.06767314 -0.05807844
    2    2
  0.24411918 -0.00000000   -0.00471565  0.00741335   -0.00142093  0.00000000
 -0.00471565 -0.00741335    0.29995653  0.00000000    0.00471565  0.00741335
 -0.00142093  0.00000000    0.00471565 -0.00741335    0.24411918 -0.00000000

     Dynamical  Matrix in cartesian axes

     q = (   -0.750000000  -0.250000000  -0.750000000 ) 

    1    1
  0.24411918 -0.00000000    0.00471565 -0.00741335    0.00142093 -0.00000000
  0.00471565  0.00741335    0.29995653  0.00000000    0.00471565  0.00741335
  0.00142093 -0.00000000    0.00471565 -0.00741335    0.24411918 -0.00000000
    1    2
  0.06767314  0.05807844   -0.04032548 -0.03626135   -0.13077716  0.04110055
 -0.04032548 -0.03626135    0.08684794  0.05661242   -0.04032548 -0.03626135
 -0.13077716  0.04110055   -0.04032548 -0.03626135    0.06767314  0.05807844
    2    1
  0.06767314 -0.05807844   -0.04032548  0.03626135   -0.13077716 -0.04110055
 -0.04032548  0.03626135    0.08684794 -0.05661242   -0.04032548  0.03626135
 -0.13077716 -0.04110055   -0.04032548  0.03626135    0.06767314 -0.05807844
    2    2
  0.24411918  0.00000000    0.00471565  0.00741335    0.00142093  0.00000000
  0.00471565 -0.00741335    0.29995653 -0.00000000    0.00471565 -0.00741335
  0.00142093  0.00000000    0.00471565  0.00741335    0.24411918  0.00000000

     Dynamical  Matrix in cartesian axes

     q = (   -0.750000000  -0.250000000   0.750000000 ) 

    1    1
  0.24411918  0.00000000    0.00471565  0.00741335   -0.00142093 -0.00000000
  0.00471565 -0.00741335    0.29995653 -0.00000000   -0.00471565  0.00741335
 -0.00142093 -0.00000000   -0.00471565 -0.00741335    0.24411918  0.00000000
    1    2
 -0.06767314  0.05807844    0.04032548 -0.03626135   -0.13077716 -0.04110055
  0.04032548 -0.03626135   -0.08684794  0.05661242   -0.04032548  0.03626135
 -0.13077716 -0.04110055   -0.04032548  0.03626135   -0.06767314  0.05807844
    2    1
 -0.06767314 -0.05807844    0.04032548  0.03626135   -0.13077716  0.04110055
  0.04032548  0.03626135   -0.08684794 -0.05661242   -0.04032548 -0.03626135
 -0.13077716  0.04110055   -0.04032548 -0.03626135   -0.06767314 -0.05807844
    2    2
  0.24411918 -0.00000000    0.00471565 -0.00741335   -0.00142093  0.00000000
  0.00471565  0.00741335    0.29995653  0.00000000   -0.00471565 -0.00741335
 -0.00142093  0.00000000   -0.00471565  0.00741335    0.24411918 -0.00000000

     Dynamical  Matrix in cartesian axes

     q = (   -0.750000000   0.250000000  -0.750000000 ) 

    1    1
  0.24411918  0.00000000   -0.00471565 -0.00741335    0.00142093  0.00000000
 -0.00471565  0.00741335    0.29995653 -0.00000000   -0.00471565  0.00741335
  0.00142093  0.00000000   -0.00471565 -0.00741335    0.24411918  0.00000000
    1    2
 -0.05807844 -0.06767314   -0.03626135 -0.04032548   -0.04110055  0.13077716
 -0.03626135 -0.04032548   -0.05661242 -0.08684794   -0.03626135 -0.04032548
 -0.04110055  0.13077716   -0.03626135 -0.04032548   -0.05807844 -0.06767314
    2    1
 -0.05807844  0.06767314   -0.03626135  0.04032548   -0.04110055 -0.13077716
 -0.03626135  0.04032548   -0.05661242  0.08684794   -0.03626135  0.04032548
 -0.04110055 -0.13077716   -0.03626135  0.04032548   -0.05807844  0.06767314
    2    2
  0.24411918 -0.00000000   -0.00471565  0.00741335    0.00142093 -0.00000000
 -0.00471565 -0.00741335    0.29995653  0.00000000   -0.00471565 -0.00741335
  0.00142093 -0.00000000   -0.00471565  0.00741335    0.24411918 -0.00000000

     Dynamical  Matrix in cartesian axes

     q = (   -0.250000000   0.750000000  -0.750000000 ) 

    1    1
  0.29995653 -0.00000000   -0.00471565  0.00741335    0.00471565 -0.00741335
 -0.00471565 -0.00741335    0.24411918  0.00000000   -0.00142093 -0.00000000
  0.00471565  0.00741335   -0.00142093 -0.00000000    0.24411918  0.00000000
    1    2
 -0.08684794  0.05661242   -0.04032548  0.03626135    0.04032548 -0.03626135
 -0.04032548  0.03626135   -0.06767314  0.05807844   -0.13077716 -0.04110055
  0.04032548 -0.03626135   -0.13077716 -0.04110055   -0.06767314  0.05807844
    2    1
 -0.08684794 -0.05661242   -0.04032548 -0.03626135    0.04032548  0.03626135
 -0.04032548 -0.03626135   -0.06767314 -0.05807844   -0.13077716  0.04110055
  0.04032548  0.03626135   -0.13077716  0.04110055   -0.06767314 -0.05807844
    2    2
  0.29995653  0.00000000   -0.00471565 -0.00741335    0.00471565  0.00741335
 -0.00471565  0.00741335    0.24411918 -0.00000000   -0.00142093  0.00000000
  0.00471565 -0.00741335   -0.00142093  0.00000000    0.24411918 -0.00000000

     Dynamical  Matrix in cartesian axes

     q = (   -0.750000000   0.750000000  -0.250000000 ) 

    1    1
  0.24411918  0.00000000   -0.00142093 -0.00000000    0.00471565  0.00741335
 -0.00142093 -0.00000000    0.24411918  0.00000000   -0.00471565 -0.00741335
  0.00471565 -0.00741335   -0.00471565  0.00741335    0.29995653 -0.00000000
    1    2
 -0.06767314  0.05807844   -0.13077716 -0.04110055    0.04032548 -0.03626135
 -0.13077716 -0.04110055   -0.06767314  0.05807844   -0.04032548  0.03626135
  0.04032548 -0.03626135   -0.04032548  0.03626135   -0.08684794  0.05661242
    2    1
 -0.06767314 -0.05807844   -0.13077716  0.04110055    0.04032548  0.03626135
 -0.13077716  0.04110055   -0.06767314 -0.05807844   -0.04032548 -0.03626135
  0.04032548  0.03626135   -0.04032548 -0.03626135   -0.08684794 -0.05661242
    2    2
  0.24411918 -0.00000000   -0.00142093  0.00000000    0.00471565 -0.00741335
 -0.00142093  0.00000000    0.24411918 -0.00000000   -0.00471565  0.00741335
  0.00471565  0.00741335   -0.00471565 -0.00741335    0.29995653  0.00000000

     Dynamical  Matrix in cartesian axes

     q = (    0.750000000   0.250000000   0.750000000 ) 

    1    1
  0.24411918  0.00000000    0.00471565  0.00741335    0.00142093  0.00000000
  0.00471565 -0.00741335    0.29995653 -0.00000000    0.00471565 -0.00741335
  0.00142093  0.00000000    0.00471565  0.00741335    0.24411918  0.00000000
    1    2
  0.06767314 -0.05807844   -0.04032548  0.03626135   -0.13077716 -0.04110055
 -0.04032548  0.03626135    0.08684794 -0.05661242   -0.04032548  0.03626135
 -0.13077716 -0.04110055   -0.04032548  0.03626135    0.06767314 -0.05807844
    2    1
  0.06767314  0.05807844   -0.04032548 -0.03626135   -0.13077716  0.04110055
 -0.04032548 -0.03626135    0.08684794  0.05661242   -0.04032548 -0.03626135
 -0.13077716  0.04110055   -0.04032548 -0.03626135    0.06767314  0.05807844
    2    2
  0.24411918 -0.00000000    0.00471565 -0.00741335    0.00142093 -0.00000000
  0.00471565  0.00741335    0.29995653  0.00000000    0.00471565  0.00741335
  0.00142093 -0.00000000    0.00471565 -0.00741335    0.24411918 -0.00000000

     Dynamical  Matrix in cartesian axes

     q = (   -0.750000000   0.250000000   0.750000000 ) 

    1    1
  0.24411918 -0.00000000   -0.00471565  0.00741335   -0.00142093  0.00000000
 -0.00471565 -0.00741335    0.29995653  0.00000000    0.00471565  0.00741335
 -0.00142093  0.00000000    0.00471565 -0.00741335    0.24411918 -0.00000000
    1    2
 -0.06767314 -0.05807844   -0.04032548 -0.03626135   -0.13077716  0.04110055
 -0.04032548 -0.03626135   -0.08684794 -0.05661242    0.04032548  0.03626135
 -0.13077716  0.04110055    0.04032548  0.03626135   -0.06767314 -0.05807844
    2    1
 -0.06767314  0.05807844   -0.04032548  0.03626135   -0.13077716 -0.04110055
 -0.04032548  0.03626135   -0.08684794  0.05661242    0.04032548 -0.03626135
 -0.13077716 -0.04110055    0.04032548 -0.03626135   -0.06767314  0.05807844
    2    2
  0.24411918  0.00000000   -0.00471565 -0.00741335   -0.00142093 -0.00000000
 -0.00471565  0.00741335    0.29995653 -0.00000000    0.00471565 -0.00741335
 -0.00142093 -0.00000000    0.00471565  0.00741335    0.24411918  0.00000000

     Dynamical  Matrix in cartesian axes

     q = (    0.750000000   0.250000000  -0.750000000 ) 

    1    1
  0.24411918 -0.00000000    0.00471565 -0.00741335   -0.00142093  0.00000000
  0.00471565  0.00741335    0.29995653  0.00000000   -0.00471565 -0.00741335
 -0.00142093  0.00000000   -0.00471565  0.00741335    0.24411918 -0.00000000
    1    2
 -0.06767314 -0.05807844    0.04032548  0.03626135   -0.13077716  0.04110055
  0.04032548  0.03626135   -0.08684794 -0.05661242   -0.04032548 -0.03626135
 -0.13077716  0.04110055   -0.04032548 -0.03626135   -0.06767314 -0.05807844
    2    1
 -0.06767314  0.05807844    0.04032548 -0.03626135   -0.13077716 -0.04110055
  0.04032548 -0.03626135   -0.08684794  0.05661242   -0.04032548  0.03626135
 -0.13077716 -0.04110055   -0.04032548  0.03626135   -0.06767314  0.05807844
    2    2
  0.24411918  0.00000000    0.00471565  0.00741335   -0.00142093 -0.00000000
  0.00471565 -0.00741335    0.29995653 -0.00000000   -0.00471565  0.00741335
 -0.00142093 -0.00000000   -0.00471565 -0.00741335    0.24411918  0.00000000

     Dynamical  Matrix in cartesian axes

     q = (   -0.750000000   0.750000000   0.250000000 ) 

    1    1
  0.24411918 -0.00000000   -0.00142093  0.00000000   -0.00471565  0.00741335
 -0.00142093  0.00000000    0.24411918 -0.00000000    0.00471565 -0.00741335
 -0.00471565 -0.00741335    0.00471565  0.00741335    0.29995653  0.00000000
    1    2
 -0.06767314 -0.05807844   -0.13077716  0.04110055   -0.04032548 -0.03626135
 -0.13077716  0.04110055   -0.06767314 -0.05807844    0.04032548  0.03626135
 -0.04032548 -0.03626135    0.04032548  0.03626135   -0.08684794 -0.05661242
    2    1
 -0.06767314  0.05807844   -0.13077716 -0.04110055   -0.04032548  0.03626135
 -0.13077716 -0.04110055   -0.06767314  0.05807844    0.04032548 -0.03626135
 -0.04032548  0.03626135    0.04032548 -0.03626135   -0.08684794  0.05661242
    2    2
  0.24411918  0.00000000   -0.00142093 -0.00000000   -0.00471565 -0.00741335
 -0.00142093 -0.00000000    0.24411918  0.00000000    0.00471565  0.00741335
 -0.00471565  0.00741335    0.00471565 -0.00741335    0.29995653 -0.00000000

     Dynamical  Matrix in cartesian axes

     q = (   -0.250000000   0.750000000   0.750000000 ) 

    1    1
  0.29995653  0.00000000   -0.00471565 -0.00741335   -0.00471565 -0.00741335
 -0.00471565  0.00741335    0.24411918 -0.00000000    0.00142093 -0.00000000
 -0.00471565  0.00741335    0.00142093 -0.00000000    0.24411918 -0.00000000
    1    2
 -0.05661242  0.08684794   -0.03626135  0.04032548   -0.03626135  0.04032548
 -0.03626135  0.04032548   -0.05807844  0.06767314   -0.04110055 -0.13077716
 -0.03626135  0.04032548   -0.04110055 -0.13077716   -0.05807844  0.06767314
    2    1
 -0.05661242 -0.08684794   -0.03626135 -0.04032548   -0.03626135 -0.04032548
 -0.03626135 -0.04032548   -0.05807844 -0.06767314   -0.04110055  0.13077716
 -0.03626135 -0.04032548   -0.04110055  0.13077716   -0.05807844 -0.06767314
    2    2
  0.29995653 -0.00000000   -0.00471565  0.00741335   -0.00471565  0.00741335
 -0.00471565 -0.00741335    0.24411918  0.00000000    0.00142093  0.00000000
 -0.00471565 -0.00741335    0.00142093  0.00000000    0.24411918  0.00000000

     Dynamical  Matrix in cartesian axes

     q = (    0.250000000   0.750000000  -0.750000000 ) 

    1    1
  0.29995653  0.00000000    0.00471565  0.00741335   -0.00471565 -0.00741335
  0.00471565 -0.00741335    0.24411918 -0.00000000   -0.00142093  0.00000000
 -0.00471565  0.00741335   -0.00142093  0.00000000    0.24411918 -0.00000000
    1    2
 -0.08684794 -0.05661242    0.04032548  0.03626135   -0.04032548 -0.03626135
  0.04032548  0.03626135   -0.06767314 -0.05807844   -0.13077716  0.04110055
 -0.04032548 -0.03626135   -0.13077716  0.04110055   -0.06767314 -0.05807844
    2    1
 -0.08684794  0.05661242    0.04032548 -0.03626135   -0.04032548  0.03626135
  0.04032548 -0.03626135   -0.06767314  0.05807844   -0.13077716 -0.04110055
 -0.04032548  0.03626135   -0.13077716 -0.04110055   -0.06767314  0.05807844
    2    2
  0.29995653 -0.00000000    0.00471565 -0.00741335   -0.00471565  0.00741335
  0.00471565  0.00741335    0.24411918  0.00000000   -0.00142093 -0.00000000
 -0.00471565 -0.00741335   -0.00142093 -0.00000000    0.24411918  0.00000000

     Dynamical  Matrix in cartesian axes

     q = (   -0.250000000  -0.750000000  -0.750000000 ) 

    1    1
  0.29995653  0.00000000    0.00471565  0.00741335    0.00471565  0.00741335
  0.00471565 -0.00741335    0.24411918 -0.00000000    0.00142093 -0.00000000
  0.00471565 -0.00741335    0.00142093 -0.00000000    0.24411918 -0.00000000
    1    2
  0.08684794  0.05661242   -0.04032548 -0.03626135   -0.04032548 -0.03626135
 -0.04032548 -0.03626135    0.06767314  0.05807844   -0.13077716  0.04110055
 -0.04032548 -0.03626135   -0.13077716  0.04110055    0.06767314  0.05807844
    2    1
  0.08684794 -0.05661242   -0.04032548  0.03626135   -0.04032548  0.03626135
 -0.04032548  0.03626135    0.06767314 -0.05807844   -0.13077716 -0.04110055
 -0.04032548  0.03626135   -0.13077716 -0.04110055    0.06767314 -0.05807844
    2    2
  0.29995653 -0.00000000    0.00471565 -0.00741335    0.00471565 -0.00741335
  0.00471565  0.00741335    0.24411918  0.00000000    0.00142093  0.00000000
  0.00471565  0.00741335    0.00142093  0.00000000    0.24411918  0.00000000

     Dynamical  Matrix in cartesian axes

     q = (    0.750000000   0.750000000  -0.250000000 ) 

    1    1
  0.24411918 -0.00000000    0.00142093 -0.00000000   -0.00471565  0.00741335
  0.00142093 -0.00000000    0.24411918 -0.00000000   -0.00471565  0.00741335
 -0.00471565 -0.00741335   -0.00471565 -0.00741335    0.29995653  0.00000000
    1    2
 -0.05807844  0.06767314   -0.04110055 -0.13077716   -0.03626135  0.04032548
 -0.04110055 -0.13077716   -0.05807844  0.06767314   -0.03626135  0.04032548
 -0.03626135  0.04032548   -0.03626135  0.04032548   -0.05661242  0.08684794
    2    1
 -0.05807844 -0.06767314   -0.04110055  0.13077716   -0.03626135 -0.04032548
 -0.04110055  0.13077716   -0.05807844 -0.06767314   -0.03626135 -0.04032548
 -0.03626135 -0.04032548   -0.03626135 -0.04032548   -0.05661242 -0.08684794
    2    2
  0.24411918  0.00000000    0.00142093  0.00000000   -0.00471565 -0.00741335
  0.00142093  0.00000000    0.24411918  0.00000000   -0.00471565 -0.00741335
 -0.00471565  0.00741335   -0.00471565  0.00741335    0.29995653 -0.00000000

     Dynamical  Matrix in cartesian axes

     q = (    0.750000000  -0.750000000   0.250000000 ) 

    1    1
  0.24411918 -0.00000000   -0.00142093  0.00000000    0.00471565 -0.00741335
 -0.00142093  0.00000000    0.24411918 -0.00000000   -0.00471565  0.00741335
  0.00471565  0.00741335   -0.00471565 -0.00741335    0.29995653  0.00000000
    1    2
 -0.06767314 -0.05807844   -0.13077716  0.04110055    0.04032548  0.03626135
 -0.13077716  0.04110055   -0.06767314 -0.05807844   -0.04032548 -0.03626135
  0.04032548  0.03626135   -0.04032548 -0.03626135   -0.08684794 -0.05661242
    2    1
 -0.06767314  0.05807844   -0.13077716 -0.04110055    0.04032548 -0.03626135
 -0.13077716 -0.04110055   -0.06767314  0.05807844   -0.04032548  0.03626135
  0.04032548 -0.03626135   -0.04032548  0.03626135   -0.08684794  0.05661242
    2    2
  0.24411918  0.00000000   -0.00142093 -0.00000000    0.00471565  0.00741335
 -0.00142093 -0.00000000    0.24411918  0.00000000   -0.00471565 -0.00741335
  0.00471565 -0.00741335   -0.00471565  0.00741335    0.29995653 -0.00000000

     Dynamical  Matrix in cartesian axes

     q = (   -0.750000000  -0.750000000  -0.250000000 ) 

    1    1
  0.24411918 -0.00000000    0.00142093 -0.00000000    0.00471565 -0.00741335
  0.00142093 -0.00000000    0.24411918 -0.00000000    0.00471565 -0.00741335
  0.00471565  0.00741335    0.00471565  0.00741335    0.29995653  0.00000000
    1    2
  0.06767314  0.05807844   -0.13077716  0.04110055   -0.04032548 -0.03626135
 -0.13077716  0.04110055    0.06767314  0.05807844   -0.04032548 -0.03626135
 -0.04032548 -0.03626135   -0.04032548 -0.03626135    0.08684794  0.05661242
    2    1
  0.06767314 -0.05807844   -0.13077716 -0.04110055   -0.04032548  0.03626135
 -0.13077716 -0.04110055    0.06767314 -0.05807844   -0.04032548  0.03626135
 -0.04032548  0.03626135   -0.04032548  0.03626135    0.08684794 -0.05661242
    2    2
  0.24411918  0.00000000    0.00142093  0.00000000    0.00471565  0.00741335
  0.00142093  0.00000000    0.24411918  0.00000000    0.00471565  0.00741335
  0.00471565 -0.00741335    0.00471565 -0.00741335    0.29995653 -0.00000000

     Dynamical  Matrix in cartesian axes

     q = (    0.250000000  -0.750000000   0.750000000 ) 

    1    1
  0.29995653  0.00000000   -0.00471565 -0.00741335    0.00471565  0.00741335
 -0.00471565  0.00741335    0.24411918 -0.00000000   -0.00142093  0.00000000
  0.00471565 -0.00741335   -0.00142093  0.00000000    0.24411918 -0.00000000
    1    2
 -0.08684794 -0.05661242   -0.04032548 -0.03626135    0.04032548  0.03626135
 -0.04032548 -0.03626135   -0.06767314 -0.05807844   -0.13077716  0.04110055
  0.04032548  0.03626135   -0.13077716  0.04110055   -0.06767314 -0.05807844
    2    1
 -0.08684794  0.05661242   -0.04032548  0.03626135    0.04032548 -0.03626135
 -0.04032548  0.03626135   -0.06767314  0.05807844   -0.13077716 -0.04110055
  0.04032548 -0.03626135   -0.13077716 -0.04110055   -0.06767314  0.05807844
    2    2
  0.29995653 -0.00000000   -0.00471565  0.00741335    0.00471565 -0.00741335
 -0.00471565 -0.00741335    0.24411918  0.00000000   -0.00142093 -0.00000000
  0.00471565  0.00741335   -0.00142093 -0.00000000    0.24411918  0.00000000

     Dynamical  Matrix in cartesian axes

     q = (   -0.750000000  -0.750000000   0.250000000 ) 

    1    1
  0.24411918  0.00000000    0.00142093  0.00000000   -0.00471565 -0.00741335
  0.00142093  0.00000000    0.24411918  0.00000000   -0.00471565 -0.00741335
 -0.00471565  0.00741335   -0.00471565  0.00741335    0.29995653 -0.00000000
    1    2
 -0.05807844 -0.06767314   -0.04110055  0.13077716   -0.03626135 -0.04032548
 -0.04110055  0.13077716   -0.05807844 -0.06767314   -0.03626135 -0.04032548
 -0.03626135 -0.04032548   -0.03626135 -0.04032548   -0.05661242 -0.08684794
    2    1
 -0.05807844  0.06767314   -0.04110055 -0.13077716   -0.03626135  0.04032548
 -0.04110055 -0.13077716   -0.05807844  0.06767314   -0.03626135  0.04032548
 -0.03626135  0.04032548   -0.03626135  0.04032548   -0.05661242  0.08684794
    2    2
  0.24411918 -0.00000000    0.00142093 -0.00000000   -0.00471565  0.00741335
  0.00142093 -0.00000000    0.24411918 -0.00000000   -0.00471565  0.00741335
 -0.00471565 -0.00741335   -0.00471565 -0.00741335    0.29995653  0.00000000

     Dynamical  Matrix in cartesian axes

     q = (    0.250000000   0.750000000   0.750000000 ) 

    1    1
  0.29995653 -0.00000000    0.00471565 -0.00741335    0.00471565 -0.00741335
  0.00471565  0.00741335    0.24411918  0.00000000    0.00142093  0.00000000
  0.00471565  0.00741335    0.00142093  0.00000000    0.24411918  0.00000000
    1    2
  0.08684794 -0.05661242   -0.04032548  0.03626135   -0.04032548  0.03626135
 -0.04032548  0.03626135    0.06767314 -0.05807844   -0.13077716 -0.04110055
 -0.04032548  0.03626135   -0.13077716 -0.04110055    0.06767314 -0.05807844
    2    1
  0.08684794  0.05661242   -0.04032548 -0.03626135   -0.04032548 -0.03626135
 -0.04032548 -0.03626135    0.06767314  0.05807844   -0.13077716  0.04110055
 -0.04032548 -0.03626135   -0.13077716  0.04110055    0.06767314  0.05807844
    2    2
  0.29995653  0.00000000    0.00471565  0.00741335    0.00471565  0.00741335
  0.00471565 -0.00741335    0.24411918 -0.00000000    0.00142093 -0.00000000
  0.00471565 -0.00741335    0.00142093 -0.00000000    0.24411918 -0.00000000

     Dynamical  Matrix in cartesian axes

     q = (   -0.250000000  -0.750000000   0.750000000 ) 

    1    1
  0.29995653 -0.00000000    0.00471565 -0.00741335   -0.00471565  0.00741335
  0.00471565  0.00741335    0.24411918  0.00000000   -0.00142093 -0.00000000
 -0.00471565 -0.00741335   -0.00142093 -0.00000000    0.24411918  0.00000000
    1    2
 -0.08684794  0.05661242    0.04032548 -0.03626135   -0.04032548  0.03626135
  0.04032548 -0.03626135   -0.06767314  0.05807844   -0.13077716 -0.04110055
 -0.04032548  0.03626135   -0.13077716 -0.04110055   -0.06767314  0.05807844
    2    1
 -0.08684794 -0.05661242    0.04032548  0.03626135   -0.04032548 -0.03626135
  0.04032548  0.03626135   -0.06767314 -0.05807844   -0.13077716  0.04110055
 -0.04032548 -0.03626135   -0.13077716  0.04110055   -0.06767314 -0.05807844
    2    2
  0.29995653  0.00000000    0.00471565  0.00741335   -0.00471565 -0.00741335
  0.00471565 -0.00741335    0.24411918 -0.00000000   -0.00142093  0.00000000
 -0.00471565  0.00741335   -0.00142093  0.00000000    0.24411918 -0.00000000

     Dynamical  Matrix in cartesian axes

     q = (    0.750000000   0.750000000   0.250000000 ) 

    1    1
  0.24411918  0.00000000    0.00142093  0.00000000    0.00471565  0.00741335
  0.00142093  0.00000000    0.24411918  0.00000000    0.00471565  0.00741335
  0.00471565 -0.00741335    0.00471565 -0.00741335    0.29995653 -0.00000000
    1    2
  0.06767314 -0.05807844   -0.13077716 -0.04110055   -0.04032548  0.03626135
 -0.13077716 -0.04110055    0.06767314 -0.05807844   -0.04032548  0.03626135
 -0.04032548  0.03626135   -0.04032548  0.03626135    0.08684794 -0.05661242
    2    1
  0.06767314  0.05807844   -0.13077716  0.04110055   -0.04032548 -0.03626135
 -0.13077716  0.04110055    0.06767314  0.05807844   -0.04032548 -0.03626135
 -0.04032548 -0.03626135   -0.04032548 -0.03626135    0.08684794  0.05661242
    2    2
  0.24411918 -0.00000000    0.00142093 -0.00000000    0.00471565 -0.00741335
  0.00142093 -0.00000000    0.24411918 -0.00000000    0.00471565 -0.00741335
  0.00471565  0.00741335    0.00471565  0.00741335    0.29995653  0.00000000

     Dynamical  Matrix in cartesian axes

     q = (    0.250000000  -0.750000000  -0.750000000 ) 

    1    1
  0.29995653 -0.00000000   -0.00471565  0.00741335   -0.00471565  0.00741335
 -0.00471565 -0.00741335    0.24411918  0.00000000    0.00142093  0.00000000
 -0.00471565 -0.00741335    0.00142093  0.00000000    0.24411918  0.00000000
    1    2
 -0.05661242 -0.08684794   -0.03626135 -0.04032548   -0.03626135 -0.04032548
 -0.03626135 -0.04032548   -0.05807844 -0.06767314   -0.04110055  0.13077716
 -0.03626135 -0.04032548   -0.04110055  0.13077716   -0.05807844 -0.06767314
    2    1
 -0.05661242  0.08684794   -0.03626135  0.04032548   -0.03626135  0.04032548
 -0.03626135  0.04032548   -0.05807844  0.06767314   -0.04110055 -0.13077716
 -0.03626135  0.04032548   -0.04110055 -0.13077716   -0.05807844  0.06767314
    2    2
  0.29995653  0.00000000   -0.00471565 -0.00741335   -0.00471565 -0.00741335
 -0.00471565  0.00741335    0.24411918 -0.00000000    0.00142093 -0.00000000
 -0.00471565  0.00741335    0.00142093 -0.00000000    0.24411918 -0.00000000

     Dynamical  Matrix in cartesian axes

     q = (    0.750000000  -0.750000000  -0.250000000 ) 

    1    1
  0.24411918  0.00000000   -0.00142093 -0.00000000   -0.00471565 -0.00741335
 -0.00142093 -0.00000000    0.24411918  0.00000000    0.00471565  0.00741335
 -0.00471565  0.00741335    0.00471565 -0.00741335    0.29995653 -0.00000000
    1    2
 -0.06767314  0.05807844   -0.13077716 -0.04110055   -0.04032548  0.03626135
 -0.13077716 -0.04110055   -0.06767314  0.05807844    0.04032548 -0.03626135
 -0.04032548  0.03626135    0.04032548 -0.03626135   -0.08684794  0.05661242
    2    1
 -0.06767314 -0.05807844   -0.13077716  0.04110055   -0.04032548 -0.03626135
 -0.13077716  0.04110055   -0.06767314 -0.05807844    0.04032548  0.03626135
 -0.04032548 -0.03626135    0.04032548  0.03626135   -0.08684794 -0.05661242
    2    2
  0.24411918 -0.00000000   -0.00142093  0.00000000   -0.00471565  0.00741335
 -0.00142093  0.00000000    0.24411918 -0.00000000    0.00471565 -0.00741335
 -0.00471565 -0.00741335    0.00471565  0.00741335    0.29995653  0.00000000

     Diagonalizing the dynamical matrix

     q = (    0.750000000  -0.250000000   0.750000000 ) 

 **************************************************************************
     freq (    1) =       4.289677 [THz] =     143.088214 [cm-1]
 ( -0.042620  0.498180 -0.000000  0.000000  0.042620 -0.498180 ) 
 ( -0.500000 -0.000000 -0.000000 -0.000000  0.500000  0.000000 ) 
     freq (    2) =       6.129900 [THz] =     204.471445 [cm-1]
 ( -0.400073 -0.146813 -0.332427  0.162074 -0.400073 -0.146813 ) 
 ( -0.426160 -0.000000 -0.256243 -0.266674 -0.426160  0.000000 ) 
     freq (    3) =       9.362830 [THz] =     312.310385 [cm-1]
 ( -0.082353  0.294334 -0.433880 -0.353438 -0.082353  0.294334 ) 
 (  0.305638  0.000000 -0.223459 -0.513066  0.305638  0.000000 ) 
     freq (    4) =      11.952305 [THz] =     398.685977 [cm-1]
 ( -0.159916 -0.323891  0.400566  0.280338 -0.159916 -0.323891 ) 
 (  0.361218  0.000000 -0.428705 -0.235063  0.361218  0.000000 ) 
     freq (    5) =      13.668284 [THz] =     455.924890 [cm-1]
 ( -0.042620  0.498180  0.000000 -0.000000  0.042620 -0.498180 ) 
 (  0.500000  0.000000 -0.000000  0.000000 -0.500000  0.000000 ) 
     freq (    6) =      13.898594 [THz] =     463.607181 [cm-1]
 (  0.284841  0.115583  0.500159 -0.246683  0.284841  0.115583 ) 
 ( -0.307399 -0.000000 -0.370702 -0.416643 -0.307399  0.000000 ) 
 **************************************************************************
