Dynamical matrix file
                                                                           
  1    2  2 10.4040000  0.0000000  0.0000000  0.0000000  0.0000000  0.0000000
           1  'Si  '    25598.822984527003     
    1    1      0.0000000000      0.0000000000      0.0000000000
    2    1      0.2500000000      0.2500000000      0.2500000000

     Dynamical  Matrix in cartesian axes

     q = (   -0.250000000   0.250000000  -0.250000000 ) 

    1    1
  0.28790795  0.00000000   -0.01055924  0.00000000    0.01055924  0.00000000
 -0.01055924  0.00000000    0.28790795  0.00000000   -0.01055924  0.00000000
  0.01055924  0.00000000   -0.01055924  0.00000000    0.28790795  0.00000000
    1    2
 -0.21466426 -0.06516303   -0.03329555  0.03391039    0.03329555 -0.03391039
 -0.03329555  0.03391039   -0.21466426 -0.06516303   -0.03329555  0.03391039
  0.03329555 -0.03391039   -0.03329555  0.03391039   -0.21466426 -0.06516303
    2    1
 -0.21466426  0.06516303   -0.03329555 -0.03391039    0.03329555  0.03391039
 -0.03329555 -0.03391039   -0.21466426  0.06516303   -0.03329555 -0.03391039
  0.03329555  0.03391039   -0.03329555 -0.03391039   -0.21466426  0.06516303
    2    2
  0.28790795  0.00000000   -0.01055924  0.00000000    0.01055924  0.00000000
 -0.01055924  0.00000000    0.28790795  0.00000000   -0.01055924  0.00000000
  0.01055924  0.00000000   -0.01055924  0.00000000    0.28790795  0.00000000

     Dynamical  Matrix in cartesian axes

     q = (    0.250000000  -0.250000000  -0.250000000 ) 

    1    1
  0.28790795  0.00000000   -0.01055924  0.00000000   -0.01055924  0.00000000
 -0.01055924  0.00000000    0.28790795  0.00000000    0.01055924  0.00000000
 -0.01055924  0.00000000    0.01055924  0.00000000    0.28790795  0.00000000
    1    2
 -0.21466426 -0.06516303   -0.03329555  0.03391039   -0.03329555  0.03391039
 -0.03329555  0.03391039   -0.21466426 -0.06516303    0.03329555 -0.03391039
 -0.03329555  0.03391039    0.03329555 -0.03391039   -0.21466426 -0.06516303
    2    1
 -0.21466426  0.06516303   -0.03329555 -0.03391039   -0.03329555 -0.03391039
 -0.03329555 -0.03391039   -0.21466426  0.06516303    0.03329555  0.03391039
 -0.03329555 -0.03391039    0.03329555  0.03391039   -0.21466426  0.06516303
    2    2
  0.28790795  0.00000000   -0.01055924  0.00000000   -0.01055924  0.00000000
 -0.01055924  0.00000000    0.28790795  0.00000000    0.01055924  0.00000000
 -0.01055924  0.00000000    0.01055924  0.00000000    0.28790795  0.00000000

     Dynamical  Matrix in cartesian axes

     q = (    0.250000000  -0.250000000   0.250000000 ) 

    1    1
  0.28790795  0.00000000   -0.01055924  0.00000000    0.01055924  0.00000000
 -0.01055924  0.00000000    0.28790795  0.00000000   -0.01055924  0.00000000
  0.01055924  0.00000000   -0.01055924  0.00000000    0.28790795  0.00000000
    1    2
 -0.21466426  0.06516303   -0.03329555 -0.03391039    0.03329555  0.03391039
 -0.03329555 -0.03391039   -0.21466426  0.06516303   -0.03329555 -0.03391039
  0.03329555  0.03391039   -0.03329555 -0.03391039   -0.21466426  0.06516303
    2    1
 -0.21466426 -0.06516303   -0.03329555  0.03391039    0.03329555 -0.03391039
 -0.03329555  0.03391039   -0.21466426 -0.06516303   -0.03329555  0.03391039
  0.03329555 -0.03391039   -0.03329555  0.03391039   -0.21466426 -0.06516303
    2    2
  0.28790795  0.00000000   -0.01055924  0.00000000    0.01055924  0.00000000
 -0.01055924  0.00000000    0.28790795  0.00000000   -0.01055924  0.00000000
  0.01055924  0.00000000   -0.01055924  0.00000000    0.28790795  0.00000000

     Dynamical  Matrix in cartesian axes

     q = (    0.250000000   0.250000000   0.250000000 ) 

    1    1
  0.28790795  0.00000000    0.01055924  0.00000000    0.01055924  0.00000000
  0.01055924  0.00000000    0.28790795  0.00000000    0.01055924  0.00000000
  0.01055924  0.00000000    0.01055924  0.00000000    0.28790795  0.00000000
    1    2
 -0.06516303  0.21466426   -0.03391039 -0.03329555   -0.03391039 -0.03329555
 -0.03391039 -0.03329555   -0.06516303  0.21466426   -0.03391039 -0.03329555
 -0.03391039 -0.03329555   -0.03391039 -0.03329555   -0.06516303  0.21466426
    2    1
 -0.06516303 -0.21466426   -0.03391039  0.03329555   -0.03391039  0.03329555
 -0.03391039  0.03329555   -0.06516303 -0.21466426   -0.03391039  0.03329555
 -0.03391039  0.03329555   -0.03391039  0.03329555   -0.06516303 -0.21466426
    2    2
  0.28790795  0.00000000    0.01055924  0.00000000    0.01055924  0.00000000
  0.01055924  0.00000000    0.28790795  0.00000000    0.01055924  0.00000000
  0.01055924  0.00000000    0.01055924  0.00000000    0.28790795  0.00000000

     Dynamical  Matrix in cartesian axes

     q = (   -0.250000000  -0.250000000  -0.250000000 ) 

    1    1
  0.28790795  0.00000000    0.01055924  0.00000000    0.01055924  0.00000000
  0.01055924  0.00000000    0.28790795  0.00000000    0.01055924  0.00000000
  0.01055924  0.00000000    0.01055924  0.00000000    0.28790795  0.00000000
    1    2
 -0.06516303 -0.21466426   -0.03391039  0.03329555   -0.03391039  0.03329555
 -0.03391039  0.03329555   -0.06516303 -0.21466426   -0.03391039  0.03329555
 -0.03391039  0.03329555   -0.03391039  0.03329555   -0.06516303 -0.21466426
    2    1
 -0.06516303  0.21466426   -0.03391039 -0.03329555   -0.03391039 -0.03329555
 -0.03391039 -0.03329555   -0.06516303  0.21466426   -0.03391039 -0.03329555
 -0.03391039 -0.03329555   -0.03391039 -0.03329555   -0.06516303  0.21466426
    2    2
  0.28790795  0.00000000    0.01055924  0.00000000    0.01055924  0.00000000
  0.01055924  0.00000000    0.28790795  0.00000000    0.01055924  0.00000000
  0.01055924  0.00000000    0.01055924  0.00000000    0.28790795  0.00000000

     Dynamical  Matrix in cartesian axes

     q = (   -0.250000000  -0.250000000   0.250000000 ) 

    1    1
  0.28790795  0.00000000    0.01055924  0.00000000   -0.01055924  0.00000000
  0.01055924  0.00000000    0.28790795  0.00000000   -0.01055924  0.00000000
 -0.01055924  0.00000000   -0.01055924  0.00000000    0.28790795  0.00000000
    1    2
 -0.21466426 -0.06516303    0.03329555 -0.03391039   -0.03329555  0.03391039
  0.03329555 -0.03391039   -0.21466426 -0.06516303   -0.03329555  0.03391039
 -0.03329555  0.03391039   -0.03329555  0.03391039   -0.21466426 -0.06516303
    2    1
 -0.21466426  0.06516303    0.03329555  0.03391039   -0.03329555 -0.03391039
  0.03329555  0.03391039   -0.21466426  0.06516303   -0.03329555 -0.03391039
 -0.03329555 -0.03391039   -0.03329555 -0.03391039   -0.21466426  0.06516303
    2    2
  0.28790795  0.00000000    0.01055924  0.00000000   -0.01055924  0.00000000
  0.01055924  0.00000000    0.28790795  0.00000000   -0.01055924  0.00000000
 -0.01055924  0.00000000   -0.01055924  0.00000000    0.28790795  0.00000000

     Dynamical  Matrix in cartesian axes

     q = (   -0.250000000   0.250000000   0.250000000 ) 

    1    1
  0.28790795  0.00000000   -0.01055924  0.00000000   -0.01055924  0.00000000
 -0.01055924  0.00000000    0.28790795  0.00000000    0.01055924  0.00000000
 -0.01055924  0.00000000    0.01055924  0.00000000    0.28790795  0.00000000
    1    2
 -0.21466426  0.06516303   -0.03329555 -0.03391039   -0.03329555 -0.03391039
 -0.03329555 -0.03391039   -0.21466426  0.06516303    0.03329555  0.03391039
 -0.03329555 -0.03391039    0.03329555  0.03391039   -0.21466426  0.06516303
    2    1
 -0.21466426 -0.06516303   -0.03329555  0.03391039   -0.03329555  0.03391039
 -0.03329555  0.03391039   -0.21466426 -0.06516303    0.03329555 -0.03391039
 -0.03329555  0.03391039    0.03329555 -0.03391039   -0.21466426 -0.06516303
    2    2
  0.28790795  0.00000000   -0.01055924  0.00000000   -0.01055924  0.00000000
 -0.01055924  0.00000000    0.28790795  0.00000000    0.01055924  0.00000000
 -0.01055924  0.00000000    0.01055924  0.00000000    0.28790795  0.00000000

     Dynamical  Matrix in cartesian axes

     q = (    0.250000000   0.250000000  -0.250000000 ) 

    1    1
  0.28790795  0.00000000    0.01055924  0.00000000   -0.01055924  0.00000000
  0.01055924  0.00000000    0.28790795  0.00000000   -0.01055924  0.00000000
 -0.01055924  0.00000000   -0.01055924  0.00000000    0.28790795  0.00000000
    1    2
 -0.21466426  0.06516303    0.03329555  0.03391039   -0.03329555 -0.03391039
  0.03329555  0.03391039   -0.21466426  0.06516303   -0.03329555 -0.03391039
 -0.03329555 -0.03391039   -0.03329555 -0.03391039   -0.21466426  0.06516303
    2    1
 -0.21466426 -0.06516303    0.03329555 -0.03391039   -0.03329555  0.03391039
  0.03329555 -0.03391039   -0.21466426 -0.06516303   -0.03329555  0.03391039
 -0.03329555  0.03391039   -0.03329555  0.03391039   -0.21466426 -0.06516303
    2    2
  0.28790795  0.00000000    0.01055924  0.00000000   -0.01055924  0.00000000
  0.01055924  0.00000000    0.28790795  0.00000000   -0.01055924  0.00000000
 -0.01055924  0.00000000   -0.01055924  0.00000000    0.28790795  0.00000000

     Diagonalizing the dynamical matrix

     q = (   -0.250000000   0.250000000  -0.250000000 ) 

 **************************************************************************
     freq (    1) =       3.405299 [THz] =     113.588540 [cm-1]
 ( -0.357331  0.108745 -0.558833  0.083348 -0.201502 -0.025397 ) 
 ( -0.340927  0.152576 -0.544024  0.152576 -0.203096  0.000000 ) 
     freq (    2) =       3.405299 [THz] =     113.588540 [cm-1]
 (  0.440247 -0.002302 -0.095960 -0.069885 -0.536207 -0.067583 ) 
 (  0.436503 -0.057337 -0.103946 -0.057337 -0.540449  0.000000 ) 
     freq (    3) =       6.819730 [THz] =     227.481696 [cm-1]
 (  0.303736  0.272784 -0.303736 -0.272784  0.303736  0.272784 ) 
 (  0.408248 -0.000000 -0.408248 -0.000000  0.408248  0.000000 ) 
     freq (    4) =      14.656094 [THz] =     488.874670 [cm-1]
 (  0.303736  0.272784 -0.303736 -0.272784  0.303736  0.272784 ) 
 ( -0.408248  0.000000  0.408248  0.000000 -0.408248  0.000000 ) 
     freq (    5) =      14.930752 [THz] =     498.036286 [cm-1]
 ( -0.164083  0.472197 -0.165095  0.472069 -0.001012 -0.000128 ) 
 (  0.103747 -0.489009  0.104767 -0.489009  0.001020  0.000000 ) 
     freq (    6) =      14.930752 [THz] =     498.036286 [cm-1]
 ( -0.286700 -0.035265  0.286118  0.036933  0.572817  0.072197 ) 
 (  0.288859 -0.000864 -0.288490 -0.000864 -0.577349  0.000000 ) 
 **************************************************************************
