Dynamical matrix file
                                                                           
  1    2  2 10.4040000  0.0000000  0.0000000  0.0000000  0.0000000  0.0000000
           1  'Si  '    25598.822984527003     
    1    1      0.0000000000      0.0000000000      0.0000000000
    2    1      0.2500000000      0.2500000000      0.2500000000

     Dynamical  Matrix in cartesian axes

     q = (    0.750000000  -0.250000000   0.750000000 ) 

    1    1
  0.25067970  0.00000000   -0.00454520  0.00753330    0.00128450  0.00000000
 -0.00454520 -0.00753330    0.30492865  0.00000000   -0.00454520 -0.00753330
  0.00128450  0.00000000   -0.00454520  0.00753330    0.25067970  0.00000000
    1    2
 -0.04917269  0.08102736   -0.03237948  0.03702953   -0.03860277 -0.12157477
 -0.03237948  0.03702953   -0.04774605  0.10017719   -0.03237948  0.03702953
 -0.03860277 -0.12157477   -0.03237948  0.03702953   -0.04917269  0.08102736
    2    1
 -0.04917269 -0.08102736   -0.03237948 -0.03702953   -0.03860277  0.12157477
 -0.03237948 -0.03702953   -0.04774605 -0.10017719   -0.03237948 -0.03702953
 -0.03860277  0.12157477   -0.03237948 -0.03702953   -0.04917269 -0.08102736
    2    2
  0.25067970  0.00000000   -0.00454520 -0.00753330    0.00128450  0.00000000
 -0.00454520  0.00753330    0.30492865  0.00000000   -0.00454520  0.00753330
  0.00128450  0.00000000   -0.00454520 -0.00753330    0.25067970  0.00000000

     Dynamical  Matrix in cartesian axes

     q = (    0.750000000  -0.250000000  -0.750000000 ) 

    1    1
  0.25067970  0.00000000   -0.00454520 -0.00753330   -0.00128450  0.00000000
 -0.00454520  0.00753330    0.30492865  0.00000000    0.00454520 -0.00753330
 -0.00128450  0.00000000    0.00454520  0.00753330    0.25067970  0.00000000
    1    2
 -0.08102736  0.04917269   -0.03702953  0.03237948   -0.12157477 -0.03860277
 -0.03702953  0.03237948   -0.10017719  0.04774605    0.03702953 -0.03237948
 -0.12157477 -0.03860277    0.03702953 -0.03237948   -0.08102736  0.04917269
    2    1
 -0.08102736 -0.04917269   -0.03702953 -0.03237948   -0.12157477  0.03860277
 -0.03702953 -0.03237948   -0.10017719 -0.04774605    0.03702953  0.03237948
 -0.12157477  0.03860277    0.03702953  0.03237948   -0.08102736 -0.04917269
    2    2
  0.25067970  0.00000000   -0.00454520  0.00753330   -0.00128450  0.00000000
 -0.00454520 -0.00753330    0.30492865  0.00000000    0.00454520  0.00753330
 -0.00128450  0.00000000    0.00454520 -0.00753330    0.25067970  0.00000000

     Dynamical  Matrix in cartesian axes

     q = (   -0.750000000  -0.250000000  -0.750000000 ) 

    1    1
  0.25067970  0.00000000    0.00454520 -0.00753330    0.00128450  0.00000000
  0.00454520  0.00753330    0.30492865  0.00000000    0.00454520  0.00753330
  0.00128450  0.00000000    0.00454520 -0.00753330    0.25067970  0.00000000
    1    2
  0.08102736  0.04917269   -0.03702953 -0.03237948   -0.12157477  0.03860277
 -0.03702953 -0.03237948    0.10017719  0.04774605   -0.03702953 -0.03237948
 -0.12157477  0.03860277   -0.03702953 -0.03237948    0.08102736  0.04917269
    2    1
  0.08102736 -0.04917269   -0.03702953  0.03237948   -0.12157477 -0.03860277
 -0.03702953  0.03237948    0.10017719 -0.04774605   -0.03702953  0.03237948
 -0.12157477 -0.03860277   -0.03702953  0.03237948    0.08102736 -0.04917269
    2    2
  0.25067970  0.00000000    0.00454520  0.00753330    0.00128450  0.00000000
  0.00454520 -0.00753330    0.30492865  0.00000000    0.00454520 -0.00753330
  0.00128450  0.00000000    0.00454520  0.00753330    0.25067970  0.00000000

     Dynamical  Matrix in cartesian axes

     q = (   -0.750000000  -0.250000000   0.750000000 ) 

    1    1
  0.25067970  0.00000000    0.00454520  0.00753330   -0.00128450  0.00000000
  0.00454520 -0.00753330    0.30492865  0.00000000   -0.00454520  0.00753330
 -0.00128450  0.00000000   -0.00454520 -0.00753330    0.25067970  0.00000000
    1    2
 -0.08102736  0.04917269    0.03702953 -0.03237948   -0.12157477 -0.03860277
  0.03702953 -0.03237948   -0.10017719  0.04774605   -0.03702953  0.03237948
 -0.12157477 -0.03860277   -0.03702953  0.03237948   -0.08102736  0.04917269
    2    1
 -0.08102736 -0.04917269    0.03702953  0.03237948   -0.12157477  0.03860277
  0.03702953  0.03237948   -0.10017719 -0.04774605   -0.03702953 -0.03237948
 -0.12157477  0.03860277   -0.03702953 -0.03237948   -0.08102736 -0.04917269
    2    2
  0.25067970  0.00000000    0.00454520 -0.00753330   -0.00128450  0.00000000
  0.00454520  0.00753330    0.30492865  0.00000000   -0.00454520 -0.00753330
 -0.00128450  0.00000000   -0.00454520  0.00753330    0.25067970  0.00000000

     Dynamical  Matrix in cartesian axes

     q = (   -0.750000000   0.250000000  -0.750000000 ) 

    1    1
  0.25067970  0.00000000   -0.00454520 -0.00753330    0.00128450  0.00000000
 -0.00454520  0.00753330    0.30492865  0.00000000   -0.00454520  0.00753330
  0.00128450  0.00000000   -0.00454520 -0.00753330    0.25067970  0.00000000
    1    2
 -0.04917269 -0.08102736   -0.03237948 -0.03702953   -0.03860277  0.12157477
 -0.03237948 -0.03702953   -0.04774605 -0.10017719   -0.03237948 -0.03702953
 -0.03860277  0.12157477   -0.03237948 -0.03702953   -0.04917269 -0.08102736
    2    1
 -0.04917269  0.08102736   -0.03237948  0.03702953   -0.03860277 -0.12157477
 -0.03237948  0.03702953   -0.04774605  0.10017719   -0.03237948  0.03702953
 -0.03860277 -0.12157477   -0.03237948  0.03702953   -0.04917269  0.08102736
    2    2
  0.25067970  0.00000000   -0.00454520  0.00753330    0.00128450  0.00000000
 -0.00454520 -0.00753330    0.30492865  0.00000000   -0.00454520 -0.00753330
  0.00128450  0.00000000   -0.00454520  0.00753330    0.25067970  0.00000000

     Dynamical  Matrix in cartesian axes

     q = (   -0.250000000   0.750000000  -0.750000000 ) 

    1    1
  0.30492865  0.00000000   -0.00454520  0.00753330    0.00454520 -0.00753330
 -0.00454520 -0.00753330    0.25067970  0.00000000   -0.00128450  0.00000000
  0.00454520  0.00753330   -0.00128450  0.00000000    0.25067970  0.00000000
    1    2
 -0.10017719  0.04774605   -0.03702953  0.03237948    0.03702953 -0.03237948
 -0.03702953  0.03237948   -0.08102736  0.04917269   -0.12157477 -0.03860277
  0.03702953 -0.03237948   -0.12157477 -0.03860277   -0.08102736  0.04917269
    2    1
 -0.10017719 -0.04774605   -0.03702953 -0.03237948    0.03702953  0.03237948
 -0.03702953 -0.03237948   -0.08102736 -0.04917269   -0.12157477  0.03860277
  0.03702953  0.03237948   -0.12157477  0.03860277   -0.08102736 -0.04917269
    2    2
  0.30492865  0.00000000   -0.00454520 -0.00753330    0.00454520  0.00753330
 -0.00454520  0.00753330    0.25067970  0.00000000   -0.00128450  0.00000000
  0.00454520 -0.00753330   -0.00128450  0.00000000    0.25067970  0.00000000

     Dynamical  Matrix in cartesian axes

     q = (   -0.750000000   0.750000000  -0.250000000 ) 

    1    1
  0.25067970  0.00000000   -0.00128450  0.00000000    0.00454520  0.00753330
 -0.00128450  0.00000000    0.25067970  0.00000000   -0.00454520 -0.00753330
  0.00454520 -0.00753330   -0.00454520  0.00753330    0.30492865  0.00000000
    1    2
 -0.08102736  0.04917269   -0.12157477 -0.03860277    0.03702953 -0.03237948
 -0.12157477 -0.03860277   -0.08102736  0.04917269   -0.03702953  0.03237948
  0.03702953 -0.03237948   -0.03702953  0.03237948   -0.10017719  0.04774605
    2    1
 -0.08102736 -0.04917269   -0.12157477  0.03860277    0.03702953  0.03237948
 -0.12157477  0.03860277   -0.08102736 -0.04917269   -0.03702953 -0.03237948
  0.03702953  0.03237948   -0.03702953 -0.03237948   -0.10017719 -0.04774605
    2    2
  0.25067970  0.00000000   -0.00128450  0.00000000    0.00454520 -0.00753330
 -0.00128450  0.00000000    0.25067970  0.00000000   -0.00454520  0.00753330
  0.00454520  0.00753330   -0.00454520 -0.00753330    0.30492865  0.00000000

     Dynamical  Matrix in cartesian axes

     q = (    0.750000000   0.250000000   0.750000000 ) 

    1    1
  0.25067970  0.00000000    0.00454520  0.00753330    0.00128450  0.00000000
  0.00454520 -0.00753330    0.30492865  0.00000000    0.00454520 -0.00753330
  0.00128450  0.00000000    0.00454520  0.00753330    0.25067970  0.00000000
    1    2
  0.08102736 -0.04917269   -0.03702953  0.03237948   -0.12157477 -0.03860277
 -0.03702953  0.03237948    0.10017719 -0.04774605   -0.03702953  0.03237948
 -0.12157477 -0.03860277   -0.03702953  0.03237948    0.08102736 -0.04917269
    2    1
  0.08102736  0.04917269   -0.03702953 -0.03237948   -0.12157477  0.03860277
 -0.03702953 -0.03237948    0.10017719  0.04774605   -0.03702953 -0.03237948
 -0.12157477  0.03860277   -0.03702953 -0.03237948    0.08102736  0.04917269
    2    2
  0.25067970  0.00000000    0.00454520 -0.00753330    0.00128450  0.00000000
  0.00454520  0.00753330    0.30492865  0.00000000    0.00454520  0.00753330
  0.00128450  0.00000000    0.00454520 -0.00753330    0.25067970  0.00000000

     Dynamical  Matrix in cartesian axes

     q = (   -0.750000000   0.250000000   0.750000000 ) 

    1    1
  0.25067970  0.00000000   -0.00454520  0.00753330   -0.00128450  0.00000000
 -0.00454520 -0.00753330    0.30492865  0.00000000    0.00454520  0.00753330
 -0.00128450  0.00000000    0.00454520 -0.00753330    0.25067970  0.00000000
    1    2
 -0.08102736 -0.04917269   -0.03702953 -0.03237948   -0.12157477  0.03860277
 -0.03702953 -0.03237948   -0.10017719 -0.04774605    0.03702953  0.03237948
 -0.12157477  0.03860277    0.03702953  0.03237948   -0.08102736 -0.04917269
    2    1
 -0.08102736  0.04917269   -0.03702953  0.03237948   -0.12157477 -0.03860277
 -0.03702953  0.03237948   -0.10017719  0.04774605    0.03702953 -0.03237948
 -0.12157477 -0.03860277    0.03702953 -0.03237948   -0.08102736  0.04917269
    2    2
  0.25067970  0.00000000   -0.00454520 -0.00753330   -0.00128450  0.00000000
 -0.00454520  0.00753330    0.30492865  0.00000000    0.00454520 -0.00753330
 -0.00128450  0.00000000    0.00454520  0.00753330    0.25067970  0.00000000

     Dynamical  Matrix in cartesian axes

     q = (    0.750000000   0.250000000  -0.750000000 ) 

    1    1
  0.25067970  0.00000000    0.00454520 -0.00753330   -0.00128450  0.00000000
  0.00454520  0.00753330    0.30492865  0.00000000   -0.00454520 -0.00753330
 -0.00128450  0.00000000   -0.00454520  0.00753330    0.25067970  0.00000000
    1    2
 -0.08102736 -0.04917269    0.03702953  0.03237948   -0.12157477  0.03860277
  0.03702953  0.03237948   -0.10017719 -0.04774605   -0.03702953 -0.03237948
 -0.12157477  0.03860277   -0.03702953 -0.03237948   -0.08102736 -0.04917269
    2    1
 -0.08102736  0.04917269    0.03702953 -0.03237948   -0.12157477 -0.03860277
  0.03702953 -0.03237948   -0.10017719  0.04774605   -0.03702953  0.03237948
 -0.12157477 -0.03860277   -0.03702953  0.03237948   -0.08102736  0.04917269
    2    2
  0.25067970  0.00000000    0.00454520  0.00753330   -0.00128450  0.00000000
  0.00454520 -0.00753330    0.30492865  0.00000000   -0.00454520  0.00753330
 -0.00128450  0.00000000   -0.00454520 -0.00753330    0.25067970  0.00000000

     Dynamical  Matrix in cartesian axes

     q = (   -0.750000000   0.750000000   0.250000000 ) 

    1    1
  0.25067970  0.00000000   -0.00128450  0.00000000   -0.00454520  0.00753330
 -0.00128450  0.00000000    0.25067970  0.00000000    0.00454520 -0.00753330
 -0.00454520 -0.00753330    0.00454520  0.00753330    0.30492865  0.00000000
    1    2
 -0.08102736 -0.04917269   -0.12157477  0.03860277   -0.03702953 -0.03237948
 -0.12157477  0.03860277   -0.08102736 -0.04917269    0.03702953  0.03237948
 -0.03702953 -0.03237948    0.03702953  0.03237948   -0.10017719 -0.04774605
    2    1
 -0.08102736  0.04917269   -0.12157477 -0.03860277   -0.03702953  0.03237948
 -0.12157477 -0.03860277   -0.08102736  0.04917269    0.03702953 -0.03237948
 -0.03702953  0.03237948    0.03702953 -0.03237948   -0.10017719  0.04774605
    2    2
  0.25067970  0.00000000   -0.00128450  0.00000000   -0.00454520 -0.00753330
 -0.00128450  0.00000000    0.25067970  0.00000000    0.00454520  0.00753330
 -0.00454520  0.00753330    0.00454520 -0.00753330    0.30492865  0.00000000

     Dynamical  Matrix in cartesian axes

     q = (   -0.250000000   0.750000000   0.750000000 ) 

    1    1
  0.30492865  0.00000000   -0.00454520 -0.00753330   -0.00454520 -0.00753330
 -0.00454520  0.00753330    0.25067970  0.00000000    0.00128450  0.00000000
 -0.00454520  0.00753330    0.00128450  0.00000000    0.25067970  0.00000000
    1    2
 -0.04774605  0.10017719   -0.03237948  0.03702953   -0.03237948  0.03702953
 -0.03237948  0.03702953   -0.04917269  0.08102736   -0.03860277 -0.12157477
 -0.03237948  0.03702953   -0.03860277 -0.12157477   -0.04917269  0.08102736
    2    1
 -0.04774605 -0.10017719   -0.03237948 -0.03702953   -0.03237948 -0.03702953
 -0.03237948 -0.03702953   -0.04917269 -0.08102736   -0.03860277  0.12157477
 -0.03237948 -0.03702953   -0.03860277  0.12157477   -0.04917269 -0.08102736
    2    2
  0.30492865  0.00000000   -0.00454520  0.00753330   -0.00454520  0.00753330
 -0.00454520 -0.00753330    0.25067970  0.00000000    0.00128450  0.00000000
 -0.00454520 -0.00753330    0.00128450  0.00000000    0.25067970  0.00000000

     Dynamical  Matrix in cartesian axes

     q = (    0.250000000   0.750000000  -0.750000000 ) 

    1    1
  0.30492865  0.00000000    0.00454520  0.00753330   -0.00454520 -0.00753330
  0.00454520 -0.00753330    0.25067970  0.00000000   -0.00128450  0.00000000
 -0.00454520  0.00753330   -0.00128450  0.00000000    0.25067970  0.00000000
    1    2
 -0.10017719 -0.04774605    0.03702953  0.03237948   -0.03702953 -0.03237948
  0.03702953  0.03237948   -0.08102736 -0.04917269   -0.12157477  0.03860277
 -0.03702953 -0.03237948   -0.12157477  0.03860277   -0.08102736 -0.04917269
    2    1
 -0.10017719  0.04774605    0.03702953 -0.03237948   -0.03702953  0.03237948
  0.03702953 -0.03237948   -0.08102736  0.04917269   -0.12157477 -0.03860277
 -0.03702953  0.03237948   -0.12157477 -0.03860277   -0.08102736  0.04917269
    2    2
  0.30492865  0.00000000    0.00454520 -0.00753330   -0.00454520  0.00753330
  0.00454520  0.00753330    0.25067970  0.00000000   -0.00128450  0.00000000
 -0.00454520 -0.00753330   -0.00128450  0.00000000    0.25067970  0.00000000

     Dynamical  Matrix in cartesian axes

     q = (   -0.250000000  -0.750000000  -0.750000000 ) 

    1    1
  0.30492865  0.00000000    0.00454520  0.00753330    0.00454520  0.00753330
  0.00454520 -0.00753330    0.25067970  0.00000000    0.00128450  0.00000000
  0.00454520 -0.00753330    0.00128450  0.00000000    0.25067970  0.00000000
    1    2
  0.10017719  0.04774605   -0.03702953 -0.03237948   -0.03702953 -0.03237948
 -0.03702953 -0.03237948    0.08102736  0.04917269   -0.12157477  0.03860277
 -0.03702953 -0.03237948   -0.12157477  0.03860277    0.08102736  0.04917269
    2    1
  0.10017719 -0.04774605   -0.03702953  0.03237948   -0.03702953  0.03237948
 -0.03702953  0.03237948    0.08102736 -0.04917269   -0.12157477 -0.03860277
 -0.03702953  0.03237948   -0.12157477 -0.03860277    0.08102736 -0.04917269
    2    2
  0.30492865  0.00000000    0.00454520 -0.00753330    0.00454520 -0.00753330
  0.00454520  0.00753330    0.25067970  0.00000000    0.00128450  0.00000000
  0.00454520  0.00753330    0.00128450  0.00000000    0.25067970  0.00000000

     Dynamical  Matrix in cartesian axes

     q = (    0.750000000   0.750000000  -0.250000000 ) 

    1    1
  0.25067970  0.00000000    0.00128450  0.00000000   -0.00454520  0.00753330
  0.00128450  0.00000000    0.25067970  0.00000000   -0.00454520  0.00753330
 -0.00454520 -0.00753330   -0.00454520 -0.00753330    0.30492865  0.00000000
    1    2
 -0.04917269  0.08102736   -0.03860277 -0.12157477   -0.03237948  0.03702953
 -0.03860277 -0.12157477   -0.04917269  0.08102736   -0.03237948  0.03702953
 -0.03237948  0.03702953   -0.03237948  0.03702953   -0.04774605  0.10017719
    2    1
 -0.04917269 -0.08102736   -0.03860277  0.12157477   -0.03237948 -0.03702953
 -0.03860277  0.12157477   -0.04917269 -0.08102736   -0.03237948 -0.03702953
 -0.03237948 -0.03702953   -0.03237948 -0.03702953   -0.04774605 -0.10017719
    2    2
  0.25067970  0.00000000    0.00128450  0.00000000   -0.00454520 -0.00753330
  0.00128450  0.00000000    0.25067970  0.00000000   -0.00454520 -0.00753330
 -0.00454520  0.00753330   -0.00454520  0.00753330    0.30492865  0.00000000

     Dynamical  Matrix in cartesian axes

     q = (    0.750000000  -0.750000000   0.250000000 ) 

    1    1
  0.25067970  0.00000000   -0.00128450  0.00000000    0.00454520 -0.00753330
 -0.00128450  0.00000000    0.25067970  0.00000000   -0.00454520  0.00753330
  0.00454520  0.00753330   -0.00454520 -0.00753330    0.30492865  0.00000000
    1    2
 -0.08102736 -0.04917269   -0.12157477  0.03860277    0.03702953  0.03237948
 -0.12157477  0.03860277   -0.08102736 -0.04917269   -0.03702953 -0.03237948
  0.03702953  0.03237948   -0.03702953 -0.03237948   -0.10017719 -0.04774605
    2    1
 -0.08102736  0.04917269   -0.12157477 -0.03860277    0.03702953 -0.03237948
 -0.12157477 -0.03860277   -0.08102736  0.04917269   -0.03702953  0.03237948
  0.03702953 -0.03237948   -0.03702953  0.03237948   -0.10017719  0.04774605
    2    2
  0.25067970  0.00000000   -0.00128450  0.00000000    0.00454520  0.00753330
 -0.00128450  0.00000000    0.25067970  0.00000000   -0.00454520 -0.00753330
  0.00454520 -0.00753330   -0.00454520  0.00753330    0.30492865  0.00000000

     Dynamical  Matrix in cartesian axes

     q = (   -0.750000000  -0.750000000  -0.250000000 ) 

    1    1
  0.25067970  0.00000000    0.00128450  0.00000000    0.00454520 -0.00753330
  0.00128450  0.00000000    0.25067970  0.00000000    0.00454520 -0.00753330
  0.00454520  0.00753330    0.00454520  0.00753330    0.30492865  0.00000000
    1    2
  0.08102736  0.04917269   -0.12157477  0.03860277   -0.03702953 -0.03237948
 -0.12157477  0.03860277    0.08102736  0.04917269   -0.03702953 -0.03237948
 -0.03702953 -0.03237948   -0.03702953 -0.03237948    0.10017719  0.04774605
    2    1
  0.08102736 -0.04917269   -0.12157477 -0.03860277   -0.03702953  0.03237948
 -0.12157477 -0.03860277    0.08102736 -0.04917269   -0.03702953  0.03237948
 -0.03702953  0.03237948   -0.03702953  0.03237948    0.10017719 -0.04774605
    2    2
  0.25067970  0.00000000    0.00128450  0.00000000    0.00454520  0.00753330
  0.00128450  0.00000000    0.25067970  0.00000000    0.00454520  0.00753330
  0.00454520 -0.00753330    0.00454520 -0.00753330    0.30492865  0.00000000

     Dynamical  Matrix in cartesian axes

     q = (    0.250000000  -0.750000000   0.750000000 ) 

    1    1
  0.30492865  0.00000000   -0.00454520 -0.00753330    0.00454520  0.00753330
 -0.00454520  0.00753330    0.25067970  0.00000000   -0.00128450  0.00000000
  0.00454520 -0.00753330   -0.00128450  0.00000000    0.25067970  0.00000000
    1    2
 -0.10017719 -0.04774605   -0.03702953 -0.03237948    0.03702953  0.03237948
 -0.03702953 -0.03237948   -0.08102736 -0.04917269   -0.12157477  0.03860277
  0.03702953  0.03237948   -0.12157477  0.03860277   -0.08102736 -0.04917269
    2    1
 -0.10017719  0.04774605   -0.03702953  0.03237948    0.03702953 -0.03237948
 -0.03702953  0.03237948   -0.08102736  0.04917269   -0.12157477 -0.03860277
  0.03702953 -0.03237948   -0.12157477 -0.03860277   -0.08102736  0.04917269
    2    2
  0.30492865  0.00000000   -0.00454520  0.00753330    0.00454520 -0.00753330
 -0.00454520 -0.00753330    0.25067970  0.00000000   -0.00128450  0.00000000
  0.00454520  0.00753330   -0.00128450  0.00000000    0.25067970  0.00000000

     Dynamical  Matrix in cartesian axes

     q = (   -0.750000000  -0.750000000   0.250000000 ) 

    1    1
  0.25067970  0.00000000    0.00128450  0.00000000   -0.00454520 -0.00753330
  0.00128450  0.00000000    0.25067970  0.00000000   -0.00454520 -0.00753330
 -0.00454520  0.00753330   -0.00454520  0.00753330    0.30492865  0.00000000
    1    2
 -0.04917269 -0.08102736   -0.03860277  0.12157477   -0.03237948 -0.03702953
 -0.03860277  0.12157477   -0.04917269 -0.08102736   -0.03237948 -0.03702953
 -0.03237948 -0.03702953   -0.03237948 -0.03702953   -0.04774605 -0.10017719
    2    1
 -0.04917269  0.08102736   -0.03860277 -0.12157477   -0.03237948  0.03702953
 -0.03860277 -0.12157477   -0.04917269  0.08102736   -0.03237948  0.03702953
 -0.03237948  0.03702953   -0.03237948  0.03702953   -0.04774605  0.10017719
    2    2
  0.25067970  0.00000000    0.00128450  0.00000000   -0.00454520  0.00753330
  0.00128450  0.00000000    0.25067970  0.00000000   -0.00454520  0.00753330
 -0.00454520 -0.00753330   -0.00454520 -0.00753330    0.30492865  0.00000000

     Dynamical  Matrix in cartesian axes

     q = (    0.250000000   0.750000000   0.750000000 ) 

    1    1
  0.30492865  0.00000000    0.00454520 -0.00753330    0.00454520 -0.00753330
  0.00454520  0.00753330    0.25067970  0.00000000    0.00128450  0.00000000
  0.00454520  0.00753330    0.00128450  0.00000000    0.25067970  0.00000000
    1    2
  0.10017719 -0.04774605   -0.03702953  0.03237948   -0.03702953  0.03237948
 -0.03702953  0.03237948    0.08102736 -0.04917269   -0.12157477 -0.03860277
 -0.03702953  0.03237948   -0.12157477 -0.03860277    0.08102736 -0.04917269
    2    1
  0.10017719  0.04774605   -0.03702953 -0.03237948   -0.03702953 -0.03237948
 -0.03702953 -0.03237948    0.08102736  0.04917269   -0.12157477  0.03860277
 -0.03702953 -0.03237948   -0.12157477  0.03860277    0.08102736  0.04917269
    2    2
  0.30492865  0.00000000    0.00454520  0.00753330    0.00454520  0.00753330
  0.00454520 -0.00753330    0.25067970  0.00000000    0.00128450  0.00000000
  0.00454520 -0.00753330    0.00128450  0.00000000    0.25067970  0.00000000

     Dynamical  Matrix in cartesian axes

     q = (   -0.250000000  -0.750000000   0.750000000 ) 

    1    1
  0.30492865  0.00000000    0.00454520 -0.00753330   -0.00454520  0.00753330
  0.00454520  0.00753330    0.25067970  0.00000000   -0.00128450  0.00000000
 -0.00454520 -0.00753330   -0.00128450  0.00000000    0.25067970  0.00000000
    1    2
 -0.10017719  0.04774605    0.03702953 -0.03237948   -0.03702953  0.03237948
  0.03702953 -0.03237948   -0.08102736  0.04917269   -0.12157477 -0.03860277
 -0.03702953  0.03237948   -0.12157477 -0.03860277   -0.08102736  0.04917269
    2    1
 -0.10017719 -0.04774605    0.03702953  0.03237948   -0.03702953 -0.03237948
  0.03702953  0.03237948   -0.08102736 -0.04917269   -0.12157477  0.03860277
 -0.03702953 -0.03237948   -0.12157477  0.03860277   -0.08102736 -0.04917269
    2    2
  0.30492865  0.00000000    0.00454520  0.00753330   -0.00454520 -0.00753330
  0.00454520 -0.00753330    0.25067970  0.00000000   -0.00128450  0.00000000
 -0.00454520  0.00753330   -0.00128450  0.00000000    0.25067970  0.00000000

     Dynamical  Matrix in cartesian axes

     q = (    0.750000000   0.750000000   0.250000000 ) 

    1    1
  0.25067970  0.00000000    0.00128450  0.00000000    0.00454520  0.00753330
  0.00128450  0.00000000    0.25067970  0.00000000    0.00454520  0.00753330
  0.00454520 -0.00753330    0.00454520 -0.00753330    0.30492865  0.00000000
    1    2
  0.08102736 -0.04917269   -0.12157477 -0.03860277   -0.03702953  0.03237948
 -0.12157477 -0.03860277    0.08102736 -0.04917269   -0.03702953  0.03237948
 -0.03702953  0.03237948   -0.03702953  0.03237948    0.10017719 -0.04774605
    2    1
  0.08102736  0.04917269   -0.12157477  0.03860277   -0.03702953 -0.03237948
 -0.12157477  0.03860277    0.08102736  0.04917269   -0.03702953 -0.03237948
 -0.03702953 -0.03237948   -0.03702953 -0.03237948    0.10017719  0.04774605
    2    2
  0.25067970  0.00000000    0.00128450  0.00000000    0.00454520 -0.00753330
  0.00128450  0.00000000    0.25067970  0.00000000    0.00454520 -0.00753330
  0.00454520  0.00753330    0.00454520  0.00753330    0.30492865  0.00000000

     Dynamical  Matrix in cartesian axes

     q = (    0.250000000  -0.750000000  -0.750000000 ) 

    1    1
  0.30492865  0.00000000   -0.00454520  0.00753330   -0.00454520  0.00753330
 -0.00454520 -0.00753330    0.25067970  0.00000000    0.00128450  0.00000000
 -0.00454520 -0.00753330    0.00128450  0.00000000    0.25067970  0.00000000
    1    2
 -0.04774605 -0.10017719   -0.03237948 -0.03702953   -0.03237948 -0.03702953
 -0.03237948 -0.03702953   -0.04917269 -0.08102736   -0.03860277  0.12157477
 -0.03237948 -0.03702953   -0.03860277  0.12157477   -0.04917269 -0.08102736
    2    1
 -0.04774605  0.10017719   -0.03237948  0.03702953   -0.03237948  0.03702953
 -0.03237948  0.03702953   -0.04917269  0.08102736   -0.03860277 -0.12157477
 -0.03237948  0.03702953   -0.03860277 -0.12157477   -0.04917269  0.08102736
    2    2
  0.30492865  0.00000000   -0.00454520 -0.00753330   -0.00454520 -0.00753330
 -0.00454520  0.00753330    0.25067970  0.00000000    0.00128450  0.00000000
 -0.00454520  0.00753330    0.00128450  0.00000000    0.25067970  0.00000000

     Dynamical  Matrix in cartesian axes

     q = (    0.750000000  -0.750000000  -0.250000000 ) 

    1    1
  0.25067970  0.00000000   -0.00128450  0.00000000   -0.00454520 -0.00753330
 -0.00128450  0.00000000    0.25067970  0.00000000    0.00454520  0.00753330
 -0.00454520  0.00753330    0.00454520 -0.00753330    0.30492865  0.00000000
    1    2
 -0.08102736  0.04917269   -0.12157477 -0.03860277   -0.03702953  0.03237948
 -0.12157477 -0.03860277   -0.08102736  0.04917269    0.03702953 -0.03237948
 -0.03702953  0.03237948    0.03702953 -0.03237948   -0.10017719  0.04774605
    2    1
 -0.08102736 -0.04917269   -0.12157477  0.03860277   -0.03702953 -0.03237948
 -0.12157477  0.03860277   -0.08102736 -0.04917269    0.03702953  0.03237948
 -0.03702953 -0.03237948    0.03702953  0.03237948   -0.10017719 -0.04774605
    2    2
  0.25067970  0.00000000   -0.00128450  0.00000000   -0.00454520  0.00753330
 -0.00128450  0.00000000    0.25067970  0.00000000    0.00454520 -0.00753330
 -0.00454520 -0.00753330    0.00454520  0.00753330    0.30492865  0.00000000

     Diagonalizing the dynamical matrix

     q = (    0.750000000  -0.250000000   0.750000000 ) 

 **************************************************************************
     freq (    1) =       4.434794 [THz] =     147.928793 [cm-1]
 (  0.026050 -0.499321  0.000000 -0.000000 -0.026050  0.499321 ) 
 (  0.500000  0.000000  0.000000  0.000000 -0.500000  0.000000 ) 
     freq (    2) =       6.821452 [THz] =     227.539138 [cm-1]
 ( -0.392992 -0.064859 -0.367357  0.218518 -0.392992 -0.064859 ) 
 ( -0.398308 -0.000000 -0.326871 -0.275420 -0.398308  0.000000 ) 
     freq (    3) =       9.635741 [THz] =     321.413736 [cm-1]
 (  0.028792  0.337240 -0.475286 -0.212091  0.028792  0.337240 ) 
 (  0.338467 -0.000000 -0.251753 -0.455522  0.338467  0.000000 ) 
     freq (    4) =      11.757511 [THz] =     392.188354 [cm-1]
 ( -0.248099 -0.307389  0.385121  0.198996 -0.248099 -0.307389 ) 
 (  0.395021 -0.000000 -0.396732 -0.174703  0.395021  0.000000 ) 
     freq (    5) =      13.828189 [THz] =     461.258731 [cm-1]
 ( -0.026050  0.499321  0.000000 -0.000000  0.026050 -0.499321 ) 
 (  0.500000  0.000000 -0.000000 -0.000000 -0.500000  0.000000 ) 
     freq (    6) =      13.902679 [THz] =     463.743466 [cm-1]
 ( -0.256678 -0.069753 -0.517255  0.301578 -0.256678 -0.069753 ) 
 (  0.265987  0.000000  0.420065  0.426670  0.265987  0.000000 ) 
 **************************************************************************
