Dynamical matrix file
                                                                           
  1    2  2 10.3340000  0.0000000  0.0000000  0.0000000  0.0000000  0.0000000
           1  'Si  '    25598.822984527003     
    1    1      0.0000000000      0.0000000000      0.0000000000
    2    1      0.2500000000      0.2500000000      0.2500000000

     Dynamical  Matrix in cartesian axes

     q = (   -0.250000000   0.250000000  -0.250000000 ) 

    1    1
  0.26918177  0.00000000   -0.01170657  0.00000000    0.01170657  0.00000000
 -0.01170657  0.00000000    0.26918177  0.00000000   -0.01170657  0.00000000
  0.01170657  0.00000000   -0.01170657  0.00000000    0.26918177  0.00000000
    1    2
 -0.20044447 -0.05815464   -0.03795712  0.03966810    0.03795712 -0.03966810
 -0.03795712  0.03966810   -0.20044447 -0.05815464   -0.03795712  0.03966810
  0.03795712 -0.03966810   -0.03795712  0.03966810   -0.20044447 -0.05815464
    2    1
 -0.20044447  0.05815464   -0.03795712 -0.03966810    0.03795712  0.03966810
 -0.03795712 -0.03966810   -0.20044447  0.05815464   -0.03795712 -0.03966810
  0.03795712  0.03966810   -0.03795712 -0.03966810   -0.20044447  0.05815464
    2    2
  0.26918177  0.00000000   -0.01170657  0.00000000    0.01170657  0.00000000
 -0.01170657  0.00000000    0.26918177  0.00000000   -0.01170657  0.00000000
  0.01170657  0.00000000   -0.01170657  0.00000000    0.26918177  0.00000000

     Dynamical  Matrix in cartesian axes

     q = (    0.250000000  -0.250000000  -0.250000000 ) 

    1    1
  0.26918177  0.00000000   -0.01170657  0.00000000   -0.01170657  0.00000000
 -0.01170657  0.00000000    0.26918177  0.00000000    0.01170657  0.00000000
 -0.01170657  0.00000000    0.01170657  0.00000000    0.26918177  0.00000000
    1    2
 -0.20044447 -0.05815464   -0.03795712  0.03966810   -0.03795712  0.03966810
 -0.03795712  0.03966810   -0.20044447 -0.05815464    0.03795712 -0.03966810
 -0.03795712  0.03966810    0.03795712 -0.03966810   -0.20044447 -0.05815464
    2    1
 -0.20044447  0.05815464   -0.03795712 -0.03966810   -0.03795712 -0.03966810
 -0.03795712 -0.03966810   -0.20044447  0.05815464    0.03795712  0.03966810
 -0.03795712 -0.03966810    0.03795712  0.03966810   -0.20044447  0.05815464
    2    2
  0.26918177  0.00000000   -0.01170657  0.00000000   -0.01170657  0.00000000
 -0.01170657  0.00000000    0.26918177  0.00000000    0.01170657  0.00000000
 -0.01170657  0.00000000    0.01170657  0.00000000    0.26918177  0.00000000

     Dynamical  Matrix in cartesian axes

     q = (    0.250000000  -0.250000000   0.250000000 ) 

    1    1
  0.26918177  0.00000000   -0.01170657  0.00000000    0.01170657  0.00000000
 -0.01170657  0.00000000    0.26918177  0.00000000   -0.01170657  0.00000000
  0.01170657  0.00000000   -0.01170657  0.00000000    0.26918177  0.00000000
    1    2
 -0.20044447  0.05815464   -0.03795712 -0.03966810    0.03795712  0.03966810
 -0.03795712 -0.03966810   -0.20044447  0.05815464   -0.03795712 -0.03966810
  0.03795712  0.03966810   -0.03795712 -0.03966810   -0.20044447  0.05815464
    2    1
 -0.20044447 -0.05815464   -0.03795712  0.03966810    0.03795712 -0.03966810
 -0.03795712  0.03966810   -0.20044447 -0.05815464   -0.03795712  0.03966810
  0.03795712 -0.03966810   -0.03795712  0.03966810   -0.20044447 -0.05815464
    2    2
  0.26918177  0.00000000   -0.01170657  0.00000000    0.01170657  0.00000000
 -0.01170657  0.00000000    0.26918177  0.00000000   -0.01170657  0.00000000
  0.01170657  0.00000000   -0.01170657  0.00000000    0.26918177  0.00000000

     Dynamical  Matrix in cartesian axes

     q = (    0.250000000   0.250000000   0.250000000 ) 

    1    1
  0.26918177  0.00000000    0.01170657  0.00000000    0.01170657  0.00000000
  0.01170657  0.00000000    0.26918177  0.00000000    0.01170657  0.00000000
  0.01170657  0.00000000    0.01170657  0.00000000    0.26918177  0.00000000
    1    2
 -0.05815464  0.20044447   -0.03966810 -0.03795712   -0.03966810 -0.03795712
 -0.03966810 -0.03795712   -0.05815464  0.20044447   -0.03966810 -0.03795712
 -0.03966810 -0.03795712   -0.03966810 -0.03795712   -0.05815464  0.20044447
    2    1
 -0.05815464 -0.20044447   -0.03966810  0.03795712   -0.03966810  0.03795712
 -0.03966810  0.03795712   -0.05815464 -0.20044447   -0.03966810  0.03795712
 -0.03966810  0.03795712   -0.03966810  0.03795712   -0.05815464 -0.20044447
    2    2
  0.26918177  0.00000000    0.01170657  0.00000000    0.01170657  0.00000000
  0.01170657  0.00000000    0.26918177  0.00000000    0.01170657  0.00000000
  0.01170657  0.00000000    0.01170657  0.00000000    0.26918177  0.00000000

     Dynamical  Matrix in cartesian axes

     q = (   -0.250000000  -0.250000000  -0.250000000 ) 

    1    1
  0.26918177  0.00000000    0.01170657  0.00000000    0.01170657  0.00000000
  0.01170657  0.00000000    0.26918177  0.00000000    0.01170657  0.00000000
  0.01170657  0.00000000    0.01170657  0.00000000    0.26918177  0.00000000
    1    2
 -0.05815464 -0.20044447   -0.03966810  0.03795712   -0.03966810  0.03795712
 -0.03966810  0.03795712   -0.05815464 -0.20044447   -0.03966810  0.03795712
 -0.03966810  0.03795712   -0.03966810  0.03795712   -0.05815464 -0.20044447
    2    1
 -0.05815464  0.20044447   -0.03966810 -0.03795712   -0.03966810 -0.03795712
 -0.03966810 -0.03795712   -0.05815464  0.20044447   -0.03966810 -0.03795712
 -0.03966810 -0.03795712   -0.03966810 -0.03795712   -0.05815464  0.20044447
    2    2
  0.26918177  0.00000000    0.01170657  0.00000000    0.01170657  0.00000000
  0.01170657  0.00000000    0.26918177  0.00000000    0.01170657  0.00000000
  0.01170657  0.00000000    0.01170657  0.00000000    0.26918177  0.00000000

     Dynamical  Matrix in cartesian axes

     q = (   -0.250000000  -0.250000000   0.250000000 ) 

    1    1
  0.26918177  0.00000000    0.01170657  0.00000000   -0.01170657  0.00000000
  0.01170657  0.00000000    0.26918177  0.00000000   -0.01170657  0.00000000
 -0.01170657  0.00000000   -0.01170657  0.00000000    0.26918177  0.00000000
    1    2
 -0.20044447 -0.05815464    0.03795712 -0.03966810   -0.03795712  0.03966810
  0.03795712 -0.03966810   -0.20044447 -0.05815464   -0.03795712  0.03966810
 -0.03795712  0.03966810   -0.03795712  0.03966810   -0.20044447 -0.05815464
    2    1
 -0.20044447  0.05815464    0.03795712  0.03966810   -0.03795712 -0.03966810
  0.03795712  0.03966810   -0.20044447  0.05815464   -0.03795712 -0.03966810
 -0.03795712 -0.03966810   -0.03795712 -0.03966810   -0.20044447  0.05815464
    2    2
  0.26918177  0.00000000    0.01170657  0.00000000   -0.01170657  0.00000000
  0.01170657  0.00000000    0.26918177  0.00000000   -0.01170657  0.00000000
 -0.01170657  0.00000000   -0.01170657  0.00000000    0.26918177  0.00000000

     Dynamical  Matrix in cartesian axes

     q = (   -0.250000000   0.250000000   0.250000000 ) 

    1    1
  0.26918177  0.00000000   -0.01170657  0.00000000   -0.01170657  0.00000000
 -0.01170657  0.00000000    0.26918177  0.00000000    0.01170657  0.00000000
 -0.01170657  0.00000000    0.01170657  0.00000000    0.26918177  0.00000000
    1    2
 -0.20044447  0.05815464   -0.03795712 -0.03966810   -0.03795712 -0.03966810
 -0.03795712 -0.03966810   -0.20044447  0.05815464    0.03795712  0.03966810
 -0.03795712 -0.03966810    0.03795712  0.03966810   -0.20044447  0.05815464
    2    1
 -0.20044447 -0.05815464   -0.03795712  0.03966810   -0.03795712  0.03966810
 -0.03795712  0.03966810   -0.20044447 -0.05815464    0.03795712 -0.03966810
 -0.03795712  0.03966810    0.03795712 -0.03966810   -0.20044447 -0.05815464
    2    2
  0.26918177  0.00000000   -0.01170657  0.00000000   -0.01170657  0.00000000
 -0.01170657  0.00000000    0.26918177  0.00000000    0.01170657  0.00000000
 -0.01170657  0.00000000    0.01170657  0.00000000    0.26918177  0.00000000

     Dynamical  Matrix in cartesian axes

     q = (    0.250000000   0.250000000  -0.250000000 ) 

    1    1
  0.26918177  0.00000000    0.01170657  0.00000000   -0.01170657  0.00000000
  0.01170657  0.00000000    0.26918177  0.00000000   -0.01170657  0.00000000
 -0.01170657  0.00000000   -0.01170657  0.00000000    0.26918177  0.00000000
    1    2
 -0.20044447  0.05815464    0.03795712  0.03966810   -0.03795712 -0.03966810
  0.03795712  0.03966810   -0.20044447  0.05815464   -0.03795712 -0.03966810
 -0.03795712 -0.03966810   -0.03795712 -0.03966810   -0.20044447  0.05815464
    2    1
 -0.20044447 -0.05815464    0.03795712 -0.03966810   -0.03795712  0.03966810
  0.03795712 -0.03966810   -0.20044447 -0.05815464   -0.03795712  0.03966810
 -0.03795712  0.03966810   -0.03795712  0.03966810   -0.20044447 -0.05815464
    2    2
  0.26918177  0.00000000    0.01170657  0.00000000   -0.01170657  0.00000000
  0.01170657  0.00000000    0.26918177  0.00000000   -0.01170657  0.00000000
 -0.01170657  0.00000000   -0.01170657  0.00000000    0.26918177  0.00000000

     Diagonalizing the dynamical matrix

     q = (   -0.250000000   0.250000000  -0.250000000 ) 

 **************************************************************************
     freq (    1) =       2.785973 [THz] =      92.930051 [cm-1]
 ( -0.446436  0.254632 -0.410193  0.257443  0.036243  0.002810 ) 
 ( -0.425414  0.288385 -0.389062  0.288385  0.036352  0.000000 ) 
     freq (    2) =       2.785973 [THz] =      92.930051 [cm-1]
 ( -0.260218 -0.038427  0.314262  0.006121  0.574480  0.044547 ) 
 ( -0.262410 -0.018194  0.313794 -0.018194  0.576205  0.000000 ) 
     freq (    3) =       6.728877 [THz] =     224.451168 [cm-1]
 ( -0.274061 -0.302584  0.274061  0.302584 -0.274061 -0.302584 ) 
 ( -0.408248 -0.000000  0.408248  0.000000 -0.408248  0.000000 ) 
     freq (    4) =      14.217513 [THz] =     474.245190 [cm-1]
 (  0.274061  0.302584 -0.274061 -0.302584  0.274061  0.302584 ) 
 ( -0.408248  0.000000  0.408248  0.000000 -0.408248  0.000000 ) 
     freq (    5) =      14.489891 [THz] =     483.330724 [cm-1]
 (  0.473989 -0.167839  0.022007 -0.202887 -0.451983 -0.035048 ) 
 ( -0.459595  0.203981 -0.006255  0.203981  0.453340  0.000000 ) 
     freq (    6) =      14.489891 [THz] =     483.330724 [cm-1]
 ( -0.136247  0.248866 -0.492691  0.221226 -0.356444 -0.027640 ) 
 (  0.116599 -0.258655  0.474113 -0.258655  0.357514  0.000000 ) 
 **************************************************************************
