Dynamical matrix file
                                                                           
  1    2  2 10.3340000  0.0000000  0.0000000  0.0000000  0.0000000  0.0000000
           1  'Si  '    25598.822984527003     
    1    1      0.0000000000      0.0000000000      0.0000000000
    2    1      0.2500000000      0.2500000000      0.2500000000

     Dynamical  Matrix in cartesian axes

     q = (    0.750000000  -0.250000000   0.750000000 ) 

    1    1
  0.24565025  0.00000000   -0.00629152  0.00766923    0.00584561  0.00000000
 -0.00629152 -0.00766923    0.29688405  0.00000000   -0.00629152 -0.00766923
  0.00584561  0.00000000   -0.00629152  0.00766923    0.24565025  0.00000000
    1    2
 -0.06031430  0.06142179   -0.04078097  0.04316907   -0.04114398 -0.13493014
 -0.04078097  0.04316907   -0.05869474  0.07987949   -0.04078097  0.04316907
 -0.04114398 -0.13493014   -0.04078097  0.04316907   -0.06031430  0.06142179
    2    1
 -0.06031430 -0.06142179   -0.04078097 -0.04316907   -0.04114398  0.13493014
 -0.04078097 -0.04316907   -0.05869474 -0.07987949   -0.04078097 -0.04316907
 -0.04114398  0.13493014   -0.04078097 -0.04316907   -0.06031430 -0.06142179
    2    2
  0.24565025  0.00000000   -0.00629152 -0.00766923    0.00584561  0.00000000
 -0.00629152  0.00766923    0.29688405  0.00000000   -0.00629152  0.00766923
  0.00584561  0.00000000   -0.00629152 -0.00766923    0.24565025  0.00000000

     Dynamical  Matrix in cartesian axes

     q = (    0.750000000  -0.250000000  -0.750000000 ) 

    1    1
  0.24565025  0.00000000   -0.00629152 -0.00766923   -0.00584561  0.00000000
 -0.00629152  0.00766923    0.29688405  0.00000000    0.00629152 -0.00766923
 -0.00584561  0.00000000    0.00629152  0.00766923    0.24565025  0.00000000
    1    2
 -0.06142179  0.06031430   -0.04316907  0.04078097   -0.13493014 -0.04114398
 -0.04316907  0.04078097   -0.07987949  0.05869474    0.04316907 -0.04078097
 -0.13493014 -0.04114398    0.04316907 -0.04078097   -0.06142179  0.06031430
    2    1
 -0.06142179 -0.06031430   -0.04316907 -0.04078097   -0.13493014  0.04114398
 -0.04316907 -0.04078097   -0.07987949 -0.05869474    0.04316907  0.04078097
 -0.13493014  0.04114398    0.04316907  0.04078097   -0.06142179 -0.06031430
    2    2
  0.24565025  0.00000000   -0.00629152  0.00766923   -0.00584561  0.00000000
 -0.00629152 -0.00766923    0.29688405  0.00000000    0.00629152  0.00766923
 -0.00584561  0.00000000    0.00629152 -0.00766923    0.24565025  0.00000000

     Dynamical  Matrix in cartesian axes

     q = (   -0.750000000  -0.250000000  -0.750000000 ) 

    1    1
  0.24565025  0.00000000    0.00629152 -0.00766923    0.00584561  0.00000000
  0.00629152  0.00766923    0.29688405  0.00000000    0.00629152  0.00766923
  0.00584561  0.00000000    0.00629152 -0.00766923    0.24565025  0.00000000
    1    2
  0.06142179  0.06031430   -0.04316907 -0.04078097   -0.13493014  0.04114398
 -0.04316907 -0.04078097    0.07987949  0.05869474   -0.04316907 -0.04078097
 -0.13493014  0.04114398   -0.04316907 -0.04078097    0.06142179  0.06031430
    2    1
  0.06142179 -0.06031430   -0.04316907  0.04078097   -0.13493014 -0.04114398
 -0.04316907  0.04078097    0.07987949 -0.05869474   -0.04316907  0.04078097
 -0.13493014 -0.04114398   -0.04316907  0.04078097    0.06142179 -0.06031430
    2    2
  0.24565025  0.00000000    0.00629152  0.00766923    0.00584561  0.00000000
  0.00629152 -0.00766923    0.29688405  0.00000000    0.00629152 -0.00766923
  0.00584561  0.00000000    0.00629152  0.00766923    0.24565025  0.00000000

     Dynamical  Matrix in cartesian axes

     q = (   -0.750000000  -0.250000000   0.750000000 ) 

    1    1
  0.24565025  0.00000000    0.00629152  0.00766923   -0.00584561  0.00000000
  0.00629152 -0.00766923    0.29688405  0.00000000   -0.00629152  0.00766923
 -0.00584561  0.00000000   -0.00629152 -0.00766923    0.24565025  0.00000000
    1    2
 -0.06142179  0.06031430    0.04316907 -0.04078097   -0.13493014 -0.04114398
  0.04316907 -0.04078097   -0.07987949  0.05869474   -0.04316907  0.04078097
 -0.13493014 -0.04114398   -0.04316907  0.04078097   -0.06142179  0.06031430
    2    1
 -0.06142179 -0.06031430    0.04316907  0.04078097   -0.13493014  0.04114398
  0.04316907  0.04078097   -0.07987949 -0.05869474   -0.04316907 -0.04078097
 -0.13493014  0.04114398   -0.04316907 -0.04078097   -0.06142179 -0.06031430
    2    2
  0.24565025  0.00000000    0.00629152 -0.00766923   -0.00584561  0.00000000
  0.00629152  0.00766923    0.29688405  0.00000000   -0.00629152 -0.00766923
 -0.00584561  0.00000000   -0.00629152  0.00766923    0.24565025  0.00000000

     Dynamical  Matrix in cartesian axes

     q = (   -0.750000000   0.250000000  -0.750000000 ) 

    1    1
  0.24565025  0.00000000   -0.00629152 -0.00766923    0.00584561  0.00000000
 -0.00629152  0.00766923    0.29688405  0.00000000   -0.00629152  0.00766923
  0.00584561  0.00000000   -0.00629152 -0.00766923    0.24565025  0.00000000
    1    2
 -0.06031430 -0.06142179   -0.04078097 -0.04316907   -0.04114398  0.13493014
 -0.04078097 -0.04316907   -0.05869474 -0.07987949   -0.04078097 -0.04316907
 -0.04114398  0.13493014   -0.04078097 -0.04316907   -0.06031430 -0.06142179
    2    1
 -0.06031430  0.06142179   -0.04078097  0.04316907   -0.04114398 -0.13493014
 -0.04078097  0.04316907   -0.05869474  0.07987949   -0.04078097  0.04316907
 -0.04114398 -0.13493014   -0.04078097  0.04316907   -0.06031430  0.06142179
    2    2
  0.24565025  0.00000000   -0.00629152  0.00766923    0.00584561  0.00000000
 -0.00629152 -0.00766923    0.29688405  0.00000000   -0.00629152 -0.00766923
  0.00584561  0.00000000   -0.00629152  0.00766923    0.24565025  0.00000000

     Dynamical  Matrix in cartesian axes

     q = (   -0.250000000   0.750000000  -0.750000000 ) 

    1    1
  0.29688405  0.00000000   -0.00629152  0.00766923    0.00629152 -0.00766923
 -0.00629152 -0.00766923    0.24565025  0.00000000   -0.00584561  0.00000000
  0.00629152  0.00766923   -0.00584561  0.00000000    0.24565025  0.00000000
    1    2
 -0.07987949  0.05869474   -0.04316907  0.04078097    0.04316907 -0.04078097
 -0.04316907  0.04078097   -0.06142179  0.06031430   -0.13493014 -0.04114398
  0.04316907 -0.04078097   -0.13493014 -0.04114398   -0.06142179  0.06031430
    2    1
 -0.07987949 -0.05869474   -0.04316907 -0.04078097    0.04316907  0.04078097
 -0.04316907 -0.04078097   -0.06142179 -0.06031430   -0.13493014  0.04114398
  0.04316907  0.04078097   -0.13493014  0.04114398   -0.06142179 -0.06031430
    2    2
  0.29688405  0.00000000   -0.00629152 -0.00766923    0.00629152  0.00766923
 -0.00629152  0.00766923    0.24565025  0.00000000   -0.00584561  0.00000000
  0.00629152 -0.00766923   -0.00584561  0.00000000    0.24565025  0.00000000

     Dynamical  Matrix in cartesian axes

     q = (   -0.750000000   0.750000000  -0.250000000 ) 

    1    1
  0.24565025  0.00000000   -0.00584561  0.00000000    0.00629152  0.00766923
 -0.00584561  0.00000000    0.24565025  0.00000000   -0.00629152 -0.00766923
  0.00629152 -0.00766923   -0.00629152  0.00766923    0.29688405  0.00000000
    1    2
 -0.06142179  0.06031430   -0.13493014 -0.04114398    0.04316907 -0.04078097
 -0.13493014 -0.04114398   -0.06142179  0.06031430   -0.04316907  0.04078097
  0.04316907 -0.04078097   -0.04316907  0.04078097   -0.07987949  0.05869474
    2    1
 -0.06142179 -0.06031430   -0.13493014  0.04114398    0.04316907  0.04078097
 -0.13493014  0.04114398   -0.06142179 -0.06031430   -0.04316907 -0.04078097
  0.04316907  0.04078097   -0.04316907 -0.04078097   -0.07987949 -0.05869474
    2    2
  0.24565025  0.00000000   -0.00584561  0.00000000    0.00629152 -0.00766923
 -0.00584561  0.00000000    0.24565025  0.00000000   -0.00629152  0.00766923
  0.00629152  0.00766923   -0.00629152 -0.00766923    0.29688405  0.00000000

     Dynamical  Matrix in cartesian axes

     q = (    0.750000000   0.250000000   0.750000000 ) 

    1    1
  0.24565025  0.00000000    0.00629152  0.00766923    0.00584561  0.00000000
  0.00629152 -0.00766923    0.29688405  0.00000000    0.00629152 -0.00766923
  0.00584561  0.00000000    0.00629152  0.00766923    0.24565025  0.00000000
    1    2
  0.06142179 -0.06031430   -0.04316907  0.04078097   -0.13493014 -0.04114398
 -0.04316907  0.04078097    0.07987949 -0.05869474   -0.04316907  0.04078097
 -0.13493014 -0.04114398   -0.04316907  0.04078097    0.06142179 -0.06031430
    2    1
  0.06142179  0.06031430   -0.04316907 -0.04078097   -0.13493014  0.04114398
 -0.04316907 -0.04078097    0.07987949  0.05869474   -0.04316907 -0.04078097
 -0.13493014  0.04114398   -0.04316907 -0.04078097    0.06142179  0.06031430
    2    2
  0.24565025  0.00000000    0.00629152 -0.00766923    0.00584561  0.00000000
  0.00629152  0.00766923    0.29688405  0.00000000    0.00629152  0.00766923
  0.00584561  0.00000000    0.00629152 -0.00766923    0.24565025  0.00000000

     Dynamical  Matrix in cartesian axes

     q = (   -0.750000000   0.250000000   0.750000000 ) 

    1    1
  0.24565025  0.00000000   -0.00629152  0.00766923   -0.00584561  0.00000000
 -0.00629152 -0.00766923    0.29688405  0.00000000    0.00629152  0.00766923
 -0.00584561  0.00000000    0.00629152 -0.00766923    0.24565025  0.00000000
    1    2
 -0.06142179 -0.06031430   -0.04316907 -0.04078097   -0.13493014  0.04114398
 -0.04316907 -0.04078097   -0.07987949 -0.05869474    0.04316907  0.04078097
 -0.13493014  0.04114398    0.04316907  0.04078097   -0.06142179 -0.06031430
    2    1
 -0.06142179  0.06031430   -0.04316907  0.04078097   -0.13493014 -0.04114398
 -0.04316907  0.04078097   -0.07987949  0.05869474    0.04316907 -0.04078097
 -0.13493014 -0.04114398    0.04316907 -0.04078097   -0.06142179  0.06031430
    2    2
  0.24565025  0.00000000   -0.00629152 -0.00766923   -0.00584561  0.00000000
 -0.00629152  0.00766923    0.29688405  0.00000000    0.00629152 -0.00766923
 -0.00584561  0.00000000    0.00629152  0.00766923    0.24565025  0.00000000

     Dynamical  Matrix in cartesian axes

     q = (    0.750000000   0.250000000  -0.750000000 ) 

    1    1
  0.24565025  0.00000000    0.00629152 -0.00766923   -0.00584561  0.00000000
  0.00629152  0.00766923    0.29688405  0.00000000   -0.00629152 -0.00766923
 -0.00584561  0.00000000   -0.00629152  0.00766923    0.24565025  0.00000000
    1    2
 -0.06142179 -0.06031430    0.04316907  0.04078097   -0.13493014  0.04114398
  0.04316907  0.04078097   -0.07987949 -0.05869474   -0.04316907 -0.04078097
 -0.13493014  0.04114398   -0.04316907 -0.04078097   -0.06142179 -0.06031430
    2    1
 -0.06142179  0.06031430    0.04316907 -0.04078097   -0.13493014 -0.04114398
  0.04316907 -0.04078097   -0.07987949  0.05869474   -0.04316907  0.04078097
 -0.13493014 -0.04114398   -0.04316907  0.04078097   -0.06142179  0.06031430
    2    2
  0.24565025  0.00000000    0.00629152  0.00766923   -0.00584561  0.00000000
  0.00629152 -0.00766923    0.29688405  0.00000000   -0.00629152  0.00766923
 -0.00584561  0.00000000   -0.00629152 -0.00766923    0.24565025  0.00000000

     Dynamical  Matrix in cartesian axes

     q = (   -0.750000000   0.750000000   0.250000000 ) 

    1    1
  0.24565025  0.00000000   -0.00584561  0.00000000   -0.00629152  0.00766923
 -0.00584561  0.00000000    0.24565025  0.00000000    0.00629152 -0.00766923
 -0.00629152 -0.00766923    0.00629152  0.00766923    0.29688405  0.00000000
    1    2
 -0.06142179 -0.06031430   -0.13493014  0.04114398   -0.04316907 -0.04078097
 -0.13493014  0.04114398   -0.06142179 -0.06031430    0.04316907  0.04078097
 -0.04316907 -0.04078097    0.04316907  0.04078097   -0.07987949 -0.05869474
    2    1
 -0.06142179  0.06031430   -0.13493014 -0.04114398   -0.04316907  0.04078097
 -0.13493014 -0.04114398   -0.06142179  0.06031430    0.04316907 -0.04078097
 -0.04316907  0.04078097    0.04316907 -0.04078097   -0.07987949  0.05869474
    2    2
  0.24565025  0.00000000   -0.00584561  0.00000000   -0.00629152 -0.00766923
 -0.00584561  0.00000000    0.24565025  0.00000000    0.00629152  0.00766923
 -0.00629152  0.00766923    0.00629152 -0.00766923    0.29688405  0.00000000

     Dynamical  Matrix in cartesian axes

     q = (   -0.250000000   0.750000000   0.750000000 ) 

    1    1
  0.29688405  0.00000000   -0.00629152 -0.00766923   -0.00629152 -0.00766923
 -0.00629152  0.00766923    0.24565025  0.00000000    0.00584561  0.00000000
 -0.00629152  0.00766923    0.00584561  0.00000000    0.24565025  0.00000000
    1    2
 -0.05869474  0.07987949   -0.04078097  0.04316907   -0.04078097  0.04316907
 -0.04078097  0.04316907   -0.06031430  0.06142179   -0.04114398 -0.13493014
 -0.04078097  0.04316907   -0.04114398 -0.13493014   -0.06031430  0.06142179
    2    1
 -0.05869474 -0.07987949   -0.04078097 -0.04316907   -0.04078097 -0.04316907
 -0.04078097 -0.04316907   -0.06031430 -0.06142179   -0.04114398  0.13493014
 -0.04078097 -0.04316907   -0.04114398  0.13493014   -0.06031430 -0.06142179
    2    2
  0.29688405  0.00000000   -0.00629152  0.00766923   -0.00629152  0.00766923
 -0.00629152 -0.00766923    0.24565025  0.00000000    0.00584561  0.00000000
 -0.00629152 -0.00766923    0.00584561  0.00000000    0.24565025  0.00000000

     Dynamical  Matrix in cartesian axes

     q = (    0.250000000   0.750000000  -0.750000000 ) 

    1    1
  0.29688405  0.00000000    0.00629152  0.00766923   -0.00629152 -0.00766923
  0.00629152 -0.00766923    0.24565025  0.00000000   -0.00584561  0.00000000
 -0.00629152  0.00766923   -0.00584561  0.00000000    0.24565025  0.00000000
    1    2
 -0.07987949 -0.05869474    0.04316907  0.04078097   -0.04316907 -0.04078097
  0.04316907  0.04078097   -0.06142179 -0.06031430   -0.13493014  0.04114398
 -0.04316907 -0.04078097   -0.13493014  0.04114398   -0.06142179 -0.06031430
    2    1
 -0.07987949  0.05869474    0.04316907 -0.04078097   -0.04316907  0.04078097
  0.04316907 -0.04078097   -0.06142179  0.06031430   -0.13493014 -0.04114398
 -0.04316907  0.04078097   -0.13493014 -0.04114398   -0.06142179  0.06031430
    2    2
  0.29688405  0.00000000    0.00629152 -0.00766923   -0.00629152  0.00766923
  0.00629152  0.00766923    0.24565025  0.00000000   -0.00584561  0.00000000
 -0.00629152 -0.00766923   -0.00584561  0.00000000    0.24565025  0.00000000

     Dynamical  Matrix in cartesian axes

     q = (   -0.250000000  -0.750000000  -0.750000000 ) 

    1    1
  0.29688405  0.00000000    0.00629152  0.00766923    0.00629152  0.00766923
  0.00629152 -0.00766923    0.24565025  0.00000000    0.00584561  0.00000000
  0.00629152 -0.00766923    0.00584561  0.00000000    0.24565025  0.00000000
    1    2
  0.07987949  0.05869474   -0.04316907 -0.04078097   -0.04316907 -0.04078097
 -0.04316907 -0.04078097    0.06142179  0.06031430   -0.13493014  0.04114398
 -0.04316907 -0.04078097   -0.13493014  0.04114398    0.06142179  0.06031430
    2    1
  0.07987949 -0.05869474   -0.04316907  0.04078097   -0.04316907  0.04078097
 -0.04316907  0.04078097    0.06142179 -0.06031430   -0.13493014 -0.04114398
 -0.04316907  0.04078097   -0.13493014 -0.04114398    0.06142179 -0.06031430
    2    2
  0.29688405  0.00000000    0.00629152 -0.00766923    0.00629152 -0.00766923
  0.00629152  0.00766923    0.24565025  0.00000000    0.00584561  0.00000000
  0.00629152  0.00766923    0.00584561  0.00000000    0.24565025  0.00000000

     Dynamical  Matrix in cartesian axes

     q = (    0.750000000   0.750000000  -0.250000000 ) 

    1    1
  0.24565025  0.00000000    0.00584561  0.00000000   -0.00629152  0.00766923
  0.00584561  0.00000000    0.24565025  0.00000000   -0.00629152  0.00766923
 -0.00629152 -0.00766923   -0.00629152 -0.00766923    0.29688405  0.00000000
    1    2
 -0.06031430  0.06142179   -0.04114398 -0.13493014   -0.04078097  0.04316907
 -0.04114398 -0.13493014   -0.06031430  0.06142179   -0.04078097  0.04316907
 -0.04078097  0.04316907   -0.04078097  0.04316907   -0.05869474  0.07987949
    2    1
 -0.06031430 -0.06142179   -0.04114398  0.13493014   -0.04078097 -0.04316907
 -0.04114398  0.13493014   -0.06031430 -0.06142179   -0.04078097 -0.04316907
 -0.04078097 -0.04316907   -0.04078097 -0.04316907   -0.05869474 -0.07987949
    2    2
  0.24565025  0.00000000    0.00584561  0.00000000   -0.00629152 -0.00766923
  0.00584561  0.00000000    0.24565025  0.00000000   -0.00629152 -0.00766923
 -0.00629152  0.00766923   -0.00629152  0.00766923    0.29688405  0.00000000

     Dynamical  Matrix in cartesian axes

     q = (    0.750000000  -0.750000000   0.250000000 ) 

    1    1
  0.24565025  0.00000000   -0.00584561  0.00000000    0.00629152 -0.00766923
 -0.00584561  0.00000000    0.24565025  0.00000000   -0.00629152  0.00766923
  0.00629152  0.00766923   -0.00629152 -0.00766923    0.29688405  0.00000000
    1    2
 -0.06142179 -0.06031430   -0.13493014  0.04114398    0.04316907  0.04078097
 -0.13493014  0.04114398   -0.06142179 -0.06031430   -0.04316907 -0.04078097
  0.04316907  0.04078097   -0.04316907 -0.04078097   -0.07987949 -0.05869474
    2    1
 -0.06142179  0.06031430   -0.13493014 -0.04114398    0.04316907 -0.04078097
 -0.13493014 -0.04114398   -0.06142179  0.06031430   -0.04316907  0.04078097
  0.04316907 -0.04078097   -0.04316907  0.04078097   -0.07987949  0.05869474
    2    2
  0.24565025  0.00000000   -0.00584561  0.00000000    0.00629152  0.00766923
 -0.00584561  0.00000000    0.24565025  0.00000000   -0.00629152 -0.00766923
  0.00629152 -0.00766923   -0.00629152  0.00766923    0.29688405  0.00000000

     Dynamical  Matrix in cartesian axes

     q = (   -0.750000000  -0.750000000  -0.250000000 ) 

    1    1
  0.24565025  0.00000000    0.00584561  0.00000000    0.00629152 -0.00766923
  0.00584561  0.00000000    0.24565025  0.00000000    0.00629152 -0.00766923
  0.00629152  0.00766923    0.00629152  0.00766923    0.29688405  0.00000000
    1    2
  0.06142179  0.06031430   -0.13493014  0.04114398   -0.04316907 -0.04078097
 -0.13493014  0.04114398    0.06142179  0.06031430   -0.04316907 -0.04078097
 -0.04316907 -0.04078097   -0.04316907 -0.04078097    0.07987949  0.05869474
    2    1
  0.06142179 -0.06031430   -0.13493014 -0.04114398   -0.04316907  0.04078097
 -0.13493014 -0.04114398    0.06142179 -0.06031430   -0.04316907  0.04078097
 -0.04316907  0.04078097   -0.04316907  0.04078097    0.07987949 -0.05869474
    2    2
  0.24565025  0.00000000    0.00584561  0.00000000    0.00629152  0.00766923
  0.00584561  0.00000000    0.24565025  0.00000000    0.00629152  0.00766923
  0.00629152 -0.00766923    0.00629152 -0.00766923    0.29688405  0.00000000

     Dynamical  Matrix in cartesian axes

     q = (    0.250000000  -0.750000000   0.750000000 ) 

    1    1
  0.29688405  0.00000000   -0.00629152 -0.00766923    0.00629152  0.00766923
 -0.00629152  0.00766923    0.24565025  0.00000000   -0.00584561  0.00000000
  0.00629152 -0.00766923   -0.00584561  0.00000000    0.24565025  0.00000000
    1    2
 -0.07987949 -0.05869474   -0.04316907 -0.04078097    0.04316907  0.04078097
 -0.04316907 -0.04078097   -0.06142179 -0.06031430   -0.13493014  0.04114398
  0.04316907  0.04078097   -0.13493014  0.04114398   -0.06142179 -0.06031430
    2    1
 -0.07987949  0.05869474   -0.04316907  0.04078097    0.04316907 -0.04078097
 -0.04316907  0.04078097   -0.06142179  0.06031430   -0.13493014 -0.04114398
  0.04316907 -0.04078097   -0.13493014 -0.04114398   -0.06142179  0.06031430
    2    2
  0.29688405  0.00000000   -0.00629152  0.00766923    0.00629152 -0.00766923
 -0.00629152 -0.00766923    0.24565025  0.00000000   -0.00584561  0.00000000
  0.00629152  0.00766923   -0.00584561  0.00000000    0.24565025  0.00000000

     Dynamical  Matrix in cartesian axes

     q = (   -0.750000000  -0.750000000   0.250000000 ) 

    1    1
  0.24565025  0.00000000    0.00584561  0.00000000   -0.00629152 -0.00766923
  0.00584561  0.00000000    0.24565025  0.00000000   -0.00629152 -0.00766923
 -0.00629152  0.00766923   -0.00629152  0.00766923    0.29688405  0.00000000
    1    2
 -0.06031430 -0.06142179   -0.04114398  0.13493014   -0.04078097 -0.04316907
 -0.04114398  0.13493014   -0.06031430 -0.06142179   -0.04078097 -0.04316907
 -0.04078097 -0.04316907   -0.04078097 -0.04316907   -0.05869474 -0.07987949
    2    1
 -0.06031430  0.06142179   -0.04114398 -0.13493014   -0.04078097  0.04316907
 -0.04114398 -0.13493014   -0.06031430  0.06142179   -0.04078097  0.04316907
 -0.04078097  0.04316907   -0.04078097  0.04316907   -0.05869474  0.07987949
    2    2
  0.24565025  0.00000000    0.00584561  0.00000000   -0.00629152  0.00766923
  0.00584561  0.00000000    0.24565025  0.00000000   -0.00629152  0.00766923
 -0.00629152 -0.00766923   -0.00629152 -0.00766923    0.29688405  0.00000000

     Dynamical  Matrix in cartesian axes

     q = (    0.250000000   0.750000000   0.750000000 ) 

    1    1
  0.29688405  0.00000000    0.00629152 -0.00766923    0.00629152 -0.00766923
  0.00629152  0.00766923    0.24565025  0.00000000    0.00584561  0.00000000
  0.00629152  0.00766923    0.00584561  0.00000000    0.24565025  0.00000000
    1    2
  0.07987949 -0.05869474   -0.04316907  0.04078097   -0.04316907  0.04078097
 -0.04316907  0.04078097    0.06142179 -0.06031430   -0.13493014 -0.04114398
 -0.04316907  0.04078097   -0.13493014 -0.04114398    0.06142179 -0.06031430
    2    1
  0.07987949  0.05869474   -0.04316907 -0.04078097   -0.04316907 -0.04078097
 -0.04316907 -0.04078097    0.06142179  0.06031430   -0.13493014  0.04114398
 -0.04316907 -0.04078097   -0.13493014  0.04114398    0.06142179  0.06031430
    2    2
  0.29688405  0.00000000    0.00629152  0.00766923    0.00629152  0.00766923
  0.00629152 -0.00766923    0.24565025  0.00000000    0.00584561  0.00000000
  0.00629152 -0.00766923    0.00584561  0.00000000    0.24565025  0.00000000

     Dynamical  Matrix in cartesian axes

     q = (   -0.250000000  -0.750000000   0.750000000 ) 

    1    1
  0.29688405  0.00000000    0.00629152 -0.00766923   -0.00629152  0.00766923
  0.00629152  0.00766923    0.24565025  0.00000000   -0.00584561  0.00000000
 -0.00629152 -0.00766923   -0.00584561  0.00000000    0.24565025  0.00000000
    1    2
 -0.07987949  0.05869474    0.04316907 -0.04078097   -0.04316907  0.04078097
  0.04316907 -0.04078097   -0.06142179  0.06031430   -0.13493014 -0.04114398
 -0.04316907  0.04078097   -0.13493014 -0.04114398   -0.06142179  0.06031430
    2    1
 -0.07987949 -0.05869474    0.04316907  0.04078097   -0.04316907 -0.04078097
  0.04316907  0.04078097   -0.06142179 -0.06031430   -0.13493014  0.04114398
 -0.04316907 -0.04078097   -0.13493014  0.04114398   -0.06142179 -0.06031430
    2    2
  0.29688405  0.00000000    0.00629152  0.00766923   -0.00629152 -0.00766923
  0.00629152 -0.00766923    0.24565025  0.00000000   -0.00584561  0.00000000
 -0.00629152  0.00766923   -0.00584561  0.00000000    0.24565025  0.00000000

     Dynamical  Matrix in cartesian axes

     q = (    0.750000000   0.750000000   0.250000000 ) 

    1    1
  0.24565025  0.00000000    0.00584561  0.00000000    0.00629152  0.00766923
  0.00584561  0.00000000    0.24565025  0.00000000    0.00629152  0.00766923
  0.00629152 -0.00766923    0.00629152 -0.00766923    0.29688405  0.00000000
    1    2
  0.06142179 -0.06031430   -0.13493014 -0.04114398   -0.04316907  0.04078097
 -0.13493014 -0.04114398    0.06142179 -0.06031430   -0.04316907  0.04078097
 -0.04316907  0.04078097   -0.04316907  0.04078097    0.07987949 -0.05869474
    2    1
  0.06142179  0.06031430   -0.13493014  0.04114398   -0.04316907 -0.04078097
 -0.13493014  0.04114398    0.06142179  0.06031430   -0.04316907 -0.04078097
 -0.04316907 -0.04078097   -0.04316907 -0.04078097    0.07987949  0.05869474
    2    2
  0.24565025  0.00000000    0.00584561  0.00000000    0.00629152 -0.00766923
  0.00584561  0.00000000    0.24565025  0.00000000    0.00629152 -0.00766923
  0.00629152  0.00766923    0.00629152  0.00766923    0.29688405  0.00000000

     Dynamical  Matrix in cartesian axes

     q = (    0.250000000  -0.750000000  -0.750000000 ) 

    1    1
  0.29688405  0.00000000   -0.00629152  0.00766923   -0.00629152  0.00766923
 -0.00629152 -0.00766923    0.24565025  0.00000000    0.00584561  0.00000000
 -0.00629152 -0.00766923    0.00584561  0.00000000    0.24565025  0.00000000
    1    2
 -0.05869474 -0.07987949   -0.04078097 -0.04316907   -0.04078097 -0.04316907
 -0.04078097 -0.04316907   -0.06031430 -0.06142179   -0.04114398  0.13493014
 -0.04078097 -0.04316907   -0.04114398  0.13493014   -0.06031430 -0.06142179
    2    1
 -0.05869474  0.07987949   -0.04078097  0.04316907   -0.04078097  0.04316907
 -0.04078097  0.04316907   -0.06031430  0.06142179   -0.04114398 -0.13493014
 -0.04078097  0.04316907   -0.04114398 -0.13493014   -0.06031430  0.06142179
    2    2
  0.29688405  0.00000000   -0.00629152 -0.00766923   -0.00629152 -0.00766923
 -0.00629152  0.00766923    0.24565025  0.00000000    0.00584561  0.00000000
 -0.00629152  0.00766923    0.00584561  0.00000000    0.24565025  0.00000000

     Dynamical  Matrix in cartesian axes

     q = (    0.750000000  -0.750000000  -0.250000000 ) 

    1    1
  0.24565025  0.00000000   -0.00584561  0.00000000   -0.00629152 -0.00766923
 -0.00584561  0.00000000    0.24565025  0.00000000    0.00629152  0.00766923
 -0.00629152  0.00766923    0.00629152 -0.00766923    0.29688405  0.00000000
    1    2
 -0.06142179  0.06031430   -0.13493014 -0.04114398   -0.04316907  0.04078097
 -0.13493014 -0.04114398   -0.06142179  0.06031430    0.04316907 -0.04078097
 -0.04316907  0.04078097    0.04316907 -0.04078097   -0.07987949  0.05869474
    2    1
 -0.06142179 -0.06031430   -0.13493014  0.04114398   -0.04316907 -0.04078097
 -0.13493014  0.04114398   -0.06142179 -0.06031430    0.04316907  0.04078097
 -0.04316907 -0.04078097    0.04316907  0.04078097   -0.07987949 -0.05869474
    2    2
  0.24565025  0.00000000   -0.00584561  0.00000000   -0.00629152  0.00766923
 -0.00584561  0.00000000    0.24565025  0.00000000    0.00629152 -0.00766923
 -0.00629152 -0.00766923    0.00629152  0.00766923    0.29688405  0.00000000

     Diagonalizing the dynamical matrix

     q = (    0.750000000  -0.250000000   0.750000000 ) 

 **************************************************************************
     freq (    1) =       4.239915 [THz] =     141.428331 [cm-1]
 (  0.048585 -0.497634 -0.000000  0.000000 -0.048585  0.497634 ) 
 (  0.500000  0.000000 -0.000000 -0.000000 -0.500000  0.000000 ) 
     freq (    2) =       5.882349 [THz] =     196.214031 [cm-1]
 ( -0.390748 -0.161938 -0.344226  0.153925 -0.390748 -0.161938 ) 
 ( -0.422975 -0.000000 -0.259068 -0.273985 -0.422975  0.000000 ) 
     freq (    3) =       9.359735 [THz] =     312.207152 [cm-1]
 (  0.114287 -0.289429  0.382014  0.400505  0.114287 -0.289429 ) 
 ( -0.311176  0.000000  0.232210  0.502412 -0.311176  0.000000 ) 
     freq (    4) =      12.072569 [THz] =     402.697559 [cm-1]
 (  0.081498  0.318581 -0.403483 -0.347751  0.081498  0.318581 ) 
 ( -0.328840 -0.000000  0.436899  0.304710 -0.328840  0.000000 ) 
     freq (    5) =      13.594103 [THz] =     453.450468 [cm-1]
 (  0.048585 -0.497634  0.000000 -0.000000 -0.048585  0.497634 ) 
 ( -0.500000  0.000000 -0.000000 -0.000000  0.500000  0.000000 ) 
     freq (    6) =      13.991113 [THz] =     466.693285 [cm-1]
 ( -0.302000 -0.157867 -0.467779  0.221202 -0.302000 -0.157867 ) 
 (  0.340773 -0.000000  0.312081  0.412739  0.340773 -0.000000 ) 
 **************************************************************************
