Dynamical matrix file
                                                                           
  1    2  2 10.3407000  0.0000000  0.0000000  0.0000000  0.0000000  0.0000000
           1  'Si  '    25598.822984527003     
    1    1      0.0000000000      0.0000000000      0.0000000000
    2    1      0.2500000000      0.2500000000      0.2500000000

     Dynamical  Matrix in cartesian axes

     q = (   -0.250000000   0.250000000  -0.250000000 ) 

    1    1
  0.28154596  0.00000000   -0.01079684  0.00000000    0.01079684  0.00000000
 -0.01079684  0.00000000    0.28154596  0.00000000   -0.01079684  0.00000000
  0.01079684  0.00000000   -0.01079684  0.00000000    0.28154596  0.00000000
    1    2
 -0.20581893 -0.06077747   -0.03649210  0.03726626    0.03649210 -0.03726626
 -0.03649210  0.03726626   -0.20581893 -0.06077747   -0.03649210  0.03726626
  0.03649210 -0.03726626   -0.03649210  0.03726626   -0.20581893 -0.06077747
    2    1
 -0.20581893  0.06077747   -0.03649210 -0.03726626    0.03649210  0.03726626
 -0.03649210 -0.03726626   -0.20581893  0.06077747   -0.03649210 -0.03726626
  0.03649210  0.03726626   -0.03649210 -0.03726626   -0.20581893  0.06077747
    2    2
  0.28154596  0.00000000   -0.01079684  0.00000000    0.01079684  0.00000000
 -0.01079684  0.00000000    0.28154596  0.00000000   -0.01079684  0.00000000
  0.01079684  0.00000000   -0.01079684  0.00000000    0.28154596  0.00000000

     Dynamical  Matrix in cartesian axes

     q = (    0.250000000  -0.250000000  -0.250000000 ) 

    1    1
  0.28154596  0.00000000   -0.01079684  0.00000000   -0.01079684  0.00000000
 -0.01079684  0.00000000    0.28154596  0.00000000    0.01079684  0.00000000
 -0.01079684  0.00000000    0.01079684  0.00000000    0.28154596  0.00000000
    1    2
 -0.20581893 -0.06077747   -0.03649210  0.03726626   -0.03649210  0.03726626
 -0.03649210  0.03726626   -0.20581893 -0.06077747    0.03649210 -0.03726626
 -0.03649210  0.03726626    0.03649210 -0.03726626   -0.20581893 -0.06077747
    2    1
 -0.20581893  0.06077747   -0.03649210 -0.03726626   -0.03649210 -0.03726626
 -0.03649210 -0.03726626   -0.20581893  0.06077747    0.03649210  0.03726626
 -0.03649210 -0.03726626    0.03649210  0.03726626   -0.20581893  0.06077747
    2    2
  0.28154596  0.00000000   -0.01079684  0.00000000   -0.01079684  0.00000000
 -0.01079684  0.00000000    0.28154596  0.00000000    0.01079684  0.00000000
 -0.01079684  0.00000000    0.01079684  0.00000000    0.28154596  0.00000000

     Dynamical  Matrix in cartesian axes

     q = (    0.250000000  -0.250000000   0.250000000 ) 

    1    1
  0.28154596  0.00000000   -0.01079684  0.00000000    0.01079684  0.00000000
 -0.01079684  0.00000000    0.28154596  0.00000000   -0.01079684  0.00000000
  0.01079684  0.00000000   -0.01079684  0.00000000    0.28154596  0.00000000
    1    2
 -0.20581893  0.06077747   -0.03649210 -0.03726626    0.03649210  0.03726626
 -0.03649210 -0.03726626   -0.20581893  0.06077747   -0.03649210 -0.03726626
  0.03649210  0.03726626   -0.03649210 -0.03726626   -0.20581893  0.06077747
    2    1
 -0.20581893 -0.06077747   -0.03649210  0.03726626    0.03649210 -0.03726626
 -0.03649210  0.03726626   -0.20581893 -0.06077747   -0.03649210  0.03726626
  0.03649210 -0.03726626   -0.03649210  0.03726626   -0.20581893 -0.06077747
    2    2
  0.28154596  0.00000000   -0.01079684  0.00000000    0.01079684  0.00000000
 -0.01079684  0.00000000    0.28154596  0.00000000   -0.01079684  0.00000000
  0.01079684  0.00000000   -0.01079684  0.00000000    0.28154596  0.00000000

     Dynamical  Matrix in cartesian axes

     q = (    0.250000000   0.250000000   0.250000000 ) 

    1    1
  0.28154596  0.00000000    0.01079684  0.00000000    0.01079684  0.00000000
  0.01079684  0.00000000    0.28154596  0.00000000    0.01079684  0.00000000
  0.01079684  0.00000000    0.01079684  0.00000000    0.28154596  0.00000000
    1    2
 -0.06077747  0.20581893   -0.03726626 -0.03649210   -0.03726626 -0.03649210
 -0.03726626 -0.03649210   -0.06077747  0.20581893   -0.03726626 -0.03649210
 -0.03726626 -0.03649210   -0.03726626 -0.03649210   -0.06077747  0.20581893
    2    1
 -0.06077747 -0.20581893   -0.03726626  0.03649210   -0.03726626  0.03649210
 -0.03726626  0.03649210   -0.06077747 -0.20581893   -0.03726626  0.03649210
 -0.03726626  0.03649210   -0.03726626  0.03649210   -0.06077747 -0.20581893
    2    2
  0.28154596  0.00000000    0.01079684  0.00000000    0.01079684  0.00000000
  0.01079684  0.00000000    0.28154596  0.00000000    0.01079684  0.00000000
  0.01079684  0.00000000    0.01079684  0.00000000    0.28154596  0.00000000

     Dynamical  Matrix in cartesian axes

     q = (   -0.250000000  -0.250000000  -0.250000000 ) 

    1    1
  0.28154596  0.00000000    0.01079684  0.00000000    0.01079684  0.00000000
  0.01079684  0.00000000    0.28154596  0.00000000    0.01079684  0.00000000
  0.01079684  0.00000000    0.01079684  0.00000000    0.28154596  0.00000000
    1    2
 -0.06077747 -0.20581893   -0.03726626  0.03649210   -0.03726626  0.03649210
 -0.03726626  0.03649210   -0.06077747 -0.20581893   -0.03726626  0.03649210
 -0.03726626  0.03649210   -0.03726626  0.03649210   -0.06077747 -0.20581893
    2    1
 -0.06077747  0.20581893   -0.03726626 -0.03649210   -0.03726626 -0.03649210
 -0.03726626 -0.03649210   -0.06077747  0.20581893   -0.03726626 -0.03649210
 -0.03726626 -0.03649210   -0.03726626 -0.03649210   -0.06077747  0.20581893
    2    2
  0.28154596  0.00000000    0.01079684  0.00000000    0.01079684  0.00000000
  0.01079684  0.00000000    0.28154596  0.00000000    0.01079684  0.00000000
  0.01079684  0.00000000    0.01079684  0.00000000    0.28154596  0.00000000

     Dynamical  Matrix in cartesian axes

     q = (   -0.250000000  -0.250000000   0.250000000 ) 

    1    1
  0.28154596  0.00000000    0.01079684  0.00000000   -0.01079684  0.00000000
  0.01079684  0.00000000    0.28154596  0.00000000   -0.01079684  0.00000000
 -0.01079684  0.00000000   -0.01079684  0.00000000    0.28154596  0.00000000
    1    2
 -0.20581893 -0.06077747    0.03649210 -0.03726626   -0.03649210  0.03726626
  0.03649210 -0.03726626   -0.20581893 -0.06077747   -0.03649210  0.03726626
 -0.03649210  0.03726626   -0.03649210  0.03726626   -0.20581893 -0.06077747
    2    1
 -0.20581893  0.06077747    0.03649210  0.03726626   -0.03649210 -0.03726626
  0.03649210  0.03726626   -0.20581893  0.06077747   -0.03649210 -0.03726626
 -0.03649210 -0.03726626   -0.03649210 -0.03726626   -0.20581893  0.06077747
    2    2
  0.28154596  0.00000000    0.01079684  0.00000000   -0.01079684  0.00000000
  0.01079684  0.00000000    0.28154596  0.00000000   -0.01079684  0.00000000
 -0.01079684  0.00000000   -0.01079684  0.00000000    0.28154596  0.00000000

     Dynamical  Matrix in cartesian axes

     q = (   -0.250000000   0.250000000   0.250000000 ) 

    1    1
  0.28154596  0.00000000   -0.01079684  0.00000000   -0.01079684  0.00000000
 -0.01079684  0.00000000    0.28154596  0.00000000    0.01079684  0.00000000
 -0.01079684  0.00000000    0.01079684  0.00000000    0.28154596  0.00000000
    1    2
 -0.20581893  0.06077747   -0.03649210 -0.03726626   -0.03649210 -0.03726626
 -0.03649210 -0.03726626   -0.20581893  0.06077747    0.03649210  0.03726626
 -0.03649210 -0.03726626    0.03649210  0.03726626   -0.20581893  0.06077747
    2    1
 -0.20581893 -0.06077747   -0.03649210  0.03726626   -0.03649210  0.03726626
 -0.03649210  0.03726626   -0.20581893 -0.06077747    0.03649210 -0.03726626
 -0.03649210  0.03726626    0.03649210 -0.03726626   -0.20581893 -0.06077747
    2    2
  0.28154596  0.00000000   -0.01079684  0.00000000   -0.01079684  0.00000000
 -0.01079684  0.00000000    0.28154596  0.00000000    0.01079684  0.00000000
 -0.01079684  0.00000000    0.01079684  0.00000000    0.28154596  0.00000000

     Dynamical  Matrix in cartesian axes

     q = (    0.250000000   0.250000000  -0.250000000 ) 

    1    1
  0.28154596  0.00000000    0.01079684  0.00000000   -0.01079684  0.00000000
  0.01079684  0.00000000    0.28154596  0.00000000   -0.01079684  0.00000000
 -0.01079684  0.00000000   -0.01079684  0.00000000    0.28154596  0.00000000
    1    2
 -0.20581893  0.06077747    0.03649210  0.03726626   -0.03649210 -0.03726626
  0.03649210  0.03726626   -0.20581893  0.06077747   -0.03649210 -0.03726626
 -0.03649210 -0.03726626   -0.03649210 -0.03726626   -0.20581893  0.06077747
    2    1
 -0.20581893 -0.06077747    0.03649210 -0.03726626   -0.03649210  0.03726626
  0.03649210 -0.03726626   -0.20581893 -0.06077747   -0.03649210  0.03726626
 -0.03649210  0.03726626   -0.03649210  0.03726626   -0.20581893 -0.06077747
    2    2
  0.28154596  0.00000000    0.01079684  0.00000000   -0.01079684  0.00000000
  0.01079684  0.00000000    0.28154596  0.00000000   -0.01079684  0.00000000
 -0.01079684  0.00000000   -0.01079684  0.00000000    0.28154596  0.00000000

     Diagonalizing the dynamical matrix

     q = (   -0.250000000   0.250000000  -0.250000000 ) 

 **************************************************************************
     freq (    1) =       3.397406 [THz] =     113.325252 [cm-1]
 ( -0.075697 -0.088921 -0.519626 -0.131995 -0.443930 -0.043074 ) 
 ( -0.083930 -0.081195 -0.529945 -0.081195 -0.446014  0.000000 ) 
     freq (    2) =       3.397406 [THz] =     113.325252 [cm-1]
 ( -0.544579 -0.152084 -0.179681 -0.116679  0.364898  0.035406 ) 
 ( -0.556722 -0.098780 -0.190109 -0.098780  0.366612  0.000000 ) 
     freq (    3) =       6.928035 [THz] =     231.094368 [cm-1]
 ( -0.285998 -0.291327  0.285998  0.291327 -0.285998 -0.291327 ) 
 ( -0.408248 -0.000000  0.408248  0.000000 -0.408248  0.000000 ) 
     freq (    4) =      14.433791 [THz] =     481.459442 [cm-1]
 (  0.285998  0.291327 -0.285998 -0.291327  0.285998  0.291327 ) 
 ( -0.408248  0.000000  0.408248  0.000000 -0.408248  0.000000 ) 
     freq (    5) =      14.744508 [THz] =     491.823833 [cm-1]
 ( -0.554973  0.003117 -0.145976  0.042801  0.408997  0.039685 ) 
 (  0.552078 -0.056699  0.141160 -0.056699 -0.410918  0.000000 ) 
     freq (    6) =      14.744508 [THz] =     491.823833 [cm-1]
 ( -0.153272  0.042846 -0.556937  0.003679 -0.403665 -0.039167 ) 
 (  0.148418 -0.057448  0.553978 -0.057448  0.405561  0.000000 ) 
 **************************************************************************
