Dynamical matrix file
                                                                           
  1    2  2 10.3407000  0.0000000  0.0000000  0.0000000  0.0000000  0.0000000
           1  'Si  '    25598.822984527003     
    1    1      0.0000000000      0.0000000000      0.0000000000
    2    1      0.2500000000      0.2500000000      0.2500000000

     Dynamical  Matrix in cartesian axes

     q = (    0.750000000  -0.250000000   0.750000000 ) 

    1    1
  0.24405599  0.00000000   -0.00471282  0.00741152    0.00141844  0.00000000
 -0.00471282 -0.00741152    0.29989094  0.00000000   -0.00471282 -0.00741152
  0.00141844  0.00000000   -0.00471282  0.00741152    0.24405599  0.00000000
    1    2
 -0.05806108  0.06766643   -0.03624419  0.04029758   -0.04108115 -0.13071151
 -0.03624419  0.04029758   -0.05658355  0.08684813   -0.03624419  0.04029758
 -0.04108115 -0.13071151   -0.03624419  0.04029758   -0.05806108  0.06766643
    2    1
 -0.05806108 -0.06766643   -0.03624419 -0.04029758   -0.04108115  0.13071151
 -0.03624419 -0.04029758   -0.05658355 -0.08684813   -0.03624419 -0.04029758
 -0.04108115  0.13071151   -0.03624419 -0.04029758   -0.05806108 -0.06766643
    2    2
  0.24405599  0.00000000   -0.00471282 -0.00741152    0.00141844  0.00000000
 -0.00471282  0.00741152    0.29989094  0.00000000   -0.00471282  0.00741152
  0.00141844  0.00000000   -0.00471282 -0.00741152    0.24405599  0.00000000

     Dynamical  Matrix in cartesian axes

     q = (    0.750000000  -0.250000000  -0.750000000 ) 

    1    1
  0.24405599  0.00000000   -0.00471282 -0.00741152   -0.00141844  0.00000000
 -0.00471282  0.00741152    0.29989094  0.00000000    0.00471282 -0.00741152
 -0.00141844  0.00000000    0.00471282  0.00741152    0.24405599  0.00000000
    1    2
 -0.06766643  0.05806108   -0.04029758  0.03624419   -0.13071151 -0.04108115
 -0.04029758  0.03624419   -0.08684813  0.05658355    0.04029758 -0.03624419
 -0.13071151 -0.04108115    0.04029758 -0.03624419   -0.06766643  0.05806108
    2    1
 -0.06766643 -0.05806108   -0.04029758 -0.03624419   -0.13071151  0.04108115
 -0.04029758 -0.03624419   -0.08684813 -0.05658355    0.04029758  0.03624419
 -0.13071151  0.04108115    0.04029758  0.03624419   -0.06766643 -0.05806108
    2    2
  0.24405599  0.00000000   -0.00471282  0.00741152   -0.00141844  0.00000000
 -0.00471282 -0.00741152    0.29989094  0.00000000    0.00471282  0.00741152
 -0.00141844  0.00000000    0.00471282 -0.00741152    0.24405599  0.00000000

     Dynamical  Matrix in cartesian axes

     q = (   -0.750000000  -0.250000000  -0.750000000 ) 

    1    1
  0.24405599  0.00000000    0.00471282 -0.00741152    0.00141844  0.00000000
  0.00471282  0.00741152    0.29989094  0.00000000    0.00471282  0.00741152
  0.00141844  0.00000000    0.00471282 -0.00741152    0.24405599  0.00000000
    1    2
  0.06766643  0.05806108   -0.04029758 -0.03624419   -0.13071151  0.04108115
 -0.04029758 -0.03624419    0.08684813  0.05658355   -0.04029758 -0.03624419
 -0.13071151  0.04108115   -0.04029758 -0.03624419    0.06766643  0.05806108
    2    1
  0.06766643 -0.05806108   -0.04029758  0.03624419   -0.13071151 -0.04108115
 -0.04029758  0.03624419    0.08684813 -0.05658355   -0.04029758  0.03624419
 -0.13071151 -0.04108115   -0.04029758  0.03624419    0.06766643 -0.05806108
    2    2
  0.24405599  0.00000000    0.00471282  0.00741152    0.00141844  0.00000000
  0.00471282 -0.00741152    0.29989094  0.00000000    0.00471282 -0.00741152
  0.00141844  0.00000000    0.00471282  0.00741152    0.24405599  0.00000000

     Dynamical  Matrix in cartesian axes

     q = (   -0.750000000  -0.250000000   0.750000000 ) 

    1    1
  0.24405599  0.00000000    0.00471282  0.00741152   -0.00141844  0.00000000
  0.00471282 -0.00741152    0.29989094  0.00000000   -0.00471282  0.00741152
 -0.00141844  0.00000000   -0.00471282 -0.00741152    0.24405599  0.00000000
    1    2
 -0.06766643  0.05806108    0.04029758 -0.03624419   -0.13071151 -0.04108115
  0.04029758 -0.03624419   -0.08684813  0.05658355   -0.04029758  0.03624419
 -0.13071151 -0.04108115   -0.04029758  0.03624419   -0.06766643  0.05806108
    2    1
 -0.06766643 -0.05806108    0.04029758  0.03624419   -0.13071151  0.04108115
  0.04029758  0.03624419   -0.08684813 -0.05658355   -0.04029758 -0.03624419
 -0.13071151  0.04108115   -0.04029758 -0.03624419   -0.06766643 -0.05806108
    2    2
  0.24405599  0.00000000    0.00471282 -0.00741152   -0.00141844  0.00000000
  0.00471282  0.00741152    0.29989094  0.00000000   -0.00471282 -0.00741152
 -0.00141844  0.00000000   -0.00471282  0.00741152    0.24405599  0.00000000

     Dynamical  Matrix in cartesian axes

     q = (   -0.750000000   0.250000000  -0.750000000 ) 

    1    1
  0.24405599  0.00000000   -0.00471282 -0.00741152    0.00141844  0.00000000
 -0.00471282  0.00741152    0.29989094  0.00000000   -0.00471282  0.00741152
  0.00141844  0.00000000   -0.00471282 -0.00741152    0.24405599  0.00000000
    1    2
 -0.05806108 -0.06766643   -0.03624419 -0.04029758   -0.04108115  0.13071151
 -0.03624419 -0.04029758   -0.05658355 -0.08684813   -0.03624419 -0.04029758
 -0.04108115  0.13071151   -0.03624419 -0.04029758   -0.05806108 -0.06766643
    2    1
 -0.05806108  0.06766643   -0.03624419  0.04029758   -0.04108115 -0.13071151
 -0.03624419  0.04029758   -0.05658355  0.08684813   -0.03624419  0.04029758
 -0.04108115 -0.13071151   -0.03624419  0.04029758   -0.05806108  0.06766643
    2    2
  0.24405599  0.00000000   -0.00471282  0.00741152    0.00141844  0.00000000
 -0.00471282 -0.00741152    0.29989094  0.00000000   -0.00471282 -0.00741152
  0.00141844  0.00000000   -0.00471282  0.00741152    0.24405599  0.00000000

     Dynamical  Matrix in cartesian axes

     q = (   -0.250000000   0.750000000  -0.750000000 ) 

    1    1
  0.29989094  0.00000000   -0.00471282  0.00741152    0.00471282 -0.00741152
 -0.00471282 -0.00741152    0.24405599  0.00000000   -0.00141844  0.00000000
  0.00471282  0.00741152   -0.00141844  0.00000000    0.24405599  0.00000000
    1    2
 -0.08684813  0.05658355   -0.04029758  0.03624419    0.04029758 -0.03624419
 -0.04029758  0.03624419   -0.06766643  0.05806108   -0.13071151 -0.04108115
  0.04029758 -0.03624419   -0.13071151 -0.04108115   -0.06766643  0.05806108
    2    1
 -0.08684813 -0.05658355   -0.04029758 -0.03624419    0.04029758  0.03624419
 -0.04029758 -0.03624419   -0.06766643 -0.05806108   -0.13071151  0.04108115
  0.04029758  0.03624419   -0.13071151  0.04108115   -0.06766643 -0.05806108
    2    2
  0.29989094  0.00000000   -0.00471282 -0.00741152    0.00471282  0.00741152
 -0.00471282  0.00741152    0.24405599  0.00000000   -0.00141844  0.00000000
  0.00471282 -0.00741152   -0.00141844  0.00000000    0.24405599  0.00000000

     Dynamical  Matrix in cartesian axes

     q = (   -0.750000000   0.750000000  -0.250000000 ) 

    1    1
  0.24405599  0.00000000   -0.00141844  0.00000000    0.00471282  0.00741152
 -0.00141844  0.00000000    0.24405599  0.00000000   -0.00471282 -0.00741152
  0.00471282 -0.00741152   -0.00471282  0.00741152    0.29989094  0.00000000
    1    2
 -0.06766643  0.05806108   -0.13071151 -0.04108115    0.04029758 -0.03624419
 -0.13071151 -0.04108115   -0.06766643  0.05806108   -0.04029758  0.03624419
  0.04029758 -0.03624419   -0.04029758  0.03624419   -0.08684813  0.05658355
    2    1
 -0.06766643 -0.05806108   -0.13071151  0.04108115    0.04029758  0.03624419
 -0.13071151  0.04108115   -0.06766643 -0.05806108   -0.04029758 -0.03624419
  0.04029758  0.03624419   -0.04029758 -0.03624419   -0.08684813 -0.05658355
    2    2
  0.24405599  0.00000000   -0.00141844  0.00000000    0.00471282 -0.00741152
 -0.00141844  0.00000000    0.24405599  0.00000000   -0.00471282  0.00741152
  0.00471282  0.00741152   -0.00471282 -0.00741152    0.29989094  0.00000000

     Dynamical  Matrix in cartesian axes

     q = (    0.750000000   0.250000000   0.750000000 ) 

    1    1
  0.24405599  0.00000000    0.00471282  0.00741152    0.00141844  0.00000000
  0.00471282 -0.00741152    0.29989094  0.00000000    0.00471282 -0.00741152
  0.00141844  0.00000000    0.00471282  0.00741152    0.24405599  0.00000000
    1    2
  0.06766643 -0.05806108   -0.04029758  0.03624419   -0.13071151 -0.04108115
 -0.04029758  0.03624419    0.08684813 -0.05658355   -0.04029758  0.03624419
 -0.13071151 -0.04108115   -0.04029758  0.03624419    0.06766643 -0.05806108
    2    1
  0.06766643  0.05806108   -0.04029758 -0.03624419   -0.13071151  0.04108115
 -0.04029758 -0.03624419    0.08684813  0.05658355   -0.04029758 -0.03624419
 -0.13071151  0.04108115   -0.04029758 -0.03624419    0.06766643  0.05806108
    2    2
  0.24405599  0.00000000    0.00471282 -0.00741152    0.00141844  0.00000000
  0.00471282  0.00741152    0.29989094  0.00000000    0.00471282  0.00741152
  0.00141844  0.00000000    0.00471282 -0.00741152    0.24405599  0.00000000

     Dynamical  Matrix in cartesian axes

     q = (   -0.750000000   0.250000000   0.750000000 ) 

    1    1
  0.24405599  0.00000000   -0.00471282  0.00741152   -0.00141844  0.00000000
 -0.00471282 -0.00741152    0.29989094  0.00000000    0.00471282  0.00741152
 -0.00141844  0.00000000    0.00471282 -0.00741152    0.24405599  0.00000000
    1    2
 -0.06766643 -0.05806108   -0.04029758 -0.03624419   -0.13071151  0.04108115
 -0.04029758 -0.03624419   -0.08684813 -0.05658355    0.04029758  0.03624419
 -0.13071151  0.04108115    0.04029758  0.03624419   -0.06766643 -0.05806108
    2    1
 -0.06766643  0.05806108   -0.04029758  0.03624419   -0.13071151 -0.04108115
 -0.04029758  0.03624419   -0.08684813  0.05658355    0.04029758 -0.03624419
 -0.13071151 -0.04108115    0.04029758 -0.03624419   -0.06766643  0.05806108
    2    2
  0.24405599  0.00000000   -0.00471282 -0.00741152   -0.00141844  0.00000000
 -0.00471282  0.00741152    0.29989094  0.00000000    0.00471282 -0.00741152
 -0.00141844  0.00000000    0.00471282  0.00741152    0.24405599  0.00000000

     Dynamical  Matrix in cartesian axes

     q = (    0.750000000   0.250000000  -0.750000000 ) 

    1    1
  0.24405599  0.00000000    0.00471282 -0.00741152   -0.00141844  0.00000000
  0.00471282  0.00741152    0.29989094  0.00000000   -0.00471282 -0.00741152
 -0.00141844  0.00000000   -0.00471282  0.00741152    0.24405599  0.00000000
    1    2
 -0.06766643 -0.05806108    0.04029758  0.03624419   -0.13071151  0.04108115
  0.04029758  0.03624419   -0.08684813 -0.05658355   -0.04029758 -0.03624419
 -0.13071151  0.04108115   -0.04029758 -0.03624419   -0.06766643 -0.05806108
    2    1
 -0.06766643  0.05806108    0.04029758 -0.03624419   -0.13071151 -0.04108115
  0.04029758 -0.03624419   -0.08684813  0.05658355   -0.04029758  0.03624419
 -0.13071151 -0.04108115   -0.04029758  0.03624419   -0.06766643  0.05806108
    2    2
  0.24405599  0.00000000    0.00471282  0.00741152   -0.00141844  0.00000000
  0.00471282 -0.00741152    0.29989094  0.00000000   -0.00471282  0.00741152
 -0.00141844  0.00000000   -0.00471282 -0.00741152    0.24405599  0.00000000

     Dynamical  Matrix in cartesian axes

     q = (   -0.750000000   0.750000000   0.250000000 ) 

    1    1
  0.24405599  0.00000000   -0.00141844  0.00000000   -0.00471282  0.00741152
 -0.00141844  0.00000000    0.24405599  0.00000000    0.00471282 -0.00741152
 -0.00471282 -0.00741152    0.00471282  0.00741152    0.29989094  0.00000000
    1    2
 -0.06766643 -0.05806108   -0.13071151  0.04108115   -0.04029758 -0.03624419
 -0.13071151  0.04108115   -0.06766643 -0.05806108    0.04029758  0.03624419
 -0.04029758 -0.03624419    0.04029758  0.03624419   -0.08684813 -0.05658355
    2    1
 -0.06766643  0.05806108   -0.13071151 -0.04108115   -0.04029758  0.03624419
 -0.13071151 -0.04108115   -0.06766643  0.05806108    0.04029758 -0.03624419
 -0.04029758  0.03624419    0.04029758 -0.03624419   -0.08684813  0.05658355
    2    2
  0.24405599  0.00000000   -0.00141844  0.00000000   -0.00471282 -0.00741152
 -0.00141844  0.00000000    0.24405599  0.00000000    0.00471282  0.00741152
 -0.00471282  0.00741152    0.00471282 -0.00741152    0.29989094  0.00000000

     Dynamical  Matrix in cartesian axes

     q = (   -0.250000000   0.750000000   0.750000000 ) 

    1    1
  0.29989094  0.00000000   -0.00471282 -0.00741152   -0.00471282 -0.00741152
 -0.00471282  0.00741152    0.24405599  0.00000000    0.00141844  0.00000000
 -0.00471282  0.00741152    0.00141844  0.00000000    0.24405599  0.00000000
    1    2
 -0.05658355  0.08684813   -0.03624419  0.04029758   -0.03624419  0.04029758
 -0.03624419  0.04029758   -0.05806108  0.06766643   -0.04108115 -0.13071151
 -0.03624419  0.04029758   -0.04108115 -0.13071151   -0.05806108  0.06766643
    2    1
 -0.05658355 -0.08684813   -0.03624419 -0.04029758   -0.03624419 -0.04029758
 -0.03624419 -0.04029758   -0.05806108 -0.06766643   -0.04108115  0.13071151
 -0.03624419 -0.04029758   -0.04108115  0.13071151   -0.05806108 -0.06766643
    2    2
  0.29989094  0.00000000   -0.00471282  0.00741152   -0.00471282  0.00741152
 -0.00471282 -0.00741152    0.24405599  0.00000000    0.00141844  0.00000000
 -0.00471282 -0.00741152    0.00141844  0.00000000    0.24405599  0.00000000

     Dynamical  Matrix in cartesian axes

     q = (    0.250000000   0.750000000  -0.750000000 ) 

    1    1
  0.29989094  0.00000000    0.00471282  0.00741152   -0.00471282 -0.00741152
  0.00471282 -0.00741152    0.24405599  0.00000000   -0.00141844  0.00000000
 -0.00471282  0.00741152   -0.00141844  0.00000000    0.24405599  0.00000000
    1    2
 -0.08684813 -0.05658355    0.04029758  0.03624419   -0.04029758 -0.03624419
  0.04029758  0.03624419   -0.06766643 -0.05806108   -0.13071151  0.04108115
 -0.04029758 -0.03624419   -0.13071151  0.04108115   -0.06766643 -0.05806108
    2    1
 -0.08684813  0.05658355    0.04029758 -0.03624419   -0.04029758  0.03624419
  0.04029758 -0.03624419   -0.06766643  0.05806108   -0.13071151 -0.04108115
 -0.04029758  0.03624419   -0.13071151 -0.04108115   -0.06766643  0.05806108
    2    2
  0.29989094  0.00000000    0.00471282 -0.00741152   -0.00471282  0.00741152
  0.00471282  0.00741152    0.24405599  0.00000000   -0.00141844  0.00000000
 -0.00471282 -0.00741152   -0.00141844  0.00000000    0.24405599  0.00000000

     Dynamical  Matrix in cartesian axes

     q = (   -0.250000000  -0.750000000  -0.750000000 ) 

    1    1
  0.29989094  0.00000000    0.00471282  0.00741152    0.00471282  0.00741152
  0.00471282 -0.00741152    0.24405599  0.00000000    0.00141844  0.00000000
  0.00471282 -0.00741152    0.00141844  0.00000000    0.24405599  0.00000000
    1    2
  0.08684813  0.05658355   -0.04029758 -0.03624419   -0.04029758 -0.03624419
 -0.04029758 -0.03624419    0.06766643  0.05806108   -0.13071151  0.04108115
 -0.04029758 -0.03624419   -0.13071151  0.04108115    0.06766643  0.05806108
    2    1
  0.08684813 -0.05658355   -0.04029758  0.03624419   -0.04029758  0.03624419
 -0.04029758  0.03624419    0.06766643 -0.05806108   -0.13071151 -0.04108115
 -0.04029758  0.03624419   -0.13071151 -0.04108115    0.06766643 -0.05806108
    2    2
  0.29989094  0.00000000    0.00471282 -0.00741152    0.00471282 -0.00741152
  0.00471282  0.00741152    0.24405599  0.00000000    0.00141844  0.00000000
  0.00471282  0.00741152    0.00141844  0.00000000    0.24405599  0.00000000

     Dynamical  Matrix in cartesian axes

     q = (    0.750000000   0.750000000  -0.250000000 ) 

    1    1
  0.24405599  0.00000000    0.00141844  0.00000000   -0.00471282  0.00741152
  0.00141844  0.00000000    0.24405599  0.00000000   -0.00471282  0.00741152
 -0.00471282 -0.00741152   -0.00471282 -0.00741152    0.29989094  0.00000000
    1    2
 -0.05806108  0.06766643   -0.04108115 -0.13071151   -0.03624419  0.04029758
 -0.04108115 -0.13071151   -0.05806108  0.06766643   -0.03624419  0.04029758
 -0.03624419  0.04029758   -0.03624419  0.04029758   -0.05658355  0.08684813
    2    1
 -0.05806108 -0.06766643   -0.04108115  0.13071151   -0.03624419 -0.04029758
 -0.04108115  0.13071151   -0.05806108 -0.06766643   -0.03624419 -0.04029758
 -0.03624419 -0.04029758   -0.03624419 -0.04029758   -0.05658355 -0.08684813
    2    2
  0.24405599  0.00000000    0.00141844  0.00000000   -0.00471282 -0.00741152
  0.00141844  0.00000000    0.24405599  0.00000000   -0.00471282 -0.00741152
 -0.00471282  0.00741152   -0.00471282  0.00741152    0.29989094  0.00000000

     Dynamical  Matrix in cartesian axes

     q = (    0.750000000  -0.750000000   0.250000000 ) 

    1    1
  0.24405599  0.00000000   -0.00141844  0.00000000    0.00471282 -0.00741152
 -0.00141844  0.00000000    0.24405599  0.00000000   -0.00471282  0.00741152
  0.00471282  0.00741152   -0.00471282 -0.00741152    0.29989094  0.00000000
    1    2
 -0.06766643 -0.05806108   -0.13071151  0.04108115    0.04029758  0.03624419
 -0.13071151  0.04108115   -0.06766643 -0.05806108   -0.04029758 -0.03624419
  0.04029758  0.03624419   -0.04029758 -0.03624419   -0.08684813 -0.05658355
    2    1
 -0.06766643  0.05806108   -0.13071151 -0.04108115    0.04029758 -0.03624419
 -0.13071151 -0.04108115   -0.06766643  0.05806108   -0.04029758  0.03624419
  0.04029758 -0.03624419   -0.04029758  0.03624419   -0.08684813  0.05658355
    2    2
  0.24405599  0.00000000   -0.00141844  0.00000000    0.00471282  0.00741152
 -0.00141844  0.00000000    0.24405599  0.00000000   -0.00471282 -0.00741152
  0.00471282 -0.00741152   -0.00471282  0.00741152    0.29989094  0.00000000

     Dynamical  Matrix in cartesian axes

     q = (   -0.750000000  -0.750000000  -0.250000000 ) 

    1    1
  0.24405599  0.00000000    0.00141844  0.00000000    0.00471282 -0.00741152
  0.00141844  0.00000000    0.24405599  0.00000000    0.00471282 -0.00741152
  0.00471282  0.00741152    0.00471282  0.00741152    0.29989094  0.00000000
    1    2
  0.06766643  0.05806108   -0.13071151  0.04108115   -0.04029758 -0.03624419
 -0.13071151  0.04108115    0.06766643  0.05806108   -0.04029758 -0.03624419
 -0.04029758 -0.03624419   -0.04029758 -0.03624419    0.08684813  0.05658355
    2    1
  0.06766643 -0.05806108   -0.13071151 -0.04108115   -0.04029758  0.03624419
 -0.13071151 -0.04108115    0.06766643 -0.05806108   -0.04029758  0.03624419
 -0.04029758  0.03624419   -0.04029758  0.03624419    0.08684813 -0.05658355
    2    2
  0.24405599  0.00000000    0.00141844  0.00000000    0.00471282  0.00741152
  0.00141844  0.00000000    0.24405599  0.00000000    0.00471282  0.00741152
  0.00471282 -0.00741152    0.00471282 -0.00741152    0.29989094  0.00000000

     Dynamical  Matrix in cartesian axes

     q = (    0.250000000  -0.750000000   0.750000000 ) 

    1    1
  0.29989094  0.00000000   -0.00471282 -0.00741152    0.00471282  0.00741152
 -0.00471282  0.00741152    0.24405599  0.00000000   -0.00141844  0.00000000
  0.00471282 -0.00741152   -0.00141844  0.00000000    0.24405599  0.00000000
    1    2
 -0.08684813 -0.05658355   -0.04029758 -0.03624419    0.04029758  0.03624419
 -0.04029758 -0.03624419   -0.06766643 -0.05806108   -0.13071151  0.04108115
  0.04029758  0.03624419   -0.13071151  0.04108115   -0.06766643 -0.05806108
    2    1
 -0.08684813  0.05658355   -0.04029758  0.03624419    0.04029758 -0.03624419
 -0.04029758  0.03624419   -0.06766643  0.05806108   -0.13071151 -0.04108115
  0.04029758 -0.03624419   -0.13071151 -0.04108115   -0.06766643  0.05806108
    2    2
  0.29989094  0.00000000   -0.00471282  0.00741152    0.00471282 -0.00741152
 -0.00471282 -0.00741152    0.24405599  0.00000000   -0.00141844  0.00000000
  0.00471282  0.00741152   -0.00141844  0.00000000    0.24405599  0.00000000

     Dynamical  Matrix in cartesian axes

     q = (   -0.750000000  -0.750000000   0.250000000 ) 

    1    1
  0.24405599  0.00000000    0.00141844  0.00000000   -0.00471282 -0.00741152
  0.00141844  0.00000000    0.24405599  0.00000000   -0.00471282 -0.00741152
 -0.00471282  0.00741152   -0.00471282  0.00741152    0.29989094  0.00000000
    1    2
 -0.05806108 -0.06766643   -0.04108115  0.13071151   -0.03624419 -0.04029758
 -0.04108115  0.13071151   -0.05806108 -0.06766643   -0.03624419 -0.04029758
 -0.03624419 -0.04029758   -0.03624419 -0.04029758   -0.05658355 -0.08684813
    2    1
 -0.05806108  0.06766643   -0.04108115 -0.13071151   -0.03624419  0.04029758
 -0.04108115 -0.13071151   -0.05806108  0.06766643   -0.03624419  0.04029758
 -0.03624419  0.04029758   -0.03624419  0.04029758   -0.05658355  0.08684813
    2    2
  0.24405599  0.00000000    0.00141844  0.00000000   -0.00471282  0.00741152
  0.00141844  0.00000000    0.24405599  0.00000000   -0.00471282  0.00741152
 -0.00471282 -0.00741152   -0.00471282 -0.00741152    0.29989094  0.00000000

     Dynamical  Matrix in cartesian axes

     q = (    0.250000000   0.750000000   0.750000000 ) 

    1    1
  0.29989094  0.00000000    0.00471282 -0.00741152    0.00471282 -0.00741152
  0.00471282  0.00741152    0.24405599  0.00000000    0.00141844  0.00000000
  0.00471282  0.00741152    0.00141844  0.00000000    0.24405599  0.00000000
    1    2
  0.08684813 -0.05658355   -0.04029758  0.03624419   -0.04029758  0.03624419
 -0.04029758  0.03624419    0.06766643 -0.05806108   -0.13071151 -0.04108115
 -0.04029758  0.03624419   -0.13071151 -0.04108115    0.06766643 -0.05806108
    2    1
  0.08684813  0.05658355   -0.04029758 -0.03624419   -0.04029758 -0.03624419
 -0.04029758 -0.03624419    0.06766643  0.05806108   -0.13071151  0.04108115
 -0.04029758 -0.03624419   -0.13071151  0.04108115    0.06766643  0.05806108
    2    2
  0.29989094  0.00000000    0.00471282  0.00741152    0.00471282  0.00741152
  0.00471282 -0.00741152    0.24405599  0.00000000    0.00141844  0.00000000
  0.00471282 -0.00741152    0.00141844  0.00000000    0.24405599  0.00000000

     Dynamical  Matrix in cartesian axes

     q = (   -0.250000000  -0.750000000   0.750000000 ) 

    1    1
  0.29989094  0.00000000    0.00471282 -0.00741152   -0.00471282  0.00741152
  0.00471282  0.00741152    0.24405599  0.00000000   -0.00141844  0.00000000
 -0.00471282 -0.00741152   -0.00141844  0.00000000    0.24405599  0.00000000
    1    2
 -0.08684813  0.05658355    0.04029758 -0.03624419   -0.04029758  0.03624419
  0.04029758 -0.03624419   -0.06766643  0.05806108   -0.13071151 -0.04108115
 -0.04029758  0.03624419   -0.13071151 -0.04108115   -0.06766643  0.05806108
    2    1
 -0.08684813 -0.05658355    0.04029758  0.03624419   -0.04029758 -0.03624419
  0.04029758  0.03624419   -0.06766643 -0.05806108   -0.13071151  0.04108115
 -0.04029758 -0.03624419   -0.13071151  0.04108115   -0.06766643 -0.05806108
    2    2
  0.29989094  0.00000000    0.00471282  0.00741152   -0.00471282 -0.00741152
  0.00471282 -0.00741152    0.24405599  0.00000000   -0.00141844  0.00000000
 -0.00471282  0.00741152   -0.00141844  0.00000000    0.24405599  0.00000000

     Dynamical  Matrix in cartesian axes

     q = (    0.750000000   0.750000000   0.250000000 ) 

    1    1
  0.24405599  0.00000000    0.00141844  0.00000000    0.00471282  0.00741152
  0.00141844  0.00000000    0.24405599  0.00000000    0.00471282  0.00741152
  0.00471282 -0.00741152    0.00471282 -0.00741152    0.29989094  0.00000000
    1    2
  0.06766643 -0.05806108   -0.13071151 -0.04108115   -0.04029758  0.03624419
 -0.13071151 -0.04108115    0.06766643 -0.05806108   -0.04029758  0.03624419
 -0.04029758  0.03624419   -0.04029758  0.03624419    0.08684813 -0.05658355
    2    1
  0.06766643  0.05806108   -0.13071151  0.04108115   -0.04029758 -0.03624419
 -0.13071151  0.04108115    0.06766643  0.05806108   -0.04029758 -0.03624419
 -0.04029758 -0.03624419   -0.04029758 -0.03624419    0.08684813  0.05658355
    2    2
  0.24405599  0.00000000    0.00141844  0.00000000    0.00471282 -0.00741152
  0.00141844  0.00000000    0.24405599  0.00000000    0.00471282 -0.00741152
  0.00471282  0.00741152    0.00471282  0.00741152    0.29989094  0.00000000

     Dynamical  Matrix in cartesian axes

     q = (    0.250000000  -0.750000000  -0.750000000 ) 

    1    1
  0.29989094  0.00000000   -0.00471282  0.00741152   -0.00471282  0.00741152
 -0.00471282 -0.00741152    0.24405599  0.00000000    0.00141844  0.00000000
 -0.00471282 -0.00741152    0.00141844  0.00000000    0.24405599  0.00000000
    1    2
 -0.05658355 -0.08684813   -0.03624419 -0.04029758   -0.03624419 -0.04029758
 -0.03624419 -0.04029758   -0.05806108 -0.06766643   -0.04108115  0.13071151
 -0.03624419 -0.04029758   -0.04108115  0.13071151   -0.05806108 -0.06766643
    2    1
 -0.05658355  0.08684813   -0.03624419  0.04029758   -0.03624419  0.04029758
 -0.03624419  0.04029758   -0.05806108  0.06766643   -0.04108115 -0.13071151
 -0.03624419  0.04029758   -0.04108115 -0.13071151   -0.05806108  0.06766643
    2    2
  0.29989094  0.00000000   -0.00471282 -0.00741152   -0.00471282 -0.00741152
 -0.00471282  0.00741152    0.24405599  0.00000000    0.00141844  0.00000000
 -0.00471282  0.00741152    0.00141844  0.00000000    0.24405599  0.00000000

     Dynamical  Matrix in cartesian axes

     q = (    0.750000000  -0.750000000  -0.250000000 ) 

    1    1
  0.24405599  0.00000000   -0.00141844  0.00000000   -0.00471282 -0.00741152
 -0.00141844  0.00000000    0.24405599  0.00000000    0.00471282  0.00741152
 -0.00471282  0.00741152    0.00471282 -0.00741152    0.29989094  0.00000000
    1    2
 -0.06766643  0.05806108   -0.13071151 -0.04108115   -0.04029758  0.03624419
 -0.13071151 -0.04108115   -0.06766643  0.05806108    0.04029758 -0.03624419
 -0.04029758  0.03624419    0.04029758 -0.03624419   -0.08684813  0.05658355
    2    1
 -0.06766643 -0.05806108   -0.13071151  0.04108115   -0.04029758 -0.03624419
 -0.13071151  0.04108115   -0.06766643 -0.05806108    0.04029758  0.03624419
 -0.04029758 -0.03624419    0.04029758  0.03624419   -0.08684813 -0.05658355
    2    2
  0.24405599  0.00000000   -0.00141844  0.00000000   -0.00471282  0.00741152
 -0.00141844  0.00000000    0.24405599  0.00000000    0.00471282 -0.00741152
 -0.00471282 -0.00741152    0.00471282  0.00741152    0.29989094  0.00000000

     Diagonalizing the dynamical matrix

     q = (    0.750000000  -0.250000000   0.750000000 ) 

 **************************************************************************
     freq (    1) =       4.290230 [THz] =     143.106669 [cm-1]
 ( -0.042641  0.498178  0.000000 -0.000000  0.042641 -0.498178 ) 
 ( -0.500000  0.000000  0.000000  0.000000  0.500000  0.000000 ) 
     freq (    2) =       6.130320 [THz] =     204.485476 [cm-1]
 ( -0.400093 -0.146717 -0.332449  0.162102 -0.400093 -0.146717 ) 
 ( -0.426146 -0.000000 -0.256314 -0.266650 -0.426146  0.000000 ) 
     freq (    3) =       9.362255 [THz] =     312.291207 [cm-1]
 ( -0.082162  0.294398 -0.434075 -0.353181 -0.082162  0.294398 ) 
 (  0.305649 -0.000000 -0.223496 -0.513037  0.305649  0.000000 ) 
     freq (    4) =      11.950175 [THz] =     398.614916 [cm-1]
 ( -0.160176 -0.323862  0.400572  0.280100 -0.160176 -0.323862 ) 
 (  0.361307 -0.000000 -0.428653 -0.234884  0.361307  0.000000 ) 
     freq (    5) =      13.666233 [THz] =     455.856462 [cm-1]
 ( -0.042641  0.498178 -0.000000  0.000000  0.042641 -0.498178 ) 
 (  0.500000 -0.000000  0.000000  0.000000 -0.500000  0.000000 ) 
     freq (    6) =      13.896634 [THz] =     463.541806 [cm-1]
 (  0.284775  0.115494  0.500245 -0.246747  0.284775  0.115494 ) 
 ( -0.307304  0.000000 -0.370837 -0.416664 -0.307304  0.000000 ) 
 **************************************************************************
