Dynamical matrix file
                                                                           
  1    2  2 10.3000000  0.0000000  0.0000000  0.0000000  0.0000000  0.0000000
           1  'Si  '    25598.822984527003     
    1    1      0.0000000000      0.0000000000      0.0000000000
    2    1      0.2500000000      0.2500000000      0.2500000000

     Dynamical  Matrix in cartesian axes

     q = (   -0.250000000   0.250000000  -0.250000000 ) 

    1    1
  0.27482021  0.00000000   -0.01188178  0.00000000    0.01188178  0.00000000
 -0.01188178  0.00000000    0.27482021  0.00000000   -0.01188178  0.00000000
  0.01188178  0.00000000   -0.01188178  0.00000000    0.27482021  0.00000000
    1    2
 -0.20441319 -0.05941951   -0.03975225  0.04138864    0.03975225 -0.04138864
 -0.03975225  0.04138864   -0.20441319 -0.05941951   -0.03975225  0.04138864
  0.03975225 -0.04138864   -0.03975225  0.04138864   -0.20441319 -0.05941951
    2    1
 -0.20441319  0.05941951   -0.03975225 -0.04138864    0.03975225  0.04138864
 -0.03975225 -0.04138864   -0.20441319  0.05941951   -0.03975225 -0.04138864
  0.03975225  0.04138864   -0.03975225 -0.04138864   -0.20441319  0.05941951
    2    2
  0.27482021  0.00000000   -0.01188178  0.00000000    0.01188178  0.00000000
 -0.01188178  0.00000000    0.27482021  0.00000000   -0.01188178  0.00000000
  0.01188178  0.00000000   -0.01188178  0.00000000    0.27482021  0.00000000

     Dynamical  Matrix in cartesian axes

     q = (    0.250000000  -0.250000000  -0.250000000 ) 

    1    1
  0.27482021  0.00000000   -0.01188178  0.00000000   -0.01188178  0.00000000
 -0.01188178  0.00000000    0.27482021  0.00000000    0.01188178  0.00000000
 -0.01188178  0.00000000    0.01188178  0.00000000    0.27482021  0.00000000
    1    2
 -0.20441319 -0.05941951   -0.03975225  0.04138864   -0.03975225  0.04138864
 -0.03975225  0.04138864   -0.20441319 -0.05941951    0.03975225 -0.04138864
 -0.03975225  0.04138864    0.03975225 -0.04138864   -0.20441319 -0.05941951
    2    1
 -0.20441319  0.05941951   -0.03975225 -0.04138864   -0.03975225 -0.04138864
 -0.03975225 -0.04138864   -0.20441319  0.05941951    0.03975225  0.04138864
 -0.03975225 -0.04138864    0.03975225  0.04138864   -0.20441319  0.05941951
    2    2
  0.27482021  0.00000000   -0.01188178  0.00000000   -0.01188178  0.00000000
 -0.01188178  0.00000000    0.27482021  0.00000000    0.01188178  0.00000000
 -0.01188178  0.00000000    0.01188178  0.00000000    0.27482021  0.00000000

     Dynamical  Matrix in cartesian axes

     q = (    0.250000000  -0.250000000   0.250000000 ) 

    1    1
  0.27482021  0.00000000   -0.01188178  0.00000000    0.01188178  0.00000000
 -0.01188178  0.00000000    0.27482021  0.00000000   -0.01188178  0.00000000
  0.01188178  0.00000000   -0.01188178  0.00000000    0.27482021  0.00000000
    1    2
 -0.20441319  0.05941951   -0.03975225 -0.04138864    0.03975225  0.04138864
 -0.03975225 -0.04138864   -0.20441319  0.05941951   -0.03975225 -0.04138864
  0.03975225  0.04138864   -0.03975225 -0.04138864   -0.20441319  0.05941951
    2    1
 -0.20441319 -0.05941951   -0.03975225  0.04138864    0.03975225 -0.04138864
 -0.03975225  0.04138864   -0.20441319 -0.05941951   -0.03975225  0.04138864
  0.03975225 -0.04138864   -0.03975225  0.04138864   -0.20441319 -0.05941951
    2    2
  0.27482021  0.00000000   -0.01188178  0.00000000    0.01188178  0.00000000
 -0.01188178  0.00000000    0.27482021  0.00000000   -0.01188178  0.00000000
  0.01188178  0.00000000   -0.01188178  0.00000000    0.27482021  0.00000000

     Dynamical  Matrix in cartesian axes

     q = (    0.250000000   0.250000000   0.250000000 ) 

    1    1
  0.27482021  0.00000000    0.01188178  0.00000000    0.01188178  0.00000000
  0.01188178  0.00000000    0.27482021  0.00000000    0.01188178  0.00000000
  0.01188178  0.00000000    0.01188178  0.00000000    0.27482021  0.00000000
    1    2
 -0.05941951  0.20441319   -0.04138864 -0.03975225   -0.04138864 -0.03975225
 -0.04138864 -0.03975225   -0.05941951  0.20441319   -0.04138864 -0.03975225
 -0.04138864 -0.03975225   -0.04138864 -0.03975225   -0.05941951  0.20441319
    2    1
 -0.05941951 -0.20441319   -0.04138864  0.03975225   -0.04138864  0.03975225
 -0.04138864  0.03975225   -0.05941951 -0.20441319   -0.04138864  0.03975225
 -0.04138864  0.03975225   -0.04138864  0.03975225   -0.05941951 -0.20441319
    2    2
  0.27482021  0.00000000    0.01188178  0.00000000    0.01188178  0.00000000
  0.01188178  0.00000000    0.27482021  0.00000000    0.01188178  0.00000000
  0.01188178  0.00000000    0.01188178  0.00000000    0.27482021  0.00000000

     Dynamical  Matrix in cartesian axes

     q = (   -0.250000000  -0.250000000  -0.250000000 ) 

    1    1
  0.27482021  0.00000000    0.01188178  0.00000000    0.01188178  0.00000000
  0.01188178  0.00000000    0.27482021  0.00000000    0.01188178  0.00000000
  0.01188178  0.00000000    0.01188178  0.00000000    0.27482021  0.00000000
    1    2
 -0.05941951 -0.20441319   -0.04138864  0.03975225   -0.04138864  0.03975225
 -0.04138864  0.03975225   -0.05941951 -0.20441319   -0.04138864  0.03975225
 -0.04138864  0.03975225   -0.04138864  0.03975225   -0.05941951 -0.20441319
    2    1
 -0.05941951  0.20441319   -0.04138864 -0.03975225   -0.04138864 -0.03975225
 -0.04138864 -0.03975225   -0.05941951  0.20441319   -0.04138864 -0.03975225
 -0.04138864 -0.03975225   -0.04138864 -0.03975225   -0.05941951  0.20441319
    2    2
  0.27482021  0.00000000    0.01188178  0.00000000    0.01188178  0.00000000
  0.01188178  0.00000000    0.27482021  0.00000000    0.01188178  0.00000000
  0.01188178  0.00000000    0.01188178  0.00000000    0.27482021  0.00000000

     Dynamical  Matrix in cartesian axes

     q = (   -0.250000000  -0.250000000   0.250000000 ) 

    1    1
  0.27482021  0.00000000    0.01188178  0.00000000   -0.01188178  0.00000000
  0.01188178  0.00000000    0.27482021  0.00000000   -0.01188178  0.00000000
 -0.01188178  0.00000000   -0.01188178  0.00000000    0.27482021  0.00000000
    1    2
 -0.20441319 -0.05941951    0.03975225 -0.04138864   -0.03975225  0.04138864
  0.03975225 -0.04138864   -0.20441319 -0.05941951   -0.03975225  0.04138864
 -0.03975225  0.04138864   -0.03975225  0.04138864   -0.20441319 -0.05941951
    2    1
 -0.20441319  0.05941951    0.03975225  0.04138864   -0.03975225 -0.04138864
  0.03975225  0.04138864   -0.20441319  0.05941951   -0.03975225 -0.04138864
 -0.03975225 -0.04138864   -0.03975225 -0.04138864   -0.20441319  0.05941951
    2    2
  0.27482021  0.00000000    0.01188178  0.00000000   -0.01188178  0.00000000
  0.01188178  0.00000000    0.27482021  0.00000000   -0.01188178  0.00000000
 -0.01188178  0.00000000   -0.01188178  0.00000000    0.27482021  0.00000000

     Dynamical  Matrix in cartesian axes

     q = (   -0.250000000   0.250000000   0.250000000 ) 

    1    1
  0.27482021  0.00000000   -0.01188178  0.00000000   -0.01188178  0.00000000
 -0.01188178  0.00000000    0.27482021  0.00000000    0.01188178  0.00000000
 -0.01188178  0.00000000    0.01188178  0.00000000    0.27482021  0.00000000
    1    2
 -0.20441319  0.05941951   -0.03975225 -0.04138864   -0.03975225 -0.04138864
 -0.03975225 -0.04138864   -0.20441319  0.05941951    0.03975225  0.04138864
 -0.03975225 -0.04138864    0.03975225  0.04138864   -0.20441319  0.05941951
    2    1
 -0.20441319 -0.05941951   -0.03975225  0.04138864   -0.03975225  0.04138864
 -0.03975225  0.04138864   -0.20441319 -0.05941951    0.03975225 -0.04138864
 -0.03975225  0.04138864    0.03975225 -0.04138864   -0.20441319 -0.05941951
    2    2
  0.27482021  0.00000000   -0.01188178  0.00000000   -0.01188178  0.00000000
 -0.01188178  0.00000000    0.27482021  0.00000000    0.01188178  0.00000000
 -0.01188178  0.00000000    0.01188178  0.00000000    0.27482021  0.00000000

     Dynamical  Matrix in cartesian axes

     q = (    0.250000000   0.250000000  -0.250000000 ) 

    1    1
  0.27482021  0.00000000    0.01188178  0.00000000   -0.01188178  0.00000000
  0.01188178  0.00000000    0.27482021  0.00000000   -0.01188178  0.00000000
 -0.01188178  0.00000000   -0.01188178  0.00000000    0.27482021  0.00000000
    1    2
 -0.20441319  0.05941951    0.03975225  0.04138864   -0.03975225 -0.04138864
  0.03975225  0.04138864   -0.20441319  0.05941951   -0.03975225 -0.04138864
 -0.03975225 -0.04138864   -0.03975225 -0.04138864   -0.20441319  0.05941951
    2    1
 -0.20441319 -0.05941951    0.03975225 -0.04138864   -0.03975225  0.04138864
  0.03975225 -0.04138864   -0.20441319 -0.05941951   -0.03975225  0.04138864
 -0.03975225  0.04138864   -0.03975225  0.04138864   -0.20441319 -0.05941951
    2    2
  0.27482021  0.00000000    0.01188178  0.00000000   -0.01188178  0.00000000
  0.01188178  0.00000000    0.27482021  0.00000000   -0.01188178  0.00000000
 -0.01188178  0.00000000   -0.01188178  0.00000000    0.27482021  0.00000000

     Diagonalizing the dynamical matrix

     q = (   -0.250000000   0.250000000  -0.250000000 ) 

 **************************************************************************
     freq (    1) =       2.766953 [THz] =      92.295620 [cm-1]
 ( -0.357435 -0.373224 -0.306306 -0.369448  0.051129  0.003776 ) 
 ( -0.383951 -0.345887 -0.332683 -0.345887  0.051269  0.000000 ) 
     freq (    2) =       2.766953 [THz] =      92.295620 [cm-1]
 ( -0.257167  0.011929  0.316341  0.054281  0.573508  0.042352 ) 
 ( -0.255590  0.030836  0.319479  0.030836  0.575069  0.000000 ) 
     freq (    3) =       6.798418 [THz] =     226.770804 [cm-1]
 ( -0.269427 -0.306718  0.269427  0.306718 -0.269427 -0.306718 ) 
 ( -0.408248  0.000000  0.408248 -0.000000 -0.408248  0.000000 ) 
     freq (    4) =      14.361793 [THz] =     479.057846 [cm-1]
 (  0.269427  0.306718 -0.269427 -0.306718  0.269427  0.306718 ) 
 ( -0.408248 -0.000000  0.408248 -0.000000 -0.408248  0.000000 ) 
     freq (    5) =      14.652037 [THz] =     488.739352 [cm-1]
 (  0.287879  0.021319 -0.287904 -0.021201 -0.575782 -0.042520 ) 
 ( -0.288667 -0.000059  0.288683 -0.000059  0.577350  0.000000 ) 
     freq (    6) =      14.652037 [THz] =     488.739352 [cm-1]
 ( -0.105721  0.488700 -0.105652  0.488705  0.000069  0.000005 ) 
 (  0.069443 -0.495159  0.069374 -0.495159 -0.000069  0.000000 ) 
 **************************************************************************
