Dynamical matrix file
                                                                           
  1    2  2 10.3000000  0.0000000  0.0000000  0.0000000  0.0000000  0.0000000
           1  'Si  '    25598.822984527003     
    1    1      0.0000000000      0.0000000000      0.0000000000
    2    1      0.2500000000      0.2500000000      0.2500000000

     Dynamical  Matrix in cartesian axes

     q = (    0.750000000  -0.250000000   0.750000000 ) 

    1    1
  0.25143501  0.00000000   -0.00644589  0.00777223    0.00604459  0.00000000
 -0.00644589 -0.00777223    0.30316534  0.00000000   -0.00644589 -0.00777223
  0.00604459  0.00000000   -0.00644589  0.00777223    0.25143501  0.00000000
    1    2
 -0.06162741  0.06278229   -0.04245845  0.04492639   -0.04284330 -0.14025982
 -0.04245845  0.04492639   -0.05995419  0.08125912   -0.04245845  0.04492639
 -0.04284330 -0.14025982   -0.04245845  0.04492639   -0.06162741  0.06278229
    2    1
 -0.06162741 -0.06278229   -0.04245845 -0.04492639   -0.04284330  0.14025982
 -0.04245845 -0.04492639   -0.05995419 -0.08125912   -0.04245845 -0.04492639
 -0.04284330  0.14025982   -0.04245845 -0.04492639   -0.06162741 -0.06278229
    2    2
  0.25143501  0.00000000   -0.00644589 -0.00777223    0.00604459  0.00000000
 -0.00644589  0.00777223    0.30316534  0.00000000   -0.00644589  0.00777223
  0.00604459  0.00000000   -0.00644589 -0.00777223    0.25143501  0.00000000

     Dynamical  Matrix in cartesian axes

     q = (    0.750000000  -0.250000000  -0.750000000 ) 

    1    1
  0.25143501  0.00000000   -0.00644589 -0.00777223   -0.00604459  0.00000000
 -0.00644589  0.00777223    0.30316534  0.00000000    0.00644589 -0.00777223
 -0.00604459  0.00000000    0.00644589  0.00777223    0.25143501  0.00000000
    1    2
 -0.06278229  0.06162741   -0.04492639  0.04245845   -0.14025982 -0.04284330
 -0.04492639  0.04245845   -0.08125912  0.05995419    0.04492639 -0.04245845
 -0.14025982 -0.04284330    0.04492639 -0.04245845   -0.06278229  0.06162741
    2    1
 -0.06278229 -0.06162741   -0.04492639 -0.04245845   -0.14025982  0.04284330
 -0.04492639 -0.04245845   -0.08125912 -0.05995419    0.04492639  0.04245845
 -0.14025982  0.04284330    0.04492639  0.04245845   -0.06278229 -0.06162741
    2    2
  0.25143501  0.00000000   -0.00644589  0.00777223   -0.00604459  0.00000000
 -0.00644589 -0.00777223    0.30316534  0.00000000    0.00644589  0.00777223
 -0.00604459  0.00000000    0.00644589 -0.00777223    0.25143501  0.00000000

     Dynamical  Matrix in cartesian axes

     q = (   -0.750000000  -0.250000000  -0.750000000 ) 

    1    1
  0.25143501  0.00000000    0.00644589 -0.00777223    0.00604459  0.00000000
  0.00644589  0.00777223    0.30316534  0.00000000    0.00644589  0.00777223
  0.00604459  0.00000000    0.00644589 -0.00777223    0.25143501  0.00000000
    1    2
  0.06278229  0.06162741   -0.04492639 -0.04245845   -0.14025982  0.04284330
 -0.04492639 -0.04245845    0.08125912  0.05995419   -0.04492639 -0.04245845
 -0.14025982  0.04284330   -0.04492639 -0.04245845    0.06278229  0.06162741
    2    1
  0.06278229 -0.06162741   -0.04492639  0.04245845   -0.14025982 -0.04284330
 -0.04492639  0.04245845    0.08125912 -0.05995419   -0.04492639  0.04245845
 -0.14025982 -0.04284330   -0.04492639  0.04245845    0.06278229 -0.06162741
    2    2
  0.25143501  0.00000000    0.00644589  0.00777223    0.00604459  0.00000000
  0.00644589 -0.00777223    0.30316534  0.00000000    0.00644589 -0.00777223
  0.00604459  0.00000000    0.00644589  0.00777223    0.25143501  0.00000000

     Dynamical  Matrix in cartesian axes

     q = (   -0.750000000  -0.250000000   0.750000000 ) 

    1    1
  0.25143501  0.00000000    0.00644589  0.00777223   -0.00604459  0.00000000
  0.00644589 -0.00777223    0.30316534  0.00000000   -0.00644589  0.00777223
 -0.00604459  0.00000000   -0.00644589 -0.00777223    0.25143501  0.00000000
    1    2
 -0.06278229  0.06162741    0.04492639 -0.04245845   -0.14025982 -0.04284330
  0.04492639 -0.04245845   -0.08125912  0.05995419   -0.04492639  0.04245845
 -0.14025982 -0.04284330   -0.04492639  0.04245845   -0.06278229  0.06162741
    2    1
 -0.06278229 -0.06162741    0.04492639  0.04245845   -0.14025982  0.04284330
  0.04492639  0.04245845   -0.08125912 -0.05995419   -0.04492639 -0.04245845
 -0.14025982  0.04284330   -0.04492639 -0.04245845   -0.06278229 -0.06162741
    2    2
  0.25143501  0.00000000    0.00644589 -0.00777223   -0.00604459  0.00000000
  0.00644589  0.00777223    0.30316534  0.00000000   -0.00644589 -0.00777223
 -0.00604459  0.00000000   -0.00644589  0.00777223    0.25143501  0.00000000

     Dynamical  Matrix in cartesian axes

     q = (   -0.750000000   0.250000000  -0.750000000 ) 

    1    1
  0.25143501  0.00000000   -0.00644589 -0.00777223    0.00604459  0.00000000
 -0.00644589  0.00777223    0.30316534  0.00000000   -0.00644589  0.00777223
  0.00604459  0.00000000   -0.00644589 -0.00777223    0.25143501  0.00000000
    1    2
 -0.06162741 -0.06278229   -0.04245845 -0.04492639   -0.04284330  0.14025982
 -0.04245845 -0.04492639   -0.05995419 -0.08125912   -0.04245845 -0.04492639
 -0.04284330  0.14025982   -0.04245845 -0.04492639   -0.06162741 -0.06278229
    2    1
 -0.06162741  0.06278229   -0.04245845  0.04492639   -0.04284330 -0.14025982
 -0.04245845  0.04492639   -0.05995419  0.08125912   -0.04245845  0.04492639
 -0.04284330 -0.14025982   -0.04245845  0.04492639   -0.06162741  0.06278229
    2    2
  0.25143501  0.00000000   -0.00644589  0.00777223    0.00604459  0.00000000
 -0.00644589 -0.00777223    0.30316534  0.00000000   -0.00644589 -0.00777223
  0.00604459  0.00000000   -0.00644589  0.00777223    0.25143501  0.00000000

     Dynamical  Matrix in cartesian axes

     q = (   -0.250000000   0.750000000  -0.750000000 ) 

    1    1
  0.30316534  0.00000000   -0.00644589  0.00777223    0.00644589 -0.00777223
 -0.00644589 -0.00777223    0.25143501  0.00000000   -0.00604459  0.00000000
  0.00644589  0.00777223   -0.00604459  0.00000000    0.25143501  0.00000000
    1    2
 -0.08125912  0.05995419   -0.04492639  0.04245845    0.04492639 -0.04245845
 -0.04492639  0.04245845   -0.06278229  0.06162741   -0.14025982 -0.04284330
  0.04492639 -0.04245845   -0.14025982 -0.04284330   -0.06278229  0.06162741
    2    1
 -0.08125912 -0.05995419   -0.04492639 -0.04245845    0.04492639  0.04245845
 -0.04492639 -0.04245845   -0.06278229 -0.06162741   -0.14025982  0.04284330
  0.04492639  0.04245845   -0.14025982  0.04284330   -0.06278229 -0.06162741
    2    2
  0.30316534  0.00000000   -0.00644589 -0.00777223    0.00644589  0.00777223
 -0.00644589  0.00777223    0.25143501  0.00000000   -0.00604459  0.00000000
  0.00644589 -0.00777223   -0.00604459  0.00000000    0.25143501  0.00000000

     Dynamical  Matrix in cartesian axes

     q = (   -0.750000000   0.750000000  -0.250000000 ) 

    1    1
  0.25143501  0.00000000   -0.00604459  0.00000000    0.00644589  0.00777223
 -0.00604459  0.00000000    0.25143501  0.00000000   -0.00644589 -0.00777223
  0.00644589 -0.00777223   -0.00644589  0.00777223    0.30316534  0.00000000
    1    2
 -0.06278229  0.06162741   -0.14025982 -0.04284330    0.04492639 -0.04245845
 -0.14025982 -0.04284330   -0.06278229  0.06162741   -0.04492639  0.04245845
  0.04492639 -0.04245845   -0.04492639  0.04245845   -0.08125912  0.05995419
    2    1
 -0.06278229 -0.06162741   -0.14025982  0.04284330    0.04492639  0.04245845
 -0.14025982  0.04284330   -0.06278229 -0.06162741   -0.04492639 -0.04245845
  0.04492639  0.04245845   -0.04492639 -0.04245845   -0.08125912 -0.05995419
    2    2
  0.25143501  0.00000000   -0.00604459  0.00000000    0.00644589 -0.00777223
 -0.00604459  0.00000000    0.25143501  0.00000000   -0.00644589  0.00777223
  0.00644589  0.00777223   -0.00644589 -0.00777223    0.30316534  0.00000000

     Dynamical  Matrix in cartesian axes

     q = (    0.750000000   0.250000000   0.750000000 ) 

    1    1
  0.25143501  0.00000000    0.00644589  0.00777223    0.00604459  0.00000000
  0.00644589 -0.00777223    0.30316534  0.00000000    0.00644589 -0.00777223
  0.00604459  0.00000000    0.00644589  0.00777223    0.25143501  0.00000000
    1    2
  0.06278229 -0.06162741   -0.04492639  0.04245845   -0.14025982 -0.04284330
 -0.04492639  0.04245845    0.08125912 -0.05995419   -0.04492639  0.04245845
 -0.14025982 -0.04284330   -0.04492639  0.04245845    0.06278229 -0.06162741
    2    1
  0.06278229  0.06162741   -0.04492639 -0.04245845   -0.14025982  0.04284330
 -0.04492639 -0.04245845    0.08125912  0.05995419   -0.04492639 -0.04245845
 -0.14025982  0.04284330   -0.04492639 -0.04245845    0.06278229  0.06162741
    2    2
  0.25143501  0.00000000    0.00644589 -0.00777223    0.00604459  0.00000000
  0.00644589  0.00777223    0.30316534  0.00000000    0.00644589  0.00777223
  0.00604459  0.00000000    0.00644589 -0.00777223    0.25143501  0.00000000

     Dynamical  Matrix in cartesian axes

     q = (   -0.750000000   0.250000000   0.750000000 ) 

    1    1
  0.25143501  0.00000000   -0.00644589  0.00777223   -0.00604459  0.00000000
 -0.00644589 -0.00777223    0.30316534  0.00000000    0.00644589  0.00777223
 -0.00604459  0.00000000    0.00644589 -0.00777223    0.25143501  0.00000000
    1    2
 -0.06278229 -0.06162741   -0.04492639 -0.04245845   -0.14025982  0.04284330
 -0.04492639 -0.04245845   -0.08125912 -0.05995419    0.04492639  0.04245845
 -0.14025982  0.04284330    0.04492639  0.04245845   -0.06278229 -0.06162741
    2    1
 -0.06278229  0.06162741   -0.04492639  0.04245845   -0.14025982 -0.04284330
 -0.04492639  0.04245845   -0.08125912  0.05995419    0.04492639 -0.04245845
 -0.14025982 -0.04284330    0.04492639 -0.04245845   -0.06278229  0.06162741
    2    2
  0.25143501  0.00000000   -0.00644589 -0.00777223   -0.00604459  0.00000000
 -0.00644589  0.00777223    0.30316534  0.00000000    0.00644589 -0.00777223
 -0.00604459  0.00000000    0.00644589  0.00777223    0.25143501  0.00000000

     Dynamical  Matrix in cartesian axes

     q = (    0.750000000   0.250000000  -0.750000000 ) 

    1    1
  0.25143501  0.00000000    0.00644589 -0.00777223   -0.00604459  0.00000000
  0.00644589  0.00777223    0.30316534  0.00000000   -0.00644589 -0.00777223
 -0.00604459  0.00000000   -0.00644589  0.00777223    0.25143501  0.00000000
    1    2
 -0.06278229 -0.06162741    0.04492639  0.04245845   -0.14025982  0.04284330
  0.04492639  0.04245845   -0.08125912 -0.05995419   -0.04492639 -0.04245845
 -0.14025982  0.04284330   -0.04492639 -0.04245845   -0.06278229 -0.06162741
    2    1
 -0.06278229  0.06162741    0.04492639 -0.04245845   -0.14025982 -0.04284330
  0.04492639 -0.04245845   -0.08125912  0.05995419   -0.04492639  0.04245845
 -0.14025982 -0.04284330   -0.04492639  0.04245845   -0.06278229  0.06162741
    2    2
  0.25143501  0.00000000    0.00644589  0.00777223   -0.00604459  0.00000000
  0.00644589 -0.00777223    0.30316534  0.00000000   -0.00644589  0.00777223
 -0.00604459  0.00000000   -0.00644589 -0.00777223    0.25143501  0.00000000

     Dynamical  Matrix in cartesian axes

     q = (   -0.750000000   0.750000000   0.250000000 ) 

    1    1
  0.25143501  0.00000000   -0.00604459  0.00000000   -0.00644589  0.00777223
 -0.00604459  0.00000000    0.25143501  0.00000000    0.00644589 -0.00777223
 -0.00644589 -0.00777223    0.00644589  0.00777223    0.30316534  0.00000000
    1    2
 -0.06278229 -0.06162741   -0.14025982  0.04284330   -0.04492639 -0.04245845
 -0.14025982  0.04284330   -0.06278229 -0.06162741    0.04492639  0.04245845
 -0.04492639 -0.04245845    0.04492639  0.04245845   -0.08125912 -0.05995419
    2    1
 -0.06278229  0.06162741   -0.14025982 -0.04284330   -0.04492639  0.04245845
 -0.14025982 -0.04284330   -0.06278229  0.06162741    0.04492639 -0.04245845
 -0.04492639  0.04245845    0.04492639 -0.04245845   -0.08125912  0.05995419
    2    2
  0.25143501  0.00000000   -0.00604459  0.00000000   -0.00644589 -0.00777223
 -0.00604459  0.00000000    0.25143501  0.00000000    0.00644589  0.00777223
 -0.00644589  0.00777223    0.00644589 -0.00777223    0.30316534  0.00000000

     Dynamical  Matrix in cartesian axes

     q = (   -0.250000000   0.750000000   0.750000000 ) 

    1    1
  0.30316534  0.00000000   -0.00644589 -0.00777223   -0.00644589 -0.00777223
 -0.00644589  0.00777223    0.25143501  0.00000000    0.00604459  0.00000000
 -0.00644589  0.00777223    0.00604459  0.00000000    0.25143501  0.00000000
    1    2
 -0.05995419  0.08125912   -0.04245845  0.04492639   -0.04245845  0.04492639
 -0.04245845  0.04492639   -0.06162741  0.06278229   -0.04284330 -0.14025982
 -0.04245845  0.04492639   -0.04284330 -0.14025982   -0.06162741  0.06278229
    2    1
 -0.05995419 -0.08125912   -0.04245845 -0.04492639   -0.04245845 -0.04492639
 -0.04245845 -0.04492639   -0.06162741 -0.06278229   -0.04284330  0.14025982
 -0.04245845 -0.04492639   -0.04284330  0.14025982   -0.06162741 -0.06278229
    2    2
  0.30316534  0.00000000   -0.00644589  0.00777223   -0.00644589  0.00777223
 -0.00644589 -0.00777223    0.25143501  0.00000000    0.00604459  0.00000000
 -0.00644589 -0.00777223    0.00604459  0.00000000    0.25143501  0.00000000

     Dynamical  Matrix in cartesian axes

     q = (    0.250000000   0.750000000  -0.750000000 ) 

    1    1
  0.30316534  0.00000000    0.00644589  0.00777223   -0.00644589 -0.00777223
  0.00644589 -0.00777223    0.25143501  0.00000000   -0.00604459  0.00000000
 -0.00644589  0.00777223   -0.00604459  0.00000000    0.25143501  0.00000000
    1    2
 -0.08125912 -0.05995419    0.04492639  0.04245845   -0.04492639 -0.04245845
  0.04492639  0.04245845   -0.06278229 -0.06162741   -0.14025982  0.04284330
 -0.04492639 -0.04245845   -0.14025982  0.04284330   -0.06278229 -0.06162741
    2    1
 -0.08125912  0.05995419    0.04492639 -0.04245845   -0.04492639  0.04245845
  0.04492639 -0.04245845   -0.06278229  0.06162741   -0.14025982 -0.04284330
 -0.04492639  0.04245845   -0.14025982 -0.04284330   -0.06278229  0.06162741
    2    2
  0.30316534  0.00000000    0.00644589 -0.00777223   -0.00644589  0.00777223
  0.00644589  0.00777223    0.25143501  0.00000000   -0.00604459  0.00000000
 -0.00644589 -0.00777223   -0.00604459  0.00000000    0.25143501  0.00000000

     Dynamical  Matrix in cartesian axes

     q = (   -0.250000000  -0.750000000  -0.750000000 ) 

    1    1
  0.30316534  0.00000000    0.00644589  0.00777223    0.00644589  0.00777223
  0.00644589 -0.00777223    0.25143501  0.00000000    0.00604459  0.00000000
  0.00644589 -0.00777223    0.00604459  0.00000000    0.25143501  0.00000000
    1    2
  0.08125912  0.05995419   -0.04492639 -0.04245845   -0.04492639 -0.04245845
 -0.04492639 -0.04245845    0.06278229  0.06162741   -0.14025982  0.04284330
 -0.04492639 -0.04245845   -0.14025982  0.04284330    0.06278229  0.06162741
    2    1
  0.08125912 -0.05995419   -0.04492639  0.04245845   -0.04492639  0.04245845
 -0.04492639  0.04245845    0.06278229 -0.06162741   -0.14025982 -0.04284330
 -0.04492639  0.04245845   -0.14025982 -0.04284330    0.06278229 -0.06162741
    2    2
  0.30316534  0.00000000    0.00644589 -0.00777223    0.00644589 -0.00777223
  0.00644589  0.00777223    0.25143501  0.00000000    0.00604459  0.00000000
  0.00644589  0.00777223    0.00604459  0.00000000    0.25143501  0.00000000

     Dynamical  Matrix in cartesian axes

     q = (    0.750000000   0.750000000  -0.250000000 ) 

    1    1
  0.25143501  0.00000000    0.00604459  0.00000000   -0.00644589  0.00777223
  0.00604459  0.00000000    0.25143501  0.00000000   -0.00644589  0.00777223
 -0.00644589 -0.00777223   -0.00644589 -0.00777223    0.30316534  0.00000000
    1    2
 -0.06162741  0.06278229   -0.04284330 -0.14025982   -0.04245845  0.04492639
 -0.04284330 -0.14025982   -0.06162741  0.06278229   -0.04245845  0.04492639
 -0.04245845  0.04492639   -0.04245845  0.04492639   -0.05995419  0.08125912
    2    1
 -0.06162741 -0.06278229   -0.04284330  0.14025982   -0.04245845 -0.04492639
 -0.04284330  0.14025982   -0.06162741 -0.06278229   -0.04245845 -0.04492639
 -0.04245845 -0.04492639   -0.04245845 -0.04492639   -0.05995419 -0.08125912
    2    2
  0.25143501  0.00000000    0.00604459  0.00000000   -0.00644589 -0.00777223
  0.00604459  0.00000000    0.25143501  0.00000000   -0.00644589 -0.00777223
 -0.00644589  0.00777223   -0.00644589  0.00777223    0.30316534  0.00000000

     Dynamical  Matrix in cartesian axes

     q = (    0.750000000  -0.750000000   0.250000000 ) 

    1    1
  0.25143501  0.00000000   -0.00604459  0.00000000    0.00644589 -0.00777223
 -0.00604459  0.00000000    0.25143501  0.00000000   -0.00644589  0.00777223
  0.00644589  0.00777223   -0.00644589 -0.00777223    0.30316534  0.00000000
    1    2
 -0.06278229 -0.06162741   -0.14025982  0.04284330    0.04492639  0.04245845
 -0.14025982  0.04284330   -0.06278229 -0.06162741   -0.04492639 -0.04245845
  0.04492639  0.04245845   -0.04492639 -0.04245845   -0.08125912 -0.05995419
    2    1
 -0.06278229  0.06162741   -0.14025982 -0.04284330    0.04492639 -0.04245845
 -0.14025982 -0.04284330   -0.06278229  0.06162741   -0.04492639  0.04245845
  0.04492639 -0.04245845   -0.04492639  0.04245845   -0.08125912  0.05995419
    2    2
  0.25143501  0.00000000   -0.00604459  0.00000000    0.00644589  0.00777223
 -0.00604459  0.00000000    0.25143501  0.00000000   -0.00644589 -0.00777223
  0.00644589 -0.00777223   -0.00644589  0.00777223    0.30316534  0.00000000

     Dynamical  Matrix in cartesian axes

     q = (   -0.750000000  -0.750000000  -0.250000000 ) 

    1    1
  0.25143501  0.00000000    0.00604459  0.00000000    0.00644589 -0.00777223
  0.00604459  0.00000000    0.25143501  0.00000000    0.00644589 -0.00777223
  0.00644589  0.00777223    0.00644589  0.00777223    0.30316534  0.00000000
    1    2
  0.06278229  0.06162741   -0.14025982  0.04284330   -0.04492639 -0.04245845
 -0.14025982  0.04284330    0.06278229  0.06162741   -0.04492639 -0.04245845
 -0.04492639 -0.04245845   -0.04492639 -0.04245845    0.08125912  0.05995419
    2    1
  0.06278229 -0.06162741   -0.14025982 -0.04284330   -0.04492639  0.04245845
 -0.14025982 -0.04284330    0.06278229 -0.06162741   -0.04492639  0.04245845
 -0.04492639  0.04245845   -0.04492639  0.04245845    0.08125912 -0.05995419
    2    2
  0.25143501  0.00000000    0.00604459  0.00000000    0.00644589  0.00777223
  0.00604459  0.00000000    0.25143501  0.00000000    0.00644589  0.00777223
  0.00644589 -0.00777223    0.00644589 -0.00777223    0.30316534  0.00000000

     Dynamical  Matrix in cartesian axes

     q = (    0.250000000  -0.750000000   0.750000000 ) 

    1    1
  0.30316534  0.00000000   -0.00644589 -0.00777223    0.00644589  0.00777223
 -0.00644589  0.00777223    0.25143501  0.00000000   -0.00604459  0.00000000
  0.00644589 -0.00777223   -0.00604459  0.00000000    0.25143501  0.00000000
    1    2
 -0.08125912 -0.05995419   -0.04492639 -0.04245845    0.04492639  0.04245845
 -0.04492639 -0.04245845   -0.06278229 -0.06162741   -0.14025982  0.04284330
  0.04492639  0.04245845   -0.14025982  0.04284330   -0.06278229 -0.06162741
    2    1
 -0.08125912  0.05995419   -0.04492639  0.04245845    0.04492639 -0.04245845
 -0.04492639  0.04245845   -0.06278229  0.06162741   -0.14025982 -0.04284330
  0.04492639 -0.04245845   -0.14025982 -0.04284330   -0.06278229  0.06162741
    2    2
  0.30316534  0.00000000   -0.00644589  0.00777223    0.00644589 -0.00777223
 -0.00644589 -0.00777223    0.25143501  0.00000000   -0.00604459  0.00000000
  0.00644589  0.00777223   -0.00604459  0.00000000    0.25143501  0.00000000

     Dynamical  Matrix in cartesian axes

     q = (   -0.750000000  -0.750000000   0.250000000 ) 

    1    1
  0.25143501  0.00000000    0.00604459  0.00000000   -0.00644589 -0.00777223
  0.00604459  0.00000000    0.25143501  0.00000000   -0.00644589 -0.00777223
 -0.00644589  0.00777223   -0.00644589  0.00777223    0.30316534  0.00000000
    1    2
 -0.06162741 -0.06278229   -0.04284330  0.14025982   -0.04245845 -0.04492639
 -0.04284330  0.14025982   -0.06162741 -0.06278229   -0.04245845 -0.04492639
 -0.04245845 -0.04492639   -0.04245845 -0.04492639   -0.05995419 -0.08125912
    2    1
 -0.06162741  0.06278229   -0.04284330 -0.14025982   -0.04245845  0.04492639
 -0.04284330 -0.14025982   -0.06162741  0.06278229   -0.04245845  0.04492639
 -0.04245845  0.04492639   -0.04245845  0.04492639   -0.05995419  0.08125912
    2    2
  0.25143501  0.00000000    0.00604459  0.00000000   -0.00644589  0.00777223
  0.00604459  0.00000000    0.25143501  0.00000000   -0.00644589  0.00777223
 -0.00644589 -0.00777223   -0.00644589 -0.00777223    0.30316534  0.00000000

     Dynamical  Matrix in cartesian axes

     q = (    0.250000000   0.750000000   0.750000000 ) 

    1    1
  0.30316534  0.00000000    0.00644589 -0.00777223    0.00644589 -0.00777223
  0.00644589  0.00777223    0.25143501  0.00000000    0.00604459  0.00000000
  0.00644589  0.00777223    0.00604459  0.00000000    0.25143501  0.00000000
    1    2
  0.08125912 -0.05995419   -0.04492639  0.04245845   -0.04492639  0.04245845
 -0.04492639  0.04245845    0.06278229 -0.06162741   -0.14025982 -0.04284330
 -0.04492639  0.04245845   -0.14025982 -0.04284330    0.06278229 -0.06162741
    2    1
  0.08125912  0.05995419   -0.04492639 -0.04245845   -0.04492639 -0.04245845
 -0.04492639 -0.04245845    0.06278229  0.06162741   -0.14025982  0.04284330
 -0.04492639 -0.04245845   -0.14025982  0.04284330    0.06278229  0.06162741
    2    2
  0.30316534  0.00000000    0.00644589  0.00777223    0.00644589  0.00777223
  0.00644589 -0.00777223    0.25143501  0.00000000    0.00604459  0.00000000
  0.00644589 -0.00777223    0.00604459  0.00000000    0.25143501  0.00000000

     Dynamical  Matrix in cartesian axes

     q = (   -0.250000000  -0.750000000   0.750000000 ) 

    1    1
  0.30316534  0.00000000    0.00644589 -0.00777223   -0.00644589  0.00777223
  0.00644589  0.00777223    0.25143501  0.00000000   -0.00604459  0.00000000
 -0.00644589 -0.00777223   -0.00604459  0.00000000    0.25143501  0.00000000
    1    2
 -0.08125912  0.05995419    0.04492639 -0.04245845   -0.04492639  0.04245845
  0.04492639 -0.04245845   -0.06278229  0.06162741   -0.14025982 -0.04284330
 -0.04492639  0.04245845   -0.14025982 -0.04284330   -0.06278229  0.06162741
    2    1
 -0.08125912 -0.05995419    0.04492639  0.04245845   -0.04492639 -0.04245845
  0.04492639  0.04245845   -0.06278229 -0.06162741   -0.14025982  0.04284330
 -0.04492639 -0.04245845   -0.14025982  0.04284330   -0.06278229 -0.06162741
    2    2
  0.30316534  0.00000000    0.00644589  0.00777223   -0.00644589 -0.00777223
  0.00644589 -0.00777223    0.25143501  0.00000000   -0.00604459  0.00000000
 -0.00644589  0.00777223   -0.00604459  0.00000000    0.25143501  0.00000000

     Dynamical  Matrix in cartesian axes

     q = (    0.750000000   0.750000000   0.250000000 ) 

    1    1
  0.25143501  0.00000000    0.00604459  0.00000000    0.00644589  0.00777223
  0.00604459  0.00000000    0.25143501  0.00000000    0.00644589  0.00777223
  0.00644589 -0.00777223    0.00644589 -0.00777223    0.30316534  0.00000000
    1    2
  0.06278229 -0.06162741   -0.14025982 -0.04284330   -0.04492639  0.04245845
 -0.14025982 -0.04284330    0.06278229 -0.06162741   -0.04492639  0.04245845
 -0.04492639  0.04245845   -0.04492639  0.04245845    0.08125912 -0.05995419
    2    1
  0.06278229  0.06162741   -0.14025982  0.04284330   -0.04492639 -0.04245845
 -0.14025982  0.04284330    0.06278229  0.06162741   -0.04492639 -0.04245845
 -0.04492639 -0.04245845   -0.04492639 -0.04245845    0.08125912  0.05995419
    2    2
  0.25143501  0.00000000    0.00604459  0.00000000    0.00644589 -0.00777223
  0.00604459  0.00000000    0.25143501  0.00000000    0.00644589 -0.00777223
  0.00644589  0.00777223    0.00644589  0.00777223    0.30316534  0.00000000

     Dynamical  Matrix in cartesian axes

     q = (    0.250000000  -0.750000000  -0.750000000 ) 

    1    1
  0.30316534  0.00000000   -0.00644589  0.00777223   -0.00644589  0.00777223
 -0.00644589 -0.00777223    0.25143501  0.00000000    0.00604459  0.00000000
 -0.00644589 -0.00777223    0.00604459  0.00000000    0.25143501  0.00000000
    1    2
 -0.05995419 -0.08125912   -0.04245845 -0.04492639   -0.04245845 -0.04492639
 -0.04245845 -0.04492639   -0.06162741 -0.06278229   -0.04284330  0.14025982
 -0.04245845 -0.04492639   -0.04284330  0.14025982   -0.06162741 -0.06278229
    2    1
 -0.05995419  0.08125912   -0.04245845  0.04492639   -0.04245845  0.04492639
 -0.04245845  0.04492639   -0.06162741  0.06278229   -0.04284330 -0.14025982
 -0.04245845  0.04492639   -0.04284330 -0.14025982   -0.06162741  0.06278229
    2    2
  0.30316534  0.00000000   -0.00644589 -0.00777223   -0.00644589 -0.00777223
 -0.00644589  0.00777223    0.25143501  0.00000000    0.00604459  0.00000000
 -0.00644589  0.00777223    0.00604459  0.00000000    0.25143501  0.00000000

     Dynamical  Matrix in cartesian axes

     q = (    0.750000000  -0.750000000  -0.250000000 ) 

    1    1
  0.25143501  0.00000000   -0.00604459  0.00000000   -0.00644589 -0.00777223
 -0.00604459  0.00000000    0.25143501  0.00000000    0.00644589  0.00777223
 -0.00644589  0.00777223    0.00644589 -0.00777223    0.30316534  0.00000000
    1    2
 -0.06278229  0.06162741   -0.14025982 -0.04284330   -0.04492639  0.04245845
 -0.14025982 -0.04284330   -0.06278229  0.06162741    0.04492639 -0.04245845
 -0.04492639  0.04245845    0.04492639 -0.04245845   -0.08125912  0.05995419
    2    1
 -0.06278229 -0.06162741   -0.14025982  0.04284330   -0.04492639 -0.04245845
 -0.14025982  0.04284330   -0.06278229 -0.06162741    0.04492639  0.04245845
 -0.04492639 -0.04245845    0.04492639  0.04245845   -0.08125912 -0.05995419
    2    2
  0.25143501  0.00000000   -0.00604459  0.00000000   -0.00644589  0.00777223
 -0.00604459  0.00000000    0.25143501  0.00000000    0.00644589 -0.00777223
 -0.00644589 -0.00777223    0.00644589  0.00777223    0.30316534  0.00000000

     Diagonalizing the dynamical matrix

     q = (    0.750000000  -0.250000000   0.750000000 ) 

 **************************************************************************
     freq (    1) =       4.187850 [THz] =     139.691624 [cm-1]
 (  0.046060 -0.497874  0.000000 -0.000000 -0.046060  0.497874 ) 
 (  0.500000 -0.000000  0.000000  0.000000 -0.500000  0.000000 ) 
     freq (    2) =       5.867346 [THz] =     195.713595 [cm-1]
 ( -0.389077 -0.167219 -0.343251  0.153274 -0.389077 -0.167219 ) 
 ( -0.423489  0.000000 -0.254837 -0.276355 -0.423489  0.000000 ) 
     freq (    3) =       9.448685 [THz] =     315.174190 [cm-1]
 (  0.121274 -0.285561  0.374440  0.409011  0.121274 -0.285561 ) 
 ( -0.310246 -0.000000  0.230100  0.504529 -0.310246  0.000000 ) 
     freq (    4) =      12.223717 [THz] =     407.739318 [cm-1]
 (  0.068862  0.317261 -0.401510 -0.357766  0.068862  0.317261 ) 
 ( -0.324648 -0.000000  0.434790  0.316488 -0.324648  0.000000 ) 
     freq (    5) =      13.782660 [THz] =     459.740046 [cm-1]
 (  0.046060 -0.497874  0.000000 -0.000000 -0.046060  0.497874 ) 
 ( -0.500000 -0.000000 -0.000000 -0.000000  0.500000  0.000000 ) 
     freq (    6) =      14.175801 [THz] =     472.853838 [cm-1]
 ( -0.303758 -0.163521 -0.462480  0.219307 -0.303758 -0.163521 ) 
 (  0.344976  0.000000  0.303270  0.412324  0.344976 -0.000000 ) 
 **************************************************************************
