Dynamical matrix file
                                                                           
  1    2  2 10.2300000  0.0000000  0.0000000  0.0000000  0.0000000  0.0000000
           1  'Si  '    25598.822984527003     
    1    1      0.0000000000      0.0000000000      0.0000000000
    2    1      0.2500000000      0.2500000000      0.2500000000

     Dynamical  Matrix in cartesian axes

     q = (   -0.250000000   0.250000000  -0.250000000 ) 

    1    1
  0.29064794  0.00000000   -0.01144305  0.00000000    0.01144305  0.00000000
 -0.01144305  0.00000000    0.29064794  0.00000000   -0.01144305  0.00000000
  0.01144305  0.00000000   -0.01144305  0.00000000    0.29064794  0.00000000
    1    2
 -0.21109457 -0.06165653   -0.04230254  0.04250729    0.04230254 -0.04250729
 -0.04230254  0.04250729   -0.21109457 -0.06165653   -0.04230254  0.04250729
  0.04230254 -0.04250729   -0.04230254  0.04250729   -0.21109457 -0.06165653
    2    1
 -0.21109457  0.06165653   -0.04230254 -0.04250729    0.04230254  0.04250729
 -0.04230254 -0.04250729   -0.21109457  0.06165653   -0.04230254 -0.04250729
  0.04230254  0.04250729   -0.04230254 -0.04250729   -0.21109457  0.06165653
    2    2
  0.29064794  0.00000000   -0.01144305  0.00000000    0.01144305  0.00000000
 -0.01144305  0.00000000    0.29064794  0.00000000   -0.01144305  0.00000000
  0.01144305  0.00000000   -0.01144305  0.00000000    0.29064794  0.00000000

     Dynamical  Matrix in cartesian axes

     q = (    0.250000000  -0.250000000  -0.250000000 ) 

    1    1
  0.29064794  0.00000000   -0.01144305  0.00000000   -0.01144305  0.00000000
 -0.01144305  0.00000000    0.29064794  0.00000000    0.01144305  0.00000000
 -0.01144305  0.00000000    0.01144305  0.00000000    0.29064794  0.00000000
    1    2
 -0.21109457 -0.06165653   -0.04230254  0.04250729   -0.04230254  0.04250729
 -0.04230254  0.04250729   -0.21109457 -0.06165653    0.04230254 -0.04250729
 -0.04230254  0.04250729    0.04230254 -0.04250729   -0.21109457 -0.06165653
    2    1
 -0.21109457  0.06165653   -0.04230254 -0.04250729   -0.04230254 -0.04250729
 -0.04230254 -0.04250729   -0.21109457  0.06165653    0.04230254  0.04250729
 -0.04230254 -0.04250729    0.04230254  0.04250729   -0.21109457  0.06165653
    2    2
  0.29064794  0.00000000   -0.01144305  0.00000000   -0.01144305  0.00000000
 -0.01144305  0.00000000    0.29064794  0.00000000    0.01144305  0.00000000
 -0.01144305  0.00000000    0.01144305  0.00000000    0.29064794  0.00000000

     Dynamical  Matrix in cartesian axes

     q = (    0.250000000  -0.250000000   0.250000000 ) 

    1    1
  0.29064794  0.00000000   -0.01144305  0.00000000    0.01144305  0.00000000
 -0.01144305  0.00000000    0.29064794  0.00000000   -0.01144305  0.00000000
  0.01144305  0.00000000   -0.01144305  0.00000000    0.29064794  0.00000000
    1    2
 -0.21109457  0.06165653   -0.04230254 -0.04250729    0.04230254  0.04250729
 -0.04230254 -0.04250729   -0.21109457  0.06165653   -0.04230254 -0.04250729
  0.04230254  0.04250729   -0.04230254 -0.04250729   -0.21109457  0.06165653
    2    1
 -0.21109457 -0.06165653   -0.04230254  0.04250729    0.04230254 -0.04250729
 -0.04230254  0.04250729   -0.21109457 -0.06165653   -0.04230254  0.04250729
  0.04230254 -0.04250729   -0.04230254  0.04250729   -0.21109457 -0.06165653
    2    2
  0.29064794  0.00000000   -0.01144305  0.00000000    0.01144305  0.00000000
 -0.01144305  0.00000000    0.29064794  0.00000000   -0.01144305  0.00000000
  0.01144305  0.00000000   -0.01144305  0.00000000    0.29064794  0.00000000

     Dynamical  Matrix in cartesian axes

     q = (    0.250000000   0.250000000   0.250000000 ) 

    1    1
  0.29064794  0.00000000    0.01144305  0.00000000    0.01144305  0.00000000
  0.01144305  0.00000000    0.29064794  0.00000000    0.01144305  0.00000000
  0.01144305  0.00000000    0.01144305  0.00000000    0.29064794  0.00000000
    1    2
 -0.06165653  0.21109457   -0.04250729 -0.04230254   -0.04250729 -0.04230254
 -0.04250729 -0.04230254   -0.06165653  0.21109457   -0.04250729 -0.04230254
 -0.04250729 -0.04230254   -0.04250729 -0.04230254   -0.06165653  0.21109457
    2    1
 -0.06165653 -0.21109457   -0.04250729  0.04230254   -0.04250729  0.04230254
 -0.04250729  0.04230254   -0.06165653 -0.21109457   -0.04250729  0.04230254
 -0.04250729  0.04230254   -0.04250729  0.04230254   -0.06165653 -0.21109457
    2    2
  0.29064794  0.00000000    0.01144305  0.00000000    0.01144305  0.00000000
  0.01144305  0.00000000    0.29064794  0.00000000    0.01144305  0.00000000
  0.01144305  0.00000000    0.01144305  0.00000000    0.29064794  0.00000000

     Dynamical  Matrix in cartesian axes

     q = (   -0.250000000  -0.250000000  -0.250000000 ) 

    1    1
  0.29064794  0.00000000    0.01144305  0.00000000    0.01144305  0.00000000
  0.01144305  0.00000000    0.29064794  0.00000000    0.01144305  0.00000000
  0.01144305  0.00000000    0.01144305  0.00000000    0.29064794  0.00000000
    1    2
 -0.06165653 -0.21109457   -0.04250729  0.04230254   -0.04250729  0.04230254
 -0.04250729  0.04230254   -0.06165653 -0.21109457   -0.04250729  0.04230254
 -0.04250729  0.04230254   -0.04250729  0.04230254   -0.06165653 -0.21109457
    2    1
 -0.06165653  0.21109457   -0.04250729 -0.04230254   -0.04250729 -0.04230254
 -0.04250729 -0.04230254   -0.06165653  0.21109457   -0.04250729 -0.04230254
 -0.04250729 -0.04230254   -0.04250729 -0.04230254   -0.06165653  0.21109457
    2    2
  0.29064794  0.00000000    0.01144305  0.00000000    0.01144305  0.00000000
  0.01144305  0.00000000    0.29064794  0.00000000    0.01144305  0.00000000
  0.01144305  0.00000000    0.01144305  0.00000000    0.29064794  0.00000000

     Dynamical  Matrix in cartesian axes

     q = (   -0.250000000  -0.250000000   0.250000000 ) 

    1    1
  0.29064794  0.00000000    0.01144305  0.00000000   -0.01144305  0.00000000
  0.01144305  0.00000000    0.29064794  0.00000000   -0.01144305  0.00000000
 -0.01144305  0.00000000   -0.01144305  0.00000000    0.29064794  0.00000000
    1    2
 -0.21109457 -0.06165653    0.04230254 -0.04250729   -0.04230254  0.04250729
  0.04230254 -0.04250729   -0.21109457 -0.06165653   -0.04230254  0.04250729
 -0.04230254  0.04250729   -0.04230254  0.04250729   -0.21109457 -0.06165653
    2    1
 -0.21109457  0.06165653    0.04230254  0.04250729   -0.04230254 -0.04250729
  0.04230254  0.04250729   -0.21109457  0.06165653   -0.04230254 -0.04250729
 -0.04230254 -0.04250729   -0.04230254 -0.04250729   -0.21109457  0.06165653
    2    2
  0.29064794  0.00000000    0.01144305  0.00000000   -0.01144305  0.00000000
  0.01144305  0.00000000    0.29064794  0.00000000   -0.01144305  0.00000000
 -0.01144305  0.00000000   -0.01144305  0.00000000    0.29064794  0.00000000

     Dynamical  Matrix in cartesian axes

     q = (   -0.250000000   0.250000000   0.250000000 ) 

    1    1
  0.29064794  0.00000000   -0.01144305  0.00000000   -0.01144305  0.00000000
 -0.01144305  0.00000000    0.29064794  0.00000000    0.01144305  0.00000000
 -0.01144305  0.00000000    0.01144305  0.00000000    0.29064794  0.00000000
    1    2
 -0.21109457  0.06165653   -0.04230254 -0.04250729   -0.04230254 -0.04250729
 -0.04230254 -0.04250729   -0.21109457  0.06165653    0.04230254  0.04250729
 -0.04230254 -0.04250729    0.04230254  0.04250729   -0.21109457  0.06165653
    2    1
 -0.21109457 -0.06165653   -0.04230254  0.04250729   -0.04230254  0.04250729
 -0.04230254  0.04250729   -0.21109457 -0.06165653    0.04230254 -0.04250729
 -0.04230254  0.04250729    0.04230254 -0.04250729   -0.21109457 -0.06165653
    2    2
  0.29064794  0.00000000   -0.01144305  0.00000000   -0.01144305  0.00000000
 -0.01144305  0.00000000    0.29064794  0.00000000    0.01144305  0.00000000
 -0.01144305  0.00000000    0.01144305  0.00000000    0.29064794  0.00000000

     Dynamical  Matrix in cartesian axes

     q = (    0.250000000   0.250000000  -0.250000000 ) 

    1    1
  0.29064794  0.00000000    0.01144305  0.00000000   -0.01144305  0.00000000
  0.01144305  0.00000000    0.29064794  0.00000000   -0.01144305  0.00000000
 -0.01144305  0.00000000   -0.01144305  0.00000000    0.29064794  0.00000000
    1    2
 -0.21109457  0.06165653    0.04230254  0.04250729   -0.04230254 -0.04250729
  0.04230254  0.04250729   -0.21109457  0.06165653   -0.04230254 -0.04250729
 -0.04230254 -0.04250729   -0.04230254 -0.04250729   -0.21109457  0.06165653
    2    1
 -0.21109457 -0.06165653    0.04230254 -0.04250729   -0.04230254  0.04250729
  0.04230254 -0.04250729   -0.21109457 -0.06165653   -0.04230254  0.04250729
 -0.04230254  0.04250729   -0.04230254  0.04250729   -0.21109457 -0.06165653
    2    2
  0.29064794  0.00000000    0.01144305  0.00000000   -0.01144305  0.00000000
  0.01144305  0.00000000    0.29064794  0.00000000   -0.01144305  0.00000000
 -0.01144305  0.00000000   -0.01144305  0.00000000    0.29064794  0.00000000

     Diagonalizing the dynamical matrix

     q = (   -0.250000000   0.250000000  -0.250000000 ) 

 **************************************************************************
     freq (    1) =       3.256674 [THz] =     108.630951 [cm-1]
 ( -0.050769 -0.057334 -0.516831 -0.092554 -0.466062 -0.035220 ) 
 ( -0.054945 -0.053345 -0.522336 -0.053345 -0.467391  0.000000 ) 
     freq (    2) =       3.256674 [THz] =     108.630951 [cm-1]
 (  0.560344  0.116117  0.222370  0.090576 -0.337974 -0.025541 ) 
 (  0.567501  0.073562  0.228563  0.073562 -0.338938  0.000000 ) 
     freq (    3) =       7.118543 [THz] =     237.449026 [cm-1]
 ( -0.266621 -0.309160  0.266621  0.309160 -0.266621 -0.309160 ) 
 ( -0.408248 -0.000000  0.408248 -0.000000 -0.408248  0.000000 ) 
     freq (    4) =      14.644034 [THz] =     488.472405 [cm-1]
 ( -0.266621 -0.309160  0.266621  0.309160 -0.266621 -0.309160 ) 
 (  0.408248  0.000000 -0.408248  0.000000  0.408248  0.000000 ) 
     freq (    5) =      15.016227 [THz] =     500.887411 [cm-1]
 ( -0.287814 -0.022193  0.287895  0.021313  0.575708  0.043506 ) 
 (  0.288668  0.000442 -0.288682  0.000442 -0.577350  0.000000 ) 
     freq (    6) =      15.016227 [THz] =     500.887411 [cm-1]
 ( -0.045992  0.497884 -0.045484  0.497923  0.000509  0.000038 ) 
 (  0.008343 -0.499934  0.007833 -0.499934 -0.000510  0.000000 ) 
 **************************************************************************
