Dynamical matrix file
                                                                           
  1    2  2 10.2300000  0.0000000  0.0000000  0.0000000  0.0000000  0.0000000
           1  'Si  '    25598.822984527003     
    1    1      0.0000000000      0.0000000000      0.0000000000
    2    1      0.2500000000      0.2500000000      0.2500000000

     Dynamical  Matrix in cartesian axes

     q = (    0.750000000  -0.250000000   0.750000000 ) 

    1    1
  0.25429279  0.00000000   -0.00525654  0.00784752    0.00230208  0.00000000
 -0.00525654 -0.00784752    0.31162363  0.00000000   -0.00525654 -0.00784752
  0.00230208  0.00000000   -0.00525654  0.00784752    0.25429279  0.00000000
    1    2
 -0.06601504  0.06343011   -0.04019575  0.04564850   -0.04752569 -0.14882315
 -0.04019575  0.04564850   -0.06436971  0.08279075   -0.04019575  0.04564850
 -0.04752569 -0.14882315   -0.04019575  0.04564850   -0.06601504  0.06343011
    2    1
 -0.06601504 -0.06343011   -0.04019575 -0.04564850   -0.04752569  0.14882315
 -0.04019575 -0.04564850   -0.06436971 -0.08279075   -0.04019575 -0.04564850
 -0.04752569  0.14882315   -0.04019575 -0.04564850   -0.06601504 -0.06343011
    2    2
  0.25429279  0.00000000   -0.00525654 -0.00784752    0.00230208  0.00000000
 -0.00525654  0.00784752    0.31162363  0.00000000   -0.00525654  0.00784752
  0.00230208  0.00000000   -0.00525654 -0.00784752    0.25429279  0.00000000

     Dynamical  Matrix in cartesian axes

     q = (    0.750000000  -0.250000000  -0.750000000 ) 

    1    1
  0.25429279  0.00000000   -0.00525654 -0.00784752   -0.00230208  0.00000000
 -0.00525654  0.00784752    0.31162363  0.00000000    0.00525654 -0.00784752
 -0.00230208  0.00000000    0.00525654  0.00784752    0.25429279  0.00000000
    1    2
 -0.06343011  0.06601504   -0.04564850  0.04019575   -0.14882315 -0.04752569
 -0.04564850  0.04019575   -0.08279075  0.06436971    0.04564850 -0.04019575
 -0.14882315 -0.04752569    0.04564850 -0.04019575   -0.06343011  0.06601504
    2    1
 -0.06343011 -0.06601504   -0.04564850 -0.04019575   -0.14882315  0.04752569
 -0.04564850 -0.04019575   -0.08279075 -0.06436971    0.04564850  0.04019575
 -0.14882315  0.04752569    0.04564850  0.04019575   -0.06343011 -0.06601504
    2    2
  0.25429279  0.00000000   -0.00525654  0.00784752   -0.00230208  0.00000000
 -0.00525654 -0.00784752    0.31162363  0.00000000    0.00525654  0.00784752
 -0.00230208  0.00000000    0.00525654 -0.00784752    0.25429279  0.00000000

     Dynamical  Matrix in cartesian axes

     q = (   -0.750000000  -0.250000000  -0.750000000 ) 

    1    1
  0.25429279  0.00000000    0.00525654 -0.00784752    0.00230208  0.00000000
  0.00525654  0.00784752    0.31162363  0.00000000    0.00525654  0.00784752
  0.00230208  0.00000000    0.00525654 -0.00784752    0.25429279  0.00000000
    1    2
  0.06343011  0.06601504   -0.04564850 -0.04019575   -0.14882315  0.04752569
 -0.04564850 -0.04019575    0.08279075  0.06436971   -0.04564850 -0.04019575
 -0.14882315  0.04752569   -0.04564850 -0.04019575    0.06343011  0.06601504
    2    1
  0.06343011 -0.06601504   -0.04564850  0.04019575   -0.14882315 -0.04752569
 -0.04564850  0.04019575    0.08279075 -0.06436971   -0.04564850  0.04019575
 -0.14882315 -0.04752569   -0.04564850  0.04019575    0.06343011 -0.06601504
    2    2
  0.25429279  0.00000000    0.00525654  0.00784752    0.00230208  0.00000000
  0.00525654 -0.00784752    0.31162363  0.00000000    0.00525654 -0.00784752
  0.00230208  0.00000000    0.00525654  0.00784752    0.25429279  0.00000000

     Dynamical  Matrix in cartesian axes

     q = (   -0.750000000  -0.250000000   0.750000000 ) 

    1    1
  0.25429279  0.00000000    0.00525654  0.00784752   -0.00230208  0.00000000
  0.00525654 -0.00784752    0.31162363  0.00000000   -0.00525654  0.00784752
 -0.00230208  0.00000000   -0.00525654 -0.00784752    0.25429279  0.00000000
    1    2
 -0.06343011  0.06601504    0.04564850 -0.04019575   -0.14882315 -0.04752569
  0.04564850 -0.04019575   -0.08279075  0.06436971   -0.04564850  0.04019575
 -0.14882315 -0.04752569   -0.04564850  0.04019575   -0.06343011  0.06601504
    2    1
 -0.06343011 -0.06601504    0.04564850  0.04019575   -0.14882315  0.04752569
  0.04564850  0.04019575   -0.08279075 -0.06436971   -0.04564850 -0.04019575
 -0.14882315  0.04752569   -0.04564850 -0.04019575   -0.06343011 -0.06601504
    2    2
  0.25429279  0.00000000    0.00525654 -0.00784752   -0.00230208  0.00000000
  0.00525654  0.00784752    0.31162363  0.00000000   -0.00525654 -0.00784752
 -0.00230208  0.00000000   -0.00525654  0.00784752    0.25429279  0.00000000

     Dynamical  Matrix in cartesian axes

     q = (   -0.750000000   0.250000000  -0.750000000 ) 

    1    1
  0.25429279  0.00000000   -0.00525654 -0.00784752    0.00230208  0.00000000
 -0.00525654  0.00784752    0.31162363  0.00000000   -0.00525654  0.00784752
  0.00230208  0.00000000   -0.00525654 -0.00784752    0.25429279  0.00000000
    1    2
 -0.06601504 -0.06343011   -0.04019575 -0.04564850   -0.04752569  0.14882315
 -0.04019575 -0.04564850   -0.06436971 -0.08279075   -0.04019575 -0.04564850
 -0.04752569  0.14882315   -0.04019575 -0.04564850   -0.06601504 -0.06343011
    2    1
 -0.06601504  0.06343011   -0.04019575  0.04564850   -0.04752569 -0.14882315
 -0.04019575  0.04564850   -0.06436971  0.08279075   -0.04019575  0.04564850
 -0.04752569 -0.14882315   -0.04019575  0.04564850   -0.06601504  0.06343011
    2    2
  0.25429279  0.00000000   -0.00525654  0.00784752    0.00230208  0.00000000
 -0.00525654 -0.00784752    0.31162363  0.00000000   -0.00525654 -0.00784752
  0.00230208  0.00000000   -0.00525654  0.00784752    0.25429279  0.00000000

     Dynamical  Matrix in cartesian axes

     q = (   -0.250000000   0.750000000  -0.750000000 ) 

    1    1
  0.31162363  0.00000000   -0.00525654  0.00784752    0.00525654 -0.00784752
 -0.00525654 -0.00784752    0.25429279  0.00000000   -0.00230208  0.00000000
  0.00525654  0.00784752   -0.00230208  0.00000000    0.25429279  0.00000000
    1    2
 -0.08279075  0.06436971   -0.04564850  0.04019575    0.04564850 -0.04019575
 -0.04564850  0.04019575   -0.06343011  0.06601504   -0.14882315 -0.04752569
  0.04564850 -0.04019575   -0.14882315 -0.04752569   -0.06343011  0.06601504
    2    1
 -0.08279075 -0.06436971   -0.04564850 -0.04019575    0.04564850  0.04019575
 -0.04564850 -0.04019575   -0.06343011 -0.06601504   -0.14882315  0.04752569
  0.04564850  0.04019575   -0.14882315  0.04752569   -0.06343011 -0.06601504
    2    2
  0.31162363  0.00000000   -0.00525654 -0.00784752    0.00525654  0.00784752
 -0.00525654  0.00784752    0.25429279  0.00000000   -0.00230208  0.00000000
  0.00525654 -0.00784752   -0.00230208  0.00000000    0.25429279  0.00000000

     Dynamical  Matrix in cartesian axes

     q = (   -0.750000000   0.750000000  -0.250000000 ) 

    1    1
  0.25429279  0.00000000   -0.00230208  0.00000000    0.00525654  0.00784752
 -0.00230208  0.00000000    0.25429279  0.00000000   -0.00525654 -0.00784752
  0.00525654 -0.00784752   -0.00525654  0.00784752    0.31162363  0.00000000
    1    2
 -0.06343011  0.06601504   -0.14882315 -0.04752569    0.04564850 -0.04019575
 -0.14882315 -0.04752569   -0.06343011  0.06601504   -0.04564850  0.04019575
  0.04564850 -0.04019575   -0.04564850  0.04019575   -0.08279075  0.06436971
    2    1
 -0.06343011 -0.06601504   -0.14882315  0.04752569    0.04564850  0.04019575
 -0.14882315  0.04752569   -0.06343011 -0.06601504   -0.04564850 -0.04019575
  0.04564850  0.04019575   -0.04564850 -0.04019575   -0.08279075 -0.06436971
    2    2
  0.25429279  0.00000000   -0.00230208  0.00000000    0.00525654 -0.00784752
 -0.00230208  0.00000000    0.25429279  0.00000000   -0.00525654  0.00784752
  0.00525654  0.00784752   -0.00525654 -0.00784752    0.31162363  0.00000000

     Dynamical  Matrix in cartesian axes

     q = (    0.750000000   0.250000000   0.750000000 ) 

    1    1
  0.25429279  0.00000000    0.00525654  0.00784752    0.00230208  0.00000000
  0.00525654 -0.00784752    0.31162363  0.00000000    0.00525654 -0.00784752
  0.00230208  0.00000000    0.00525654  0.00784752    0.25429279  0.00000000
    1    2
  0.06343011 -0.06601504   -0.04564850  0.04019575   -0.14882315 -0.04752569
 -0.04564850  0.04019575    0.08279075 -0.06436971   -0.04564850  0.04019575
 -0.14882315 -0.04752569   -0.04564850  0.04019575    0.06343011 -0.06601504
    2    1
  0.06343011  0.06601504   -0.04564850 -0.04019575   -0.14882315  0.04752569
 -0.04564850 -0.04019575    0.08279075  0.06436971   -0.04564850 -0.04019575
 -0.14882315  0.04752569   -0.04564850 -0.04019575    0.06343011  0.06601504
    2    2
  0.25429279  0.00000000    0.00525654 -0.00784752    0.00230208  0.00000000
  0.00525654  0.00784752    0.31162363  0.00000000    0.00525654  0.00784752
  0.00230208  0.00000000    0.00525654 -0.00784752    0.25429279  0.00000000

     Dynamical  Matrix in cartesian axes

     q = (   -0.750000000   0.250000000   0.750000000 ) 

    1    1
  0.25429279  0.00000000   -0.00525654  0.00784752   -0.00230208  0.00000000
 -0.00525654 -0.00784752    0.31162363  0.00000000    0.00525654  0.00784752
 -0.00230208  0.00000000    0.00525654 -0.00784752    0.25429279  0.00000000
    1    2
 -0.06343011 -0.06601504   -0.04564850 -0.04019575   -0.14882315  0.04752569
 -0.04564850 -0.04019575   -0.08279075 -0.06436971    0.04564850  0.04019575
 -0.14882315  0.04752569    0.04564850  0.04019575   -0.06343011 -0.06601504
    2    1
 -0.06343011  0.06601504   -0.04564850  0.04019575   -0.14882315 -0.04752569
 -0.04564850  0.04019575   -0.08279075  0.06436971    0.04564850 -0.04019575
 -0.14882315 -0.04752569    0.04564850 -0.04019575   -0.06343011  0.06601504
    2    2
  0.25429279  0.00000000   -0.00525654 -0.00784752   -0.00230208  0.00000000
 -0.00525654  0.00784752    0.31162363  0.00000000    0.00525654 -0.00784752
 -0.00230208  0.00000000    0.00525654  0.00784752    0.25429279  0.00000000

     Dynamical  Matrix in cartesian axes

     q = (    0.750000000   0.250000000  -0.750000000 ) 

    1    1
  0.25429279  0.00000000    0.00525654 -0.00784752   -0.00230208  0.00000000
  0.00525654  0.00784752    0.31162363  0.00000000   -0.00525654 -0.00784752
 -0.00230208  0.00000000   -0.00525654  0.00784752    0.25429279  0.00000000
    1    2
 -0.06343011 -0.06601504    0.04564850  0.04019575   -0.14882315  0.04752569
  0.04564850  0.04019575   -0.08279075 -0.06436971   -0.04564850 -0.04019575
 -0.14882315  0.04752569   -0.04564850 -0.04019575   -0.06343011 -0.06601504
    2    1
 -0.06343011  0.06601504    0.04564850 -0.04019575   -0.14882315 -0.04752569
  0.04564850 -0.04019575   -0.08279075  0.06436971   -0.04564850  0.04019575
 -0.14882315 -0.04752569   -0.04564850  0.04019575   -0.06343011  0.06601504
    2    2
  0.25429279  0.00000000    0.00525654  0.00784752   -0.00230208  0.00000000
  0.00525654 -0.00784752    0.31162363  0.00000000   -0.00525654  0.00784752
 -0.00230208  0.00000000   -0.00525654 -0.00784752    0.25429279  0.00000000

     Dynamical  Matrix in cartesian axes

     q = (   -0.750000000   0.750000000   0.250000000 ) 

    1    1
  0.25429279  0.00000000   -0.00230208  0.00000000   -0.00525654  0.00784752
 -0.00230208  0.00000000    0.25429279  0.00000000    0.00525654 -0.00784752
 -0.00525654 -0.00784752    0.00525654  0.00784752    0.31162363  0.00000000
    1    2
 -0.06343011 -0.06601504   -0.14882315  0.04752569   -0.04564850 -0.04019575
 -0.14882315  0.04752569   -0.06343011 -0.06601504    0.04564850  0.04019575
 -0.04564850 -0.04019575    0.04564850  0.04019575   -0.08279075 -0.06436971
    2    1
 -0.06343011  0.06601504   -0.14882315 -0.04752569   -0.04564850  0.04019575
 -0.14882315 -0.04752569   -0.06343011  0.06601504    0.04564850 -0.04019575
 -0.04564850  0.04019575    0.04564850 -0.04019575   -0.08279075  0.06436971
    2    2
  0.25429279  0.00000000   -0.00230208  0.00000000   -0.00525654 -0.00784752
 -0.00230208  0.00000000    0.25429279  0.00000000    0.00525654  0.00784752
 -0.00525654  0.00784752    0.00525654 -0.00784752    0.31162363  0.00000000

     Dynamical  Matrix in cartesian axes

     q = (   -0.250000000   0.750000000   0.750000000 ) 

    1    1
  0.31162363  0.00000000   -0.00525654 -0.00784752   -0.00525654 -0.00784752
 -0.00525654  0.00784752    0.25429279  0.00000000    0.00230208  0.00000000
 -0.00525654  0.00784752    0.00230208  0.00000000    0.25429279  0.00000000
    1    2
 -0.06436971  0.08279075   -0.04019575  0.04564850   -0.04019575  0.04564850
 -0.04019575  0.04564850   -0.06601504  0.06343011   -0.04752569 -0.14882315
 -0.04019575  0.04564850   -0.04752569 -0.14882315   -0.06601504  0.06343011
    2    1
 -0.06436971 -0.08279075   -0.04019575 -0.04564850   -0.04019575 -0.04564850
 -0.04019575 -0.04564850   -0.06601504 -0.06343011   -0.04752569  0.14882315
 -0.04019575 -0.04564850   -0.04752569  0.14882315   -0.06601504 -0.06343011
    2    2
  0.31162363  0.00000000   -0.00525654  0.00784752   -0.00525654  0.00784752
 -0.00525654 -0.00784752    0.25429279  0.00000000    0.00230208  0.00000000
 -0.00525654 -0.00784752    0.00230208  0.00000000    0.25429279  0.00000000

     Dynamical  Matrix in cartesian axes

     q = (    0.250000000   0.750000000  -0.750000000 ) 

    1    1
  0.31162363  0.00000000    0.00525654  0.00784752   -0.00525654 -0.00784752
  0.00525654 -0.00784752    0.25429279  0.00000000   -0.00230208  0.00000000
 -0.00525654  0.00784752   -0.00230208  0.00000000    0.25429279  0.00000000
    1    2
 -0.08279075 -0.06436971    0.04564850  0.04019575   -0.04564850 -0.04019575
  0.04564850  0.04019575   -0.06343011 -0.06601504   -0.14882315  0.04752569
 -0.04564850 -0.04019575   -0.14882315  0.04752569   -0.06343011 -0.06601504
    2    1
 -0.08279075  0.06436971    0.04564850 -0.04019575   -0.04564850  0.04019575
  0.04564850 -0.04019575   -0.06343011  0.06601504   -0.14882315 -0.04752569
 -0.04564850  0.04019575   -0.14882315 -0.04752569   -0.06343011  0.06601504
    2    2
  0.31162363  0.00000000    0.00525654 -0.00784752   -0.00525654  0.00784752
  0.00525654  0.00784752    0.25429279  0.00000000   -0.00230208  0.00000000
 -0.00525654 -0.00784752   -0.00230208  0.00000000    0.25429279  0.00000000

     Dynamical  Matrix in cartesian axes

     q = (   -0.250000000  -0.750000000  -0.750000000 ) 

    1    1
  0.31162363  0.00000000    0.00525654  0.00784752    0.00525654  0.00784752
  0.00525654 -0.00784752    0.25429279  0.00000000    0.00230208  0.00000000
  0.00525654 -0.00784752    0.00230208  0.00000000    0.25429279  0.00000000
    1    2
  0.08279075  0.06436971   -0.04564850 -0.04019575   -0.04564850 -0.04019575
 -0.04564850 -0.04019575    0.06343011  0.06601504   -0.14882315  0.04752569
 -0.04564850 -0.04019575   -0.14882315  0.04752569    0.06343011  0.06601504
    2    1
  0.08279075 -0.06436971   -0.04564850  0.04019575   -0.04564850  0.04019575
 -0.04564850  0.04019575    0.06343011 -0.06601504   -0.14882315 -0.04752569
 -0.04564850  0.04019575   -0.14882315 -0.04752569    0.06343011 -0.06601504
    2    2
  0.31162363  0.00000000    0.00525654 -0.00784752    0.00525654 -0.00784752
  0.00525654  0.00784752    0.25429279  0.00000000    0.00230208  0.00000000
  0.00525654  0.00784752    0.00230208  0.00000000    0.25429279  0.00000000

     Dynamical  Matrix in cartesian axes

     q = (    0.750000000   0.750000000  -0.250000000 ) 

    1    1
  0.25429279  0.00000000    0.00230208  0.00000000   -0.00525654  0.00784752
  0.00230208  0.00000000    0.25429279  0.00000000   -0.00525654  0.00784752
 -0.00525654 -0.00784752   -0.00525654 -0.00784752    0.31162363  0.00000000
    1    2
 -0.06601504  0.06343011   -0.04752569 -0.14882315   -0.04019575  0.04564850
 -0.04752569 -0.14882315   -0.06601504  0.06343011   -0.04019575  0.04564850
 -0.04019575  0.04564850   -0.04019575  0.04564850   -0.06436971  0.08279075
    2    1
 -0.06601504 -0.06343011   -0.04752569  0.14882315   -0.04019575 -0.04564850
 -0.04752569  0.14882315   -0.06601504 -0.06343011   -0.04019575 -0.04564850
 -0.04019575 -0.04564850   -0.04019575 -0.04564850   -0.06436971 -0.08279075
    2    2
  0.25429279  0.00000000    0.00230208  0.00000000   -0.00525654 -0.00784752
  0.00230208  0.00000000    0.25429279  0.00000000   -0.00525654 -0.00784752
 -0.00525654  0.00784752   -0.00525654  0.00784752    0.31162363  0.00000000

     Dynamical  Matrix in cartesian axes

     q = (    0.750000000  -0.750000000   0.250000000 ) 

    1    1
  0.25429279  0.00000000   -0.00230208  0.00000000    0.00525654 -0.00784752
 -0.00230208  0.00000000    0.25429279  0.00000000   -0.00525654  0.00784752
  0.00525654  0.00784752   -0.00525654 -0.00784752    0.31162363  0.00000000
    1    2
 -0.06343011 -0.06601504   -0.14882315  0.04752569    0.04564850  0.04019575
 -0.14882315  0.04752569   -0.06343011 -0.06601504   -0.04564850 -0.04019575
  0.04564850  0.04019575   -0.04564850 -0.04019575   -0.08279075 -0.06436971
    2    1
 -0.06343011  0.06601504   -0.14882315 -0.04752569    0.04564850 -0.04019575
 -0.14882315 -0.04752569   -0.06343011  0.06601504   -0.04564850  0.04019575
  0.04564850 -0.04019575   -0.04564850  0.04019575   -0.08279075  0.06436971
    2    2
  0.25429279  0.00000000   -0.00230208  0.00000000    0.00525654  0.00784752
 -0.00230208  0.00000000    0.25429279  0.00000000   -0.00525654 -0.00784752
  0.00525654 -0.00784752   -0.00525654  0.00784752    0.31162363  0.00000000

     Dynamical  Matrix in cartesian axes

     q = (   -0.750000000  -0.750000000  -0.250000000 ) 

    1    1
  0.25429279  0.00000000    0.00230208  0.00000000    0.00525654 -0.00784752
  0.00230208  0.00000000    0.25429279  0.00000000    0.00525654 -0.00784752
  0.00525654  0.00784752    0.00525654  0.00784752    0.31162363  0.00000000
    1    2
  0.06343011  0.06601504   -0.14882315  0.04752569   -0.04564850 -0.04019575
 -0.14882315  0.04752569    0.06343011  0.06601504   -0.04564850 -0.04019575
 -0.04564850 -0.04019575   -0.04564850 -0.04019575    0.08279075  0.06436971
    2    1
  0.06343011 -0.06601504   -0.14882315 -0.04752569   -0.04564850  0.04019575
 -0.14882315 -0.04752569    0.06343011 -0.06601504   -0.04564850  0.04019575
 -0.04564850  0.04019575   -0.04564850  0.04019575    0.08279075 -0.06436971
    2    2
  0.25429279  0.00000000    0.00230208  0.00000000    0.00525654  0.00784752
  0.00230208  0.00000000    0.25429279  0.00000000    0.00525654  0.00784752
  0.00525654 -0.00784752    0.00525654 -0.00784752    0.31162363  0.00000000

     Dynamical  Matrix in cartesian axes

     q = (    0.250000000  -0.750000000   0.750000000 ) 

    1    1
  0.31162363  0.00000000   -0.00525654 -0.00784752    0.00525654  0.00784752
 -0.00525654  0.00784752    0.25429279  0.00000000   -0.00230208  0.00000000
  0.00525654 -0.00784752   -0.00230208  0.00000000    0.25429279  0.00000000
    1    2
 -0.08279075 -0.06436971   -0.04564850 -0.04019575    0.04564850  0.04019575
 -0.04564850 -0.04019575   -0.06343011 -0.06601504   -0.14882315  0.04752569
  0.04564850  0.04019575   -0.14882315  0.04752569   -0.06343011 -0.06601504
    2    1
 -0.08279075  0.06436971   -0.04564850  0.04019575    0.04564850 -0.04019575
 -0.04564850  0.04019575   -0.06343011  0.06601504   -0.14882315 -0.04752569
  0.04564850 -0.04019575   -0.14882315 -0.04752569   -0.06343011  0.06601504
    2    2
  0.31162363  0.00000000   -0.00525654  0.00784752    0.00525654 -0.00784752
 -0.00525654 -0.00784752    0.25429279  0.00000000   -0.00230208  0.00000000
  0.00525654  0.00784752   -0.00230208  0.00000000    0.25429279  0.00000000

     Dynamical  Matrix in cartesian axes

     q = (   -0.750000000  -0.750000000   0.250000000 ) 

    1    1
  0.25429279  0.00000000    0.00230208  0.00000000   -0.00525654 -0.00784752
  0.00230208  0.00000000    0.25429279  0.00000000   -0.00525654 -0.00784752
 -0.00525654  0.00784752   -0.00525654  0.00784752    0.31162363  0.00000000
    1    2
 -0.06601504 -0.06343011   -0.04752569  0.14882315   -0.04019575 -0.04564850
 -0.04752569  0.14882315   -0.06601504 -0.06343011   -0.04019575 -0.04564850
 -0.04019575 -0.04564850   -0.04019575 -0.04564850   -0.06436971 -0.08279075
    2    1
 -0.06601504  0.06343011   -0.04752569 -0.14882315   -0.04019575  0.04564850
 -0.04752569 -0.14882315   -0.06601504  0.06343011   -0.04019575  0.04564850
 -0.04019575  0.04564850   -0.04019575  0.04564850   -0.06436971  0.08279075
    2    2
  0.25429279  0.00000000    0.00230208  0.00000000   -0.00525654  0.00784752
  0.00230208  0.00000000    0.25429279  0.00000000   -0.00525654  0.00784752
 -0.00525654 -0.00784752   -0.00525654 -0.00784752    0.31162363  0.00000000

     Dynamical  Matrix in cartesian axes

     q = (    0.250000000   0.750000000   0.750000000 ) 

    1    1
  0.31162363  0.00000000    0.00525654 -0.00784752    0.00525654 -0.00784752
  0.00525654  0.00784752    0.25429279  0.00000000    0.00230208  0.00000000
  0.00525654  0.00784752    0.00230208  0.00000000    0.25429279  0.00000000
    1    2
  0.08279075 -0.06436971   -0.04564850  0.04019575   -0.04564850  0.04019575
 -0.04564850  0.04019575    0.06343011 -0.06601504   -0.14882315 -0.04752569
 -0.04564850  0.04019575   -0.14882315 -0.04752569    0.06343011 -0.06601504
    2    1
  0.08279075  0.06436971   -0.04564850 -0.04019575   -0.04564850 -0.04019575
 -0.04564850 -0.04019575    0.06343011  0.06601504   -0.14882315  0.04752569
 -0.04564850 -0.04019575   -0.14882315  0.04752569    0.06343011  0.06601504
    2    2
  0.31162363  0.00000000    0.00525654  0.00784752    0.00525654  0.00784752
  0.00525654 -0.00784752    0.25429279  0.00000000    0.00230208  0.00000000
  0.00525654 -0.00784752    0.00230208  0.00000000    0.25429279  0.00000000

     Dynamical  Matrix in cartesian axes

     q = (   -0.250000000  -0.750000000   0.750000000 ) 

    1    1
  0.31162363  0.00000000    0.00525654 -0.00784752   -0.00525654  0.00784752
  0.00525654  0.00784752    0.25429279  0.00000000   -0.00230208  0.00000000
 -0.00525654 -0.00784752   -0.00230208  0.00000000    0.25429279  0.00000000
    1    2
 -0.08279075  0.06436971    0.04564850 -0.04019575   -0.04564850  0.04019575
  0.04564850 -0.04019575   -0.06343011  0.06601504   -0.14882315 -0.04752569
 -0.04564850  0.04019575   -0.14882315 -0.04752569   -0.06343011  0.06601504
    2    1
 -0.08279075 -0.06436971    0.04564850  0.04019575   -0.04564850 -0.04019575
  0.04564850  0.04019575   -0.06343011 -0.06601504   -0.14882315  0.04752569
 -0.04564850 -0.04019575   -0.14882315  0.04752569   -0.06343011 -0.06601504
    2    2
  0.31162363  0.00000000    0.00525654  0.00784752   -0.00525654 -0.00784752
  0.00525654 -0.00784752    0.25429279  0.00000000   -0.00230208  0.00000000
 -0.00525654  0.00784752   -0.00230208  0.00000000    0.25429279  0.00000000

     Dynamical  Matrix in cartesian axes

     q = (    0.750000000   0.750000000   0.250000000 ) 

    1    1
  0.25429279  0.00000000    0.00230208  0.00000000    0.00525654  0.00784752
  0.00230208  0.00000000    0.25429279  0.00000000    0.00525654  0.00784752
  0.00525654 -0.00784752    0.00525654 -0.00784752    0.31162363  0.00000000
    1    2
  0.06343011 -0.06601504   -0.14882315 -0.04752569   -0.04564850  0.04019575
 -0.14882315 -0.04752569    0.06343011 -0.06601504   -0.04564850  0.04019575
 -0.04564850  0.04019575   -0.04564850  0.04019575    0.08279075 -0.06436971
    2    1
  0.06343011  0.06601504   -0.14882315  0.04752569   -0.04564850 -0.04019575
 -0.14882315  0.04752569    0.06343011  0.06601504   -0.04564850 -0.04019575
 -0.04564850 -0.04019575   -0.04564850 -0.04019575    0.08279075  0.06436971
    2    2
  0.25429279  0.00000000    0.00230208  0.00000000    0.00525654 -0.00784752
  0.00230208  0.00000000    0.25429279  0.00000000    0.00525654 -0.00784752
  0.00525654  0.00784752    0.00525654  0.00784752    0.31162363  0.00000000

     Dynamical  Matrix in cartesian axes

     q = (    0.250000000  -0.750000000  -0.750000000 ) 

    1    1
  0.31162363  0.00000000   -0.00525654  0.00784752   -0.00525654  0.00784752
 -0.00525654 -0.00784752    0.25429279  0.00000000    0.00230208  0.00000000
 -0.00525654 -0.00784752    0.00230208  0.00000000    0.25429279  0.00000000
    1    2
 -0.06436971 -0.08279075   -0.04019575 -0.04564850   -0.04019575 -0.04564850
 -0.04019575 -0.04564850   -0.06601504 -0.06343011   -0.04752569  0.14882315
 -0.04019575 -0.04564850   -0.04752569  0.14882315   -0.06601504 -0.06343011
    2    1
 -0.06436971  0.08279075   -0.04019575  0.04564850   -0.04019575  0.04564850
 -0.04019575  0.04564850   -0.06601504  0.06343011   -0.04752569 -0.14882315
 -0.04019575  0.04564850   -0.04752569 -0.14882315   -0.06601504  0.06343011
    2    2
  0.31162363  0.00000000   -0.00525654 -0.00784752   -0.00525654 -0.00784752
 -0.00525654  0.00784752    0.25429279  0.00000000    0.00230208  0.00000000
 -0.00525654  0.00784752    0.00230208  0.00000000    0.25429279  0.00000000

     Dynamical  Matrix in cartesian axes

     q = (    0.750000000  -0.750000000  -0.250000000 ) 

    1    1
  0.25429279  0.00000000   -0.00230208  0.00000000   -0.00525654 -0.00784752
 -0.00230208  0.00000000    0.25429279  0.00000000    0.00525654  0.00784752
 -0.00525654  0.00784752    0.00525654 -0.00784752    0.31162363  0.00000000
    1    2
 -0.06343011  0.06601504   -0.14882315 -0.04752569   -0.04564850  0.04019575
 -0.14882315 -0.04752569   -0.06343011  0.06601504    0.04564850 -0.04019575
 -0.04564850  0.04019575    0.04564850 -0.04019575   -0.08279075  0.06436971
    2    1
 -0.06343011 -0.06601504   -0.14882315  0.04752569   -0.04564850 -0.04019575
 -0.14882315  0.04752569   -0.06343011 -0.06601504    0.04564850  0.04019575
 -0.04564850 -0.04019575    0.04564850  0.04019575   -0.08279075 -0.06436971
    2    2
  0.25429279  0.00000000   -0.00230208  0.00000000   -0.00525654  0.00784752
 -0.00230208  0.00000000    0.25429279  0.00000000    0.00525654 -0.00784752
 -0.00525654 -0.00784752    0.00525654  0.00784752    0.31162363  0.00000000

     Diagonalizing the dynamical matrix

     q = (    0.750000000  -0.250000000   0.750000000 ) 

 **************************************************************************
     freq (    1) =       4.057212 [THz] =     135.334040 [cm-1]
 (  0.043391 -0.498114 -0.000000  0.000000 -0.043391  0.498114 ) 
 (  0.500000  0.000000 -0.000000  0.000000 -0.500000  0.000000 ) 
     freq (    2) =       5.697349 [THz] =     190.043107 [cm-1]
 ( -0.394086 -0.196426 -0.304806  0.138992 -0.394086 -0.196426 ) 
 ( -0.440326 -0.000000 -0.210794 -0.260368 -0.440326  0.000000 ) 
     freq (    3) =       9.392009 [THz] =     313.283697 [cm-1]
 (  0.130549 -0.251351  0.394931  0.428472  0.130549 -0.251351 ) 
 ( -0.283233  0.000000  0.198208  0.547971 -0.283233  0.000000 ) 
     freq (    4) =      12.443749 [THz] =     415.078775 [cm-1]
 (  0.097919  0.314129 -0.418546 -0.329074  0.097919  0.314129 ) 
 ( -0.329037  0.000000  0.438720  0.301653 -0.329037  0.000000 ) 
     freq (    5) =      14.022124 [THz] =     467.727717 [cm-1]
 (  0.043391 -0.498114 -0.000000 -0.000000 -0.043391  0.498114 ) 
 ( -0.500000  0.000000 -0.000000  0.000000  0.500000  0.000000 ) 
     freq (    6) =      14.316551 [THz] =     477.548745 [cm-1]
 ( -0.304203 -0.158390 -0.466730  0.216585 -0.304203 -0.158390 ) 
 (  0.342968 -0.000000  0.313953  0.407651  0.342968 -0.000000 ) 
 **************************************************************************
