Dynamical matrix file
                                                                           
  1    2  2 10.3300000  0.0000000  0.0000000  0.0000000  0.0000000  0.0000000
           1  'Si  '    25598.822984527003     
    1    1      0.0000000000      0.0000000000      0.0000000000
    2    1      0.2500000000      0.2500000000      0.2500000000

     Dynamical  Matrix in cartesian axes

     q = (   -0.250000000   0.250000000  -0.250000000 ) 

    1    1
  0.27025007  0.00000000   -0.01094491  0.00000000    0.01094491  0.00000000
 -0.01094491  0.00000000    0.27025007  0.00000000   -0.01094491  0.00000000
  0.01094491  0.00000000   -0.01094491  0.00000000    0.27025007  0.00000000
    1    2
 -0.19439197 -0.05588491   -0.03702177  0.03773986    0.03702177 -0.03773986
 -0.03702177  0.03773986   -0.19439197 -0.05588491   -0.03702177  0.03773986
  0.03702177 -0.03773986   -0.03702177  0.03773986   -0.19439197 -0.05588491
    2    1
 -0.19439197  0.05588491   -0.03702177 -0.03773986    0.03702177  0.03773986
 -0.03702177 -0.03773986   -0.19439197  0.05588491   -0.03702177 -0.03773986
  0.03702177  0.03773986   -0.03702177 -0.03773986   -0.19439197  0.05588491
    2    2
  0.27025007  0.00000000   -0.01094491  0.00000000    0.01094491  0.00000000
 -0.01094491  0.00000000    0.27025007  0.00000000   -0.01094491  0.00000000
  0.01094491  0.00000000   -0.01094491  0.00000000    0.27025007  0.00000000

     Dynamical  Matrix in cartesian axes

     q = (    0.250000000  -0.250000000  -0.250000000 ) 

    1    1
  0.27025007  0.00000000   -0.01094491  0.00000000   -0.01094491  0.00000000
 -0.01094491  0.00000000    0.27025007  0.00000000    0.01094491  0.00000000
 -0.01094491  0.00000000    0.01094491  0.00000000    0.27025007  0.00000000
    1    2
 -0.19439197 -0.05588491   -0.03702177  0.03773986   -0.03702177  0.03773986
 -0.03702177  0.03773986   -0.19439197 -0.05588491    0.03702177 -0.03773986
 -0.03702177  0.03773986    0.03702177 -0.03773986   -0.19439197 -0.05588491
    2    1
 -0.19439197  0.05588491   -0.03702177 -0.03773986   -0.03702177 -0.03773986
 -0.03702177 -0.03773986   -0.19439197  0.05588491    0.03702177  0.03773986
 -0.03702177 -0.03773986    0.03702177  0.03773986   -0.19439197  0.05588491
    2    2
  0.27025007  0.00000000   -0.01094491  0.00000000   -0.01094491  0.00000000
 -0.01094491  0.00000000    0.27025007  0.00000000    0.01094491  0.00000000
 -0.01094491  0.00000000    0.01094491  0.00000000    0.27025007  0.00000000

     Dynamical  Matrix in cartesian axes

     q = (    0.250000000  -0.250000000   0.250000000 ) 

    1    1
  0.27025007  0.00000000   -0.01094491  0.00000000    0.01094491  0.00000000
 -0.01094491  0.00000000    0.27025007  0.00000000   -0.01094491  0.00000000
  0.01094491  0.00000000   -0.01094491  0.00000000    0.27025007  0.00000000
    1    2
 -0.19439197  0.05588491   -0.03702177 -0.03773986    0.03702177  0.03773986
 -0.03702177 -0.03773986   -0.19439197  0.05588491   -0.03702177 -0.03773986
  0.03702177  0.03773986   -0.03702177 -0.03773986   -0.19439197  0.05588491
    2    1
 -0.19439197 -0.05588491   -0.03702177  0.03773986    0.03702177 -0.03773986
 -0.03702177  0.03773986   -0.19439197 -0.05588491   -0.03702177  0.03773986
  0.03702177 -0.03773986   -0.03702177  0.03773986   -0.19439197 -0.05588491
    2    2
  0.27025007  0.00000000   -0.01094491  0.00000000    0.01094491  0.00000000
 -0.01094491  0.00000000    0.27025007  0.00000000   -0.01094491  0.00000000
  0.01094491  0.00000000   -0.01094491  0.00000000    0.27025007  0.00000000

     Dynamical  Matrix in cartesian axes

     q = (    0.250000000   0.250000000   0.250000000 ) 

    1    1
  0.27025007  0.00000000    0.01094491  0.00000000    0.01094491  0.00000000
  0.01094491  0.00000000    0.27025007  0.00000000    0.01094491  0.00000000
  0.01094491  0.00000000    0.01094491  0.00000000    0.27025007  0.00000000
    1    2
 -0.05588491  0.19439197   -0.03773986 -0.03702177   -0.03773986 -0.03702177
 -0.03773986 -0.03702177   -0.05588491  0.19439197   -0.03773986 -0.03702177
 -0.03773986 -0.03702177   -0.03773986 -0.03702177   -0.05588491  0.19439197
    2    1
 -0.05588491 -0.19439197   -0.03773986  0.03702177   -0.03773986  0.03702177
 -0.03773986  0.03702177   -0.05588491 -0.19439197   -0.03773986  0.03702177
 -0.03773986  0.03702177   -0.03773986  0.03702177   -0.05588491 -0.19439197
    2    2
  0.27025007  0.00000000    0.01094491  0.00000000    0.01094491  0.00000000
  0.01094491  0.00000000    0.27025007  0.00000000    0.01094491  0.00000000
  0.01094491  0.00000000    0.01094491  0.00000000    0.27025007  0.00000000

     Dynamical  Matrix in cartesian axes

     q = (   -0.250000000  -0.250000000  -0.250000000 ) 

    1    1
  0.27025007  0.00000000    0.01094491  0.00000000    0.01094491  0.00000000
  0.01094491  0.00000000    0.27025007  0.00000000    0.01094491  0.00000000
  0.01094491  0.00000000    0.01094491  0.00000000    0.27025007  0.00000000
    1    2
 -0.05588491 -0.19439197   -0.03773986  0.03702177   -0.03773986  0.03702177
 -0.03773986  0.03702177   -0.05588491 -0.19439197   -0.03773986  0.03702177
 -0.03773986  0.03702177   -0.03773986  0.03702177   -0.05588491 -0.19439197
    2    1
 -0.05588491  0.19439197   -0.03773986 -0.03702177   -0.03773986 -0.03702177
 -0.03773986 -0.03702177   -0.05588491  0.19439197   -0.03773986 -0.03702177
 -0.03773986 -0.03702177   -0.03773986 -0.03702177   -0.05588491  0.19439197
    2    2
  0.27025007  0.00000000    0.01094491  0.00000000    0.01094491  0.00000000
  0.01094491  0.00000000    0.27025007  0.00000000    0.01094491  0.00000000
  0.01094491  0.00000000    0.01094491  0.00000000    0.27025007  0.00000000

     Dynamical  Matrix in cartesian axes

     q = (   -0.250000000  -0.250000000   0.250000000 ) 

    1    1
  0.27025007  0.00000000    0.01094491  0.00000000   -0.01094491  0.00000000
  0.01094491  0.00000000    0.27025007  0.00000000   -0.01094491  0.00000000
 -0.01094491  0.00000000   -0.01094491  0.00000000    0.27025007  0.00000000
    1    2
 -0.19439197 -0.05588491    0.03702177 -0.03773986   -0.03702177  0.03773986
  0.03702177 -0.03773986   -0.19439197 -0.05588491   -0.03702177  0.03773986
 -0.03702177  0.03773986   -0.03702177  0.03773986   -0.19439197 -0.05588491
    2    1
 -0.19439197  0.05588491    0.03702177  0.03773986   -0.03702177 -0.03773986
  0.03702177  0.03773986   -0.19439197  0.05588491   -0.03702177 -0.03773986
 -0.03702177 -0.03773986   -0.03702177 -0.03773986   -0.19439197  0.05588491
    2    2
  0.27025007  0.00000000    0.01094491  0.00000000   -0.01094491  0.00000000
  0.01094491  0.00000000    0.27025007  0.00000000   -0.01094491  0.00000000
 -0.01094491  0.00000000   -0.01094491  0.00000000    0.27025007  0.00000000

     Dynamical  Matrix in cartesian axes

     q = (   -0.250000000   0.250000000   0.250000000 ) 

    1    1
  0.27025007  0.00000000   -0.01094491  0.00000000   -0.01094491  0.00000000
 -0.01094491  0.00000000    0.27025007  0.00000000    0.01094491  0.00000000
 -0.01094491  0.00000000    0.01094491  0.00000000    0.27025007  0.00000000
    1    2
 -0.19439197  0.05588491   -0.03702177 -0.03773986   -0.03702177 -0.03773986
 -0.03702177 -0.03773986   -0.19439197  0.05588491    0.03702177  0.03773986
 -0.03702177 -0.03773986    0.03702177  0.03773986   -0.19439197  0.05588491
    2    1
 -0.19439197 -0.05588491   -0.03702177  0.03773986   -0.03702177  0.03773986
 -0.03702177  0.03773986   -0.19439197 -0.05588491    0.03702177 -0.03773986
 -0.03702177  0.03773986    0.03702177 -0.03773986   -0.19439197 -0.05588491
    2    2
  0.27025007  0.00000000   -0.01094491  0.00000000   -0.01094491  0.00000000
 -0.01094491  0.00000000    0.27025007  0.00000000    0.01094491  0.00000000
 -0.01094491  0.00000000    0.01094491  0.00000000    0.27025007  0.00000000

     Dynamical  Matrix in cartesian axes

     q = (    0.250000000   0.250000000  -0.250000000 ) 

    1    1
  0.27025007  0.00000000    0.01094491  0.00000000   -0.01094491  0.00000000
  0.01094491  0.00000000    0.27025007  0.00000000   -0.01094491  0.00000000
 -0.01094491  0.00000000   -0.01094491  0.00000000    0.27025007  0.00000000
    1    2
 -0.19439197  0.05588491    0.03702177  0.03773986   -0.03702177 -0.03773986
  0.03702177  0.03773986   -0.19439197  0.05588491   -0.03702177 -0.03773986
 -0.03702177 -0.03773986   -0.03702177 -0.03773986   -0.19439197  0.05588491
    2    1
 -0.19439197 -0.05588491    0.03702177 -0.03773986   -0.03702177  0.03773986
  0.03702177 -0.03773986   -0.19439197 -0.05588491   -0.03702177  0.03773986
 -0.03702177  0.03773986   -0.03702177  0.03773986   -0.19439197 -0.05588491
    2    2
  0.27025007  0.00000000    0.01094491  0.00000000   -0.01094491  0.00000000
  0.01094491  0.00000000    0.27025007  0.00000000   -0.01094491  0.00000000
 -0.01094491  0.00000000   -0.01094491  0.00000000    0.27025007  0.00000000

     Diagonalizing the dynamical matrix

     q = (   -0.250000000   0.250000000  -0.250000000 ) 

 **************************************************************************
     freq (    1) =       3.389993 [THz] =     113.077983 [cm-1]
 (  0.160380  0.012454 -0.398536 -0.031370 -0.558916 -0.043824 ) 
 (  0.160863 -0.000121 -0.399769 -0.000121 -0.560632  0.000000 ) 
     freq (    2) =       3.389993 [THz] =     113.077983 [cm-1]
 (  0.552752  0.043833  0.415242  0.033051 -0.137510 -0.010782 ) 
 (  0.554487  0.000491  0.416555  0.000491 -0.137933  0.000000 ) 
     freq (    3) =       6.941963 [THz] =     231.558945 [cm-1]
 ( -0.275777 -0.301021  0.275777  0.301021 -0.275777 -0.301021 ) 
 ( -0.408248  0.000000  0.408248  0.000000 -0.408248  0.000000 ) 
     freq (    4) =      14.101059 [THz] =     470.360696 [cm-1]
 ( -0.275777 -0.301021  0.275777  0.301021 -0.275777 -0.301021 ) 
 (  0.408248 -0.000000 -0.408248  0.000000  0.408248  0.000000 ) 
     freq (    5) =      14.414365 [THz] =     480.811452 [cm-1]
 ( -0.287468 -0.022536  0.288115  0.022595  0.575583  0.045131 ) 
 (  0.288350 -0.000004 -0.289000 -0.000004 -0.577350  0.000000 ) 
     freq (    6) =      14.414365 [THz] =     480.811452 [cm-1]
 ( -0.498133 -0.045292 -0.497759 -0.045262  0.000374  0.000029 ) 
 (  0.500149  0.006214  0.499774  0.006214 -0.000375  0.000000 ) 
 **************************************************************************
