Dynamical matrix file
                                                                           
  1    2  2 10.2800000  0.0000000  0.0000000  0.0000000  0.0000000  0.0000000
           1  'Si  '    25598.822984527003     
    1    1      0.0000000000      0.0000000000      0.0000000000
    2    1      0.2500000000      0.2500000000      0.2500000000

     Dynamical  Matrix in cartesian axes

     q = (   -0.250000000   0.250000000  -0.250000000 ) 

    1    1
  0.27816589  0.00000000   -0.01197890 -0.00000000    0.01197890  0.00000000
 -0.01197890 -0.00000000    0.27816589  0.00000000   -0.01197890 -0.00000000
  0.01197890  0.00000000   -0.01197890 -0.00000000    0.27816589  0.00000000
    1    2
 -0.20678281 -0.06017351   -0.04082447  0.04242745    0.04082447 -0.04242745
 -0.04082447  0.04242745   -0.20678281 -0.06017351   -0.04082447  0.04242745
  0.04082447 -0.04242745   -0.04082447  0.04242745   -0.20678281 -0.06017351
    2    1
 -0.20678281  0.06017351   -0.04082447 -0.04242745    0.04082447  0.04242745
 -0.04082447 -0.04242745   -0.20678281  0.06017351   -0.04082447 -0.04242745
  0.04082447  0.04242745   -0.04082447 -0.04242745   -0.20678281  0.06017351
    2    2
  0.27816589 -0.00000000   -0.01197890  0.00000000    0.01197890 -0.00000000
 -0.01197890  0.00000000    0.27816589 -0.00000000   -0.01197890  0.00000000
  0.01197890 -0.00000000   -0.01197890  0.00000000    0.27816589 -0.00000000

     Dynamical  Matrix in cartesian axes

     q = (    0.250000000  -0.250000000  -0.250000000 ) 

    1    1
  0.27816589  0.00000000   -0.01197890 -0.00000000   -0.01197890 -0.00000000
 -0.01197890 -0.00000000    0.27816589  0.00000000    0.01197890  0.00000000
 -0.01197890 -0.00000000    0.01197890  0.00000000    0.27816589  0.00000000
    1    2
 -0.20678281 -0.06017351   -0.04082447  0.04242745   -0.04082447  0.04242745
 -0.04082447  0.04242745   -0.20678281 -0.06017351    0.04082447 -0.04242745
 -0.04082447  0.04242745    0.04082447 -0.04242745   -0.20678281 -0.06017351
    2    1
 -0.20678281  0.06017351   -0.04082447 -0.04242745   -0.04082447 -0.04242745
 -0.04082447 -0.04242745   -0.20678281  0.06017351    0.04082447  0.04242745
 -0.04082447 -0.04242745    0.04082447  0.04242745   -0.20678281  0.06017351
    2    2
  0.27816589 -0.00000000   -0.01197890  0.00000000   -0.01197890  0.00000000
 -0.01197890  0.00000000    0.27816589 -0.00000000    0.01197890 -0.00000000
 -0.01197890  0.00000000    0.01197890 -0.00000000    0.27816589 -0.00000000

     Dynamical  Matrix in cartesian axes

     q = (    0.250000000  -0.250000000   0.250000000 ) 

    1    1
  0.27816589 -0.00000000   -0.01197890  0.00000000    0.01197890 -0.00000000
 -0.01197890  0.00000000    0.27816589 -0.00000000   -0.01197890  0.00000000
  0.01197890 -0.00000000   -0.01197890  0.00000000    0.27816589 -0.00000000
    1    2
 -0.20678281  0.06017351   -0.04082447 -0.04242745    0.04082447  0.04242745
 -0.04082447 -0.04242745   -0.20678281  0.06017351   -0.04082447 -0.04242745
  0.04082447  0.04242745   -0.04082447 -0.04242745   -0.20678281  0.06017351
    2    1
 -0.20678281 -0.06017351   -0.04082447  0.04242745    0.04082447 -0.04242745
 -0.04082447  0.04242745   -0.20678281 -0.06017351   -0.04082447  0.04242745
  0.04082447 -0.04242745   -0.04082447  0.04242745   -0.20678281 -0.06017351
    2    2
  0.27816589  0.00000000   -0.01197890 -0.00000000    0.01197890  0.00000000
 -0.01197890 -0.00000000    0.27816589  0.00000000   -0.01197890 -0.00000000
  0.01197890  0.00000000   -0.01197890 -0.00000000    0.27816589  0.00000000

     Dynamical  Matrix in cartesian axes

     q = (    0.250000000   0.250000000   0.250000000 ) 

    1    1
  0.27816589  0.00000000    0.01197890  0.00000000    0.01197890  0.00000000
  0.01197890  0.00000000    0.27816589  0.00000000    0.01197890  0.00000000
  0.01197890  0.00000000    0.01197890  0.00000000    0.27816589  0.00000000
    1    2
 -0.06017351  0.20678281   -0.04242745 -0.04082447   -0.04242745 -0.04082447
 -0.04242745 -0.04082447   -0.06017351  0.20678281   -0.04242745 -0.04082447
 -0.04242745 -0.04082447   -0.04242745 -0.04082447   -0.06017351  0.20678281
    2    1
 -0.06017351 -0.20678281   -0.04242745  0.04082447   -0.04242745  0.04082447
 -0.04242745  0.04082447   -0.06017351 -0.20678281   -0.04242745  0.04082447
 -0.04242745  0.04082447   -0.04242745  0.04082447   -0.06017351 -0.20678281
    2    2
  0.27816589 -0.00000000    0.01197890 -0.00000000    0.01197890 -0.00000000
  0.01197890 -0.00000000    0.27816589 -0.00000000    0.01197890 -0.00000000
  0.01197890 -0.00000000    0.01197890 -0.00000000    0.27816589 -0.00000000

     Dynamical  Matrix in cartesian axes

     q = (   -0.250000000  -0.250000000  -0.250000000 ) 

    1    1
  0.27816589 -0.00000000    0.01197890 -0.00000000    0.01197890 -0.00000000
  0.01197890 -0.00000000    0.27816589 -0.00000000    0.01197890 -0.00000000
  0.01197890 -0.00000000    0.01197890 -0.00000000    0.27816589 -0.00000000
    1    2
 -0.06017351 -0.20678281   -0.04242745  0.04082447   -0.04242745  0.04082447
 -0.04242745  0.04082447   -0.06017351 -0.20678281   -0.04242745  0.04082447
 -0.04242745  0.04082447   -0.04242745  0.04082447   -0.06017351 -0.20678281
    2    1
 -0.06017351  0.20678281   -0.04242745 -0.04082447   -0.04242745 -0.04082447
 -0.04242745 -0.04082447   -0.06017351  0.20678281   -0.04242745 -0.04082447
 -0.04242745 -0.04082447   -0.04242745 -0.04082447   -0.06017351  0.20678281
    2    2
  0.27816589  0.00000000    0.01197890  0.00000000    0.01197890  0.00000000
  0.01197890  0.00000000    0.27816589  0.00000000    0.01197890  0.00000000
  0.01197890  0.00000000    0.01197890  0.00000000    0.27816589  0.00000000

     Dynamical  Matrix in cartesian axes

     q = (   -0.250000000  -0.250000000   0.250000000 ) 

    1    1
  0.27816589  0.00000000    0.01197890  0.00000000   -0.01197890 -0.00000000
  0.01197890  0.00000000    0.27816589  0.00000000   -0.01197890 -0.00000000
 -0.01197890 -0.00000000   -0.01197890 -0.00000000    0.27816589  0.00000000
    1    2
 -0.20678281 -0.06017351    0.04082447 -0.04242745   -0.04082447  0.04242745
  0.04082447 -0.04242745   -0.20678281 -0.06017351   -0.04082447  0.04242745
 -0.04082447  0.04242745   -0.04082447  0.04242745   -0.20678281 -0.06017351
    2    1
 -0.20678281  0.06017351    0.04082447  0.04242745   -0.04082447 -0.04242745
  0.04082447  0.04242745   -0.20678281  0.06017351   -0.04082447 -0.04242745
 -0.04082447 -0.04242745   -0.04082447 -0.04242745   -0.20678281  0.06017351
    2    2
  0.27816589 -0.00000000    0.01197890 -0.00000000   -0.01197890  0.00000000
  0.01197890 -0.00000000    0.27816589 -0.00000000   -0.01197890  0.00000000
 -0.01197890  0.00000000   -0.01197890  0.00000000    0.27816589 -0.00000000

     Dynamical  Matrix in cartesian axes

     q = (   -0.250000000   0.250000000   0.250000000 ) 

    1    1
  0.27816589 -0.00000000   -0.01197890  0.00000000   -0.01197890  0.00000000
 -0.01197890  0.00000000    0.27816589 -0.00000000    0.01197890 -0.00000000
 -0.01197890  0.00000000    0.01197890 -0.00000000    0.27816589 -0.00000000
    1    2
 -0.20678281  0.06017351   -0.04082447 -0.04242745   -0.04082447 -0.04242745
 -0.04082447 -0.04242745   -0.20678281  0.06017351    0.04082447  0.04242745
 -0.04082447 -0.04242745    0.04082447  0.04242745   -0.20678281  0.06017351
    2    1
 -0.20678281 -0.06017351   -0.04082447  0.04242745   -0.04082447  0.04242745
 -0.04082447  0.04242745   -0.20678281 -0.06017351    0.04082447 -0.04242745
 -0.04082447  0.04242745    0.04082447 -0.04242745   -0.20678281 -0.06017351
    2    2
  0.27816589  0.00000000   -0.01197890 -0.00000000   -0.01197890 -0.00000000
 -0.01197890 -0.00000000    0.27816589  0.00000000    0.01197890  0.00000000
 -0.01197890 -0.00000000    0.01197890  0.00000000    0.27816589  0.00000000

     Dynamical  Matrix in cartesian axes

     q = (    0.250000000   0.250000000  -0.250000000 ) 

    1    1
  0.27816589 -0.00000000    0.01197890 -0.00000000   -0.01197890  0.00000000
  0.01197890 -0.00000000    0.27816589 -0.00000000   -0.01197890  0.00000000
 -0.01197890  0.00000000   -0.01197890  0.00000000    0.27816589 -0.00000000
    1    2
 -0.20678281  0.06017351    0.04082447  0.04242745   -0.04082447 -0.04242745
  0.04082447  0.04242745   -0.20678281  0.06017351   -0.04082447 -0.04242745
 -0.04082447 -0.04242745   -0.04082447 -0.04242745   -0.20678281  0.06017351
    2    1
 -0.20678281 -0.06017351    0.04082447 -0.04242745   -0.04082447  0.04242745
  0.04082447 -0.04242745   -0.20678281 -0.06017351   -0.04082447  0.04242745
 -0.04082447  0.04242745   -0.04082447  0.04242745   -0.20678281 -0.06017351
    2    2
  0.27816589  0.00000000    0.01197890  0.00000000   -0.01197890 -0.00000000
  0.01197890  0.00000000    0.27816589  0.00000000   -0.01197890 -0.00000000
 -0.01197890 -0.00000000   -0.01197890 -0.00000000    0.27816589  0.00000000

     Diagonalizing the dynamical matrix

     q = (   -0.250000000   0.250000000  -0.250000000 ) 

 **************************************************************************
     freq (    1) =       2.754431 [THz] =      91.877932 [cm-1]
 (  0.496824  0.213648  0.392531  0.206173 -0.104293 -0.007475 ) 
 (  0.510826  0.177585  0.406265  0.177585 -0.104561  0.000000 ) 
     freq (    2) =       2.754431 [THz] =      91.877932 [cm-1]
 (  0.201288 -0.018360 -0.365062 -0.058950 -0.566350 -0.040590 ) 
 (  0.199460 -0.032702 -0.368343 -0.032702 -0.567803  0.000000 ) 
     freq (    3) =       6.837373 [THz] =     228.070222 [cm-1]
 (  0.266695  0.309096 -0.266695 -0.309096  0.266695  0.309096 ) 
 (  0.408248 -0.000000 -0.408248 -0.000000  0.408248  0.000000 ) 
     freq (    4) =      14.447257 [THz] =     481.908616 [cm-1]
 (  0.266695  0.309096 -0.266695 -0.309096  0.266695  0.309096 ) 
 ( -0.408248  0.000000  0.408248  0.000000 -0.408248  0.000000 ) 
     freq (    5) =      14.747823 [THz] =     491.934433 [cm-1]
 ( -0.341755  0.314219  0.060996  0.343084  0.402752  0.028865 ) 
 (  0.318418 -0.337846 -0.085366 -0.337846 -0.403785  0.000000 ) 
     freq (    6) =      14.747823 [THz] =     491.934433 [cm-1]
 (  0.068445  0.336331 -0.343163  0.306831 -0.411608 -0.029500 ) 
 ( -0.092313 -0.330577  0.320351 -0.330577  0.412663  0.000000 ) 
 **************************************************************************
