Dynamical matrix file
                                                                           
  1    2  2 10.3460000  0.0000000  0.0000000  0.0000000  0.0000000  0.0000000
           1  'Si  '    25598.822984527003     
    1    1      0.0000000000      0.0000000000      0.0000000000
    2    1      0.2500000000      0.2500000000      0.2500000000

     Dynamical  Matrix in cartesian axes

     q = (   -0.250000000   0.250000000  -0.250000000 ) 

    1    1
  0.28069600  0.00000000   -0.01077156  0.00000000    0.01077156  0.00000000
 -0.01077156  0.00000000    0.28069600  0.00000000   -0.01077156  0.00000000
  0.01077156  0.00000000   -0.01077156  0.00000000    0.28069600  0.00000000
    1    2
 -0.20524617 -0.06060386   -0.03621065  0.03698968    0.03621065 -0.03698968
 -0.03621065  0.03698968   -0.20524617 -0.06060386   -0.03621065  0.03698968
  0.03621065 -0.03698968   -0.03621065  0.03698968   -0.20524617 -0.06060386
    2    1
 -0.20524617  0.06060386   -0.03621065 -0.03698968    0.03621065  0.03698968
 -0.03621065 -0.03698968   -0.20524617  0.06060386   -0.03621065 -0.03698968
  0.03621065  0.03698968   -0.03621065 -0.03698968   -0.20524617  0.06060386
    2    2
  0.28069600  0.00000000   -0.01077156  0.00000000    0.01077156  0.00000000
 -0.01077156  0.00000000    0.28069600  0.00000000   -0.01077156  0.00000000
  0.01077156  0.00000000   -0.01077156  0.00000000    0.28069600  0.00000000

     Dynamical  Matrix in cartesian axes

     q = (    0.250000000  -0.250000000  -0.250000000 ) 

    1    1
  0.28069600  0.00000000   -0.01077156  0.00000000   -0.01077156  0.00000000
 -0.01077156  0.00000000    0.28069600  0.00000000    0.01077156  0.00000000
 -0.01077156  0.00000000    0.01077156  0.00000000    0.28069600  0.00000000
    1    2
 -0.20524617 -0.06060386   -0.03621065  0.03698968   -0.03621065  0.03698968
 -0.03621065  0.03698968   -0.20524617 -0.06060386    0.03621065 -0.03698968
 -0.03621065  0.03698968    0.03621065 -0.03698968   -0.20524617 -0.06060386
    2    1
 -0.20524617  0.06060386   -0.03621065 -0.03698968   -0.03621065 -0.03698968
 -0.03621065 -0.03698968   -0.20524617  0.06060386    0.03621065  0.03698968
 -0.03621065 -0.03698968    0.03621065  0.03698968   -0.20524617  0.06060386
    2    2
  0.28069600  0.00000000   -0.01077156  0.00000000   -0.01077156  0.00000000
 -0.01077156  0.00000000    0.28069600  0.00000000    0.01077156  0.00000000
 -0.01077156  0.00000000    0.01077156  0.00000000    0.28069600  0.00000000

     Dynamical  Matrix in cartesian axes

     q = (    0.250000000  -0.250000000   0.250000000 ) 

    1    1
  0.28069600  0.00000000   -0.01077156  0.00000000    0.01077156  0.00000000
 -0.01077156  0.00000000    0.28069600  0.00000000   -0.01077156  0.00000000
  0.01077156  0.00000000   -0.01077156  0.00000000    0.28069600  0.00000000
    1    2
 -0.20524617  0.06060386   -0.03621065 -0.03698968    0.03621065  0.03698968
 -0.03621065 -0.03698968   -0.20524617  0.06060386   -0.03621065 -0.03698968
  0.03621065  0.03698968   -0.03621065 -0.03698968   -0.20524617  0.06060386
    2    1
 -0.20524617 -0.06060386   -0.03621065  0.03698968    0.03621065 -0.03698968
 -0.03621065  0.03698968   -0.20524617 -0.06060386   -0.03621065  0.03698968
  0.03621065 -0.03698968   -0.03621065  0.03698968   -0.20524617 -0.06060386
    2    2
  0.28069600  0.00000000   -0.01077156  0.00000000    0.01077156  0.00000000
 -0.01077156  0.00000000    0.28069600  0.00000000   -0.01077156  0.00000000
  0.01077156  0.00000000   -0.01077156  0.00000000    0.28069600  0.00000000

     Dynamical  Matrix in cartesian axes

     q = (    0.250000000   0.250000000   0.250000000 ) 

    1    1
  0.28069600  0.00000000    0.01077156  0.00000000    0.01077156  0.00000000
  0.01077156  0.00000000    0.28069600  0.00000000    0.01077156  0.00000000
  0.01077156  0.00000000    0.01077156  0.00000000    0.28069600  0.00000000
    1    2
 -0.06060386  0.20524617   -0.03698968 -0.03621065   -0.03698968 -0.03621065
 -0.03698968 -0.03621065   -0.06060386  0.20524617   -0.03698968 -0.03621065
 -0.03698968 -0.03621065   -0.03698968 -0.03621065   -0.06060386  0.20524617
    2    1
 -0.06060386 -0.20524617   -0.03698968  0.03621065   -0.03698968  0.03621065
 -0.03698968  0.03621065   -0.06060386 -0.20524617   -0.03698968  0.03621065
 -0.03698968  0.03621065   -0.03698968  0.03621065   -0.06060386 -0.20524617
    2    2
  0.28069600  0.00000000    0.01077156  0.00000000    0.01077156  0.00000000
  0.01077156  0.00000000    0.28069600  0.00000000    0.01077156  0.00000000
  0.01077156  0.00000000    0.01077156  0.00000000    0.28069600  0.00000000

     Dynamical  Matrix in cartesian axes

     q = (   -0.250000000  -0.250000000  -0.250000000 ) 

    1    1
  0.28069600  0.00000000    0.01077156  0.00000000    0.01077156  0.00000000
  0.01077156  0.00000000    0.28069600  0.00000000    0.01077156  0.00000000
  0.01077156  0.00000000    0.01077156  0.00000000    0.28069600  0.00000000
    1    2
 -0.06060386 -0.20524617   -0.03698968  0.03621065   -0.03698968  0.03621065
 -0.03698968  0.03621065   -0.06060386 -0.20524617   -0.03698968  0.03621065
 -0.03698968  0.03621065   -0.03698968  0.03621065   -0.06060386 -0.20524617
    2    1
 -0.06060386  0.20524617   -0.03698968 -0.03621065   -0.03698968 -0.03621065
 -0.03698968 -0.03621065   -0.06060386  0.20524617   -0.03698968 -0.03621065
 -0.03698968 -0.03621065   -0.03698968 -0.03621065   -0.06060386  0.20524617
    2    2
  0.28069600  0.00000000    0.01077156  0.00000000    0.01077156  0.00000000
  0.01077156  0.00000000    0.28069600  0.00000000    0.01077156  0.00000000
  0.01077156  0.00000000    0.01077156  0.00000000    0.28069600  0.00000000

     Dynamical  Matrix in cartesian axes

     q = (   -0.250000000  -0.250000000   0.250000000 ) 

    1    1
  0.28069600  0.00000000    0.01077156  0.00000000   -0.01077156  0.00000000
  0.01077156  0.00000000    0.28069600  0.00000000   -0.01077156  0.00000000
 -0.01077156  0.00000000   -0.01077156  0.00000000    0.28069600  0.00000000
    1    2
 -0.20524617 -0.06060386    0.03621065 -0.03698968   -0.03621065  0.03698968
  0.03621065 -0.03698968   -0.20524617 -0.06060386   -0.03621065  0.03698968
 -0.03621065  0.03698968   -0.03621065  0.03698968   -0.20524617 -0.06060386
    2    1
 -0.20524617  0.06060386    0.03621065  0.03698968   -0.03621065 -0.03698968
  0.03621065  0.03698968   -0.20524617  0.06060386   -0.03621065 -0.03698968
 -0.03621065 -0.03698968   -0.03621065 -0.03698968   -0.20524617  0.06060386
    2    2
  0.28069600  0.00000000    0.01077156  0.00000000   -0.01077156  0.00000000
  0.01077156  0.00000000    0.28069600  0.00000000   -0.01077156  0.00000000
 -0.01077156  0.00000000   -0.01077156  0.00000000    0.28069600  0.00000000

     Dynamical  Matrix in cartesian axes

     q = (   -0.250000000   0.250000000   0.250000000 ) 

    1    1
  0.28069600  0.00000000   -0.01077156  0.00000000   -0.01077156  0.00000000
 -0.01077156  0.00000000    0.28069600  0.00000000    0.01077156  0.00000000
 -0.01077156  0.00000000    0.01077156  0.00000000    0.28069600  0.00000000
    1    2
 -0.20524617  0.06060386   -0.03621065 -0.03698968   -0.03621065 -0.03698968
 -0.03621065 -0.03698968   -0.20524617  0.06060386    0.03621065  0.03698968
 -0.03621065 -0.03698968    0.03621065  0.03698968   -0.20524617  0.06060386
    2    1
 -0.20524617 -0.06060386   -0.03621065  0.03698968   -0.03621065  0.03698968
 -0.03621065  0.03698968   -0.20524617 -0.06060386    0.03621065 -0.03698968
 -0.03621065  0.03698968    0.03621065 -0.03698968   -0.20524617 -0.06060386
    2    2
  0.28069600  0.00000000   -0.01077156  0.00000000   -0.01077156  0.00000000
 -0.01077156  0.00000000    0.28069600  0.00000000    0.01077156  0.00000000
 -0.01077156  0.00000000    0.01077156  0.00000000    0.28069600  0.00000000

     Dynamical  Matrix in cartesian axes

     q = (    0.250000000   0.250000000  -0.250000000 ) 

    1    1
  0.28069600  0.00000000    0.01077156  0.00000000   -0.01077156  0.00000000
  0.01077156  0.00000000    0.28069600  0.00000000   -0.01077156  0.00000000
 -0.01077156  0.00000000   -0.01077156  0.00000000    0.28069600  0.00000000
    1    2
 -0.20524617  0.06060386    0.03621065  0.03698968   -0.03621065 -0.03698968
  0.03621065  0.03698968   -0.20524617  0.06060386   -0.03621065 -0.03698968
 -0.03621065 -0.03698968   -0.03621065 -0.03698968   -0.20524617  0.06060386
    2    1
 -0.20524617 -0.06060386    0.03621065 -0.03698968   -0.03621065  0.03698968
  0.03621065 -0.03698968   -0.20524617 -0.06060386   -0.03621065  0.03698968
 -0.03621065  0.03698968   -0.03621065  0.03698968   -0.20524617 -0.06060386
    2    2
  0.28069600  0.00000000    0.01077156  0.00000000   -0.01077156  0.00000000
  0.01077156  0.00000000    0.28069600  0.00000000   -0.01077156  0.00000000
 -0.01077156  0.00000000   -0.01077156  0.00000000    0.28069600  0.00000000

     Diagonalizing the dynamical matrix

     q = (   -0.250000000   0.250000000  -0.250000000 ) 

 **************************************************************************
     freq (    1) =       3.398371 [THz] =     113.357455 [cm-1]
 ( -0.050695  0.494388  0.005089  0.499843  0.055784  0.005456 ) 
 ( -0.002333  0.496975  0.053717  0.496975  0.056050  0.000000 ) 
     freq (    2) =       3.398371 [THz] =     113.357455 [cm-1]
 ( -0.283723 -0.076455  0.288172 -0.020525  0.571895  0.055931 ) 
 ( -0.289818 -0.048476  0.284806 -0.048476  0.574623  0.000000 ) 
     freq (    3) =       6.916563 [THz] =     230.711696 [cm-1]
 ( -0.286771 -0.290567  0.286771  0.290567 -0.286771 -0.290567 ) 
 ( -0.408248 -0.000000  0.408248  0.000000 -0.408248  0.000000 ) 
     freq (    4) =      14.412900 [THz] =     480.762580 [cm-1]
 ( -0.286771 -0.290567  0.286771  0.290567 -0.286771 -0.290567 ) 
 (  0.408248 -0.000000 -0.408248  0.000000  0.408248  0.000000 ) 
     freq (    5) =      14.720618 [THz] =     491.026974 [cm-1]
 ( -0.494704  0.074522 -0.494118  0.074579  0.000586  0.000057 ) 
 (  0.485101 -0.122320  0.484513 -0.122320 -0.000589  0.000000 ) 
     freq (    6) =      14.720618 [THz] =     491.026974 [cm-1]
 (  0.286800  0.028174 -0.287808 -0.028022 -0.574609 -0.056196 ) 
 ( -0.288181 -0.000125  0.289169 -0.000125  0.577350  0.000000 ) 
 **************************************************************************
