Dynamical matrix file
                                                                           
  1    2  2 10.3460000  0.0000000  0.0000000  0.0000000  0.0000000  0.0000000
           1  'Si  '    25598.822984527003     
    1    1      0.0000000000      0.0000000000      0.0000000000
    2    1      0.2500000000      0.2500000000      0.2500000000

     Dynamical  Matrix in cartesian axes

     q = (    0.750000000  -0.250000000   0.750000000 ) 

    1    1
  0.24322286  0.00000000   -0.00469554  0.00739837    0.00140905  0.00000000
 -0.00469554 -0.00739837    0.29894167  0.00000000   -0.00469554 -0.00739837
  0.00140905  0.00000000   -0.00469554  0.00739837    0.24322286  0.00000000
    1    2
 -0.05782736  0.06751295   -0.03597346  0.04001642   -0.04081465 -0.12987265
 -0.03597346  0.04001642   -0.05635638  0.08669236   -0.03597346  0.04001642
 -0.04081465 -0.12987265   -0.03597346  0.04001642   -0.05782736  0.06751295
    2    1
 -0.05782736 -0.06751295   -0.03597346 -0.04001642   -0.04081465  0.12987265
 -0.03597346 -0.04001642   -0.05635638 -0.08669236   -0.03597346 -0.04001642
 -0.04081465  0.12987265   -0.03597346 -0.04001642   -0.05782736 -0.06751295
    2    2
  0.24322286  0.00000000   -0.00469554 -0.00739837    0.00140905  0.00000000
 -0.00469554  0.00739837    0.29894167  0.00000000   -0.00469554  0.00739837
  0.00140905  0.00000000   -0.00469554 -0.00739837    0.24322286  0.00000000

     Dynamical  Matrix in cartesian axes

     q = (    0.750000000  -0.250000000  -0.750000000 ) 

    1    1
  0.24322286  0.00000000   -0.00469554 -0.00739837   -0.00140905  0.00000000
 -0.00469554  0.00739837    0.29894167  0.00000000    0.00469554 -0.00739837
 -0.00140905  0.00000000    0.00469554  0.00739837    0.24322286  0.00000000
    1    2
 -0.06751295  0.05782736   -0.04001642  0.03597346   -0.12987265 -0.04081465
 -0.04001642  0.03597346   -0.08669236  0.05635638    0.04001642 -0.03597346
 -0.12987265 -0.04081465    0.04001642 -0.03597346   -0.06751295  0.05782736
    2    1
 -0.06751295 -0.05782736   -0.04001642 -0.03597346   -0.12987265  0.04081465
 -0.04001642 -0.03597346   -0.08669236 -0.05635638    0.04001642  0.03597346
 -0.12987265  0.04081465    0.04001642  0.03597346   -0.06751295 -0.05782736
    2    2
  0.24322286  0.00000000   -0.00469554  0.00739837   -0.00140905  0.00000000
 -0.00469554 -0.00739837    0.29894167  0.00000000    0.00469554  0.00739837
 -0.00140905  0.00000000    0.00469554 -0.00739837    0.24322286  0.00000000

     Dynamical  Matrix in cartesian axes

     q = (   -0.750000000  -0.250000000  -0.750000000 ) 

    1    1
  0.24322286  0.00000000    0.00469554 -0.00739837    0.00140905  0.00000000
  0.00469554  0.00739837    0.29894167  0.00000000    0.00469554  0.00739837
  0.00140905  0.00000000    0.00469554 -0.00739837    0.24322286  0.00000000
    1    2
  0.06751295  0.05782736   -0.04001642 -0.03597346   -0.12987265  0.04081465
 -0.04001642 -0.03597346    0.08669236  0.05635638   -0.04001642 -0.03597346
 -0.12987265  0.04081465   -0.04001642 -0.03597346    0.06751295  0.05782736
    2    1
  0.06751295 -0.05782736   -0.04001642  0.03597346   -0.12987265 -0.04081465
 -0.04001642  0.03597346    0.08669236 -0.05635638   -0.04001642  0.03597346
 -0.12987265 -0.04081465   -0.04001642  0.03597346    0.06751295 -0.05782736
    2    2
  0.24322286  0.00000000    0.00469554  0.00739837    0.00140905  0.00000000
  0.00469554 -0.00739837    0.29894167  0.00000000    0.00469554 -0.00739837
  0.00140905  0.00000000    0.00469554  0.00739837    0.24322286  0.00000000

     Dynamical  Matrix in cartesian axes

     q = (   -0.750000000  -0.250000000   0.750000000 ) 

    1    1
  0.24322286  0.00000000    0.00469554  0.00739837   -0.00140905  0.00000000
  0.00469554 -0.00739837    0.29894167  0.00000000   -0.00469554  0.00739837
 -0.00140905  0.00000000   -0.00469554 -0.00739837    0.24322286  0.00000000
    1    2
 -0.06751295  0.05782736    0.04001642 -0.03597346   -0.12987265 -0.04081465
  0.04001642 -0.03597346   -0.08669236  0.05635638   -0.04001642  0.03597346
 -0.12987265 -0.04081465   -0.04001642  0.03597346   -0.06751295  0.05782736
    2    1
 -0.06751295 -0.05782736    0.04001642  0.03597346   -0.12987265  0.04081465
  0.04001642  0.03597346   -0.08669236 -0.05635638   -0.04001642 -0.03597346
 -0.12987265  0.04081465   -0.04001642 -0.03597346   -0.06751295 -0.05782736
    2    2
  0.24322286  0.00000000    0.00469554 -0.00739837   -0.00140905  0.00000000
  0.00469554  0.00739837    0.29894167  0.00000000   -0.00469554 -0.00739837
 -0.00140905  0.00000000   -0.00469554  0.00739837    0.24322286  0.00000000

     Dynamical  Matrix in cartesian axes

     q = (   -0.750000000   0.250000000  -0.750000000 ) 

    1    1
  0.24322286  0.00000000   -0.00469554 -0.00739837    0.00140905  0.00000000
 -0.00469554  0.00739837    0.29894167  0.00000000   -0.00469554  0.00739837
  0.00140905  0.00000000   -0.00469554 -0.00739837    0.24322286  0.00000000
    1    2
 -0.05782736 -0.06751295   -0.03597346 -0.04001642   -0.04081465  0.12987265
 -0.03597346 -0.04001642   -0.05635638 -0.08669236   -0.03597346 -0.04001642
 -0.04081465  0.12987265   -0.03597346 -0.04001642   -0.05782736 -0.06751295
    2    1
 -0.05782736  0.06751295   -0.03597346  0.04001642   -0.04081465 -0.12987265
 -0.03597346  0.04001642   -0.05635638  0.08669236   -0.03597346  0.04001642
 -0.04081465 -0.12987265   -0.03597346  0.04001642   -0.05782736  0.06751295
    2    2
  0.24322286  0.00000000   -0.00469554  0.00739837    0.00140905  0.00000000
 -0.00469554 -0.00739837    0.29894167  0.00000000   -0.00469554 -0.00739837
  0.00140905  0.00000000   -0.00469554  0.00739837    0.24322286  0.00000000

     Dynamical  Matrix in cartesian axes

     q = (   -0.250000000   0.750000000  -0.750000000 ) 

    1    1
  0.29894167  0.00000000   -0.00469554  0.00739837    0.00469554 -0.00739837
 -0.00469554 -0.00739837    0.24322286  0.00000000   -0.00140905  0.00000000
  0.00469554  0.00739837   -0.00140905  0.00000000    0.24322286  0.00000000
    1    2
 -0.08669236  0.05635638   -0.04001642  0.03597346    0.04001642 -0.03597346
 -0.04001642  0.03597346   -0.06751295  0.05782736   -0.12987265 -0.04081465
  0.04001642 -0.03597346   -0.12987265 -0.04081465   -0.06751295  0.05782736
    2    1
 -0.08669236 -0.05635638   -0.04001642 -0.03597346    0.04001642  0.03597346
 -0.04001642 -0.03597346   -0.06751295 -0.05782736   -0.12987265  0.04081465
  0.04001642  0.03597346   -0.12987265  0.04081465   -0.06751295 -0.05782736
    2    2
  0.29894167  0.00000000   -0.00469554 -0.00739837    0.00469554  0.00739837
 -0.00469554  0.00739837    0.24322286  0.00000000   -0.00140905  0.00000000
  0.00469554 -0.00739837   -0.00140905  0.00000000    0.24322286  0.00000000

     Dynamical  Matrix in cartesian axes

     q = (   -0.750000000   0.750000000  -0.250000000 ) 

    1    1
  0.24322286  0.00000000   -0.00140905  0.00000000    0.00469554  0.00739837
 -0.00140905  0.00000000    0.24322286  0.00000000   -0.00469554 -0.00739837
  0.00469554 -0.00739837   -0.00469554  0.00739837    0.29894167  0.00000000
    1    2
 -0.06751295  0.05782736   -0.12987265 -0.04081465    0.04001642 -0.03597346
 -0.12987265 -0.04081465   -0.06751295  0.05782736   -0.04001642  0.03597346
  0.04001642 -0.03597346   -0.04001642  0.03597346   -0.08669236  0.05635638
    2    1
 -0.06751295 -0.05782736   -0.12987265  0.04081465    0.04001642  0.03597346
 -0.12987265  0.04081465   -0.06751295 -0.05782736   -0.04001642 -0.03597346
  0.04001642  0.03597346   -0.04001642 -0.03597346   -0.08669236 -0.05635638
    2    2
  0.24322286  0.00000000   -0.00140905  0.00000000    0.00469554 -0.00739837
 -0.00140905  0.00000000    0.24322286  0.00000000   -0.00469554  0.00739837
  0.00469554  0.00739837   -0.00469554 -0.00739837    0.29894167  0.00000000

     Dynamical  Matrix in cartesian axes

     q = (    0.750000000   0.250000000   0.750000000 ) 

    1    1
  0.24322286  0.00000000    0.00469554  0.00739837    0.00140905  0.00000000
  0.00469554 -0.00739837    0.29894167  0.00000000    0.00469554 -0.00739837
  0.00140905  0.00000000    0.00469554  0.00739837    0.24322286  0.00000000
    1    2
  0.06751295 -0.05782736   -0.04001642  0.03597346   -0.12987265 -0.04081465
 -0.04001642  0.03597346    0.08669236 -0.05635638   -0.04001642  0.03597346
 -0.12987265 -0.04081465   -0.04001642  0.03597346    0.06751295 -0.05782736
    2    1
  0.06751295  0.05782736   -0.04001642 -0.03597346   -0.12987265  0.04081465
 -0.04001642 -0.03597346    0.08669236  0.05635638   -0.04001642 -0.03597346
 -0.12987265  0.04081465   -0.04001642 -0.03597346    0.06751295  0.05782736
    2    2
  0.24322286  0.00000000    0.00469554 -0.00739837    0.00140905  0.00000000
  0.00469554  0.00739837    0.29894167  0.00000000    0.00469554  0.00739837
  0.00140905  0.00000000    0.00469554 -0.00739837    0.24322286  0.00000000

     Dynamical  Matrix in cartesian axes

     q = (   -0.750000000   0.250000000   0.750000000 ) 

    1    1
  0.24322286  0.00000000   -0.00469554  0.00739837   -0.00140905  0.00000000
 -0.00469554 -0.00739837    0.29894167  0.00000000    0.00469554  0.00739837
 -0.00140905  0.00000000    0.00469554 -0.00739837    0.24322286  0.00000000
    1    2
 -0.06751295 -0.05782736   -0.04001642 -0.03597346   -0.12987265  0.04081465
 -0.04001642 -0.03597346   -0.08669236 -0.05635638    0.04001642  0.03597346
 -0.12987265  0.04081465    0.04001642  0.03597346   -0.06751295 -0.05782736
    2    1
 -0.06751295  0.05782736   -0.04001642  0.03597346   -0.12987265 -0.04081465
 -0.04001642  0.03597346   -0.08669236  0.05635638    0.04001642 -0.03597346
 -0.12987265 -0.04081465    0.04001642 -0.03597346   -0.06751295  0.05782736
    2    2
  0.24322286  0.00000000   -0.00469554 -0.00739837   -0.00140905  0.00000000
 -0.00469554  0.00739837    0.29894167  0.00000000    0.00469554 -0.00739837
 -0.00140905  0.00000000    0.00469554  0.00739837    0.24322286  0.00000000

     Dynamical  Matrix in cartesian axes

     q = (    0.750000000   0.250000000  -0.750000000 ) 

    1    1
  0.24322286  0.00000000    0.00469554 -0.00739837   -0.00140905  0.00000000
  0.00469554  0.00739837    0.29894167  0.00000000   -0.00469554 -0.00739837
 -0.00140905  0.00000000   -0.00469554  0.00739837    0.24322286  0.00000000
    1    2
 -0.06751295 -0.05782736    0.04001642  0.03597346   -0.12987265  0.04081465
  0.04001642  0.03597346   -0.08669236 -0.05635638   -0.04001642 -0.03597346
 -0.12987265  0.04081465   -0.04001642 -0.03597346   -0.06751295 -0.05782736
    2    1
 -0.06751295  0.05782736    0.04001642 -0.03597346   -0.12987265 -0.04081465
  0.04001642 -0.03597346   -0.08669236  0.05635638   -0.04001642  0.03597346
 -0.12987265 -0.04081465   -0.04001642  0.03597346   -0.06751295  0.05782736
    2    2
  0.24322286  0.00000000    0.00469554  0.00739837   -0.00140905  0.00000000
  0.00469554 -0.00739837    0.29894167  0.00000000   -0.00469554  0.00739837
 -0.00140905  0.00000000   -0.00469554 -0.00739837    0.24322286  0.00000000

     Dynamical  Matrix in cartesian axes

     q = (   -0.750000000   0.750000000   0.250000000 ) 

    1    1
  0.24322286  0.00000000   -0.00140905  0.00000000   -0.00469554  0.00739837
 -0.00140905  0.00000000    0.24322286  0.00000000    0.00469554 -0.00739837
 -0.00469554 -0.00739837    0.00469554  0.00739837    0.29894167  0.00000000
    1    2
 -0.06751295 -0.05782736   -0.12987265  0.04081465   -0.04001642 -0.03597346
 -0.12987265  0.04081465   -0.06751295 -0.05782736    0.04001642  0.03597346
 -0.04001642 -0.03597346    0.04001642  0.03597346   -0.08669236 -0.05635638
    2    1
 -0.06751295  0.05782736   -0.12987265 -0.04081465   -0.04001642  0.03597346
 -0.12987265 -0.04081465   -0.06751295  0.05782736    0.04001642 -0.03597346
 -0.04001642  0.03597346    0.04001642 -0.03597346   -0.08669236  0.05635638
    2    2
  0.24322286  0.00000000   -0.00140905  0.00000000   -0.00469554 -0.00739837
 -0.00140905  0.00000000    0.24322286  0.00000000    0.00469554  0.00739837
 -0.00469554  0.00739837    0.00469554 -0.00739837    0.29894167  0.00000000

     Dynamical  Matrix in cartesian axes

     q = (   -0.250000000   0.750000000   0.750000000 ) 

    1    1
  0.29894167  0.00000000   -0.00469554 -0.00739837   -0.00469554 -0.00739837
 -0.00469554  0.00739837    0.24322286  0.00000000    0.00140905  0.00000000
 -0.00469554  0.00739837    0.00140905  0.00000000    0.24322286  0.00000000
    1    2
 -0.05635638  0.08669236   -0.03597346  0.04001642   -0.03597346  0.04001642
 -0.03597346  0.04001642   -0.05782736  0.06751295   -0.04081465 -0.12987265
 -0.03597346  0.04001642   -0.04081465 -0.12987265   -0.05782736  0.06751295
    2    1
 -0.05635638 -0.08669236   -0.03597346 -0.04001642   -0.03597346 -0.04001642
 -0.03597346 -0.04001642   -0.05782736 -0.06751295   -0.04081465  0.12987265
 -0.03597346 -0.04001642   -0.04081465  0.12987265   -0.05782736 -0.06751295
    2    2
  0.29894167  0.00000000   -0.00469554  0.00739837   -0.00469554  0.00739837
 -0.00469554 -0.00739837    0.24322286  0.00000000    0.00140905  0.00000000
 -0.00469554 -0.00739837    0.00140905  0.00000000    0.24322286  0.00000000

     Dynamical  Matrix in cartesian axes

     q = (    0.250000000   0.750000000  -0.750000000 ) 

    1    1
  0.29894167  0.00000000    0.00469554  0.00739837   -0.00469554 -0.00739837
  0.00469554 -0.00739837    0.24322286  0.00000000   -0.00140905  0.00000000
 -0.00469554  0.00739837   -0.00140905  0.00000000    0.24322286  0.00000000
    1    2
 -0.08669236 -0.05635638    0.04001642  0.03597346   -0.04001642 -0.03597346
  0.04001642  0.03597346   -0.06751295 -0.05782736   -0.12987265  0.04081465
 -0.04001642 -0.03597346   -0.12987265  0.04081465   -0.06751295 -0.05782736
    2    1
 -0.08669236  0.05635638    0.04001642 -0.03597346   -0.04001642  0.03597346
  0.04001642 -0.03597346   -0.06751295  0.05782736   -0.12987265 -0.04081465
 -0.04001642  0.03597346   -0.12987265 -0.04081465   -0.06751295  0.05782736
    2    2
  0.29894167  0.00000000    0.00469554 -0.00739837   -0.00469554  0.00739837
  0.00469554  0.00739837    0.24322286  0.00000000   -0.00140905  0.00000000
 -0.00469554 -0.00739837   -0.00140905  0.00000000    0.24322286  0.00000000

     Dynamical  Matrix in cartesian axes

     q = (   -0.250000000  -0.750000000  -0.750000000 ) 

    1    1
  0.29894167  0.00000000    0.00469554  0.00739837    0.00469554  0.00739837
  0.00469554 -0.00739837    0.24322286  0.00000000    0.00140905  0.00000000
  0.00469554 -0.00739837    0.00140905  0.00000000    0.24322286  0.00000000
    1    2
  0.08669236  0.05635638   -0.04001642 -0.03597346   -0.04001642 -0.03597346
 -0.04001642 -0.03597346    0.06751295  0.05782736   -0.12987265  0.04081465
 -0.04001642 -0.03597346   -0.12987265  0.04081465    0.06751295  0.05782736
    2    1
  0.08669236 -0.05635638   -0.04001642  0.03597346   -0.04001642  0.03597346
 -0.04001642  0.03597346    0.06751295 -0.05782736   -0.12987265 -0.04081465
 -0.04001642  0.03597346   -0.12987265 -0.04081465    0.06751295 -0.05782736
    2    2
  0.29894167  0.00000000    0.00469554 -0.00739837    0.00469554 -0.00739837
  0.00469554  0.00739837    0.24322286  0.00000000    0.00140905  0.00000000
  0.00469554  0.00739837    0.00140905  0.00000000    0.24322286  0.00000000

     Dynamical  Matrix in cartesian axes

     q = (    0.750000000   0.750000000  -0.250000000 ) 

    1    1
  0.24322286  0.00000000    0.00140905  0.00000000   -0.00469554  0.00739837
  0.00140905  0.00000000    0.24322286  0.00000000   -0.00469554  0.00739837
 -0.00469554 -0.00739837   -0.00469554 -0.00739837    0.29894167  0.00000000
    1    2
 -0.05782736  0.06751295   -0.04081465 -0.12987265   -0.03597346  0.04001642
 -0.04081465 -0.12987265   -0.05782736  0.06751295   -0.03597346  0.04001642
 -0.03597346  0.04001642   -0.03597346  0.04001642   -0.05635638  0.08669236
    2    1
 -0.05782736 -0.06751295   -0.04081465  0.12987265   -0.03597346 -0.04001642
 -0.04081465  0.12987265   -0.05782736 -0.06751295   -0.03597346 -0.04001642
 -0.03597346 -0.04001642   -0.03597346 -0.04001642   -0.05635638 -0.08669236
    2    2
  0.24322286  0.00000000    0.00140905  0.00000000   -0.00469554 -0.00739837
  0.00140905  0.00000000    0.24322286  0.00000000   -0.00469554 -0.00739837
 -0.00469554  0.00739837   -0.00469554  0.00739837    0.29894167  0.00000000

     Dynamical  Matrix in cartesian axes

     q = (    0.750000000  -0.750000000   0.250000000 ) 

    1    1
  0.24322286  0.00000000   -0.00140905  0.00000000    0.00469554 -0.00739837
 -0.00140905  0.00000000    0.24322286  0.00000000   -0.00469554  0.00739837
  0.00469554  0.00739837   -0.00469554 -0.00739837    0.29894167  0.00000000
    1    2
 -0.06751295 -0.05782736   -0.12987265  0.04081465    0.04001642  0.03597346
 -0.12987265  0.04081465   -0.06751295 -0.05782736   -0.04001642 -0.03597346
  0.04001642  0.03597346   -0.04001642 -0.03597346   -0.08669236 -0.05635638
    2    1
 -0.06751295  0.05782736   -0.12987265 -0.04081465    0.04001642 -0.03597346
 -0.12987265 -0.04081465   -0.06751295  0.05782736   -0.04001642  0.03597346
  0.04001642 -0.03597346   -0.04001642  0.03597346   -0.08669236  0.05635638
    2    2
  0.24322286  0.00000000   -0.00140905  0.00000000    0.00469554  0.00739837
 -0.00140905  0.00000000    0.24322286  0.00000000   -0.00469554 -0.00739837
  0.00469554 -0.00739837   -0.00469554  0.00739837    0.29894167  0.00000000

     Dynamical  Matrix in cartesian axes

     q = (   -0.750000000  -0.750000000  -0.250000000 ) 

    1    1
  0.24322286  0.00000000    0.00140905  0.00000000    0.00469554 -0.00739837
  0.00140905  0.00000000    0.24322286  0.00000000    0.00469554 -0.00739837
  0.00469554  0.00739837    0.00469554  0.00739837    0.29894167  0.00000000
    1    2
  0.06751295  0.05782736   -0.12987265  0.04081465   -0.04001642 -0.03597346
 -0.12987265  0.04081465    0.06751295  0.05782736   -0.04001642 -0.03597346
 -0.04001642 -0.03597346   -0.04001642 -0.03597346    0.08669236  0.05635638
    2    1
  0.06751295 -0.05782736   -0.12987265 -0.04081465   -0.04001642  0.03597346
 -0.12987265 -0.04081465    0.06751295 -0.05782736   -0.04001642  0.03597346
 -0.04001642  0.03597346   -0.04001642  0.03597346    0.08669236 -0.05635638
    2    2
  0.24322286  0.00000000    0.00140905  0.00000000    0.00469554  0.00739837
  0.00140905  0.00000000    0.24322286  0.00000000    0.00469554  0.00739837
  0.00469554 -0.00739837    0.00469554 -0.00739837    0.29894167  0.00000000

     Dynamical  Matrix in cartesian axes

     q = (    0.250000000  -0.750000000   0.750000000 ) 

    1    1
  0.29894167  0.00000000   -0.00469554 -0.00739837    0.00469554  0.00739837
 -0.00469554  0.00739837    0.24322286  0.00000000   -0.00140905  0.00000000
  0.00469554 -0.00739837   -0.00140905  0.00000000    0.24322286  0.00000000
    1    2
 -0.08669236 -0.05635638   -0.04001642 -0.03597346    0.04001642  0.03597346
 -0.04001642 -0.03597346   -0.06751295 -0.05782736   -0.12987265  0.04081465
  0.04001642  0.03597346   -0.12987265  0.04081465   -0.06751295 -0.05782736
    2    1
 -0.08669236  0.05635638   -0.04001642  0.03597346    0.04001642 -0.03597346
 -0.04001642  0.03597346   -0.06751295  0.05782736   -0.12987265 -0.04081465
  0.04001642 -0.03597346   -0.12987265 -0.04081465   -0.06751295  0.05782736
    2    2
  0.29894167  0.00000000   -0.00469554  0.00739837    0.00469554 -0.00739837
 -0.00469554 -0.00739837    0.24322286  0.00000000   -0.00140905  0.00000000
  0.00469554  0.00739837   -0.00140905  0.00000000    0.24322286  0.00000000

     Dynamical  Matrix in cartesian axes

     q = (   -0.750000000  -0.750000000   0.250000000 ) 

    1    1
  0.24322286  0.00000000    0.00140905  0.00000000   -0.00469554 -0.00739837
  0.00140905  0.00000000    0.24322286  0.00000000   -0.00469554 -0.00739837
 -0.00469554  0.00739837   -0.00469554  0.00739837    0.29894167  0.00000000
    1    2
 -0.05782736 -0.06751295   -0.04081465  0.12987265   -0.03597346 -0.04001642
 -0.04081465  0.12987265   -0.05782736 -0.06751295   -0.03597346 -0.04001642
 -0.03597346 -0.04001642   -0.03597346 -0.04001642   -0.05635638 -0.08669236
    2    1
 -0.05782736  0.06751295   -0.04081465 -0.12987265   -0.03597346  0.04001642
 -0.04081465 -0.12987265   -0.05782736  0.06751295   -0.03597346  0.04001642
 -0.03597346  0.04001642   -0.03597346  0.04001642   -0.05635638  0.08669236
    2    2
  0.24322286  0.00000000    0.00140905  0.00000000   -0.00469554  0.00739837
  0.00140905  0.00000000    0.24322286  0.00000000   -0.00469554  0.00739837
 -0.00469554 -0.00739837   -0.00469554 -0.00739837    0.29894167  0.00000000

     Dynamical  Matrix in cartesian axes

     q = (    0.250000000   0.750000000   0.750000000 ) 

    1    1
  0.29894167  0.00000000    0.00469554 -0.00739837    0.00469554 -0.00739837
  0.00469554  0.00739837    0.24322286  0.00000000    0.00140905  0.00000000
  0.00469554  0.00739837    0.00140905  0.00000000    0.24322286  0.00000000
    1    2
  0.08669236 -0.05635638   -0.04001642  0.03597346   -0.04001642  0.03597346
 -0.04001642  0.03597346    0.06751295 -0.05782736   -0.12987265 -0.04081465
 -0.04001642  0.03597346   -0.12987265 -0.04081465    0.06751295 -0.05782736
    2    1
  0.08669236  0.05635638   -0.04001642 -0.03597346   -0.04001642 -0.03597346
 -0.04001642 -0.03597346    0.06751295  0.05782736   -0.12987265  0.04081465
 -0.04001642 -0.03597346   -0.12987265  0.04081465    0.06751295  0.05782736
    2    2
  0.29894167  0.00000000    0.00469554  0.00739837    0.00469554  0.00739837
  0.00469554 -0.00739837    0.24322286  0.00000000    0.00140905  0.00000000
  0.00469554 -0.00739837    0.00140905  0.00000000    0.24322286  0.00000000

     Dynamical  Matrix in cartesian axes

     q = (   -0.250000000  -0.750000000   0.750000000 ) 

    1    1
  0.29894167  0.00000000    0.00469554 -0.00739837   -0.00469554  0.00739837
  0.00469554  0.00739837    0.24322286  0.00000000   -0.00140905  0.00000000
 -0.00469554 -0.00739837   -0.00140905  0.00000000    0.24322286  0.00000000
    1    2
 -0.08669236  0.05635638    0.04001642 -0.03597346   -0.04001642  0.03597346
  0.04001642 -0.03597346   -0.06751295  0.05782736   -0.12987265 -0.04081465
 -0.04001642  0.03597346   -0.12987265 -0.04081465   -0.06751295  0.05782736
    2    1
 -0.08669236 -0.05635638    0.04001642  0.03597346   -0.04001642 -0.03597346
  0.04001642  0.03597346   -0.06751295 -0.05782736   -0.12987265  0.04081465
 -0.04001642 -0.03597346   -0.12987265  0.04081465   -0.06751295 -0.05782736
    2    2
  0.29894167  0.00000000    0.00469554  0.00739837   -0.00469554 -0.00739837
  0.00469554 -0.00739837    0.24322286  0.00000000   -0.00140905  0.00000000
 -0.00469554  0.00739837   -0.00140905  0.00000000    0.24322286  0.00000000

     Dynamical  Matrix in cartesian axes

     q = (    0.750000000   0.750000000   0.250000000 ) 

    1    1
  0.24322286  0.00000000    0.00140905  0.00000000    0.00469554  0.00739837
  0.00140905  0.00000000    0.24322286  0.00000000    0.00469554  0.00739837
  0.00469554 -0.00739837    0.00469554 -0.00739837    0.29894167  0.00000000
    1    2
  0.06751295 -0.05782736   -0.12987265 -0.04081465   -0.04001642  0.03597346
 -0.12987265 -0.04081465    0.06751295 -0.05782736   -0.04001642  0.03597346
 -0.04001642  0.03597346   -0.04001642  0.03597346    0.08669236 -0.05635638
    2    1
  0.06751295  0.05782736   -0.12987265  0.04081465   -0.04001642 -0.03597346
 -0.12987265  0.04081465    0.06751295  0.05782736   -0.04001642 -0.03597346
 -0.04001642 -0.03597346   -0.04001642 -0.03597346    0.08669236  0.05635638
    2    2
  0.24322286  0.00000000    0.00140905  0.00000000    0.00469554 -0.00739837
  0.00140905  0.00000000    0.24322286  0.00000000    0.00469554 -0.00739837
  0.00469554  0.00739837    0.00469554  0.00739837    0.29894167  0.00000000

     Dynamical  Matrix in cartesian axes

     q = (    0.250000000  -0.750000000  -0.750000000 ) 

    1    1
  0.29894167  0.00000000   -0.00469554  0.00739837   -0.00469554  0.00739837
 -0.00469554 -0.00739837    0.24322286  0.00000000    0.00140905  0.00000000
 -0.00469554 -0.00739837    0.00140905  0.00000000    0.24322286  0.00000000
    1    2
 -0.05635638 -0.08669236   -0.03597346 -0.04001642   -0.03597346 -0.04001642
 -0.03597346 -0.04001642   -0.05782736 -0.06751295   -0.04081465  0.12987265
 -0.03597346 -0.04001642   -0.04081465  0.12987265   -0.05782736 -0.06751295
    2    1
 -0.05635638  0.08669236   -0.03597346  0.04001642   -0.03597346  0.04001642
 -0.03597346  0.04001642   -0.05782736  0.06751295   -0.04081465 -0.12987265
 -0.03597346  0.04001642   -0.04081465 -0.12987265   -0.05782736  0.06751295
    2    2
  0.29894167  0.00000000   -0.00469554 -0.00739837   -0.00469554 -0.00739837
 -0.00469554  0.00739837    0.24322286  0.00000000    0.00140905  0.00000000
 -0.00469554  0.00739837    0.00140905  0.00000000    0.24322286  0.00000000

     Dynamical  Matrix in cartesian axes

     q = (    0.750000000  -0.750000000  -0.250000000 ) 

    1    1
  0.24322286  0.00000000   -0.00140905  0.00000000   -0.00469554 -0.00739837
 -0.00140905  0.00000000    0.24322286  0.00000000    0.00469554  0.00739837
 -0.00469554  0.00739837    0.00469554 -0.00739837    0.29894167  0.00000000
    1    2
 -0.06751295  0.05782736   -0.12987265 -0.04081465   -0.04001642  0.03597346
 -0.12987265 -0.04081465   -0.06751295  0.05782736    0.04001642 -0.03597346
 -0.04001642  0.03597346    0.04001642 -0.03597346   -0.08669236  0.05635638
    2    1
 -0.06751295 -0.05782736   -0.12987265  0.04081465   -0.04001642 -0.03597346
 -0.12987265  0.04081465   -0.06751295 -0.05782736    0.04001642  0.03597346
 -0.04001642 -0.03597346    0.04001642  0.03597346   -0.08669236 -0.05635638
    2    2
  0.24322286  0.00000000   -0.00140905  0.00000000   -0.00469554  0.00739837
 -0.00140905  0.00000000    0.24322286  0.00000000    0.00469554 -0.00739837
 -0.00469554 -0.00739837    0.00469554  0.00739837    0.29894167  0.00000000

     Diagonalizing the dynamical matrix

     q = (    0.750000000  -0.250000000   0.750000000 ) 

 **************************************************************************
     freq (    1) =       4.298213 [THz] =     143.372950 [cm-1]
 ( -0.042936  0.498153  0.000000 -0.000000  0.042936 -0.498153 ) 
 ( -0.500000  0.000000  0.000000  0.000000  0.500000  0.000000 ) 
     freq (    2) =       6.136021 [THz] =     204.675644 [cm-1]
 ( -0.400374 -0.145395 -0.332754  0.162469 -0.400374 -0.145395 ) 
 ( -0.425957  0.000000 -0.257312 -0.266293 -0.425957  0.000000 ) 
     freq (    3) =       9.349157 [THz] =     311.854296 [cm-1]
 ( -0.080245  0.295157 -0.435717 -0.350766 -0.080245  0.295157 ) 
 (  0.305871 -0.000000 -0.224170 -0.512478  0.305871  0.000000 ) 
     freq (    4) =      11.926152 [THz] =     397.813605 [cm-1]
 ( -0.162762 -0.323536  0.400457  0.278029 -0.162762 -0.323536 ) 
 (  0.362170  0.000000 -0.428339 -0.232790  0.362170  0.000000 ) 
     freq (    5) =      13.638212 [THz] =     454.921773 [cm-1]
 ( -0.042936  0.498153  0.000000 -0.000000  0.042936 -0.498153 ) 
 (  0.500000  0.000000 -0.000000 -0.000000 -0.500000  0.000000 ) 
     freq (    6) =      13.869032 [THz] =     462.621103 [cm-1]
 (  0.284173  0.114378  0.501095 -0.247448  0.284173  0.114378 ) 
 ( -0.306327 -0.000000 -0.372461 -0.416653 -0.306327  0.000000 ) 
 **************************************************************************
