Dynamical matrix file
                                                                           
  1    2  2 10.3300000  0.0000000  0.0000000  0.0000000  0.0000000  0.0000000
           1  'Si  '    25598.822984527003     
    1    1      0.0000000000      0.0000000000      0.0000000000
    2    1      0.2500000000      0.2500000000      0.2500000000

     Dynamical  Matrix in cartesian axes

     q = (    0.750000000  -0.250000000   0.750000000 ) 

    1    1
  0.24632224  0.00000000   -0.00630984  0.00768112    0.00586890  0.00000000
 -0.00630984 -0.00768112    0.29761388  0.00000000   -0.00630984 -0.00768112
  0.00586890  0.00000000   -0.00630984  0.00768112    0.24632224  0.00000000
    1    2
 -0.06046698  0.06157953   -0.04097551  0.04337357   -0.04134093 -0.13554903
 -0.04097551  0.04337357   -0.05884296  0.08003816   -0.04097551  0.04337357
 -0.04134093 -0.13554903   -0.04097551  0.04337357   -0.06046698  0.06157953
    2    1
 -0.06046698 -0.06157953   -0.04097551 -0.04337357   -0.04134093  0.13554903
 -0.04097551 -0.04337357   -0.05884296 -0.08003816   -0.04097551 -0.04337357
 -0.04134093  0.13554903   -0.04097551 -0.04337357   -0.06046698 -0.06157953
    2    2
  0.24632224  0.00000000   -0.00630984 -0.00768112    0.00586890  0.00000000
 -0.00630984  0.00768112    0.29761388  0.00000000   -0.00630984  0.00768112
  0.00586890  0.00000000   -0.00630984 -0.00768112    0.24632224  0.00000000

     Dynamical  Matrix in cartesian axes

     q = (    0.750000000  -0.250000000  -0.750000000 ) 

    1    1
  0.24632224  0.00000000   -0.00630984 -0.00768112   -0.00586890  0.00000000
 -0.00630984  0.00768112    0.29761388  0.00000000    0.00630984 -0.00768112
 -0.00586890  0.00000000    0.00630984  0.00768112    0.24632224  0.00000000
    1    2
 -0.06157953  0.06046698   -0.04337357  0.04097551   -0.13554903 -0.04134093
 -0.04337357  0.04097551   -0.08003816  0.05884296    0.04337357 -0.04097551
 -0.13554903 -0.04134093    0.04337357 -0.04097551   -0.06157953  0.06046698
    2    1
 -0.06157953 -0.06046698   -0.04337357 -0.04097551   -0.13554903  0.04134093
 -0.04337357 -0.04097551   -0.08003816 -0.05884296    0.04337357  0.04097551
 -0.13554903  0.04134093    0.04337357  0.04097551   -0.06157953 -0.06046698
    2    2
  0.24632224  0.00000000   -0.00630984  0.00768112   -0.00586890  0.00000000
 -0.00630984 -0.00768112    0.29761388  0.00000000    0.00630984  0.00768112
 -0.00586890  0.00000000    0.00630984 -0.00768112    0.24632224  0.00000000

     Dynamical  Matrix in cartesian axes

     q = (   -0.750000000  -0.250000000  -0.750000000 ) 

    1    1
  0.24632224  0.00000000    0.00630984 -0.00768112    0.00586890  0.00000000
  0.00630984  0.00768112    0.29761388  0.00000000    0.00630984  0.00768112
  0.00586890  0.00000000    0.00630984 -0.00768112    0.24632224  0.00000000
    1    2
  0.06157953  0.06046698   -0.04337357 -0.04097551   -0.13554903  0.04134093
 -0.04337357 -0.04097551    0.08003816  0.05884296   -0.04337357 -0.04097551
 -0.13554903  0.04134093   -0.04337357 -0.04097551    0.06157953  0.06046698
    2    1
  0.06157953 -0.06046698   -0.04337357  0.04097551   -0.13554903 -0.04134093
 -0.04337357  0.04097551    0.08003816 -0.05884296   -0.04337357  0.04097551
 -0.13554903 -0.04134093   -0.04337357  0.04097551    0.06157953 -0.06046698
    2    2
  0.24632224  0.00000000    0.00630984  0.00768112    0.00586890  0.00000000
  0.00630984 -0.00768112    0.29761388  0.00000000    0.00630984 -0.00768112
  0.00586890  0.00000000    0.00630984  0.00768112    0.24632224  0.00000000

     Dynamical  Matrix in cartesian axes

     q = (   -0.750000000  -0.250000000   0.750000000 ) 

    1    1
  0.24632224  0.00000000    0.00630984  0.00768112   -0.00586890  0.00000000
  0.00630984 -0.00768112    0.29761388  0.00000000   -0.00630984  0.00768112
 -0.00586890  0.00000000   -0.00630984 -0.00768112    0.24632224  0.00000000
    1    2
 -0.06157953  0.06046698    0.04337357 -0.04097551   -0.13554903 -0.04134093
  0.04337357 -0.04097551   -0.08003816  0.05884296   -0.04337357  0.04097551
 -0.13554903 -0.04134093   -0.04337357  0.04097551   -0.06157953  0.06046698
    2    1
 -0.06157953 -0.06046698    0.04337357  0.04097551   -0.13554903  0.04134093
  0.04337357  0.04097551   -0.08003816 -0.05884296   -0.04337357 -0.04097551
 -0.13554903  0.04134093   -0.04337357 -0.04097551   -0.06157953 -0.06046698
    2    2
  0.24632224  0.00000000    0.00630984 -0.00768112   -0.00586890  0.00000000
  0.00630984  0.00768112    0.29761388  0.00000000   -0.00630984 -0.00768112
 -0.00586890  0.00000000   -0.00630984  0.00768112    0.24632224  0.00000000

     Dynamical  Matrix in cartesian axes

     q = (   -0.750000000   0.250000000  -0.750000000 ) 

    1    1
  0.24632224  0.00000000   -0.00630984 -0.00768112    0.00586890  0.00000000
 -0.00630984  0.00768112    0.29761388  0.00000000   -0.00630984  0.00768112
  0.00586890  0.00000000   -0.00630984 -0.00768112    0.24632224  0.00000000
    1    2
 -0.06046698 -0.06157953   -0.04097551 -0.04337357   -0.04134093  0.13554903
 -0.04097551 -0.04337357   -0.05884296 -0.08003816   -0.04097551 -0.04337357
 -0.04134093  0.13554903   -0.04097551 -0.04337357   -0.06046698 -0.06157953
    2    1
 -0.06046698  0.06157953   -0.04097551  0.04337357   -0.04134093 -0.13554903
 -0.04097551  0.04337357   -0.05884296  0.08003816   -0.04097551  0.04337357
 -0.04134093 -0.13554903   -0.04097551  0.04337357   -0.06046698  0.06157953
    2    2
  0.24632224  0.00000000   -0.00630984  0.00768112    0.00586890  0.00000000
 -0.00630984 -0.00768112    0.29761388  0.00000000   -0.00630984 -0.00768112
  0.00586890  0.00000000   -0.00630984  0.00768112    0.24632224  0.00000000

     Dynamical  Matrix in cartesian axes

     q = (   -0.250000000   0.750000000  -0.750000000 ) 

    1    1
  0.29761388  0.00000000   -0.00630984  0.00768112    0.00630984 -0.00768112
 -0.00630984 -0.00768112    0.24632224  0.00000000   -0.00586890  0.00000000
  0.00630984  0.00768112   -0.00586890  0.00000000    0.24632224  0.00000000
    1    2
 -0.08003816  0.05884296   -0.04337357  0.04097551    0.04337357 -0.04097551
 -0.04337357  0.04097551   -0.06157953  0.06046698   -0.13554903 -0.04134093
  0.04337357 -0.04097551   -0.13554903 -0.04134093   -0.06157953  0.06046698
    2    1
 -0.08003816 -0.05884296   -0.04337357 -0.04097551    0.04337357  0.04097551
 -0.04337357 -0.04097551   -0.06157953 -0.06046698   -0.13554903  0.04134093
  0.04337357  0.04097551   -0.13554903  0.04134093   -0.06157953 -0.06046698
    2    2
  0.29761388  0.00000000   -0.00630984 -0.00768112    0.00630984  0.00768112
 -0.00630984  0.00768112    0.24632224  0.00000000   -0.00586890  0.00000000
  0.00630984 -0.00768112   -0.00586890  0.00000000    0.24632224  0.00000000

     Dynamical  Matrix in cartesian axes

     q = (   -0.750000000   0.750000000  -0.250000000 ) 

    1    1
  0.24632224  0.00000000   -0.00586890  0.00000000    0.00630984  0.00768112
 -0.00586890  0.00000000    0.24632224  0.00000000   -0.00630984 -0.00768112
  0.00630984 -0.00768112   -0.00630984  0.00768112    0.29761388  0.00000000
    1    2
 -0.06157953  0.06046698   -0.13554903 -0.04134093    0.04337357 -0.04097551
 -0.13554903 -0.04134093   -0.06157953  0.06046698   -0.04337357  0.04097551
  0.04337357 -0.04097551   -0.04337357  0.04097551   -0.08003816  0.05884296
    2    1
 -0.06157953 -0.06046698   -0.13554903  0.04134093    0.04337357  0.04097551
 -0.13554903  0.04134093   -0.06157953 -0.06046698   -0.04337357 -0.04097551
  0.04337357  0.04097551   -0.04337357 -0.04097551   -0.08003816 -0.05884296
    2    2
  0.24632224  0.00000000   -0.00586890  0.00000000    0.00630984 -0.00768112
 -0.00586890  0.00000000    0.24632224  0.00000000   -0.00630984  0.00768112
  0.00630984  0.00768112   -0.00630984 -0.00768112    0.29761388  0.00000000

     Dynamical  Matrix in cartesian axes

     q = (    0.750000000   0.250000000   0.750000000 ) 

    1    1
  0.24632224  0.00000000    0.00630984  0.00768112    0.00586890  0.00000000
  0.00630984 -0.00768112    0.29761388  0.00000000    0.00630984 -0.00768112
  0.00586890  0.00000000    0.00630984  0.00768112    0.24632224  0.00000000
    1    2
  0.06157953 -0.06046698   -0.04337357  0.04097551   -0.13554903 -0.04134093
 -0.04337357  0.04097551    0.08003816 -0.05884296   -0.04337357  0.04097551
 -0.13554903 -0.04134093   -0.04337357  0.04097551    0.06157953 -0.06046698
    2    1
  0.06157953  0.06046698   -0.04337357 -0.04097551   -0.13554903  0.04134093
 -0.04337357 -0.04097551    0.08003816  0.05884296   -0.04337357 -0.04097551
 -0.13554903  0.04134093   -0.04337357 -0.04097551    0.06157953  0.06046698
    2    2
  0.24632224  0.00000000    0.00630984 -0.00768112    0.00586890  0.00000000
  0.00630984  0.00768112    0.29761388  0.00000000    0.00630984  0.00768112
  0.00586890  0.00000000    0.00630984 -0.00768112    0.24632224  0.00000000

     Dynamical  Matrix in cartesian axes

     q = (   -0.750000000   0.250000000   0.750000000 ) 

    1    1
  0.24632224  0.00000000   -0.00630984  0.00768112   -0.00586890  0.00000000
 -0.00630984 -0.00768112    0.29761388  0.00000000    0.00630984  0.00768112
 -0.00586890  0.00000000    0.00630984 -0.00768112    0.24632224  0.00000000
    1    2
 -0.06157953 -0.06046698   -0.04337357 -0.04097551   -0.13554903  0.04134093
 -0.04337357 -0.04097551   -0.08003816 -0.05884296    0.04337357  0.04097551
 -0.13554903  0.04134093    0.04337357  0.04097551   -0.06157953 -0.06046698
    2    1
 -0.06157953  0.06046698   -0.04337357  0.04097551   -0.13554903 -0.04134093
 -0.04337357  0.04097551   -0.08003816  0.05884296    0.04337357 -0.04097551
 -0.13554903 -0.04134093    0.04337357 -0.04097551   -0.06157953  0.06046698
    2    2
  0.24632224  0.00000000   -0.00630984 -0.00768112   -0.00586890  0.00000000
 -0.00630984  0.00768112    0.29761388  0.00000000    0.00630984 -0.00768112
 -0.00586890  0.00000000    0.00630984  0.00768112    0.24632224  0.00000000

     Dynamical  Matrix in cartesian axes

     q = (    0.750000000   0.250000000  -0.750000000 ) 

    1    1
  0.24632224  0.00000000    0.00630984 -0.00768112   -0.00586890  0.00000000
  0.00630984  0.00768112    0.29761388  0.00000000   -0.00630984 -0.00768112
 -0.00586890  0.00000000   -0.00630984  0.00768112    0.24632224  0.00000000
    1    2
 -0.06157953 -0.06046698    0.04337357  0.04097551   -0.13554903  0.04134093
  0.04337357  0.04097551   -0.08003816 -0.05884296   -0.04337357 -0.04097551
 -0.13554903  0.04134093   -0.04337357 -0.04097551   -0.06157953 -0.06046698
    2    1
 -0.06157953  0.06046698    0.04337357 -0.04097551   -0.13554903 -0.04134093
  0.04337357 -0.04097551   -0.08003816  0.05884296   -0.04337357  0.04097551
 -0.13554903 -0.04134093   -0.04337357  0.04097551   -0.06157953  0.06046698
    2    2
  0.24632224  0.00000000    0.00630984  0.00768112   -0.00586890  0.00000000
  0.00630984 -0.00768112    0.29761388  0.00000000   -0.00630984  0.00768112
 -0.00586890  0.00000000   -0.00630984 -0.00768112    0.24632224  0.00000000

     Dynamical  Matrix in cartesian axes

     q = (   -0.750000000   0.750000000   0.250000000 ) 

    1    1
  0.24632224  0.00000000   -0.00586890  0.00000000   -0.00630984  0.00768112
 -0.00586890  0.00000000    0.24632224  0.00000000    0.00630984 -0.00768112
 -0.00630984 -0.00768112    0.00630984  0.00768112    0.29761388  0.00000000
    1    2
 -0.06157953 -0.06046698   -0.13554903  0.04134093   -0.04337357 -0.04097551
 -0.13554903  0.04134093   -0.06157953 -0.06046698    0.04337357  0.04097551
 -0.04337357 -0.04097551    0.04337357  0.04097551   -0.08003816 -0.05884296
    2    1
 -0.06157953  0.06046698   -0.13554903 -0.04134093   -0.04337357  0.04097551
 -0.13554903 -0.04134093   -0.06157953  0.06046698    0.04337357 -0.04097551
 -0.04337357  0.04097551    0.04337357 -0.04097551   -0.08003816  0.05884296
    2    2
  0.24632224  0.00000000   -0.00586890  0.00000000   -0.00630984 -0.00768112
 -0.00586890  0.00000000    0.24632224  0.00000000    0.00630984  0.00768112
 -0.00630984  0.00768112    0.00630984 -0.00768112    0.29761388  0.00000000

     Dynamical  Matrix in cartesian axes

     q = (   -0.250000000   0.750000000   0.750000000 ) 

    1    1
  0.29761388  0.00000000   -0.00630984 -0.00768112   -0.00630984 -0.00768112
 -0.00630984  0.00768112    0.24632224  0.00000000    0.00586890  0.00000000
 -0.00630984  0.00768112    0.00586890  0.00000000    0.24632224  0.00000000
    1    2
 -0.05884296  0.08003816   -0.04097551  0.04337357   -0.04097551  0.04337357
 -0.04097551  0.04337357   -0.06046698  0.06157953   -0.04134093 -0.13554903
 -0.04097551  0.04337357   -0.04134093 -0.13554903   -0.06046698  0.06157953
    2    1
 -0.05884296 -0.08003816   -0.04097551 -0.04337357   -0.04097551 -0.04337357
 -0.04097551 -0.04337357   -0.06046698 -0.06157953   -0.04134093  0.13554903
 -0.04097551 -0.04337357   -0.04134093  0.13554903   -0.06046698 -0.06157953
    2    2
  0.29761388  0.00000000   -0.00630984  0.00768112   -0.00630984  0.00768112
 -0.00630984 -0.00768112    0.24632224  0.00000000    0.00586890  0.00000000
 -0.00630984 -0.00768112    0.00586890  0.00000000    0.24632224  0.00000000

     Dynamical  Matrix in cartesian axes

     q = (    0.250000000   0.750000000  -0.750000000 ) 

    1    1
  0.29761388  0.00000000    0.00630984  0.00768112   -0.00630984 -0.00768112
  0.00630984 -0.00768112    0.24632224  0.00000000   -0.00586890  0.00000000
 -0.00630984  0.00768112   -0.00586890  0.00000000    0.24632224  0.00000000
    1    2
 -0.08003816 -0.05884296    0.04337357  0.04097551   -0.04337357 -0.04097551
  0.04337357  0.04097551   -0.06157953 -0.06046698   -0.13554903  0.04134093
 -0.04337357 -0.04097551   -0.13554903  0.04134093   -0.06157953 -0.06046698
    2    1
 -0.08003816  0.05884296    0.04337357 -0.04097551   -0.04337357  0.04097551
  0.04337357 -0.04097551   -0.06157953  0.06046698   -0.13554903 -0.04134093
 -0.04337357  0.04097551   -0.13554903 -0.04134093   -0.06157953  0.06046698
    2    2
  0.29761388  0.00000000    0.00630984 -0.00768112   -0.00630984  0.00768112
  0.00630984  0.00768112    0.24632224  0.00000000   -0.00586890  0.00000000
 -0.00630984 -0.00768112   -0.00586890  0.00000000    0.24632224  0.00000000

     Dynamical  Matrix in cartesian axes

     q = (   -0.250000000  -0.750000000  -0.750000000 ) 

    1    1
  0.29761388  0.00000000    0.00630984  0.00768112    0.00630984  0.00768112
  0.00630984 -0.00768112    0.24632224  0.00000000    0.00586890  0.00000000
  0.00630984 -0.00768112    0.00586890  0.00000000    0.24632224  0.00000000
    1    2
  0.08003816  0.05884296   -0.04337357 -0.04097551   -0.04337357 -0.04097551
 -0.04337357 -0.04097551    0.06157953  0.06046698   -0.13554903  0.04134093
 -0.04337357 -0.04097551   -0.13554903  0.04134093    0.06157953  0.06046698
    2    1
  0.08003816 -0.05884296   -0.04337357  0.04097551   -0.04337357  0.04097551
 -0.04337357  0.04097551    0.06157953 -0.06046698   -0.13554903 -0.04134093
 -0.04337357  0.04097551   -0.13554903 -0.04134093    0.06157953 -0.06046698
    2    2
  0.29761388  0.00000000    0.00630984 -0.00768112    0.00630984 -0.00768112
  0.00630984  0.00768112    0.24632224  0.00000000    0.00586890  0.00000000
  0.00630984  0.00768112    0.00586890  0.00000000    0.24632224  0.00000000

     Dynamical  Matrix in cartesian axes

     q = (    0.750000000   0.750000000  -0.250000000 ) 

    1    1
  0.24632224  0.00000000    0.00586890  0.00000000   -0.00630984  0.00768112
  0.00586890  0.00000000    0.24632224  0.00000000   -0.00630984  0.00768112
 -0.00630984 -0.00768112   -0.00630984 -0.00768112    0.29761388  0.00000000
    1    2
 -0.06046698  0.06157953   -0.04134093 -0.13554903   -0.04097551  0.04337357
 -0.04134093 -0.13554903   -0.06046698  0.06157953   -0.04097551  0.04337357
 -0.04097551  0.04337357   -0.04097551  0.04337357   -0.05884296  0.08003816
    2    1
 -0.06046698 -0.06157953   -0.04134093  0.13554903   -0.04097551 -0.04337357
 -0.04134093  0.13554903   -0.06046698 -0.06157953   -0.04097551 -0.04337357
 -0.04097551 -0.04337357   -0.04097551 -0.04337357   -0.05884296 -0.08003816
    2    2
  0.24632224  0.00000000    0.00586890  0.00000000   -0.00630984 -0.00768112
  0.00586890  0.00000000    0.24632224  0.00000000   -0.00630984 -0.00768112
 -0.00630984  0.00768112   -0.00630984  0.00768112    0.29761388  0.00000000

     Dynamical  Matrix in cartesian axes

     q = (    0.750000000  -0.750000000   0.250000000 ) 

    1    1
  0.24632224  0.00000000   -0.00586890  0.00000000    0.00630984 -0.00768112
 -0.00586890  0.00000000    0.24632224  0.00000000   -0.00630984  0.00768112
  0.00630984  0.00768112   -0.00630984 -0.00768112    0.29761388  0.00000000
    1    2
 -0.06157953 -0.06046698   -0.13554903  0.04134093    0.04337357  0.04097551
 -0.13554903  0.04134093   -0.06157953 -0.06046698   -0.04337357 -0.04097551
  0.04337357  0.04097551   -0.04337357 -0.04097551   -0.08003816 -0.05884296
    2    1
 -0.06157953  0.06046698   -0.13554903 -0.04134093    0.04337357 -0.04097551
 -0.13554903 -0.04134093   -0.06157953  0.06046698   -0.04337357  0.04097551
  0.04337357 -0.04097551   -0.04337357  0.04097551   -0.08003816  0.05884296
    2    2
  0.24632224  0.00000000   -0.00586890  0.00000000    0.00630984  0.00768112
 -0.00586890  0.00000000    0.24632224  0.00000000   -0.00630984 -0.00768112
  0.00630984 -0.00768112   -0.00630984  0.00768112    0.29761388  0.00000000

     Dynamical  Matrix in cartesian axes

     q = (   -0.750000000  -0.750000000  -0.250000000 ) 

    1    1
  0.24632224  0.00000000    0.00586890  0.00000000    0.00630984 -0.00768112
  0.00586890  0.00000000    0.24632224  0.00000000    0.00630984 -0.00768112
  0.00630984  0.00768112    0.00630984  0.00768112    0.29761388  0.00000000
    1    2
  0.06157953  0.06046698   -0.13554903  0.04134093   -0.04337357 -0.04097551
 -0.13554903  0.04134093    0.06157953  0.06046698   -0.04337357 -0.04097551
 -0.04337357 -0.04097551   -0.04337357 -0.04097551    0.08003816  0.05884296
    2    1
  0.06157953 -0.06046698   -0.13554903 -0.04134093   -0.04337357  0.04097551
 -0.13554903 -0.04134093    0.06157953 -0.06046698   -0.04337357  0.04097551
 -0.04337357  0.04097551   -0.04337357  0.04097551    0.08003816 -0.05884296
    2    2
  0.24632224  0.00000000    0.00586890  0.00000000    0.00630984  0.00768112
  0.00586890  0.00000000    0.24632224  0.00000000    0.00630984  0.00768112
  0.00630984 -0.00768112    0.00630984 -0.00768112    0.29761388  0.00000000

     Dynamical  Matrix in cartesian axes

     q = (    0.250000000  -0.750000000   0.750000000 ) 

    1    1
  0.29761388  0.00000000   -0.00630984 -0.00768112    0.00630984  0.00768112
 -0.00630984  0.00768112    0.24632224  0.00000000   -0.00586890  0.00000000
  0.00630984 -0.00768112   -0.00586890  0.00000000    0.24632224  0.00000000
    1    2
 -0.08003816 -0.05884296   -0.04337357 -0.04097551    0.04337357  0.04097551
 -0.04337357 -0.04097551   -0.06157953 -0.06046698   -0.13554903  0.04134093
  0.04337357  0.04097551   -0.13554903  0.04134093   -0.06157953 -0.06046698
    2    1
 -0.08003816  0.05884296   -0.04337357  0.04097551    0.04337357 -0.04097551
 -0.04337357  0.04097551   -0.06157953  0.06046698   -0.13554903 -0.04134093
  0.04337357 -0.04097551   -0.13554903 -0.04134093   -0.06157953  0.06046698
    2    2
  0.29761388  0.00000000   -0.00630984  0.00768112    0.00630984 -0.00768112
 -0.00630984 -0.00768112    0.24632224  0.00000000   -0.00586890  0.00000000
  0.00630984  0.00768112   -0.00586890  0.00000000    0.24632224  0.00000000

     Dynamical  Matrix in cartesian axes

     q = (   -0.750000000  -0.750000000   0.250000000 ) 

    1    1
  0.24632224  0.00000000    0.00586890  0.00000000   -0.00630984 -0.00768112
  0.00586890  0.00000000    0.24632224  0.00000000   -0.00630984 -0.00768112
 -0.00630984  0.00768112   -0.00630984  0.00768112    0.29761388  0.00000000
    1    2
 -0.06046698 -0.06157953   -0.04134093  0.13554903   -0.04097551 -0.04337357
 -0.04134093  0.13554903   -0.06046698 -0.06157953   -0.04097551 -0.04337357
 -0.04097551 -0.04337357   -0.04097551 -0.04337357   -0.05884296 -0.08003816
    2    1
 -0.06046698  0.06157953   -0.04134093 -0.13554903   -0.04097551  0.04337357
 -0.04134093 -0.13554903   -0.06046698  0.06157953   -0.04097551  0.04337357
 -0.04097551  0.04337357   -0.04097551  0.04337357   -0.05884296  0.08003816
    2    2
  0.24632224  0.00000000    0.00586890  0.00000000   -0.00630984  0.00768112
  0.00586890  0.00000000    0.24632224  0.00000000   -0.00630984  0.00768112
 -0.00630984 -0.00768112   -0.00630984 -0.00768112    0.29761388  0.00000000

     Dynamical  Matrix in cartesian axes

     q = (    0.250000000   0.750000000   0.750000000 ) 

    1    1
  0.29761388  0.00000000    0.00630984 -0.00768112    0.00630984 -0.00768112
  0.00630984  0.00768112    0.24632224  0.00000000    0.00586890  0.00000000
  0.00630984  0.00768112    0.00586890  0.00000000    0.24632224  0.00000000
    1    2
  0.08003816 -0.05884296   -0.04337357  0.04097551   -0.04337357  0.04097551
 -0.04337357  0.04097551    0.06157953 -0.06046698   -0.13554903 -0.04134093
 -0.04337357  0.04097551   -0.13554903 -0.04134093    0.06157953 -0.06046698
    2    1
  0.08003816  0.05884296   -0.04337357 -0.04097551   -0.04337357 -0.04097551
 -0.04337357 -0.04097551    0.06157953  0.06046698   -0.13554903  0.04134093
 -0.04337357 -0.04097551   -0.13554903  0.04134093    0.06157953  0.06046698
    2    2
  0.29761388  0.00000000    0.00630984  0.00768112    0.00630984  0.00768112
  0.00630984 -0.00768112    0.24632224  0.00000000    0.00586890  0.00000000
  0.00630984 -0.00768112    0.00586890  0.00000000    0.24632224  0.00000000

     Dynamical  Matrix in cartesian axes

     q = (   -0.250000000  -0.750000000   0.750000000 ) 

    1    1
  0.29761388  0.00000000    0.00630984 -0.00768112   -0.00630984  0.00768112
  0.00630984  0.00768112    0.24632224  0.00000000   -0.00586890  0.00000000
 -0.00630984 -0.00768112   -0.00586890  0.00000000    0.24632224  0.00000000
    1    2
 -0.08003816  0.05884296    0.04337357 -0.04097551   -0.04337357  0.04097551
  0.04337357 -0.04097551   -0.06157953  0.06046698   -0.13554903 -0.04134093
 -0.04337357  0.04097551   -0.13554903 -0.04134093   -0.06157953  0.06046698
    2    1
 -0.08003816 -0.05884296    0.04337357  0.04097551   -0.04337357 -0.04097551
  0.04337357  0.04097551   -0.06157953 -0.06046698   -0.13554903  0.04134093
 -0.04337357 -0.04097551   -0.13554903  0.04134093   -0.06157953 -0.06046698
    2    2
  0.29761388  0.00000000    0.00630984  0.00768112   -0.00630984 -0.00768112
  0.00630984 -0.00768112    0.24632224  0.00000000   -0.00586890  0.00000000
 -0.00630984  0.00768112   -0.00586890  0.00000000    0.24632224  0.00000000

     Dynamical  Matrix in cartesian axes

     q = (    0.750000000   0.750000000   0.250000000 ) 

    1    1
  0.24632224  0.00000000    0.00586890  0.00000000    0.00630984  0.00768112
  0.00586890  0.00000000    0.24632224  0.00000000    0.00630984  0.00768112
  0.00630984 -0.00768112    0.00630984 -0.00768112    0.29761388  0.00000000
    1    2
  0.06157953 -0.06046698   -0.13554903 -0.04134093   -0.04337357  0.04097551
 -0.13554903 -0.04134093    0.06157953 -0.06046698   -0.04337357  0.04097551
 -0.04337357  0.04097551   -0.04337357  0.04097551    0.08003816 -0.05884296
    2    1
  0.06157953  0.06046698   -0.13554903  0.04134093   -0.04337357 -0.04097551
 -0.13554903  0.04134093    0.06157953  0.06046698   -0.04337357 -0.04097551
 -0.04337357 -0.04097551   -0.04337357 -0.04097551    0.08003816  0.05884296
    2    2
  0.24632224  0.00000000    0.00586890  0.00000000    0.00630984 -0.00768112
  0.00586890  0.00000000    0.24632224  0.00000000    0.00630984 -0.00768112
  0.00630984  0.00768112    0.00630984  0.00768112    0.29761388  0.00000000

     Dynamical  Matrix in cartesian axes

     q = (    0.250000000  -0.750000000  -0.750000000 ) 

    1    1
  0.29761388  0.00000000   -0.00630984  0.00768112   -0.00630984  0.00768112
 -0.00630984 -0.00768112    0.24632224  0.00000000    0.00586890  0.00000000
 -0.00630984 -0.00768112    0.00586890  0.00000000    0.24632224  0.00000000
    1    2
 -0.05884296 -0.08003816   -0.04097551 -0.04337357   -0.04097551 -0.04337357
 -0.04097551 -0.04337357   -0.06046698 -0.06157953   -0.04134093  0.13554903
 -0.04097551 -0.04337357   -0.04134093  0.13554903   -0.06046698 -0.06157953
    2    1
 -0.05884296  0.08003816   -0.04097551  0.04337357   -0.04097551  0.04337357
 -0.04097551  0.04337357   -0.06046698  0.06157953   -0.04134093 -0.13554903
 -0.04097551  0.04337357   -0.04134093 -0.13554903   -0.06046698  0.06157953
    2    2
  0.29761388  0.00000000   -0.00630984 -0.00768112   -0.00630984 -0.00768112
 -0.00630984  0.00768112    0.24632224  0.00000000    0.00586890  0.00000000
 -0.00630984  0.00768112    0.00586890  0.00000000    0.24632224  0.00000000

     Dynamical  Matrix in cartesian axes

     q = (    0.750000000  -0.750000000  -0.250000000 ) 

    1    1
  0.24632224  0.00000000   -0.00586890  0.00000000   -0.00630984 -0.00768112
 -0.00586890  0.00000000    0.24632224  0.00000000    0.00630984  0.00768112
 -0.00630984  0.00768112    0.00630984 -0.00768112    0.29761388  0.00000000
    1    2
 -0.06157953  0.06046698   -0.13554903 -0.04134093   -0.04337357  0.04097551
 -0.13554903 -0.04134093   -0.06157953  0.06046698    0.04337357 -0.04097551
 -0.04337357  0.04097551    0.04337357 -0.04097551   -0.08003816  0.05884296
    2    1
 -0.06157953 -0.06046698   -0.13554903  0.04134093   -0.04337357 -0.04097551
 -0.13554903  0.04134093   -0.06157953 -0.06046698    0.04337357  0.04097551
 -0.04337357 -0.04097551    0.04337357  0.04097551   -0.08003816 -0.05884296
    2    2
  0.24632224  0.00000000   -0.00586890  0.00000000   -0.00630984  0.00768112
 -0.00586890  0.00000000    0.24632224  0.00000000    0.00630984 -0.00768112
 -0.00630984 -0.00768112    0.00630984  0.00768112    0.29761388  0.00000000

     Diagonalizing the dynamical matrix

     q = (    0.750000000  -0.250000000   0.750000000 ) 

 **************************************************************************
     freq (    1) =       4.233928 [THz] =     141.228621 [cm-1]
 (  0.048285 -0.497663 -0.000000  0.000000 -0.048285  0.497663 ) 
 (  0.500000  0.000000 -0.000000  0.000000 -0.500000  0.000000 ) 
     freq (    2) =       5.880653 [THz] =     196.157478 [cm-1]
 ( -0.390552 -0.162568 -0.344113  0.153843 -0.390552 -0.162568 ) 
 ( -0.423036 -0.000000 -0.258569 -0.274269 -0.423036  0.000000 ) 
     freq (    3) =       9.370106 [THz] =     312.553092 [cm-1]
 (  0.115132 -0.288978  0.381109  0.401532  0.115132 -0.288978 ) 
 ( -0.311069 -0.000000  0.231963  0.502659 -0.311069  0.000000 ) 
     freq (    4) =      12.090279 [THz] =     403.288286 [cm-1]
 (  0.079987  0.318446 -0.403266 -0.348948  0.079987  0.318446 ) 
 ( -0.328338  0.000000  0.436675  0.306109 -0.328338  0.000000 ) 
     freq (    5) =      13.616127 [THz] =     454.185095 [cm-1]
 (  0.048285 -0.497663  0.000000 -0.000000 -0.048285  0.497663 ) 
 ( -0.500000  0.000000 -0.000000 -0.000000  0.500000  0.000000 ) 
     freq (    6) =      14.012640 [THz] =     467.411347 [cm-1]
 ( -0.302219 -0.158539 -0.467151  0.220971 -0.302219 -0.158539 ) 
 (  0.341278 -0.000000  0.311035  0.412693  0.341278 -0.000000 ) 
 **************************************************************************
