Dynamical matrix file
                                                                           
  1    2  2 10.2820000  0.0000000  0.0000000  0.0000000  0.0000000  0.0000000
           1  'Si  '    25598.822984527003     
    1    1      0.0000000000      0.0000000000      0.0000000000
    2    1      0.2500000000      0.2500000000      0.2500000000

     Dynamical  Matrix in cartesian axes

     q = (   -0.250000000   0.250000000  -0.250000000 ) 

    1    1
  0.27782993 -0.00000000   -0.01196940  0.00000000    0.01196940 -0.00000000
 -0.01196940  0.00000000    0.27782993 -0.00000000   -0.01196940  0.00000000
  0.01196940 -0.00000000   -0.01196940  0.00000000    0.27782993 -0.00000000
    1    2
 -0.20654344 -0.06009368   -0.04071806  0.04232009    0.04071806 -0.04232009
 -0.04071806  0.04232009   -0.20654344 -0.06009368   -0.04071806  0.04232009
  0.04071806 -0.04232009   -0.04071806  0.04232009   -0.20654344 -0.06009368
    2    1
 -0.20654344  0.06009368   -0.04071806 -0.04232009    0.04071806  0.04232009
 -0.04071806 -0.04232009   -0.20654344  0.06009368   -0.04071806 -0.04232009
  0.04071806  0.04232009   -0.04071806 -0.04232009   -0.20654344  0.06009368
    2    2
  0.27782993  0.00000000   -0.01196940  0.00000000    0.01196940 -0.00000000
 -0.01196940  0.00000000    0.27782993  0.00000000   -0.01196940 -0.00000000
  0.01196940  0.00000000   -0.01196940  0.00000000    0.27782993  0.00000000

     Dynamical  Matrix in cartesian axes

     q = (    0.250000000  -0.250000000  -0.250000000 ) 

    1    1
  0.27782993 -0.00000000   -0.01196940 -0.00000000   -0.01196940 -0.00000000
 -0.01196940 -0.00000000    0.27782993 -0.00000000    0.01196940  0.00000000
 -0.01196940 -0.00000000    0.01196940  0.00000000    0.27782993 -0.00000000
    1    2
 -0.20654344 -0.06009368   -0.04071806  0.04232009   -0.04071806  0.04232009
 -0.04071806  0.04232009   -0.20654344 -0.06009368    0.04071806 -0.04232009
 -0.04071806  0.04232009    0.04071806 -0.04232009   -0.20654344 -0.06009368
    2    1
 -0.20654344  0.06009368   -0.04071806 -0.04232009   -0.04071806 -0.04232009
 -0.04071806 -0.04232009   -0.20654344  0.06009368    0.04071806  0.04232009
 -0.04071806 -0.04232009    0.04071806  0.04232009   -0.20654344  0.06009368
    2    2
  0.27782993  0.00000000   -0.01196940  0.00000000   -0.01196940  0.00000000
 -0.01196940  0.00000000    0.27782993  0.00000000    0.01196940  0.00000000
 -0.01196940  0.00000000    0.01196940  0.00000000    0.27782993  0.00000000

     Dynamical  Matrix in cartesian axes

     q = (    0.250000000  -0.250000000   0.250000000 ) 

    1    1
  0.27782993  0.00000000   -0.01196940  0.00000000    0.01196940 -0.00000000
 -0.01196940  0.00000000    0.27782993  0.00000000   -0.01196940 -0.00000000
  0.01196940  0.00000000   -0.01196940  0.00000000    0.27782993  0.00000000
    1    2
 -0.20654344  0.06009368   -0.04071806 -0.04232009    0.04071806  0.04232009
 -0.04071806 -0.04232009   -0.20654344  0.06009368   -0.04071806 -0.04232009
  0.04071806  0.04232009   -0.04071806 -0.04232009   -0.20654344  0.06009368
    2    1
 -0.20654344 -0.06009368   -0.04071806  0.04232009    0.04071806 -0.04232009
 -0.04071806  0.04232009   -0.20654344 -0.06009368   -0.04071806  0.04232009
  0.04071806 -0.04232009   -0.04071806  0.04232009   -0.20654344 -0.06009368
    2    2
  0.27782993 -0.00000000   -0.01196940  0.00000000    0.01196940 -0.00000000
 -0.01196940  0.00000000    0.27782993 -0.00000000   -0.01196940  0.00000000
  0.01196940 -0.00000000   -0.01196940  0.00000000    0.27782993 -0.00000000

     Dynamical  Matrix in cartesian axes

     q = (    0.250000000   0.250000000   0.250000000 ) 

    1    1
  0.27782993 -0.00000000    0.01196940 -0.00000000    0.01196940 -0.00000000
  0.01196940 -0.00000000    0.27782993 -0.00000000    0.01196940  0.00000000
  0.01196940 -0.00000000    0.01196940  0.00000000    0.27782993 -0.00000000
    1    2
 -0.06009368  0.20654344   -0.04232009 -0.04071806   -0.04232009 -0.04071806
 -0.04232009 -0.04071806   -0.06009368  0.20654344   -0.04232009 -0.04071806
 -0.04232009 -0.04071806   -0.04232009 -0.04071806   -0.06009368  0.20654344
    2    1
 -0.06009368 -0.20654344   -0.04232009  0.04071806   -0.04232009  0.04071806
 -0.04232009  0.04071806   -0.06009368 -0.20654344   -0.04232009  0.04071806
 -0.04232009  0.04071806   -0.04232009  0.04071806   -0.06009368 -0.20654344
    2    2
  0.27782993  0.00000000    0.01196940  0.00000000    0.01196940  0.00000000
  0.01196940  0.00000000    0.27782993  0.00000000    0.01196940 -0.00000000
  0.01196940 -0.00000000    0.01196940 -0.00000000    0.27782993  0.00000000

     Dynamical  Matrix in cartesian axes

     q = (   -0.250000000  -0.250000000  -0.250000000 ) 

    1    1
  0.27782993  0.00000000    0.01196940  0.00000000    0.01196940  0.00000000
  0.01196940  0.00000000    0.27782993  0.00000000    0.01196940 -0.00000000
  0.01196940 -0.00000000    0.01196940 -0.00000000    0.27782993  0.00000000
    1    2
 -0.06009368 -0.20654344   -0.04232009  0.04071806   -0.04232009  0.04071806
 -0.04232009  0.04071806   -0.06009368 -0.20654344   -0.04232009  0.04071806
 -0.04232009  0.04071806   -0.04232009  0.04071806   -0.06009368 -0.20654344
    2    1
 -0.06009368  0.20654344   -0.04232009 -0.04071806   -0.04232009 -0.04071806
 -0.04232009 -0.04071806   -0.06009368  0.20654344   -0.04232009 -0.04071806
 -0.04232009 -0.04071806   -0.04232009 -0.04071806   -0.06009368  0.20654344
    2    2
  0.27782993 -0.00000000    0.01196940 -0.00000000    0.01196940 -0.00000000
  0.01196940 -0.00000000    0.27782993 -0.00000000    0.01196940  0.00000000
  0.01196940 -0.00000000    0.01196940  0.00000000    0.27782993 -0.00000000

     Dynamical  Matrix in cartesian axes

     q = (   -0.250000000  -0.250000000   0.250000000 ) 

    1    1
  0.27782993 -0.00000000    0.01196940 -0.00000000   -0.01196940  0.00000000
  0.01196940 -0.00000000    0.27782993 -0.00000000   -0.01196940  0.00000000
 -0.01196940  0.00000000   -0.01196940  0.00000000    0.27782993 -0.00000000
    1    2
 -0.20654344 -0.06009368    0.04071806 -0.04232009   -0.04071806  0.04232009
  0.04071806 -0.04232009   -0.20654344 -0.06009368   -0.04071806  0.04232009
 -0.04071806  0.04232009   -0.04071806  0.04232009   -0.20654344 -0.06009368
    2    1
 -0.20654344  0.06009368    0.04071806  0.04232009   -0.04071806 -0.04232009
  0.04071806  0.04232009   -0.20654344  0.06009368   -0.04071806 -0.04232009
 -0.04071806 -0.04232009   -0.04071806 -0.04232009   -0.20654344  0.06009368
    2    2
  0.27782993  0.00000000    0.01196940  0.00000000   -0.01196940  0.00000000
  0.01196940  0.00000000    0.27782993  0.00000000   -0.01196940  0.00000000
 -0.01196940  0.00000000   -0.01196940  0.00000000    0.27782993  0.00000000

     Dynamical  Matrix in cartesian axes

     q = (   -0.250000000   0.250000000   0.250000000 ) 

    1    1
  0.27782993  0.00000000   -0.01196940  0.00000000   -0.01196940  0.00000000
 -0.01196940  0.00000000    0.27782993  0.00000000    0.01196940  0.00000000
 -0.01196940  0.00000000    0.01196940  0.00000000    0.27782993  0.00000000
    1    2
 -0.20654344  0.06009368   -0.04071806 -0.04232009   -0.04071806 -0.04232009
 -0.04071806 -0.04232009   -0.20654344  0.06009368    0.04071806  0.04232009
 -0.04071806 -0.04232009    0.04071806  0.04232009   -0.20654344  0.06009368
    2    1
 -0.20654344 -0.06009368   -0.04071806  0.04232009   -0.04071806  0.04232009
 -0.04071806  0.04232009   -0.20654344 -0.06009368    0.04071806 -0.04232009
 -0.04071806  0.04232009    0.04071806 -0.04232009   -0.20654344 -0.06009368
    2    2
  0.27782993 -0.00000000   -0.01196940 -0.00000000   -0.01196940 -0.00000000
 -0.01196940 -0.00000000    0.27782993 -0.00000000    0.01196940  0.00000000
 -0.01196940 -0.00000000    0.01196940  0.00000000    0.27782993 -0.00000000

     Dynamical  Matrix in cartesian axes

     q = (    0.250000000   0.250000000  -0.250000000 ) 

    1    1
  0.27782993  0.00000000    0.01196940  0.00000000   -0.01196940  0.00000000
  0.01196940  0.00000000    0.27782993  0.00000000   -0.01196940  0.00000000
 -0.01196940  0.00000000   -0.01196940  0.00000000    0.27782993  0.00000000
    1    2
 -0.20654344  0.06009368    0.04071806  0.04232009   -0.04071806 -0.04232009
  0.04071806  0.04232009   -0.20654344  0.06009368   -0.04071806 -0.04232009
 -0.04071806 -0.04232009   -0.04071806 -0.04232009   -0.20654344  0.06009368
    2    1
 -0.20654344 -0.06009368    0.04071806 -0.04232009   -0.04071806  0.04232009
  0.04071806 -0.04232009   -0.20654344 -0.06009368   -0.04071806  0.04232009
 -0.04071806  0.04232009   -0.04071806  0.04232009   -0.20654344 -0.06009368
    2    2
  0.27782993 -0.00000000    0.01196940 -0.00000000   -0.01196940  0.00000000
  0.01196940 -0.00000000    0.27782993 -0.00000000   -0.01196940  0.00000000
 -0.01196940  0.00000000   -0.01196940  0.00000000    0.27782993 -0.00000000

     Diagonalizing the dynamical matrix

     q = (   -0.250000000   0.250000000  -0.250000000 ) 

 **************************************************************************
     freq (    1) =       2.755693 [THz] =      91.920031 [cm-1]
 (  0.359840 -0.129058  0.551156 -0.115306  0.191316  0.013752 ) 
 (  0.349661 -0.154525  0.541471 -0.154525  0.191810  0.000000 ) 
     freq (    2) =       2.755693 [THz] =      91.920031 [cm-1]
 ( -0.432018  0.023515  0.111137  0.062558  0.543156  0.039043 ) 
 ( -0.429221  0.054429  0.115336  0.054429  0.544557  0.000000 ) 
     freq (    3) =       6.833827 [THz] =     227.951916 [cm-1]
 ( -0.266973 -0.308856  0.266973  0.308856 -0.266973 -0.308856 ) 
 ( -0.408248  0.000000  0.408248 -0.000000 -0.408248  0.000000 ) 
     freq (    4) =      14.438544 [THz] =     481.618002 [cm-1]
 ( -0.266973 -0.308856  0.266973  0.308856 -0.266973 -0.308856 ) 
 (  0.408248 -0.000000 -0.408248  0.000000  0.408248  0.000000 ) 
     freq (    5) =      14.738225 [THz] =     491.614274 [cm-1]
 ( -0.019546 -0.499613 -0.019633 -0.499619 -0.000087 -0.000006 ) 
 (  0.055316  0.496926  0.055404  0.496926  0.000087  0.000000 ) 
     freq (    6) =      14.738225 [THz] =     491.614274 [cm-1]
 ( -0.287935 -0.020773  0.287929  0.020622  0.575864  0.041394 ) 
 (  0.288683  0.000075 -0.288667  0.000075 -0.577350  0.000000 ) 
 **************************************************************************
