Dynamical matrix file
                                                                           
  1    2  2 10.3200000  0.0000000  0.0000000  0.0000000  0.0000000  0.0000000
           1  'Si  '    25598.822984527003     
    1    1      0.0000000000      0.0000000000      0.0000000000
    2    1      0.2500000000      0.2500000000      0.2500000000

     Dynamical  Matrix in cartesian axes

     q = (    0.750000000  -0.250000000   0.750000000 ) 

    1    1
  0.23539975  0.00000000   -0.00490717  0.00747619    0.00210835  0.00000000
 -0.00490717 -0.00747619    0.29126226  0.00000000   -0.00490717 -0.00747619
  0.00210835  0.00000000   -0.00490717  0.00747619    0.23539975  0.00000000
    1    2
 -0.06407117  0.05560402   -0.03712638  0.04139667   -0.04227064 -0.13423850
 -0.03712638  0.04139667   -0.06279337  0.07447965   -0.03712638  0.04139667
 -0.04227064 -0.13423850   -0.03712638  0.04139667   -0.06407117  0.05560402
    2    1
 -0.06407117 -0.05560402   -0.03712638 -0.04139667   -0.04227064  0.13423850
 -0.03712638 -0.04139667   -0.06279337 -0.07447965   -0.03712638 -0.04139667
 -0.04227064  0.13423850   -0.03712638 -0.04139667   -0.06407117 -0.05560402
    2    2
  0.23539975  0.00000000   -0.00490717 -0.00747619    0.00210835  0.00000000
 -0.00490717  0.00747619    0.29126226  0.00000000   -0.00490717  0.00747619
  0.00210835  0.00000000   -0.00490717 -0.00747619    0.23539975  0.00000000

     Dynamical  Matrix in cartesian axes

     q = (    0.750000000  -0.250000000  -0.750000000 ) 

    1    1
  0.23539975  0.00000000   -0.00490717 -0.00747619   -0.00210835  0.00000000
 -0.00490717  0.00747619    0.29126226  0.00000000    0.00490717 -0.00747619
 -0.00210835  0.00000000    0.00490717  0.00747619    0.23539975  0.00000000
    1    2
 -0.05560402  0.06407117   -0.04139667  0.03712638   -0.13423850 -0.04227064
 -0.04139667  0.03712638   -0.07447965  0.06279337    0.04139667 -0.03712638
 -0.13423850 -0.04227064    0.04139667 -0.03712638   -0.05560402  0.06407117
    2    1
 -0.05560402 -0.06407117   -0.04139667 -0.03712638   -0.13423850  0.04227064
 -0.04139667 -0.03712638   -0.07447965 -0.06279337    0.04139667  0.03712638
 -0.13423850  0.04227064    0.04139667  0.03712638   -0.05560402 -0.06407117
    2    2
  0.23539975  0.00000000   -0.00490717  0.00747619   -0.00210835  0.00000000
 -0.00490717 -0.00747619    0.29126226  0.00000000    0.00490717  0.00747619
 -0.00210835  0.00000000    0.00490717 -0.00747619    0.23539975  0.00000000

     Dynamical  Matrix in cartesian axes

     q = (   -0.750000000  -0.250000000  -0.750000000 ) 

    1    1
  0.23539975  0.00000000    0.00490717 -0.00747619    0.00210835  0.00000000
  0.00490717  0.00747619    0.29126226  0.00000000    0.00490717  0.00747619
  0.00210835  0.00000000    0.00490717 -0.00747619    0.23539975  0.00000000
    1    2
  0.05560402  0.06407117   -0.04139667 -0.03712638   -0.13423850  0.04227064
 -0.04139667 -0.03712638    0.07447965  0.06279337   -0.04139667 -0.03712638
 -0.13423850  0.04227064   -0.04139667 -0.03712638    0.05560402  0.06407117
    2    1
  0.05560402 -0.06407117   -0.04139667  0.03712638   -0.13423850 -0.04227064
 -0.04139667  0.03712638    0.07447965 -0.06279337   -0.04139667  0.03712638
 -0.13423850 -0.04227064   -0.04139667  0.03712638    0.05560402 -0.06407117
    2    2
  0.23539975  0.00000000    0.00490717  0.00747619    0.00210835  0.00000000
  0.00490717 -0.00747619    0.29126226  0.00000000    0.00490717 -0.00747619
  0.00210835  0.00000000    0.00490717  0.00747619    0.23539975  0.00000000

     Dynamical  Matrix in cartesian axes

     q = (   -0.750000000  -0.250000000   0.750000000 ) 

    1    1
  0.23539975  0.00000000    0.00490717  0.00747619   -0.00210835  0.00000000
  0.00490717 -0.00747619    0.29126226  0.00000000   -0.00490717  0.00747619
 -0.00210835  0.00000000   -0.00490717 -0.00747619    0.23539975  0.00000000
    1    2
 -0.05560402  0.06407117    0.04139667 -0.03712638   -0.13423850 -0.04227064
  0.04139667 -0.03712638   -0.07447965  0.06279337   -0.04139667  0.03712638
 -0.13423850 -0.04227064   -0.04139667  0.03712638   -0.05560402  0.06407117
    2    1
 -0.05560402 -0.06407117    0.04139667  0.03712638   -0.13423850  0.04227064
  0.04139667  0.03712638   -0.07447965 -0.06279337   -0.04139667 -0.03712638
 -0.13423850  0.04227064   -0.04139667 -0.03712638   -0.05560402 -0.06407117
    2    2
  0.23539975  0.00000000    0.00490717 -0.00747619   -0.00210835  0.00000000
  0.00490717  0.00747619    0.29126226  0.00000000   -0.00490717 -0.00747619
 -0.00210835  0.00000000   -0.00490717  0.00747619    0.23539975  0.00000000

     Dynamical  Matrix in cartesian axes

     q = (   -0.750000000   0.250000000  -0.750000000 ) 

    1    1
  0.23539975  0.00000000   -0.00490717 -0.00747619    0.00210835  0.00000000
 -0.00490717  0.00747619    0.29126226  0.00000000   -0.00490717  0.00747619
  0.00210835  0.00000000   -0.00490717 -0.00747619    0.23539975  0.00000000
    1    2
 -0.06407117 -0.05560402   -0.03712638 -0.04139667   -0.04227064  0.13423850
 -0.03712638 -0.04139667   -0.06279337 -0.07447965   -0.03712638 -0.04139667
 -0.04227064  0.13423850   -0.03712638 -0.04139667   -0.06407117 -0.05560402
    2    1
 -0.06407117  0.05560402   -0.03712638  0.04139667   -0.04227064 -0.13423850
 -0.03712638  0.04139667   -0.06279337  0.07447965   -0.03712638  0.04139667
 -0.04227064 -0.13423850   -0.03712638  0.04139667   -0.06407117  0.05560402
    2    2
  0.23539975  0.00000000   -0.00490717  0.00747619    0.00210835  0.00000000
 -0.00490717 -0.00747619    0.29126226  0.00000000   -0.00490717 -0.00747619
  0.00210835  0.00000000   -0.00490717  0.00747619    0.23539975  0.00000000

     Dynamical  Matrix in cartesian axes

     q = (   -0.250000000   0.750000000  -0.750000000 ) 

    1    1
  0.29126226  0.00000000   -0.00490717  0.00747619    0.00490717 -0.00747619
 -0.00490717 -0.00747619    0.23539975  0.00000000   -0.00210835  0.00000000
  0.00490717  0.00747619   -0.00210835  0.00000000    0.23539975  0.00000000
    1    2
 -0.07447965  0.06279337   -0.04139667  0.03712638    0.04139667 -0.03712638
 -0.04139667  0.03712638   -0.05560402  0.06407117   -0.13423850 -0.04227064
  0.04139667 -0.03712638   -0.13423850 -0.04227064   -0.05560402  0.06407117
    2    1
 -0.07447965 -0.06279337   -0.04139667 -0.03712638    0.04139667  0.03712638
 -0.04139667 -0.03712638   -0.05560402 -0.06407117   -0.13423850  0.04227064
  0.04139667  0.03712638   -0.13423850  0.04227064   -0.05560402 -0.06407117
    2    2
  0.29126226  0.00000000   -0.00490717 -0.00747619    0.00490717  0.00747619
 -0.00490717  0.00747619    0.23539975  0.00000000   -0.00210835  0.00000000
  0.00490717 -0.00747619   -0.00210835  0.00000000    0.23539975  0.00000000

     Dynamical  Matrix in cartesian axes

     q = (   -0.750000000   0.750000000  -0.250000000 ) 

    1    1
  0.23539975  0.00000000   -0.00210835  0.00000000    0.00490717  0.00747619
 -0.00210835  0.00000000    0.23539975  0.00000000   -0.00490717 -0.00747619
  0.00490717 -0.00747619   -0.00490717  0.00747619    0.29126226  0.00000000
    1    2
 -0.05560402  0.06407117   -0.13423850 -0.04227064    0.04139667 -0.03712638
 -0.13423850 -0.04227064   -0.05560402  0.06407117   -0.04139667  0.03712638
  0.04139667 -0.03712638   -0.04139667  0.03712638   -0.07447965  0.06279337
    2    1
 -0.05560402 -0.06407117   -0.13423850  0.04227064    0.04139667  0.03712638
 -0.13423850  0.04227064   -0.05560402 -0.06407117   -0.04139667 -0.03712638
  0.04139667  0.03712638   -0.04139667 -0.03712638   -0.07447965 -0.06279337
    2    2
  0.23539975  0.00000000   -0.00210835  0.00000000    0.00490717 -0.00747619
 -0.00210835  0.00000000    0.23539975  0.00000000   -0.00490717  0.00747619
  0.00490717  0.00747619   -0.00490717 -0.00747619    0.29126226  0.00000000

     Dynamical  Matrix in cartesian axes

     q = (    0.750000000   0.250000000   0.750000000 ) 

    1    1
  0.23539975  0.00000000    0.00490717  0.00747619    0.00210835  0.00000000
  0.00490717 -0.00747619    0.29126226  0.00000000    0.00490717 -0.00747619
  0.00210835  0.00000000    0.00490717  0.00747619    0.23539975  0.00000000
    1    2
  0.05560402 -0.06407117   -0.04139667  0.03712638   -0.13423850 -0.04227064
 -0.04139667  0.03712638    0.07447965 -0.06279337   -0.04139667  0.03712638
 -0.13423850 -0.04227064   -0.04139667  0.03712638    0.05560402 -0.06407117
    2    1
  0.05560402  0.06407117   -0.04139667 -0.03712638   -0.13423850  0.04227064
 -0.04139667 -0.03712638    0.07447965  0.06279337   -0.04139667 -0.03712638
 -0.13423850  0.04227064   -0.04139667 -0.03712638    0.05560402  0.06407117
    2    2
  0.23539975  0.00000000    0.00490717 -0.00747619    0.00210835  0.00000000
  0.00490717  0.00747619    0.29126226  0.00000000    0.00490717  0.00747619
  0.00210835  0.00000000    0.00490717 -0.00747619    0.23539975  0.00000000

     Dynamical  Matrix in cartesian axes

     q = (   -0.750000000   0.250000000   0.750000000 ) 

    1    1
  0.23539975  0.00000000   -0.00490717  0.00747619   -0.00210835  0.00000000
 -0.00490717 -0.00747619    0.29126226  0.00000000    0.00490717  0.00747619
 -0.00210835  0.00000000    0.00490717 -0.00747619    0.23539975  0.00000000
    1    2
 -0.05560402 -0.06407117   -0.04139667 -0.03712638   -0.13423850  0.04227064
 -0.04139667 -0.03712638   -0.07447965 -0.06279337    0.04139667  0.03712638
 -0.13423850  0.04227064    0.04139667  0.03712638   -0.05560402 -0.06407117
    2    1
 -0.05560402  0.06407117   -0.04139667  0.03712638   -0.13423850 -0.04227064
 -0.04139667  0.03712638   -0.07447965  0.06279337    0.04139667 -0.03712638
 -0.13423850 -0.04227064    0.04139667 -0.03712638   -0.05560402  0.06407117
    2    2
  0.23539975  0.00000000   -0.00490717 -0.00747619   -0.00210835  0.00000000
 -0.00490717  0.00747619    0.29126226  0.00000000    0.00490717 -0.00747619
 -0.00210835  0.00000000    0.00490717  0.00747619    0.23539975  0.00000000

     Dynamical  Matrix in cartesian axes

     q = (    0.750000000   0.250000000  -0.750000000 ) 

    1    1
  0.23539975  0.00000000    0.00490717 -0.00747619   -0.00210835  0.00000000
  0.00490717  0.00747619    0.29126226  0.00000000   -0.00490717 -0.00747619
 -0.00210835  0.00000000   -0.00490717  0.00747619    0.23539975  0.00000000
    1    2
 -0.05560402 -0.06407117    0.04139667  0.03712638   -0.13423850  0.04227064
  0.04139667  0.03712638   -0.07447965 -0.06279337   -0.04139667 -0.03712638
 -0.13423850  0.04227064   -0.04139667 -0.03712638   -0.05560402 -0.06407117
    2    1
 -0.05560402  0.06407117    0.04139667 -0.03712638   -0.13423850 -0.04227064
  0.04139667 -0.03712638   -0.07447965  0.06279337   -0.04139667  0.03712638
 -0.13423850 -0.04227064   -0.04139667  0.03712638   -0.05560402  0.06407117
    2    2
  0.23539975  0.00000000    0.00490717  0.00747619   -0.00210835  0.00000000
  0.00490717 -0.00747619    0.29126226  0.00000000   -0.00490717  0.00747619
 -0.00210835  0.00000000   -0.00490717 -0.00747619    0.23539975  0.00000000

     Dynamical  Matrix in cartesian axes

     q = (   -0.750000000   0.750000000   0.250000000 ) 

    1    1
  0.23539975  0.00000000   -0.00210835  0.00000000   -0.00490717  0.00747619
 -0.00210835  0.00000000    0.23539975  0.00000000    0.00490717 -0.00747619
 -0.00490717 -0.00747619    0.00490717  0.00747619    0.29126226  0.00000000
    1    2
 -0.05560402 -0.06407117   -0.13423850  0.04227064   -0.04139667 -0.03712638
 -0.13423850  0.04227064   -0.05560402 -0.06407117    0.04139667  0.03712638
 -0.04139667 -0.03712638    0.04139667  0.03712638   -0.07447965 -0.06279337
    2    1
 -0.05560402  0.06407117   -0.13423850 -0.04227064   -0.04139667  0.03712638
 -0.13423850 -0.04227064   -0.05560402  0.06407117    0.04139667 -0.03712638
 -0.04139667  0.03712638    0.04139667 -0.03712638   -0.07447965  0.06279337
    2    2
  0.23539975  0.00000000   -0.00210835  0.00000000   -0.00490717 -0.00747619
 -0.00210835  0.00000000    0.23539975  0.00000000    0.00490717  0.00747619
 -0.00490717  0.00747619    0.00490717 -0.00747619    0.29126226  0.00000000

     Dynamical  Matrix in cartesian axes

     q = (   -0.250000000   0.750000000   0.750000000 ) 

    1    1
  0.29126226  0.00000000   -0.00490717 -0.00747619   -0.00490717 -0.00747619
 -0.00490717  0.00747619    0.23539975  0.00000000    0.00210835  0.00000000
 -0.00490717  0.00747619    0.00210835  0.00000000    0.23539975  0.00000000
    1    2
 -0.06279337  0.07447965   -0.03712638  0.04139667   -0.03712638  0.04139667
 -0.03712638  0.04139667   -0.06407117  0.05560402   -0.04227064 -0.13423850
 -0.03712638  0.04139667   -0.04227064 -0.13423850   -0.06407117  0.05560402
    2    1
 -0.06279337 -0.07447965   -0.03712638 -0.04139667   -0.03712638 -0.04139667
 -0.03712638 -0.04139667   -0.06407117 -0.05560402   -0.04227064  0.13423850
 -0.03712638 -0.04139667   -0.04227064  0.13423850   -0.06407117 -0.05560402
    2    2
  0.29126226  0.00000000   -0.00490717  0.00747619   -0.00490717  0.00747619
 -0.00490717 -0.00747619    0.23539975  0.00000000    0.00210835  0.00000000
 -0.00490717 -0.00747619    0.00210835  0.00000000    0.23539975  0.00000000

     Dynamical  Matrix in cartesian axes

     q = (    0.250000000   0.750000000  -0.750000000 ) 

    1    1
  0.29126226  0.00000000    0.00490717  0.00747619   -0.00490717 -0.00747619
  0.00490717 -0.00747619    0.23539975  0.00000000   -0.00210835  0.00000000
 -0.00490717  0.00747619   -0.00210835  0.00000000    0.23539975  0.00000000
    1    2
 -0.07447965 -0.06279337    0.04139667  0.03712638   -0.04139667 -0.03712638
  0.04139667  0.03712638   -0.05560402 -0.06407117   -0.13423850  0.04227064
 -0.04139667 -0.03712638   -0.13423850  0.04227064   -0.05560402 -0.06407117
    2    1
 -0.07447965  0.06279337    0.04139667 -0.03712638   -0.04139667  0.03712638
  0.04139667 -0.03712638   -0.05560402  0.06407117   -0.13423850 -0.04227064
 -0.04139667  0.03712638   -0.13423850 -0.04227064   -0.05560402  0.06407117
    2    2
  0.29126226  0.00000000    0.00490717 -0.00747619   -0.00490717  0.00747619
  0.00490717  0.00747619    0.23539975  0.00000000   -0.00210835  0.00000000
 -0.00490717 -0.00747619   -0.00210835  0.00000000    0.23539975  0.00000000

     Dynamical  Matrix in cartesian axes

     q = (   -0.250000000  -0.750000000  -0.750000000 ) 

    1    1
  0.29126226  0.00000000    0.00490717  0.00747619    0.00490717  0.00747619
  0.00490717 -0.00747619    0.23539975  0.00000000    0.00210835  0.00000000
  0.00490717 -0.00747619    0.00210835  0.00000000    0.23539975  0.00000000
    1    2
  0.07447965  0.06279337   -0.04139667 -0.03712638   -0.04139667 -0.03712638
 -0.04139667 -0.03712638    0.05560402  0.06407117   -0.13423850  0.04227064
 -0.04139667 -0.03712638   -0.13423850  0.04227064    0.05560402  0.06407117
    2    1
  0.07447965 -0.06279337   -0.04139667  0.03712638   -0.04139667  0.03712638
 -0.04139667  0.03712638    0.05560402 -0.06407117   -0.13423850 -0.04227064
 -0.04139667  0.03712638   -0.13423850 -0.04227064    0.05560402 -0.06407117
    2    2
  0.29126226  0.00000000    0.00490717 -0.00747619    0.00490717 -0.00747619
  0.00490717  0.00747619    0.23539975  0.00000000    0.00210835  0.00000000
  0.00490717  0.00747619    0.00210835  0.00000000    0.23539975  0.00000000

     Dynamical  Matrix in cartesian axes

     q = (    0.750000000   0.750000000  -0.250000000 ) 

    1    1
  0.23539975  0.00000000    0.00210835  0.00000000   -0.00490717  0.00747619
  0.00210835  0.00000000    0.23539975  0.00000000   -0.00490717  0.00747619
 -0.00490717 -0.00747619   -0.00490717 -0.00747619    0.29126226  0.00000000
    1    2
 -0.06407117  0.05560402   -0.04227064 -0.13423850   -0.03712638  0.04139667
 -0.04227064 -0.13423850   -0.06407117  0.05560402   -0.03712638  0.04139667
 -0.03712638  0.04139667   -0.03712638  0.04139667   -0.06279337  0.07447965
    2    1
 -0.06407117 -0.05560402   -0.04227064  0.13423850   -0.03712638 -0.04139667
 -0.04227064  0.13423850   -0.06407117 -0.05560402   -0.03712638 -0.04139667
 -0.03712638 -0.04139667   -0.03712638 -0.04139667   -0.06279337 -0.07447965
    2    2
  0.23539975  0.00000000    0.00210835  0.00000000   -0.00490717 -0.00747619
  0.00210835  0.00000000    0.23539975  0.00000000   -0.00490717 -0.00747619
 -0.00490717  0.00747619   -0.00490717  0.00747619    0.29126226  0.00000000

     Dynamical  Matrix in cartesian axes

     q = (    0.750000000  -0.750000000   0.250000000 ) 

    1    1
  0.23539975  0.00000000   -0.00210835  0.00000000    0.00490717 -0.00747619
 -0.00210835  0.00000000    0.23539975  0.00000000   -0.00490717  0.00747619
  0.00490717  0.00747619   -0.00490717 -0.00747619    0.29126226  0.00000000
    1    2
 -0.05560402 -0.06407117   -0.13423850  0.04227064    0.04139667  0.03712638
 -0.13423850  0.04227064   -0.05560402 -0.06407117   -0.04139667 -0.03712638
  0.04139667  0.03712638   -0.04139667 -0.03712638   -0.07447965 -0.06279337
    2    1
 -0.05560402  0.06407117   -0.13423850 -0.04227064    0.04139667 -0.03712638
 -0.13423850 -0.04227064   -0.05560402  0.06407117   -0.04139667  0.03712638
  0.04139667 -0.03712638   -0.04139667  0.03712638   -0.07447965  0.06279337
    2    2
  0.23539975  0.00000000   -0.00210835  0.00000000    0.00490717  0.00747619
 -0.00210835  0.00000000    0.23539975  0.00000000   -0.00490717 -0.00747619
  0.00490717 -0.00747619   -0.00490717  0.00747619    0.29126226  0.00000000

     Dynamical  Matrix in cartesian axes

     q = (   -0.750000000  -0.750000000  -0.250000000 ) 

    1    1
  0.23539975  0.00000000    0.00210835  0.00000000    0.00490717 -0.00747619
  0.00210835  0.00000000    0.23539975  0.00000000    0.00490717 -0.00747619
  0.00490717  0.00747619    0.00490717  0.00747619    0.29126226  0.00000000
    1    2
  0.05560402  0.06407117   -0.13423850  0.04227064   -0.04139667 -0.03712638
 -0.13423850  0.04227064    0.05560402  0.06407117   -0.04139667 -0.03712638
 -0.04139667 -0.03712638   -0.04139667 -0.03712638    0.07447965  0.06279337
    2    1
  0.05560402 -0.06407117   -0.13423850 -0.04227064   -0.04139667  0.03712638
 -0.13423850 -0.04227064    0.05560402 -0.06407117   -0.04139667  0.03712638
 -0.04139667  0.03712638   -0.04139667  0.03712638    0.07447965 -0.06279337
    2    2
  0.23539975  0.00000000    0.00210835  0.00000000    0.00490717  0.00747619
  0.00210835  0.00000000    0.23539975  0.00000000    0.00490717  0.00747619
  0.00490717 -0.00747619    0.00490717 -0.00747619    0.29126226  0.00000000

     Dynamical  Matrix in cartesian axes

     q = (    0.250000000  -0.750000000   0.750000000 ) 

    1    1
  0.29126226  0.00000000   -0.00490717 -0.00747619    0.00490717  0.00747619
 -0.00490717  0.00747619    0.23539975  0.00000000   -0.00210835  0.00000000
  0.00490717 -0.00747619   -0.00210835  0.00000000    0.23539975  0.00000000
    1    2
 -0.07447965 -0.06279337   -0.04139667 -0.03712638    0.04139667  0.03712638
 -0.04139667 -0.03712638   -0.05560402 -0.06407117   -0.13423850  0.04227064
  0.04139667  0.03712638   -0.13423850  0.04227064   -0.05560402 -0.06407117
    2    1
 -0.07447965  0.06279337   -0.04139667  0.03712638    0.04139667 -0.03712638
 -0.04139667  0.03712638   -0.05560402  0.06407117   -0.13423850 -0.04227064
  0.04139667 -0.03712638   -0.13423850 -0.04227064   -0.05560402  0.06407117
    2    2
  0.29126226  0.00000000   -0.00490717  0.00747619    0.00490717 -0.00747619
 -0.00490717 -0.00747619    0.23539975  0.00000000   -0.00210835  0.00000000
  0.00490717  0.00747619   -0.00210835  0.00000000    0.23539975  0.00000000

     Dynamical  Matrix in cartesian axes

     q = (   -0.750000000  -0.750000000   0.250000000 ) 

    1    1
  0.23539975  0.00000000    0.00210835  0.00000000   -0.00490717 -0.00747619
  0.00210835  0.00000000    0.23539975  0.00000000   -0.00490717 -0.00747619
 -0.00490717  0.00747619   -0.00490717  0.00747619    0.29126226  0.00000000
    1    2
 -0.06407117 -0.05560402   -0.04227064  0.13423850   -0.03712638 -0.04139667
 -0.04227064  0.13423850   -0.06407117 -0.05560402   -0.03712638 -0.04139667
 -0.03712638 -0.04139667   -0.03712638 -0.04139667   -0.06279337 -0.07447965
    2    1
 -0.06407117  0.05560402   -0.04227064 -0.13423850   -0.03712638  0.04139667
 -0.04227064 -0.13423850   -0.06407117  0.05560402   -0.03712638  0.04139667
 -0.03712638  0.04139667   -0.03712638  0.04139667   -0.06279337  0.07447965
    2    2
  0.23539975  0.00000000    0.00210835  0.00000000   -0.00490717  0.00747619
  0.00210835  0.00000000    0.23539975  0.00000000   -0.00490717  0.00747619
 -0.00490717 -0.00747619   -0.00490717 -0.00747619    0.29126226  0.00000000

     Dynamical  Matrix in cartesian axes

     q = (    0.250000000   0.750000000   0.750000000 ) 

    1    1
  0.29126226  0.00000000    0.00490717 -0.00747619    0.00490717 -0.00747619
  0.00490717  0.00747619    0.23539975  0.00000000    0.00210835  0.00000000
  0.00490717  0.00747619    0.00210835  0.00000000    0.23539975  0.00000000
    1    2
  0.07447965 -0.06279337   -0.04139667  0.03712638   -0.04139667  0.03712638
 -0.04139667  0.03712638    0.05560402 -0.06407117   -0.13423850 -0.04227064
 -0.04139667  0.03712638   -0.13423850 -0.04227064    0.05560402 -0.06407117
    2    1
  0.07447965  0.06279337   -0.04139667 -0.03712638   -0.04139667 -0.03712638
 -0.04139667 -0.03712638    0.05560402  0.06407117   -0.13423850  0.04227064
 -0.04139667 -0.03712638   -0.13423850  0.04227064    0.05560402  0.06407117
    2    2
  0.29126226  0.00000000    0.00490717  0.00747619    0.00490717  0.00747619
  0.00490717 -0.00747619    0.23539975  0.00000000    0.00210835  0.00000000
  0.00490717 -0.00747619    0.00210835  0.00000000    0.23539975  0.00000000

     Dynamical  Matrix in cartesian axes

     q = (   -0.250000000  -0.750000000   0.750000000 ) 

    1    1
  0.29126226  0.00000000    0.00490717 -0.00747619   -0.00490717  0.00747619
  0.00490717  0.00747619    0.23539975  0.00000000   -0.00210835  0.00000000
 -0.00490717 -0.00747619   -0.00210835  0.00000000    0.23539975  0.00000000
    1    2
 -0.07447965  0.06279337    0.04139667 -0.03712638   -0.04139667  0.03712638
  0.04139667 -0.03712638   -0.05560402  0.06407117   -0.13423850 -0.04227064
 -0.04139667  0.03712638   -0.13423850 -0.04227064   -0.05560402  0.06407117
    2    1
 -0.07447965 -0.06279337    0.04139667  0.03712638   -0.04139667 -0.03712638
  0.04139667  0.03712638   -0.05560402 -0.06407117   -0.13423850  0.04227064
 -0.04139667 -0.03712638   -0.13423850  0.04227064   -0.05560402 -0.06407117
    2    2
  0.29126226  0.00000000    0.00490717  0.00747619   -0.00490717 -0.00747619
  0.00490717 -0.00747619    0.23539975  0.00000000   -0.00210835  0.00000000
 -0.00490717  0.00747619   -0.00210835  0.00000000    0.23539975  0.00000000

     Dynamical  Matrix in cartesian axes

     q = (    0.750000000   0.750000000   0.250000000 ) 

    1    1
  0.23539975  0.00000000    0.00210835  0.00000000    0.00490717  0.00747619
  0.00210835  0.00000000    0.23539975  0.00000000    0.00490717  0.00747619
  0.00490717 -0.00747619    0.00490717 -0.00747619    0.29126226  0.00000000
    1    2
  0.05560402 -0.06407117   -0.13423850 -0.04227064   -0.04139667  0.03712638
 -0.13423850 -0.04227064    0.05560402 -0.06407117   -0.04139667  0.03712638
 -0.04139667  0.03712638   -0.04139667  0.03712638    0.07447965 -0.06279337
    2    1
  0.05560402  0.06407117   -0.13423850  0.04227064   -0.04139667 -0.03712638
 -0.13423850  0.04227064    0.05560402  0.06407117   -0.04139667 -0.03712638
 -0.04139667 -0.03712638   -0.04139667 -0.03712638    0.07447965  0.06279337
    2    2
  0.23539975  0.00000000    0.00210835  0.00000000    0.00490717 -0.00747619
  0.00210835  0.00000000    0.23539975  0.00000000    0.00490717 -0.00747619
  0.00490717  0.00747619    0.00490717  0.00747619    0.29126226  0.00000000

     Dynamical  Matrix in cartesian axes

     q = (    0.250000000  -0.750000000  -0.750000000 ) 

    1    1
  0.29126226  0.00000000   -0.00490717  0.00747619   -0.00490717  0.00747619
 -0.00490717 -0.00747619    0.23539975  0.00000000    0.00210835  0.00000000
 -0.00490717 -0.00747619    0.00210835  0.00000000    0.23539975  0.00000000
    1    2
 -0.06279337 -0.07447965   -0.03712638 -0.04139667   -0.03712638 -0.04139667
 -0.03712638 -0.04139667   -0.06407117 -0.05560402   -0.04227064  0.13423850
 -0.03712638 -0.04139667   -0.04227064  0.13423850   -0.06407117 -0.05560402
    2    1
 -0.06279337  0.07447965   -0.03712638  0.04139667   -0.03712638  0.04139667
 -0.03712638  0.04139667   -0.06407117  0.05560402   -0.04227064 -0.13423850
 -0.03712638  0.04139667   -0.04227064 -0.13423850   -0.06407117  0.05560402
    2    2
  0.29126226  0.00000000   -0.00490717 -0.00747619   -0.00490717 -0.00747619
 -0.00490717  0.00747619    0.23539975  0.00000000    0.00210835  0.00000000
 -0.00490717  0.00747619    0.00210835  0.00000000    0.23539975  0.00000000

     Dynamical  Matrix in cartesian axes

     q = (    0.750000000  -0.750000000  -0.250000000 ) 

    1    1
  0.23539975  0.00000000   -0.00210835  0.00000000   -0.00490717 -0.00747619
 -0.00210835  0.00000000    0.23539975  0.00000000    0.00490717  0.00747619
 -0.00490717  0.00747619    0.00490717 -0.00747619    0.29126226  0.00000000
    1    2
 -0.05560402  0.06407117   -0.13423850 -0.04227064   -0.04139667  0.03712638
 -0.13423850 -0.04227064   -0.05560402  0.06407117    0.04139667 -0.03712638
 -0.04139667  0.03712638    0.04139667 -0.03712638   -0.07447965  0.06279337
    2    1
 -0.05560402 -0.06407117   -0.13423850  0.04227064   -0.04139667 -0.03712638
 -0.13423850  0.04227064   -0.05560402 -0.06407117    0.04139667  0.03712638
 -0.04139667 -0.03712638    0.04139667  0.03712638   -0.07447965 -0.06279337
    2    2
  0.23539975  0.00000000   -0.00210835  0.00000000   -0.00490717  0.00747619
 -0.00210835  0.00000000    0.23539975  0.00000000    0.00490717 -0.00747619
 -0.00490717 -0.00747619    0.00490717  0.00747619    0.29126226  0.00000000

     Diagonalizing the dynamical matrix

     q = (    0.750000000  -0.250000000   0.750000000 ) 

 **************************************************************************
     freq (    1) =       4.224037 [THz] =     140.898692 [cm-1]
 (  0.057043 -0.496735 -0.000000  0.000000 -0.057043  0.496735 ) 
 (  0.500000  0.000000 -0.000000 -0.000000 -0.500000  0.000000 ) 
     freq (    2) =       5.512466 [THz] =     183.876086 [cm-1]
 ( -0.397312 -0.196587 -0.299651  0.131162 -0.397312 -0.196587 ) 
 ( -0.443286 -0.000000 -0.210406 -0.250447 -0.443286  0.000000 ) 
     freq (    3) =       9.065632 [THz] =     302.396947 [cm-1]
 (  0.132095 -0.246488  0.390597  0.437063  0.132095 -0.246488 ) 
 ( -0.279652  0.000000  0.200731  0.550724 -0.279652  0.000000 ) 
     freq (    4) =      12.020044 [THz] =     400.945519 [cm-1]
 (  0.109693  0.312866 -0.414873 -0.328703  0.109693  0.312866 ) 
 ( -0.331538  0.000000  0.447455  0.282753 -0.331538  0.000000 ) 
     freq (    5) =      13.395017 [THz] =     446.809689 [cm-1]
 (  0.057043 -0.496735 -0.000000  0.000000 -0.057043  0.496735 ) 
 ( -0.500000  0.000000  0.000000  0.000000  0.500000  0.000000 ) 
     freq (    6) =      13.786541 [THz] =     459.869522 [cm-1]
 ( -0.302693 -0.154115 -0.474423  0.210177 -0.302693 -0.154115 ) 
 (  0.339668 -0.000000  0.327417  0.402554  0.339668 -0.000000 ) 
 **************************************************************************
