Dynamical matrix file
                                                                           
  1    2  2 10.3570000  0.0000000  0.0000000  0.0000000  0.0000000  0.0000000
           1  'Si  '    25598.822984527003     
    1    1      0.0000000000      0.0000000000      0.0000000000
    2    1      0.2500000000      0.2500000000      0.2500000000

     Dynamical  Matrix in cartesian axes

     q = (   -0.250000000   0.250000000  -0.250000000 ) 

    1    1
  0.27900718  0.00000000   -0.01072462  0.00000000    0.01072462  0.00000000
 -0.01072462  0.00000000    0.27900718  0.00000000   -0.01072462  0.00000000
  0.01072462  0.00000000   -0.01072462  0.00000000    0.27900718  0.00000000
    1    2
 -0.20412396 -0.06026405   -0.03564480  0.03643818    0.03564480 -0.03643818
 -0.03564480  0.03643818   -0.20412396 -0.06026405   -0.03564480  0.03643818
  0.03564480 -0.03643818   -0.03564480  0.03643818   -0.20412396 -0.06026405
    2    1
 -0.20412396  0.06026405   -0.03564480 -0.03643818    0.03564480  0.03643818
 -0.03564480 -0.03643818   -0.20412396  0.06026405   -0.03564480 -0.03643818
  0.03564480  0.03643818   -0.03564480 -0.03643818   -0.20412396  0.06026405
    2    2
  0.27900718  0.00000000   -0.01072462  0.00000000    0.01072462  0.00000000
 -0.01072462  0.00000000    0.27900718  0.00000000   -0.01072462  0.00000000
  0.01072462  0.00000000   -0.01072462  0.00000000    0.27900718  0.00000000

     Dynamical  Matrix in cartesian axes

     q = (    0.250000000  -0.250000000  -0.250000000 ) 

    1    1
  0.27900718  0.00000000   -0.01072462  0.00000000   -0.01072462  0.00000000
 -0.01072462  0.00000000    0.27900718  0.00000000    0.01072462  0.00000000
 -0.01072462  0.00000000    0.01072462  0.00000000    0.27900718  0.00000000
    1    2
 -0.20412396 -0.06026405   -0.03564480  0.03643818   -0.03564480  0.03643818
 -0.03564480  0.03643818   -0.20412396 -0.06026405    0.03564480 -0.03643818
 -0.03564480  0.03643818    0.03564480 -0.03643818   -0.20412396 -0.06026405
    2    1
 -0.20412396  0.06026405   -0.03564480 -0.03643818   -0.03564480 -0.03643818
 -0.03564480 -0.03643818   -0.20412396  0.06026405    0.03564480  0.03643818
 -0.03564480 -0.03643818    0.03564480  0.03643818   -0.20412396  0.06026405
    2    2
  0.27900718  0.00000000   -0.01072462  0.00000000   -0.01072462  0.00000000
 -0.01072462  0.00000000    0.27900718  0.00000000    0.01072462  0.00000000
 -0.01072462  0.00000000    0.01072462  0.00000000    0.27900718  0.00000000

     Dynamical  Matrix in cartesian axes

     q = (    0.250000000  -0.250000000   0.250000000 ) 

    1    1
  0.27900718  0.00000000   -0.01072462  0.00000000    0.01072462  0.00000000
 -0.01072462  0.00000000    0.27900718  0.00000000   -0.01072462  0.00000000
  0.01072462  0.00000000   -0.01072462  0.00000000    0.27900718  0.00000000
    1    2
 -0.20412396  0.06026405   -0.03564480 -0.03643818    0.03564480  0.03643818
 -0.03564480 -0.03643818   -0.20412396  0.06026405   -0.03564480 -0.03643818
  0.03564480  0.03643818   -0.03564480 -0.03643818   -0.20412396  0.06026405
    2    1
 -0.20412396 -0.06026405   -0.03564480  0.03643818    0.03564480 -0.03643818
 -0.03564480  0.03643818   -0.20412396 -0.06026405   -0.03564480  0.03643818
  0.03564480 -0.03643818   -0.03564480  0.03643818   -0.20412396 -0.06026405
    2    2
  0.27900718  0.00000000   -0.01072462  0.00000000    0.01072462  0.00000000
 -0.01072462  0.00000000    0.27900718  0.00000000   -0.01072462  0.00000000
  0.01072462  0.00000000   -0.01072462  0.00000000    0.27900718  0.00000000

     Dynamical  Matrix in cartesian axes

     q = (    0.250000000   0.250000000   0.250000000 ) 

    1    1
  0.27900718  0.00000000    0.01072462  0.00000000    0.01072462  0.00000000
  0.01072462  0.00000000    0.27900718  0.00000000    0.01072462  0.00000000
  0.01072462  0.00000000    0.01072462  0.00000000    0.27900718  0.00000000
    1    2
 -0.06026405  0.20412396   -0.03643818 -0.03564480   -0.03643818 -0.03564480
 -0.03643818 -0.03564480   -0.06026405  0.20412396   -0.03643818 -0.03564480
 -0.03643818 -0.03564480   -0.03643818 -0.03564480   -0.06026405  0.20412396
    2    1
 -0.06026405 -0.20412396   -0.03643818  0.03564480   -0.03643818  0.03564480
 -0.03643818  0.03564480   -0.06026405 -0.20412396   -0.03643818  0.03564480
 -0.03643818  0.03564480   -0.03643818  0.03564480   -0.06026405 -0.20412396
    2    2
  0.27900718  0.00000000    0.01072462  0.00000000    0.01072462  0.00000000
  0.01072462  0.00000000    0.27900718  0.00000000    0.01072462  0.00000000
  0.01072462  0.00000000    0.01072462  0.00000000    0.27900718  0.00000000

     Dynamical  Matrix in cartesian axes

     q = (   -0.250000000  -0.250000000  -0.250000000 ) 

    1    1
  0.27900718  0.00000000    0.01072462  0.00000000    0.01072462  0.00000000
  0.01072462  0.00000000    0.27900718  0.00000000    0.01072462  0.00000000
  0.01072462  0.00000000    0.01072462  0.00000000    0.27900718  0.00000000
    1    2
 -0.06026405 -0.20412396   -0.03643818  0.03564480   -0.03643818  0.03564480
 -0.03643818  0.03564480   -0.06026405 -0.20412396   -0.03643818  0.03564480
 -0.03643818  0.03564480   -0.03643818  0.03564480   -0.06026405 -0.20412396
    2    1
 -0.06026405  0.20412396   -0.03643818 -0.03564480   -0.03643818 -0.03564480
 -0.03643818 -0.03564480   -0.06026405  0.20412396   -0.03643818 -0.03564480
 -0.03643818 -0.03564480   -0.03643818 -0.03564480   -0.06026405  0.20412396
    2    2
  0.27900718  0.00000000    0.01072462  0.00000000    0.01072462  0.00000000
  0.01072462  0.00000000    0.27900718  0.00000000    0.01072462  0.00000000
  0.01072462  0.00000000    0.01072462  0.00000000    0.27900718  0.00000000

     Dynamical  Matrix in cartesian axes

     q = (   -0.250000000  -0.250000000   0.250000000 ) 

    1    1
  0.27900718  0.00000000    0.01072462  0.00000000   -0.01072462  0.00000000
  0.01072462  0.00000000    0.27900718  0.00000000   -0.01072462  0.00000000
 -0.01072462  0.00000000   -0.01072462  0.00000000    0.27900718  0.00000000
    1    2
 -0.20412396 -0.06026405    0.03564480 -0.03643818   -0.03564480  0.03643818
  0.03564480 -0.03643818   -0.20412396 -0.06026405   -0.03564480  0.03643818
 -0.03564480  0.03643818   -0.03564480  0.03643818   -0.20412396 -0.06026405
    2    1
 -0.20412396  0.06026405    0.03564480  0.03643818   -0.03564480 -0.03643818
  0.03564480  0.03643818   -0.20412396  0.06026405   -0.03564480 -0.03643818
 -0.03564480 -0.03643818   -0.03564480 -0.03643818   -0.20412396  0.06026405
    2    2
  0.27900718  0.00000000    0.01072462  0.00000000   -0.01072462  0.00000000
  0.01072462  0.00000000    0.27900718  0.00000000   -0.01072462  0.00000000
 -0.01072462  0.00000000   -0.01072462  0.00000000    0.27900718  0.00000000

     Dynamical  Matrix in cartesian axes

     q = (   -0.250000000   0.250000000   0.250000000 ) 

    1    1
  0.27900718  0.00000000   -0.01072462  0.00000000   -0.01072462  0.00000000
 -0.01072462  0.00000000    0.27900718  0.00000000    0.01072462  0.00000000
 -0.01072462  0.00000000    0.01072462  0.00000000    0.27900718  0.00000000
    1    2
 -0.20412396  0.06026405   -0.03564480 -0.03643818   -0.03564480 -0.03643818
 -0.03564480 -0.03643818   -0.20412396  0.06026405    0.03564480  0.03643818
 -0.03564480 -0.03643818    0.03564480  0.03643818   -0.20412396  0.06026405
    2    1
 -0.20412396 -0.06026405   -0.03564480  0.03643818   -0.03564480  0.03643818
 -0.03564480  0.03643818   -0.20412396 -0.06026405    0.03564480 -0.03643818
 -0.03564480  0.03643818    0.03564480 -0.03643818   -0.20412396 -0.06026405
    2    2
  0.27900718  0.00000000   -0.01072462  0.00000000   -0.01072462  0.00000000
 -0.01072462  0.00000000    0.27900718  0.00000000    0.01072462  0.00000000
 -0.01072462  0.00000000    0.01072462  0.00000000    0.27900718  0.00000000

     Dynamical  Matrix in cartesian axes

     q = (    0.250000000   0.250000000  -0.250000000 ) 

    1    1
  0.27900718  0.00000000    0.01072462  0.00000000   -0.01072462  0.00000000
  0.01072462  0.00000000    0.27900718  0.00000000   -0.01072462  0.00000000
 -0.01072462  0.00000000   -0.01072462  0.00000000    0.27900718  0.00000000
    1    2
 -0.20412396  0.06026405    0.03564480  0.03643818   -0.03564480 -0.03643818
  0.03564480  0.03643818   -0.20412396  0.06026405   -0.03564480 -0.03643818
 -0.03564480 -0.03643818   -0.03564480 -0.03643818   -0.20412396  0.06026405
    2    1
 -0.20412396 -0.06026405    0.03564480 -0.03643818   -0.03564480  0.03643818
  0.03564480 -0.03643818   -0.20412396 -0.06026405   -0.03564480  0.03643818
 -0.03564480  0.03643818   -0.03564480  0.03643818   -0.20412396 -0.06026405
    2    2
  0.27900718  0.00000000    0.01072462  0.00000000   -0.01072462  0.00000000
  0.01072462  0.00000000    0.27900718  0.00000000   -0.01072462  0.00000000
 -0.01072462  0.00000000   -0.01072462  0.00000000    0.27900718  0.00000000

     Diagonalizing the dynamical matrix

     q = (   -0.250000000   0.250000000  -0.250000000 ) 

 **************************************************************************
     freq (    1) =       3.399444 [THz] =     113.393263 [cm-1]
 ( -0.454086 -0.287685 -0.351250 -0.277466  0.102835  0.010219 ) 
 ( -0.480307 -0.241373 -0.376966 -0.241373  0.103342  0.000000 ) 
     freq (    2) =       3.399444 [THz] =     113.393263 [cm-1]
 ( -0.209363  0.023325  0.355879  0.079493  0.565242  0.056168 ) 
 ( -0.206031  0.043913  0.361996  0.043913  0.568026  0.000000 ) 
     freq (    3) =       6.893135 [THz] =     229.930227 [cm-1]
 ( -0.288343 -0.289007  0.288343  0.289007 -0.288343 -0.289007 ) 
 ( -0.408248  0.000000  0.408248 -0.000000 -0.408248  0.000000 ) 
     freq (    4) =      14.371770 [THz] =     479.390648 [cm-1]
 ( -0.288343 -0.289007  0.288343  0.289007 -0.288343 -0.289007 ) 
 (  0.408248  0.000000 -0.408248  0.000000  0.408248  0.000000 ) 
     freq (    5) =      14.673137 [THz] =     489.443159 [cm-1]
 ( -0.435836  0.245565 -0.435215  0.245626  0.000621  0.000062 ) 
 (  0.409418 -0.287458  0.408794 -0.287458 -0.000624  0.000000 ) 
     freq (    6) =      14.673137 [THz] =     489.443159 [cm-1]
 (  0.286789  0.028811 -0.287731 -0.028280 -0.574520 -0.057090 ) 
 ( -0.288233 -0.000311  0.289117 -0.000311  0.577350  0.000000 ) 
 **************************************************************************
