Dynamical matrix file
                                                                           
  1    2  2 10.3570000  0.0000000  0.0000000  0.0000000  0.0000000  0.0000000
           1  'Si  '    25598.822984527003     
    1    1      0.0000000000      0.0000000000      0.0000000000
    2    1      0.2500000000      0.2500000000      0.2500000000

     Dynamical  Matrix in cartesian axes

     q = (    0.750000000  -0.250000000   0.750000000 ) 

    1    1
  0.24155473  0.00000000   -0.00466461  0.00737120    0.00140076  0.00000000
 -0.00466461 -0.00737120    0.29706008  0.00000000   -0.00466461 -0.00737120
  0.00140076  0.00000000   -0.00466461  0.00737120    0.24155473  0.00000000
    1    2
 -0.05735651  0.06721208   -0.03542689  0.03946408   -0.04028735 -0.12820003
 -0.03542689  0.03946408   -0.05590718  0.08637943   -0.03542689  0.03946408
 -0.04028735 -0.12820003   -0.03542689  0.03946408   -0.05735651  0.06721208
    2    1
 -0.05735651 -0.06721208   -0.03542689 -0.03946408   -0.04028735  0.12820003
 -0.03542689 -0.03946408   -0.05590718 -0.08637943   -0.03542689 -0.03946408
 -0.04028735  0.12820003   -0.03542689 -0.03946408   -0.05735651 -0.06721208
    2    2
  0.24155473  0.00000000   -0.00466461 -0.00737120    0.00140076  0.00000000
 -0.00466461  0.00737120    0.29706008  0.00000000   -0.00466461  0.00737120
  0.00140076  0.00000000   -0.00466461 -0.00737120    0.24155473  0.00000000

     Dynamical  Matrix in cartesian axes

     q = (    0.750000000  -0.250000000  -0.750000000 ) 

    1    1
  0.24155473  0.00000000   -0.00466461 -0.00737120   -0.00140076  0.00000000
 -0.00466461  0.00737120    0.29706008  0.00000000    0.00466461 -0.00737120
 -0.00140076  0.00000000    0.00466461  0.00737120    0.24155473  0.00000000
    1    2
 -0.06721208  0.05735651   -0.03946408  0.03542689   -0.12820003 -0.04028735
 -0.03946408  0.03542689   -0.08637943  0.05590718    0.03946408 -0.03542689
 -0.12820003 -0.04028735    0.03946408 -0.03542689   -0.06721208  0.05735651
    2    1
 -0.06721208 -0.05735651   -0.03946408 -0.03542689   -0.12820003  0.04028735
 -0.03946408 -0.03542689   -0.08637943 -0.05590718    0.03946408  0.03542689
 -0.12820003  0.04028735    0.03946408  0.03542689   -0.06721208 -0.05735651
    2    2
  0.24155473  0.00000000   -0.00466461  0.00737120   -0.00140076  0.00000000
 -0.00466461 -0.00737120    0.29706008  0.00000000    0.00466461  0.00737120
 -0.00140076  0.00000000    0.00466461 -0.00737120    0.24155473  0.00000000

     Dynamical  Matrix in cartesian axes

     q = (   -0.750000000  -0.250000000  -0.750000000 ) 

    1    1
  0.24155473  0.00000000    0.00466461 -0.00737120    0.00140076  0.00000000
  0.00466461  0.00737120    0.29706008  0.00000000    0.00466461  0.00737120
  0.00140076  0.00000000    0.00466461 -0.00737120    0.24155473  0.00000000
    1    2
  0.06721208  0.05735651   -0.03946408 -0.03542689   -0.12820003  0.04028735
 -0.03946408 -0.03542689    0.08637943  0.05590718   -0.03946408 -0.03542689
 -0.12820003  0.04028735   -0.03946408 -0.03542689    0.06721208  0.05735651
    2    1
  0.06721208 -0.05735651   -0.03946408  0.03542689   -0.12820003 -0.04028735
 -0.03946408  0.03542689    0.08637943 -0.05590718   -0.03946408  0.03542689
 -0.12820003 -0.04028735   -0.03946408  0.03542689    0.06721208 -0.05735651
    2    2
  0.24155473  0.00000000    0.00466461  0.00737120    0.00140076  0.00000000
  0.00466461 -0.00737120    0.29706008  0.00000000    0.00466461 -0.00737120
  0.00140076  0.00000000    0.00466461  0.00737120    0.24155473  0.00000000

     Dynamical  Matrix in cartesian axes

     q = (   -0.750000000  -0.250000000   0.750000000 ) 

    1    1
  0.24155473  0.00000000    0.00466461  0.00737120   -0.00140076  0.00000000
  0.00466461 -0.00737120    0.29706008  0.00000000   -0.00466461  0.00737120
 -0.00140076  0.00000000   -0.00466461 -0.00737120    0.24155473  0.00000000
    1    2
 -0.06721208  0.05735651    0.03946408 -0.03542689   -0.12820003 -0.04028735
  0.03946408 -0.03542689   -0.08637943  0.05590718   -0.03946408  0.03542689
 -0.12820003 -0.04028735   -0.03946408  0.03542689   -0.06721208  0.05735651
    2    1
 -0.06721208 -0.05735651    0.03946408  0.03542689   -0.12820003  0.04028735
  0.03946408  0.03542689   -0.08637943 -0.05590718   -0.03946408 -0.03542689
 -0.12820003  0.04028735   -0.03946408 -0.03542689   -0.06721208 -0.05735651
    2    2
  0.24155473  0.00000000    0.00466461 -0.00737120   -0.00140076  0.00000000
  0.00466461  0.00737120    0.29706008  0.00000000   -0.00466461 -0.00737120
 -0.00140076  0.00000000   -0.00466461  0.00737120    0.24155473  0.00000000

     Dynamical  Matrix in cartesian axes

     q = (   -0.750000000   0.250000000  -0.750000000 ) 

    1    1
  0.24155473  0.00000000   -0.00466461 -0.00737120    0.00140076  0.00000000
 -0.00466461  0.00737120    0.29706008  0.00000000   -0.00466461  0.00737120
  0.00140076  0.00000000   -0.00466461 -0.00737120    0.24155473  0.00000000
    1    2
 -0.05735651 -0.06721208   -0.03542689 -0.03946408   -0.04028735  0.12820003
 -0.03542689 -0.03946408   -0.05590718 -0.08637943   -0.03542689 -0.03946408
 -0.04028735  0.12820003   -0.03542689 -0.03946408   -0.05735651 -0.06721208
    2    1
 -0.05735651  0.06721208   -0.03542689  0.03946408   -0.04028735 -0.12820003
 -0.03542689  0.03946408   -0.05590718  0.08637943   -0.03542689  0.03946408
 -0.04028735 -0.12820003   -0.03542689  0.03946408   -0.05735651  0.06721208
    2    2
  0.24155473  0.00000000   -0.00466461  0.00737120    0.00140076  0.00000000
 -0.00466461 -0.00737120    0.29706008  0.00000000   -0.00466461 -0.00737120
  0.00140076  0.00000000   -0.00466461  0.00737120    0.24155473  0.00000000

     Dynamical  Matrix in cartesian axes

     q = (   -0.250000000   0.750000000  -0.750000000 ) 

    1    1
  0.29706008  0.00000000   -0.00466461  0.00737120    0.00466461 -0.00737120
 -0.00466461 -0.00737120    0.24155473  0.00000000   -0.00140076  0.00000000
  0.00466461  0.00737120   -0.00140076  0.00000000    0.24155473  0.00000000
    1    2
 -0.08637943  0.05590718   -0.03946408  0.03542689    0.03946408 -0.03542689
 -0.03946408  0.03542689   -0.06721208  0.05735651   -0.12820003 -0.04028735
  0.03946408 -0.03542689   -0.12820003 -0.04028735   -0.06721208  0.05735651
    2    1
 -0.08637943 -0.05590718   -0.03946408 -0.03542689    0.03946408  0.03542689
 -0.03946408 -0.03542689   -0.06721208 -0.05735651   -0.12820003  0.04028735
  0.03946408  0.03542689   -0.12820003  0.04028735   -0.06721208 -0.05735651
    2    2
  0.29706008  0.00000000   -0.00466461 -0.00737120    0.00466461  0.00737120
 -0.00466461  0.00737120    0.24155473  0.00000000   -0.00140076  0.00000000
  0.00466461 -0.00737120   -0.00140076  0.00000000    0.24155473  0.00000000

     Dynamical  Matrix in cartesian axes

     q = (   -0.750000000   0.750000000  -0.250000000 ) 

    1    1
  0.24155473  0.00000000   -0.00140076  0.00000000    0.00466461  0.00737120
 -0.00140076  0.00000000    0.24155473  0.00000000   -0.00466461 -0.00737120
  0.00466461 -0.00737120   -0.00466461  0.00737120    0.29706008  0.00000000
    1    2
 -0.06721208  0.05735651   -0.12820003 -0.04028735    0.03946408 -0.03542689
 -0.12820003 -0.04028735   -0.06721208  0.05735651   -0.03946408  0.03542689
  0.03946408 -0.03542689   -0.03946408  0.03542689   -0.08637943  0.05590718
    2    1
 -0.06721208 -0.05735651   -0.12820003  0.04028735    0.03946408  0.03542689
 -0.12820003  0.04028735   -0.06721208 -0.05735651   -0.03946408 -0.03542689
  0.03946408  0.03542689   -0.03946408 -0.03542689   -0.08637943 -0.05590718
    2    2
  0.24155473  0.00000000   -0.00140076  0.00000000    0.00466461 -0.00737120
 -0.00140076  0.00000000    0.24155473  0.00000000   -0.00466461  0.00737120
  0.00466461  0.00737120   -0.00466461 -0.00737120    0.29706008  0.00000000

     Dynamical  Matrix in cartesian axes

     q = (    0.750000000   0.250000000   0.750000000 ) 

    1    1
  0.24155473  0.00000000    0.00466461  0.00737120    0.00140076  0.00000000
  0.00466461 -0.00737120    0.29706008  0.00000000    0.00466461 -0.00737120
  0.00140076  0.00000000    0.00466461  0.00737120    0.24155473  0.00000000
    1    2
  0.06721208 -0.05735651   -0.03946408  0.03542689   -0.12820003 -0.04028735
 -0.03946408  0.03542689    0.08637943 -0.05590718   -0.03946408  0.03542689
 -0.12820003 -0.04028735   -0.03946408  0.03542689    0.06721208 -0.05735651
    2    1
  0.06721208  0.05735651   -0.03946408 -0.03542689   -0.12820003  0.04028735
 -0.03946408 -0.03542689    0.08637943  0.05590718   -0.03946408 -0.03542689
 -0.12820003  0.04028735   -0.03946408 -0.03542689    0.06721208  0.05735651
    2    2
  0.24155473  0.00000000    0.00466461 -0.00737120    0.00140076  0.00000000
  0.00466461  0.00737120    0.29706008  0.00000000    0.00466461  0.00737120
  0.00140076  0.00000000    0.00466461 -0.00737120    0.24155473  0.00000000

     Dynamical  Matrix in cartesian axes

     q = (   -0.750000000   0.250000000   0.750000000 ) 

    1    1
  0.24155473  0.00000000   -0.00466461  0.00737120   -0.00140076  0.00000000
 -0.00466461 -0.00737120    0.29706008  0.00000000    0.00466461  0.00737120
 -0.00140076  0.00000000    0.00466461 -0.00737120    0.24155473  0.00000000
    1    2
 -0.06721208 -0.05735651   -0.03946408 -0.03542689   -0.12820003  0.04028735
 -0.03946408 -0.03542689   -0.08637943 -0.05590718    0.03946408  0.03542689
 -0.12820003  0.04028735    0.03946408  0.03542689   -0.06721208 -0.05735651
    2    1
 -0.06721208  0.05735651   -0.03946408  0.03542689   -0.12820003 -0.04028735
 -0.03946408  0.03542689   -0.08637943  0.05590718    0.03946408 -0.03542689
 -0.12820003 -0.04028735    0.03946408 -0.03542689   -0.06721208  0.05735651
    2    2
  0.24155473  0.00000000   -0.00466461 -0.00737120   -0.00140076  0.00000000
 -0.00466461  0.00737120    0.29706008  0.00000000    0.00466461 -0.00737120
 -0.00140076  0.00000000    0.00466461  0.00737120    0.24155473  0.00000000

     Dynamical  Matrix in cartesian axes

     q = (    0.750000000   0.250000000  -0.750000000 ) 

    1    1
  0.24155473  0.00000000    0.00466461 -0.00737120   -0.00140076  0.00000000
  0.00466461  0.00737120    0.29706008  0.00000000   -0.00466461 -0.00737120
 -0.00140076  0.00000000   -0.00466461  0.00737120    0.24155473  0.00000000
    1    2
 -0.06721208 -0.05735651    0.03946408  0.03542689   -0.12820003  0.04028735
  0.03946408  0.03542689   -0.08637943 -0.05590718   -0.03946408 -0.03542689
 -0.12820003  0.04028735   -0.03946408 -0.03542689   -0.06721208 -0.05735651
    2    1
 -0.06721208  0.05735651    0.03946408 -0.03542689   -0.12820003 -0.04028735
  0.03946408 -0.03542689   -0.08637943  0.05590718   -0.03946408  0.03542689
 -0.12820003 -0.04028735   -0.03946408  0.03542689   -0.06721208  0.05735651
    2    2
  0.24155473  0.00000000    0.00466461  0.00737120   -0.00140076  0.00000000
  0.00466461 -0.00737120    0.29706008  0.00000000   -0.00466461  0.00737120
 -0.00140076  0.00000000   -0.00466461 -0.00737120    0.24155473  0.00000000

     Dynamical  Matrix in cartesian axes

     q = (   -0.750000000   0.750000000   0.250000000 ) 

    1    1
  0.24155473  0.00000000   -0.00140076  0.00000000   -0.00466461  0.00737120
 -0.00140076  0.00000000    0.24155473  0.00000000    0.00466461 -0.00737120
 -0.00466461 -0.00737120    0.00466461  0.00737120    0.29706008  0.00000000
    1    2
 -0.06721208 -0.05735651   -0.12820003  0.04028735   -0.03946408 -0.03542689
 -0.12820003  0.04028735   -0.06721208 -0.05735651    0.03946408  0.03542689
 -0.03946408 -0.03542689    0.03946408  0.03542689   -0.08637943 -0.05590718
    2    1
 -0.06721208  0.05735651   -0.12820003 -0.04028735   -0.03946408  0.03542689
 -0.12820003 -0.04028735   -0.06721208  0.05735651    0.03946408 -0.03542689
 -0.03946408  0.03542689    0.03946408 -0.03542689   -0.08637943  0.05590718
    2    2
  0.24155473  0.00000000   -0.00140076  0.00000000   -0.00466461 -0.00737120
 -0.00140076  0.00000000    0.24155473  0.00000000    0.00466461  0.00737120
 -0.00466461  0.00737120    0.00466461 -0.00737120    0.29706008  0.00000000

     Dynamical  Matrix in cartesian axes

     q = (   -0.250000000   0.750000000   0.750000000 ) 

    1    1
  0.29706008  0.00000000   -0.00466461 -0.00737120   -0.00466461 -0.00737120
 -0.00466461  0.00737120    0.24155473  0.00000000    0.00140076  0.00000000
 -0.00466461  0.00737120    0.00140076  0.00000000    0.24155473  0.00000000
    1    2
 -0.05590718  0.08637943   -0.03542689  0.03946408   -0.03542689  0.03946408
 -0.03542689  0.03946408   -0.05735651  0.06721208   -0.04028735 -0.12820003
 -0.03542689  0.03946408   -0.04028735 -0.12820003   -0.05735651  0.06721208
    2    1
 -0.05590718 -0.08637943   -0.03542689 -0.03946408   -0.03542689 -0.03946408
 -0.03542689 -0.03946408   -0.05735651 -0.06721208   -0.04028735  0.12820003
 -0.03542689 -0.03946408   -0.04028735  0.12820003   -0.05735651 -0.06721208
    2    2
  0.29706008  0.00000000   -0.00466461  0.00737120   -0.00466461  0.00737120
 -0.00466461 -0.00737120    0.24155473  0.00000000    0.00140076  0.00000000
 -0.00466461 -0.00737120    0.00140076  0.00000000    0.24155473  0.00000000

     Dynamical  Matrix in cartesian axes

     q = (    0.250000000   0.750000000  -0.750000000 ) 

    1    1
  0.29706008  0.00000000    0.00466461  0.00737120   -0.00466461 -0.00737120
  0.00466461 -0.00737120    0.24155473  0.00000000   -0.00140076  0.00000000
 -0.00466461  0.00737120   -0.00140076  0.00000000    0.24155473  0.00000000
    1    2
 -0.08637943 -0.05590718    0.03946408  0.03542689   -0.03946408 -0.03542689
  0.03946408  0.03542689   -0.06721208 -0.05735651   -0.12820003  0.04028735
 -0.03946408 -0.03542689   -0.12820003  0.04028735   -0.06721208 -0.05735651
    2    1
 -0.08637943  0.05590718    0.03946408 -0.03542689   -0.03946408  0.03542689
  0.03946408 -0.03542689   -0.06721208  0.05735651   -0.12820003 -0.04028735
 -0.03946408  0.03542689   -0.12820003 -0.04028735   -0.06721208  0.05735651
    2    2
  0.29706008  0.00000000    0.00466461 -0.00737120   -0.00466461  0.00737120
  0.00466461  0.00737120    0.24155473  0.00000000   -0.00140076  0.00000000
 -0.00466461 -0.00737120   -0.00140076  0.00000000    0.24155473  0.00000000

     Dynamical  Matrix in cartesian axes

     q = (   -0.250000000  -0.750000000  -0.750000000 ) 

    1    1
  0.29706008  0.00000000    0.00466461  0.00737120    0.00466461  0.00737120
  0.00466461 -0.00737120    0.24155473  0.00000000    0.00140076  0.00000000
  0.00466461 -0.00737120    0.00140076  0.00000000    0.24155473  0.00000000
    1    2
  0.08637943  0.05590718   -0.03946408 -0.03542689   -0.03946408 -0.03542689
 -0.03946408 -0.03542689    0.06721208  0.05735651   -0.12820003  0.04028735
 -0.03946408 -0.03542689   -0.12820003  0.04028735    0.06721208  0.05735651
    2    1
  0.08637943 -0.05590718   -0.03946408  0.03542689   -0.03946408  0.03542689
 -0.03946408  0.03542689    0.06721208 -0.05735651   -0.12820003 -0.04028735
 -0.03946408  0.03542689   -0.12820003 -0.04028735    0.06721208 -0.05735651
    2    2
  0.29706008  0.00000000    0.00466461 -0.00737120    0.00466461 -0.00737120
  0.00466461  0.00737120    0.24155473  0.00000000    0.00140076  0.00000000
  0.00466461  0.00737120    0.00140076  0.00000000    0.24155473  0.00000000

     Dynamical  Matrix in cartesian axes

     q = (    0.750000000   0.750000000  -0.250000000 ) 

    1    1
  0.24155473  0.00000000    0.00140076  0.00000000   -0.00466461  0.00737120
  0.00140076  0.00000000    0.24155473  0.00000000   -0.00466461  0.00737120
 -0.00466461 -0.00737120   -0.00466461 -0.00737120    0.29706008  0.00000000
    1    2
 -0.05735651  0.06721208   -0.04028735 -0.12820003   -0.03542689  0.03946408
 -0.04028735 -0.12820003   -0.05735651  0.06721208   -0.03542689  0.03946408
 -0.03542689  0.03946408   -0.03542689  0.03946408   -0.05590718  0.08637943
    2    1
 -0.05735651 -0.06721208   -0.04028735  0.12820003   -0.03542689 -0.03946408
 -0.04028735  0.12820003   -0.05735651 -0.06721208   -0.03542689 -0.03946408
 -0.03542689 -0.03946408   -0.03542689 -0.03946408   -0.05590718 -0.08637943
    2    2
  0.24155473  0.00000000    0.00140076  0.00000000   -0.00466461 -0.00737120
  0.00140076  0.00000000    0.24155473  0.00000000   -0.00466461 -0.00737120
 -0.00466461  0.00737120   -0.00466461  0.00737120    0.29706008  0.00000000

     Dynamical  Matrix in cartesian axes

     q = (    0.750000000  -0.750000000   0.250000000 ) 

    1    1
  0.24155473  0.00000000   -0.00140076  0.00000000    0.00466461 -0.00737120
 -0.00140076  0.00000000    0.24155473  0.00000000   -0.00466461  0.00737120
  0.00466461  0.00737120   -0.00466461 -0.00737120    0.29706008  0.00000000
    1    2
 -0.06721208 -0.05735651   -0.12820003  0.04028735    0.03946408  0.03542689
 -0.12820003  0.04028735   -0.06721208 -0.05735651   -0.03946408 -0.03542689
  0.03946408  0.03542689   -0.03946408 -0.03542689   -0.08637943 -0.05590718
    2    1
 -0.06721208  0.05735651   -0.12820003 -0.04028735    0.03946408 -0.03542689
 -0.12820003 -0.04028735   -0.06721208  0.05735651   -0.03946408  0.03542689
  0.03946408 -0.03542689   -0.03946408  0.03542689   -0.08637943  0.05590718
    2    2
  0.24155473  0.00000000   -0.00140076  0.00000000    0.00466461  0.00737120
 -0.00140076  0.00000000    0.24155473  0.00000000   -0.00466461 -0.00737120
  0.00466461 -0.00737120   -0.00466461  0.00737120    0.29706008  0.00000000

     Dynamical  Matrix in cartesian axes

     q = (   -0.750000000  -0.750000000  -0.250000000 ) 

    1    1
  0.24155473  0.00000000    0.00140076  0.00000000    0.00466461 -0.00737120
  0.00140076  0.00000000    0.24155473  0.00000000    0.00466461 -0.00737120
  0.00466461  0.00737120    0.00466461  0.00737120    0.29706008  0.00000000
    1    2
  0.06721208  0.05735651   -0.12820003  0.04028735   -0.03946408 -0.03542689
 -0.12820003  0.04028735    0.06721208  0.05735651   -0.03946408 -0.03542689
 -0.03946408 -0.03542689   -0.03946408 -0.03542689    0.08637943  0.05590718
    2    1
  0.06721208 -0.05735651   -0.12820003 -0.04028735   -0.03946408  0.03542689
 -0.12820003 -0.04028735    0.06721208 -0.05735651   -0.03946408  0.03542689
 -0.03946408  0.03542689   -0.03946408  0.03542689    0.08637943 -0.05590718
    2    2
  0.24155473  0.00000000    0.00140076  0.00000000    0.00466461  0.00737120
  0.00140076  0.00000000    0.24155473  0.00000000    0.00466461  0.00737120
  0.00466461 -0.00737120    0.00466461 -0.00737120    0.29706008  0.00000000

     Dynamical  Matrix in cartesian axes

     q = (    0.250000000  -0.750000000   0.750000000 ) 

    1    1
  0.29706008  0.00000000   -0.00466461 -0.00737120    0.00466461  0.00737120
 -0.00466461  0.00737120    0.24155473  0.00000000   -0.00140076  0.00000000
  0.00466461 -0.00737120   -0.00140076  0.00000000    0.24155473  0.00000000
    1    2
 -0.08637943 -0.05590718   -0.03946408 -0.03542689    0.03946408  0.03542689
 -0.03946408 -0.03542689   -0.06721208 -0.05735651   -0.12820003  0.04028735
  0.03946408  0.03542689   -0.12820003  0.04028735   -0.06721208 -0.05735651
    2    1
 -0.08637943  0.05590718   -0.03946408  0.03542689    0.03946408 -0.03542689
 -0.03946408  0.03542689   -0.06721208  0.05735651   -0.12820003 -0.04028735
  0.03946408 -0.03542689   -0.12820003 -0.04028735   -0.06721208  0.05735651
    2    2
  0.29706008  0.00000000   -0.00466461  0.00737120    0.00466461 -0.00737120
 -0.00466461 -0.00737120    0.24155473  0.00000000   -0.00140076  0.00000000
  0.00466461  0.00737120   -0.00140076  0.00000000    0.24155473  0.00000000

     Dynamical  Matrix in cartesian axes

     q = (   -0.750000000  -0.750000000   0.250000000 ) 

    1    1
  0.24155473  0.00000000    0.00140076  0.00000000   -0.00466461 -0.00737120
  0.00140076  0.00000000    0.24155473  0.00000000   -0.00466461 -0.00737120
 -0.00466461  0.00737120   -0.00466461  0.00737120    0.29706008  0.00000000
    1    2
 -0.05735651 -0.06721208   -0.04028735  0.12820003   -0.03542689 -0.03946408
 -0.04028735  0.12820003   -0.05735651 -0.06721208   -0.03542689 -0.03946408
 -0.03542689 -0.03946408   -0.03542689 -0.03946408   -0.05590718 -0.08637943
    2    1
 -0.05735651  0.06721208   -0.04028735 -0.12820003   -0.03542689  0.03946408
 -0.04028735 -0.12820003   -0.05735651  0.06721208   -0.03542689  0.03946408
 -0.03542689  0.03946408   -0.03542689  0.03946408   -0.05590718  0.08637943
    2    2
  0.24155473  0.00000000    0.00140076  0.00000000   -0.00466461  0.00737120
  0.00140076  0.00000000    0.24155473  0.00000000   -0.00466461  0.00737120
 -0.00466461 -0.00737120   -0.00466461 -0.00737120    0.29706008  0.00000000

     Dynamical  Matrix in cartesian axes

     q = (    0.250000000   0.750000000   0.750000000 ) 

    1    1
  0.29706008  0.00000000    0.00466461 -0.00737120    0.00466461 -0.00737120
  0.00466461  0.00737120    0.24155473  0.00000000    0.00140076  0.00000000
  0.00466461  0.00737120    0.00140076  0.00000000    0.24155473  0.00000000
    1    2
  0.08637943 -0.05590718   -0.03946408  0.03542689   -0.03946408  0.03542689
 -0.03946408  0.03542689    0.06721208 -0.05735651   -0.12820003 -0.04028735
 -0.03946408  0.03542689   -0.12820003 -0.04028735    0.06721208 -0.05735651
    2    1
  0.08637943  0.05590718   -0.03946408 -0.03542689   -0.03946408 -0.03542689
 -0.03946408 -0.03542689    0.06721208  0.05735651   -0.12820003  0.04028735
 -0.03946408 -0.03542689   -0.12820003  0.04028735    0.06721208  0.05735651
    2    2
  0.29706008  0.00000000    0.00466461  0.00737120    0.00466461  0.00737120
  0.00466461 -0.00737120    0.24155473  0.00000000    0.00140076  0.00000000
  0.00466461 -0.00737120    0.00140076  0.00000000    0.24155473  0.00000000

     Dynamical  Matrix in cartesian axes

     q = (   -0.250000000  -0.750000000   0.750000000 ) 

    1    1
  0.29706008  0.00000000    0.00466461 -0.00737120   -0.00466461  0.00737120
  0.00466461  0.00737120    0.24155473  0.00000000   -0.00140076  0.00000000
 -0.00466461 -0.00737120   -0.00140076  0.00000000    0.24155473  0.00000000
    1    2
 -0.08637943  0.05590718    0.03946408 -0.03542689   -0.03946408  0.03542689
  0.03946408 -0.03542689   -0.06721208  0.05735651   -0.12820003 -0.04028735
 -0.03946408  0.03542689   -0.12820003 -0.04028735   -0.06721208  0.05735651
    2    1
 -0.08637943 -0.05590718    0.03946408  0.03542689   -0.03946408 -0.03542689
  0.03946408  0.03542689   -0.06721208 -0.05735651   -0.12820003  0.04028735
 -0.03946408 -0.03542689   -0.12820003  0.04028735   -0.06721208 -0.05735651
    2    2
  0.29706008  0.00000000    0.00466461  0.00737120   -0.00466461 -0.00737120
  0.00466461 -0.00737120    0.24155473  0.00000000   -0.00140076  0.00000000
 -0.00466461  0.00737120   -0.00140076  0.00000000    0.24155473  0.00000000

     Dynamical  Matrix in cartesian axes

     q = (    0.750000000   0.750000000   0.250000000 ) 

    1    1
  0.24155473  0.00000000    0.00140076  0.00000000    0.00466461  0.00737120
  0.00140076  0.00000000    0.24155473  0.00000000    0.00466461  0.00737120
  0.00466461 -0.00737120    0.00466461 -0.00737120    0.29706008  0.00000000
    1    2
  0.06721208 -0.05735651   -0.12820003 -0.04028735   -0.03946408  0.03542689
 -0.12820003 -0.04028735    0.06721208 -0.05735651   -0.03946408  0.03542689
 -0.03946408  0.03542689   -0.03946408  0.03542689    0.08637943 -0.05590718
    2    1
  0.06721208  0.05735651   -0.12820003  0.04028735   -0.03946408 -0.03542689
 -0.12820003  0.04028735    0.06721208  0.05735651   -0.03946408 -0.03542689
 -0.03946408 -0.03542689   -0.03946408 -0.03542689    0.08637943  0.05590718
    2    2
  0.24155473  0.00000000    0.00140076  0.00000000    0.00466461 -0.00737120
  0.00140076  0.00000000    0.24155473  0.00000000    0.00466461 -0.00737120
  0.00466461  0.00737120    0.00466461  0.00737120    0.29706008  0.00000000

     Dynamical  Matrix in cartesian axes

     q = (    0.250000000  -0.750000000  -0.750000000 ) 

    1    1
  0.29706008  0.00000000   -0.00466461  0.00737120   -0.00466461  0.00737120
 -0.00466461 -0.00737120    0.24155473  0.00000000    0.00140076  0.00000000
 -0.00466461 -0.00737120    0.00140076  0.00000000    0.24155473  0.00000000
    1    2
 -0.05590718 -0.08637943   -0.03542689 -0.03946408   -0.03542689 -0.03946408
 -0.03542689 -0.03946408   -0.05735651 -0.06721208   -0.04028735  0.12820003
 -0.03542689 -0.03946408   -0.04028735  0.12820003   -0.05735651 -0.06721208
    2    1
 -0.05590718  0.08637943   -0.03542689  0.03946408   -0.03542689  0.03946408
 -0.03542689  0.03946408   -0.05735651  0.06721208   -0.04028735 -0.12820003
 -0.03542689  0.03946408   -0.04028735 -0.12820003   -0.05735651  0.06721208
    2    2
  0.29706008  0.00000000   -0.00466461 -0.00737120   -0.00466461 -0.00737120
 -0.00466461  0.00737120    0.24155473  0.00000000    0.00140076  0.00000000
 -0.00466461  0.00737120    0.00140076  0.00000000    0.24155473  0.00000000

     Dynamical  Matrix in cartesian axes

     q = (    0.750000000  -0.750000000  -0.250000000 ) 

    1    1
  0.24155473  0.00000000   -0.00140076  0.00000000   -0.00466461 -0.00737120
 -0.00140076  0.00000000    0.24155473  0.00000000    0.00466461  0.00737120
 -0.00466461  0.00737120    0.00466461 -0.00737120    0.29706008  0.00000000
    1    2
 -0.06721208  0.05735651   -0.12820003 -0.04028735   -0.03946408  0.03542689
 -0.12820003 -0.04028735   -0.06721208  0.05735651    0.03946408 -0.03542689
 -0.03946408  0.03542689    0.03946408 -0.03542689   -0.08637943  0.05590718
    2    1
 -0.06721208 -0.05735651   -0.12820003  0.04028735   -0.03946408 -0.03542689
 -0.12820003  0.04028735   -0.06721208 -0.05735651    0.03946408  0.03542689
 -0.03946408 -0.03542689    0.03946408  0.03542689   -0.08637943 -0.05590718
    2    2
  0.24155473  0.00000000   -0.00140076  0.00000000   -0.00466461  0.00737120
 -0.00140076  0.00000000    0.24155473  0.00000000    0.00466461 -0.00737120
 -0.00466461 -0.00737120    0.00466461  0.00737120    0.29706008  0.00000000

     Diagonalizing the dynamical matrix

     q = (    0.750000000  -0.250000000   0.750000000 ) 

 **************************************************************************
     freq (    1) =       4.313010 [THz] =     143.866516 [cm-1]
 ( -0.043509  0.498103  0.000000 -0.000000  0.043509 -0.498103 ) 
 ( -0.500000 -0.000000 -0.000000 -0.000000  0.500000  0.000000 ) 
     freq (    2) =       6.147516 [THz] =     205.059048 [cm-1]
 ( -0.400949 -0.142671 -0.333347  0.163248 -0.400949 -0.142671 ) 
 ( -0.425576 -0.000000 -0.259330 -0.265553 -0.425576  0.000000 ) 
     freq (    3) =       9.322869 [THz] =     310.977435 [cm-1]
 ( -0.076377  0.296654 -0.438962 -0.345889 -0.076377  0.296654 ) 
 (  0.306328 -0.000000 -0.225517 -0.511340  0.306328  0.000000 ) 
     freq (    4) =      11.878563 [THz] =     396.226223 [cm-1]
 ( -0.167986 -0.322819  0.400145  0.273899 -0.167986 -0.322819 ) 
 (  0.363912  0.000000 -0.427682 -0.228527  0.363912  0.000000 ) 
     freq (    5) =      13.581968 [THz] =     453.045681 [cm-1]
 ( -0.043509  0.498103 -0.000000 -0.000000  0.043509 -0.498103 ) 
 (  0.500000 -0.000000  0.000000 -0.000000 -0.500000  0.000000 ) 
     freq (    6) =      13.813902 [THz] =     460.782188 [cm-1]
 (  0.282935  0.112091  0.502796 -0.248924  0.282935  0.112091 ) 
 ( -0.304330  0.000000 -0.375765 -0.416615 -0.304330  0.000000 ) 
 **************************************************************************
