Dynamical matrix file
                                                                           
  1    2  2 10.3310000  0.0000000  0.0000000  0.0000000  0.0000000  0.0000000
           1  'Si  '    25598.822984527003     
    1    1      0.0000000000      0.0000000000      0.0000000000
    2    1      0.2500000000      0.2500000000      0.2500000000

     Dynamical  Matrix in cartesian axes

     q = (   -0.250000000   0.250000000  -0.250000000 ) 

    1    1
  0.27008237  0.00000000   -0.01094090  0.00000000    0.01094090  0.00000000
 -0.01094090  0.00000000    0.27008237  0.00000000   -0.01094090  0.00000000
  0.01094090  0.00000000   -0.01094090  0.00000000    0.27008237  0.00000000
    1    2
 -0.19426682 -0.05584582   -0.03696946  0.03768995    0.03696946 -0.03768995
 -0.03696946  0.03768995   -0.19426682 -0.05584582   -0.03696946  0.03768995
  0.03696946 -0.03768995   -0.03696946  0.03768995   -0.19426682 -0.05584582
    2    1
 -0.19426682  0.05584582   -0.03696946 -0.03768995    0.03696946  0.03768995
 -0.03696946 -0.03768995   -0.19426682  0.05584582   -0.03696946 -0.03768995
  0.03696946  0.03768995   -0.03696946 -0.03768995   -0.19426682  0.05584582
    2    2
  0.27008237  0.00000000   -0.01094090  0.00000000    0.01094090  0.00000000
 -0.01094090  0.00000000    0.27008237  0.00000000   -0.01094090  0.00000000
  0.01094090  0.00000000   -0.01094090  0.00000000    0.27008237  0.00000000

     Dynamical  Matrix in cartesian axes

     q = (    0.250000000  -0.250000000  -0.250000000 ) 

    1    1
  0.27008237  0.00000000   -0.01094090  0.00000000   -0.01094090  0.00000000
 -0.01094090  0.00000000    0.27008237  0.00000000    0.01094090  0.00000000
 -0.01094090  0.00000000    0.01094090  0.00000000    0.27008237  0.00000000
    1    2
 -0.19426682 -0.05584582   -0.03696946  0.03768995   -0.03696946  0.03768995
 -0.03696946  0.03768995   -0.19426682 -0.05584582    0.03696946 -0.03768995
 -0.03696946  0.03768995    0.03696946 -0.03768995   -0.19426682 -0.05584582
    2    1
 -0.19426682  0.05584582   -0.03696946 -0.03768995   -0.03696946 -0.03768995
 -0.03696946 -0.03768995   -0.19426682  0.05584582    0.03696946  0.03768995
 -0.03696946 -0.03768995    0.03696946  0.03768995   -0.19426682  0.05584582
    2    2
  0.27008237  0.00000000   -0.01094090  0.00000000   -0.01094090  0.00000000
 -0.01094090  0.00000000    0.27008237  0.00000000    0.01094090  0.00000000
 -0.01094090  0.00000000    0.01094090  0.00000000    0.27008237  0.00000000

     Dynamical  Matrix in cartesian axes

     q = (    0.250000000  -0.250000000   0.250000000 ) 

    1    1
  0.27008237  0.00000000   -0.01094090  0.00000000    0.01094090  0.00000000
 -0.01094090  0.00000000    0.27008237  0.00000000   -0.01094090  0.00000000
  0.01094090  0.00000000   -0.01094090  0.00000000    0.27008237  0.00000000
    1    2
 -0.19426682  0.05584582   -0.03696946 -0.03768995    0.03696946  0.03768995
 -0.03696946 -0.03768995   -0.19426682  0.05584582   -0.03696946 -0.03768995
  0.03696946  0.03768995   -0.03696946 -0.03768995   -0.19426682  0.05584582
    2    1
 -0.19426682 -0.05584582   -0.03696946  0.03768995    0.03696946 -0.03768995
 -0.03696946  0.03768995   -0.19426682 -0.05584582   -0.03696946  0.03768995
  0.03696946 -0.03768995   -0.03696946  0.03768995   -0.19426682 -0.05584582
    2    2
  0.27008237  0.00000000   -0.01094090  0.00000000    0.01094090  0.00000000
 -0.01094090  0.00000000    0.27008237  0.00000000   -0.01094090  0.00000000
  0.01094090  0.00000000   -0.01094090  0.00000000    0.27008237  0.00000000

     Dynamical  Matrix in cartesian axes

     q = (    0.250000000   0.250000000   0.250000000 ) 

    1    1
  0.27008237  0.00000000    0.01094090  0.00000000    0.01094090  0.00000000
  0.01094090  0.00000000    0.27008237  0.00000000    0.01094090  0.00000000
  0.01094090  0.00000000    0.01094090  0.00000000    0.27008237  0.00000000
    1    2
 -0.05584582  0.19426682   -0.03768995 -0.03696946   -0.03768995 -0.03696946
 -0.03768995 -0.03696946   -0.05584582  0.19426682   -0.03768995 -0.03696946
 -0.03768995 -0.03696946   -0.03768995 -0.03696946   -0.05584582  0.19426682
    2    1
 -0.05584582 -0.19426682   -0.03768995  0.03696946   -0.03768995  0.03696946
 -0.03768995  0.03696946   -0.05584582 -0.19426682   -0.03768995  0.03696946
 -0.03768995  0.03696946   -0.03768995  0.03696946   -0.05584582 -0.19426682
    2    2
  0.27008237  0.00000000    0.01094090  0.00000000    0.01094090  0.00000000
  0.01094090  0.00000000    0.27008237  0.00000000    0.01094090  0.00000000
  0.01094090  0.00000000    0.01094090  0.00000000    0.27008237  0.00000000

     Dynamical  Matrix in cartesian axes

     q = (   -0.250000000  -0.250000000  -0.250000000 ) 

    1    1
  0.27008237  0.00000000    0.01094090  0.00000000    0.01094090  0.00000000
  0.01094090  0.00000000    0.27008237  0.00000000    0.01094090  0.00000000
  0.01094090  0.00000000    0.01094090  0.00000000    0.27008237  0.00000000
    1    2
 -0.05584582 -0.19426682   -0.03768995  0.03696946   -0.03768995  0.03696946
 -0.03768995  0.03696946   -0.05584582 -0.19426682   -0.03768995  0.03696946
 -0.03768995  0.03696946   -0.03768995  0.03696946   -0.05584582 -0.19426682
    2    1
 -0.05584582  0.19426682   -0.03768995 -0.03696946   -0.03768995 -0.03696946
 -0.03768995 -0.03696946   -0.05584582  0.19426682   -0.03768995 -0.03696946
 -0.03768995 -0.03696946   -0.03768995 -0.03696946   -0.05584582  0.19426682
    2    2
  0.27008237  0.00000000    0.01094090  0.00000000    0.01094090  0.00000000
  0.01094090  0.00000000    0.27008237  0.00000000    0.01094090  0.00000000
  0.01094090  0.00000000    0.01094090  0.00000000    0.27008237  0.00000000

     Dynamical  Matrix in cartesian axes

     q = (   -0.250000000  -0.250000000   0.250000000 ) 

    1    1
  0.27008237  0.00000000    0.01094090  0.00000000   -0.01094090  0.00000000
  0.01094090  0.00000000    0.27008237  0.00000000   -0.01094090  0.00000000
 -0.01094090  0.00000000   -0.01094090  0.00000000    0.27008237  0.00000000
    1    2
 -0.19426682 -0.05584582    0.03696946 -0.03768995   -0.03696946  0.03768995
  0.03696946 -0.03768995   -0.19426682 -0.05584582   -0.03696946  0.03768995
 -0.03696946  0.03768995   -0.03696946  0.03768995   -0.19426682 -0.05584582
    2    1
 -0.19426682  0.05584582    0.03696946  0.03768995   -0.03696946 -0.03768995
  0.03696946  0.03768995   -0.19426682  0.05584582   -0.03696946 -0.03768995
 -0.03696946 -0.03768995   -0.03696946 -0.03768995   -0.19426682  0.05584582
    2    2
  0.27008237  0.00000000    0.01094090  0.00000000   -0.01094090  0.00000000
  0.01094090  0.00000000    0.27008237  0.00000000   -0.01094090  0.00000000
 -0.01094090  0.00000000   -0.01094090  0.00000000    0.27008237  0.00000000

     Dynamical  Matrix in cartesian axes

     q = (   -0.250000000   0.250000000   0.250000000 ) 

    1    1
  0.27008237  0.00000000   -0.01094090  0.00000000   -0.01094090  0.00000000
 -0.01094090  0.00000000    0.27008237  0.00000000    0.01094090  0.00000000
 -0.01094090  0.00000000    0.01094090  0.00000000    0.27008237  0.00000000
    1    2
 -0.19426682  0.05584582   -0.03696946 -0.03768995   -0.03696946 -0.03768995
 -0.03696946 -0.03768995   -0.19426682  0.05584582    0.03696946  0.03768995
 -0.03696946 -0.03768995    0.03696946  0.03768995   -0.19426682  0.05584582
    2    1
 -0.19426682 -0.05584582   -0.03696946  0.03768995   -0.03696946  0.03768995
 -0.03696946  0.03768995   -0.19426682 -0.05584582    0.03696946 -0.03768995
 -0.03696946  0.03768995    0.03696946 -0.03768995   -0.19426682 -0.05584582
    2    2
  0.27008237  0.00000000   -0.01094090  0.00000000   -0.01094090  0.00000000
 -0.01094090  0.00000000    0.27008237  0.00000000    0.01094090  0.00000000
 -0.01094090  0.00000000    0.01094090  0.00000000    0.27008237  0.00000000

     Dynamical  Matrix in cartesian axes

     q = (    0.250000000   0.250000000  -0.250000000 ) 

    1    1
  0.27008237  0.00000000    0.01094090  0.00000000   -0.01094090  0.00000000
  0.01094090  0.00000000    0.27008237  0.00000000   -0.01094090  0.00000000
 -0.01094090  0.00000000   -0.01094090  0.00000000    0.27008237  0.00000000
    1    2
 -0.19426682  0.05584582    0.03696946  0.03768995   -0.03696946 -0.03768995
  0.03696946  0.03768995   -0.19426682  0.05584582   -0.03696946 -0.03768995
 -0.03696946 -0.03768995   -0.03696946 -0.03768995   -0.19426682  0.05584582
    2    1
 -0.19426682 -0.05584582    0.03696946 -0.03768995   -0.03696946  0.03768995
  0.03696946 -0.03768995   -0.19426682 -0.05584582   -0.03696946  0.03768995
 -0.03696946  0.03768995   -0.03696946  0.03768995   -0.19426682 -0.05584582
    2    2
  0.27008237  0.00000000    0.01094090  0.00000000   -0.01094090  0.00000000
  0.01094090  0.00000000    0.27008237  0.00000000   -0.01094090  0.00000000
 -0.01094090  0.00000000   -0.01094090  0.00000000    0.27008237  0.00000000

     Diagonalizing the dynamical matrix

     q = (   -0.250000000   0.250000000  -0.250000000 ) 

 **************************************************************************
     freq (    1) =       3.390765 [THz] =     113.103740 [cm-1]
 (  0.444100 -0.044279 -0.088625 -0.086107 -0.532725 -0.041828 ) 
 (  0.439271 -0.078906 -0.095093 -0.078906 -0.534365  0.000000 ) 
     freq (    2) =       3.390765 [THz] =     113.103740 [cm-1]
 ( -0.325502  0.167917 -0.543435  0.150806 -0.217933 -0.017111 ) 
 ( -0.311360  0.192881 -0.529964  0.192881 -0.218604  0.000000 ) 
     freq (    3) =       6.940151 [THz] =     231.498527 [cm-1]
 ( -0.275910 -0.300899  0.275910  0.300899 -0.275910 -0.300899 ) 
 ( -0.408248 -0.000000  0.408248 -0.000000 -0.408248  0.000000 ) 
     freq (    4) =      14.096681 [THz] =     470.214665 [cm-1]
 ( -0.275910 -0.300899  0.275910  0.300899 -0.275910 -0.300899 ) 
 (  0.408248  0.000000 -0.408248 -0.000000  0.408248  0.000000 ) 
     freq (    5) =      14.409381 [THz] =     480.645212 [cm-1]
 ( -0.330416  0.191976 -0.531328  0.176201 -0.200912 -0.015775 ) 
 (  0.314375 -0.217251  0.515905 -0.217251  0.201530  0.000000 ) 
     freq (    6) =      14.409381 [THz] =     480.645212 [cm-1]
 (  0.430183 -0.047396 -0.109192 -0.089746 -0.539375 -0.042350 ) 
 ( -0.425153  0.080924  0.115882  0.080924  0.541035  0.000000 ) 
 **************************************************************************
