Dynamical matrix file
                                                                           
  1    2  2 10.3310000  0.0000000  0.0000000  0.0000000  0.0000000  0.0000000
           1  'Si  '    25598.822984527003     
    1    1      0.0000000000      0.0000000000      0.0000000000
    2    1      0.2500000000      0.2500000000      0.2500000000

     Dynamical  Matrix in cartesian axes

     q = (    0.750000000  -0.250000000   0.750000000 ) 

    1    1
  0.23358716  0.00000000   -0.00488376  0.00744774    0.00212028  0.00000000
 -0.00488376 -0.00744774    0.28922996 -0.00000000   -0.00488376 -0.00744774
  0.00212028  0.00000000   -0.00488376  0.00744774    0.23358716  0.00000000
    1    2
 -0.06369121  0.05505314   -0.03658386  0.04081985   -0.04172382 -0.13252295
 -0.03658386  0.04081985   -0.06241640  0.07395244   -0.03658386  0.04081985
 -0.04172382 -0.13252295   -0.03658386  0.04081985   -0.06369121  0.05505314
    2    1
 -0.06369121 -0.05505314   -0.03658386 -0.04081985   -0.04172382  0.13252295
 -0.03658386 -0.04081985   -0.06241640 -0.07395244   -0.03658386 -0.04081985
 -0.04172382  0.13252295   -0.03658386 -0.04081985   -0.06369121 -0.05505314
    2    2
  0.23358716 -0.00000000   -0.00488376 -0.00744774    0.00212028 -0.00000000
 -0.00488376  0.00744774    0.28922996  0.00000000   -0.00488376  0.00744774
  0.00212028 -0.00000000   -0.00488376 -0.00744774    0.23358716 -0.00000000

     Dynamical  Matrix in cartesian axes

     q = (    0.750000000  -0.250000000  -0.750000000 ) 

    1    1
  0.23358716 -0.00000000   -0.00488376 -0.00744774   -0.00212028  0.00000000
 -0.00488376  0.00744774    0.28922996  0.00000000    0.00488376 -0.00744774
 -0.00212028  0.00000000    0.00488376  0.00744774    0.23358716 -0.00000000
    1    2
 -0.05505314  0.06369121   -0.04081985  0.03658386   -0.13252295 -0.04172382
 -0.04081985  0.03658386   -0.07395244  0.06241640    0.04081985 -0.03658386
 -0.13252295 -0.04172382    0.04081985 -0.03658386   -0.05505314  0.06369121
    2    1
 -0.05505314 -0.06369121   -0.04081985 -0.03658386   -0.13252295  0.04172382
 -0.04081985 -0.03658386   -0.07395244 -0.06241640    0.04081985  0.03658386
 -0.13252295  0.04172382    0.04081985  0.03658386   -0.05505314 -0.06369121
    2    2
  0.23358716  0.00000000   -0.00488376  0.00744774   -0.00212028 -0.00000000
 -0.00488376 -0.00744774    0.28922996 -0.00000000    0.00488376  0.00744774
 -0.00212028 -0.00000000    0.00488376 -0.00744774    0.23358716  0.00000000

     Dynamical  Matrix in cartesian axes

     q = (   -0.750000000  -0.250000000  -0.750000000 ) 

    1    1
  0.23358716  0.00000000    0.00488376 -0.00744774    0.00212028  0.00000000
  0.00488376  0.00744774    0.28922996 -0.00000000    0.00488376  0.00744774
  0.00212028  0.00000000    0.00488376 -0.00744774    0.23358716  0.00000000
    1    2
  0.05505314  0.06369121   -0.04081985 -0.03658386   -0.13252295  0.04172382
 -0.04081985 -0.03658386    0.07395244  0.06241640   -0.04081985 -0.03658386
 -0.13252295  0.04172382   -0.04081985 -0.03658386    0.05505314  0.06369121
    2    1
  0.05505314 -0.06369121   -0.04081985  0.03658386   -0.13252295 -0.04172382
 -0.04081985  0.03658386    0.07395244 -0.06241640   -0.04081985  0.03658386
 -0.13252295 -0.04172382   -0.04081985  0.03658386    0.05505314 -0.06369121
    2    2
  0.23358716 -0.00000000    0.00488376  0.00744774    0.00212028 -0.00000000
  0.00488376 -0.00744774    0.28922996  0.00000000    0.00488376 -0.00744774
  0.00212028 -0.00000000    0.00488376  0.00744774    0.23358716 -0.00000000

     Dynamical  Matrix in cartesian axes

     q = (   -0.750000000  -0.250000000   0.750000000 ) 

    1    1
  0.23358716 -0.00000000    0.00488376  0.00744774   -0.00212028  0.00000000
  0.00488376 -0.00744774    0.28922996  0.00000000   -0.00488376  0.00744774
 -0.00212028  0.00000000   -0.00488376 -0.00744774    0.23358716 -0.00000000
    1    2
 -0.05505314  0.06369121    0.04081985 -0.03658386   -0.13252295 -0.04172382
  0.04081985 -0.03658386   -0.07395244  0.06241640   -0.04081985  0.03658386
 -0.13252295 -0.04172382   -0.04081985  0.03658386   -0.05505314  0.06369121
    2    1
 -0.05505314 -0.06369121    0.04081985  0.03658386   -0.13252295  0.04172382
  0.04081985  0.03658386   -0.07395244 -0.06241640   -0.04081985 -0.03658386
 -0.13252295  0.04172382   -0.04081985 -0.03658386   -0.05505314 -0.06369121
    2    2
  0.23358716  0.00000000    0.00488376 -0.00744774   -0.00212028 -0.00000000
  0.00488376  0.00744774    0.28922996 -0.00000000   -0.00488376 -0.00744774
 -0.00212028 -0.00000000   -0.00488376  0.00744774    0.23358716  0.00000000

     Dynamical  Matrix in cartesian axes

     q = (   -0.750000000   0.250000000  -0.750000000 ) 

    1    1
  0.23358716 -0.00000000   -0.00488376 -0.00744774    0.00212028 -0.00000000
 -0.00488376  0.00744774    0.28922996  0.00000000   -0.00488376  0.00744774
  0.00212028 -0.00000000   -0.00488376 -0.00744774    0.23358716 -0.00000000
    1    2
 -0.06369121 -0.05505314   -0.03658386 -0.04081985   -0.04172382  0.13252295
 -0.03658386 -0.04081985   -0.06241640 -0.07395244   -0.03658386 -0.04081985
 -0.04172382  0.13252295   -0.03658386 -0.04081985   -0.06369121 -0.05505314
    2    1
 -0.06369121  0.05505314   -0.03658386  0.04081985   -0.04172382 -0.13252295
 -0.03658386  0.04081985   -0.06241640  0.07395244   -0.03658386  0.04081985
 -0.04172382 -0.13252295   -0.03658386  0.04081985   -0.06369121  0.05505314
    2    2
  0.23358716  0.00000000   -0.00488376  0.00744774    0.00212028  0.00000000
 -0.00488376 -0.00744774    0.28922996 -0.00000000   -0.00488376 -0.00744774
  0.00212028  0.00000000   -0.00488376  0.00744774    0.23358716  0.00000000

     Dynamical  Matrix in cartesian axes

     q = (   -0.250000000   0.750000000  -0.750000000 ) 

    1    1
  0.28922996  0.00000000   -0.00488376  0.00744774    0.00488376 -0.00744774
 -0.00488376 -0.00744774    0.23358716 -0.00000000   -0.00212028  0.00000000
  0.00488376  0.00744774   -0.00212028  0.00000000    0.23358716 -0.00000000
    1    2
 -0.07395244  0.06241640   -0.04081985  0.03658386    0.04081985 -0.03658386
 -0.04081985  0.03658386   -0.05505314  0.06369121   -0.13252295 -0.04172382
  0.04081985 -0.03658386   -0.13252295 -0.04172382   -0.05505314  0.06369121
    2    1
 -0.07395244 -0.06241640   -0.04081985 -0.03658386    0.04081985  0.03658386
 -0.04081985 -0.03658386   -0.05505314 -0.06369121   -0.13252295  0.04172382
  0.04081985  0.03658386   -0.13252295  0.04172382   -0.05505314 -0.06369121
    2    2
  0.28922996 -0.00000000   -0.00488376 -0.00744774    0.00488376  0.00744774
 -0.00488376  0.00744774    0.23358716  0.00000000   -0.00212028 -0.00000000
  0.00488376 -0.00744774   -0.00212028 -0.00000000    0.23358716  0.00000000

     Dynamical  Matrix in cartesian axes

     q = (   -0.750000000   0.750000000  -0.250000000 ) 

    1    1
  0.23358716 -0.00000000   -0.00212028  0.00000000    0.00488376  0.00744774
 -0.00212028  0.00000000    0.23358716 -0.00000000   -0.00488376 -0.00744774
  0.00488376 -0.00744774   -0.00488376  0.00744774    0.28922996  0.00000000
    1    2
 -0.05505314  0.06369121   -0.13252295 -0.04172382    0.04081985 -0.03658386
 -0.13252295 -0.04172382   -0.05505314  0.06369121   -0.04081985  0.03658386
  0.04081985 -0.03658386   -0.04081985  0.03658386   -0.07395244  0.06241640
    2    1
 -0.05505314 -0.06369121   -0.13252295  0.04172382    0.04081985  0.03658386
 -0.13252295  0.04172382   -0.05505314 -0.06369121   -0.04081985 -0.03658386
  0.04081985  0.03658386   -0.04081985 -0.03658386   -0.07395244 -0.06241640
    2    2
  0.23358716  0.00000000   -0.00212028 -0.00000000    0.00488376 -0.00744774
 -0.00212028 -0.00000000    0.23358716  0.00000000   -0.00488376  0.00744774
  0.00488376  0.00744774   -0.00488376 -0.00744774    0.28922996 -0.00000000

     Dynamical  Matrix in cartesian axes

     q = (    0.750000000   0.250000000   0.750000000 ) 

    1    1
  0.23358716 -0.00000000    0.00488376  0.00744774    0.00212028 -0.00000000
  0.00488376 -0.00744774    0.28922996  0.00000000    0.00488376 -0.00744774
  0.00212028 -0.00000000    0.00488376  0.00744774    0.23358716 -0.00000000
    1    2
  0.05505314 -0.06369121   -0.04081985  0.03658386   -0.13252295 -0.04172382
 -0.04081985  0.03658386    0.07395244 -0.06241640   -0.04081985  0.03658386
 -0.13252295 -0.04172382   -0.04081985  0.03658386    0.05505314 -0.06369121
    2    1
  0.05505314  0.06369121   -0.04081985 -0.03658386   -0.13252295  0.04172382
 -0.04081985 -0.03658386    0.07395244  0.06241640   -0.04081985 -0.03658386
 -0.13252295  0.04172382   -0.04081985 -0.03658386    0.05505314  0.06369121
    2    2
  0.23358716  0.00000000    0.00488376 -0.00744774    0.00212028  0.00000000
  0.00488376  0.00744774    0.28922996 -0.00000000    0.00488376  0.00744774
  0.00212028  0.00000000    0.00488376 -0.00744774    0.23358716  0.00000000

     Dynamical  Matrix in cartesian axes

     q = (   -0.750000000   0.250000000   0.750000000 ) 

    1    1
  0.23358716  0.00000000   -0.00488376  0.00744774   -0.00212028 -0.00000000
 -0.00488376 -0.00744774    0.28922996 -0.00000000    0.00488376  0.00744774
 -0.00212028 -0.00000000    0.00488376 -0.00744774    0.23358716  0.00000000
    1    2
 -0.05505314 -0.06369121   -0.04081985 -0.03658386   -0.13252295  0.04172382
 -0.04081985 -0.03658386   -0.07395244 -0.06241640    0.04081985  0.03658386
 -0.13252295  0.04172382    0.04081985  0.03658386   -0.05505314 -0.06369121
    2    1
 -0.05505314  0.06369121   -0.04081985  0.03658386   -0.13252295 -0.04172382
 -0.04081985  0.03658386   -0.07395244  0.06241640    0.04081985 -0.03658386
 -0.13252295 -0.04172382    0.04081985 -0.03658386   -0.05505314  0.06369121
    2    2
  0.23358716 -0.00000000   -0.00488376 -0.00744774   -0.00212028  0.00000000
 -0.00488376  0.00744774    0.28922996  0.00000000    0.00488376 -0.00744774
 -0.00212028  0.00000000    0.00488376  0.00744774    0.23358716 -0.00000000

     Dynamical  Matrix in cartesian axes

     q = (    0.750000000   0.250000000  -0.750000000 ) 

    1    1
  0.23358716  0.00000000    0.00488376 -0.00744774   -0.00212028 -0.00000000
  0.00488376  0.00744774    0.28922996 -0.00000000   -0.00488376 -0.00744774
 -0.00212028 -0.00000000   -0.00488376  0.00744774    0.23358716  0.00000000
    1    2
 -0.05505314 -0.06369121    0.04081985  0.03658386   -0.13252295  0.04172382
  0.04081985  0.03658386   -0.07395244 -0.06241640   -0.04081985 -0.03658386
 -0.13252295  0.04172382   -0.04081985 -0.03658386   -0.05505314 -0.06369121
    2    1
 -0.05505314  0.06369121    0.04081985 -0.03658386   -0.13252295 -0.04172382
  0.04081985 -0.03658386   -0.07395244  0.06241640   -0.04081985  0.03658386
 -0.13252295 -0.04172382   -0.04081985  0.03658386   -0.05505314  0.06369121
    2    2
  0.23358716 -0.00000000    0.00488376  0.00744774   -0.00212028  0.00000000
  0.00488376 -0.00744774    0.28922996  0.00000000   -0.00488376  0.00744774
 -0.00212028  0.00000000   -0.00488376 -0.00744774    0.23358716 -0.00000000

     Dynamical  Matrix in cartesian axes

     q = (   -0.750000000   0.750000000   0.250000000 ) 

    1    1
  0.23358716  0.00000000   -0.00212028 -0.00000000   -0.00488376  0.00744774
 -0.00212028 -0.00000000    0.23358716  0.00000000    0.00488376 -0.00744774
 -0.00488376 -0.00744774    0.00488376  0.00744774    0.28922996 -0.00000000
    1    2
 -0.05505314 -0.06369121   -0.13252295  0.04172382   -0.04081985 -0.03658386
 -0.13252295  0.04172382   -0.05505314 -0.06369121    0.04081985  0.03658386
 -0.04081985 -0.03658386    0.04081985  0.03658386   -0.07395244 -0.06241640
    2    1
 -0.05505314  0.06369121   -0.13252295 -0.04172382   -0.04081985  0.03658386
 -0.13252295 -0.04172382   -0.05505314  0.06369121    0.04081985 -0.03658386
 -0.04081985  0.03658386    0.04081985 -0.03658386   -0.07395244  0.06241640
    2    2
  0.23358716 -0.00000000   -0.00212028  0.00000000   -0.00488376 -0.00744774
 -0.00212028  0.00000000    0.23358716 -0.00000000    0.00488376  0.00744774
 -0.00488376  0.00744774    0.00488376 -0.00744774    0.28922996  0.00000000

     Dynamical  Matrix in cartesian axes

     q = (   -0.250000000   0.750000000   0.750000000 ) 

    1    1
  0.28922996 -0.00000000   -0.00488376 -0.00744774   -0.00488376 -0.00744774
 -0.00488376  0.00744774    0.23358716  0.00000000    0.00212028  0.00000000
 -0.00488376  0.00744774    0.00212028  0.00000000    0.23358716  0.00000000
    1    2
 -0.06241640  0.07395244   -0.03658386  0.04081985   -0.03658386  0.04081985
 -0.03658386  0.04081985   -0.06369121  0.05505314   -0.04172382 -0.13252295
 -0.03658386  0.04081985   -0.04172382 -0.13252295   -0.06369121  0.05505314
    2    1
 -0.06241640 -0.07395244   -0.03658386 -0.04081985   -0.03658386 -0.04081985
 -0.03658386 -0.04081985   -0.06369121 -0.05505314   -0.04172382  0.13252295
 -0.03658386 -0.04081985   -0.04172382  0.13252295   -0.06369121 -0.05505314
    2    2
  0.28922996  0.00000000   -0.00488376  0.00744774   -0.00488376  0.00744774
 -0.00488376 -0.00744774    0.23358716 -0.00000000    0.00212028 -0.00000000
 -0.00488376 -0.00744774    0.00212028 -0.00000000    0.23358716 -0.00000000

     Dynamical  Matrix in cartesian axes

     q = (    0.250000000   0.750000000  -0.750000000 ) 

    1    1
  0.28922996 -0.00000000    0.00488376  0.00744774   -0.00488376 -0.00744774
  0.00488376 -0.00744774    0.23358716  0.00000000   -0.00212028 -0.00000000
 -0.00488376  0.00744774   -0.00212028 -0.00000000    0.23358716  0.00000000
    1    2
 -0.07395244 -0.06241640    0.04081985  0.03658386   -0.04081985 -0.03658386
  0.04081985  0.03658386   -0.05505314 -0.06369121   -0.13252295  0.04172382
 -0.04081985 -0.03658386   -0.13252295  0.04172382   -0.05505314 -0.06369121
    2    1
 -0.07395244  0.06241640    0.04081985 -0.03658386   -0.04081985  0.03658386
  0.04081985 -0.03658386   -0.05505314  0.06369121   -0.13252295 -0.04172382
 -0.04081985  0.03658386   -0.13252295 -0.04172382   -0.05505314  0.06369121
    2    2
  0.28922996  0.00000000    0.00488376 -0.00744774   -0.00488376  0.00744774
  0.00488376  0.00744774    0.23358716 -0.00000000   -0.00212028  0.00000000
 -0.00488376 -0.00744774   -0.00212028  0.00000000    0.23358716 -0.00000000

     Dynamical  Matrix in cartesian axes

     q = (   -0.250000000  -0.750000000  -0.750000000 ) 

    1    1
  0.28922996 -0.00000000    0.00488376  0.00744774    0.00488376  0.00744774
  0.00488376 -0.00744774    0.23358716  0.00000000    0.00212028  0.00000000
  0.00488376 -0.00744774    0.00212028  0.00000000    0.23358716  0.00000000
    1    2
  0.07395244  0.06241640   -0.04081985 -0.03658386   -0.04081985 -0.03658386
 -0.04081985 -0.03658386    0.05505314  0.06369121   -0.13252295  0.04172382
 -0.04081985 -0.03658386   -0.13252295  0.04172382    0.05505314  0.06369121
    2    1
  0.07395244 -0.06241640   -0.04081985  0.03658386   -0.04081985  0.03658386
 -0.04081985  0.03658386    0.05505314 -0.06369121   -0.13252295 -0.04172382
 -0.04081985  0.03658386   -0.13252295 -0.04172382    0.05505314 -0.06369121
    2    2
  0.28922996  0.00000000    0.00488376 -0.00744774    0.00488376 -0.00744774
  0.00488376  0.00744774    0.23358716 -0.00000000    0.00212028 -0.00000000
  0.00488376  0.00744774    0.00212028 -0.00000000    0.23358716 -0.00000000

     Dynamical  Matrix in cartesian axes

     q = (    0.750000000   0.750000000  -0.250000000 ) 

    1    1
  0.23358716  0.00000000    0.00212028  0.00000000   -0.00488376  0.00744774
  0.00212028  0.00000000    0.23358716  0.00000000   -0.00488376  0.00744774
 -0.00488376 -0.00744774   -0.00488376 -0.00744774    0.28922996 -0.00000000
    1    2
 -0.06369121  0.05505314   -0.04172382 -0.13252295   -0.03658386  0.04081985
 -0.04172382 -0.13252295   -0.06369121  0.05505314   -0.03658386  0.04081985
 -0.03658386  0.04081985   -0.03658386  0.04081985   -0.06241640  0.07395244
    2    1
 -0.06369121 -0.05505314   -0.04172382  0.13252295   -0.03658386 -0.04081985
 -0.04172382  0.13252295   -0.06369121 -0.05505314   -0.03658386 -0.04081985
 -0.03658386 -0.04081985   -0.03658386 -0.04081985   -0.06241640 -0.07395244
    2    2
  0.23358716 -0.00000000    0.00212028 -0.00000000   -0.00488376 -0.00744774
  0.00212028 -0.00000000    0.23358716 -0.00000000   -0.00488376 -0.00744774
 -0.00488376  0.00744774   -0.00488376  0.00744774    0.28922996  0.00000000

     Dynamical  Matrix in cartesian axes

     q = (    0.750000000  -0.750000000   0.250000000 ) 

    1    1
  0.23358716  0.00000000   -0.00212028 -0.00000000    0.00488376 -0.00744774
 -0.00212028 -0.00000000    0.23358716  0.00000000   -0.00488376  0.00744774
  0.00488376  0.00744774   -0.00488376 -0.00744774    0.28922996 -0.00000000
    1    2
 -0.05505314 -0.06369121   -0.13252295  0.04172382    0.04081985  0.03658386
 -0.13252295  0.04172382   -0.05505314 -0.06369121   -0.04081985 -0.03658386
  0.04081985  0.03658386   -0.04081985 -0.03658386   -0.07395244 -0.06241640
    2    1
 -0.05505314  0.06369121   -0.13252295 -0.04172382    0.04081985 -0.03658386
 -0.13252295 -0.04172382   -0.05505314  0.06369121   -0.04081985  0.03658386
  0.04081985 -0.03658386   -0.04081985  0.03658386   -0.07395244  0.06241640
    2    2
  0.23358716 -0.00000000   -0.00212028  0.00000000    0.00488376  0.00744774
 -0.00212028  0.00000000    0.23358716 -0.00000000   -0.00488376 -0.00744774
  0.00488376 -0.00744774   -0.00488376  0.00744774    0.28922996  0.00000000

     Dynamical  Matrix in cartesian axes

     q = (   -0.750000000  -0.750000000  -0.250000000 ) 

    1    1
  0.23358716  0.00000000    0.00212028  0.00000000    0.00488376 -0.00744774
  0.00212028  0.00000000    0.23358716  0.00000000    0.00488376 -0.00744774
  0.00488376  0.00744774    0.00488376  0.00744774    0.28922996 -0.00000000
    1    2
  0.05505314  0.06369121   -0.13252295  0.04172382   -0.04081985 -0.03658386
 -0.13252295  0.04172382    0.05505314  0.06369121   -0.04081985 -0.03658386
 -0.04081985 -0.03658386   -0.04081985 -0.03658386    0.07395244  0.06241640
    2    1
  0.05505314 -0.06369121   -0.13252295 -0.04172382   -0.04081985  0.03658386
 -0.13252295 -0.04172382    0.05505314 -0.06369121   -0.04081985  0.03658386
 -0.04081985  0.03658386   -0.04081985  0.03658386    0.07395244 -0.06241640
    2    2
  0.23358716 -0.00000000    0.00212028 -0.00000000    0.00488376  0.00744774
  0.00212028 -0.00000000    0.23358716 -0.00000000    0.00488376  0.00744774
  0.00488376 -0.00744774    0.00488376 -0.00744774    0.28922996  0.00000000

     Dynamical  Matrix in cartesian axes

     q = (    0.250000000  -0.750000000   0.750000000 ) 

    1    1
  0.28922996 -0.00000000   -0.00488376 -0.00744774    0.00488376  0.00744774
 -0.00488376  0.00744774    0.23358716  0.00000000   -0.00212028 -0.00000000
  0.00488376 -0.00744774   -0.00212028 -0.00000000    0.23358716  0.00000000
    1    2
 -0.07395244 -0.06241640   -0.04081985 -0.03658386    0.04081985  0.03658386
 -0.04081985 -0.03658386   -0.05505314 -0.06369121   -0.13252295  0.04172382
  0.04081985  0.03658386   -0.13252295  0.04172382   -0.05505314 -0.06369121
    2    1
 -0.07395244  0.06241640   -0.04081985  0.03658386    0.04081985 -0.03658386
 -0.04081985  0.03658386   -0.05505314  0.06369121   -0.13252295 -0.04172382
  0.04081985 -0.03658386   -0.13252295 -0.04172382   -0.05505314  0.06369121
    2    2
  0.28922996  0.00000000   -0.00488376  0.00744774    0.00488376 -0.00744774
 -0.00488376 -0.00744774    0.23358716 -0.00000000   -0.00212028  0.00000000
  0.00488376  0.00744774   -0.00212028  0.00000000    0.23358716 -0.00000000

     Dynamical  Matrix in cartesian axes

     q = (   -0.750000000  -0.750000000   0.250000000 ) 

    1    1
  0.23358716 -0.00000000    0.00212028 -0.00000000   -0.00488376 -0.00744774
  0.00212028 -0.00000000    0.23358716 -0.00000000   -0.00488376 -0.00744774
 -0.00488376  0.00744774   -0.00488376  0.00744774    0.28922996  0.00000000
    1    2
 -0.06369121 -0.05505314   -0.04172382  0.13252295   -0.03658386 -0.04081985
 -0.04172382  0.13252295   -0.06369121 -0.05505314   -0.03658386 -0.04081985
 -0.03658386 -0.04081985   -0.03658386 -0.04081985   -0.06241640 -0.07395244
    2    1
 -0.06369121  0.05505314   -0.04172382 -0.13252295   -0.03658386  0.04081985
 -0.04172382 -0.13252295   -0.06369121  0.05505314   -0.03658386  0.04081985
 -0.03658386  0.04081985   -0.03658386  0.04081985   -0.06241640  0.07395244
    2    2
  0.23358716  0.00000000    0.00212028  0.00000000   -0.00488376  0.00744774
  0.00212028  0.00000000    0.23358716  0.00000000   -0.00488376  0.00744774
 -0.00488376 -0.00744774   -0.00488376 -0.00744774    0.28922996 -0.00000000

     Dynamical  Matrix in cartesian axes

     q = (    0.250000000   0.750000000   0.750000000 ) 

    1    1
  0.28922996  0.00000000    0.00488376 -0.00744774    0.00488376 -0.00744774
  0.00488376  0.00744774    0.23358716 -0.00000000    0.00212028 -0.00000000
  0.00488376  0.00744774    0.00212028 -0.00000000    0.23358716 -0.00000000
    1    2
  0.07395244 -0.06241640   -0.04081985  0.03658386   -0.04081985  0.03658386
 -0.04081985  0.03658386    0.05505314 -0.06369121   -0.13252295 -0.04172382
 -0.04081985  0.03658386   -0.13252295 -0.04172382    0.05505314 -0.06369121
    2    1
  0.07395244  0.06241640   -0.04081985 -0.03658386   -0.04081985 -0.03658386
 -0.04081985 -0.03658386    0.05505314  0.06369121   -0.13252295  0.04172382
 -0.04081985 -0.03658386   -0.13252295  0.04172382    0.05505314  0.06369121
    2    2
  0.28922996 -0.00000000    0.00488376  0.00744774    0.00488376  0.00744774
  0.00488376 -0.00744774    0.23358716  0.00000000    0.00212028  0.00000000
  0.00488376 -0.00744774    0.00212028  0.00000000    0.23358716  0.00000000

     Dynamical  Matrix in cartesian axes

     q = (   -0.250000000  -0.750000000   0.750000000 ) 

    1    1
  0.28922996  0.00000000    0.00488376 -0.00744774   -0.00488376  0.00744774
  0.00488376  0.00744774    0.23358716 -0.00000000   -0.00212028  0.00000000
 -0.00488376 -0.00744774   -0.00212028  0.00000000    0.23358716 -0.00000000
    1    2
 -0.07395244  0.06241640    0.04081985 -0.03658386   -0.04081985  0.03658386
  0.04081985 -0.03658386   -0.05505314  0.06369121   -0.13252295 -0.04172382
 -0.04081985  0.03658386   -0.13252295 -0.04172382   -0.05505314  0.06369121
    2    1
 -0.07395244 -0.06241640    0.04081985  0.03658386   -0.04081985 -0.03658386
  0.04081985  0.03658386   -0.05505314 -0.06369121   -0.13252295  0.04172382
 -0.04081985 -0.03658386   -0.13252295  0.04172382   -0.05505314 -0.06369121
    2    2
  0.28922996 -0.00000000    0.00488376  0.00744774   -0.00488376 -0.00744774
  0.00488376 -0.00744774    0.23358716  0.00000000   -0.00212028 -0.00000000
 -0.00488376  0.00744774   -0.00212028 -0.00000000    0.23358716  0.00000000

     Dynamical  Matrix in cartesian axes

     q = (    0.750000000   0.750000000   0.250000000 ) 

    1    1
  0.23358716 -0.00000000    0.00212028 -0.00000000    0.00488376  0.00744774
  0.00212028 -0.00000000    0.23358716 -0.00000000    0.00488376  0.00744774
  0.00488376 -0.00744774    0.00488376 -0.00744774    0.28922996  0.00000000
    1    2
  0.05505314 -0.06369121   -0.13252295 -0.04172382   -0.04081985  0.03658386
 -0.13252295 -0.04172382    0.05505314 -0.06369121   -0.04081985  0.03658386
 -0.04081985  0.03658386   -0.04081985  0.03658386    0.07395244 -0.06241640
    2    1
  0.05505314  0.06369121   -0.13252295  0.04172382   -0.04081985 -0.03658386
 -0.13252295  0.04172382    0.05505314  0.06369121   -0.04081985 -0.03658386
 -0.04081985 -0.03658386   -0.04081985 -0.03658386    0.07395244  0.06241640
    2    2
  0.23358716  0.00000000    0.00212028  0.00000000    0.00488376 -0.00744774
  0.00212028  0.00000000    0.23358716  0.00000000    0.00488376 -0.00744774
  0.00488376  0.00744774    0.00488376  0.00744774    0.28922996 -0.00000000

     Dynamical  Matrix in cartesian axes

     q = (    0.250000000  -0.750000000  -0.750000000 ) 

    1    1
  0.28922996  0.00000000   -0.00488376  0.00744774   -0.00488376  0.00744774
 -0.00488376 -0.00744774    0.23358716 -0.00000000    0.00212028 -0.00000000
 -0.00488376 -0.00744774    0.00212028 -0.00000000    0.23358716 -0.00000000
    1    2
 -0.06241640 -0.07395244   -0.03658386 -0.04081985   -0.03658386 -0.04081985
 -0.03658386 -0.04081985   -0.06369121 -0.05505314   -0.04172382  0.13252295
 -0.03658386 -0.04081985   -0.04172382  0.13252295   -0.06369121 -0.05505314
    2    1
 -0.06241640  0.07395244   -0.03658386  0.04081985   -0.03658386  0.04081985
 -0.03658386  0.04081985   -0.06369121  0.05505314   -0.04172382 -0.13252295
 -0.03658386  0.04081985   -0.04172382 -0.13252295   -0.06369121  0.05505314
    2    2
  0.28922996 -0.00000000   -0.00488376 -0.00744774   -0.00488376 -0.00744774
 -0.00488376  0.00744774    0.23358716  0.00000000    0.00212028  0.00000000
 -0.00488376  0.00744774    0.00212028  0.00000000    0.23358716  0.00000000

     Dynamical  Matrix in cartesian axes

     q = (    0.750000000  -0.750000000  -0.250000000 ) 

    1    1
  0.23358716 -0.00000000   -0.00212028  0.00000000   -0.00488376 -0.00744774
 -0.00212028  0.00000000    0.23358716 -0.00000000    0.00488376  0.00744774
 -0.00488376  0.00744774    0.00488376 -0.00744774    0.28922996  0.00000000
    1    2
 -0.05505314  0.06369121   -0.13252295 -0.04172382   -0.04081985  0.03658386
 -0.13252295 -0.04172382   -0.05505314  0.06369121    0.04081985 -0.03658386
 -0.04081985  0.03658386    0.04081985 -0.03658386   -0.07395244  0.06241640
    2    1
 -0.05505314 -0.06369121   -0.13252295  0.04172382   -0.04081985 -0.03658386
 -0.13252295  0.04172382   -0.05505314 -0.06369121    0.04081985  0.03658386
 -0.04081985 -0.03658386    0.04081985  0.03658386   -0.07395244 -0.06241640
    2    2
  0.23358716  0.00000000   -0.00212028 -0.00000000   -0.00488376  0.00744774
 -0.00212028 -0.00000000    0.23358716  0.00000000    0.00488376 -0.00744774
 -0.00488376 -0.00744774    0.00488376  0.00744774    0.28922996 -0.00000000

     Diagonalizing the dynamical matrix

     q = (    0.750000000  -0.250000000   0.750000000 ) 

 **************************************************************************
     freq (    1) =       4.244387 [THz] =     141.577512 [cm-1]
 (  0.058158 -0.496606  0.000000  0.000000 -0.058158  0.496606 ) 
 (  0.500000  0.000000 -0.000000  0.000000 -0.500000  0.000000 ) 
     freq (    2) =       5.519207 [THz] =     184.100935 [cm-1]
 ( -0.397996 -0.195437 -0.299494  0.130810 -0.397996 -0.195437 ) 
 ( -0.443392 -0.000000 -0.211173 -0.249427 -0.443392  0.000000 ) 
     freq (    3) =       9.035563 [THz] =     301.393951 [cm-1]
 (  0.130243 -0.247251  0.393275  0.434905  0.130243 -0.247251 ) 
 ( -0.279457  0.000000  0.201496  0.550642 -0.279457  0.000000 ) 
     freq (    4) =      11.973540 [THz] =     399.394295 [cm-1]
 (  0.113596  0.312750 -0.415444 -0.325535  0.113596  0.312750 ) 
 ( -0.332741  0.000000  0.447807  0.279348 -0.332741  0.000000 ) 
     freq (    5) =      13.330843 [THz] =     444.669048 [cm-1]
 (  0.058158 -0.496606 -0.000000  0.000000 -0.058158  0.496606 ) 
 ( -0.500000  0.000000  0.000000  0.000000  0.500000  0.000000 ) 
     freq (    6) =      13.726374 [THz] =     457.862551 [cm-1]
 ( -0.302123 -0.152686 -0.475978  0.210386 -0.302123 -0.152686 ) 
 (  0.338513 -0.000000  0.329916  0.402458  0.338513 -0.000000 ) 
 **************************************************************************
