Dynamical matrix file
                                                                           
  1    2  2 10.2900000  0.0000000  0.0000000  0.0000000  0.0000000  0.0000000
           1  'Si  '    25598.822984527003     
    1    1      0.0000000000      0.0000000000      0.0000000000
    2    1      0.2500000000      0.2500000000      0.2500000000

     Dynamical  Matrix in cartesian axes

     q = (    0.750000000  -0.250000000   0.750000000 ) 

    1    1
  0.25314925  0.00000000   -0.00649273  0.00780298    0.00610921  0.00000000
 -0.00649273 -0.00780298    0.30502150  0.00000000   -0.00649273 -0.00780298
  0.00610921  0.00000000   -0.00649273  0.00780298    0.25314925  0.00000000
    1    2
 -0.06202265  0.06318093   -0.04295918  0.04545051   -0.04335432 -0.14185693
 -0.04295918  0.04545051   -0.06033123  0.08165913   -0.04295918  0.04545051
 -0.04335432 -0.14185693   -0.04295918  0.04545051   -0.06202265  0.06318093
    2    1
 -0.06202265 -0.06318093   -0.04295918 -0.04545051   -0.04335432  0.14185693
 -0.04295918 -0.04545051   -0.06033123 -0.08165913   -0.04295918 -0.04545051
 -0.04335432  0.14185693   -0.04295918 -0.04545051   -0.06202265 -0.06318093
    2    2
  0.25314925  0.00000000   -0.00649273 -0.00780298    0.00610921  0.00000000
 -0.00649273  0.00780298    0.30502150  0.00000000   -0.00649273  0.00780298
  0.00610921  0.00000000   -0.00649273 -0.00780298    0.25314925  0.00000000

     Dynamical  Matrix in cartesian axes

     q = (    0.750000000  -0.250000000  -0.750000000 ) 

    1    1
  0.25314925  0.00000000   -0.00649273 -0.00780298   -0.00610921  0.00000000
 -0.00649273  0.00780298    0.30502150  0.00000000    0.00649273 -0.00780298
 -0.00610921  0.00000000    0.00649273  0.00780298    0.25314925  0.00000000
    1    2
 -0.06318093  0.06202265   -0.04545051  0.04295918   -0.14185693 -0.04335432
 -0.04545051  0.04295918   -0.08165913  0.06033123    0.04545051 -0.04295918
 -0.14185693 -0.04335432    0.04545051 -0.04295918   -0.06318093  0.06202265
    2    1
 -0.06318093 -0.06202265   -0.04545051 -0.04295918   -0.14185693  0.04335432
 -0.04545051 -0.04295918   -0.08165913 -0.06033123    0.04545051  0.04295918
 -0.14185693  0.04335432    0.04545051  0.04295918   -0.06318093 -0.06202265
    2    2
  0.25314925  0.00000000   -0.00649273  0.00780298   -0.00610921  0.00000000
 -0.00649273 -0.00780298    0.30502150  0.00000000    0.00649273  0.00780298
 -0.00610921  0.00000000    0.00649273 -0.00780298    0.25314925  0.00000000

     Dynamical  Matrix in cartesian axes

     q = (   -0.750000000  -0.250000000  -0.750000000 ) 

    1    1
  0.25314925  0.00000000    0.00649273 -0.00780298    0.00610921  0.00000000
  0.00649273  0.00780298    0.30502150  0.00000000    0.00649273  0.00780298
  0.00610921  0.00000000    0.00649273 -0.00780298    0.25314925  0.00000000
    1    2
  0.06318093  0.06202265   -0.04545051 -0.04295918   -0.14185693  0.04335432
 -0.04545051 -0.04295918    0.08165913  0.06033123   -0.04545051 -0.04295918
 -0.14185693  0.04335432   -0.04545051 -0.04295918    0.06318093  0.06202265
    2    1
  0.06318093 -0.06202265   -0.04545051  0.04295918   -0.14185693 -0.04335432
 -0.04545051  0.04295918    0.08165913 -0.06033123   -0.04545051  0.04295918
 -0.14185693 -0.04335432   -0.04545051  0.04295918    0.06318093 -0.06202265
    2    2
  0.25314925  0.00000000    0.00649273  0.00780298    0.00610921  0.00000000
  0.00649273 -0.00780298    0.30502150  0.00000000    0.00649273 -0.00780298
  0.00610921  0.00000000    0.00649273  0.00780298    0.25314925  0.00000000

     Dynamical  Matrix in cartesian axes

     q = (   -0.750000000  -0.250000000   0.750000000 ) 

    1    1
  0.25314925  0.00000000    0.00649273  0.00780298   -0.00610921  0.00000000
  0.00649273 -0.00780298    0.30502150  0.00000000   -0.00649273  0.00780298
 -0.00610921  0.00000000   -0.00649273 -0.00780298    0.25314925  0.00000000
    1    2
 -0.06318093  0.06202265    0.04545051 -0.04295918   -0.14185693 -0.04335432
  0.04545051 -0.04295918   -0.08165913  0.06033123   -0.04545051  0.04295918
 -0.14185693 -0.04335432   -0.04545051  0.04295918   -0.06318093  0.06202265
    2    1
 -0.06318093 -0.06202265    0.04545051  0.04295918   -0.14185693  0.04335432
  0.04545051  0.04295918   -0.08165913 -0.06033123   -0.04545051 -0.04295918
 -0.14185693  0.04335432   -0.04545051 -0.04295918   -0.06318093 -0.06202265
    2    2
  0.25314925  0.00000000    0.00649273 -0.00780298   -0.00610921  0.00000000
  0.00649273  0.00780298    0.30502150  0.00000000   -0.00649273 -0.00780298
 -0.00610921  0.00000000   -0.00649273  0.00780298    0.25314925  0.00000000

     Dynamical  Matrix in cartesian axes

     q = (   -0.750000000   0.250000000  -0.750000000 ) 

    1    1
  0.25314925  0.00000000   -0.00649273 -0.00780298    0.00610921  0.00000000
 -0.00649273  0.00780298    0.30502150  0.00000000   -0.00649273  0.00780298
  0.00610921  0.00000000   -0.00649273 -0.00780298    0.25314925  0.00000000
    1    2
 -0.06202265 -0.06318093   -0.04295918 -0.04545051   -0.04335432  0.14185693
 -0.04295918 -0.04545051   -0.06033123 -0.08165913   -0.04295918 -0.04545051
 -0.04335432  0.14185693   -0.04295918 -0.04545051   -0.06202265 -0.06318093
    2    1
 -0.06202265  0.06318093   -0.04295918  0.04545051   -0.04335432 -0.14185693
 -0.04295918  0.04545051   -0.06033123  0.08165913   -0.04295918  0.04545051
 -0.04335432 -0.14185693   -0.04295918  0.04545051   -0.06202265  0.06318093
    2    2
  0.25314925  0.00000000   -0.00649273  0.00780298    0.00610921  0.00000000
 -0.00649273 -0.00780298    0.30502150  0.00000000   -0.00649273 -0.00780298
  0.00610921  0.00000000   -0.00649273  0.00780298    0.25314925  0.00000000

     Dynamical  Matrix in cartesian axes

     q = (   -0.250000000   0.750000000  -0.750000000 ) 

    1    1
  0.30502150  0.00000000   -0.00649273  0.00780298    0.00649273 -0.00780298
 -0.00649273 -0.00780298    0.25314925  0.00000000   -0.00610921  0.00000000
  0.00649273  0.00780298   -0.00610921  0.00000000    0.25314925  0.00000000
    1    2
 -0.08165913  0.06033123   -0.04545051  0.04295918    0.04545051 -0.04295918
 -0.04545051  0.04295918   -0.06318093  0.06202265   -0.14185693 -0.04335432
  0.04545051 -0.04295918   -0.14185693 -0.04335432   -0.06318093  0.06202265
    2    1
 -0.08165913 -0.06033123   -0.04545051 -0.04295918    0.04545051  0.04295918
 -0.04545051 -0.04295918   -0.06318093 -0.06202265   -0.14185693  0.04335432
  0.04545051  0.04295918   -0.14185693  0.04335432   -0.06318093 -0.06202265
    2    2
  0.30502150  0.00000000   -0.00649273 -0.00780298    0.00649273  0.00780298
 -0.00649273  0.00780298    0.25314925  0.00000000   -0.00610921  0.00000000
  0.00649273 -0.00780298   -0.00610921  0.00000000    0.25314925  0.00000000

     Dynamical  Matrix in cartesian axes

     q = (   -0.750000000   0.750000000  -0.250000000 ) 

    1    1
  0.25314925  0.00000000   -0.00610921  0.00000000    0.00649273  0.00780298
 -0.00610921  0.00000000    0.25314925  0.00000000   -0.00649273 -0.00780298
  0.00649273 -0.00780298   -0.00649273  0.00780298    0.30502150  0.00000000
    1    2
 -0.06318093  0.06202265   -0.14185693 -0.04335432    0.04545051 -0.04295918
 -0.14185693 -0.04335432   -0.06318093  0.06202265   -0.04545051  0.04295918
  0.04545051 -0.04295918   -0.04545051  0.04295918   -0.08165913  0.06033123
    2    1
 -0.06318093 -0.06202265   -0.14185693  0.04335432    0.04545051  0.04295918
 -0.14185693  0.04335432   -0.06318093 -0.06202265   -0.04545051 -0.04295918
  0.04545051  0.04295918   -0.04545051 -0.04295918   -0.08165913 -0.06033123
    2    2
  0.25314925  0.00000000   -0.00610921  0.00000000    0.00649273 -0.00780298
 -0.00610921  0.00000000    0.25314925  0.00000000   -0.00649273  0.00780298
  0.00649273  0.00780298   -0.00649273 -0.00780298    0.30502150  0.00000000

     Dynamical  Matrix in cartesian axes

     q = (    0.750000000   0.250000000   0.750000000 ) 

    1    1
  0.25314925  0.00000000    0.00649273  0.00780298    0.00610921  0.00000000
  0.00649273 -0.00780298    0.30502150  0.00000000    0.00649273 -0.00780298
  0.00610921  0.00000000    0.00649273  0.00780298    0.25314925  0.00000000
    1    2
  0.06318093 -0.06202265   -0.04545051  0.04295918   -0.14185693 -0.04335432
 -0.04545051  0.04295918    0.08165913 -0.06033123   -0.04545051  0.04295918
 -0.14185693 -0.04335432   -0.04545051  0.04295918    0.06318093 -0.06202265
    2    1
  0.06318093  0.06202265   -0.04545051 -0.04295918   -0.14185693  0.04335432
 -0.04545051 -0.04295918    0.08165913  0.06033123   -0.04545051 -0.04295918
 -0.14185693  0.04335432   -0.04545051 -0.04295918    0.06318093  0.06202265
    2    2
  0.25314925  0.00000000    0.00649273 -0.00780298    0.00610921  0.00000000
  0.00649273  0.00780298    0.30502150  0.00000000    0.00649273  0.00780298
  0.00610921  0.00000000    0.00649273 -0.00780298    0.25314925  0.00000000

     Dynamical  Matrix in cartesian axes

     q = (   -0.750000000   0.250000000   0.750000000 ) 

    1    1
  0.25314925  0.00000000   -0.00649273  0.00780298   -0.00610921  0.00000000
 -0.00649273 -0.00780298    0.30502150  0.00000000    0.00649273  0.00780298
 -0.00610921  0.00000000    0.00649273 -0.00780298    0.25314925  0.00000000
    1    2
 -0.06318093 -0.06202265   -0.04545051 -0.04295918   -0.14185693  0.04335432
 -0.04545051 -0.04295918   -0.08165913 -0.06033123    0.04545051  0.04295918
 -0.14185693  0.04335432    0.04545051  0.04295918   -0.06318093 -0.06202265
    2    1
 -0.06318093  0.06202265   -0.04545051  0.04295918   -0.14185693 -0.04335432
 -0.04545051  0.04295918   -0.08165913  0.06033123    0.04545051 -0.04295918
 -0.14185693 -0.04335432    0.04545051 -0.04295918   -0.06318093  0.06202265
    2    2
  0.25314925  0.00000000   -0.00649273 -0.00780298   -0.00610921  0.00000000
 -0.00649273  0.00780298    0.30502150  0.00000000    0.00649273 -0.00780298
 -0.00610921  0.00000000    0.00649273  0.00780298    0.25314925  0.00000000

     Dynamical  Matrix in cartesian axes

     q = (    0.750000000   0.250000000  -0.750000000 ) 

    1    1
  0.25314925  0.00000000    0.00649273 -0.00780298   -0.00610921  0.00000000
  0.00649273  0.00780298    0.30502150  0.00000000   -0.00649273 -0.00780298
 -0.00610921  0.00000000   -0.00649273  0.00780298    0.25314925  0.00000000
    1    2
 -0.06318093 -0.06202265    0.04545051  0.04295918   -0.14185693  0.04335432
  0.04545051  0.04295918   -0.08165913 -0.06033123   -0.04545051 -0.04295918
 -0.14185693  0.04335432   -0.04545051 -0.04295918   -0.06318093 -0.06202265
    2    1
 -0.06318093  0.06202265    0.04545051 -0.04295918   -0.14185693 -0.04335432
  0.04545051 -0.04295918   -0.08165913  0.06033123   -0.04545051  0.04295918
 -0.14185693 -0.04335432   -0.04545051  0.04295918   -0.06318093  0.06202265
    2    2
  0.25314925  0.00000000    0.00649273  0.00780298   -0.00610921  0.00000000
  0.00649273 -0.00780298    0.30502150  0.00000000   -0.00649273  0.00780298
 -0.00610921  0.00000000   -0.00649273 -0.00780298    0.25314925  0.00000000

     Dynamical  Matrix in cartesian axes

     q = (   -0.750000000   0.750000000   0.250000000 ) 

    1    1
  0.25314925  0.00000000   -0.00610921  0.00000000   -0.00649273  0.00780298
 -0.00610921  0.00000000    0.25314925  0.00000000    0.00649273 -0.00780298
 -0.00649273 -0.00780298    0.00649273  0.00780298    0.30502150  0.00000000
    1    2
 -0.06318093 -0.06202265   -0.14185693  0.04335432   -0.04545051 -0.04295918
 -0.14185693  0.04335432   -0.06318093 -0.06202265    0.04545051  0.04295918
 -0.04545051 -0.04295918    0.04545051  0.04295918   -0.08165913 -0.06033123
    2    1
 -0.06318093  0.06202265   -0.14185693 -0.04335432   -0.04545051  0.04295918
 -0.14185693 -0.04335432   -0.06318093  0.06202265    0.04545051 -0.04295918
 -0.04545051  0.04295918    0.04545051 -0.04295918   -0.08165913  0.06033123
    2    2
  0.25314925  0.00000000   -0.00610921  0.00000000   -0.00649273 -0.00780298
 -0.00610921  0.00000000    0.25314925  0.00000000    0.00649273  0.00780298
 -0.00649273  0.00780298    0.00649273 -0.00780298    0.30502150  0.00000000

     Dynamical  Matrix in cartesian axes

     q = (   -0.250000000   0.750000000   0.750000000 ) 

    1    1
  0.30502150  0.00000000   -0.00649273 -0.00780298   -0.00649273 -0.00780298
 -0.00649273  0.00780298    0.25314925  0.00000000    0.00610921  0.00000000
 -0.00649273  0.00780298    0.00610921  0.00000000    0.25314925  0.00000000
    1    2
 -0.06033123  0.08165913   -0.04295918  0.04545051   -0.04295918  0.04545051
 -0.04295918  0.04545051   -0.06202265  0.06318093   -0.04335432 -0.14185693
 -0.04295918  0.04545051   -0.04335432 -0.14185693   -0.06202265  0.06318093
    2    1
 -0.06033123 -0.08165913   -0.04295918 -0.04545051   -0.04295918 -0.04545051
 -0.04295918 -0.04545051   -0.06202265 -0.06318093   -0.04335432  0.14185693
 -0.04295918 -0.04545051   -0.04335432  0.14185693   -0.06202265 -0.06318093
    2    2
  0.30502150  0.00000000   -0.00649273  0.00780298   -0.00649273  0.00780298
 -0.00649273 -0.00780298    0.25314925  0.00000000    0.00610921  0.00000000
 -0.00649273 -0.00780298    0.00610921  0.00000000    0.25314925  0.00000000

     Dynamical  Matrix in cartesian axes

     q = (    0.250000000   0.750000000  -0.750000000 ) 

    1    1
  0.30502150  0.00000000    0.00649273  0.00780298   -0.00649273 -0.00780298
  0.00649273 -0.00780298    0.25314925  0.00000000   -0.00610921  0.00000000
 -0.00649273  0.00780298   -0.00610921  0.00000000    0.25314925  0.00000000
    1    2
 -0.08165913 -0.06033123    0.04545051  0.04295918   -0.04545051 -0.04295918
  0.04545051  0.04295918   -0.06318093 -0.06202265   -0.14185693  0.04335432
 -0.04545051 -0.04295918   -0.14185693  0.04335432   -0.06318093 -0.06202265
    2    1
 -0.08165913  0.06033123    0.04545051 -0.04295918   -0.04545051  0.04295918
  0.04545051 -0.04295918   -0.06318093  0.06202265   -0.14185693 -0.04335432
 -0.04545051  0.04295918   -0.14185693 -0.04335432   -0.06318093  0.06202265
    2    2
  0.30502150  0.00000000    0.00649273 -0.00780298   -0.00649273  0.00780298
  0.00649273  0.00780298    0.25314925  0.00000000   -0.00610921  0.00000000
 -0.00649273 -0.00780298   -0.00610921  0.00000000    0.25314925  0.00000000

     Dynamical  Matrix in cartesian axes

     q = (   -0.250000000  -0.750000000  -0.750000000 ) 

    1    1
  0.30502150  0.00000000    0.00649273  0.00780298    0.00649273  0.00780298
  0.00649273 -0.00780298    0.25314925  0.00000000    0.00610921  0.00000000
  0.00649273 -0.00780298    0.00610921  0.00000000    0.25314925  0.00000000
    1    2
  0.08165913  0.06033123   -0.04545051 -0.04295918   -0.04545051 -0.04295918
 -0.04545051 -0.04295918    0.06318093  0.06202265   -0.14185693  0.04335432
 -0.04545051 -0.04295918   -0.14185693  0.04335432    0.06318093  0.06202265
    2    1
  0.08165913 -0.06033123   -0.04545051  0.04295918   -0.04545051  0.04295918
 -0.04545051  0.04295918    0.06318093 -0.06202265   -0.14185693 -0.04335432
 -0.04545051  0.04295918   -0.14185693 -0.04335432    0.06318093 -0.06202265
    2    2
  0.30502150  0.00000000    0.00649273 -0.00780298    0.00649273 -0.00780298
  0.00649273  0.00780298    0.25314925  0.00000000    0.00610921  0.00000000
  0.00649273  0.00780298    0.00610921  0.00000000    0.25314925  0.00000000

     Dynamical  Matrix in cartesian axes

     q = (    0.750000000   0.750000000  -0.250000000 ) 

    1    1
  0.25314925  0.00000000    0.00610921  0.00000000   -0.00649273  0.00780298
  0.00610921  0.00000000    0.25314925  0.00000000   -0.00649273  0.00780298
 -0.00649273 -0.00780298   -0.00649273 -0.00780298    0.30502150  0.00000000
    1    2
 -0.06202265  0.06318093   -0.04335432 -0.14185693   -0.04295918  0.04545051
 -0.04335432 -0.14185693   -0.06202265  0.06318093   -0.04295918  0.04545051
 -0.04295918  0.04545051   -0.04295918  0.04545051   -0.06033123  0.08165913
    2    1
 -0.06202265 -0.06318093   -0.04335432  0.14185693   -0.04295918 -0.04545051
 -0.04335432  0.14185693   -0.06202265 -0.06318093   -0.04295918 -0.04545051
 -0.04295918 -0.04545051   -0.04295918 -0.04545051   -0.06033123 -0.08165913
    2    2
  0.25314925  0.00000000    0.00610921  0.00000000   -0.00649273 -0.00780298
  0.00610921  0.00000000    0.25314925  0.00000000   -0.00649273 -0.00780298
 -0.00649273  0.00780298   -0.00649273  0.00780298    0.30502150  0.00000000

     Dynamical  Matrix in cartesian axes

     q = (    0.750000000  -0.750000000   0.250000000 ) 

    1    1
  0.25314925  0.00000000   -0.00610921  0.00000000    0.00649273 -0.00780298
 -0.00610921  0.00000000    0.25314925  0.00000000   -0.00649273  0.00780298
  0.00649273  0.00780298   -0.00649273 -0.00780298    0.30502150  0.00000000
    1    2
 -0.06318093 -0.06202265   -0.14185693  0.04335432    0.04545051  0.04295918
 -0.14185693  0.04335432   -0.06318093 -0.06202265   -0.04545051 -0.04295918
  0.04545051  0.04295918   -0.04545051 -0.04295918   -0.08165913 -0.06033123
    2    1
 -0.06318093  0.06202265   -0.14185693 -0.04335432    0.04545051 -0.04295918
 -0.14185693 -0.04335432   -0.06318093  0.06202265   -0.04545051  0.04295918
  0.04545051 -0.04295918   -0.04545051  0.04295918   -0.08165913  0.06033123
    2    2
  0.25314925  0.00000000   -0.00610921  0.00000000    0.00649273  0.00780298
 -0.00610921  0.00000000    0.25314925  0.00000000   -0.00649273 -0.00780298
  0.00649273 -0.00780298   -0.00649273  0.00780298    0.30502150  0.00000000

     Dynamical  Matrix in cartesian axes

     q = (   -0.750000000  -0.750000000  -0.250000000 ) 

    1    1
  0.25314925  0.00000000    0.00610921  0.00000000    0.00649273 -0.00780298
  0.00610921  0.00000000    0.25314925  0.00000000    0.00649273 -0.00780298
  0.00649273  0.00780298    0.00649273  0.00780298    0.30502150  0.00000000
    1    2
  0.06318093  0.06202265   -0.14185693  0.04335432   -0.04545051 -0.04295918
 -0.14185693  0.04335432    0.06318093  0.06202265   -0.04545051 -0.04295918
 -0.04545051 -0.04295918   -0.04545051 -0.04295918    0.08165913  0.06033123
    2    1
  0.06318093 -0.06202265   -0.14185693 -0.04335432   -0.04545051  0.04295918
 -0.14185693 -0.04335432    0.06318093 -0.06202265   -0.04545051  0.04295918
 -0.04545051  0.04295918   -0.04545051  0.04295918    0.08165913 -0.06033123
    2    2
  0.25314925  0.00000000    0.00610921  0.00000000    0.00649273  0.00780298
  0.00610921  0.00000000    0.25314925  0.00000000    0.00649273  0.00780298
  0.00649273 -0.00780298    0.00649273 -0.00780298    0.30502150  0.00000000

     Dynamical  Matrix in cartesian axes

     q = (    0.250000000  -0.750000000   0.750000000 ) 

    1    1
  0.30502150  0.00000000   -0.00649273 -0.00780298    0.00649273  0.00780298
 -0.00649273  0.00780298    0.25314925  0.00000000   -0.00610921  0.00000000
  0.00649273 -0.00780298   -0.00610921  0.00000000    0.25314925  0.00000000
    1    2
 -0.08165913 -0.06033123   -0.04545051 -0.04295918    0.04545051  0.04295918
 -0.04545051 -0.04295918   -0.06318093 -0.06202265   -0.14185693  0.04335432
  0.04545051  0.04295918   -0.14185693  0.04335432   -0.06318093 -0.06202265
    2    1
 -0.08165913  0.06033123   -0.04545051  0.04295918    0.04545051 -0.04295918
 -0.04545051  0.04295918   -0.06318093  0.06202265   -0.14185693 -0.04335432
  0.04545051 -0.04295918   -0.14185693 -0.04335432   -0.06318093  0.06202265
    2    2
  0.30502150  0.00000000   -0.00649273  0.00780298    0.00649273 -0.00780298
 -0.00649273 -0.00780298    0.25314925  0.00000000   -0.00610921  0.00000000
  0.00649273  0.00780298   -0.00610921  0.00000000    0.25314925  0.00000000

     Dynamical  Matrix in cartesian axes

     q = (   -0.750000000  -0.750000000   0.250000000 ) 

    1    1
  0.25314925  0.00000000    0.00610921  0.00000000   -0.00649273 -0.00780298
  0.00610921  0.00000000    0.25314925  0.00000000   -0.00649273 -0.00780298
 -0.00649273  0.00780298   -0.00649273  0.00780298    0.30502150  0.00000000
    1    2
 -0.06202265 -0.06318093   -0.04335432  0.14185693   -0.04295918 -0.04545051
 -0.04335432  0.14185693   -0.06202265 -0.06318093   -0.04295918 -0.04545051
 -0.04295918 -0.04545051   -0.04295918 -0.04545051   -0.06033123 -0.08165913
    2    1
 -0.06202265  0.06318093   -0.04335432 -0.14185693   -0.04295918  0.04545051
 -0.04335432 -0.14185693   -0.06202265  0.06318093   -0.04295918  0.04545051
 -0.04295918  0.04545051   -0.04295918  0.04545051   -0.06033123  0.08165913
    2    2
  0.25314925  0.00000000    0.00610921  0.00000000   -0.00649273  0.00780298
  0.00610921  0.00000000    0.25314925  0.00000000   -0.00649273  0.00780298
 -0.00649273 -0.00780298   -0.00649273 -0.00780298    0.30502150  0.00000000

     Dynamical  Matrix in cartesian axes

     q = (    0.250000000   0.750000000   0.750000000 ) 

    1    1
  0.30502150  0.00000000    0.00649273 -0.00780298    0.00649273 -0.00780298
  0.00649273  0.00780298    0.25314925  0.00000000    0.00610921  0.00000000
  0.00649273  0.00780298    0.00610921  0.00000000    0.25314925  0.00000000
    1    2
  0.08165913 -0.06033123   -0.04545051  0.04295918   -0.04545051  0.04295918
 -0.04545051  0.04295918    0.06318093 -0.06202265   -0.14185693 -0.04335432
 -0.04545051  0.04295918   -0.14185693 -0.04335432    0.06318093 -0.06202265
    2    1
  0.08165913  0.06033123   -0.04545051 -0.04295918   -0.04545051 -0.04295918
 -0.04545051 -0.04295918    0.06318093  0.06202265   -0.14185693  0.04335432
 -0.04545051 -0.04295918   -0.14185693  0.04335432    0.06318093  0.06202265
    2    2
  0.30502150  0.00000000    0.00649273  0.00780298    0.00649273  0.00780298
  0.00649273 -0.00780298    0.25314925  0.00000000    0.00610921  0.00000000
  0.00649273 -0.00780298    0.00610921  0.00000000    0.25314925  0.00000000

     Dynamical  Matrix in cartesian axes

     q = (   -0.250000000  -0.750000000   0.750000000 ) 

    1    1
  0.30502150  0.00000000    0.00649273 -0.00780298   -0.00649273  0.00780298
  0.00649273  0.00780298    0.25314925  0.00000000   -0.00610921  0.00000000
 -0.00649273 -0.00780298   -0.00610921  0.00000000    0.25314925  0.00000000
    1    2
 -0.08165913  0.06033123    0.04545051 -0.04295918   -0.04545051  0.04295918
  0.04545051 -0.04295918   -0.06318093  0.06202265   -0.14185693 -0.04335432
 -0.04545051  0.04295918   -0.14185693 -0.04335432   -0.06318093  0.06202265
    2    1
 -0.08165913 -0.06033123    0.04545051  0.04295918   -0.04545051 -0.04295918
  0.04545051  0.04295918   -0.06318093 -0.06202265   -0.14185693  0.04335432
 -0.04545051 -0.04295918   -0.14185693  0.04335432   -0.06318093 -0.06202265
    2    2
  0.30502150  0.00000000    0.00649273  0.00780298   -0.00649273 -0.00780298
  0.00649273 -0.00780298    0.25314925  0.00000000   -0.00610921  0.00000000
 -0.00649273  0.00780298   -0.00610921  0.00000000    0.25314925  0.00000000

     Dynamical  Matrix in cartesian axes

     q = (    0.750000000   0.750000000   0.250000000 ) 

    1    1
  0.25314925  0.00000000    0.00610921  0.00000000    0.00649273  0.00780298
  0.00610921  0.00000000    0.25314925  0.00000000    0.00649273  0.00780298
  0.00649273 -0.00780298    0.00649273 -0.00780298    0.30502150  0.00000000
    1    2
  0.06318093 -0.06202265   -0.14185693 -0.04335432   -0.04545051  0.04295918
 -0.14185693 -0.04335432    0.06318093 -0.06202265   -0.04545051  0.04295918
 -0.04545051  0.04295918   -0.04545051  0.04295918    0.08165913 -0.06033123
    2    1
  0.06318093  0.06202265   -0.14185693  0.04335432   -0.04545051 -0.04295918
 -0.14185693  0.04335432    0.06318093  0.06202265   -0.04545051 -0.04295918
 -0.04545051 -0.04295918   -0.04545051 -0.04295918    0.08165913  0.06033123
    2    2
  0.25314925  0.00000000    0.00610921  0.00000000    0.00649273 -0.00780298
  0.00610921  0.00000000    0.25314925  0.00000000    0.00649273 -0.00780298
  0.00649273  0.00780298    0.00649273  0.00780298    0.30502150  0.00000000

     Dynamical  Matrix in cartesian axes

     q = (    0.250000000  -0.750000000  -0.750000000 ) 

    1    1
  0.30502150  0.00000000   -0.00649273  0.00780298   -0.00649273  0.00780298
 -0.00649273 -0.00780298    0.25314925  0.00000000    0.00610921  0.00000000
 -0.00649273 -0.00780298    0.00610921  0.00000000    0.25314925  0.00000000
    1    2
 -0.06033123 -0.08165913   -0.04295918 -0.04545051   -0.04295918 -0.04545051
 -0.04295918 -0.04545051   -0.06202265 -0.06318093   -0.04335432  0.14185693
 -0.04295918 -0.04545051   -0.04335432  0.14185693   -0.06202265 -0.06318093
    2    1
 -0.06033123  0.08165913   -0.04295918  0.04545051   -0.04295918  0.04545051
 -0.04295918  0.04545051   -0.06202265  0.06318093   -0.04335432 -0.14185693
 -0.04295918  0.04545051   -0.04335432 -0.14185693   -0.06202265  0.06318093
    2    2
  0.30502150  0.00000000   -0.00649273 -0.00780298   -0.00649273 -0.00780298
 -0.00649273  0.00780298    0.25314925  0.00000000    0.00610921  0.00000000
 -0.00649273  0.00780298    0.00610921  0.00000000    0.25314925  0.00000000

     Dynamical  Matrix in cartesian axes

     q = (    0.750000000  -0.750000000  -0.250000000 ) 

    1    1
  0.25314925  0.00000000   -0.00610921  0.00000000   -0.00649273 -0.00780298
 -0.00610921  0.00000000    0.25314925  0.00000000    0.00649273  0.00780298
 -0.00649273  0.00780298    0.00649273 -0.00780298    0.30502150  0.00000000
    1    2
 -0.06318093  0.06202265   -0.14185693 -0.04335432   -0.04545051  0.04295918
 -0.14185693 -0.04335432   -0.06318093  0.06202265    0.04545051 -0.04295918
 -0.04545051  0.04295918    0.04545051 -0.04295918   -0.08165913  0.06033123
    2    1
 -0.06318093 -0.06202265   -0.14185693  0.04335432   -0.04545051 -0.04295918
 -0.14185693  0.04335432   -0.06318093 -0.06202265    0.04545051  0.04295918
 -0.04545051 -0.04295918    0.04545051  0.04295918   -0.08165913 -0.06033123
    2    2
  0.25314925  0.00000000   -0.00610921  0.00000000   -0.00649273  0.00780298
 -0.00610921  0.00000000    0.25314925  0.00000000    0.00649273 -0.00780298
 -0.00649273 -0.00780298    0.00649273  0.00780298    0.30502150  0.00000000

     Diagonalizing the dynamical matrix

     q = (    0.750000000  -0.250000000   0.750000000 ) 

 **************************************************************************
     freq (    1) =       4.171300 [THz] =     139.139579 [cm-1]
 (  0.045337 -0.497940 -0.000000  0.000000 -0.045337  0.497940 ) 
 (  0.500000 -0.000000 -0.000000 -0.000000 -0.500000  0.000000 ) 
     freq (    2) =       5.862153 [THz] =     195.540385 [cm-1]
 ( -0.388583 -0.168762 -0.342948  0.153074 -0.388583 -0.168762 ) 
 ( -0.423648  0.000000 -0.253585 -0.277019 -0.423648  0.000000 ) 
     freq (    3) =       9.474659 [THz] =     316.040590 [cm-1]
 (  0.123260 -0.284386  0.372238  0.411464  0.123260 -0.284386 ) 
 ( -0.309948  0.000000  0.229498  0.505168 -0.309948  0.000000 ) 
     freq (    4) =      12.268332 [THz] =     409.227505 [cm-1]
 (  0.065188  0.316768 -0.400899 -0.360691  0.065188  0.316768 ) 
 ( -0.323406  0.000000  0.434095  0.319967 -0.323406  0.000000 ) 
     freq (    5) =      13.838170 [THz] =     461.591672 [cm-1]
 (  0.045337 -0.497940  0.000000 -0.000000 -0.045337  0.497940 ) 
 ( -0.500000  0.000000 -0.000000 -0.000000  0.500000  0.000000 ) 
     freq (    6) =      14.230383 [THz] =     474.674466 [cm-1]
 ( -0.304254 -0.165205 -0.460895  0.218747 -0.304254 -0.165205 ) 
 (  0.346212 -0.000000  0.300656  0.412165  0.346212 -0.000000 ) 
 **************************************************************************
