Dynamical matrix file
                                                                           
  1    2  2 10.3270000  0.0000000  0.0000000  0.0000000  0.0000000  0.0000000
           1  'Si  '    25598.822984527003     
    1    1      0.0000000000      0.0000000000      0.0000000000
    2    1      0.2500000000      0.2500000000      0.2500000000

     Dynamical  Matrix in cartesian axes

     q = (    0.750000000  -0.250000000   0.750000000 ) 

    1    1
  0.23424521  0.00000000   -0.00489225  0.00745745    0.00211571  0.00000000
 -0.00489225 -0.00745745    0.28996950  0.00000000   -0.00489225 -0.00745745
  0.00211571  0.00000000   -0.00489225  0.00745745    0.23424521  0.00000000
    1    2
 -0.06382930  0.05525384   -0.03678076  0.04102833   -0.04192223 -0.13314426
 -0.03678076  0.04102833   -0.06255232  0.07414334   -0.03678076  0.04102833
 -0.04192223 -0.13314426   -0.03678076  0.04102833   -0.06382930  0.05525384
    2    1
 -0.06382930 -0.05525384   -0.03678076 -0.04102833   -0.04192223  0.13314426
 -0.03678076 -0.04102833   -0.06255232 -0.07414334   -0.03678076 -0.04102833
 -0.04192223  0.13314426   -0.03678076 -0.04102833   -0.06382930 -0.05525384
    2    2
  0.23424521  0.00000000   -0.00489225 -0.00745745    0.00211571  0.00000000
 -0.00489225  0.00745745    0.28996950  0.00000000   -0.00489225  0.00745745
  0.00211571  0.00000000   -0.00489225 -0.00745745    0.23424521  0.00000000

     Dynamical  Matrix in cartesian axes

     q = (    0.750000000  -0.250000000  -0.750000000 ) 

    1    1
  0.23424521  0.00000000   -0.00489225 -0.00745745   -0.00211571  0.00000000
 -0.00489225  0.00745745    0.28996950  0.00000000    0.00489225 -0.00745745
 -0.00211571  0.00000000    0.00489225  0.00745745    0.23424521  0.00000000
    1    2
 -0.05525384  0.06382930   -0.04102833  0.03678076   -0.13314426 -0.04192223
 -0.04102833  0.03678076   -0.07414334  0.06255232    0.04102833 -0.03678076
 -0.13314426 -0.04192223    0.04102833 -0.03678076   -0.05525384  0.06382930
    2    1
 -0.05525384 -0.06382930   -0.04102833 -0.03678076   -0.13314426  0.04192223
 -0.04102833 -0.03678076   -0.07414334 -0.06255232    0.04102833  0.03678076
 -0.13314426  0.04192223    0.04102833  0.03678076   -0.05525384 -0.06382930
    2    2
  0.23424521  0.00000000   -0.00489225  0.00745745   -0.00211571  0.00000000
 -0.00489225 -0.00745745    0.28996950  0.00000000    0.00489225  0.00745745
 -0.00211571  0.00000000    0.00489225 -0.00745745    0.23424521  0.00000000

     Dynamical  Matrix in cartesian axes

     q = (   -0.750000000  -0.250000000  -0.750000000 ) 

    1    1
  0.23424521  0.00000000    0.00489225 -0.00745745    0.00211571  0.00000000
  0.00489225  0.00745745    0.28996950  0.00000000    0.00489225  0.00745745
  0.00211571  0.00000000    0.00489225 -0.00745745    0.23424521  0.00000000
    1    2
  0.05525384  0.06382930   -0.04102833 -0.03678076   -0.13314426  0.04192223
 -0.04102833 -0.03678076    0.07414334  0.06255232   -0.04102833 -0.03678076
 -0.13314426  0.04192223   -0.04102833 -0.03678076    0.05525384  0.06382930
    2    1
  0.05525384 -0.06382930   -0.04102833  0.03678076   -0.13314426 -0.04192223
 -0.04102833  0.03678076    0.07414334 -0.06255232   -0.04102833  0.03678076
 -0.13314426 -0.04192223   -0.04102833  0.03678076    0.05525384 -0.06382930
    2    2
  0.23424521  0.00000000    0.00489225  0.00745745    0.00211571  0.00000000
  0.00489225 -0.00745745    0.28996950  0.00000000    0.00489225 -0.00745745
  0.00211571  0.00000000    0.00489225  0.00745745    0.23424521  0.00000000

     Dynamical  Matrix in cartesian axes

     q = (   -0.750000000  -0.250000000   0.750000000 ) 

    1    1
  0.23424521  0.00000000    0.00489225  0.00745745   -0.00211571  0.00000000
  0.00489225 -0.00745745    0.28996950  0.00000000   -0.00489225  0.00745745
 -0.00211571  0.00000000   -0.00489225 -0.00745745    0.23424521  0.00000000
    1    2
 -0.05525384  0.06382930    0.04102833 -0.03678076   -0.13314426 -0.04192223
  0.04102833 -0.03678076   -0.07414334  0.06255232   -0.04102833  0.03678076
 -0.13314426 -0.04192223   -0.04102833  0.03678076   -0.05525384  0.06382930
    2    1
 -0.05525384 -0.06382930    0.04102833  0.03678076   -0.13314426  0.04192223
  0.04102833  0.03678076   -0.07414334 -0.06255232   -0.04102833 -0.03678076
 -0.13314426  0.04192223   -0.04102833 -0.03678076   -0.05525384 -0.06382930
    2    2
  0.23424521  0.00000000    0.00489225 -0.00745745   -0.00211571  0.00000000
  0.00489225  0.00745745    0.28996950  0.00000000   -0.00489225 -0.00745745
 -0.00211571  0.00000000   -0.00489225  0.00745745    0.23424521  0.00000000

     Dynamical  Matrix in cartesian axes

     q = (   -0.750000000   0.250000000  -0.750000000 ) 

    1    1
  0.23424521  0.00000000   -0.00489225 -0.00745745    0.00211571  0.00000000
 -0.00489225  0.00745745    0.28996950  0.00000000   -0.00489225  0.00745745
  0.00211571  0.00000000   -0.00489225 -0.00745745    0.23424521  0.00000000
    1    2
 -0.06382930 -0.05525384   -0.03678076 -0.04102833   -0.04192223  0.13314426
 -0.03678076 -0.04102833   -0.06255232 -0.07414334   -0.03678076 -0.04102833
 -0.04192223  0.13314426   -0.03678076 -0.04102833   -0.06382930 -0.05525384
    2    1
 -0.06382930  0.05525384   -0.03678076  0.04102833   -0.04192223 -0.13314426
 -0.03678076  0.04102833   -0.06255232  0.07414334   -0.03678076  0.04102833
 -0.04192223 -0.13314426   -0.03678076  0.04102833   -0.06382930  0.05525384
    2    2
  0.23424521  0.00000000   -0.00489225  0.00745745    0.00211571  0.00000000
 -0.00489225 -0.00745745    0.28996950  0.00000000   -0.00489225 -0.00745745
  0.00211571  0.00000000   -0.00489225  0.00745745    0.23424521  0.00000000

     Dynamical  Matrix in cartesian axes

     q = (   -0.250000000   0.750000000  -0.750000000 ) 

    1    1
  0.28996950  0.00000000   -0.00489225  0.00745745    0.00489225 -0.00745745
 -0.00489225 -0.00745745    0.23424521  0.00000000   -0.00211571  0.00000000
  0.00489225  0.00745745   -0.00211571  0.00000000    0.23424521  0.00000000
    1    2
 -0.07414334  0.06255232   -0.04102833  0.03678076    0.04102833 -0.03678076
 -0.04102833  0.03678076   -0.05525384  0.06382930   -0.13314426 -0.04192223
  0.04102833 -0.03678076   -0.13314426 -0.04192223   -0.05525384  0.06382930
    2    1
 -0.07414334 -0.06255232   -0.04102833 -0.03678076    0.04102833  0.03678076
 -0.04102833 -0.03678076   -0.05525384 -0.06382930   -0.13314426  0.04192223
  0.04102833  0.03678076   -0.13314426  0.04192223   -0.05525384 -0.06382930
    2    2
  0.28996950  0.00000000   -0.00489225 -0.00745745    0.00489225  0.00745745
 -0.00489225  0.00745745    0.23424521  0.00000000   -0.00211571  0.00000000
  0.00489225 -0.00745745   -0.00211571  0.00000000    0.23424521  0.00000000

     Dynamical  Matrix in cartesian axes

     q = (   -0.750000000   0.750000000  -0.250000000 ) 

    1    1
  0.23424521  0.00000000   -0.00211571  0.00000000    0.00489225  0.00745745
 -0.00211571  0.00000000    0.23424521  0.00000000   -0.00489225 -0.00745745
  0.00489225 -0.00745745   -0.00489225  0.00745745    0.28996950  0.00000000
    1    2
 -0.05525384  0.06382930   -0.13314426 -0.04192223    0.04102833 -0.03678076
 -0.13314426 -0.04192223   -0.05525384  0.06382930   -0.04102833  0.03678076
  0.04102833 -0.03678076   -0.04102833  0.03678076   -0.07414334  0.06255232
    2    1
 -0.05525384 -0.06382930   -0.13314426  0.04192223    0.04102833  0.03678076
 -0.13314426  0.04192223   -0.05525384 -0.06382930   -0.04102833 -0.03678076
  0.04102833  0.03678076   -0.04102833 -0.03678076   -0.07414334 -0.06255232
    2    2
  0.23424521  0.00000000   -0.00211571  0.00000000    0.00489225 -0.00745745
 -0.00211571  0.00000000    0.23424521  0.00000000   -0.00489225  0.00745745
  0.00489225  0.00745745   -0.00489225 -0.00745745    0.28996950  0.00000000

     Dynamical  Matrix in cartesian axes

     q = (    0.750000000   0.250000000   0.750000000 ) 

    1    1
  0.23424521  0.00000000    0.00489225  0.00745745    0.00211571  0.00000000
  0.00489225 -0.00745745    0.28996950  0.00000000    0.00489225 -0.00745745
  0.00211571  0.00000000    0.00489225  0.00745745    0.23424521  0.00000000
    1    2
  0.05525384 -0.06382930   -0.04102833  0.03678076   -0.13314426 -0.04192223
 -0.04102833  0.03678076    0.07414334 -0.06255232   -0.04102833  0.03678076
 -0.13314426 -0.04192223   -0.04102833  0.03678076    0.05525384 -0.06382930
    2    1
  0.05525384  0.06382930   -0.04102833 -0.03678076   -0.13314426  0.04192223
 -0.04102833 -0.03678076    0.07414334  0.06255232   -0.04102833 -0.03678076
 -0.13314426  0.04192223   -0.04102833 -0.03678076    0.05525384  0.06382930
    2    2
  0.23424521  0.00000000    0.00489225 -0.00745745    0.00211571  0.00000000
  0.00489225  0.00745745    0.28996950  0.00000000    0.00489225  0.00745745
  0.00211571  0.00000000    0.00489225 -0.00745745    0.23424521  0.00000000

     Dynamical  Matrix in cartesian axes

     q = (   -0.750000000   0.250000000   0.750000000 ) 

    1    1
  0.23424521  0.00000000   -0.00489225  0.00745745   -0.00211571  0.00000000
 -0.00489225 -0.00745745    0.28996950  0.00000000    0.00489225  0.00745745
 -0.00211571  0.00000000    0.00489225 -0.00745745    0.23424521  0.00000000
    1    2
 -0.05525384 -0.06382930   -0.04102833 -0.03678076   -0.13314426  0.04192223
 -0.04102833 -0.03678076   -0.07414334 -0.06255232    0.04102833  0.03678076
 -0.13314426  0.04192223    0.04102833  0.03678076   -0.05525384 -0.06382930
    2    1
 -0.05525384  0.06382930   -0.04102833  0.03678076   -0.13314426 -0.04192223
 -0.04102833  0.03678076   -0.07414334  0.06255232    0.04102833 -0.03678076
 -0.13314426 -0.04192223    0.04102833 -0.03678076   -0.05525384  0.06382930
    2    2
  0.23424521  0.00000000   -0.00489225 -0.00745745   -0.00211571  0.00000000
 -0.00489225  0.00745745    0.28996950  0.00000000    0.00489225 -0.00745745
 -0.00211571  0.00000000    0.00489225  0.00745745    0.23424521  0.00000000

     Dynamical  Matrix in cartesian axes

     q = (    0.750000000   0.250000000  -0.750000000 ) 

    1    1
  0.23424521  0.00000000    0.00489225 -0.00745745   -0.00211571  0.00000000
  0.00489225  0.00745745    0.28996950  0.00000000   -0.00489225 -0.00745745
 -0.00211571  0.00000000   -0.00489225  0.00745745    0.23424521  0.00000000
    1    2
 -0.05525384 -0.06382930    0.04102833  0.03678076   -0.13314426  0.04192223
  0.04102833  0.03678076   -0.07414334 -0.06255232   -0.04102833 -0.03678076
 -0.13314426  0.04192223   -0.04102833 -0.03678076   -0.05525384 -0.06382930
    2    1
 -0.05525384  0.06382930    0.04102833 -0.03678076   -0.13314426 -0.04192223
  0.04102833 -0.03678076   -0.07414334  0.06255232   -0.04102833  0.03678076
 -0.13314426 -0.04192223   -0.04102833  0.03678076   -0.05525384  0.06382930
    2    2
  0.23424521  0.00000000    0.00489225  0.00745745   -0.00211571  0.00000000
  0.00489225 -0.00745745    0.28996950  0.00000000   -0.00489225  0.00745745
 -0.00211571  0.00000000   -0.00489225 -0.00745745    0.23424521  0.00000000

     Dynamical  Matrix in cartesian axes

     q = (   -0.750000000   0.750000000   0.250000000 ) 

    1    1
  0.23424521  0.00000000   -0.00211571  0.00000000   -0.00489225  0.00745745
 -0.00211571  0.00000000    0.23424521  0.00000000    0.00489225 -0.00745745
 -0.00489225 -0.00745745    0.00489225  0.00745745    0.28996950  0.00000000
    1    2
 -0.05525384 -0.06382930   -0.13314426  0.04192223   -0.04102833 -0.03678076
 -0.13314426  0.04192223   -0.05525384 -0.06382930    0.04102833  0.03678076
 -0.04102833 -0.03678076    0.04102833  0.03678076   -0.07414334 -0.06255232
    2    1
 -0.05525384  0.06382930   -0.13314426 -0.04192223   -0.04102833  0.03678076
 -0.13314426 -0.04192223   -0.05525384  0.06382930    0.04102833 -0.03678076
 -0.04102833  0.03678076    0.04102833 -0.03678076   -0.07414334  0.06255232
    2    2
  0.23424521  0.00000000   -0.00211571  0.00000000   -0.00489225 -0.00745745
 -0.00211571  0.00000000    0.23424521  0.00000000    0.00489225  0.00745745
 -0.00489225  0.00745745    0.00489225 -0.00745745    0.28996950  0.00000000

     Dynamical  Matrix in cartesian axes

     q = (   -0.250000000   0.750000000   0.750000000 ) 

    1    1
  0.28996950  0.00000000   -0.00489225 -0.00745745   -0.00489225 -0.00745745
 -0.00489225  0.00745745    0.23424521  0.00000000    0.00211571  0.00000000
 -0.00489225  0.00745745    0.00211571  0.00000000    0.23424521  0.00000000
    1    2
 -0.06255232  0.07414334   -0.03678076  0.04102833   -0.03678076  0.04102833
 -0.03678076  0.04102833   -0.06382930  0.05525384   -0.04192223 -0.13314426
 -0.03678076  0.04102833   -0.04192223 -0.13314426   -0.06382930  0.05525384
    2    1
 -0.06255232 -0.07414334   -0.03678076 -0.04102833   -0.03678076 -0.04102833
 -0.03678076 -0.04102833   -0.06382930 -0.05525384   -0.04192223  0.13314426
 -0.03678076 -0.04102833   -0.04192223  0.13314426   -0.06382930 -0.05525384
    2    2
  0.28996950  0.00000000   -0.00489225  0.00745745   -0.00489225  0.00745745
 -0.00489225 -0.00745745    0.23424521  0.00000000    0.00211571  0.00000000
 -0.00489225 -0.00745745    0.00211571  0.00000000    0.23424521  0.00000000

     Dynamical  Matrix in cartesian axes

     q = (    0.250000000   0.750000000  -0.750000000 ) 

    1    1
  0.28996950  0.00000000    0.00489225  0.00745745   -0.00489225 -0.00745745
  0.00489225 -0.00745745    0.23424521  0.00000000   -0.00211571  0.00000000
 -0.00489225  0.00745745   -0.00211571  0.00000000    0.23424521  0.00000000
    1    2
 -0.07414334 -0.06255232    0.04102833  0.03678076   -0.04102833 -0.03678076
  0.04102833  0.03678076   -0.05525384 -0.06382930   -0.13314426  0.04192223
 -0.04102833 -0.03678076   -0.13314426  0.04192223   -0.05525384 -0.06382930
    2    1
 -0.07414334  0.06255232    0.04102833 -0.03678076   -0.04102833  0.03678076
  0.04102833 -0.03678076   -0.05525384  0.06382930   -0.13314426 -0.04192223
 -0.04102833  0.03678076   -0.13314426 -0.04192223   -0.05525384  0.06382930
    2    2
  0.28996950  0.00000000    0.00489225 -0.00745745   -0.00489225  0.00745745
  0.00489225  0.00745745    0.23424521  0.00000000   -0.00211571  0.00000000
 -0.00489225 -0.00745745   -0.00211571  0.00000000    0.23424521  0.00000000

     Dynamical  Matrix in cartesian axes

     q = (   -0.250000000  -0.750000000  -0.750000000 ) 

    1    1
  0.28996950  0.00000000    0.00489225  0.00745745    0.00489225  0.00745745
  0.00489225 -0.00745745    0.23424521  0.00000000    0.00211571  0.00000000
  0.00489225 -0.00745745    0.00211571  0.00000000    0.23424521  0.00000000
    1    2
  0.07414334  0.06255232   -0.04102833 -0.03678076   -0.04102833 -0.03678076
 -0.04102833 -0.03678076    0.05525384  0.06382930   -0.13314426  0.04192223
 -0.04102833 -0.03678076   -0.13314426  0.04192223    0.05525384  0.06382930
    2    1
  0.07414334 -0.06255232   -0.04102833  0.03678076   -0.04102833  0.03678076
 -0.04102833  0.03678076    0.05525384 -0.06382930   -0.13314426 -0.04192223
 -0.04102833  0.03678076   -0.13314426 -0.04192223    0.05525384 -0.06382930
    2    2
  0.28996950  0.00000000    0.00489225 -0.00745745    0.00489225 -0.00745745
  0.00489225  0.00745745    0.23424521  0.00000000    0.00211571  0.00000000
  0.00489225  0.00745745    0.00211571  0.00000000    0.23424521  0.00000000

     Dynamical  Matrix in cartesian axes

     q = (    0.750000000   0.750000000  -0.250000000 ) 

    1    1
  0.23424521  0.00000000    0.00211571  0.00000000   -0.00489225  0.00745745
  0.00211571  0.00000000    0.23424521  0.00000000   -0.00489225  0.00745745
 -0.00489225 -0.00745745   -0.00489225 -0.00745745    0.28996950  0.00000000
    1    2
 -0.06382930  0.05525384   -0.04192223 -0.13314426   -0.03678076  0.04102833
 -0.04192223 -0.13314426   -0.06382930  0.05525384   -0.03678076  0.04102833
 -0.03678076  0.04102833   -0.03678076  0.04102833   -0.06255232  0.07414334
    2    1
 -0.06382930 -0.05525384   -0.04192223  0.13314426   -0.03678076 -0.04102833
 -0.04192223  0.13314426   -0.06382930 -0.05525384   -0.03678076 -0.04102833
 -0.03678076 -0.04102833   -0.03678076 -0.04102833   -0.06255232 -0.07414334
    2    2
  0.23424521  0.00000000    0.00211571  0.00000000   -0.00489225 -0.00745745
  0.00211571  0.00000000    0.23424521  0.00000000   -0.00489225 -0.00745745
 -0.00489225  0.00745745   -0.00489225  0.00745745    0.28996950  0.00000000

     Dynamical  Matrix in cartesian axes

     q = (    0.750000000  -0.750000000   0.250000000 ) 

    1    1
  0.23424521  0.00000000   -0.00211571  0.00000000    0.00489225 -0.00745745
 -0.00211571  0.00000000    0.23424521  0.00000000   -0.00489225  0.00745745
  0.00489225  0.00745745   -0.00489225 -0.00745745    0.28996950  0.00000000
    1    2
 -0.05525384 -0.06382930   -0.13314426  0.04192223    0.04102833  0.03678076
 -0.13314426  0.04192223   -0.05525384 -0.06382930   -0.04102833 -0.03678076
  0.04102833  0.03678076   -0.04102833 -0.03678076   -0.07414334 -0.06255232
    2    1
 -0.05525384  0.06382930   -0.13314426 -0.04192223    0.04102833 -0.03678076
 -0.13314426 -0.04192223   -0.05525384  0.06382930   -0.04102833  0.03678076
  0.04102833 -0.03678076   -0.04102833  0.03678076   -0.07414334  0.06255232
    2    2
  0.23424521  0.00000000   -0.00211571  0.00000000    0.00489225  0.00745745
 -0.00211571  0.00000000    0.23424521  0.00000000   -0.00489225 -0.00745745
  0.00489225 -0.00745745   -0.00489225  0.00745745    0.28996950  0.00000000

     Dynamical  Matrix in cartesian axes

     q = (   -0.750000000  -0.750000000  -0.250000000 ) 

    1    1
  0.23424521  0.00000000    0.00211571  0.00000000    0.00489225 -0.00745745
  0.00211571  0.00000000    0.23424521  0.00000000    0.00489225 -0.00745745
  0.00489225  0.00745745    0.00489225  0.00745745    0.28996950  0.00000000
    1    2
  0.05525384  0.06382930   -0.13314426  0.04192223   -0.04102833 -0.03678076
 -0.13314426  0.04192223    0.05525384  0.06382930   -0.04102833 -0.03678076
 -0.04102833 -0.03678076   -0.04102833 -0.03678076    0.07414334  0.06255232
    2    1
  0.05525384 -0.06382930   -0.13314426 -0.04192223   -0.04102833  0.03678076
 -0.13314426 -0.04192223    0.05525384 -0.06382930   -0.04102833  0.03678076
 -0.04102833  0.03678076   -0.04102833  0.03678076    0.07414334 -0.06255232
    2    2
  0.23424521  0.00000000    0.00211571  0.00000000    0.00489225  0.00745745
  0.00211571  0.00000000    0.23424521  0.00000000    0.00489225  0.00745745
  0.00489225 -0.00745745    0.00489225 -0.00745745    0.28996950  0.00000000

     Dynamical  Matrix in cartesian axes

     q = (    0.250000000  -0.750000000   0.750000000 ) 

    1    1
  0.28996950  0.00000000   -0.00489225 -0.00745745    0.00489225  0.00745745
 -0.00489225  0.00745745    0.23424521  0.00000000   -0.00211571  0.00000000
  0.00489225 -0.00745745   -0.00211571  0.00000000    0.23424521  0.00000000
    1    2
 -0.07414334 -0.06255232   -0.04102833 -0.03678076    0.04102833  0.03678076
 -0.04102833 -0.03678076   -0.05525384 -0.06382930   -0.13314426  0.04192223
  0.04102833  0.03678076   -0.13314426  0.04192223   -0.05525384 -0.06382930
    2    1
 -0.07414334  0.06255232   -0.04102833  0.03678076    0.04102833 -0.03678076
 -0.04102833  0.03678076   -0.05525384  0.06382930   -0.13314426 -0.04192223
  0.04102833 -0.03678076   -0.13314426 -0.04192223   -0.05525384  0.06382930
    2    2
  0.28996950  0.00000000   -0.00489225  0.00745745    0.00489225 -0.00745745
 -0.00489225 -0.00745745    0.23424521  0.00000000   -0.00211571  0.00000000
  0.00489225  0.00745745   -0.00211571  0.00000000    0.23424521  0.00000000

     Dynamical  Matrix in cartesian axes

     q = (   -0.750000000  -0.750000000   0.250000000 ) 

    1    1
  0.23424521  0.00000000    0.00211571  0.00000000   -0.00489225 -0.00745745
  0.00211571  0.00000000    0.23424521  0.00000000   -0.00489225 -0.00745745
 -0.00489225  0.00745745   -0.00489225  0.00745745    0.28996950  0.00000000
    1    2
 -0.06382930 -0.05525384   -0.04192223  0.13314426   -0.03678076 -0.04102833
 -0.04192223  0.13314426   -0.06382930 -0.05525384   -0.03678076 -0.04102833
 -0.03678076 -0.04102833   -0.03678076 -0.04102833   -0.06255232 -0.07414334
    2    1
 -0.06382930  0.05525384   -0.04192223 -0.13314426   -0.03678076  0.04102833
 -0.04192223 -0.13314426   -0.06382930  0.05525384   -0.03678076  0.04102833
 -0.03678076  0.04102833   -0.03678076  0.04102833   -0.06255232  0.07414334
    2    2
  0.23424521  0.00000000    0.00211571  0.00000000   -0.00489225  0.00745745
  0.00211571  0.00000000    0.23424521  0.00000000   -0.00489225  0.00745745
 -0.00489225 -0.00745745   -0.00489225 -0.00745745    0.28996950  0.00000000

     Dynamical  Matrix in cartesian axes

     q = (    0.250000000   0.750000000   0.750000000 ) 

    1    1
  0.28996950  0.00000000    0.00489225 -0.00745745    0.00489225 -0.00745745
  0.00489225  0.00745745    0.23424521  0.00000000    0.00211571  0.00000000
  0.00489225  0.00745745    0.00211571  0.00000000    0.23424521  0.00000000
    1    2
  0.07414334 -0.06255232   -0.04102833  0.03678076   -0.04102833  0.03678076
 -0.04102833  0.03678076    0.05525384 -0.06382930   -0.13314426 -0.04192223
 -0.04102833  0.03678076   -0.13314426 -0.04192223    0.05525384 -0.06382930
    2    1
  0.07414334  0.06255232   -0.04102833 -0.03678076   -0.04102833 -0.03678076
 -0.04102833 -0.03678076    0.05525384  0.06382930   -0.13314426  0.04192223
 -0.04102833 -0.03678076   -0.13314426  0.04192223    0.05525384  0.06382930
    2    2
  0.28996950  0.00000000    0.00489225  0.00745745    0.00489225  0.00745745
  0.00489225 -0.00745745    0.23424521  0.00000000    0.00211571  0.00000000
  0.00489225 -0.00745745    0.00211571  0.00000000    0.23424521  0.00000000

     Dynamical  Matrix in cartesian axes

     q = (   -0.250000000  -0.750000000   0.750000000 ) 

    1    1
  0.28996950  0.00000000    0.00489225 -0.00745745   -0.00489225  0.00745745
  0.00489225  0.00745745    0.23424521  0.00000000   -0.00211571  0.00000000
 -0.00489225 -0.00745745   -0.00211571  0.00000000    0.23424521  0.00000000
    1    2
 -0.07414334  0.06255232    0.04102833 -0.03678076   -0.04102833  0.03678076
  0.04102833 -0.03678076   -0.05525384  0.06382930   -0.13314426 -0.04192223
 -0.04102833  0.03678076   -0.13314426 -0.04192223   -0.05525384  0.06382930
    2    1
 -0.07414334 -0.06255232    0.04102833  0.03678076   -0.04102833 -0.03678076
  0.04102833  0.03678076   -0.05525384 -0.06382930   -0.13314426  0.04192223
 -0.04102833 -0.03678076   -0.13314426  0.04192223   -0.05525384 -0.06382930
    2    2
  0.28996950  0.00000000    0.00489225  0.00745745   -0.00489225 -0.00745745
  0.00489225 -0.00745745    0.23424521  0.00000000   -0.00211571  0.00000000
 -0.00489225  0.00745745   -0.00211571  0.00000000    0.23424521  0.00000000

     Dynamical  Matrix in cartesian axes

     q = (    0.750000000   0.750000000   0.250000000 ) 

    1    1
  0.23424521  0.00000000    0.00211571  0.00000000    0.00489225  0.00745745
  0.00211571  0.00000000    0.23424521  0.00000000    0.00489225  0.00745745
  0.00489225 -0.00745745    0.00489225 -0.00745745    0.28996950  0.00000000
    1    2
  0.05525384 -0.06382930   -0.13314426 -0.04192223   -0.04102833  0.03678076
 -0.13314426 -0.04192223    0.05525384 -0.06382930   -0.04102833  0.03678076
 -0.04102833  0.03678076   -0.04102833  0.03678076    0.07414334 -0.06255232
    2    1
  0.05525384  0.06382930   -0.13314426  0.04192223   -0.04102833 -0.03678076
 -0.13314426  0.04192223    0.05525384  0.06382930   -0.04102833 -0.03678076
 -0.04102833 -0.03678076   -0.04102833 -0.03678076    0.07414334  0.06255232
    2    2
  0.23424521  0.00000000    0.00211571  0.00000000    0.00489225 -0.00745745
  0.00211571  0.00000000    0.23424521  0.00000000    0.00489225 -0.00745745
  0.00489225  0.00745745    0.00489225  0.00745745    0.28996950  0.00000000

     Dynamical  Matrix in cartesian axes

     q = (    0.250000000  -0.750000000  -0.750000000 ) 

    1    1
  0.28996950  0.00000000   -0.00489225  0.00745745   -0.00489225  0.00745745
 -0.00489225 -0.00745745    0.23424521  0.00000000    0.00211571  0.00000000
 -0.00489225 -0.00745745    0.00211571  0.00000000    0.23424521  0.00000000
    1    2
 -0.06255232 -0.07414334   -0.03678076 -0.04102833   -0.03678076 -0.04102833
 -0.03678076 -0.04102833   -0.06382930 -0.05525384   -0.04192223  0.13314426
 -0.03678076 -0.04102833   -0.04192223  0.13314426   -0.06382930 -0.05525384
    2    1
 -0.06255232  0.07414334   -0.03678076  0.04102833   -0.03678076  0.04102833
 -0.03678076  0.04102833   -0.06382930  0.05525384   -0.04192223 -0.13314426
 -0.03678076  0.04102833   -0.04192223 -0.13314426   -0.06382930  0.05525384
    2    2
  0.28996950  0.00000000   -0.00489225 -0.00745745   -0.00489225 -0.00745745
 -0.00489225  0.00745745    0.23424521  0.00000000    0.00211571  0.00000000
 -0.00489225  0.00745745    0.00211571  0.00000000    0.23424521  0.00000000

     Dynamical  Matrix in cartesian axes

     q = (    0.750000000  -0.750000000  -0.250000000 ) 

    1    1
  0.23424521  0.00000000   -0.00211571  0.00000000   -0.00489225 -0.00745745
 -0.00211571  0.00000000    0.23424521  0.00000000    0.00489225  0.00745745
 -0.00489225  0.00745745    0.00489225 -0.00745745    0.28996950  0.00000000
    1    2
 -0.05525384  0.06382930   -0.13314426 -0.04192223   -0.04102833  0.03678076
 -0.13314426 -0.04192223   -0.05525384  0.06382930    0.04102833 -0.03678076
 -0.04102833  0.03678076    0.04102833 -0.03678076   -0.07414334  0.06255232
    2    1
 -0.05525384 -0.06382930   -0.13314426  0.04192223   -0.04102833 -0.03678076
 -0.13314426  0.04192223   -0.05525384 -0.06382930    0.04102833  0.03678076
 -0.04102833 -0.03678076    0.04102833  0.03678076   -0.07414334 -0.06255232
    2    2
  0.23424521  0.00000000   -0.00211571  0.00000000   -0.00489225  0.00745745
 -0.00211571  0.00000000    0.23424521  0.00000000    0.00489225 -0.00745745
 -0.00489225 -0.00745745    0.00489225  0.00745745    0.28996950  0.00000000

     Diagonalizing the dynamical matrix

     q = (    0.750000000  -0.250000000   0.750000000 ) 

 **************************************************************************
     freq (    1) =       4.237066 [THz] =     141.333315 [cm-1]
 (  0.057751 -0.496654 -0.000000  0.000000 -0.057751  0.496654 ) 
 (  0.500000 -0.000000 -0.000000 -0.000000 -0.500000  0.000000 ) 
     freq (    2) =       5.516808 [THz] =     184.020903 [cm-1]
 ( -0.397748 -0.195855 -0.299550  0.130938 -0.397748 -0.195855 ) 
 ( -0.443354 -0.000000 -0.210894 -0.249797 -0.443354  0.000000 ) 
     freq (    3) =       9.046592 [THz] =     301.761840 [cm-1]
 (  0.130917 -0.246975  0.392302  0.435692  0.130917 -0.246975 ) 
 ( -0.279528  0.000000  0.201217  0.550672 -0.279528  0.000000 ) 
     freq (    4) =      11.990427 [THz] =     399.957604 [cm-1]
 (  0.112181  0.312798 -0.415239 -0.326685  0.112181  0.312798 ) 
 ( -0.332305 -0.000000  0.447685  0.280579 -0.332305  0.000000 ) 
     freq (    5) =      13.354166 [THz] =     445.447044 [cm-1]
 (  0.057751 -0.496654  0.000000 -0.000000 -0.057751  0.496654 ) 
 ( -0.500000 -0.000000 -0.000000 -0.000000  0.500000  0.000000 ) 
     freq (    6) =      13.748223 [THz] =     458.591345 [cm-1]
 ( -0.302331 -0.153201 -0.475415  0.210310 -0.302331 -0.153201 ) 
 (  0.338932  0.000000  0.329013  0.402493  0.338932 -0.000000 ) 
 **************************************************************************
