Dynamical matrix file
                                                                           
  1    2  2 10.3270000  0.0000000  0.0000000  0.0000000  0.0000000  0.0000000
           1  'Si  '    25598.822984527003     
    1    1      0.0000000000      0.0000000000      0.0000000000
    2    1      0.2500000000      0.2500000000      0.2500000000

     Dynamical  Matrix in cartesian axes

     q = (   -0.250000000   0.250000000  -0.250000000 ) 

    1    1
  0.27075333  0.00000000   -0.01095673  0.00000000    0.01095673  0.00000000
 -0.01095673  0.00000000    0.27075333  0.00000000   -0.01095673  0.00000000
  0.01095673  0.00000000   -0.01095673  0.00000000    0.27075333  0.00000000
    1    2
 -0.19476812 -0.05600456   -0.03717856  0.03789183    0.03717856 -0.03789183
 -0.03717856  0.03789183   -0.19476812 -0.05600456   -0.03717856  0.03789183
  0.03717856 -0.03789183   -0.03717856  0.03789183   -0.19476812 -0.05600456
    2    1
 -0.19476812  0.05600456   -0.03717856 -0.03789183    0.03717856  0.03789183
 -0.03717856 -0.03789183   -0.19476812  0.05600456   -0.03717856 -0.03789183
  0.03717856  0.03789183   -0.03717856 -0.03789183   -0.19476812  0.05600456
    2    2
  0.27075333  0.00000000   -0.01095673  0.00000000    0.01095673  0.00000000
 -0.01095673  0.00000000    0.27075333  0.00000000   -0.01095673  0.00000000
  0.01095673  0.00000000   -0.01095673  0.00000000    0.27075333  0.00000000

     Dynamical  Matrix in cartesian axes

     q = (    0.250000000  -0.250000000  -0.250000000 ) 

    1    1
  0.27075333  0.00000000   -0.01095673  0.00000000   -0.01095673  0.00000000
 -0.01095673  0.00000000    0.27075333  0.00000000    0.01095673  0.00000000
 -0.01095673  0.00000000    0.01095673  0.00000000    0.27075333  0.00000000
    1    2
 -0.19476812 -0.05600456   -0.03717856  0.03789183   -0.03717856  0.03789183
 -0.03717856  0.03789183   -0.19476812 -0.05600456    0.03717856 -0.03789183
 -0.03717856  0.03789183    0.03717856 -0.03789183   -0.19476812 -0.05600456
    2    1
 -0.19476812  0.05600456   -0.03717856 -0.03789183   -0.03717856 -0.03789183
 -0.03717856 -0.03789183   -0.19476812  0.05600456    0.03717856  0.03789183
 -0.03717856 -0.03789183    0.03717856  0.03789183   -0.19476812  0.05600456
    2    2
  0.27075333  0.00000000   -0.01095673  0.00000000   -0.01095673  0.00000000
 -0.01095673  0.00000000    0.27075333  0.00000000    0.01095673  0.00000000
 -0.01095673  0.00000000    0.01095673  0.00000000    0.27075333  0.00000000

     Dynamical  Matrix in cartesian axes

     q = (    0.250000000  -0.250000000   0.250000000 ) 

    1    1
  0.27075333  0.00000000   -0.01095673  0.00000000    0.01095673  0.00000000
 -0.01095673  0.00000000    0.27075333  0.00000000   -0.01095673  0.00000000
  0.01095673  0.00000000   -0.01095673  0.00000000    0.27075333  0.00000000
    1    2
 -0.19476812  0.05600456   -0.03717856 -0.03789183    0.03717856  0.03789183
 -0.03717856 -0.03789183   -0.19476812  0.05600456   -0.03717856 -0.03789183
  0.03717856  0.03789183   -0.03717856 -0.03789183   -0.19476812  0.05600456
    2    1
 -0.19476812 -0.05600456   -0.03717856  0.03789183    0.03717856 -0.03789183
 -0.03717856  0.03789183   -0.19476812 -0.05600456   -0.03717856  0.03789183
  0.03717856 -0.03789183   -0.03717856  0.03789183   -0.19476812 -0.05600456
    2    2
  0.27075333  0.00000000   -0.01095673  0.00000000    0.01095673  0.00000000
 -0.01095673  0.00000000    0.27075333  0.00000000   -0.01095673  0.00000000
  0.01095673  0.00000000   -0.01095673  0.00000000    0.27075333  0.00000000

     Dynamical  Matrix in cartesian axes

     q = (    0.250000000   0.250000000   0.250000000 ) 

    1    1
  0.27075333  0.00000000    0.01095673  0.00000000    0.01095673  0.00000000
  0.01095673  0.00000000    0.27075333  0.00000000    0.01095673  0.00000000
  0.01095673  0.00000000    0.01095673  0.00000000    0.27075333  0.00000000
    1    2
 -0.05600456  0.19476812   -0.03789183 -0.03717856   -0.03789183 -0.03717856
 -0.03789183 -0.03717856   -0.05600456  0.19476812   -0.03789183 -0.03717856
 -0.03789183 -0.03717856   -0.03789183 -0.03717856   -0.05600456  0.19476812
    2    1
 -0.05600456 -0.19476812   -0.03789183  0.03717856   -0.03789183  0.03717856
 -0.03789183  0.03717856   -0.05600456 -0.19476812   -0.03789183  0.03717856
 -0.03789183  0.03717856   -0.03789183  0.03717856   -0.05600456 -0.19476812
    2    2
  0.27075333  0.00000000    0.01095673  0.00000000    0.01095673  0.00000000
  0.01095673  0.00000000    0.27075333  0.00000000    0.01095673  0.00000000
  0.01095673  0.00000000    0.01095673  0.00000000    0.27075333  0.00000000

     Dynamical  Matrix in cartesian axes

     q = (   -0.250000000  -0.250000000  -0.250000000 ) 

    1    1
  0.27075333  0.00000000    0.01095673  0.00000000    0.01095673  0.00000000
  0.01095673  0.00000000    0.27075333  0.00000000    0.01095673  0.00000000
  0.01095673  0.00000000    0.01095673  0.00000000    0.27075333  0.00000000
    1    2
 -0.05600456 -0.19476812   -0.03789183  0.03717856   -0.03789183  0.03717856
 -0.03789183  0.03717856   -0.05600456 -0.19476812   -0.03789183  0.03717856
 -0.03789183  0.03717856   -0.03789183  0.03717856   -0.05600456 -0.19476812
    2    1
 -0.05600456  0.19476812   -0.03789183 -0.03717856   -0.03789183 -0.03717856
 -0.03789183 -0.03717856   -0.05600456  0.19476812   -0.03789183 -0.03717856
 -0.03789183 -0.03717856   -0.03789183 -0.03717856   -0.05600456  0.19476812
    2    2
  0.27075333  0.00000000    0.01095673  0.00000000    0.01095673  0.00000000
  0.01095673  0.00000000    0.27075333  0.00000000    0.01095673  0.00000000
  0.01095673  0.00000000    0.01095673  0.00000000    0.27075333  0.00000000

     Dynamical  Matrix in cartesian axes

     q = (   -0.250000000  -0.250000000   0.250000000 ) 

    1    1
  0.27075333  0.00000000    0.01095673  0.00000000   -0.01095673  0.00000000
  0.01095673  0.00000000    0.27075333  0.00000000   -0.01095673  0.00000000
 -0.01095673  0.00000000   -0.01095673  0.00000000    0.27075333  0.00000000
    1    2
 -0.19476812 -0.05600456    0.03717856 -0.03789183   -0.03717856  0.03789183
  0.03717856 -0.03789183   -0.19476812 -0.05600456   -0.03717856  0.03789183
 -0.03717856  0.03789183   -0.03717856  0.03789183   -0.19476812 -0.05600456
    2    1
 -0.19476812  0.05600456    0.03717856  0.03789183   -0.03717856 -0.03789183
  0.03717856  0.03789183   -0.19476812  0.05600456   -0.03717856 -0.03789183
 -0.03717856 -0.03789183   -0.03717856 -0.03789183   -0.19476812  0.05600456
    2    2
  0.27075333  0.00000000    0.01095673  0.00000000   -0.01095673  0.00000000
  0.01095673  0.00000000    0.27075333  0.00000000   -0.01095673  0.00000000
 -0.01095673  0.00000000   -0.01095673  0.00000000    0.27075333  0.00000000

     Dynamical  Matrix in cartesian axes

     q = (   -0.250000000   0.250000000   0.250000000 ) 

    1    1
  0.27075333  0.00000000   -0.01095673  0.00000000   -0.01095673  0.00000000
 -0.01095673  0.00000000    0.27075333  0.00000000    0.01095673  0.00000000
 -0.01095673  0.00000000    0.01095673  0.00000000    0.27075333  0.00000000
    1    2
 -0.19476812  0.05600456   -0.03717856 -0.03789183   -0.03717856 -0.03789183
 -0.03717856 -0.03789183   -0.19476812  0.05600456    0.03717856  0.03789183
 -0.03717856 -0.03789183    0.03717856  0.03789183   -0.19476812  0.05600456
    2    1
 -0.19476812 -0.05600456   -0.03717856  0.03789183   -0.03717856  0.03789183
 -0.03717856  0.03789183   -0.19476812 -0.05600456    0.03717856 -0.03789183
 -0.03717856  0.03789183    0.03717856 -0.03789183   -0.19476812 -0.05600456
    2    2
  0.27075333  0.00000000   -0.01095673  0.00000000   -0.01095673  0.00000000
 -0.01095673  0.00000000    0.27075333  0.00000000    0.01095673  0.00000000
 -0.01095673  0.00000000    0.01095673  0.00000000    0.27075333  0.00000000

     Dynamical  Matrix in cartesian axes

     q = (    0.250000000   0.250000000  -0.250000000 ) 

    1    1
  0.27075333  0.00000000    0.01095673  0.00000000   -0.01095673  0.00000000
  0.01095673  0.00000000    0.27075333  0.00000000   -0.01095673  0.00000000
 -0.01095673  0.00000000   -0.01095673  0.00000000    0.27075333  0.00000000
    1    2
 -0.19476812  0.05600456    0.03717856  0.03789183   -0.03717856 -0.03789183
  0.03717856  0.03789183   -0.19476812  0.05600456   -0.03717856 -0.03789183
 -0.03717856 -0.03789183   -0.03717856 -0.03789183   -0.19476812  0.05600456
    2    1
 -0.19476812 -0.05600456    0.03717856 -0.03789183   -0.03717856  0.03789183
  0.03717856 -0.03789183   -0.19476812 -0.05600456   -0.03717856  0.03789183
 -0.03717856  0.03789183   -0.03717856  0.03789183   -0.19476812 -0.05600456
    2    2
  0.27075333  0.00000000    0.01095673  0.00000000   -0.01095673  0.00000000
  0.01095673  0.00000000    0.27075333  0.00000000   -0.01095673  0.00000000
 -0.01095673  0.00000000   -0.01095673  0.00000000    0.27075333  0.00000000

     Diagonalizing the dynamical matrix

     q = (   -0.250000000   0.250000000  -0.250000000 ) 

 **************************************************************************
     freq (    1) =       3.387663 [THz] =     113.000261 [cm-1]
 ( -0.574331  0.001448 -0.334367  0.020187  0.239964  0.018739 ) 
 ( -0.572475  0.046157 -0.331780  0.046157  0.240694  0.000000 ) 
     freq (    2) =       3.387663 [THz] =     113.000261 [cm-1]
 ( -0.053208 -0.025389  0.469985  0.015467  0.523192  0.040856 ) 
 ( -0.055023 -0.021170  0.469762 -0.021170  0.524785  0.000000 ) 
     freq (    3) =       6.947202 [THz] =     231.733699 [cm-1]
 ( -0.275372 -0.301391  0.275372  0.301391 -0.275372 -0.301391 ) 
 ( -0.408248 -0.000000  0.408248  0.000000 -0.408248  0.000000 ) 
     freq (    4) =      14.114270 [THz] =     470.801376 [cm-1]
 ( -0.275372 -0.301391  0.275372  0.301391 -0.275372 -0.301391 ) 
 (  0.408248 -0.000000 -0.408248  0.000000  0.408248  0.000000 ) 
     freq (    5) =      14.429320 [THz] =     481.310295 [cm-1]
 ( -0.054972 -0.115653  0.459742 -0.075459  0.514714  0.040194 ) 
 (  0.063809  0.111023 -0.452472  0.111023 -0.516281  0.000000 ) 
     freq (    6) =      14.429320 [THz] =     481.310295 [cm-1]
 (  0.533136 -0.180836  0.275488 -0.200956 -0.257648 -0.020120 ) 
 ( -0.517439  0.221794 -0.259006  0.221794  0.258433  0.000000 ) 
 **************************************************************************
