Dynamical matrix file
                                                                           
  1    2  2 10.3260000  0.0000000  0.0000000  0.0000000  0.0000000  0.0000000
           1  'Si  '    25598.822984527003     
    1    1      0.0000000000      0.0000000000      0.0000000000
    2    1      0.2500000000      0.2500000000      0.2500000000

     Dynamical  Matrix in cartesian axes

     q = (   -0.250000000   0.250000000  -0.250000000 ) 

    1    1
  0.27092089  0.00000000   -0.01096047  0.00000000    0.01096047  0.00000000
 -0.01096047  0.00000000    0.27092089  0.00000000   -0.01096047  0.00000000
  0.01096047  0.00000000   -0.01096047  0.00000000    0.27092089  0.00000000
    1    2
 -0.19489381 -0.05604547   -0.03723059  0.03794357    0.03723059 -0.03794357
 -0.03723059  0.03794357   -0.19489381 -0.05604547   -0.03723059  0.03794357
  0.03723059 -0.03794357   -0.03723059  0.03794357   -0.19489381 -0.05604547
    2    1
 -0.19489381  0.05604547   -0.03723059 -0.03794357    0.03723059  0.03794357
 -0.03723059 -0.03794357   -0.19489381  0.05604547   -0.03723059 -0.03794357
  0.03723059  0.03794357   -0.03723059 -0.03794357   -0.19489381  0.05604547
    2    2
  0.27092089  0.00000000   -0.01096047  0.00000000    0.01096047  0.00000000
 -0.01096047  0.00000000    0.27092089  0.00000000   -0.01096047  0.00000000
  0.01096047  0.00000000   -0.01096047  0.00000000    0.27092089  0.00000000

     Dynamical  Matrix in cartesian axes

     q = (    0.250000000  -0.250000000  -0.250000000 ) 

    1    1
  0.27092089  0.00000000   -0.01096047  0.00000000   -0.01096047  0.00000000
 -0.01096047  0.00000000    0.27092089  0.00000000    0.01096047  0.00000000
 -0.01096047  0.00000000    0.01096047  0.00000000    0.27092089  0.00000000
    1    2
 -0.19489381 -0.05604547   -0.03723059  0.03794357   -0.03723059  0.03794357
 -0.03723059  0.03794357   -0.19489381 -0.05604547    0.03723059 -0.03794357
 -0.03723059  0.03794357    0.03723059 -0.03794357   -0.19489381 -0.05604547
    2    1
 -0.19489381  0.05604547   -0.03723059 -0.03794357   -0.03723059 -0.03794357
 -0.03723059 -0.03794357   -0.19489381  0.05604547    0.03723059  0.03794357
 -0.03723059 -0.03794357    0.03723059  0.03794357   -0.19489381  0.05604547
    2    2
  0.27092089  0.00000000   -0.01096047  0.00000000   -0.01096047  0.00000000
 -0.01096047  0.00000000    0.27092089  0.00000000    0.01096047  0.00000000
 -0.01096047  0.00000000    0.01096047  0.00000000    0.27092089  0.00000000

     Dynamical  Matrix in cartesian axes

     q = (    0.250000000  -0.250000000   0.250000000 ) 

    1    1
  0.27092089  0.00000000   -0.01096047  0.00000000    0.01096047  0.00000000
 -0.01096047  0.00000000    0.27092089  0.00000000   -0.01096047  0.00000000
  0.01096047  0.00000000   -0.01096047  0.00000000    0.27092089  0.00000000
    1    2
 -0.19489381  0.05604547   -0.03723059 -0.03794357    0.03723059  0.03794357
 -0.03723059 -0.03794357   -0.19489381  0.05604547   -0.03723059 -0.03794357
  0.03723059  0.03794357   -0.03723059 -0.03794357   -0.19489381  0.05604547
    2    1
 -0.19489381 -0.05604547   -0.03723059  0.03794357    0.03723059 -0.03794357
 -0.03723059  0.03794357   -0.19489381 -0.05604547   -0.03723059  0.03794357
  0.03723059 -0.03794357   -0.03723059  0.03794357   -0.19489381 -0.05604547
    2    2
  0.27092089  0.00000000   -0.01096047  0.00000000    0.01096047  0.00000000
 -0.01096047  0.00000000    0.27092089  0.00000000   -0.01096047  0.00000000
  0.01096047  0.00000000   -0.01096047  0.00000000    0.27092089  0.00000000

     Dynamical  Matrix in cartesian axes

     q = (    0.250000000   0.250000000   0.250000000 ) 

    1    1
  0.27092089  0.00000000    0.01096047  0.00000000    0.01096047  0.00000000
  0.01096047  0.00000000    0.27092089  0.00000000    0.01096047  0.00000000
  0.01096047  0.00000000    0.01096047  0.00000000    0.27092089  0.00000000
    1    2
 -0.05604547  0.19489381   -0.03794357 -0.03723059   -0.03794357 -0.03723059
 -0.03794357 -0.03723059   -0.05604547  0.19489381   -0.03794357 -0.03723059
 -0.03794357 -0.03723059   -0.03794357 -0.03723059   -0.05604547  0.19489381
    2    1
 -0.05604547 -0.19489381   -0.03794357  0.03723059   -0.03794357  0.03723059
 -0.03794357  0.03723059   -0.05604547 -0.19489381   -0.03794357  0.03723059
 -0.03794357  0.03723059   -0.03794357  0.03723059   -0.05604547 -0.19489381
    2    2
  0.27092089  0.00000000    0.01096047  0.00000000    0.01096047  0.00000000
  0.01096047  0.00000000    0.27092089  0.00000000    0.01096047  0.00000000
  0.01096047  0.00000000    0.01096047  0.00000000    0.27092089  0.00000000

     Dynamical  Matrix in cartesian axes

     q = (   -0.250000000  -0.250000000  -0.250000000 ) 

    1    1
  0.27092089  0.00000000    0.01096047  0.00000000    0.01096047  0.00000000
  0.01096047  0.00000000    0.27092089  0.00000000    0.01096047  0.00000000
  0.01096047  0.00000000    0.01096047  0.00000000    0.27092089  0.00000000
    1    2
 -0.05604547 -0.19489381   -0.03794357  0.03723059   -0.03794357  0.03723059
 -0.03794357  0.03723059   -0.05604547 -0.19489381   -0.03794357  0.03723059
 -0.03794357  0.03723059   -0.03794357  0.03723059   -0.05604547 -0.19489381
    2    1
 -0.05604547  0.19489381   -0.03794357 -0.03723059   -0.03794357 -0.03723059
 -0.03794357 -0.03723059   -0.05604547  0.19489381   -0.03794357 -0.03723059
 -0.03794357 -0.03723059   -0.03794357 -0.03723059   -0.05604547  0.19489381
    2    2
  0.27092089  0.00000000    0.01096047  0.00000000    0.01096047  0.00000000
  0.01096047  0.00000000    0.27092089  0.00000000    0.01096047  0.00000000
  0.01096047  0.00000000    0.01096047  0.00000000    0.27092089  0.00000000

     Dynamical  Matrix in cartesian axes

     q = (   -0.250000000  -0.250000000   0.250000000 ) 

    1    1
  0.27092089  0.00000000    0.01096047  0.00000000   -0.01096047  0.00000000
  0.01096047  0.00000000    0.27092089  0.00000000   -0.01096047  0.00000000
 -0.01096047  0.00000000   -0.01096047  0.00000000    0.27092089  0.00000000
    1    2
 -0.19489381 -0.05604547    0.03723059 -0.03794357   -0.03723059  0.03794357
  0.03723059 -0.03794357   -0.19489381 -0.05604547   -0.03723059  0.03794357
 -0.03723059  0.03794357   -0.03723059  0.03794357   -0.19489381 -0.05604547
    2    1
 -0.19489381  0.05604547    0.03723059  0.03794357   -0.03723059 -0.03794357
  0.03723059  0.03794357   -0.19489381  0.05604547   -0.03723059 -0.03794357
 -0.03723059 -0.03794357   -0.03723059 -0.03794357   -0.19489381  0.05604547
    2    2
  0.27092089  0.00000000    0.01096047  0.00000000   -0.01096047  0.00000000
  0.01096047  0.00000000    0.27092089  0.00000000   -0.01096047  0.00000000
 -0.01096047  0.00000000   -0.01096047  0.00000000    0.27092089  0.00000000

     Dynamical  Matrix in cartesian axes

     q = (   -0.250000000   0.250000000   0.250000000 ) 

    1    1
  0.27092089  0.00000000   -0.01096047  0.00000000   -0.01096047  0.00000000
 -0.01096047  0.00000000    0.27092089  0.00000000    0.01096047  0.00000000
 -0.01096047  0.00000000    0.01096047  0.00000000    0.27092089  0.00000000
    1    2
 -0.19489381  0.05604547   -0.03723059 -0.03794357   -0.03723059 -0.03794357
 -0.03723059 -0.03794357   -0.19489381  0.05604547    0.03723059  0.03794357
 -0.03723059 -0.03794357    0.03723059  0.03794357   -0.19489381  0.05604547
    2    1
 -0.19489381 -0.05604547   -0.03723059  0.03794357   -0.03723059  0.03794357
 -0.03723059  0.03794357   -0.19489381 -0.05604547    0.03723059 -0.03794357
 -0.03723059  0.03794357    0.03723059 -0.03794357   -0.19489381 -0.05604547
    2    2
  0.27092089  0.00000000   -0.01096047  0.00000000   -0.01096047  0.00000000
 -0.01096047  0.00000000    0.27092089  0.00000000    0.01096047  0.00000000
 -0.01096047  0.00000000    0.01096047  0.00000000    0.27092089  0.00000000

     Dynamical  Matrix in cartesian axes

     q = (    0.250000000   0.250000000  -0.250000000 ) 

    1    1
  0.27092089  0.00000000    0.01096047  0.00000000   -0.01096047  0.00000000
  0.01096047  0.00000000    0.27092089  0.00000000   -0.01096047  0.00000000
 -0.01096047  0.00000000   -0.01096047  0.00000000    0.27092089  0.00000000
    1    2
 -0.19489381  0.05604547    0.03723059  0.03794357   -0.03723059 -0.03794357
  0.03723059  0.03794357   -0.19489381  0.05604547   -0.03723059 -0.03794357
 -0.03723059 -0.03794357   -0.03723059 -0.03794357   -0.19489381  0.05604547
    2    1
 -0.19489381 -0.05604547    0.03723059 -0.03794357   -0.03723059  0.03794357
  0.03723059 -0.03794357   -0.19489381 -0.05604547   -0.03723059  0.03794357
 -0.03723059  0.03794357   -0.03723059  0.03794357   -0.19489381 -0.05604547
    2    2
  0.27092089  0.00000000    0.01096047  0.00000000   -0.01096047  0.00000000
  0.01096047  0.00000000    0.27092089  0.00000000   -0.01096047  0.00000000
 -0.01096047  0.00000000   -0.01096047  0.00000000    0.27092089  0.00000000

     Diagonalizing the dynamical matrix

     q = (   -0.250000000   0.250000000  -0.250000000 ) 

 **************************************************************************
     freq (    1) =       3.386882 [THz] =     112.974212 [cm-1]
 (  0.339479  0.054066 -0.231591  0.009532 -0.571071 -0.044534 ) 
 (  0.342655  0.027509 -0.230149  0.027509 -0.572805  0.000000 ) 
     freq (    2) =       3.386882 [THz] =     112.974212 [cm-1]
 ( -0.391297 -0.249099 -0.463385 -0.254721 -0.072087 -0.005622 ) 
 ( -0.409480 -0.217923 -0.481786 -0.217923 -0.072306  0.000000 ) 
     freq (    3) =       6.948840 [THz] =     231.788364 [cm-1]
 ( -0.275235 -0.301517  0.275235  0.301517 -0.275235 -0.301517 ) 
 ( -0.408248 -0.000000  0.408248  0.000000 -0.408248  0.000000 ) 
     freq (    4) =      14.118707 [THz] =     470.949359 [cm-1]
 ( -0.275235 -0.301517  0.275235  0.301517 -0.275235 -0.301517 ) 
 (  0.408248 -0.000000 -0.408248 -0.000000  0.408248  0.000000 ) 
     freq (    5) =      14.434302 [THz] =     481.476495 [cm-1]
 ( -0.485718 -0.119417 -0.485349 -0.119388  0.000370  0.000029 ) 
 (  0.493533  0.081292  0.493162  0.081292 -0.000371  0.000000 ) 
     freq (    6) =      14.434302 [THz] =     481.476495 [cm-1]
 ( -0.287490 -0.022367  0.288113  0.022520  0.575603  0.044888 ) 
 (  0.288358 -0.000052 -0.288992 -0.000052 -0.577350  0.000000 ) 
 **************************************************************************
