Dynamical matrix file
                                                                           
  1    2  2 10.3260000  0.0000000  0.0000000  0.0000000  0.0000000  0.0000000
           1  'Si  '    25598.822984527003     
    1    1      0.0000000000      0.0000000000      0.0000000000
    2    1      0.2500000000      0.2500000000      0.2500000000

     Dynamical  Matrix in cartesian axes

     q = (    0.750000000  -0.250000000   0.750000000 ) 

    1    1
  0.23440753  0.00000000   -0.00489163  0.00745985    0.00211119  0.00000000
 -0.00489163 -0.00745985    0.29016216  0.00000000   -0.00489163 -0.00745985
  0.00211119  0.00000000   -0.00489163  0.00745985    0.23440753  0.00000000
    1    2
 -0.06386705  0.05530363   -0.03682562  0.04108470   -0.04197537 -0.13330118
 -0.03682562  0.04108470   -0.06258927  0.07417309   -0.03682562  0.04108470
 -0.04197537 -0.13330118   -0.03682562  0.04108470   -0.06386705  0.05530363
    2    1
 -0.06386705 -0.05530363   -0.03682562 -0.04108470   -0.04197537  0.13330118
 -0.03682562 -0.04108470   -0.06258927 -0.07417309   -0.03682562 -0.04108470
 -0.04197537  0.13330118   -0.03682562 -0.04108470   -0.06386705 -0.05530363
    2    2
  0.23440753  0.00000000   -0.00489163 -0.00745985    0.00211119  0.00000000
 -0.00489163  0.00745985    0.29016216  0.00000000   -0.00489163  0.00745985
  0.00211119  0.00000000   -0.00489163 -0.00745985    0.23440753  0.00000000

     Dynamical  Matrix in cartesian axes

     q = (    0.750000000  -0.250000000  -0.750000000 ) 

    1    1
  0.23440753  0.00000000   -0.00489163 -0.00745985   -0.00211119  0.00000000
 -0.00489163  0.00745985    0.29016216  0.00000000    0.00489163 -0.00745985
 -0.00211119  0.00000000    0.00489163  0.00745985    0.23440753  0.00000000
    1    2
 -0.05530363  0.06386705   -0.04108470  0.03682562   -0.13330118 -0.04197537
 -0.04108470  0.03682562   -0.07417309  0.06258927    0.04108470 -0.03682562
 -0.13330118 -0.04197537    0.04108470 -0.03682562   -0.05530363  0.06386705
    2    1
 -0.05530363 -0.06386705   -0.04108470 -0.03682562   -0.13330118  0.04197537
 -0.04108470 -0.03682562   -0.07417309 -0.06258927    0.04108470  0.03682562
 -0.13330118  0.04197537    0.04108470  0.03682562   -0.05530363 -0.06386705
    2    2
  0.23440753  0.00000000   -0.00489163  0.00745985   -0.00211119  0.00000000
 -0.00489163 -0.00745985    0.29016216  0.00000000    0.00489163  0.00745985
 -0.00211119  0.00000000    0.00489163 -0.00745985    0.23440753  0.00000000

     Dynamical  Matrix in cartesian axes

     q = (   -0.750000000  -0.250000000  -0.750000000 ) 

    1    1
  0.23440753  0.00000000    0.00489163 -0.00745985    0.00211119  0.00000000
  0.00489163  0.00745985    0.29016216  0.00000000    0.00489163  0.00745985
  0.00211119  0.00000000    0.00489163 -0.00745985    0.23440753  0.00000000
    1    2
  0.05530363  0.06386705   -0.04108470 -0.03682562   -0.13330118  0.04197537
 -0.04108470 -0.03682562    0.07417309  0.06258927   -0.04108470 -0.03682562
 -0.13330118  0.04197537   -0.04108470 -0.03682562    0.05530363  0.06386705
    2    1
  0.05530363 -0.06386705   -0.04108470  0.03682562   -0.13330118 -0.04197537
 -0.04108470  0.03682562    0.07417309 -0.06258927   -0.04108470  0.03682562
 -0.13330118 -0.04197537   -0.04108470  0.03682562    0.05530363 -0.06386705
    2    2
  0.23440753  0.00000000    0.00489163  0.00745985    0.00211119  0.00000000
  0.00489163 -0.00745985    0.29016216  0.00000000    0.00489163 -0.00745985
  0.00211119  0.00000000    0.00489163  0.00745985    0.23440753  0.00000000

     Dynamical  Matrix in cartesian axes

     q = (   -0.750000000  -0.250000000   0.750000000 ) 

    1    1
  0.23440753  0.00000000    0.00489163  0.00745985   -0.00211119  0.00000000
  0.00489163 -0.00745985    0.29016216  0.00000000   -0.00489163  0.00745985
 -0.00211119  0.00000000   -0.00489163 -0.00745985    0.23440753  0.00000000
    1    2
 -0.05530363  0.06386705    0.04108470 -0.03682562   -0.13330118 -0.04197537
  0.04108470 -0.03682562   -0.07417309  0.06258927   -0.04108470  0.03682562
 -0.13330118 -0.04197537   -0.04108470  0.03682562   -0.05530363  0.06386705
    2    1
 -0.05530363 -0.06386705    0.04108470  0.03682562   -0.13330118  0.04197537
  0.04108470  0.03682562   -0.07417309 -0.06258927   -0.04108470 -0.03682562
 -0.13330118  0.04197537   -0.04108470 -0.03682562   -0.05530363 -0.06386705
    2    2
  0.23440753  0.00000000    0.00489163 -0.00745985   -0.00211119  0.00000000
  0.00489163  0.00745985    0.29016216  0.00000000   -0.00489163 -0.00745985
 -0.00211119  0.00000000   -0.00489163  0.00745985    0.23440753  0.00000000

     Dynamical  Matrix in cartesian axes

     q = (   -0.750000000   0.250000000  -0.750000000 ) 

    1    1
  0.23440753  0.00000000   -0.00489163 -0.00745985    0.00211119  0.00000000
 -0.00489163  0.00745985    0.29016216  0.00000000   -0.00489163  0.00745985
  0.00211119  0.00000000   -0.00489163 -0.00745985    0.23440753  0.00000000
    1    2
 -0.06386705 -0.05530363   -0.03682562 -0.04108470   -0.04197537  0.13330118
 -0.03682562 -0.04108470   -0.06258927 -0.07417309   -0.03682562 -0.04108470
 -0.04197537  0.13330118   -0.03682562 -0.04108470   -0.06386705 -0.05530363
    2    1
 -0.06386705  0.05530363   -0.03682562  0.04108470   -0.04197537 -0.13330118
 -0.03682562  0.04108470   -0.06258927  0.07417309   -0.03682562  0.04108470
 -0.04197537 -0.13330118   -0.03682562  0.04108470   -0.06386705  0.05530363
    2    2
  0.23440753  0.00000000   -0.00489163  0.00745985    0.00211119  0.00000000
 -0.00489163 -0.00745985    0.29016216  0.00000000   -0.00489163 -0.00745985
  0.00211119  0.00000000   -0.00489163  0.00745985    0.23440753  0.00000000

     Dynamical  Matrix in cartesian axes

     q = (   -0.250000000   0.750000000  -0.750000000 ) 

    1    1
  0.29016216  0.00000000   -0.00489163  0.00745985    0.00489163 -0.00745985
 -0.00489163 -0.00745985    0.23440753  0.00000000   -0.00211119  0.00000000
  0.00489163  0.00745985   -0.00211119  0.00000000    0.23440753  0.00000000
    1    2
 -0.07417309  0.06258927   -0.04108470  0.03682562    0.04108470 -0.03682562
 -0.04108470  0.03682562   -0.05530363  0.06386705   -0.13330118 -0.04197537
  0.04108470 -0.03682562   -0.13330118 -0.04197537   -0.05530363  0.06386705
    2    1
 -0.07417309 -0.06258927   -0.04108470 -0.03682562    0.04108470  0.03682562
 -0.04108470 -0.03682562   -0.05530363 -0.06386705   -0.13330118  0.04197537
  0.04108470  0.03682562   -0.13330118  0.04197537   -0.05530363 -0.06386705
    2    2
  0.29016216  0.00000000   -0.00489163 -0.00745985    0.00489163  0.00745985
 -0.00489163  0.00745985    0.23440753  0.00000000   -0.00211119  0.00000000
  0.00489163 -0.00745985   -0.00211119  0.00000000    0.23440753  0.00000000

     Dynamical  Matrix in cartesian axes

     q = (   -0.750000000   0.750000000  -0.250000000 ) 

    1    1
  0.23440753  0.00000000   -0.00211119  0.00000000    0.00489163  0.00745985
 -0.00211119  0.00000000    0.23440753  0.00000000   -0.00489163 -0.00745985
  0.00489163 -0.00745985   -0.00489163  0.00745985    0.29016216  0.00000000
    1    2
 -0.05530363  0.06386705   -0.13330118 -0.04197537    0.04108470 -0.03682562
 -0.13330118 -0.04197537   -0.05530363  0.06386705   -0.04108470  0.03682562
  0.04108470 -0.03682562   -0.04108470  0.03682562   -0.07417309  0.06258927
    2    1
 -0.05530363 -0.06386705   -0.13330118  0.04197537    0.04108470  0.03682562
 -0.13330118  0.04197537   -0.05530363 -0.06386705   -0.04108470 -0.03682562
  0.04108470  0.03682562   -0.04108470 -0.03682562   -0.07417309 -0.06258927
    2    2
  0.23440753  0.00000000   -0.00211119  0.00000000    0.00489163 -0.00745985
 -0.00211119  0.00000000    0.23440753  0.00000000   -0.00489163  0.00745985
  0.00489163  0.00745985   -0.00489163 -0.00745985    0.29016216  0.00000000

     Dynamical  Matrix in cartesian axes

     q = (    0.750000000   0.250000000   0.750000000 ) 

    1    1
  0.23440753  0.00000000    0.00489163  0.00745985    0.00211119  0.00000000
  0.00489163 -0.00745985    0.29016216  0.00000000    0.00489163 -0.00745985
  0.00211119  0.00000000    0.00489163  0.00745985    0.23440753  0.00000000
    1    2
  0.05530363 -0.06386705   -0.04108470  0.03682562   -0.13330118 -0.04197537
 -0.04108470  0.03682562    0.07417309 -0.06258927   -0.04108470  0.03682562
 -0.13330118 -0.04197537   -0.04108470  0.03682562    0.05530363 -0.06386705
    2    1
  0.05530363  0.06386705   -0.04108470 -0.03682562   -0.13330118  0.04197537
 -0.04108470 -0.03682562    0.07417309  0.06258927   -0.04108470 -0.03682562
 -0.13330118  0.04197537   -0.04108470 -0.03682562    0.05530363  0.06386705
    2    2
  0.23440753  0.00000000    0.00489163 -0.00745985    0.00211119  0.00000000
  0.00489163  0.00745985    0.29016216  0.00000000    0.00489163  0.00745985
  0.00211119  0.00000000    0.00489163 -0.00745985    0.23440753  0.00000000

     Dynamical  Matrix in cartesian axes

     q = (   -0.750000000   0.250000000   0.750000000 ) 

    1    1
  0.23440753  0.00000000   -0.00489163  0.00745985   -0.00211119  0.00000000
 -0.00489163 -0.00745985    0.29016216  0.00000000    0.00489163  0.00745985
 -0.00211119  0.00000000    0.00489163 -0.00745985    0.23440753  0.00000000
    1    2
 -0.05530363 -0.06386705   -0.04108470 -0.03682562   -0.13330118  0.04197537
 -0.04108470 -0.03682562   -0.07417309 -0.06258927    0.04108470  0.03682562
 -0.13330118  0.04197537    0.04108470  0.03682562   -0.05530363 -0.06386705
    2    1
 -0.05530363  0.06386705   -0.04108470  0.03682562   -0.13330118 -0.04197537
 -0.04108470  0.03682562   -0.07417309  0.06258927    0.04108470 -0.03682562
 -0.13330118 -0.04197537    0.04108470 -0.03682562   -0.05530363  0.06386705
    2    2
  0.23440753  0.00000000   -0.00489163 -0.00745985   -0.00211119  0.00000000
 -0.00489163  0.00745985    0.29016216  0.00000000    0.00489163 -0.00745985
 -0.00211119  0.00000000    0.00489163  0.00745985    0.23440753  0.00000000

     Dynamical  Matrix in cartesian axes

     q = (    0.750000000   0.250000000  -0.750000000 ) 

    1    1
  0.23440753  0.00000000    0.00489163 -0.00745985   -0.00211119  0.00000000
  0.00489163  0.00745985    0.29016216  0.00000000   -0.00489163 -0.00745985
 -0.00211119  0.00000000   -0.00489163  0.00745985    0.23440753  0.00000000
    1    2
 -0.05530363 -0.06386705    0.04108470  0.03682562   -0.13330118  0.04197537
  0.04108470  0.03682562   -0.07417309 -0.06258927   -0.04108470 -0.03682562
 -0.13330118  0.04197537   -0.04108470 -0.03682562   -0.05530363 -0.06386705
    2    1
 -0.05530363  0.06386705    0.04108470 -0.03682562   -0.13330118 -0.04197537
  0.04108470 -0.03682562   -0.07417309  0.06258927   -0.04108470  0.03682562
 -0.13330118 -0.04197537   -0.04108470  0.03682562   -0.05530363  0.06386705
    2    2
  0.23440753  0.00000000    0.00489163  0.00745985   -0.00211119  0.00000000
  0.00489163 -0.00745985    0.29016216  0.00000000   -0.00489163  0.00745985
 -0.00211119  0.00000000   -0.00489163 -0.00745985    0.23440753  0.00000000

     Dynamical  Matrix in cartesian axes

     q = (   -0.750000000   0.750000000   0.250000000 ) 

    1    1
  0.23440753  0.00000000   -0.00211119  0.00000000   -0.00489163  0.00745985
 -0.00211119  0.00000000    0.23440753  0.00000000    0.00489163 -0.00745985
 -0.00489163 -0.00745985    0.00489163  0.00745985    0.29016216  0.00000000
    1    2
 -0.05530363 -0.06386705   -0.13330118  0.04197537   -0.04108470 -0.03682562
 -0.13330118  0.04197537   -0.05530363 -0.06386705    0.04108470  0.03682562
 -0.04108470 -0.03682562    0.04108470  0.03682562   -0.07417309 -0.06258927
    2    1
 -0.05530363  0.06386705   -0.13330118 -0.04197537   -0.04108470  0.03682562
 -0.13330118 -0.04197537   -0.05530363  0.06386705    0.04108470 -0.03682562
 -0.04108470  0.03682562    0.04108470 -0.03682562   -0.07417309  0.06258927
    2    2
  0.23440753  0.00000000   -0.00211119  0.00000000   -0.00489163 -0.00745985
 -0.00211119  0.00000000    0.23440753  0.00000000    0.00489163  0.00745985
 -0.00489163  0.00745985    0.00489163 -0.00745985    0.29016216  0.00000000

     Dynamical  Matrix in cartesian axes

     q = (   -0.250000000   0.750000000   0.750000000 ) 

    1    1
  0.29016216  0.00000000   -0.00489163 -0.00745985   -0.00489163 -0.00745985
 -0.00489163  0.00745985    0.23440753  0.00000000    0.00211119  0.00000000
 -0.00489163  0.00745985    0.00211119  0.00000000    0.23440753  0.00000000
    1    2
 -0.06258927  0.07417309   -0.03682562  0.04108470   -0.03682562  0.04108470
 -0.03682562  0.04108470   -0.06386705  0.05530363   -0.04197537 -0.13330118
 -0.03682562  0.04108470   -0.04197537 -0.13330118   -0.06386705  0.05530363
    2    1
 -0.06258927 -0.07417309   -0.03682562 -0.04108470   -0.03682562 -0.04108470
 -0.03682562 -0.04108470   -0.06386705 -0.05530363   -0.04197537  0.13330118
 -0.03682562 -0.04108470   -0.04197537  0.13330118   -0.06386705 -0.05530363
    2    2
  0.29016216  0.00000000   -0.00489163  0.00745985   -0.00489163  0.00745985
 -0.00489163 -0.00745985    0.23440753  0.00000000    0.00211119  0.00000000
 -0.00489163 -0.00745985    0.00211119  0.00000000    0.23440753  0.00000000

     Dynamical  Matrix in cartesian axes

     q = (    0.250000000   0.750000000  -0.750000000 ) 

    1    1
  0.29016216  0.00000000    0.00489163  0.00745985   -0.00489163 -0.00745985
  0.00489163 -0.00745985    0.23440753  0.00000000   -0.00211119  0.00000000
 -0.00489163  0.00745985   -0.00211119  0.00000000    0.23440753  0.00000000
    1    2
 -0.07417309 -0.06258927    0.04108470  0.03682562   -0.04108470 -0.03682562
  0.04108470  0.03682562   -0.05530363 -0.06386705   -0.13330118  0.04197537
 -0.04108470 -0.03682562   -0.13330118  0.04197537   -0.05530363 -0.06386705
    2    1
 -0.07417309  0.06258927    0.04108470 -0.03682562   -0.04108470  0.03682562
  0.04108470 -0.03682562   -0.05530363  0.06386705   -0.13330118 -0.04197537
 -0.04108470  0.03682562   -0.13330118 -0.04197537   -0.05530363  0.06386705
    2    2
  0.29016216  0.00000000    0.00489163 -0.00745985   -0.00489163  0.00745985
  0.00489163  0.00745985    0.23440753  0.00000000   -0.00211119  0.00000000
 -0.00489163 -0.00745985   -0.00211119  0.00000000    0.23440753  0.00000000

     Dynamical  Matrix in cartesian axes

     q = (   -0.250000000  -0.750000000  -0.750000000 ) 

    1    1
  0.29016216  0.00000000    0.00489163  0.00745985    0.00489163  0.00745985
  0.00489163 -0.00745985    0.23440753  0.00000000    0.00211119  0.00000000
  0.00489163 -0.00745985    0.00211119  0.00000000    0.23440753  0.00000000
    1    2
  0.07417309  0.06258927   -0.04108470 -0.03682562   -0.04108470 -0.03682562
 -0.04108470 -0.03682562    0.05530363  0.06386705   -0.13330118  0.04197537
 -0.04108470 -0.03682562   -0.13330118  0.04197537    0.05530363  0.06386705
    2    1
  0.07417309 -0.06258927   -0.04108470  0.03682562   -0.04108470  0.03682562
 -0.04108470  0.03682562    0.05530363 -0.06386705   -0.13330118 -0.04197537
 -0.04108470  0.03682562   -0.13330118 -0.04197537    0.05530363 -0.06386705
    2    2
  0.29016216  0.00000000    0.00489163 -0.00745985    0.00489163 -0.00745985
  0.00489163  0.00745985    0.23440753  0.00000000    0.00211119  0.00000000
  0.00489163  0.00745985    0.00211119  0.00000000    0.23440753  0.00000000

     Dynamical  Matrix in cartesian axes

     q = (    0.750000000   0.750000000  -0.250000000 ) 

    1    1
  0.23440753  0.00000000    0.00211119  0.00000000   -0.00489163  0.00745985
  0.00211119  0.00000000    0.23440753  0.00000000   -0.00489163  0.00745985
 -0.00489163 -0.00745985   -0.00489163 -0.00745985    0.29016216  0.00000000
    1    2
 -0.06386705  0.05530363   -0.04197537 -0.13330118   -0.03682562  0.04108470
 -0.04197537 -0.13330118   -0.06386705  0.05530363   -0.03682562  0.04108470
 -0.03682562  0.04108470   -0.03682562  0.04108470   -0.06258927  0.07417309
    2    1
 -0.06386705 -0.05530363   -0.04197537  0.13330118   -0.03682562 -0.04108470
 -0.04197537  0.13330118   -0.06386705 -0.05530363   -0.03682562 -0.04108470
 -0.03682562 -0.04108470   -0.03682562 -0.04108470   -0.06258927 -0.07417309
    2    2
  0.23440753  0.00000000    0.00211119  0.00000000   -0.00489163 -0.00745985
  0.00211119  0.00000000    0.23440753  0.00000000   -0.00489163 -0.00745985
 -0.00489163  0.00745985   -0.00489163  0.00745985    0.29016216  0.00000000

     Dynamical  Matrix in cartesian axes

     q = (    0.750000000  -0.750000000   0.250000000 ) 

    1    1
  0.23440753  0.00000000   -0.00211119  0.00000000    0.00489163 -0.00745985
 -0.00211119  0.00000000    0.23440753  0.00000000   -0.00489163  0.00745985
  0.00489163  0.00745985   -0.00489163 -0.00745985    0.29016216  0.00000000
    1    2
 -0.05530363 -0.06386705   -0.13330118  0.04197537    0.04108470  0.03682562
 -0.13330118  0.04197537   -0.05530363 -0.06386705   -0.04108470 -0.03682562
  0.04108470  0.03682562   -0.04108470 -0.03682562   -0.07417309 -0.06258927
    2    1
 -0.05530363  0.06386705   -0.13330118 -0.04197537    0.04108470 -0.03682562
 -0.13330118 -0.04197537   -0.05530363  0.06386705   -0.04108470  0.03682562
  0.04108470 -0.03682562   -0.04108470  0.03682562   -0.07417309  0.06258927
    2    2
  0.23440753  0.00000000   -0.00211119  0.00000000    0.00489163  0.00745985
 -0.00211119  0.00000000    0.23440753  0.00000000   -0.00489163 -0.00745985
  0.00489163 -0.00745985   -0.00489163  0.00745985    0.29016216  0.00000000

     Dynamical  Matrix in cartesian axes

     q = (   -0.750000000  -0.750000000  -0.250000000 ) 

    1    1
  0.23440753  0.00000000    0.00211119  0.00000000    0.00489163 -0.00745985
  0.00211119  0.00000000    0.23440753  0.00000000    0.00489163 -0.00745985
  0.00489163  0.00745985    0.00489163  0.00745985    0.29016216  0.00000000
    1    2
  0.05530363  0.06386705   -0.13330118  0.04197537   -0.04108470 -0.03682562
 -0.13330118  0.04197537    0.05530363  0.06386705   -0.04108470 -0.03682562
 -0.04108470 -0.03682562   -0.04108470 -0.03682562    0.07417309  0.06258927
    2    1
  0.05530363 -0.06386705   -0.13330118 -0.04197537   -0.04108470  0.03682562
 -0.13330118 -0.04197537    0.05530363 -0.06386705   -0.04108470  0.03682562
 -0.04108470  0.03682562   -0.04108470  0.03682562    0.07417309 -0.06258927
    2    2
  0.23440753  0.00000000    0.00211119  0.00000000    0.00489163  0.00745985
  0.00211119  0.00000000    0.23440753  0.00000000    0.00489163  0.00745985
  0.00489163 -0.00745985    0.00489163 -0.00745985    0.29016216  0.00000000

     Dynamical  Matrix in cartesian axes

     q = (    0.250000000  -0.750000000   0.750000000 ) 

    1    1
  0.29016216  0.00000000   -0.00489163 -0.00745985    0.00489163  0.00745985
 -0.00489163  0.00745985    0.23440753  0.00000000   -0.00211119  0.00000000
  0.00489163 -0.00745985   -0.00211119  0.00000000    0.23440753  0.00000000
    1    2
 -0.07417309 -0.06258927   -0.04108470 -0.03682562    0.04108470  0.03682562
 -0.04108470 -0.03682562   -0.05530363 -0.06386705   -0.13330118  0.04197537
  0.04108470  0.03682562   -0.13330118  0.04197537   -0.05530363 -0.06386705
    2    1
 -0.07417309  0.06258927   -0.04108470  0.03682562    0.04108470 -0.03682562
 -0.04108470  0.03682562   -0.05530363  0.06386705   -0.13330118 -0.04197537
  0.04108470 -0.03682562   -0.13330118 -0.04197537   -0.05530363  0.06386705
    2    2
  0.29016216  0.00000000   -0.00489163  0.00745985    0.00489163 -0.00745985
 -0.00489163 -0.00745985    0.23440753  0.00000000   -0.00211119  0.00000000
  0.00489163  0.00745985   -0.00211119  0.00000000    0.23440753  0.00000000

     Dynamical  Matrix in cartesian axes

     q = (   -0.750000000  -0.750000000   0.250000000 ) 

    1    1
  0.23440753  0.00000000    0.00211119  0.00000000   -0.00489163 -0.00745985
  0.00211119  0.00000000    0.23440753  0.00000000   -0.00489163 -0.00745985
 -0.00489163  0.00745985   -0.00489163  0.00745985    0.29016216  0.00000000
    1    2
 -0.06386705 -0.05530363   -0.04197537  0.13330118   -0.03682562 -0.04108470
 -0.04197537  0.13330118   -0.06386705 -0.05530363   -0.03682562 -0.04108470
 -0.03682562 -0.04108470   -0.03682562 -0.04108470   -0.06258927 -0.07417309
    2    1
 -0.06386705  0.05530363   -0.04197537 -0.13330118   -0.03682562  0.04108470
 -0.04197537 -0.13330118   -0.06386705  0.05530363   -0.03682562  0.04108470
 -0.03682562  0.04108470   -0.03682562  0.04108470   -0.06258927  0.07417309
    2    2
  0.23440753  0.00000000    0.00211119  0.00000000   -0.00489163  0.00745985
  0.00211119  0.00000000    0.23440753  0.00000000   -0.00489163  0.00745985
 -0.00489163 -0.00745985   -0.00489163 -0.00745985    0.29016216  0.00000000

     Dynamical  Matrix in cartesian axes

     q = (    0.250000000   0.750000000   0.750000000 ) 

    1    1
  0.29016216  0.00000000    0.00489163 -0.00745985    0.00489163 -0.00745985
  0.00489163  0.00745985    0.23440753  0.00000000    0.00211119  0.00000000
  0.00489163  0.00745985    0.00211119  0.00000000    0.23440753  0.00000000
    1    2
  0.07417309 -0.06258927   -0.04108470  0.03682562   -0.04108470  0.03682562
 -0.04108470  0.03682562    0.05530363 -0.06386705   -0.13330118 -0.04197537
 -0.04108470  0.03682562   -0.13330118 -0.04197537    0.05530363 -0.06386705
    2    1
  0.07417309  0.06258927   -0.04108470 -0.03682562   -0.04108470 -0.03682562
 -0.04108470 -0.03682562    0.05530363  0.06386705   -0.13330118  0.04197537
 -0.04108470 -0.03682562   -0.13330118  0.04197537    0.05530363  0.06386705
    2    2
  0.29016216  0.00000000    0.00489163  0.00745985    0.00489163  0.00745985
  0.00489163 -0.00745985    0.23440753  0.00000000    0.00211119  0.00000000
  0.00489163 -0.00745985    0.00211119  0.00000000    0.23440753  0.00000000

     Dynamical  Matrix in cartesian axes

     q = (   -0.250000000  -0.750000000   0.750000000 ) 

    1    1
  0.29016216  0.00000000    0.00489163 -0.00745985   -0.00489163  0.00745985
  0.00489163  0.00745985    0.23440753  0.00000000   -0.00211119  0.00000000
 -0.00489163 -0.00745985   -0.00211119  0.00000000    0.23440753  0.00000000
    1    2
 -0.07417309  0.06258927    0.04108470 -0.03682562   -0.04108470  0.03682562
  0.04108470 -0.03682562   -0.05530363  0.06386705   -0.13330118 -0.04197537
 -0.04108470  0.03682562   -0.13330118 -0.04197537   -0.05530363  0.06386705
    2    1
 -0.07417309 -0.06258927    0.04108470  0.03682562   -0.04108470 -0.03682562
  0.04108470  0.03682562   -0.05530363 -0.06386705   -0.13330118  0.04197537
 -0.04108470 -0.03682562   -0.13330118  0.04197537   -0.05530363 -0.06386705
    2    2
  0.29016216  0.00000000    0.00489163  0.00745985   -0.00489163 -0.00745985
  0.00489163 -0.00745985    0.23440753  0.00000000   -0.00211119  0.00000000
 -0.00489163  0.00745985   -0.00211119  0.00000000    0.23440753  0.00000000

     Dynamical  Matrix in cartesian axes

     q = (    0.750000000   0.750000000   0.250000000 ) 

    1    1
  0.23440753  0.00000000    0.00211119  0.00000000    0.00489163  0.00745985
  0.00211119  0.00000000    0.23440753  0.00000000    0.00489163  0.00745985
  0.00489163 -0.00745985    0.00489163 -0.00745985    0.29016216  0.00000000
    1    2
  0.05530363 -0.06386705   -0.13330118 -0.04197537   -0.04108470  0.03682562
 -0.13330118 -0.04197537    0.05530363 -0.06386705   -0.04108470  0.03682562
 -0.04108470  0.03682562   -0.04108470  0.03682562    0.07417309 -0.06258927
    2    1
  0.05530363  0.06386705   -0.13330118  0.04197537   -0.04108470 -0.03682562
 -0.13330118  0.04197537    0.05530363  0.06386705   -0.04108470 -0.03682562
 -0.04108470 -0.03682562   -0.04108470 -0.03682562    0.07417309  0.06258927
    2    2
  0.23440753  0.00000000    0.00211119  0.00000000    0.00489163 -0.00745985
  0.00211119  0.00000000    0.23440753  0.00000000    0.00489163 -0.00745985
  0.00489163  0.00745985    0.00489163  0.00745985    0.29016216  0.00000000

     Dynamical  Matrix in cartesian axes

     q = (    0.250000000  -0.750000000  -0.750000000 ) 

    1    1
  0.29016216  0.00000000   -0.00489163  0.00745985   -0.00489163  0.00745985
 -0.00489163 -0.00745985    0.23440753  0.00000000    0.00211119  0.00000000
 -0.00489163 -0.00745985    0.00211119  0.00000000    0.23440753  0.00000000
    1    2
 -0.06258927 -0.07417309   -0.03682562 -0.04108470   -0.03682562 -0.04108470
 -0.03682562 -0.04108470   -0.06386705 -0.05530363   -0.04197537  0.13330118
 -0.03682562 -0.04108470   -0.04197537  0.13330118   -0.06386705 -0.05530363
    2    1
 -0.06258927  0.07417309   -0.03682562  0.04108470   -0.03682562  0.04108470
 -0.03682562  0.04108470   -0.06386705  0.05530363   -0.04197537 -0.13330118
 -0.03682562  0.04108470   -0.04197537 -0.13330118   -0.06386705  0.05530363
    2    2
  0.29016216  0.00000000   -0.00489163 -0.00745985   -0.00489163 -0.00745985
 -0.00489163  0.00745985    0.23440753  0.00000000    0.00211119  0.00000000
 -0.00489163  0.00745985    0.00211119  0.00000000    0.23440753  0.00000000

     Dynamical  Matrix in cartesian axes

     q = (    0.750000000  -0.750000000  -0.250000000 ) 

    1    1
  0.23440753  0.00000000   -0.00211119  0.00000000   -0.00489163 -0.00745985
 -0.00211119  0.00000000    0.23440753  0.00000000    0.00489163  0.00745985
 -0.00489163  0.00745985    0.00489163 -0.00745985    0.29016216  0.00000000
    1    2
 -0.05530363  0.06386705   -0.13330118 -0.04197537   -0.04108470  0.03682562
 -0.13330118 -0.04197537   -0.05530363  0.06386705    0.04108470 -0.03682562
 -0.04108470  0.03682562    0.04108470 -0.03682562   -0.07417309  0.06258927
    2    1
 -0.05530363 -0.06386705   -0.13330118  0.04197537   -0.04108470 -0.03682562
 -0.13330118  0.04197537   -0.05530363 -0.06386705    0.04108470  0.03682562
 -0.04108470 -0.03682562    0.04108470  0.03682562   -0.07417309 -0.06258927
    2    2
  0.23440753  0.00000000   -0.00211119  0.00000000   -0.00489163  0.00745985
 -0.00211119  0.00000000    0.23440753  0.00000000    0.00489163 -0.00745985
 -0.00489163 -0.00745985    0.00489163  0.00745985    0.29016216  0.00000000

     Diagonalizing the dynamical matrix

     q = (    0.750000000  -0.250000000   0.750000000 ) 

 **************************************************************************
     freq (    1) =       4.235234 [THz] =     141.272185 [cm-1]
 (  0.057649 -0.496665  0.000000  0.000000 -0.057649  0.496665 ) 
 (  0.500000 -0.000000  0.000000  0.000000 -0.500000  0.000000 ) 
     freq (    2) =       5.516207 [THz] =     184.000857 [cm-1]
 ( -0.397704 -0.195991 -0.299480  0.130958 -0.397704 -0.195991 ) 
 ( -0.443374  0.000000 -0.210743 -0.249852 -0.443374  0.000000 ) 
     freq (    3) =       9.049290 [THz] =     301.851830 [cm-1]
 (  0.131170 -0.246817  0.391968  0.436020  0.131170 -0.246817 ) 
 ( -0.279507 -0.000000  0.201078  0.550744 -0.279507  0.000000 ) 
     freq (    4) =      11.994852 [THz] =     400.105197 [cm-1]
 (  0.111809  0.312798 -0.415166 -0.327031  0.111809  0.312798 ) 
 ( -0.332180  0.000000  0.447690  0.280866 -0.332180  0.000000 ) 
     freq (    5) =      13.360028 [THz] =     445.642577 [cm-1]
 (  0.057649 -0.496665  0.000000  0.000000 -0.057649  0.496665 ) 
 ( -0.500000  0.000000 -0.000000 -0.000000  0.500000  0.000000 ) 
     freq (    6) =      13.753605 [THz] =     458.770884 [cm-1]
 ( -0.302403 -0.153310 -0.475260  0.210299 -0.302403 -0.153310 ) 
 (  0.339045 -0.000000  0.328803  0.402475  0.339045 -0.000000 ) 
 **************************************************************************
