Dynamical matrix file
                                                                           
  1    2  2 10.3410000  0.0000000  0.0000000  0.0000000  0.0000000  0.0000000
           1  'Si  '    25598.822984527003     
    1    1      0.0000000000      0.0000000000      0.0000000000
    2    1      0.2500000000      0.2500000000      0.2500000000

     Dynamical  Matrix in cartesian axes

     q = (    0.750000000  -0.250000000   0.750000000 ) 

    1    1
  0.24401005  0.00000000   -0.00471206  0.00741360    0.00141807  0.00000000
 -0.00471206 -0.00741360    0.29984240  0.00000000   -0.00471206 -0.00741360
  0.00141807  0.00000000   -0.00471206  0.00741360    0.24401005  0.00000000
    1    2
 -0.05805113  0.06765331   -0.03622392  0.04029108   -0.04106934 -0.13066997
 -0.03622392  0.04029108   -0.05657947  0.08682299   -0.03622392  0.04029108
 -0.04106934 -0.13066997   -0.03622392  0.04029108   -0.05805113  0.06765331
    2    1
 -0.05805113 -0.06765331   -0.03622392 -0.04029108   -0.04106934  0.13066997
 -0.03622392 -0.04029108   -0.05657947 -0.08682299   -0.03622392 -0.04029108
 -0.04106934  0.13066997   -0.03622392 -0.04029108   -0.05805113 -0.06765331
    2    2
  0.24401005  0.00000000   -0.00471206 -0.00741360    0.00141807  0.00000000
 -0.00471206  0.00741360    0.29984240  0.00000000   -0.00471206  0.00741360
  0.00141807  0.00000000   -0.00471206 -0.00741360    0.24401005  0.00000000

     Dynamical  Matrix in cartesian axes

     q = (    0.750000000  -0.250000000  -0.750000000 ) 

    1    1
  0.24401005  0.00000000   -0.00471206 -0.00741360   -0.00141807  0.00000000
 -0.00471206  0.00741360    0.29984240  0.00000000    0.00471206 -0.00741360
 -0.00141807  0.00000000    0.00471206  0.00741360    0.24401005  0.00000000
    1    2
 -0.06765331  0.05805113   -0.04029108  0.03622392   -0.13066997 -0.04106934
 -0.04029108  0.03622392   -0.08682299  0.05657947    0.04029108 -0.03622392
 -0.13066997 -0.04106934    0.04029108 -0.03622392   -0.06765331  0.05805113
    2    1
 -0.06765331 -0.05805113   -0.04029108 -0.03622392   -0.13066997  0.04106934
 -0.04029108 -0.03622392   -0.08682299 -0.05657947    0.04029108  0.03622392
 -0.13066997  0.04106934    0.04029108  0.03622392   -0.06765331 -0.05805113
    2    2
  0.24401005  0.00000000   -0.00471206  0.00741360   -0.00141807  0.00000000
 -0.00471206 -0.00741360    0.29984240  0.00000000    0.00471206  0.00741360
 -0.00141807  0.00000000    0.00471206 -0.00741360    0.24401005  0.00000000

     Dynamical  Matrix in cartesian axes

     q = (   -0.750000000  -0.250000000  -0.750000000 ) 

    1    1
  0.24401005  0.00000000    0.00471206 -0.00741360    0.00141807  0.00000000
  0.00471206  0.00741360    0.29984240  0.00000000    0.00471206  0.00741360
  0.00141807  0.00000000    0.00471206 -0.00741360    0.24401005  0.00000000
    1    2
  0.06765331  0.05805113   -0.04029108 -0.03622392   -0.13066997  0.04106934
 -0.04029108 -0.03622392    0.08682299  0.05657947   -0.04029108 -0.03622392
 -0.13066997  0.04106934   -0.04029108 -0.03622392    0.06765331  0.05805113
    2    1
  0.06765331 -0.05805113   -0.04029108  0.03622392   -0.13066997 -0.04106934
 -0.04029108  0.03622392    0.08682299 -0.05657947   -0.04029108  0.03622392
 -0.13066997 -0.04106934   -0.04029108  0.03622392    0.06765331 -0.05805113
    2    2
  0.24401005  0.00000000    0.00471206  0.00741360    0.00141807  0.00000000
  0.00471206 -0.00741360    0.29984240  0.00000000    0.00471206 -0.00741360
  0.00141807  0.00000000    0.00471206  0.00741360    0.24401005  0.00000000

     Dynamical  Matrix in cartesian axes

     q = (   -0.750000000  -0.250000000   0.750000000 ) 

    1    1
  0.24401005  0.00000000    0.00471206  0.00741360   -0.00141807  0.00000000
  0.00471206 -0.00741360    0.29984240  0.00000000   -0.00471206  0.00741360
 -0.00141807  0.00000000   -0.00471206 -0.00741360    0.24401005  0.00000000
    1    2
 -0.06765331  0.05805113    0.04029108 -0.03622392   -0.13066997 -0.04106934
  0.04029108 -0.03622392   -0.08682299  0.05657947   -0.04029108  0.03622392
 -0.13066997 -0.04106934   -0.04029108  0.03622392   -0.06765331  0.05805113
    2    1
 -0.06765331 -0.05805113    0.04029108  0.03622392   -0.13066997  0.04106934
  0.04029108  0.03622392   -0.08682299 -0.05657947   -0.04029108 -0.03622392
 -0.13066997  0.04106934   -0.04029108 -0.03622392   -0.06765331 -0.05805113
    2    2
  0.24401005  0.00000000    0.00471206 -0.00741360   -0.00141807  0.00000000
  0.00471206  0.00741360    0.29984240  0.00000000   -0.00471206 -0.00741360
 -0.00141807  0.00000000   -0.00471206  0.00741360    0.24401005  0.00000000

     Dynamical  Matrix in cartesian axes

     q = (   -0.750000000   0.250000000  -0.750000000 ) 

    1    1
  0.24401005  0.00000000   -0.00471206 -0.00741360    0.00141807  0.00000000
 -0.00471206  0.00741360    0.29984240  0.00000000   -0.00471206  0.00741360
  0.00141807  0.00000000   -0.00471206 -0.00741360    0.24401005  0.00000000
    1    2
 -0.05805113 -0.06765331   -0.03622392 -0.04029108   -0.04106934  0.13066997
 -0.03622392 -0.04029108   -0.05657947 -0.08682299   -0.03622392 -0.04029108
 -0.04106934  0.13066997   -0.03622392 -0.04029108   -0.05805113 -0.06765331
    2    1
 -0.05805113  0.06765331   -0.03622392  0.04029108   -0.04106934 -0.13066997
 -0.03622392  0.04029108   -0.05657947  0.08682299   -0.03622392  0.04029108
 -0.04106934 -0.13066997   -0.03622392  0.04029108   -0.05805113  0.06765331
    2    2
  0.24401005  0.00000000   -0.00471206  0.00741360    0.00141807  0.00000000
 -0.00471206 -0.00741360    0.29984240  0.00000000   -0.00471206 -0.00741360
  0.00141807  0.00000000   -0.00471206  0.00741360    0.24401005  0.00000000

     Dynamical  Matrix in cartesian axes

     q = (   -0.250000000   0.750000000  -0.750000000 ) 

    1    1
  0.29984240  0.00000000   -0.00471206  0.00741360    0.00471206 -0.00741360
 -0.00471206 -0.00741360    0.24401005  0.00000000   -0.00141807  0.00000000
  0.00471206  0.00741360   -0.00141807  0.00000000    0.24401005  0.00000000
    1    2
 -0.08682299  0.05657947   -0.04029108  0.03622392    0.04029108 -0.03622392
 -0.04029108  0.03622392   -0.06765331  0.05805113   -0.13066997 -0.04106934
  0.04029108 -0.03622392   -0.13066997 -0.04106934   -0.06765331  0.05805113
    2    1
 -0.08682299 -0.05657947   -0.04029108 -0.03622392    0.04029108  0.03622392
 -0.04029108 -0.03622392   -0.06765331 -0.05805113   -0.13066997  0.04106934
  0.04029108  0.03622392   -0.13066997  0.04106934   -0.06765331 -0.05805113
    2    2
  0.29984240  0.00000000   -0.00471206 -0.00741360    0.00471206  0.00741360
 -0.00471206  0.00741360    0.24401005  0.00000000   -0.00141807  0.00000000
  0.00471206 -0.00741360   -0.00141807  0.00000000    0.24401005  0.00000000

     Dynamical  Matrix in cartesian axes

     q = (   -0.750000000   0.750000000  -0.250000000 ) 

    1    1
  0.24401005  0.00000000   -0.00141807  0.00000000    0.00471206  0.00741360
 -0.00141807  0.00000000    0.24401005  0.00000000   -0.00471206 -0.00741360
  0.00471206 -0.00741360   -0.00471206  0.00741360    0.29984240  0.00000000
    1    2
 -0.06765331  0.05805113   -0.13066997 -0.04106934    0.04029108 -0.03622392
 -0.13066997 -0.04106934   -0.06765331  0.05805113   -0.04029108  0.03622392
  0.04029108 -0.03622392   -0.04029108  0.03622392   -0.08682299  0.05657947
    2    1
 -0.06765331 -0.05805113   -0.13066997  0.04106934    0.04029108  0.03622392
 -0.13066997  0.04106934   -0.06765331 -0.05805113   -0.04029108 -0.03622392
  0.04029108  0.03622392   -0.04029108 -0.03622392   -0.08682299 -0.05657947
    2    2
  0.24401005  0.00000000   -0.00141807  0.00000000    0.00471206 -0.00741360
 -0.00141807  0.00000000    0.24401005  0.00000000   -0.00471206  0.00741360
  0.00471206  0.00741360   -0.00471206 -0.00741360    0.29984240  0.00000000

     Dynamical  Matrix in cartesian axes

     q = (    0.750000000   0.250000000   0.750000000 ) 

    1    1
  0.24401005  0.00000000    0.00471206  0.00741360    0.00141807  0.00000000
  0.00471206 -0.00741360    0.29984240  0.00000000    0.00471206 -0.00741360
  0.00141807  0.00000000    0.00471206  0.00741360    0.24401005  0.00000000
    1    2
  0.06765331 -0.05805113   -0.04029108  0.03622392   -0.13066997 -0.04106934
 -0.04029108  0.03622392    0.08682299 -0.05657947   -0.04029108  0.03622392
 -0.13066997 -0.04106934   -0.04029108  0.03622392    0.06765331 -0.05805113
    2    1
  0.06765331  0.05805113   -0.04029108 -0.03622392   -0.13066997  0.04106934
 -0.04029108 -0.03622392    0.08682299  0.05657947   -0.04029108 -0.03622392
 -0.13066997  0.04106934   -0.04029108 -0.03622392    0.06765331  0.05805113
    2    2
  0.24401005  0.00000000    0.00471206 -0.00741360    0.00141807  0.00000000
  0.00471206  0.00741360    0.29984240  0.00000000    0.00471206  0.00741360
  0.00141807  0.00000000    0.00471206 -0.00741360    0.24401005  0.00000000

     Dynamical  Matrix in cartesian axes

     q = (   -0.750000000   0.250000000   0.750000000 ) 

    1    1
  0.24401005  0.00000000   -0.00471206  0.00741360   -0.00141807  0.00000000
 -0.00471206 -0.00741360    0.29984240  0.00000000    0.00471206  0.00741360
 -0.00141807  0.00000000    0.00471206 -0.00741360    0.24401005  0.00000000
    1    2
 -0.06765331 -0.05805113   -0.04029108 -0.03622392   -0.13066997  0.04106934
 -0.04029108 -0.03622392   -0.08682299 -0.05657947    0.04029108  0.03622392
 -0.13066997  0.04106934    0.04029108  0.03622392   -0.06765331 -0.05805113
    2    1
 -0.06765331  0.05805113   -0.04029108  0.03622392   -0.13066997 -0.04106934
 -0.04029108  0.03622392   -0.08682299  0.05657947    0.04029108 -0.03622392
 -0.13066997 -0.04106934    0.04029108 -0.03622392   -0.06765331  0.05805113
    2    2
  0.24401005  0.00000000   -0.00471206 -0.00741360   -0.00141807  0.00000000
 -0.00471206  0.00741360    0.29984240  0.00000000    0.00471206 -0.00741360
 -0.00141807  0.00000000    0.00471206  0.00741360    0.24401005  0.00000000

     Dynamical  Matrix in cartesian axes

     q = (    0.750000000   0.250000000  -0.750000000 ) 

    1    1
  0.24401005  0.00000000    0.00471206 -0.00741360   -0.00141807  0.00000000
  0.00471206  0.00741360    0.29984240  0.00000000   -0.00471206 -0.00741360
 -0.00141807  0.00000000   -0.00471206  0.00741360    0.24401005  0.00000000
    1    2
 -0.06765331 -0.05805113    0.04029108  0.03622392   -0.13066997  0.04106934
  0.04029108  0.03622392   -0.08682299 -0.05657947   -0.04029108 -0.03622392
 -0.13066997  0.04106934   -0.04029108 -0.03622392   -0.06765331 -0.05805113
    2    1
 -0.06765331  0.05805113    0.04029108 -0.03622392   -0.13066997 -0.04106934
  0.04029108 -0.03622392   -0.08682299  0.05657947   -0.04029108  0.03622392
 -0.13066997 -0.04106934   -0.04029108  0.03622392   -0.06765331  0.05805113
    2    2
  0.24401005  0.00000000    0.00471206  0.00741360   -0.00141807  0.00000000
  0.00471206 -0.00741360    0.29984240  0.00000000   -0.00471206  0.00741360
 -0.00141807  0.00000000   -0.00471206 -0.00741360    0.24401005  0.00000000

     Dynamical  Matrix in cartesian axes

     q = (   -0.750000000   0.750000000   0.250000000 ) 

    1    1
  0.24401005  0.00000000   -0.00141807  0.00000000   -0.00471206  0.00741360
 -0.00141807  0.00000000    0.24401005  0.00000000    0.00471206 -0.00741360
 -0.00471206 -0.00741360    0.00471206  0.00741360    0.29984240  0.00000000
    1    2
 -0.06765331 -0.05805113   -0.13066997  0.04106934   -0.04029108 -0.03622392
 -0.13066997  0.04106934   -0.06765331 -0.05805113    0.04029108  0.03622392
 -0.04029108 -0.03622392    0.04029108  0.03622392   -0.08682299 -0.05657947
    2    1
 -0.06765331  0.05805113   -0.13066997 -0.04106934   -0.04029108  0.03622392
 -0.13066997 -0.04106934   -0.06765331  0.05805113    0.04029108 -0.03622392
 -0.04029108  0.03622392    0.04029108 -0.03622392   -0.08682299  0.05657947
    2    2
  0.24401005  0.00000000   -0.00141807  0.00000000   -0.00471206 -0.00741360
 -0.00141807  0.00000000    0.24401005  0.00000000    0.00471206  0.00741360
 -0.00471206  0.00741360    0.00471206 -0.00741360    0.29984240  0.00000000

     Dynamical  Matrix in cartesian axes

     q = (   -0.250000000   0.750000000   0.750000000 ) 

    1    1
  0.29984240  0.00000000   -0.00471206 -0.00741360   -0.00471206 -0.00741360
 -0.00471206  0.00741360    0.24401005  0.00000000    0.00141807  0.00000000
 -0.00471206  0.00741360    0.00141807  0.00000000    0.24401005  0.00000000
    1    2
 -0.05657947  0.08682299   -0.03622392  0.04029108   -0.03622392  0.04029108
 -0.03622392  0.04029108   -0.05805113  0.06765331   -0.04106934 -0.13066997
 -0.03622392  0.04029108   -0.04106934 -0.13066997   -0.05805113  0.06765331
    2    1
 -0.05657947 -0.08682299   -0.03622392 -0.04029108   -0.03622392 -0.04029108
 -0.03622392 -0.04029108   -0.05805113 -0.06765331   -0.04106934  0.13066997
 -0.03622392 -0.04029108   -0.04106934  0.13066997   -0.05805113 -0.06765331
    2    2
  0.29984240  0.00000000   -0.00471206  0.00741360   -0.00471206  0.00741360
 -0.00471206 -0.00741360    0.24401005  0.00000000    0.00141807  0.00000000
 -0.00471206 -0.00741360    0.00141807  0.00000000    0.24401005  0.00000000

     Dynamical  Matrix in cartesian axes

     q = (    0.250000000   0.750000000  -0.750000000 ) 

    1    1
  0.29984240  0.00000000    0.00471206  0.00741360   -0.00471206 -0.00741360
  0.00471206 -0.00741360    0.24401005  0.00000000   -0.00141807  0.00000000
 -0.00471206  0.00741360   -0.00141807  0.00000000    0.24401005  0.00000000
    1    2
 -0.08682299 -0.05657947    0.04029108  0.03622392   -0.04029108 -0.03622392
  0.04029108  0.03622392   -0.06765331 -0.05805113   -0.13066997  0.04106934
 -0.04029108 -0.03622392   -0.13066997  0.04106934   -0.06765331 -0.05805113
    2    1
 -0.08682299  0.05657947    0.04029108 -0.03622392   -0.04029108  0.03622392
  0.04029108 -0.03622392   -0.06765331  0.05805113   -0.13066997 -0.04106934
 -0.04029108  0.03622392   -0.13066997 -0.04106934   -0.06765331  0.05805113
    2    2
  0.29984240  0.00000000    0.00471206 -0.00741360   -0.00471206  0.00741360
  0.00471206  0.00741360    0.24401005  0.00000000   -0.00141807  0.00000000
 -0.00471206 -0.00741360   -0.00141807  0.00000000    0.24401005  0.00000000

     Dynamical  Matrix in cartesian axes

     q = (   -0.250000000  -0.750000000  -0.750000000 ) 

    1    1
  0.29984240  0.00000000    0.00471206  0.00741360    0.00471206  0.00741360
  0.00471206 -0.00741360    0.24401005  0.00000000    0.00141807  0.00000000
  0.00471206 -0.00741360    0.00141807  0.00000000    0.24401005  0.00000000
    1    2
  0.08682299  0.05657947   -0.04029108 -0.03622392   -0.04029108 -0.03622392
 -0.04029108 -0.03622392    0.06765331  0.05805113   -0.13066997  0.04106934
 -0.04029108 -0.03622392   -0.13066997  0.04106934    0.06765331  0.05805113
    2    1
  0.08682299 -0.05657947   -0.04029108  0.03622392   -0.04029108  0.03622392
 -0.04029108  0.03622392    0.06765331 -0.05805113   -0.13066997 -0.04106934
 -0.04029108  0.03622392   -0.13066997 -0.04106934    0.06765331 -0.05805113
    2    2
  0.29984240  0.00000000    0.00471206 -0.00741360    0.00471206 -0.00741360
  0.00471206  0.00741360    0.24401005  0.00000000    0.00141807  0.00000000
  0.00471206  0.00741360    0.00141807  0.00000000    0.24401005  0.00000000

     Dynamical  Matrix in cartesian axes

     q = (    0.750000000   0.750000000  -0.250000000 ) 

    1    1
  0.24401005  0.00000000    0.00141807  0.00000000   -0.00471206  0.00741360
  0.00141807  0.00000000    0.24401005  0.00000000   -0.00471206  0.00741360
 -0.00471206 -0.00741360   -0.00471206 -0.00741360    0.29984240  0.00000000
    1    2
 -0.05805113  0.06765331   -0.04106934 -0.13066997   -0.03622392  0.04029108
 -0.04106934 -0.13066997   -0.05805113  0.06765331   -0.03622392  0.04029108
 -0.03622392  0.04029108   -0.03622392  0.04029108   -0.05657947  0.08682299
    2    1
 -0.05805113 -0.06765331   -0.04106934  0.13066997   -0.03622392 -0.04029108
 -0.04106934  0.13066997   -0.05805113 -0.06765331   -0.03622392 -0.04029108
 -0.03622392 -0.04029108   -0.03622392 -0.04029108   -0.05657947 -0.08682299
    2    2
  0.24401005  0.00000000    0.00141807  0.00000000   -0.00471206 -0.00741360
  0.00141807  0.00000000    0.24401005  0.00000000   -0.00471206 -0.00741360
 -0.00471206  0.00741360   -0.00471206  0.00741360    0.29984240  0.00000000

     Dynamical  Matrix in cartesian axes

     q = (    0.750000000  -0.750000000   0.250000000 ) 

    1    1
  0.24401005  0.00000000   -0.00141807  0.00000000    0.00471206 -0.00741360
 -0.00141807  0.00000000    0.24401005  0.00000000   -0.00471206  0.00741360
  0.00471206  0.00741360   -0.00471206 -0.00741360    0.29984240  0.00000000
    1    2
 -0.06765331 -0.05805113   -0.13066997  0.04106934    0.04029108  0.03622392
 -0.13066997  0.04106934   -0.06765331 -0.05805113   -0.04029108 -0.03622392
  0.04029108  0.03622392   -0.04029108 -0.03622392   -0.08682299 -0.05657947
    2    1
 -0.06765331  0.05805113   -0.13066997 -0.04106934    0.04029108 -0.03622392
 -0.13066997 -0.04106934   -0.06765331  0.05805113   -0.04029108  0.03622392
  0.04029108 -0.03622392   -0.04029108  0.03622392   -0.08682299  0.05657947
    2    2
  0.24401005  0.00000000   -0.00141807  0.00000000    0.00471206  0.00741360
 -0.00141807  0.00000000    0.24401005  0.00000000   -0.00471206 -0.00741360
  0.00471206 -0.00741360   -0.00471206  0.00741360    0.29984240  0.00000000

     Dynamical  Matrix in cartesian axes

     q = (   -0.750000000  -0.750000000  -0.250000000 ) 

    1    1
  0.24401005  0.00000000    0.00141807  0.00000000    0.00471206 -0.00741360
  0.00141807  0.00000000    0.24401005  0.00000000    0.00471206 -0.00741360
  0.00471206  0.00741360    0.00471206  0.00741360    0.29984240  0.00000000
    1    2
  0.06765331  0.05805113   -0.13066997  0.04106934   -0.04029108 -0.03622392
 -0.13066997  0.04106934    0.06765331  0.05805113   -0.04029108 -0.03622392
 -0.04029108 -0.03622392   -0.04029108 -0.03622392    0.08682299  0.05657947
    2    1
  0.06765331 -0.05805113   -0.13066997 -0.04106934   -0.04029108  0.03622392
 -0.13066997 -0.04106934    0.06765331 -0.05805113   -0.04029108  0.03622392
 -0.04029108  0.03622392   -0.04029108  0.03622392    0.08682299 -0.05657947
    2    2
  0.24401005  0.00000000    0.00141807  0.00000000    0.00471206  0.00741360
  0.00141807  0.00000000    0.24401005  0.00000000    0.00471206  0.00741360
  0.00471206 -0.00741360    0.00471206 -0.00741360    0.29984240  0.00000000

     Dynamical  Matrix in cartesian axes

     q = (    0.250000000  -0.750000000   0.750000000 ) 

    1    1
  0.29984240  0.00000000   -0.00471206 -0.00741360    0.00471206  0.00741360
 -0.00471206  0.00741360    0.24401005  0.00000000   -0.00141807  0.00000000
  0.00471206 -0.00741360   -0.00141807  0.00000000    0.24401005  0.00000000
    1    2
 -0.08682299 -0.05657947   -0.04029108 -0.03622392    0.04029108  0.03622392
 -0.04029108 -0.03622392   -0.06765331 -0.05805113   -0.13066997  0.04106934
  0.04029108  0.03622392   -0.13066997  0.04106934   -0.06765331 -0.05805113
    2    1
 -0.08682299  0.05657947   -0.04029108  0.03622392    0.04029108 -0.03622392
 -0.04029108  0.03622392   -0.06765331  0.05805113   -0.13066997 -0.04106934
  0.04029108 -0.03622392   -0.13066997 -0.04106934   -0.06765331  0.05805113
    2    2
  0.29984240  0.00000000   -0.00471206  0.00741360    0.00471206 -0.00741360
 -0.00471206 -0.00741360    0.24401005  0.00000000   -0.00141807  0.00000000
  0.00471206  0.00741360   -0.00141807  0.00000000    0.24401005  0.00000000

     Dynamical  Matrix in cartesian axes

     q = (   -0.750000000  -0.750000000   0.250000000 ) 

    1    1
  0.24401005  0.00000000    0.00141807  0.00000000   -0.00471206 -0.00741360
  0.00141807  0.00000000    0.24401005  0.00000000   -0.00471206 -0.00741360
 -0.00471206  0.00741360   -0.00471206  0.00741360    0.29984240  0.00000000
    1    2
 -0.05805113 -0.06765331   -0.04106934  0.13066997   -0.03622392 -0.04029108
 -0.04106934  0.13066997   -0.05805113 -0.06765331   -0.03622392 -0.04029108
 -0.03622392 -0.04029108   -0.03622392 -0.04029108   -0.05657947 -0.08682299
    2    1
 -0.05805113  0.06765331   -0.04106934 -0.13066997   -0.03622392  0.04029108
 -0.04106934 -0.13066997   -0.05805113  0.06765331   -0.03622392  0.04029108
 -0.03622392  0.04029108   -0.03622392  0.04029108   -0.05657947  0.08682299
    2    2
  0.24401005  0.00000000    0.00141807  0.00000000   -0.00471206  0.00741360
  0.00141807  0.00000000    0.24401005  0.00000000   -0.00471206  0.00741360
 -0.00471206 -0.00741360   -0.00471206 -0.00741360    0.29984240  0.00000000

     Dynamical  Matrix in cartesian axes

     q = (    0.250000000   0.750000000   0.750000000 ) 

    1    1
  0.29984240  0.00000000    0.00471206 -0.00741360    0.00471206 -0.00741360
  0.00471206  0.00741360    0.24401005  0.00000000    0.00141807  0.00000000
  0.00471206  0.00741360    0.00141807  0.00000000    0.24401005  0.00000000
    1    2
  0.08682299 -0.05657947   -0.04029108  0.03622392   -0.04029108  0.03622392
 -0.04029108  0.03622392    0.06765331 -0.05805113   -0.13066997 -0.04106934
 -0.04029108  0.03622392   -0.13066997 -0.04106934    0.06765331 -0.05805113
    2    1
  0.08682299  0.05657947   -0.04029108 -0.03622392   -0.04029108 -0.03622392
 -0.04029108 -0.03622392    0.06765331  0.05805113   -0.13066997  0.04106934
 -0.04029108 -0.03622392   -0.13066997  0.04106934    0.06765331  0.05805113
    2    2
  0.29984240  0.00000000    0.00471206  0.00741360    0.00471206  0.00741360
  0.00471206 -0.00741360    0.24401005  0.00000000    0.00141807  0.00000000
  0.00471206 -0.00741360    0.00141807  0.00000000    0.24401005  0.00000000

     Dynamical  Matrix in cartesian axes

     q = (   -0.250000000  -0.750000000   0.750000000 ) 

    1    1
  0.29984240  0.00000000    0.00471206 -0.00741360   -0.00471206  0.00741360
  0.00471206  0.00741360    0.24401005  0.00000000   -0.00141807  0.00000000
 -0.00471206 -0.00741360   -0.00141807  0.00000000    0.24401005  0.00000000
    1    2
 -0.08682299  0.05657947    0.04029108 -0.03622392   -0.04029108  0.03622392
  0.04029108 -0.03622392   -0.06765331  0.05805113   -0.13066997 -0.04106934
 -0.04029108  0.03622392   -0.13066997 -0.04106934   -0.06765331  0.05805113
    2    1
 -0.08682299 -0.05657947    0.04029108  0.03622392   -0.04029108 -0.03622392
  0.04029108  0.03622392   -0.06765331 -0.05805113   -0.13066997  0.04106934
 -0.04029108 -0.03622392   -0.13066997  0.04106934   -0.06765331 -0.05805113
    2    2
  0.29984240  0.00000000    0.00471206  0.00741360   -0.00471206 -0.00741360
  0.00471206 -0.00741360    0.24401005  0.00000000   -0.00141807  0.00000000
 -0.00471206  0.00741360   -0.00141807  0.00000000    0.24401005  0.00000000

     Dynamical  Matrix in cartesian axes

     q = (    0.750000000   0.750000000   0.250000000 ) 

    1    1
  0.24401005  0.00000000    0.00141807  0.00000000    0.00471206  0.00741360
  0.00141807  0.00000000    0.24401005  0.00000000    0.00471206  0.00741360
  0.00471206 -0.00741360    0.00471206 -0.00741360    0.29984240  0.00000000
    1    2
  0.06765331 -0.05805113   -0.13066997 -0.04106934   -0.04029108  0.03622392
 -0.13066997 -0.04106934    0.06765331 -0.05805113   -0.04029108  0.03622392
 -0.04029108  0.03622392   -0.04029108  0.03622392    0.08682299 -0.05657947
    2    1
  0.06765331  0.05805113   -0.13066997  0.04106934   -0.04029108 -0.03622392
 -0.13066997  0.04106934    0.06765331  0.05805113   -0.04029108 -0.03622392
 -0.04029108 -0.03622392   -0.04029108 -0.03622392    0.08682299  0.05657947
    2    2
  0.24401005  0.00000000    0.00141807  0.00000000    0.00471206 -0.00741360
  0.00141807  0.00000000    0.24401005  0.00000000    0.00471206 -0.00741360
  0.00471206  0.00741360    0.00471206  0.00741360    0.29984240  0.00000000

     Dynamical  Matrix in cartesian axes

     q = (    0.250000000  -0.750000000  -0.750000000 ) 

    1    1
  0.29984240  0.00000000   -0.00471206  0.00741360   -0.00471206  0.00741360
 -0.00471206 -0.00741360    0.24401005  0.00000000    0.00141807  0.00000000
 -0.00471206 -0.00741360    0.00141807  0.00000000    0.24401005  0.00000000
    1    2
 -0.05657947 -0.08682299   -0.03622392 -0.04029108   -0.03622392 -0.04029108
 -0.03622392 -0.04029108   -0.05805113 -0.06765331   -0.04106934  0.13066997
 -0.03622392 -0.04029108   -0.04106934  0.13066997   -0.05805113 -0.06765331
    2    1
 -0.05657947  0.08682299   -0.03622392  0.04029108   -0.03622392  0.04029108
 -0.03622392  0.04029108   -0.05805113  0.06765331   -0.04106934 -0.13066997
 -0.03622392  0.04029108   -0.04106934 -0.13066997   -0.05805113  0.06765331
    2    2
  0.29984240  0.00000000   -0.00471206 -0.00741360   -0.00471206 -0.00741360
 -0.00471206  0.00741360    0.24401005  0.00000000    0.00141807  0.00000000
 -0.00471206  0.00741360    0.00141807  0.00000000    0.24401005  0.00000000

     Dynamical  Matrix in cartesian axes

     q = (    0.750000000  -0.750000000  -0.250000000 ) 

    1    1
  0.24401005  0.00000000   -0.00141807  0.00000000   -0.00471206 -0.00741360
 -0.00141807  0.00000000    0.24401005  0.00000000    0.00471206  0.00741360
 -0.00471206  0.00741360    0.00471206 -0.00741360    0.29984240  0.00000000
    1    2
 -0.06765331  0.05805113   -0.13066997 -0.04106934   -0.04029108  0.03622392
 -0.13066997 -0.04106934   -0.06765331  0.05805113    0.04029108 -0.03622392
 -0.04029108  0.03622392    0.04029108 -0.03622392   -0.08682299  0.05657947
    2    1
 -0.06765331 -0.05805113   -0.13066997  0.04106934   -0.04029108 -0.03622392
 -0.13066997  0.04106934   -0.06765331 -0.05805113    0.04029108  0.03622392
 -0.04029108 -0.03622392    0.04029108  0.03622392   -0.08682299 -0.05657947
    2    2
  0.24401005  0.00000000   -0.00141807  0.00000000   -0.00471206  0.00741360
 -0.00141807  0.00000000    0.24401005  0.00000000    0.00471206 -0.00741360
 -0.00471206 -0.00741360    0.00471206  0.00741360    0.29984240  0.00000000

     Diagonalizing the dynamical matrix

     q = (    0.750000000  -0.250000000   0.750000000 ) 

 **************************************************************************
     freq (    1) =       4.290660 [THz] =     143.121014 [cm-1]
 ( -0.042657  0.498177  0.000000 -0.000000  0.042657 -0.498177 ) 
 ( -0.500000  0.000000  0.000000  0.000000  0.500000  0.000000 ) 
     freq (    2) =       6.130701 [THz] =     204.498172 [cm-1]
 ( -0.400128 -0.146663 -0.332410  0.162108 -0.400128 -0.146663 ) 
 ( -0.426160  0.000000 -0.256316 -0.266604 -0.426160  0.000000 ) 
     freq (    3) =       9.361146 [THz] =     312.254229 [cm-1]
 ( -0.082164  0.294390 -0.434081 -0.353186 -0.082164  0.294390 ) 
 (  0.305641 -0.000000 -0.223493 -0.513047  0.305641  0.000000 ) 
     freq (    4) =      11.949281 [THz] =     398.585121 [cm-1]
 ( -0.160254 -0.323838  0.400561  0.280083 -0.160254 -0.323838 ) 
 (  0.361320 -0.000000 -0.428686 -0.234784  0.361320  0.000000 ) 
     freq (    5) =      13.664688 [THz] =     455.804928 [cm-1]
 ( -0.042657  0.498177  0.000000  0.000000  0.042657 -0.498177 ) 
 (  0.500000 -0.000000  0.000000 -0.000000 -0.500000  0.000000 ) 
     freq (    6) =      13.895095 [THz] =     463.490480 [cm-1]
 (  0.284769  0.115434  0.500258 -0.246788  0.284769  0.115434 ) 
 ( -0.307276  0.000000 -0.370905 -0.416644 -0.307276  0.000000 ) 
 **************************************************************************
