Dynamical matrix file
                                                                           
  1    2  2 10.3410000  0.0000000  0.0000000  0.0000000  0.0000000  0.0000000
           1  'Si  '    25598.822984527003     
    1    1      0.0000000000      0.0000000000      0.0000000000
    2    1      0.2500000000      0.2500000000      0.2500000000

     Dynamical  Matrix in cartesian axes

     q = (   -0.250000000   0.250000000  -0.250000000 ) 

    1    1
  0.28149976  0.00000000   -0.01079555  0.00000000    0.01079555  0.00000000
 -0.01079555  0.00000000    0.28149976  0.00000000   -0.01079555  0.00000000
  0.01079555  0.00000000   -0.01079555  0.00000000    0.28149976  0.00000000
    1    2
 -0.20578798 -0.06076766   -0.03647659  0.03725073    0.03647659 -0.03725073
 -0.03647659  0.03725073   -0.20578798 -0.06076766   -0.03647659  0.03725073
  0.03647659 -0.03725073   -0.03647659  0.03725073   -0.20578798 -0.06076766
    2    1
 -0.20578798  0.06076766   -0.03647659 -0.03725073    0.03647659  0.03725073
 -0.03647659 -0.03725073   -0.20578798  0.06076766   -0.03647659 -0.03725073
  0.03647659  0.03725073   -0.03647659 -0.03725073   -0.20578798  0.06076766
    2    2
  0.28149976  0.00000000   -0.01079555  0.00000000    0.01079555  0.00000000
 -0.01079555  0.00000000    0.28149976  0.00000000   -0.01079555  0.00000000
  0.01079555  0.00000000   -0.01079555  0.00000000    0.28149976  0.00000000

     Dynamical  Matrix in cartesian axes

     q = (    0.250000000  -0.250000000  -0.250000000 ) 

    1    1
  0.28149976  0.00000000   -0.01079555  0.00000000   -0.01079555  0.00000000
 -0.01079555  0.00000000    0.28149976  0.00000000    0.01079555  0.00000000
 -0.01079555  0.00000000    0.01079555  0.00000000    0.28149976  0.00000000
    1    2
 -0.20578798 -0.06076766   -0.03647659  0.03725073   -0.03647659  0.03725073
 -0.03647659  0.03725073   -0.20578798 -0.06076766    0.03647659 -0.03725073
 -0.03647659  0.03725073    0.03647659 -0.03725073   -0.20578798 -0.06076766
    2    1
 -0.20578798  0.06076766   -0.03647659 -0.03725073   -0.03647659 -0.03725073
 -0.03647659 -0.03725073   -0.20578798  0.06076766    0.03647659  0.03725073
 -0.03647659 -0.03725073    0.03647659  0.03725073   -0.20578798  0.06076766
    2    2
  0.28149976  0.00000000   -0.01079555  0.00000000   -0.01079555  0.00000000
 -0.01079555  0.00000000    0.28149976  0.00000000    0.01079555  0.00000000
 -0.01079555  0.00000000    0.01079555  0.00000000    0.28149976  0.00000000

     Dynamical  Matrix in cartesian axes

     q = (    0.250000000  -0.250000000   0.250000000 ) 

    1    1
  0.28149976  0.00000000   -0.01079555  0.00000000    0.01079555  0.00000000
 -0.01079555  0.00000000    0.28149976  0.00000000   -0.01079555  0.00000000
  0.01079555  0.00000000   -0.01079555  0.00000000    0.28149976  0.00000000
    1    2
 -0.20578798  0.06076766   -0.03647659 -0.03725073    0.03647659  0.03725073
 -0.03647659 -0.03725073   -0.20578798  0.06076766   -0.03647659 -0.03725073
  0.03647659  0.03725073   -0.03647659 -0.03725073   -0.20578798  0.06076766
    2    1
 -0.20578798 -0.06076766   -0.03647659  0.03725073    0.03647659 -0.03725073
 -0.03647659  0.03725073   -0.20578798 -0.06076766   -0.03647659  0.03725073
  0.03647659 -0.03725073   -0.03647659  0.03725073   -0.20578798 -0.06076766
    2    2
  0.28149976  0.00000000   -0.01079555  0.00000000    0.01079555  0.00000000
 -0.01079555  0.00000000    0.28149976  0.00000000   -0.01079555  0.00000000
  0.01079555  0.00000000   -0.01079555  0.00000000    0.28149976  0.00000000

     Dynamical  Matrix in cartesian axes

     q = (    0.250000000   0.250000000   0.250000000 ) 

    1    1
  0.28149976  0.00000000    0.01079555  0.00000000    0.01079555  0.00000000
  0.01079555  0.00000000    0.28149976  0.00000000    0.01079555  0.00000000
  0.01079555  0.00000000    0.01079555  0.00000000    0.28149976  0.00000000
    1    2
 -0.06076766  0.20578798   -0.03725073 -0.03647659   -0.03725073 -0.03647659
 -0.03725073 -0.03647659   -0.06076766  0.20578798   -0.03725073 -0.03647659
 -0.03725073 -0.03647659   -0.03725073 -0.03647659   -0.06076766  0.20578798
    2    1
 -0.06076766 -0.20578798   -0.03725073  0.03647659   -0.03725073  0.03647659
 -0.03725073  0.03647659   -0.06076766 -0.20578798   -0.03725073  0.03647659
 -0.03725073  0.03647659   -0.03725073  0.03647659   -0.06076766 -0.20578798
    2    2
  0.28149976  0.00000000    0.01079555  0.00000000    0.01079555  0.00000000
  0.01079555  0.00000000    0.28149976  0.00000000    0.01079555  0.00000000
  0.01079555  0.00000000    0.01079555  0.00000000    0.28149976  0.00000000

     Dynamical  Matrix in cartesian axes

     q = (   -0.250000000  -0.250000000  -0.250000000 ) 

    1    1
  0.28149976  0.00000000    0.01079555  0.00000000    0.01079555  0.00000000
  0.01079555  0.00000000    0.28149976  0.00000000    0.01079555  0.00000000
  0.01079555  0.00000000    0.01079555  0.00000000    0.28149976  0.00000000
    1    2
 -0.06076766 -0.20578798   -0.03725073  0.03647659   -0.03725073  0.03647659
 -0.03725073  0.03647659   -0.06076766 -0.20578798   -0.03725073  0.03647659
 -0.03725073  0.03647659   -0.03725073  0.03647659   -0.06076766 -0.20578798
    2    1
 -0.06076766  0.20578798   -0.03725073 -0.03647659   -0.03725073 -0.03647659
 -0.03725073 -0.03647659   -0.06076766  0.20578798   -0.03725073 -0.03647659
 -0.03725073 -0.03647659   -0.03725073 -0.03647659   -0.06076766  0.20578798
    2    2
  0.28149976  0.00000000    0.01079555  0.00000000    0.01079555  0.00000000
  0.01079555  0.00000000    0.28149976  0.00000000    0.01079555  0.00000000
  0.01079555  0.00000000    0.01079555  0.00000000    0.28149976  0.00000000

     Dynamical  Matrix in cartesian axes

     q = (   -0.250000000  -0.250000000   0.250000000 ) 

    1    1
  0.28149976  0.00000000    0.01079555  0.00000000   -0.01079555  0.00000000
  0.01079555  0.00000000    0.28149976  0.00000000   -0.01079555  0.00000000
 -0.01079555  0.00000000   -0.01079555  0.00000000    0.28149976  0.00000000
    1    2
 -0.20578798 -0.06076766    0.03647659 -0.03725073   -0.03647659  0.03725073
  0.03647659 -0.03725073   -0.20578798 -0.06076766   -0.03647659  0.03725073
 -0.03647659  0.03725073   -0.03647659  0.03725073   -0.20578798 -0.06076766
    2    1
 -0.20578798  0.06076766    0.03647659  0.03725073   -0.03647659 -0.03725073
  0.03647659  0.03725073   -0.20578798  0.06076766   -0.03647659 -0.03725073
 -0.03647659 -0.03725073   -0.03647659 -0.03725073   -0.20578798  0.06076766
    2    2
  0.28149976  0.00000000    0.01079555  0.00000000   -0.01079555  0.00000000
  0.01079555  0.00000000    0.28149976  0.00000000   -0.01079555  0.00000000
 -0.01079555  0.00000000   -0.01079555  0.00000000    0.28149976  0.00000000

     Dynamical  Matrix in cartesian axes

     q = (   -0.250000000   0.250000000   0.250000000 ) 

    1    1
  0.28149976  0.00000000   -0.01079555  0.00000000   -0.01079555  0.00000000
 -0.01079555  0.00000000    0.28149976  0.00000000    0.01079555  0.00000000
 -0.01079555  0.00000000    0.01079555  0.00000000    0.28149976  0.00000000
    1    2
 -0.20578798  0.06076766   -0.03647659 -0.03725073   -0.03647659 -0.03725073
 -0.03647659 -0.03725073   -0.20578798  0.06076766    0.03647659  0.03725073
 -0.03647659 -0.03725073    0.03647659  0.03725073   -0.20578798  0.06076766
    2    1
 -0.20578798 -0.06076766   -0.03647659  0.03725073   -0.03647659  0.03725073
 -0.03647659  0.03725073   -0.20578798 -0.06076766    0.03647659 -0.03725073
 -0.03647659  0.03725073    0.03647659 -0.03725073   -0.20578798 -0.06076766
    2    2
  0.28149976  0.00000000   -0.01079555  0.00000000   -0.01079555  0.00000000
 -0.01079555  0.00000000    0.28149976  0.00000000    0.01079555  0.00000000
 -0.01079555  0.00000000    0.01079555  0.00000000    0.28149976  0.00000000

     Dynamical  Matrix in cartesian axes

     q = (    0.250000000   0.250000000  -0.250000000 ) 

    1    1
  0.28149976  0.00000000    0.01079555  0.00000000   -0.01079555  0.00000000
  0.01079555  0.00000000    0.28149976  0.00000000   -0.01079555  0.00000000
 -0.01079555  0.00000000   -0.01079555  0.00000000    0.28149976  0.00000000
    1    2
 -0.20578798  0.06076766    0.03647659  0.03725073   -0.03647659 -0.03725073
  0.03647659  0.03725073   -0.20578798  0.06076766   -0.03647659 -0.03725073
 -0.03647659 -0.03725073   -0.03647659 -0.03725073   -0.20578798  0.06076766
    2    1
 -0.20578798 -0.06076766    0.03647659 -0.03725073   -0.03647659  0.03725073
  0.03647659 -0.03725073   -0.20578798 -0.06076766   -0.03647659  0.03725073
 -0.03647659  0.03725073   -0.03647659  0.03725073   -0.20578798 -0.06076766
    2    2
  0.28149976  0.00000000    0.01079555  0.00000000   -0.01079555  0.00000000
  0.01079555  0.00000000    0.28149976  0.00000000   -0.01079555  0.00000000
 -0.01079555  0.00000000   -0.01079555  0.00000000    0.28149976  0.00000000

     Diagonalizing the dynamical matrix

     q = (   -0.250000000   0.250000000  -0.250000000 ) 

 **************************************************************************
     freq (    1) =       3.397454 [THz] =     113.326856 [cm-1]
 (  0.232466 -0.000237 -0.338068 -0.055620 -0.570534 -0.055382 ) 
 (  0.231355 -0.022696 -0.341860 -0.022696 -0.573216  0.000000 ) 
     freq (    2) =       3.397454 [THz] =     113.326856 [cm-1]
 (  0.473141  0.235437  0.404490  0.228773 -0.068650 -0.006664 ) 
 (  0.493675  0.188622  0.424702  0.188622 -0.068973  0.000000 ) 
     freq (    3) =       6.927435 [THz] =     231.074344 [cm-1]
 ( -0.286042 -0.291284  0.286042  0.291284 -0.286042 -0.291284 ) 
 ( -0.408248 -0.000000  0.408248  0.000000 -0.408248  0.000000 ) 
     freq (    4) =      14.432650 [THz] =     481.421380 [cm-1]
 ( -0.286042 -0.291284  0.286042  0.291284 -0.286042 -0.291284 ) 
 (  0.408248 -0.000000 -0.408248  0.000000  0.408248  0.000000 ) 
     freq (    5) =      14.743209 [THz] =     491.780509 [cm-1]
 ( -0.497162 -0.057015 -0.496323 -0.056933  0.000839  0.000081 ) 
 (  0.500345  0.008714  0.499502  0.008714 -0.000843  0.000000 ) 
     freq (    6) =      14.743209 [THz] =     491.780509 [cm-1]
 ( -0.286599 -0.027808  0.288050  0.027974  0.574649  0.055782 ) 
 (  0.287945 -0.000013 -0.289405 -0.000013 -0.577350  0.000000 ) 
 **************************************************************************
