Dynamical matrix file
                                                                           
  1    2  2 10.3300000  0.0000000  0.0000000  0.0000000  0.0000000  0.0000000
           1  'Si  '    25598.822984527003     
    1    1      0.0000000000      0.0000000000      0.0000000000
    2    1      0.2500000000      0.2500000000      0.2500000000

     Dynamical  Matrix in cartesian axes

     q = (    0.750000000  -0.250000000   0.750000000 ) 

    1    1
  0.23375153  0.00000000   -0.00488574  0.00744940    0.00211863  0.00000000
 -0.00488574 -0.00744940    0.28941810  0.00000000   -0.00488574 -0.00744940
  0.00211863  0.00000000   -0.00488574  0.00744940    0.23375153  0.00000000
    1    2
 -0.06372699  0.05510155   -0.03662992  0.04087757   -0.04177472 -0.13268020
 -0.03662992  0.04087757   -0.06245849  0.07398405   -0.03662992  0.04087757
 -0.04177472 -0.13268020   -0.03662992  0.04087757   -0.06372699  0.05510155
    2    1
 -0.06372699 -0.05510155   -0.03662992 -0.04087757   -0.04177472  0.13268020
 -0.03662992 -0.04087757   -0.06245849 -0.07398405   -0.03662992 -0.04087757
 -0.04177472  0.13268020   -0.03662992 -0.04087757   -0.06372699 -0.05510155
    2    2
  0.23375153  0.00000000   -0.00488574 -0.00744940    0.00211863  0.00000000
 -0.00488574  0.00744940    0.28941810  0.00000000   -0.00488574  0.00744940
  0.00211863  0.00000000   -0.00488574 -0.00744940    0.23375153  0.00000000

     Dynamical  Matrix in cartesian axes

     q = (    0.750000000  -0.250000000  -0.750000000 ) 

    1    1
  0.23375153  0.00000000   -0.00488574 -0.00744940   -0.00211863  0.00000000
 -0.00488574  0.00744940    0.28941810  0.00000000    0.00488574 -0.00744940
 -0.00211863  0.00000000    0.00488574  0.00744940    0.23375153  0.00000000
    1    2
 -0.05510155  0.06372699   -0.04087757  0.03662992   -0.13268020 -0.04177472
 -0.04087757  0.03662992   -0.07398405  0.06245849    0.04087757 -0.03662992
 -0.13268020 -0.04177472    0.04087757 -0.03662992   -0.05510155  0.06372699
    2    1
 -0.05510155 -0.06372699   -0.04087757 -0.03662992   -0.13268020  0.04177472
 -0.04087757 -0.03662992   -0.07398405 -0.06245849    0.04087757  0.03662992
 -0.13268020  0.04177472    0.04087757  0.03662992   -0.05510155 -0.06372699
    2    2
  0.23375153  0.00000000   -0.00488574  0.00744940   -0.00211863  0.00000000
 -0.00488574 -0.00744940    0.28941810  0.00000000    0.00488574  0.00744940
 -0.00211863  0.00000000    0.00488574 -0.00744940    0.23375153  0.00000000

     Dynamical  Matrix in cartesian axes

     q = (   -0.750000000  -0.250000000  -0.750000000 ) 

    1    1
  0.23375153  0.00000000    0.00488574 -0.00744940    0.00211863  0.00000000
  0.00488574  0.00744940    0.28941810  0.00000000    0.00488574  0.00744940
  0.00211863  0.00000000    0.00488574 -0.00744940    0.23375153  0.00000000
    1    2
  0.05510155  0.06372699   -0.04087757 -0.03662992   -0.13268020  0.04177472
 -0.04087757 -0.03662992    0.07398405  0.06245849   -0.04087757 -0.03662992
 -0.13268020  0.04177472   -0.04087757 -0.03662992    0.05510155  0.06372699
    2    1
  0.05510155 -0.06372699   -0.04087757  0.03662992   -0.13268020 -0.04177472
 -0.04087757  0.03662992    0.07398405 -0.06245849   -0.04087757  0.03662992
 -0.13268020 -0.04177472   -0.04087757  0.03662992    0.05510155 -0.06372699
    2    2
  0.23375153  0.00000000    0.00488574  0.00744940    0.00211863  0.00000000
  0.00488574 -0.00744940    0.28941810  0.00000000    0.00488574 -0.00744940
  0.00211863  0.00000000    0.00488574  0.00744940    0.23375153  0.00000000

     Dynamical  Matrix in cartesian axes

     q = (   -0.750000000  -0.250000000   0.750000000 ) 

    1    1
  0.23375153  0.00000000    0.00488574  0.00744940   -0.00211863  0.00000000
  0.00488574 -0.00744940    0.28941810  0.00000000   -0.00488574  0.00744940
 -0.00211863  0.00000000   -0.00488574 -0.00744940    0.23375153  0.00000000
    1    2
 -0.05510155  0.06372699    0.04087757 -0.03662992   -0.13268020 -0.04177472
  0.04087757 -0.03662992   -0.07398405  0.06245849   -0.04087757  0.03662992
 -0.13268020 -0.04177472   -0.04087757  0.03662992   -0.05510155  0.06372699
    2    1
 -0.05510155 -0.06372699    0.04087757  0.03662992   -0.13268020  0.04177472
  0.04087757  0.03662992   -0.07398405 -0.06245849   -0.04087757 -0.03662992
 -0.13268020  0.04177472   -0.04087757 -0.03662992   -0.05510155 -0.06372699
    2    2
  0.23375153  0.00000000    0.00488574 -0.00744940   -0.00211863  0.00000000
  0.00488574  0.00744940    0.28941810  0.00000000   -0.00488574 -0.00744940
 -0.00211863  0.00000000   -0.00488574  0.00744940    0.23375153  0.00000000

     Dynamical  Matrix in cartesian axes

     q = (   -0.750000000   0.250000000  -0.750000000 ) 

    1    1
  0.23375153  0.00000000   -0.00488574 -0.00744940    0.00211863  0.00000000
 -0.00488574  0.00744940    0.28941810  0.00000000   -0.00488574  0.00744940
  0.00211863  0.00000000   -0.00488574 -0.00744940    0.23375153  0.00000000
    1    2
 -0.06372699 -0.05510155   -0.03662992 -0.04087757   -0.04177472  0.13268020
 -0.03662992 -0.04087757   -0.06245849 -0.07398405   -0.03662992 -0.04087757
 -0.04177472  0.13268020   -0.03662992 -0.04087757   -0.06372699 -0.05510155
    2    1
 -0.06372699  0.05510155   -0.03662992  0.04087757   -0.04177472 -0.13268020
 -0.03662992  0.04087757   -0.06245849  0.07398405   -0.03662992  0.04087757
 -0.04177472 -0.13268020   -0.03662992  0.04087757   -0.06372699  0.05510155
    2    2
  0.23375153  0.00000000   -0.00488574  0.00744940    0.00211863  0.00000000
 -0.00488574 -0.00744940    0.28941810  0.00000000   -0.00488574 -0.00744940
  0.00211863  0.00000000   -0.00488574  0.00744940    0.23375153  0.00000000

     Dynamical  Matrix in cartesian axes

     q = (   -0.250000000   0.750000000  -0.750000000 ) 

    1    1
  0.28941810  0.00000000   -0.00488574  0.00744940    0.00488574 -0.00744940
 -0.00488574 -0.00744940    0.23375153  0.00000000   -0.00211863  0.00000000
  0.00488574  0.00744940   -0.00211863  0.00000000    0.23375153  0.00000000
    1    2
 -0.07398405  0.06245849   -0.04087757  0.03662992    0.04087757 -0.03662992
 -0.04087757  0.03662992   -0.05510155  0.06372699   -0.13268020 -0.04177472
  0.04087757 -0.03662992   -0.13268020 -0.04177472   -0.05510155  0.06372699
    2    1
 -0.07398405 -0.06245849   -0.04087757 -0.03662992    0.04087757  0.03662992
 -0.04087757 -0.03662992   -0.05510155 -0.06372699   -0.13268020  0.04177472
  0.04087757  0.03662992   -0.13268020  0.04177472   -0.05510155 -0.06372699
    2    2
  0.28941810  0.00000000   -0.00488574 -0.00744940    0.00488574  0.00744940
 -0.00488574  0.00744940    0.23375153  0.00000000   -0.00211863  0.00000000
  0.00488574 -0.00744940   -0.00211863  0.00000000    0.23375153  0.00000000

     Dynamical  Matrix in cartesian axes

     q = (   -0.750000000   0.750000000  -0.250000000 ) 

    1    1
  0.23375153  0.00000000   -0.00211863  0.00000000    0.00488574  0.00744940
 -0.00211863  0.00000000    0.23375153  0.00000000   -0.00488574 -0.00744940
  0.00488574 -0.00744940   -0.00488574  0.00744940    0.28941810  0.00000000
    1    2
 -0.05510155  0.06372699   -0.13268020 -0.04177472    0.04087757 -0.03662992
 -0.13268020 -0.04177472   -0.05510155  0.06372699   -0.04087757  0.03662992
  0.04087757 -0.03662992   -0.04087757  0.03662992   -0.07398405  0.06245849
    2    1
 -0.05510155 -0.06372699   -0.13268020  0.04177472    0.04087757  0.03662992
 -0.13268020  0.04177472   -0.05510155 -0.06372699   -0.04087757 -0.03662992
  0.04087757  0.03662992   -0.04087757 -0.03662992   -0.07398405 -0.06245849
    2    2
  0.23375153  0.00000000   -0.00211863  0.00000000    0.00488574 -0.00744940
 -0.00211863  0.00000000    0.23375153  0.00000000   -0.00488574  0.00744940
  0.00488574  0.00744940   -0.00488574 -0.00744940    0.28941810  0.00000000

     Dynamical  Matrix in cartesian axes

     q = (    0.750000000   0.250000000   0.750000000 ) 

    1    1
  0.23375153  0.00000000    0.00488574  0.00744940    0.00211863  0.00000000
  0.00488574 -0.00744940    0.28941810  0.00000000    0.00488574 -0.00744940
  0.00211863  0.00000000    0.00488574  0.00744940    0.23375153  0.00000000
    1    2
  0.05510155 -0.06372699   -0.04087757  0.03662992   -0.13268020 -0.04177472
 -0.04087757  0.03662992    0.07398405 -0.06245849   -0.04087757  0.03662992
 -0.13268020 -0.04177472   -0.04087757  0.03662992    0.05510155 -0.06372699
    2    1
  0.05510155  0.06372699   -0.04087757 -0.03662992   -0.13268020  0.04177472
 -0.04087757 -0.03662992    0.07398405  0.06245849   -0.04087757 -0.03662992
 -0.13268020  0.04177472   -0.04087757 -0.03662992    0.05510155  0.06372699
    2    2
  0.23375153  0.00000000    0.00488574 -0.00744940    0.00211863  0.00000000
  0.00488574  0.00744940    0.28941810  0.00000000    0.00488574  0.00744940
  0.00211863  0.00000000    0.00488574 -0.00744940    0.23375153  0.00000000

     Dynamical  Matrix in cartesian axes

     q = (   -0.750000000   0.250000000   0.750000000 ) 

    1    1
  0.23375153  0.00000000   -0.00488574  0.00744940   -0.00211863  0.00000000
 -0.00488574 -0.00744940    0.28941810  0.00000000    0.00488574  0.00744940
 -0.00211863  0.00000000    0.00488574 -0.00744940    0.23375153  0.00000000
    1    2
 -0.05510155 -0.06372699   -0.04087757 -0.03662992   -0.13268020  0.04177472
 -0.04087757 -0.03662992   -0.07398405 -0.06245849    0.04087757  0.03662992
 -0.13268020  0.04177472    0.04087757  0.03662992   -0.05510155 -0.06372699
    2    1
 -0.05510155  0.06372699   -0.04087757  0.03662992   -0.13268020 -0.04177472
 -0.04087757  0.03662992   -0.07398405  0.06245849    0.04087757 -0.03662992
 -0.13268020 -0.04177472    0.04087757 -0.03662992   -0.05510155  0.06372699
    2    2
  0.23375153  0.00000000   -0.00488574 -0.00744940   -0.00211863  0.00000000
 -0.00488574  0.00744940    0.28941810  0.00000000    0.00488574 -0.00744940
 -0.00211863  0.00000000    0.00488574  0.00744940    0.23375153  0.00000000

     Dynamical  Matrix in cartesian axes

     q = (    0.750000000   0.250000000  -0.750000000 ) 

    1    1
  0.23375153  0.00000000    0.00488574 -0.00744940   -0.00211863  0.00000000
  0.00488574  0.00744940    0.28941810  0.00000000   -0.00488574 -0.00744940
 -0.00211863  0.00000000   -0.00488574  0.00744940    0.23375153  0.00000000
    1    2
 -0.05510155 -0.06372699    0.04087757  0.03662992   -0.13268020  0.04177472
  0.04087757  0.03662992   -0.07398405 -0.06245849   -0.04087757 -0.03662992
 -0.13268020  0.04177472   -0.04087757 -0.03662992   -0.05510155 -0.06372699
    2    1
 -0.05510155  0.06372699    0.04087757 -0.03662992   -0.13268020 -0.04177472
  0.04087757 -0.03662992   -0.07398405  0.06245849   -0.04087757  0.03662992
 -0.13268020 -0.04177472   -0.04087757  0.03662992   -0.05510155  0.06372699
    2    2
  0.23375153  0.00000000    0.00488574  0.00744940   -0.00211863  0.00000000
  0.00488574 -0.00744940    0.28941810  0.00000000   -0.00488574  0.00744940
 -0.00211863  0.00000000   -0.00488574 -0.00744940    0.23375153  0.00000000

     Dynamical  Matrix in cartesian axes

     q = (   -0.750000000   0.750000000   0.250000000 ) 

    1    1
  0.23375153  0.00000000   -0.00211863  0.00000000   -0.00488574  0.00744940
 -0.00211863  0.00000000    0.23375153  0.00000000    0.00488574 -0.00744940
 -0.00488574 -0.00744940    0.00488574  0.00744940    0.28941810  0.00000000
    1    2
 -0.05510155 -0.06372699   -0.13268020  0.04177472   -0.04087757 -0.03662992
 -0.13268020  0.04177472   -0.05510155 -0.06372699    0.04087757  0.03662992
 -0.04087757 -0.03662992    0.04087757  0.03662992   -0.07398405 -0.06245849
    2    1
 -0.05510155  0.06372699   -0.13268020 -0.04177472   -0.04087757  0.03662992
 -0.13268020 -0.04177472   -0.05510155  0.06372699    0.04087757 -0.03662992
 -0.04087757  0.03662992    0.04087757 -0.03662992   -0.07398405  0.06245849
    2    2
  0.23375153  0.00000000   -0.00211863  0.00000000   -0.00488574 -0.00744940
 -0.00211863  0.00000000    0.23375153  0.00000000    0.00488574  0.00744940
 -0.00488574  0.00744940    0.00488574 -0.00744940    0.28941810  0.00000000

     Dynamical  Matrix in cartesian axes

     q = (   -0.250000000   0.750000000   0.750000000 ) 

    1    1
  0.28941810  0.00000000   -0.00488574 -0.00744940   -0.00488574 -0.00744940
 -0.00488574  0.00744940    0.23375153  0.00000000    0.00211863  0.00000000
 -0.00488574  0.00744940    0.00211863  0.00000000    0.23375153  0.00000000
    1    2
 -0.06245849  0.07398405   -0.03662992  0.04087757   -0.03662992  0.04087757
 -0.03662992  0.04087757   -0.06372699  0.05510155   -0.04177472 -0.13268020
 -0.03662992  0.04087757   -0.04177472 -0.13268020   -0.06372699  0.05510155
    2    1
 -0.06245849 -0.07398405   -0.03662992 -0.04087757   -0.03662992 -0.04087757
 -0.03662992 -0.04087757   -0.06372699 -0.05510155   -0.04177472  0.13268020
 -0.03662992 -0.04087757   -0.04177472  0.13268020   -0.06372699 -0.05510155
    2    2
  0.28941810  0.00000000   -0.00488574  0.00744940   -0.00488574  0.00744940
 -0.00488574 -0.00744940    0.23375153  0.00000000    0.00211863  0.00000000
 -0.00488574 -0.00744940    0.00211863  0.00000000    0.23375153  0.00000000

     Dynamical  Matrix in cartesian axes

     q = (    0.250000000   0.750000000  -0.750000000 ) 

    1    1
  0.28941810  0.00000000    0.00488574  0.00744940   -0.00488574 -0.00744940
  0.00488574 -0.00744940    0.23375153  0.00000000   -0.00211863  0.00000000
 -0.00488574  0.00744940   -0.00211863  0.00000000    0.23375153  0.00000000
    1    2
 -0.07398405 -0.06245849    0.04087757  0.03662992   -0.04087757 -0.03662992
  0.04087757  0.03662992   -0.05510155 -0.06372699   -0.13268020  0.04177472
 -0.04087757 -0.03662992   -0.13268020  0.04177472   -0.05510155 -0.06372699
    2    1
 -0.07398405  0.06245849    0.04087757 -0.03662992   -0.04087757  0.03662992
  0.04087757 -0.03662992   -0.05510155  0.06372699   -0.13268020 -0.04177472
 -0.04087757  0.03662992   -0.13268020 -0.04177472   -0.05510155  0.06372699
    2    2
  0.28941810  0.00000000    0.00488574 -0.00744940   -0.00488574  0.00744940
  0.00488574  0.00744940    0.23375153  0.00000000   -0.00211863  0.00000000
 -0.00488574 -0.00744940   -0.00211863  0.00000000    0.23375153  0.00000000

     Dynamical  Matrix in cartesian axes

     q = (   -0.250000000  -0.750000000  -0.750000000 ) 

    1    1
  0.28941810  0.00000000    0.00488574  0.00744940    0.00488574  0.00744940
  0.00488574 -0.00744940    0.23375153  0.00000000    0.00211863  0.00000000
  0.00488574 -0.00744940    0.00211863  0.00000000    0.23375153  0.00000000
    1    2
  0.07398405  0.06245849   -0.04087757 -0.03662992   -0.04087757 -0.03662992
 -0.04087757 -0.03662992    0.05510155  0.06372699   -0.13268020  0.04177472
 -0.04087757 -0.03662992   -0.13268020  0.04177472    0.05510155  0.06372699
    2    1
  0.07398405 -0.06245849   -0.04087757  0.03662992   -0.04087757  0.03662992
 -0.04087757  0.03662992    0.05510155 -0.06372699   -0.13268020 -0.04177472
 -0.04087757  0.03662992   -0.13268020 -0.04177472    0.05510155 -0.06372699
    2    2
  0.28941810  0.00000000    0.00488574 -0.00744940    0.00488574 -0.00744940
  0.00488574  0.00744940    0.23375153  0.00000000    0.00211863  0.00000000
  0.00488574  0.00744940    0.00211863  0.00000000    0.23375153  0.00000000

     Dynamical  Matrix in cartesian axes

     q = (    0.750000000   0.750000000  -0.250000000 ) 

    1    1
  0.23375153  0.00000000    0.00211863  0.00000000   -0.00488574  0.00744940
  0.00211863  0.00000000    0.23375153  0.00000000   -0.00488574  0.00744940
 -0.00488574 -0.00744940   -0.00488574 -0.00744940    0.28941810  0.00000000
    1    2
 -0.06372699  0.05510155   -0.04177472 -0.13268020   -0.03662992  0.04087757
 -0.04177472 -0.13268020   -0.06372699  0.05510155   -0.03662992  0.04087757
 -0.03662992  0.04087757   -0.03662992  0.04087757   -0.06245849  0.07398405
    2    1
 -0.06372699 -0.05510155   -0.04177472  0.13268020   -0.03662992 -0.04087757
 -0.04177472  0.13268020   -0.06372699 -0.05510155   -0.03662992 -0.04087757
 -0.03662992 -0.04087757   -0.03662992 -0.04087757   -0.06245849 -0.07398405
    2    2
  0.23375153  0.00000000    0.00211863  0.00000000   -0.00488574 -0.00744940
  0.00211863  0.00000000    0.23375153  0.00000000   -0.00488574 -0.00744940
 -0.00488574  0.00744940   -0.00488574  0.00744940    0.28941810  0.00000000

     Dynamical  Matrix in cartesian axes

     q = (    0.750000000  -0.750000000   0.250000000 ) 

    1    1
  0.23375153  0.00000000   -0.00211863  0.00000000    0.00488574 -0.00744940
 -0.00211863  0.00000000    0.23375153  0.00000000   -0.00488574  0.00744940
  0.00488574  0.00744940   -0.00488574 -0.00744940    0.28941810  0.00000000
    1    2
 -0.05510155 -0.06372699   -0.13268020  0.04177472    0.04087757  0.03662992
 -0.13268020  0.04177472   -0.05510155 -0.06372699   -0.04087757 -0.03662992
  0.04087757  0.03662992   -0.04087757 -0.03662992   -0.07398405 -0.06245849
    2    1
 -0.05510155  0.06372699   -0.13268020 -0.04177472    0.04087757 -0.03662992
 -0.13268020 -0.04177472   -0.05510155  0.06372699   -0.04087757  0.03662992
  0.04087757 -0.03662992   -0.04087757  0.03662992   -0.07398405  0.06245849
    2    2
  0.23375153  0.00000000   -0.00211863  0.00000000    0.00488574  0.00744940
 -0.00211863  0.00000000    0.23375153  0.00000000   -0.00488574 -0.00744940
  0.00488574 -0.00744940   -0.00488574  0.00744940    0.28941810  0.00000000

     Dynamical  Matrix in cartesian axes

     q = (   -0.750000000  -0.750000000  -0.250000000 ) 

    1    1
  0.23375153  0.00000000    0.00211863  0.00000000    0.00488574 -0.00744940
  0.00211863  0.00000000    0.23375153  0.00000000    0.00488574 -0.00744940
  0.00488574  0.00744940    0.00488574  0.00744940    0.28941810  0.00000000
    1    2
  0.05510155  0.06372699   -0.13268020  0.04177472   -0.04087757 -0.03662992
 -0.13268020  0.04177472    0.05510155  0.06372699   -0.04087757 -0.03662992
 -0.04087757 -0.03662992   -0.04087757 -0.03662992    0.07398405  0.06245849
    2    1
  0.05510155 -0.06372699   -0.13268020 -0.04177472   -0.04087757  0.03662992
 -0.13268020 -0.04177472    0.05510155 -0.06372699   -0.04087757  0.03662992
 -0.04087757  0.03662992   -0.04087757  0.03662992    0.07398405 -0.06245849
    2    2
  0.23375153  0.00000000    0.00211863  0.00000000    0.00488574  0.00744940
  0.00211863  0.00000000    0.23375153  0.00000000    0.00488574  0.00744940
  0.00488574 -0.00744940    0.00488574 -0.00744940    0.28941810  0.00000000

     Dynamical  Matrix in cartesian axes

     q = (    0.250000000  -0.750000000   0.750000000 ) 

    1    1
  0.28941810  0.00000000   -0.00488574 -0.00744940    0.00488574  0.00744940
 -0.00488574  0.00744940    0.23375153  0.00000000   -0.00211863  0.00000000
  0.00488574 -0.00744940   -0.00211863  0.00000000    0.23375153  0.00000000
    1    2
 -0.07398405 -0.06245849   -0.04087757 -0.03662992    0.04087757  0.03662992
 -0.04087757 -0.03662992   -0.05510155 -0.06372699   -0.13268020  0.04177472
  0.04087757  0.03662992   -0.13268020  0.04177472   -0.05510155 -0.06372699
    2    1
 -0.07398405  0.06245849   -0.04087757  0.03662992    0.04087757 -0.03662992
 -0.04087757  0.03662992   -0.05510155  0.06372699   -0.13268020 -0.04177472
  0.04087757 -0.03662992   -0.13268020 -0.04177472   -0.05510155  0.06372699
    2    2
  0.28941810  0.00000000   -0.00488574  0.00744940    0.00488574 -0.00744940
 -0.00488574 -0.00744940    0.23375153  0.00000000   -0.00211863  0.00000000
  0.00488574  0.00744940   -0.00211863  0.00000000    0.23375153  0.00000000

     Dynamical  Matrix in cartesian axes

     q = (   -0.750000000  -0.750000000   0.250000000 ) 

    1    1
  0.23375153  0.00000000    0.00211863  0.00000000   -0.00488574 -0.00744940
  0.00211863  0.00000000    0.23375153  0.00000000   -0.00488574 -0.00744940
 -0.00488574  0.00744940   -0.00488574  0.00744940    0.28941810  0.00000000
    1    2
 -0.06372699 -0.05510155   -0.04177472  0.13268020   -0.03662992 -0.04087757
 -0.04177472  0.13268020   -0.06372699 -0.05510155   -0.03662992 -0.04087757
 -0.03662992 -0.04087757   -0.03662992 -0.04087757   -0.06245849 -0.07398405
    2    1
 -0.06372699  0.05510155   -0.04177472 -0.13268020   -0.03662992  0.04087757
 -0.04177472 -0.13268020   -0.06372699  0.05510155   -0.03662992  0.04087757
 -0.03662992  0.04087757   -0.03662992  0.04087757   -0.06245849  0.07398405
    2    2
  0.23375153  0.00000000    0.00211863  0.00000000   -0.00488574  0.00744940
  0.00211863  0.00000000    0.23375153  0.00000000   -0.00488574  0.00744940
 -0.00488574 -0.00744940   -0.00488574 -0.00744940    0.28941810  0.00000000

     Dynamical  Matrix in cartesian axes

     q = (    0.250000000   0.750000000   0.750000000 ) 

    1    1
  0.28941810  0.00000000    0.00488574 -0.00744940    0.00488574 -0.00744940
  0.00488574  0.00744940    0.23375153  0.00000000    0.00211863  0.00000000
  0.00488574  0.00744940    0.00211863  0.00000000    0.23375153  0.00000000
    1    2
  0.07398405 -0.06245849   -0.04087757  0.03662992   -0.04087757  0.03662992
 -0.04087757  0.03662992    0.05510155 -0.06372699   -0.13268020 -0.04177472
 -0.04087757  0.03662992   -0.13268020 -0.04177472    0.05510155 -0.06372699
    2    1
  0.07398405  0.06245849   -0.04087757 -0.03662992   -0.04087757 -0.03662992
 -0.04087757 -0.03662992    0.05510155  0.06372699   -0.13268020  0.04177472
 -0.04087757 -0.03662992   -0.13268020  0.04177472    0.05510155  0.06372699
    2    2
  0.28941810  0.00000000    0.00488574  0.00744940    0.00488574  0.00744940
  0.00488574 -0.00744940    0.23375153  0.00000000    0.00211863  0.00000000
  0.00488574 -0.00744940    0.00211863  0.00000000    0.23375153  0.00000000

     Dynamical  Matrix in cartesian axes

     q = (   -0.250000000  -0.750000000   0.750000000 ) 

    1    1
  0.28941810  0.00000000    0.00488574 -0.00744940   -0.00488574  0.00744940
  0.00488574  0.00744940    0.23375153  0.00000000   -0.00211863  0.00000000
 -0.00488574 -0.00744940   -0.00211863  0.00000000    0.23375153  0.00000000
    1    2
 -0.07398405  0.06245849    0.04087757 -0.03662992   -0.04087757  0.03662992
  0.04087757 -0.03662992   -0.05510155  0.06372699   -0.13268020 -0.04177472
 -0.04087757  0.03662992   -0.13268020 -0.04177472   -0.05510155  0.06372699
    2    1
 -0.07398405 -0.06245849    0.04087757  0.03662992   -0.04087757 -0.03662992
  0.04087757  0.03662992   -0.05510155 -0.06372699   -0.13268020  0.04177472
 -0.04087757 -0.03662992   -0.13268020  0.04177472   -0.05510155 -0.06372699
    2    2
  0.28941810  0.00000000    0.00488574  0.00744940   -0.00488574 -0.00744940
  0.00488574 -0.00744940    0.23375153  0.00000000   -0.00211863  0.00000000
 -0.00488574  0.00744940   -0.00211863  0.00000000    0.23375153  0.00000000

     Dynamical  Matrix in cartesian axes

     q = (    0.750000000   0.750000000   0.250000000 ) 

    1    1
  0.23375153  0.00000000    0.00211863  0.00000000    0.00488574  0.00744940
  0.00211863  0.00000000    0.23375153  0.00000000    0.00488574  0.00744940
  0.00488574 -0.00744940    0.00488574 -0.00744940    0.28941810  0.00000000
    1    2
  0.05510155 -0.06372699   -0.13268020 -0.04177472   -0.04087757  0.03662992
 -0.13268020 -0.04177472    0.05510155 -0.06372699   -0.04087757  0.03662992
 -0.04087757  0.03662992   -0.04087757  0.03662992    0.07398405 -0.06245849
    2    1
  0.05510155  0.06372699   -0.13268020  0.04177472   -0.04087757 -0.03662992
 -0.13268020  0.04177472    0.05510155  0.06372699   -0.04087757 -0.03662992
 -0.04087757 -0.03662992   -0.04087757 -0.03662992    0.07398405  0.06245849
    2    2
  0.23375153  0.00000000    0.00211863  0.00000000    0.00488574 -0.00744940
  0.00211863  0.00000000    0.23375153  0.00000000    0.00488574 -0.00744940
  0.00488574  0.00744940    0.00488574  0.00744940    0.28941810  0.00000000

     Dynamical  Matrix in cartesian axes

     q = (    0.250000000  -0.750000000  -0.750000000 ) 

    1    1
  0.28941810  0.00000000   -0.00488574  0.00744940   -0.00488574  0.00744940
 -0.00488574 -0.00744940    0.23375153  0.00000000    0.00211863  0.00000000
 -0.00488574 -0.00744940    0.00211863  0.00000000    0.23375153  0.00000000
    1    2
 -0.06245849 -0.07398405   -0.03662992 -0.04087757   -0.03662992 -0.04087757
 -0.03662992 -0.04087757   -0.06372699 -0.05510155   -0.04177472  0.13268020
 -0.03662992 -0.04087757   -0.04177472  0.13268020   -0.06372699 -0.05510155
    2    1
 -0.06245849  0.07398405   -0.03662992  0.04087757   -0.03662992  0.04087757
 -0.03662992  0.04087757   -0.06372699  0.05510155   -0.04177472 -0.13268020
 -0.03662992  0.04087757   -0.04177472 -0.13268020   -0.06372699  0.05510155
    2    2
  0.28941810  0.00000000   -0.00488574 -0.00744940   -0.00488574 -0.00744940
 -0.00488574  0.00744940    0.23375153  0.00000000    0.00211863  0.00000000
 -0.00488574  0.00744940    0.00211863  0.00000000    0.23375153  0.00000000

     Dynamical  Matrix in cartesian axes

     q = (    0.750000000  -0.750000000  -0.250000000 ) 

    1    1
  0.23375153  0.00000000   -0.00211863  0.00000000   -0.00488574 -0.00744940
 -0.00211863  0.00000000    0.23375153  0.00000000    0.00488574  0.00744940
 -0.00488574  0.00744940    0.00488574 -0.00744940    0.28941810  0.00000000
    1    2
 -0.05510155  0.06372699   -0.13268020 -0.04177472   -0.04087757  0.03662992
 -0.13268020 -0.04177472   -0.05510155  0.06372699    0.04087757 -0.03662992
 -0.04087757  0.03662992    0.04087757 -0.03662992   -0.07398405  0.06245849
    2    1
 -0.05510155 -0.06372699   -0.13268020  0.04177472   -0.04087757 -0.03662992
 -0.13268020  0.04177472   -0.05510155 -0.06372699    0.04087757  0.03662992
 -0.04087757 -0.03662992    0.04087757  0.03662992   -0.07398405 -0.06245849
    2    2
  0.23375153  0.00000000   -0.00211863  0.00000000   -0.00488574  0.00744940
 -0.00211863  0.00000000    0.23375153  0.00000000    0.00488574 -0.00744940
 -0.00488574 -0.00744940    0.00488574  0.00744940    0.28941810  0.00000000

     Diagonalizing the dynamical matrix

     q = (    0.750000000  -0.250000000   0.750000000 ) 

 **************************************************************************
     freq (    1) =       4.242569 [THz] =     141.516856 [cm-1]
 (  0.058056 -0.496618 -0.000000  0.000000 -0.058056  0.496618 ) 
 (  0.500000  0.000000 -0.000000 -0.000000 -0.500000  0.000000 ) 
     freq (    2) =       5.518611 [THz] =     184.081064 [cm-1]
 ( -0.397942 -0.195556 -0.299468  0.130837 -0.397942 -0.195556 ) 
 ( -0.443396 -0.000000 -0.211064 -0.249502 -0.443396  0.000000 ) 
     freq (    3) =       9.038159 [THz] =     301.480549 [cm-1]
 (  0.130474 -0.247132  0.392942  0.435203  0.130474 -0.247132 ) 
 ( -0.279459  0.000000  0.201403  0.550674 -0.279459  0.000000 ) 
     freq (    4) =      11.978075 [THz] =     399.545585 [cm-1]
 (  0.113199  0.312757 -0.415366 -0.325898  0.113199  0.312757 ) 
 ( -0.332612  0.000000  0.447807  0.279656 -0.332612  0.000000 ) 
     freq (    5) =      13.336685 [THz] =     444.863942 [cm-1]
 (  0.058056 -0.496618  0.000000 -0.000000 -0.058056  0.496618 ) 
 ( -0.500000  0.000000 -0.000000 -0.000000  0.500000  0.000000 ) 
     freq (    6) =      13.731753 [THz] =     458.041983 [cm-1]
 ( -0.302195 -0.152807 -0.475819  0.210365 -0.302195 -0.152807 ) 
 (  0.338632 -0.000000  0.329693  0.402442  0.338632 -0.000000 ) 
 **************************************************************************
