Dynamical matrix file
                                                                           
  1    2  2 10.3405000  0.0000000  0.0000000  0.0000000  0.0000000  0.0000000
           1  'Si  '    25598.822984527003     
    1    1      0.0000000000      0.0000000000      0.0000000000
    2    1      0.2500000000      0.2500000000      0.2500000000

     Dynamical  Matrix in cartesian axes

     q = (   -0.250000000   0.250000000  -0.250000000 ) 

    1    1
  0.28157704  0.00000000   -0.01079781  0.00000000    0.01079781  0.00000000
 -0.01079781  0.00000000    0.28157704  0.00000000   -0.01079781  0.00000000
  0.01079781  0.00000000   -0.01079781  0.00000000    0.28157704  0.00000000
    1    2
 -0.20583945 -0.06078412   -0.03650261  0.03727684    0.03650261 -0.03727684
 -0.03650261  0.03727684   -0.20583945 -0.06078412   -0.03650261  0.03727684
  0.03650261 -0.03727684   -0.03650261  0.03727684   -0.20583945 -0.06078412
    2    1
 -0.20583945  0.06078412   -0.03650261 -0.03727684    0.03650261  0.03727684
 -0.03650261 -0.03727684   -0.20583945  0.06078412   -0.03650261 -0.03727684
  0.03650261  0.03727684   -0.03650261 -0.03727684   -0.20583945  0.06078412
    2    2
  0.28157704  0.00000000   -0.01079781  0.00000000    0.01079781  0.00000000
 -0.01079781  0.00000000    0.28157704  0.00000000   -0.01079781  0.00000000
  0.01079781  0.00000000   -0.01079781  0.00000000    0.28157704  0.00000000

     Dynamical  Matrix in cartesian axes

     q = (    0.250000000  -0.250000000  -0.250000000 ) 

    1    1
  0.28157704  0.00000000   -0.01079781  0.00000000   -0.01079781  0.00000000
 -0.01079781  0.00000000    0.28157704  0.00000000    0.01079781  0.00000000
 -0.01079781  0.00000000    0.01079781  0.00000000    0.28157704  0.00000000
    1    2
 -0.20583945 -0.06078412   -0.03650261  0.03727684   -0.03650261  0.03727684
 -0.03650261  0.03727684   -0.20583945 -0.06078412    0.03650261 -0.03727684
 -0.03650261  0.03727684    0.03650261 -0.03727684   -0.20583945 -0.06078412
    2    1
 -0.20583945  0.06078412   -0.03650261 -0.03727684   -0.03650261 -0.03727684
 -0.03650261 -0.03727684   -0.20583945  0.06078412    0.03650261  0.03727684
 -0.03650261 -0.03727684    0.03650261  0.03727684   -0.20583945  0.06078412
    2    2
  0.28157704  0.00000000   -0.01079781  0.00000000   -0.01079781  0.00000000
 -0.01079781  0.00000000    0.28157704  0.00000000    0.01079781  0.00000000
 -0.01079781  0.00000000    0.01079781  0.00000000    0.28157704  0.00000000

     Dynamical  Matrix in cartesian axes

     q = (    0.250000000  -0.250000000   0.250000000 ) 

    1    1
  0.28157704  0.00000000   -0.01079781  0.00000000    0.01079781  0.00000000
 -0.01079781  0.00000000    0.28157704  0.00000000   -0.01079781  0.00000000
  0.01079781  0.00000000   -0.01079781  0.00000000    0.28157704  0.00000000
    1    2
 -0.20583945  0.06078412   -0.03650261 -0.03727684    0.03650261  0.03727684
 -0.03650261 -0.03727684   -0.20583945  0.06078412   -0.03650261 -0.03727684
  0.03650261  0.03727684   -0.03650261 -0.03727684   -0.20583945  0.06078412
    2    1
 -0.20583945 -0.06078412   -0.03650261  0.03727684    0.03650261 -0.03727684
 -0.03650261  0.03727684   -0.20583945 -0.06078412   -0.03650261  0.03727684
  0.03650261 -0.03727684   -0.03650261  0.03727684   -0.20583945 -0.06078412
    2    2
  0.28157704  0.00000000   -0.01079781  0.00000000    0.01079781  0.00000000
 -0.01079781  0.00000000    0.28157704  0.00000000   -0.01079781  0.00000000
  0.01079781  0.00000000   -0.01079781  0.00000000    0.28157704  0.00000000

     Dynamical  Matrix in cartesian axes

     q = (    0.250000000   0.250000000   0.250000000 ) 

    1    1
  0.28157704  0.00000000    0.01079781  0.00000000    0.01079781  0.00000000
  0.01079781  0.00000000    0.28157704  0.00000000    0.01079781  0.00000000
  0.01079781  0.00000000    0.01079781  0.00000000    0.28157704  0.00000000
    1    2
 -0.06078412  0.20583945   -0.03727684 -0.03650261   -0.03727684 -0.03650261
 -0.03727684 -0.03650261   -0.06078412  0.20583945   -0.03727684 -0.03650261
 -0.03727684 -0.03650261   -0.03727684 -0.03650261   -0.06078412  0.20583945
    2    1
 -0.06078412 -0.20583945   -0.03727684  0.03650261   -0.03727684  0.03650261
 -0.03727684  0.03650261   -0.06078412 -0.20583945   -0.03727684  0.03650261
 -0.03727684  0.03650261   -0.03727684  0.03650261   -0.06078412 -0.20583945
    2    2
  0.28157704  0.00000000    0.01079781  0.00000000    0.01079781  0.00000000
  0.01079781  0.00000000    0.28157704  0.00000000    0.01079781  0.00000000
  0.01079781  0.00000000    0.01079781  0.00000000    0.28157704  0.00000000

     Dynamical  Matrix in cartesian axes

     q = (   -0.250000000  -0.250000000  -0.250000000 ) 

    1    1
  0.28157704  0.00000000    0.01079781  0.00000000    0.01079781  0.00000000
  0.01079781  0.00000000    0.28157704  0.00000000    0.01079781  0.00000000
  0.01079781  0.00000000    0.01079781  0.00000000    0.28157704  0.00000000
    1    2
 -0.06078412 -0.20583945   -0.03727684  0.03650261   -0.03727684  0.03650261
 -0.03727684  0.03650261   -0.06078412 -0.20583945   -0.03727684  0.03650261
 -0.03727684  0.03650261   -0.03727684  0.03650261   -0.06078412 -0.20583945
    2    1
 -0.06078412  0.20583945   -0.03727684 -0.03650261   -0.03727684 -0.03650261
 -0.03727684 -0.03650261   -0.06078412  0.20583945   -0.03727684 -0.03650261
 -0.03727684 -0.03650261   -0.03727684 -0.03650261   -0.06078412  0.20583945
    2    2
  0.28157704  0.00000000    0.01079781  0.00000000    0.01079781  0.00000000
  0.01079781  0.00000000    0.28157704  0.00000000    0.01079781  0.00000000
  0.01079781  0.00000000    0.01079781  0.00000000    0.28157704  0.00000000

     Dynamical  Matrix in cartesian axes

     q = (   -0.250000000  -0.250000000   0.250000000 ) 

    1    1
  0.28157704  0.00000000    0.01079781  0.00000000   -0.01079781  0.00000000
  0.01079781  0.00000000    0.28157704  0.00000000   -0.01079781  0.00000000
 -0.01079781  0.00000000   -0.01079781  0.00000000    0.28157704  0.00000000
    1    2
 -0.20583945 -0.06078412    0.03650261 -0.03727684   -0.03650261  0.03727684
  0.03650261 -0.03727684   -0.20583945 -0.06078412   -0.03650261  0.03727684
 -0.03650261  0.03727684   -0.03650261  0.03727684   -0.20583945 -0.06078412
    2    1
 -0.20583945  0.06078412    0.03650261  0.03727684   -0.03650261 -0.03727684
  0.03650261  0.03727684   -0.20583945  0.06078412   -0.03650261 -0.03727684
 -0.03650261 -0.03727684   -0.03650261 -0.03727684   -0.20583945  0.06078412
    2    2
  0.28157704  0.00000000    0.01079781  0.00000000   -0.01079781  0.00000000
  0.01079781  0.00000000    0.28157704  0.00000000   -0.01079781  0.00000000
 -0.01079781  0.00000000   -0.01079781  0.00000000    0.28157704  0.00000000

     Dynamical  Matrix in cartesian axes

     q = (   -0.250000000   0.250000000   0.250000000 ) 

    1    1
  0.28157704  0.00000000   -0.01079781  0.00000000   -0.01079781  0.00000000
 -0.01079781  0.00000000    0.28157704  0.00000000    0.01079781  0.00000000
 -0.01079781  0.00000000    0.01079781  0.00000000    0.28157704  0.00000000
    1    2
 -0.20583945  0.06078412   -0.03650261 -0.03727684   -0.03650261 -0.03727684
 -0.03650261 -0.03727684   -0.20583945  0.06078412    0.03650261  0.03727684
 -0.03650261 -0.03727684    0.03650261  0.03727684   -0.20583945  0.06078412
    2    1
 -0.20583945 -0.06078412   -0.03650261  0.03727684   -0.03650261  0.03727684
 -0.03650261  0.03727684   -0.20583945 -0.06078412    0.03650261 -0.03727684
 -0.03650261  0.03727684    0.03650261 -0.03727684   -0.20583945 -0.06078412
    2    2
  0.28157704  0.00000000   -0.01079781  0.00000000   -0.01079781  0.00000000
 -0.01079781  0.00000000    0.28157704  0.00000000    0.01079781  0.00000000
 -0.01079781  0.00000000    0.01079781  0.00000000    0.28157704  0.00000000

     Dynamical  Matrix in cartesian axes

     q = (    0.250000000   0.250000000  -0.250000000 ) 

    1    1
  0.28157704  0.00000000    0.01079781  0.00000000   -0.01079781  0.00000000
  0.01079781  0.00000000    0.28157704  0.00000000   -0.01079781  0.00000000
 -0.01079781  0.00000000   -0.01079781  0.00000000    0.28157704  0.00000000
    1    2
 -0.20583945  0.06078412    0.03650261  0.03727684   -0.03650261 -0.03727684
  0.03650261  0.03727684   -0.20583945  0.06078412   -0.03650261 -0.03727684
 -0.03650261 -0.03727684   -0.03650261 -0.03727684   -0.20583945  0.06078412
    2    1
 -0.20583945 -0.06078412    0.03650261 -0.03727684   -0.03650261  0.03727684
  0.03650261 -0.03727684   -0.20583945 -0.06078412   -0.03650261  0.03727684
 -0.03650261  0.03727684   -0.03650261  0.03727684   -0.20583945 -0.06078412
    2    2
  0.28157704  0.00000000    0.01079781  0.00000000   -0.01079781  0.00000000
  0.01079781  0.00000000    0.28157704  0.00000000   -0.01079781  0.00000000
 -0.01079781  0.00000000   -0.01079781  0.00000000    0.28157704  0.00000000

     Diagonalizing the dynamical matrix

     q = (   -0.250000000   0.250000000  -0.250000000 ) 

 **************************************************************************
     freq (    1) =       3.397381 [THz] =     113.324425 [cm-1]
 ( -0.034140 -0.100462  0.474413 -0.051132  0.508553  0.049330 ) 
 ( -0.043680 -0.096696  0.467260 -0.096696  0.510940 -0.000000 ) 
     freq (    2) =       3.397381 [THz] =     113.324425 [cm-1]
 ( -0.552172  0.131078 -0.284590  0.157033  0.267582  0.025956 ) 
 ( -0.536937  0.183776 -0.268100  0.183776  0.268838  0.000000 ) 
     freq (    3) =       6.928447 [THz] =     231.108122 [cm-1]
 (  0.285968  0.291357 -0.285968 -0.291357  0.285968  0.291357 ) 
 (  0.408248  0.000000 -0.408248  0.000000  0.408248  0.000000 ) 
     freq (    4) =      14.434560 [THz] =     481.485098 [cm-1]
 (  0.285968  0.291357 -0.285968 -0.291357  0.285968  0.291357 ) 
 ( -0.408248  0.000000  0.408248  0.000000 -0.408248  0.000000 ) 
     freq (    5) =      14.745377 [THz] =     491.852822 [cm-1]
 ( -0.400387 -0.299065 -0.400969 -0.299121 -0.000582 -0.000056 ) 
 (  0.427390  0.259012  0.427975  0.259012  0.000585  0.000000 ) 
     freq (    6) =      14.745377 [THz] =     491.852822 [cm-1]
 ( -0.287732 -0.028174  0.286920  0.027568  0.574653  0.055742 ) 
 (  0.289108  0.000262 -0.288242  0.000262 -0.577350  0.000000 ) 
 **************************************************************************
