Dynamical matrix file
                                                                           
  1    2  2 10.3405000  0.0000000  0.0000000  0.0000000  0.0000000  0.0000000
           1  'Si  '    25598.822984527003     
    1    1      0.0000000000      0.0000000000      0.0000000000
    2    1      0.2500000000      0.2500000000      0.2500000000

     Dynamical  Matrix in cartesian axes

     q = (    0.750000000  -0.250000000   0.750000000 ) 

    1    1
  0.24408617  0.00000000   -0.00471313  0.00741181    0.00141903  0.00000000
 -0.00471313 -0.00741181    0.29992727  0.00000000   -0.00471313 -0.00741181
  0.00141903  0.00000000   -0.00471313  0.00741181    0.24408617  0.00000000
    1    2
 -0.05807201  0.06766819   -0.03624912  0.04031583   -0.04109290 -0.13074525
 -0.03624912  0.04031583   -0.05660453  0.08683367   -0.03624912  0.04031583
 -0.04109290 -0.13074525   -0.03624912  0.04031583   -0.05807201  0.06766819
    2    1
 -0.05807201 -0.06766819   -0.03624912 -0.04031583   -0.04109290  0.13074525
 -0.03624912 -0.04031583   -0.05660453 -0.08683367   -0.03624912 -0.04031583
 -0.04109290  0.13074525   -0.03624912 -0.04031583   -0.05807201 -0.06766819
    2    2
  0.24408617  0.00000000   -0.00471313 -0.00741181    0.00141903  0.00000000
 -0.00471313  0.00741181    0.29992727  0.00000000   -0.00471313  0.00741181
  0.00141903  0.00000000   -0.00471313 -0.00741181    0.24408617  0.00000000

     Dynamical  Matrix in cartesian axes

     q = (    0.750000000  -0.250000000  -0.750000000 ) 

    1    1
  0.24408617  0.00000000   -0.00471313 -0.00741181   -0.00141903  0.00000000
 -0.00471313  0.00741181    0.29992727  0.00000000    0.00471313 -0.00741181
 -0.00141903  0.00000000    0.00471313  0.00741181    0.24408617  0.00000000
    1    2
 -0.06766819  0.05807201   -0.04031583  0.03624912   -0.13074525 -0.04109290
 -0.04031583  0.03624912   -0.08683367  0.05660453    0.04031583 -0.03624912
 -0.13074525 -0.04109290    0.04031583 -0.03624912   -0.06766819  0.05807201
    2    1
 -0.06766819 -0.05807201   -0.04031583 -0.03624912   -0.13074525  0.04109290
 -0.04031583 -0.03624912   -0.08683367 -0.05660453    0.04031583  0.03624912
 -0.13074525  0.04109290    0.04031583  0.03624912   -0.06766819 -0.05807201
    2    2
  0.24408617  0.00000000   -0.00471313  0.00741181   -0.00141903  0.00000000
 -0.00471313 -0.00741181    0.29992727  0.00000000    0.00471313  0.00741181
 -0.00141903  0.00000000    0.00471313 -0.00741181    0.24408617  0.00000000

     Dynamical  Matrix in cartesian axes

     q = (   -0.750000000  -0.250000000  -0.750000000 ) 

    1    1
  0.24408617  0.00000000    0.00471313 -0.00741181    0.00141903  0.00000000
  0.00471313  0.00741181    0.29992727  0.00000000    0.00471313  0.00741181
  0.00141903  0.00000000    0.00471313 -0.00741181    0.24408617  0.00000000
    1    2
  0.06766819  0.05807201   -0.04031583 -0.03624912   -0.13074525  0.04109290
 -0.04031583 -0.03624912    0.08683367  0.05660453   -0.04031583 -0.03624912
 -0.13074525  0.04109290   -0.04031583 -0.03624912    0.06766819  0.05807201
    2    1
  0.06766819 -0.05807201   -0.04031583  0.03624912   -0.13074525 -0.04109290
 -0.04031583  0.03624912    0.08683367 -0.05660453   -0.04031583  0.03624912
 -0.13074525 -0.04109290   -0.04031583  0.03624912    0.06766819 -0.05807201
    2    2
  0.24408617  0.00000000    0.00471313  0.00741181    0.00141903  0.00000000
  0.00471313 -0.00741181    0.29992727  0.00000000    0.00471313 -0.00741181
  0.00141903  0.00000000    0.00471313  0.00741181    0.24408617  0.00000000

     Dynamical  Matrix in cartesian axes

     q = (   -0.750000000  -0.250000000   0.750000000 ) 

    1    1
  0.24408617  0.00000000    0.00471313  0.00741181   -0.00141903  0.00000000
  0.00471313 -0.00741181    0.29992727  0.00000000   -0.00471313  0.00741181
 -0.00141903  0.00000000   -0.00471313 -0.00741181    0.24408617  0.00000000
    1    2
 -0.06766819  0.05807201    0.04031583 -0.03624912   -0.13074525 -0.04109290
  0.04031583 -0.03624912   -0.08683367  0.05660453   -0.04031583  0.03624912
 -0.13074525 -0.04109290   -0.04031583  0.03624912   -0.06766819  0.05807201
    2    1
 -0.06766819 -0.05807201    0.04031583  0.03624912   -0.13074525  0.04109290
  0.04031583  0.03624912   -0.08683367 -0.05660453   -0.04031583 -0.03624912
 -0.13074525  0.04109290   -0.04031583 -0.03624912   -0.06766819 -0.05807201
    2    2
  0.24408617  0.00000000    0.00471313 -0.00741181   -0.00141903  0.00000000
  0.00471313  0.00741181    0.29992727  0.00000000   -0.00471313 -0.00741181
 -0.00141903  0.00000000   -0.00471313  0.00741181    0.24408617  0.00000000

     Dynamical  Matrix in cartesian axes

     q = (   -0.750000000   0.250000000  -0.750000000 ) 

    1    1
  0.24408617  0.00000000   -0.00471313 -0.00741181    0.00141903  0.00000000
 -0.00471313  0.00741181    0.29992727  0.00000000   -0.00471313  0.00741181
  0.00141903  0.00000000   -0.00471313 -0.00741181    0.24408617  0.00000000
    1    2
 -0.05807201 -0.06766819   -0.03624912 -0.04031583   -0.04109290  0.13074525
 -0.03624912 -0.04031583   -0.05660453 -0.08683367   -0.03624912 -0.04031583
 -0.04109290  0.13074525   -0.03624912 -0.04031583   -0.05807201 -0.06766819
    2    1
 -0.05807201  0.06766819   -0.03624912  0.04031583   -0.04109290 -0.13074525
 -0.03624912  0.04031583   -0.05660453  0.08683367   -0.03624912  0.04031583
 -0.04109290 -0.13074525   -0.03624912  0.04031583   -0.05807201  0.06766819
    2    2
  0.24408617  0.00000000   -0.00471313  0.00741181    0.00141903  0.00000000
 -0.00471313 -0.00741181    0.29992727  0.00000000   -0.00471313 -0.00741181
  0.00141903  0.00000000   -0.00471313  0.00741181    0.24408617  0.00000000

     Dynamical  Matrix in cartesian axes

     q = (   -0.250000000   0.750000000  -0.750000000 ) 

    1    1
  0.29992727  0.00000000   -0.00471313  0.00741181    0.00471313 -0.00741181
 -0.00471313 -0.00741181    0.24408617  0.00000000   -0.00141903  0.00000000
  0.00471313  0.00741181   -0.00141903  0.00000000    0.24408617  0.00000000
    1    2
 -0.08683367  0.05660453   -0.04031583  0.03624912    0.04031583 -0.03624912
 -0.04031583  0.03624912   -0.06766819  0.05807201   -0.13074525 -0.04109290
  0.04031583 -0.03624912   -0.13074525 -0.04109290   -0.06766819  0.05807201
    2    1
 -0.08683367 -0.05660453   -0.04031583 -0.03624912    0.04031583  0.03624912
 -0.04031583 -0.03624912   -0.06766819 -0.05807201   -0.13074525  0.04109290
  0.04031583  0.03624912   -0.13074525  0.04109290   -0.06766819 -0.05807201
    2    2
  0.29992727  0.00000000   -0.00471313 -0.00741181    0.00471313  0.00741181
 -0.00471313  0.00741181    0.24408617  0.00000000   -0.00141903  0.00000000
  0.00471313 -0.00741181   -0.00141903  0.00000000    0.24408617  0.00000000

     Dynamical  Matrix in cartesian axes

     q = (   -0.750000000   0.750000000  -0.250000000 ) 

    1    1
  0.24408617  0.00000000   -0.00141903  0.00000000    0.00471313  0.00741181
 -0.00141903  0.00000000    0.24408617  0.00000000   -0.00471313 -0.00741181
  0.00471313 -0.00741181   -0.00471313  0.00741181    0.29992727  0.00000000
    1    2
 -0.06766819  0.05807201   -0.13074525 -0.04109290    0.04031583 -0.03624912
 -0.13074525 -0.04109290   -0.06766819  0.05807201   -0.04031583  0.03624912
  0.04031583 -0.03624912   -0.04031583  0.03624912   -0.08683367  0.05660453
    2    1
 -0.06766819 -0.05807201   -0.13074525  0.04109290    0.04031583  0.03624912
 -0.13074525  0.04109290   -0.06766819 -0.05807201   -0.04031583 -0.03624912
  0.04031583  0.03624912   -0.04031583 -0.03624912   -0.08683367 -0.05660453
    2    2
  0.24408617  0.00000000   -0.00141903  0.00000000    0.00471313 -0.00741181
 -0.00141903  0.00000000    0.24408617  0.00000000   -0.00471313  0.00741181
  0.00471313  0.00741181   -0.00471313 -0.00741181    0.29992727  0.00000000

     Dynamical  Matrix in cartesian axes

     q = (    0.750000000   0.250000000   0.750000000 ) 

    1    1
  0.24408617  0.00000000    0.00471313  0.00741181    0.00141903  0.00000000
  0.00471313 -0.00741181    0.29992727  0.00000000    0.00471313 -0.00741181
  0.00141903  0.00000000    0.00471313  0.00741181    0.24408617  0.00000000
    1    2
  0.06766819 -0.05807201   -0.04031583  0.03624912   -0.13074525 -0.04109290
 -0.04031583  0.03624912    0.08683367 -0.05660453   -0.04031583  0.03624912
 -0.13074525 -0.04109290   -0.04031583  0.03624912    0.06766819 -0.05807201
    2    1
  0.06766819  0.05807201   -0.04031583 -0.03624912   -0.13074525  0.04109290
 -0.04031583 -0.03624912    0.08683367  0.05660453   -0.04031583 -0.03624912
 -0.13074525  0.04109290   -0.04031583 -0.03624912    0.06766819  0.05807201
    2    2
  0.24408617  0.00000000    0.00471313 -0.00741181    0.00141903  0.00000000
  0.00471313  0.00741181    0.29992727  0.00000000    0.00471313  0.00741181
  0.00141903  0.00000000    0.00471313 -0.00741181    0.24408617  0.00000000

     Dynamical  Matrix in cartesian axes

     q = (   -0.750000000   0.250000000   0.750000000 ) 

    1    1
  0.24408617  0.00000000   -0.00471313  0.00741181   -0.00141903  0.00000000
 -0.00471313 -0.00741181    0.29992727  0.00000000    0.00471313  0.00741181
 -0.00141903  0.00000000    0.00471313 -0.00741181    0.24408617  0.00000000
    1    2
 -0.06766819 -0.05807201   -0.04031583 -0.03624912   -0.13074525  0.04109290
 -0.04031583 -0.03624912   -0.08683367 -0.05660453    0.04031583  0.03624912
 -0.13074525  0.04109290    0.04031583  0.03624912   -0.06766819 -0.05807201
    2    1
 -0.06766819  0.05807201   -0.04031583  0.03624912   -0.13074525 -0.04109290
 -0.04031583  0.03624912   -0.08683367  0.05660453    0.04031583 -0.03624912
 -0.13074525 -0.04109290    0.04031583 -0.03624912   -0.06766819  0.05807201
    2    2
  0.24408617  0.00000000   -0.00471313 -0.00741181   -0.00141903  0.00000000
 -0.00471313  0.00741181    0.29992727  0.00000000    0.00471313 -0.00741181
 -0.00141903  0.00000000    0.00471313  0.00741181    0.24408617  0.00000000

     Dynamical  Matrix in cartesian axes

     q = (    0.750000000   0.250000000  -0.750000000 ) 

    1    1
  0.24408617  0.00000000    0.00471313 -0.00741181   -0.00141903  0.00000000
  0.00471313  0.00741181    0.29992727  0.00000000   -0.00471313 -0.00741181
 -0.00141903  0.00000000   -0.00471313  0.00741181    0.24408617  0.00000000
    1    2
 -0.06766819 -0.05807201    0.04031583  0.03624912   -0.13074525  0.04109290
  0.04031583  0.03624912   -0.08683367 -0.05660453   -0.04031583 -0.03624912
 -0.13074525  0.04109290   -0.04031583 -0.03624912   -0.06766819 -0.05807201
    2    1
 -0.06766819  0.05807201    0.04031583 -0.03624912   -0.13074525 -0.04109290
  0.04031583 -0.03624912   -0.08683367  0.05660453   -0.04031583  0.03624912
 -0.13074525 -0.04109290   -0.04031583  0.03624912   -0.06766819  0.05807201
    2    2
  0.24408617  0.00000000    0.00471313  0.00741181   -0.00141903  0.00000000
  0.00471313 -0.00741181    0.29992727  0.00000000   -0.00471313  0.00741181
 -0.00141903  0.00000000   -0.00471313 -0.00741181    0.24408617  0.00000000

     Dynamical  Matrix in cartesian axes

     q = (   -0.750000000   0.750000000   0.250000000 ) 

    1    1
  0.24408617  0.00000000   -0.00141903  0.00000000   -0.00471313  0.00741181
 -0.00141903  0.00000000    0.24408617  0.00000000    0.00471313 -0.00741181
 -0.00471313 -0.00741181    0.00471313  0.00741181    0.29992727  0.00000000
    1    2
 -0.06766819 -0.05807201   -0.13074525  0.04109290   -0.04031583 -0.03624912
 -0.13074525  0.04109290   -0.06766819 -0.05807201    0.04031583  0.03624912
 -0.04031583 -0.03624912    0.04031583  0.03624912   -0.08683367 -0.05660453
    2    1
 -0.06766819  0.05807201   -0.13074525 -0.04109290   -0.04031583  0.03624912
 -0.13074525 -0.04109290   -0.06766819  0.05807201    0.04031583 -0.03624912
 -0.04031583  0.03624912    0.04031583 -0.03624912   -0.08683367  0.05660453
    2    2
  0.24408617  0.00000000   -0.00141903  0.00000000   -0.00471313 -0.00741181
 -0.00141903  0.00000000    0.24408617  0.00000000    0.00471313  0.00741181
 -0.00471313  0.00741181    0.00471313 -0.00741181    0.29992727  0.00000000

     Dynamical  Matrix in cartesian axes

     q = (   -0.250000000   0.750000000   0.750000000 ) 

    1    1
  0.29992727  0.00000000   -0.00471313 -0.00741181   -0.00471313 -0.00741181
 -0.00471313  0.00741181    0.24408617  0.00000000    0.00141903  0.00000000
 -0.00471313  0.00741181    0.00141903  0.00000000    0.24408617  0.00000000
    1    2
 -0.05660453  0.08683367   -0.03624912  0.04031583   -0.03624912  0.04031583
 -0.03624912  0.04031583   -0.05807201  0.06766819   -0.04109290 -0.13074525
 -0.03624912  0.04031583   -0.04109290 -0.13074525   -0.05807201  0.06766819
    2    1
 -0.05660453 -0.08683367   -0.03624912 -0.04031583   -0.03624912 -0.04031583
 -0.03624912 -0.04031583   -0.05807201 -0.06766819   -0.04109290  0.13074525
 -0.03624912 -0.04031583   -0.04109290  0.13074525   -0.05807201 -0.06766819
    2    2
  0.29992727  0.00000000   -0.00471313  0.00741181   -0.00471313  0.00741181
 -0.00471313 -0.00741181    0.24408617  0.00000000    0.00141903  0.00000000
 -0.00471313 -0.00741181    0.00141903  0.00000000    0.24408617  0.00000000

     Dynamical  Matrix in cartesian axes

     q = (    0.250000000   0.750000000  -0.750000000 ) 

    1    1
  0.29992727  0.00000000    0.00471313  0.00741181   -0.00471313 -0.00741181
  0.00471313 -0.00741181    0.24408617  0.00000000   -0.00141903  0.00000000
 -0.00471313  0.00741181   -0.00141903  0.00000000    0.24408617  0.00000000
    1    2
 -0.08683367 -0.05660453    0.04031583  0.03624912   -0.04031583 -0.03624912
  0.04031583  0.03624912   -0.06766819 -0.05807201   -0.13074525  0.04109290
 -0.04031583 -0.03624912   -0.13074525  0.04109290   -0.06766819 -0.05807201
    2    1
 -0.08683367  0.05660453    0.04031583 -0.03624912   -0.04031583  0.03624912
  0.04031583 -0.03624912   -0.06766819  0.05807201   -0.13074525 -0.04109290
 -0.04031583  0.03624912   -0.13074525 -0.04109290   -0.06766819  0.05807201
    2    2
  0.29992727  0.00000000    0.00471313 -0.00741181   -0.00471313  0.00741181
  0.00471313  0.00741181    0.24408617  0.00000000   -0.00141903  0.00000000
 -0.00471313 -0.00741181   -0.00141903  0.00000000    0.24408617  0.00000000

     Dynamical  Matrix in cartesian axes

     q = (   -0.250000000  -0.750000000  -0.750000000 ) 

    1    1
  0.29992727  0.00000000    0.00471313  0.00741181    0.00471313  0.00741181
  0.00471313 -0.00741181    0.24408617  0.00000000    0.00141903  0.00000000
  0.00471313 -0.00741181    0.00141903  0.00000000    0.24408617  0.00000000
    1    2
  0.08683367  0.05660453   -0.04031583 -0.03624912   -0.04031583 -0.03624912
 -0.04031583 -0.03624912    0.06766819  0.05807201   -0.13074525  0.04109290
 -0.04031583 -0.03624912   -0.13074525  0.04109290    0.06766819  0.05807201
    2    1
  0.08683367 -0.05660453   -0.04031583  0.03624912   -0.04031583  0.03624912
 -0.04031583  0.03624912    0.06766819 -0.05807201   -0.13074525 -0.04109290
 -0.04031583  0.03624912   -0.13074525 -0.04109290    0.06766819 -0.05807201
    2    2
  0.29992727  0.00000000    0.00471313 -0.00741181    0.00471313 -0.00741181
  0.00471313  0.00741181    0.24408617  0.00000000    0.00141903  0.00000000
  0.00471313  0.00741181    0.00141903  0.00000000    0.24408617  0.00000000

     Dynamical  Matrix in cartesian axes

     q = (    0.750000000   0.750000000  -0.250000000 ) 

    1    1
  0.24408617  0.00000000    0.00141903  0.00000000   -0.00471313  0.00741181
  0.00141903  0.00000000    0.24408617  0.00000000   -0.00471313  0.00741181
 -0.00471313 -0.00741181   -0.00471313 -0.00741181    0.29992727  0.00000000
    1    2
 -0.05807201  0.06766819   -0.04109290 -0.13074525   -0.03624912  0.04031583
 -0.04109290 -0.13074525   -0.05807201  0.06766819   -0.03624912  0.04031583
 -0.03624912  0.04031583   -0.03624912  0.04031583   -0.05660453  0.08683367
    2    1
 -0.05807201 -0.06766819   -0.04109290  0.13074525   -0.03624912 -0.04031583
 -0.04109290  0.13074525   -0.05807201 -0.06766819   -0.03624912 -0.04031583
 -0.03624912 -0.04031583   -0.03624912 -0.04031583   -0.05660453 -0.08683367
    2    2
  0.24408617  0.00000000    0.00141903  0.00000000   -0.00471313 -0.00741181
  0.00141903  0.00000000    0.24408617  0.00000000   -0.00471313 -0.00741181
 -0.00471313  0.00741181   -0.00471313  0.00741181    0.29992727  0.00000000

     Dynamical  Matrix in cartesian axes

     q = (    0.750000000  -0.750000000   0.250000000 ) 

    1    1
  0.24408617  0.00000000   -0.00141903  0.00000000    0.00471313 -0.00741181
 -0.00141903  0.00000000    0.24408617  0.00000000   -0.00471313  0.00741181
  0.00471313  0.00741181   -0.00471313 -0.00741181    0.29992727  0.00000000
    1    2
 -0.06766819 -0.05807201   -0.13074525  0.04109290    0.04031583  0.03624912
 -0.13074525  0.04109290   -0.06766819 -0.05807201   -0.04031583 -0.03624912
  0.04031583  0.03624912   -0.04031583 -0.03624912   -0.08683367 -0.05660453
    2    1
 -0.06766819  0.05807201   -0.13074525 -0.04109290    0.04031583 -0.03624912
 -0.13074525 -0.04109290   -0.06766819  0.05807201   -0.04031583  0.03624912
  0.04031583 -0.03624912   -0.04031583  0.03624912   -0.08683367  0.05660453
    2    2
  0.24408617  0.00000000   -0.00141903  0.00000000    0.00471313  0.00741181
 -0.00141903  0.00000000    0.24408617  0.00000000   -0.00471313 -0.00741181
  0.00471313 -0.00741181   -0.00471313  0.00741181    0.29992727  0.00000000

     Dynamical  Matrix in cartesian axes

     q = (   -0.750000000  -0.750000000  -0.250000000 ) 

    1    1
  0.24408617  0.00000000    0.00141903  0.00000000    0.00471313 -0.00741181
  0.00141903  0.00000000    0.24408617  0.00000000    0.00471313 -0.00741181
  0.00471313  0.00741181    0.00471313  0.00741181    0.29992727  0.00000000
    1    2
  0.06766819  0.05807201   -0.13074525  0.04109290   -0.04031583 -0.03624912
 -0.13074525  0.04109290    0.06766819  0.05807201   -0.04031583 -0.03624912
 -0.04031583 -0.03624912   -0.04031583 -0.03624912    0.08683367  0.05660453
    2    1
  0.06766819 -0.05807201   -0.13074525 -0.04109290   -0.04031583  0.03624912
 -0.13074525 -0.04109290    0.06766819 -0.05807201   -0.04031583  0.03624912
 -0.04031583  0.03624912   -0.04031583  0.03624912    0.08683367 -0.05660453
    2    2
  0.24408617  0.00000000    0.00141903  0.00000000    0.00471313  0.00741181
  0.00141903  0.00000000    0.24408617  0.00000000    0.00471313  0.00741181
  0.00471313 -0.00741181    0.00471313 -0.00741181    0.29992727  0.00000000

     Dynamical  Matrix in cartesian axes

     q = (    0.250000000  -0.750000000   0.750000000 ) 

    1    1
  0.29992727  0.00000000   -0.00471313 -0.00741181    0.00471313  0.00741181
 -0.00471313  0.00741181    0.24408617  0.00000000   -0.00141903  0.00000000
  0.00471313 -0.00741181   -0.00141903  0.00000000    0.24408617  0.00000000
    1    2
 -0.08683367 -0.05660453   -0.04031583 -0.03624912    0.04031583  0.03624912
 -0.04031583 -0.03624912   -0.06766819 -0.05807201   -0.13074525  0.04109290
  0.04031583  0.03624912   -0.13074525  0.04109290   -0.06766819 -0.05807201
    2    1
 -0.08683367  0.05660453   -0.04031583  0.03624912    0.04031583 -0.03624912
 -0.04031583  0.03624912   -0.06766819  0.05807201   -0.13074525 -0.04109290
  0.04031583 -0.03624912   -0.13074525 -0.04109290   -0.06766819  0.05807201
    2    2
  0.29992727  0.00000000   -0.00471313  0.00741181    0.00471313 -0.00741181
 -0.00471313 -0.00741181    0.24408617  0.00000000   -0.00141903  0.00000000
  0.00471313  0.00741181   -0.00141903  0.00000000    0.24408617  0.00000000

     Dynamical  Matrix in cartesian axes

     q = (   -0.750000000  -0.750000000   0.250000000 ) 

    1    1
  0.24408617  0.00000000    0.00141903  0.00000000   -0.00471313 -0.00741181
  0.00141903  0.00000000    0.24408617  0.00000000   -0.00471313 -0.00741181
 -0.00471313  0.00741181   -0.00471313  0.00741181    0.29992727  0.00000000
    1    2
 -0.05807201 -0.06766819   -0.04109290  0.13074525   -0.03624912 -0.04031583
 -0.04109290  0.13074525   -0.05807201 -0.06766819   -0.03624912 -0.04031583
 -0.03624912 -0.04031583   -0.03624912 -0.04031583   -0.05660453 -0.08683367
    2    1
 -0.05807201  0.06766819   -0.04109290 -0.13074525   -0.03624912  0.04031583
 -0.04109290 -0.13074525   -0.05807201  0.06766819   -0.03624912  0.04031583
 -0.03624912  0.04031583   -0.03624912  0.04031583   -0.05660453  0.08683367
    2    2
  0.24408617  0.00000000    0.00141903  0.00000000   -0.00471313  0.00741181
  0.00141903  0.00000000    0.24408617  0.00000000   -0.00471313  0.00741181
 -0.00471313 -0.00741181   -0.00471313 -0.00741181    0.29992727  0.00000000

     Dynamical  Matrix in cartesian axes

     q = (    0.250000000   0.750000000   0.750000000 ) 

    1    1
  0.29992727  0.00000000    0.00471313 -0.00741181    0.00471313 -0.00741181
  0.00471313  0.00741181    0.24408617  0.00000000    0.00141903  0.00000000
  0.00471313  0.00741181    0.00141903  0.00000000    0.24408617  0.00000000
    1    2
  0.08683367 -0.05660453   -0.04031583  0.03624912   -0.04031583  0.03624912
 -0.04031583  0.03624912    0.06766819 -0.05807201   -0.13074525 -0.04109290
 -0.04031583  0.03624912   -0.13074525 -0.04109290    0.06766819 -0.05807201
    2    1
  0.08683367  0.05660453   -0.04031583 -0.03624912   -0.04031583 -0.03624912
 -0.04031583 -0.03624912    0.06766819  0.05807201   -0.13074525  0.04109290
 -0.04031583 -0.03624912   -0.13074525  0.04109290    0.06766819  0.05807201
    2    2
  0.29992727  0.00000000    0.00471313  0.00741181    0.00471313  0.00741181
  0.00471313 -0.00741181    0.24408617  0.00000000    0.00141903  0.00000000
  0.00471313 -0.00741181    0.00141903  0.00000000    0.24408617  0.00000000

     Dynamical  Matrix in cartesian axes

     q = (   -0.250000000  -0.750000000   0.750000000 ) 

    1    1
  0.29992727  0.00000000    0.00471313 -0.00741181   -0.00471313  0.00741181
  0.00471313  0.00741181    0.24408617  0.00000000   -0.00141903  0.00000000
 -0.00471313 -0.00741181   -0.00141903  0.00000000    0.24408617  0.00000000
    1    2
 -0.08683367  0.05660453    0.04031583 -0.03624912   -0.04031583  0.03624912
  0.04031583 -0.03624912   -0.06766819  0.05807201   -0.13074525 -0.04109290
 -0.04031583  0.03624912   -0.13074525 -0.04109290   -0.06766819  0.05807201
    2    1
 -0.08683367 -0.05660453    0.04031583  0.03624912   -0.04031583 -0.03624912
  0.04031583  0.03624912   -0.06766819 -0.05807201   -0.13074525  0.04109290
 -0.04031583 -0.03624912   -0.13074525  0.04109290   -0.06766819 -0.05807201
    2    2
  0.29992727  0.00000000    0.00471313  0.00741181   -0.00471313 -0.00741181
  0.00471313 -0.00741181    0.24408617  0.00000000   -0.00141903  0.00000000
 -0.00471313  0.00741181   -0.00141903  0.00000000    0.24408617  0.00000000

     Dynamical  Matrix in cartesian axes

     q = (    0.750000000   0.750000000   0.250000000 ) 

    1    1
  0.24408617  0.00000000    0.00141903  0.00000000    0.00471313  0.00741181
  0.00141903  0.00000000    0.24408617  0.00000000    0.00471313  0.00741181
  0.00471313 -0.00741181    0.00471313 -0.00741181    0.29992727  0.00000000
    1    2
  0.06766819 -0.05807201   -0.13074525 -0.04109290   -0.04031583  0.03624912
 -0.13074525 -0.04109290    0.06766819 -0.05807201   -0.04031583  0.03624912
 -0.04031583  0.03624912   -0.04031583  0.03624912    0.08683367 -0.05660453
    2    1
  0.06766819  0.05807201   -0.13074525  0.04109290   -0.04031583 -0.03624912
 -0.13074525  0.04109290    0.06766819  0.05807201   -0.04031583 -0.03624912
 -0.04031583 -0.03624912   -0.04031583 -0.03624912    0.08683367  0.05660453
    2    2
  0.24408617  0.00000000    0.00141903  0.00000000    0.00471313 -0.00741181
  0.00141903  0.00000000    0.24408617  0.00000000    0.00471313 -0.00741181
  0.00471313  0.00741181    0.00471313  0.00741181    0.29992727  0.00000000

     Dynamical  Matrix in cartesian axes

     q = (    0.250000000  -0.750000000  -0.750000000 ) 

    1    1
  0.29992727  0.00000000   -0.00471313  0.00741181   -0.00471313  0.00741181
 -0.00471313 -0.00741181    0.24408617  0.00000000    0.00141903  0.00000000
 -0.00471313 -0.00741181    0.00141903  0.00000000    0.24408617  0.00000000
    1    2
 -0.05660453 -0.08683367   -0.03624912 -0.04031583   -0.03624912 -0.04031583
 -0.03624912 -0.04031583   -0.05807201 -0.06766819   -0.04109290  0.13074525
 -0.03624912 -0.04031583   -0.04109290  0.13074525   -0.05807201 -0.06766819
    2    1
 -0.05660453  0.08683367   -0.03624912  0.04031583   -0.03624912  0.04031583
 -0.03624912  0.04031583   -0.05807201  0.06766819   -0.04109290 -0.13074525
 -0.03624912  0.04031583   -0.04109290 -0.13074525   -0.05807201  0.06766819
    2    2
  0.29992727  0.00000000   -0.00471313 -0.00741181   -0.00471313 -0.00741181
 -0.00471313  0.00741181    0.24408617  0.00000000    0.00141903  0.00000000
 -0.00471313  0.00741181    0.00141903  0.00000000    0.24408617  0.00000000

     Dynamical  Matrix in cartesian axes

     q = (    0.750000000  -0.750000000  -0.250000000 ) 

    1    1
  0.24408617  0.00000000   -0.00141903  0.00000000   -0.00471313 -0.00741181
 -0.00141903  0.00000000    0.24408617  0.00000000    0.00471313  0.00741181
 -0.00471313  0.00741181    0.00471313 -0.00741181    0.29992727  0.00000000
    1    2
 -0.06766819  0.05807201   -0.13074525 -0.04109290   -0.04031583  0.03624912
 -0.13074525 -0.04109290   -0.06766819  0.05807201    0.04031583 -0.03624912
 -0.04031583  0.03624912    0.04031583 -0.03624912   -0.08683367  0.05660453
    2    1
 -0.06766819 -0.05807201   -0.13074525  0.04109290   -0.04031583 -0.03624912
 -0.13074525  0.04109290   -0.06766819 -0.05807201    0.04031583  0.03624912
 -0.04031583 -0.03624912    0.04031583  0.03624912   -0.08683367 -0.05660453
    2    2
  0.24408617  0.00000000   -0.00141903  0.00000000   -0.00471313  0.00741181
 -0.00141903  0.00000000    0.24408617  0.00000000    0.00471313 -0.00741181
 -0.00471313 -0.00741181    0.00471313  0.00741181    0.29992727  0.00000000

     Diagonalizing the dynamical matrix

     q = (    0.750000000  -0.250000000   0.750000000 ) 

 **************************************************************************
     freq (    1) =       4.289949 [THz] =     143.097288 [cm-1]
 ( -0.042631  0.498179  0.000000 -0.000000  0.042631 -0.498179 ) 
 ( -0.500000 -0.000000  0.000000  0.000000  0.500000  0.000000 ) 
     freq (    2) =       6.130153 [THz] =     204.479906 [cm-1]
 ( -0.400099 -0.146782 -0.332391  0.162075 -0.400099 -0.146782 ) 
 ( -0.426174 -0.000000 -0.256233 -0.266640 -0.426174  0.000000 ) 
     freq (    3) =       9.362408 [THz] =     312.296309 [cm-1]
 ( -0.082325  0.294324 -0.433927 -0.353411 -0.082325  0.294324 ) 
 (  0.305621 -0.000000 -0.223461 -0.513086  0.305621  0.000000 ) 
     freq (    4) =      11.951477 [THz] =     398.658348 [cm-1]
 ( -0.160020 -0.323875  0.400552  0.280278 -0.160020 -0.323875 ) 
 (  0.361250 -0.000000 -0.428709 -0.234959  0.361250  0.000000 ) 
     freq (    5) =      13.667237 [THz] =     455.889939 [cm-1]
 ( -0.042631  0.498179 -0.000000  0.000000  0.042631 -0.498179 ) 
 (  0.500000 -0.000000  0.000000  0.000000 -0.500000  0.000000 ) 
     freq (    6) =      13.897526 [THz] =     463.571572 [cm-1]
 (  0.284826  0.115520  0.500189 -0.246718  0.284826  0.115520 ) 
 ( -0.307361  0.000000 -0.370788 -0.416623 -0.307361  0.000000 ) 
 **************************************************************************
