Dynamical matrix file
                                                                           
  1    2  2 10.3220000  0.0000000  0.0000000  0.0000000  0.0000000  0.0000000
           1  'Si  '    25598.822984527003     
    1    1      0.0000000000      0.0000000000      0.0000000000
    2    1      0.2500000000      0.2500000000      0.2500000000

     Dynamical  Matrix in cartesian axes

     q = (    0.750000000  -0.250000000   0.750000000 ) 

    1    1
  0.23506810  0.00000000   -0.00490184  0.00747161    0.00210832  0.00000000
 -0.00490184 -0.00747161    0.29089398  0.00000000   -0.00490184 -0.00747161
  0.00210832  0.00000000   -0.00490184  0.00747161    0.23506810  0.00000000
    1    2
 -0.06400151  0.05550764   -0.03703035  0.04128394   -0.04217068 -0.13392197
 -0.03703035  0.04128394   -0.06271100  0.07439888   -0.03703035  0.04128394
 -0.04217068 -0.13392197   -0.03703035  0.04128394   -0.06400151  0.05550764
    2    1
 -0.06400151 -0.05550764   -0.03703035 -0.04128394   -0.04217068  0.13392197
 -0.03703035 -0.04128394   -0.06271100 -0.07439888   -0.03703035 -0.04128394
 -0.04217068  0.13392197   -0.03703035 -0.04128394   -0.06400151 -0.05550764
    2    2
  0.23506810  0.00000000   -0.00490184 -0.00747161    0.00210832  0.00000000
 -0.00490184  0.00747161    0.29089398  0.00000000   -0.00490184  0.00747161
  0.00210832  0.00000000   -0.00490184 -0.00747161    0.23506810  0.00000000

     Dynamical  Matrix in cartesian axes

     q = (    0.750000000  -0.250000000  -0.750000000 ) 

    1    1
  0.23506810  0.00000000   -0.00490184 -0.00747161   -0.00210832  0.00000000
 -0.00490184  0.00747161    0.29089398  0.00000000    0.00490184 -0.00747161
 -0.00210832  0.00000000    0.00490184  0.00747161    0.23506810  0.00000000
    1    2
 -0.05550764  0.06400151   -0.04128394  0.03703035   -0.13392197 -0.04217068
 -0.04128394  0.03703035   -0.07439888  0.06271100    0.04128394 -0.03703035
 -0.13392197 -0.04217068    0.04128394 -0.03703035   -0.05550764  0.06400151
    2    1
 -0.05550764 -0.06400151   -0.04128394 -0.03703035   -0.13392197  0.04217068
 -0.04128394 -0.03703035   -0.07439888 -0.06271100    0.04128394  0.03703035
 -0.13392197  0.04217068    0.04128394  0.03703035   -0.05550764 -0.06400151
    2    2
  0.23506810  0.00000000   -0.00490184  0.00747161   -0.00210832  0.00000000
 -0.00490184 -0.00747161    0.29089398  0.00000000    0.00490184  0.00747161
 -0.00210832  0.00000000    0.00490184 -0.00747161    0.23506810  0.00000000

     Dynamical  Matrix in cartesian axes

     q = (   -0.750000000  -0.250000000  -0.750000000 ) 

    1    1
  0.23506810  0.00000000    0.00490184 -0.00747161    0.00210832  0.00000000
  0.00490184  0.00747161    0.29089398  0.00000000    0.00490184  0.00747161
  0.00210832  0.00000000    0.00490184 -0.00747161    0.23506810  0.00000000
    1    2
  0.05550764  0.06400151   -0.04128394 -0.03703035   -0.13392197  0.04217068
 -0.04128394 -0.03703035    0.07439888  0.06271100   -0.04128394 -0.03703035
 -0.13392197  0.04217068   -0.04128394 -0.03703035    0.05550764  0.06400151
    2    1
  0.05550764 -0.06400151   -0.04128394  0.03703035   -0.13392197 -0.04217068
 -0.04128394  0.03703035    0.07439888 -0.06271100   -0.04128394  0.03703035
 -0.13392197 -0.04217068   -0.04128394  0.03703035    0.05550764 -0.06400151
    2    2
  0.23506810  0.00000000    0.00490184  0.00747161    0.00210832  0.00000000
  0.00490184 -0.00747161    0.29089398  0.00000000    0.00490184 -0.00747161
  0.00210832  0.00000000    0.00490184  0.00747161    0.23506810  0.00000000

     Dynamical  Matrix in cartesian axes

     q = (   -0.750000000  -0.250000000   0.750000000 ) 

    1    1
  0.23506810  0.00000000    0.00490184  0.00747161   -0.00210832  0.00000000
  0.00490184 -0.00747161    0.29089398  0.00000000   -0.00490184  0.00747161
 -0.00210832  0.00000000   -0.00490184 -0.00747161    0.23506810  0.00000000
    1    2
 -0.05550764  0.06400151    0.04128394 -0.03703035   -0.13392197 -0.04217068
  0.04128394 -0.03703035   -0.07439888  0.06271100   -0.04128394  0.03703035
 -0.13392197 -0.04217068   -0.04128394  0.03703035   -0.05550764  0.06400151
    2    1
 -0.05550764 -0.06400151    0.04128394  0.03703035   -0.13392197  0.04217068
  0.04128394  0.03703035   -0.07439888 -0.06271100   -0.04128394 -0.03703035
 -0.13392197  0.04217068   -0.04128394 -0.03703035   -0.05550764 -0.06400151
    2    2
  0.23506810  0.00000000    0.00490184 -0.00747161   -0.00210832  0.00000000
  0.00490184  0.00747161    0.29089398  0.00000000   -0.00490184 -0.00747161
 -0.00210832  0.00000000   -0.00490184  0.00747161    0.23506810  0.00000000

     Dynamical  Matrix in cartesian axes

     q = (   -0.750000000   0.250000000  -0.750000000 ) 

    1    1
  0.23506810  0.00000000   -0.00490184 -0.00747161    0.00210832  0.00000000
 -0.00490184  0.00747161    0.29089398  0.00000000   -0.00490184  0.00747161
  0.00210832  0.00000000   -0.00490184 -0.00747161    0.23506810  0.00000000
    1    2
 -0.06400151 -0.05550764   -0.03703035 -0.04128394   -0.04217068  0.13392197
 -0.03703035 -0.04128394   -0.06271100 -0.07439888   -0.03703035 -0.04128394
 -0.04217068  0.13392197   -0.03703035 -0.04128394   -0.06400151 -0.05550764
    2    1
 -0.06400151  0.05550764   -0.03703035  0.04128394   -0.04217068 -0.13392197
 -0.03703035  0.04128394   -0.06271100  0.07439888   -0.03703035  0.04128394
 -0.04217068 -0.13392197   -0.03703035  0.04128394   -0.06400151  0.05550764
    2    2
  0.23506810  0.00000000   -0.00490184  0.00747161    0.00210832  0.00000000
 -0.00490184 -0.00747161    0.29089398  0.00000000   -0.00490184 -0.00747161
  0.00210832  0.00000000   -0.00490184  0.00747161    0.23506810  0.00000000

     Dynamical  Matrix in cartesian axes

     q = (   -0.250000000   0.750000000  -0.750000000 ) 

    1    1
  0.29089398  0.00000000   -0.00490184  0.00747161    0.00490184 -0.00747161
 -0.00490184 -0.00747161    0.23506810  0.00000000   -0.00210832  0.00000000
  0.00490184  0.00747161   -0.00210832  0.00000000    0.23506810  0.00000000
    1    2
 -0.07439888  0.06271100   -0.04128394  0.03703035    0.04128394 -0.03703035
 -0.04128394  0.03703035   -0.05550764  0.06400151   -0.13392197 -0.04217068
  0.04128394 -0.03703035   -0.13392197 -0.04217068   -0.05550764  0.06400151
    2    1
 -0.07439888 -0.06271100   -0.04128394 -0.03703035    0.04128394  0.03703035
 -0.04128394 -0.03703035   -0.05550764 -0.06400151   -0.13392197  0.04217068
  0.04128394  0.03703035   -0.13392197  0.04217068   -0.05550764 -0.06400151
    2    2
  0.29089398  0.00000000   -0.00490184 -0.00747161    0.00490184  0.00747161
 -0.00490184  0.00747161    0.23506810  0.00000000   -0.00210832  0.00000000
  0.00490184 -0.00747161   -0.00210832  0.00000000    0.23506810  0.00000000

     Dynamical  Matrix in cartesian axes

     q = (   -0.750000000   0.750000000  -0.250000000 ) 

    1    1
  0.23506810  0.00000000   -0.00210832  0.00000000    0.00490184  0.00747161
 -0.00210832  0.00000000    0.23506810  0.00000000   -0.00490184 -0.00747161
  0.00490184 -0.00747161   -0.00490184  0.00747161    0.29089398  0.00000000
    1    2
 -0.05550764  0.06400151   -0.13392197 -0.04217068    0.04128394 -0.03703035
 -0.13392197 -0.04217068   -0.05550764  0.06400151   -0.04128394  0.03703035
  0.04128394 -0.03703035   -0.04128394  0.03703035   -0.07439888  0.06271100
    2    1
 -0.05550764 -0.06400151   -0.13392197  0.04217068    0.04128394  0.03703035
 -0.13392197  0.04217068   -0.05550764 -0.06400151   -0.04128394 -0.03703035
  0.04128394  0.03703035   -0.04128394 -0.03703035   -0.07439888 -0.06271100
    2    2
  0.23506810  0.00000000   -0.00210832  0.00000000    0.00490184 -0.00747161
 -0.00210832  0.00000000    0.23506810  0.00000000   -0.00490184  0.00747161
  0.00490184  0.00747161   -0.00490184 -0.00747161    0.29089398  0.00000000

     Dynamical  Matrix in cartesian axes

     q = (    0.750000000   0.250000000   0.750000000 ) 

    1    1
  0.23506810  0.00000000    0.00490184  0.00747161    0.00210832  0.00000000
  0.00490184 -0.00747161    0.29089398  0.00000000    0.00490184 -0.00747161
  0.00210832  0.00000000    0.00490184  0.00747161    0.23506810  0.00000000
    1    2
  0.05550764 -0.06400151   -0.04128394  0.03703035   -0.13392197 -0.04217068
 -0.04128394  0.03703035    0.07439888 -0.06271100   -0.04128394  0.03703035
 -0.13392197 -0.04217068   -0.04128394  0.03703035    0.05550764 -0.06400151
    2    1
  0.05550764  0.06400151   -0.04128394 -0.03703035   -0.13392197  0.04217068
 -0.04128394 -0.03703035    0.07439888  0.06271100   -0.04128394 -0.03703035
 -0.13392197  0.04217068   -0.04128394 -0.03703035    0.05550764  0.06400151
    2    2
  0.23506810  0.00000000    0.00490184 -0.00747161    0.00210832  0.00000000
  0.00490184  0.00747161    0.29089398  0.00000000    0.00490184  0.00747161
  0.00210832  0.00000000    0.00490184 -0.00747161    0.23506810  0.00000000

     Dynamical  Matrix in cartesian axes

     q = (   -0.750000000   0.250000000   0.750000000 ) 

    1    1
  0.23506810  0.00000000   -0.00490184  0.00747161   -0.00210832  0.00000000
 -0.00490184 -0.00747161    0.29089398  0.00000000    0.00490184  0.00747161
 -0.00210832  0.00000000    0.00490184 -0.00747161    0.23506810  0.00000000
    1    2
 -0.05550764 -0.06400151   -0.04128394 -0.03703035   -0.13392197  0.04217068
 -0.04128394 -0.03703035   -0.07439888 -0.06271100    0.04128394  0.03703035
 -0.13392197  0.04217068    0.04128394  0.03703035   -0.05550764 -0.06400151
    2    1
 -0.05550764  0.06400151   -0.04128394  0.03703035   -0.13392197 -0.04217068
 -0.04128394  0.03703035   -0.07439888  0.06271100    0.04128394 -0.03703035
 -0.13392197 -0.04217068    0.04128394 -0.03703035   -0.05550764  0.06400151
    2    2
  0.23506810  0.00000000   -0.00490184 -0.00747161   -0.00210832  0.00000000
 -0.00490184  0.00747161    0.29089398  0.00000000    0.00490184 -0.00747161
 -0.00210832  0.00000000    0.00490184  0.00747161    0.23506810  0.00000000

     Dynamical  Matrix in cartesian axes

     q = (    0.750000000   0.250000000  -0.750000000 ) 

    1    1
  0.23506810  0.00000000    0.00490184 -0.00747161   -0.00210832  0.00000000
  0.00490184  0.00747161    0.29089398  0.00000000   -0.00490184 -0.00747161
 -0.00210832  0.00000000   -0.00490184  0.00747161    0.23506810  0.00000000
    1    2
 -0.05550764 -0.06400151    0.04128394  0.03703035   -0.13392197  0.04217068
  0.04128394  0.03703035   -0.07439888 -0.06271100   -0.04128394 -0.03703035
 -0.13392197  0.04217068   -0.04128394 -0.03703035   -0.05550764 -0.06400151
    2    1
 -0.05550764  0.06400151    0.04128394 -0.03703035   -0.13392197 -0.04217068
  0.04128394 -0.03703035   -0.07439888  0.06271100   -0.04128394  0.03703035
 -0.13392197 -0.04217068   -0.04128394  0.03703035   -0.05550764  0.06400151
    2    2
  0.23506810  0.00000000    0.00490184  0.00747161   -0.00210832  0.00000000
  0.00490184 -0.00747161    0.29089398  0.00000000   -0.00490184  0.00747161
 -0.00210832  0.00000000   -0.00490184 -0.00747161    0.23506810  0.00000000

     Dynamical  Matrix in cartesian axes

     q = (   -0.750000000   0.750000000   0.250000000 ) 

    1    1
  0.23506810  0.00000000   -0.00210832  0.00000000   -0.00490184  0.00747161
 -0.00210832  0.00000000    0.23506810  0.00000000    0.00490184 -0.00747161
 -0.00490184 -0.00747161    0.00490184  0.00747161    0.29089398  0.00000000
    1    2
 -0.05550764 -0.06400151   -0.13392197  0.04217068   -0.04128394 -0.03703035
 -0.13392197  0.04217068   -0.05550764 -0.06400151    0.04128394  0.03703035
 -0.04128394 -0.03703035    0.04128394  0.03703035   -0.07439888 -0.06271100
    2    1
 -0.05550764  0.06400151   -0.13392197 -0.04217068   -0.04128394  0.03703035
 -0.13392197 -0.04217068   -0.05550764  0.06400151    0.04128394 -0.03703035
 -0.04128394  0.03703035    0.04128394 -0.03703035   -0.07439888  0.06271100
    2    2
  0.23506810  0.00000000   -0.00210832  0.00000000   -0.00490184 -0.00747161
 -0.00210832  0.00000000    0.23506810  0.00000000    0.00490184  0.00747161
 -0.00490184  0.00747161    0.00490184 -0.00747161    0.29089398  0.00000000

     Dynamical  Matrix in cartesian axes

     q = (   -0.250000000   0.750000000   0.750000000 ) 

    1    1
  0.29089398  0.00000000   -0.00490184 -0.00747161   -0.00490184 -0.00747161
 -0.00490184  0.00747161    0.23506810  0.00000000    0.00210832  0.00000000
 -0.00490184  0.00747161    0.00210832  0.00000000    0.23506810  0.00000000
    1    2
 -0.06271100  0.07439888   -0.03703035  0.04128394   -0.03703035  0.04128394
 -0.03703035  0.04128394   -0.06400151  0.05550764   -0.04217068 -0.13392197
 -0.03703035  0.04128394   -0.04217068 -0.13392197   -0.06400151  0.05550764
    2    1
 -0.06271100 -0.07439888   -0.03703035 -0.04128394   -0.03703035 -0.04128394
 -0.03703035 -0.04128394   -0.06400151 -0.05550764   -0.04217068  0.13392197
 -0.03703035 -0.04128394   -0.04217068  0.13392197   -0.06400151 -0.05550764
    2    2
  0.29089398  0.00000000   -0.00490184  0.00747161   -0.00490184  0.00747161
 -0.00490184 -0.00747161    0.23506810  0.00000000    0.00210832  0.00000000
 -0.00490184 -0.00747161    0.00210832  0.00000000    0.23506810  0.00000000

     Dynamical  Matrix in cartesian axes

     q = (    0.250000000   0.750000000  -0.750000000 ) 

    1    1
  0.29089398  0.00000000    0.00490184  0.00747161   -0.00490184 -0.00747161
  0.00490184 -0.00747161    0.23506810  0.00000000   -0.00210832  0.00000000
 -0.00490184  0.00747161   -0.00210832  0.00000000    0.23506810  0.00000000
    1    2
 -0.07439888 -0.06271100    0.04128394  0.03703035   -0.04128394 -0.03703035
  0.04128394  0.03703035   -0.05550764 -0.06400151   -0.13392197  0.04217068
 -0.04128394 -0.03703035   -0.13392197  0.04217068   -0.05550764 -0.06400151
    2    1
 -0.07439888  0.06271100    0.04128394 -0.03703035   -0.04128394  0.03703035
  0.04128394 -0.03703035   -0.05550764  0.06400151   -0.13392197 -0.04217068
 -0.04128394  0.03703035   -0.13392197 -0.04217068   -0.05550764  0.06400151
    2    2
  0.29089398  0.00000000    0.00490184 -0.00747161   -0.00490184  0.00747161
  0.00490184  0.00747161    0.23506810  0.00000000   -0.00210832  0.00000000
 -0.00490184 -0.00747161   -0.00210832  0.00000000    0.23506810  0.00000000

     Dynamical  Matrix in cartesian axes

     q = (   -0.250000000  -0.750000000  -0.750000000 ) 

    1    1
  0.29089398  0.00000000    0.00490184  0.00747161    0.00490184  0.00747161
  0.00490184 -0.00747161    0.23506810  0.00000000    0.00210832  0.00000000
  0.00490184 -0.00747161    0.00210832  0.00000000    0.23506810  0.00000000
    1    2
  0.07439888  0.06271100   -0.04128394 -0.03703035   -0.04128394 -0.03703035
 -0.04128394 -0.03703035    0.05550764  0.06400151   -0.13392197  0.04217068
 -0.04128394 -0.03703035   -0.13392197  0.04217068    0.05550764  0.06400151
    2    1
  0.07439888 -0.06271100   -0.04128394  0.03703035   -0.04128394  0.03703035
 -0.04128394  0.03703035    0.05550764 -0.06400151   -0.13392197 -0.04217068
 -0.04128394  0.03703035   -0.13392197 -0.04217068    0.05550764 -0.06400151
    2    2
  0.29089398  0.00000000    0.00490184 -0.00747161    0.00490184 -0.00747161
  0.00490184  0.00747161    0.23506810  0.00000000    0.00210832  0.00000000
  0.00490184  0.00747161    0.00210832  0.00000000    0.23506810  0.00000000

     Dynamical  Matrix in cartesian axes

     q = (    0.750000000   0.750000000  -0.250000000 ) 

    1    1
  0.23506810  0.00000000    0.00210832  0.00000000   -0.00490184  0.00747161
  0.00210832  0.00000000    0.23506810  0.00000000   -0.00490184  0.00747161
 -0.00490184 -0.00747161   -0.00490184 -0.00747161    0.29089398  0.00000000
    1    2
 -0.06400151  0.05550764   -0.04217068 -0.13392197   -0.03703035  0.04128394
 -0.04217068 -0.13392197   -0.06400151  0.05550764   -0.03703035  0.04128394
 -0.03703035  0.04128394   -0.03703035  0.04128394   -0.06271100  0.07439888
    2    1
 -0.06400151 -0.05550764   -0.04217068  0.13392197   -0.03703035 -0.04128394
 -0.04217068  0.13392197   -0.06400151 -0.05550764   -0.03703035 -0.04128394
 -0.03703035 -0.04128394   -0.03703035 -0.04128394   -0.06271100 -0.07439888
    2    2
  0.23506810  0.00000000    0.00210832  0.00000000   -0.00490184 -0.00747161
  0.00210832  0.00000000    0.23506810  0.00000000   -0.00490184 -0.00747161
 -0.00490184  0.00747161   -0.00490184  0.00747161    0.29089398  0.00000000

     Dynamical  Matrix in cartesian axes

     q = (    0.750000000  -0.750000000   0.250000000 ) 

    1    1
  0.23506810  0.00000000   -0.00210832  0.00000000    0.00490184 -0.00747161
 -0.00210832  0.00000000    0.23506810  0.00000000   -0.00490184  0.00747161
  0.00490184  0.00747161   -0.00490184 -0.00747161    0.29089398  0.00000000
    1    2
 -0.05550764 -0.06400151   -0.13392197  0.04217068    0.04128394  0.03703035
 -0.13392197  0.04217068   -0.05550764 -0.06400151   -0.04128394 -0.03703035
  0.04128394  0.03703035   -0.04128394 -0.03703035   -0.07439888 -0.06271100
    2    1
 -0.05550764  0.06400151   -0.13392197 -0.04217068    0.04128394 -0.03703035
 -0.13392197 -0.04217068   -0.05550764  0.06400151   -0.04128394  0.03703035
  0.04128394 -0.03703035   -0.04128394  0.03703035   -0.07439888  0.06271100
    2    2
  0.23506810  0.00000000   -0.00210832  0.00000000    0.00490184  0.00747161
 -0.00210832  0.00000000    0.23506810  0.00000000   -0.00490184 -0.00747161
  0.00490184 -0.00747161   -0.00490184  0.00747161    0.29089398  0.00000000

     Dynamical  Matrix in cartesian axes

     q = (   -0.750000000  -0.750000000  -0.250000000 ) 

    1    1
  0.23506810  0.00000000    0.00210832  0.00000000    0.00490184 -0.00747161
  0.00210832  0.00000000    0.23506810  0.00000000    0.00490184 -0.00747161
  0.00490184  0.00747161    0.00490184  0.00747161    0.29089398  0.00000000
    1    2
  0.05550764  0.06400151   -0.13392197  0.04217068   -0.04128394 -0.03703035
 -0.13392197  0.04217068    0.05550764  0.06400151   -0.04128394 -0.03703035
 -0.04128394 -0.03703035   -0.04128394 -0.03703035    0.07439888  0.06271100
    2    1
  0.05550764 -0.06400151   -0.13392197 -0.04217068   -0.04128394  0.03703035
 -0.13392197 -0.04217068    0.05550764 -0.06400151   -0.04128394  0.03703035
 -0.04128394  0.03703035   -0.04128394  0.03703035    0.07439888 -0.06271100
    2    2
  0.23506810  0.00000000    0.00210832  0.00000000    0.00490184  0.00747161
  0.00210832  0.00000000    0.23506810  0.00000000    0.00490184  0.00747161
  0.00490184 -0.00747161    0.00490184 -0.00747161    0.29089398  0.00000000

     Dynamical  Matrix in cartesian axes

     q = (    0.250000000  -0.750000000   0.750000000 ) 

    1    1
  0.29089398  0.00000000   -0.00490184 -0.00747161    0.00490184  0.00747161
 -0.00490184  0.00747161    0.23506810  0.00000000   -0.00210832  0.00000000
  0.00490184 -0.00747161   -0.00210832  0.00000000    0.23506810  0.00000000
    1    2
 -0.07439888 -0.06271100   -0.04128394 -0.03703035    0.04128394  0.03703035
 -0.04128394 -0.03703035   -0.05550764 -0.06400151   -0.13392197  0.04217068
  0.04128394  0.03703035   -0.13392197  0.04217068   -0.05550764 -0.06400151
    2    1
 -0.07439888  0.06271100   -0.04128394  0.03703035    0.04128394 -0.03703035
 -0.04128394  0.03703035   -0.05550764  0.06400151   -0.13392197 -0.04217068
  0.04128394 -0.03703035   -0.13392197 -0.04217068   -0.05550764  0.06400151
    2    2
  0.29089398  0.00000000   -0.00490184  0.00747161    0.00490184 -0.00747161
 -0.00490184 -0.00747161    0.23506810  0.00000000   -0.00210832  0.00000000
  0.00490184  0.00747161   -0.00210832  0.00000000    0.23506810  0.00000000

     Dynamical  Matrix in cartesian axes

     q = (   -0.750000000  -0.750000000   0.250000000 ) 

    1    1
  0.23506810  0.00000000    0.00210832  0.00000000   -0.00490184 -0.00747161
  0.00210832  0.00000000    0.23506810  0.00000000   -0.00490184 -0.00747161
 -0.00490184  0.00747161   -0.00490184  0.00747161    0.29089398  0.00000000
    1    2
 -0.06400151 -0.05550764   -0.04217068  0.13392197   -0.03703035 -0.04128394
 -0.04217068  0.13392197   -0.06400151 -0.05550764   -0.03703035 -0.04128394
 -0.03703035 -0.04128394   -0.03703035 -0.04128394   -0.06271100 -0.07439888
    2    1
 -0.06400151  0.05550764   -0.04217068 -0.13392197   -0.03703035  0.04128394
 -0.04217068 -0.13392197   -0.06400151  0.05550764   -0.03703035  0.04128394
 -0.03703035  0.04128394   -0.03703035  0.04128394   -0.06271100  0.07439888
    2    2
  0.23506810  0.00000000    0.00210832  0.00000000   -0.00490184  0.00747161
  0.00210832  0.00000000    0.23506810  0.00000000   -0.00490184  0.00747161
 -0.00490184 -0.00747161   -0.00490184 -0.00747161    0.29089398  0.00000000

     Dynamical  Matrix in cartesian axes

     q = (    0.250000000   0.750000000   0.750000000 ) 

    1    1
  0.29089398  0.00000000    0.00490184 -0.00747161    0.00490184 -0.00747161
  0.00490184  0.00747161    0.23506810  0.00000000    0.00210832  0.00000000
  0.00490184  0.00747161    0.00210832  0.00000000    0.23506810  0.00000000
    1    2
  0.07439888 -0.06271100   -0.04128394  0.03703035   -0.04128394  0.03703035
 -0.04128394  0.03703035    0.05550764 -0.06400151   -0.13392197 -0.04217068
 -0.04128394  0.03703035   -0.13392197 -0.04217068    0.05550764 -0.06400151
    2    1
  0.07439888  0.06271100   -0.04128394 -0.03703035   -0.04128394 -0.03703035
 -0.04128394 -0.03703035    0.05550764  0.06400151   -0.13392197  0.04217068
 -0.04128394 -0.03703035   -0.13392197  0.04217068    0.05550764  0.06400151
    2    2
  0.29089398  0.00000000    0.00490184  0.00747161    0.00490184  0.00747161
  0.00490184 -0.00747161    0.23506810  0.00000000    0.00210832  0.00000000
  0.00490184 -0.00747161    0.00210832  0.00000000    0.23506810  0.00000000

     Dynamical  Matrix in cartesian axes

     q = (   -0.250000000  -0.750000000   0.750000000 ) 

    1    1
  0.29089398  0.00000000    0.00490184 -0.00747161   -0.00490184  0.00747161
  0.00490184  0.00747161    0.23506810  0.00000000   -0.00210832  0.00000000
 -0.00490184 -0.00747161   -0.00210832  0.00000000    0.23506810  0.00000000
    1    2
 -0.07439888  0.06271100    0.04128394 -0.03703035   -0.04128394  0.03703035
  0.04128394 -0.03703035   -0.05550764  0.06400151   -0.13392197 -0.04217068
 -0.04128394  0.03703035   -0.13392197 -0.04217068   -0.05550764  0.06400151
    2    1
 -0.07439888 -0.06271100    0.04128394  0.03703035   -0.04128394 -0.03703035
  0.04128394  0.03703035   -0.05550764 -0.06400151   -0.13392197  0.04217068
 -0.04128394 -0.03703035   -0.13392197  0.04217068   -0.05550764 -0.06400151
    2    2
  0.29089398  0.00000000    0.00490184  0.00747161   -0.00490184 -0.00747161
  0.00490184 -0.00747161    0.23506810  0.00000000   -0.00210832  0.00000000
 -0.00490184  0.00747161   -0.00210832  0.00000000    0.23506810  0.00000000

     Dynamical  Matrix in cartesian axes

     q = (    0.750000000   0.750000000   0.250000000 ) 

    1    1
  0.23506810  0.00000000    0.00210832  0.00000000    0.00490184  0.00747161
  0.00210832  0.00000000    0.23506810  0.00000000    0.00490184  0.00747161
  0.00490184 -0.00747161    0.00490184 -0.00747161    0.29089398  0.00000000
    1    2
  0.05550764 -0.06400151   -0.13392197 -0.04217068   -0.04128394  0.03703035
 -0.13392197 -0.04217068    0.05550764 -0.06400151   -0.04128394  0.03703035
 -0.04128394  0.03703035   -0.04128394  0.03703035    0.07439888 -0.06271100
    2    1
  0.05550764  0.06400151   -0.13392197  0.04217068   -0.04128394 -0.03703035
 -0.13392197  0.04217068    0.05550764  0.06400151   -0.04128394 -0.03703035
 -0.04128394 -0.03703035   -0.04128394 -0.03703035    0.07439888  0.06271100
    2    2
  0.23506810  0.00000000    0.00210832  0.00000000    0.00490184 -0.00747161
  0.00210832  0.00000000    0.23506810  0.00000000    0.00490184 -0.00747161
  0.00490184  0.00747161    0.00490184  0.00747161    0.29089398  0.00000000

     Dynamical  Matrix in cartesian axes

     q = (    0.250000000  -0.750000000  -0.750000000 ) 

    1    1
  0.29089398  0.00000000   -0.00490184  0.00747161   -0.00490184  0.00747161
 -0.00490184 -0.00747161    0.23506810  0.00000000    0.00210832  0.00000000
 -0.00490184 -0.00747161    0.00210832  0.00000000    0.23506810  0.00000000
    1    2
 -0.06271100 -0.07439888   -0.03703035 -0.04128394   -0.03703035 -0.04128394
 -0.03703035 -0.04128394   -0.06400151 -0.05550764   -0.04217068  0.13392197
 -0.03703035 -0.04128394   -0.04217068  0.13392197   -0.06400151 -0.05550764
    2    1
 -0.06271100  0.07439888   -0.03703035  0.04128394   -0.03703035  0.04128394
 -0.03703035  0.04128394   -0.06400151  0.05550764   -0.04217068 -0.13392197
 -0.03703035  0.04128394   -0.04217068 -0.13392197   -0.06400151  0.05550764
    2    2
  0.29089398  0.00000000   -0.00490184 -0.00747161   -0.00490184 -0.00747161
 -0.00490184  0.00747161    0.23506810  0.00000000    0.00210832  0.00000000
 -0.00490184  0.00747161    0.00210832  0.00000000    0.23506810  0.00000000

     Dynamical  Matrix in cartesian axes

     q = (    0.750000000  -0.750000000  -0.250000000 ) 

    1    1
  0.23506810  0.00000000   -0.00210832  0.00000000   -0.00490184 -0.00747161
 -0.00210832  0.00000000    0.23506810  0.00000000    0.00490184  0.00747161
 -0.00490184  0.00747161    0.00490184 -0.00747161    0.29089398  0.00000000
    1    2
 -0.05550764  0.06400151   -0.13392197 -0.04217068   -0.04128394  0.03703035
 -0.13392197 -0.04217068   -0.05550764  0.06400151    0.04128394 -0.03703035
 -0.04128394  0.03703035    0.04128394 -0.03703035   -0.07439888  0.06271100
    2    1
 -0.05550764 -0.06400151   -0.13392197  0.04217068   -0.04128394 -0.03703035
 -0.13392197  0.04217068   -0.05550764 -0.06400151    0.04128394  0.03703035
 -0.04128394 -0.03703035    0.04128394  0.03703035   -0.07439888 -0.06271100
    2    2
  0.23506810  0.00000000   -0.00210832  0.00000000   -0.00490184  0.00747161
 -0.00210832  0.00000000    0.23506810  0.00000000    0.00490184 -0.00747161
 -0.00490184 -0.00747161    0.00490184  0.00747161    0.29089398  0.00000000

     Diagonalizing the dynamical matrix

     q = (    0.750000000  -0.250000000   0.750000000 ) 

 **************************************************************************
     freq (    1) =       4.227795 [THz] =     141.024066 [cm-1]
 (  0.057244 -0.496712  0.000000 -0.000000 -0.057244  0.496712 ) 
 (  0.500000 -0.000000  0.000000  0.000000 -0.500000  0.000000 ) 
     freq (    2) =       5.513718 [THz] =     183.917851 [cm-1]
 ( -0.397435 -0.196370 -0.299636  0.131100 -0.397435 -0.196370 ) 
 ( -0.443301  0.000000 -0.210561 -0.250266 -0.443301  0.000000 ) 
     freq (    3) =       9.060535 [THz] =     302.226928 [cm-1]
 (  0.131714 -0.246657  0.391171  0.436588  0.131714 -0.246657 ) 
 ( -0.279621 -0.000000  0.200861  0.550708 -0.279621  0.000000 ) 
     freq (    4) =      12.011164 [THz] =     400.649291 [cm-1]
 (  0.110467  0.312853 -0.415006 -0.328039  0.110467  0.312853 ) 
 ( -0.331783 -0.000000  0.447499  0.282108 -0.331783  0.000000 ) 
     freq (    5) =      13.383360 [THz] =     446.420830 [cm-1]
 (  0.057244 -0.496712  0.000000  0.000000 -0.057244  0.496712 ) 
 ( -0.500000 -0.000000 -0.000000 -0.000000  0.500000  0.000000 ) 
     freq (    6) =      13.775661 [THz] =     459.506606 [cm-1]
 ( -0.302567 -0.153850 -0.474734  0.210226 -0.302567 -0.153850 ) 
 (  0.339435  0.000000  0.327884  0.402565  0.339435 -0.000000 ) 
 **************************************************************************
