Dynamical matrix file
                                                                           
  1    2  2 10.3220000  0.0000000  0.0000000  0.0000000  0.0000000  0.0000000
           1  'Si  '    25598.822984527003     
    1    1      0.0000000000      0.0000000000      0.0000000000
    2    1      0.2500000000      0.2500000000      0.2500000000

     Dynamical  Matrix in cartesian axes

     q = (   -0.250000000   0.250000000  -0.250000000 ) 

    1    1
  0.27159328  0.00000000   -0.01097660  0.00000000    0.01097660  0.00000000
 -0.01097660  0.00000000    0.27159328  0.00000000   -0.01097660  0.00000000
  0.01097660  0.00000000   -0.01097660  0.00000000    0.27159328  0.00000000
    1    2
 -0.19539633 -0.05620790   -0.03744081  0.03814969    0.03744081 -0.03814969
 -0.03744081  0.03814969   -0.19539633 -0.05620790   -0.03744081  0.03814969
  0.03744081 -0.03814969   -0.03744081  0.03814969   -0.19539633 -0.05620790
    2    1
 -0.19539633  0.05620790   -0.03744081 -0.03814969    0.03744081  0.03814969
 -0.03744081 -0.03814969   -0.19539633  0.05620790   -0.03744081 -0.03814969
  0.03744081  0.03814969   -0.03744081 -0.03814969   -0.19539633  0.05620790
    2    2
  0.27159328  0.00000000   -0.01097660  0.00000000    0.01097660  0.00000000
 -0.01097660  0.00000000    0.27159328  0.00000000   -0.01097660  0.00000000
  0.01097660  0.00000000   -0.01097660  0.00000000    0.27159328  0.00000000

     Dynamical  Matrix in cartesian axes

     q = (    0.250000000  -0.250000000  -0.250000000 ) 

    1    1
  0.27159328  0.00000000   -0.01097660  0.00000000   -0.01097660  0.00000000
 -0.01097660  0.00000000    0.27159328  0.00000000    0.01097660  0.00000000
 -0.01097660  0.00000000    0.01097660  0.00000000    0.27159328  0.00000000
    1    2
 -0.19539633 -0.05620790   -0.03744081  0.03814969   -0.03744081  0.03814969
 -0.03744081  0.03814969   -0.19539633 -0.05620790    0.03744081 -0.03814969
 -0.03744081  0.03814969    0.03744081 -0.03814969   -0.19539633 -0.05620790
    2    1
 -0.19539633  0.05620790   -0.03744081 -0.03814969   -0.03744081 -0.03814969
 -0.03744081 -0.03814969   -0.19539633  0.05620790    0.03744081  0.03814969
 -0.03744081 -0.03814969    0.03744081  0.03814969   -0.19539633  0.05620790
    2    2
  0.27159328  0.00000000   -0.01097660  0.00000000   -0.01097660  0.00000000
 -0.01097660  0.00000000    0.27159328  0.00000000    0.01097660  0.00000000
 -0.01097660  0.00000000    0.01097660  0.00000000    0.27159328  0.00000000

     Dynamical  Matrix in cartesian axes

     q = (    0.250000000  -0.250000000   0.250000000 ) 

    1    1
  0.27159328  0.00000000   -0.01097660  0.00000000    0.01097660  0.00000000
 -0.01097660  0.00000000    0.27159328  0.00000000   -0.01097660  0.00000000
  0.01097660  0.00000000   -0.01097660  0.00000000    0.27159328  0.00000000
    1    2
 -0.19539633  0.05620790   -0.03744081 -0.03814969    0.03744081  0.03814969
 -0.03744081 -0.03814969   -0.19539633  0.05620790   -0.03744081 -0.03814969
  0.03744081  0.03814969   -0.03744081 -0.03814969   -0.19539633  0.05620790
    2    1
 -0.19539633 -0.05620790   -0.03744081  0.03814969    0.03744081 -0.03814969
 -0.03744081  0.03814969   -0.19539633 -0.05620790   -0.03744081  0.03814969
  0.03744081 -0.03814969   -0.03744081  0.03814969   -0.19539633 -0.05620790
    2    2
  0.27159328  0.00000000   -0.01097660  0.00000000    0.01097660  0.00000000
 -0.01097660  0.00000000    0.27159328  0.00000000   -0.01097660  0.00000000
  0.01097660  0.00000000   -0.01097660  0.00000000    0.27159328  0.00000000

     Dynamical  Matrix in cartesian axes

     q = (    0.250000000   0.250000000   0.250000000 ) 

    1    1
  0.27159328  0.00000000    0.01097660  0.00000000    0.01097660  0.00000000
  0.01097660  0.00000000    0.27159328  0.00000000    0.01097660  0.00000000
  0.01097660  0.00000000    0.01097660  0.00000000    0.27159328  0.00000000
    1    2
 -0.05620790  0.19539633   -0.03814969 -0.03744081   -0.03814969 -0.03744081
 -0.03814969 -0.03744081   -0.05620790  0.19539633   -0.03814969 -0.03744081
 -0.03814969 -0.03744081   -0.03814969 -0.03744081   -0.05620790  0.19539633
    2    1
 -0.05620790 -0.19539633   -0.03814969  0.03744081   -0.03814969  0.03744081
 -0.03814969  0.03744081   -0.05620790 -0.19539633   -0.03814969  0.03744081
 -0.03814969  0.03744081   -0.03814969  0.03744081   -0.05620790 -0.19539633
    2    2
  0.27159328  0.00000000    0.01097660  0.00000000    0.01097660  0.00000000
  0.01097660  0.00000000    0.27159328  0.00000000    0.01097660  0.00000000
  0.01097660  0.00000000    0.01097660  0.00000000    0.27159328  0.00000000

     Dynamical  Matrix in cartesian axes

     q = (   -0.250000000  -0.250000000  -0.250000000 ) 

    1    1
  0.27159328  0.00000000    0.01097660  0.00000000    0.01097660  0.00000000
  0.01097660  0.00000000    0.27159328  0.00000000    0.01097660  0.00000000
  0.01097660  0.00000000    0.01097660  0.00000000    0.27159328  0.00000000
    1    2
 -0.05620790 -0.19539633   -0.03814969  0.03744081   -0.03814969  0.03744081
 -0.03814969  0.03744081   -0.05620790 -0.19539633   -0.03814969  0.03744081
 -0.03814969  0.03744081   -0.03814969  0.03744081   -0.05620790 -0.19539633
    2    1
 -0.05620790  0.19539633   -0.03814969 -0.03744081   -0.03814969 -0.03744081
 -0.03814969 -0.03744081   -0.05620790  0.19539633   -0.03814969 -0.03744081
 -0.03814969 -0.03744081   -0.03814969 -0.03744081   -0.05620790  0.19539633
    2    2
  0.27159328  0.00000000    0.01097660  0.00000000    0.01097660  0.00000000
  0.01097660  0.00000000    0.27159328  0.00000000    0.01097660  0.00000000
  0.01097660  0.00000000    0.01097660  0.00000000    0.27159328  0.00000000

     Dynamical  Matrix in cartesian axes

     q = (   -0.250000000  -0.250000000   0.250000000 ) 

    1    1
  0.27159328  0.00000000    0.01097660  0.00000000   -0.01097660  0.00000000
  0.01097660  0.00000000    0.27159328  0.00000000   -0.01097660  0.00000000
 -0.01097660  0.00000000   -0.01097660  0.00000000    0.27159328  0.00000000
    1    2
 -0.19539633 -0.05620790    0.03744081 -0.03814969   -0.03744081  0.03814969
  0.03744081 -0.03814969   -0.19539633 -0.05620790   -0.03744081  0.03814969
 -0.03744081  0.03814969   -0.03744081  0.03814969   -0.19539633 -0.05620790
    2    1
 -0.19539633  0.05620790    0.03744081  0.03814969   -0.03744081 -0.03814969
  0.03744081  0.03814969   -0.19539633  0.05620790   -0.03744081 -0.03814969
 -0.03744081 -0.03814969   -0.03744081 -0.03814969   -0.19539633  0.05620790
    2    2
  0.27159328  0.00000000    0.01097660  0.00000000   -0.01097660  0.00000000
  0.01097660  0.00000000    0.27159328  0.00000000   -0.01097660  0.00000000
 -0.01097660  0.00000000   -0.01097660  0.00000000    0.27159328  0.00000000

     Dynamical  Matrix in cartesian axes

     q = (   -0.250000000   0.250000000   0.250000000 ) 

    1    1
  0.27159328  0.00000000   -0.01097660  0.00000000   -0.01097660  0.00000000
 -0.01097660  0.00000000    0.27159328  0.00000000    0.01097660  0.00000000
 -0.01097660  0.00000000    0.01097660  0.00000000    0.27159328  0.00000000
    1    2
 -0.19539633  0.05620790   -0.03744081 -0.03814969   -0.03744081 -0.03814969
 -0.03744081 -0.03814969   -0.19539633  0.05620790    0.03744081  0.03814969
 -0.03744081 -0.03814969    0.03744081  0.03814969   -0.19539633  0.05620790
    2    1
 -0.19539633 -0.05620790   -0.03744081  0.03814969   -0.03744081  0.03814969
 -0.03744081  0.03814969   -0.19539633 -0.05620790    0.03744081 -0.03814969
 -0.03744081  0.03814969    0.03744081 -0.03814969   -0.19539633 -0.05620790
    2    2
  0.27159328  0.00000000   -0.01097660  0.00000000   -0.01097660  0.00000000
 -0.01097660  0.00000000    0.27159328  0.00000000    0.01097660  0.00000000
 -0.01097660  0.00000000    0.01097660  0.00000000    0.27159328  0.00000000

     Dynamical  Matrix in cartesian axes

     q = (    0.250000000   0.250000000  -0.250000000 ) 

    1    1
  0.27159328  0.00000000    0.01097660  0.00000000   -0.01097660  0.00000000
  0.01097660  0.00000000    0.27159328  0.00000000   -0.01097660  0.00000000
 -0.01097660  0.00000000   -0.01097660  0.00000000    0.27159328  0.00000000
    1    2
 -0.19539633  0.05620790    0.03744081  0.03814969   -0.03744081 -0.03814969
  0.03744081  0.03814969   -0.19539633  0.05620790   -0.03744081 -0.03814969
 -0.03744081 -0.03814969   -0.03744081 -0.03814969   -0.19539633  0.05620790
    2    1
 -0.19539633 -0.05620790    0.03744081 -0.03814969   -0.03744081  0.03814969
  0.03744081 -0.03814969   -0.19539633 -0.05620790   -0.03744081  0.03814969
 -0.03744081  0.03814969   -0.03744081  0.03814969   -0.19539633 -0.05620790
    2    2
  0.27159328  0.00000000    0.01097660  0.00000000   -0.01097660  0.00000000
  0.01097660  0.00000000    0.27159328  0.00000000   -0.01097660  0.00000000
 -0.01097660  0.00000000   -0.01097660  0.00000000    0.27159328  0.00000000

     Diagonalizing the dynamical matrix

     q = (   -0.250000000   0.250000000  -0.250000000 ) 

 **************************************************************************
     freq (    1) =       3.383700 [THz] =     112.868082 [cm-1]
 ( -0.020737 -0.015028 -0.507819 -0.052805 -0.487082 -0.037777 ) 
 ( -0.021837 -0.013379 -0.510382 -0.013379 -0.488544  0.000000 ) 
     freq (    2) =       3.383700 [THz] =     112.868082 [cm-1]
 (  0.573022  0.065751  0.266278  0.041961 -0.306744 -0.023790 ) 
 (  0.576391  0.021245  0.268726  0.021245 -0.307665  0.000000 ) 
     freq (    3) =       6.955669 [THz] =     232.016148 [cm-1]
 ( -0.274684 -0.302019  0.274684  0.302019 -0.274684 -0.302019 ) 
 ( -0.408248  0.000000  0.408248 -0.000000 -0.408248  0.000000 ) 
     freq (    4) =      14.136434 [THz] =     471.540683 [cm-1]
 ( -0.274684 -0.302019  0.274684  0.302019 -0.274684 -0.302019 ) 
 (  0.408248  0.000000 -0.408248 -0.000000  0.408248  0.000000 ) 
     freq (    5) =      14.454257 [THz] =     482.142115 [cm-1]
 ( -0.032630  0.016191  0.480386  0.055979  0.513016  0.039788 ) 
 (  0.031281 -0.018666 -0.483276 -0.018666 -0.514557  0.000000 ) 
     freq (    6) =      14.454257 [THz] =     482.142115 [cm-1]
 ( -0.570473 -0.081035 -0.309409 -0.060787  0.261064  0.020247 ) 
 (  0.575031  0.036680  0.313183  0.036680 -0.261848  0.000000 ) 
 **************************************************************************
