Dynamical matrix file
                                                                           
  1    2  2 10.4000000  0.0000000  0.0000000  0.0000000  0.0000000  0.0000000
           1  'Si  '    25598.822984527003     
    1    1      0.0000000000      0.0000000000      0.0000000000
    2    1      0.2500000000      0.2500000000      0.2500000000

     Dynamical  Matrix in cartesian axes

     q = (   -0.250000000   0.250000000  -0.250000000 ) 

    1    1
  0.28858878  0.00000000   -0.01063453  0.00000000    0.01063453  0.00000000
 -0.01063453  0.00000000    0.28858878  0.00000000   -0.01063453  0.00000000
  0.01063453  0.00000000   -0.01063453  0.00000000    0.28858878  0.00000000
    1    2
 -0.21496383 -0.06525451   -0.03354560  0.03409269    0.03354560 -0.03409269
 -0.03354560  0.03409269   -0.21496383 -0.06525451   -0.03354560  0.03409269
  0.03354560 -0.03409269   -0.03354560  0.03409269   -0.21496383 -0.06525451
    2    1
 -0.21496383  0.06525451   -0.03354560 -0.03409269    0.03354560  0.03409269
 -0.03354560 -0.03409269   -0.21496383  0.06525451   -0.03354560 -0.03409269
  0.03354560  0.03409269   -0.03354560 -0.03409269   -0.21496383  0.06525451
    2    2
  0.28858878  0.00000000   -0.01063453  0.00000000    0.01063453  0.00000000
 -0.01063453  0.00000000    0.28858878  0.00000000   -0.01063453  0.00000000
  0.01063453  0.00000000   -0.01063453  0.00000000    0.28858878  0.00000000

     Dynamical  Matrix in cartesian axes

     q = (    0.250000000  -0.250000000  -0.250000000 ) 

    1    1
  0.28858878  0.00000000   -0.01063453  0.00000000   -0.01063453  0.00000000
 -0.01063453  0.00000000    0.28858878  0.00000000    0.01063453  0.00000000
 -0.01063453  0.00000000    0.01063453  0.00000000    0.28858878  0.00000000
    1    2
 -0.21496383 -0.06525451   -0.03354560  0.03409269   -0.03354560  0.03409269
 -0.03354560  0.03409269   -0.21496383 -0.06525451    0.03354560 -0.03409269
 -0.03354560  0.03409269    0.03354560 -0.03409269   -0.21496383 -0.06525451
    2    1
 -0.21496383  0.06525451   -0.03354560 -0.03409269   -0.03354560 -0.03409269
 -0.03354560 -0.03409269   -0.21496383  0.06525451    0.03354560  0.03409269
 -0.03354560 -0.03409269    0.03354560  0.03409269   -0.21496383  0.06525451
    2    2
  0.28858878  0.00000000   -0.01063453  0.00000000   -0.01063453  0.00000000
 -0.01063453  0.00000000    0.28858878  0.00000000    0.01063453  0.00000000
 -0.01063453  0.00000000    0.01063453  0.00000000    0.28858878  0.00000000

     Dynamical  Matrix in cartesian axes

     q = (    0.250000000  -0.250000000   0.250000000 ) 

    1    1
  0.28858878  0.00000000   -0.01063453  0.00000000    0.01063453  0.00000000
 -0.01063453  0.00000000    0.28858878  0.00000000   -0.01063453  0.00000000
  0.01063453  0.00000000   -0.01063453  0.00000000    0.28858878  0.00000000
    1    2
 -0.21496383  0.06525451   -0.03354560 -0.03409269    0.03354560  0.03409269
 -0.03354560 -0.03409269   -0.21496383  0.06525451   -0.03354560 -0.03409269
  0.03354560  0.03409269   -0.03354560 -0.03409269   -0.21496383  0.06525451
    2    1
 -0.21496383 -0.06525451   -0.03354560  0.03409269    0.03354560 -0.03409269
 -0.03354560  0.03409269   -0.21496383 -0.06525451   -0.03354560  0.03409269
  0.03354560 -0.03409269   -0.03354560  0.03409269   -0.21496383 -0.06525451
    2    2
  0.28858878  0.00000000   -0.01063453  0.00000000    0.01063453  0.00000000
 -0.01063453  0.00000000    0.28858878  0.00000000   -0.01063453  0.00000000
  0.01063453  0.00000000   -0.01063453  0.00000000    0.28858878  0.00000000

     Dynamical  Matrix in cartesian axes

     q = (    0.250000000   0.250000000   0.250000000 ) 

    1    1
  0.28858878  0.00000000    0.01063453  0.00000000    0.01063453  0.00000000
  0.01063453  0.00000000    0.28858878  0.00000000    0.01063453  0.00000000
  0.01063453  0.00000000    0.01063453  0.00000000    0.28858878  0.00000000
    1    2
 -0.06525451  0.21496383   -0.03409269 -0.03354560   -0.03409269 -0.03354560
 -0.03409269 -0.03354560   -0.06525451  0.21496383   -0.03409269 -0.03354560
 -0.03409269 -0.03354560   -0.03409269 -0.03354560   -0.06525451  0.21496383
    2    1
 -0.06525451 -0.21496383   -0.03409269  0.03354560   -0.03409269  0.03354560
 -0.03409269  0.03354560   -0.06525451 -0.21496383   -0.03409269  0.03354560
 -0.03409269  0.03354560   -0.03409269  0.03354560   -0.06525451 -0.21496383
    2    2
  0.28858878  0.00000000    0.01063453  0.00000000    0.01063453  0.00000000
  0.01063453  0.00000000    0.28858878  0.00000000    0.01063453  0.00000000
  0.01063453  0.00000000    0.01063453  0.00000000    0.28858878  0.00000000

     Dynamical  Matrix in cartesian axes

     q = (   -0.250000000  -0.250000000  -0.250000000 ) 

    1    1
  0.28858878  0.00000000    0.01063453  0.00000000    0.01063453  0.00000000
  0.01063453  0.00000000    0.28858878  0.00000000    0.01063453  0.00000000
  0.01063453  0.00000000    0.01063453  0.00000000    0.28858878  0.00000000
    1    2
 -0.06525451 -0.21496383   -0.03409269  0.03354560   -0.03409269  0.03354560
 -0.03409269  0.03354560   -0.06525451 -0.21496383   -0.03409269  0.03354560
 -0.03409269  0.03354560   -0.03409269  0.03354560   -0.06525451 -0.21496383
    2    1
 -0.06525451  0.21496383   -0.03409269 -0.03354560   -0.03409269 -0.03354560
 -0.03409269 -0.03354560   -0.06525451  0.21496383   -0.03409269 -0.03354560
 -0.03409269 -0.03354560   -0.03409269 -0.03354560   -0.06525451  0.21496383
    2    2
  0.28858878  0.00000000    0.01063453  0.00000000    0.01063453  0.00000000
  0.01063453  0.00000000    0.28858878  0.00000000    0.01063453  0.00000000
  0.01063453  0.00000000    0.01063453  0.00000000    0.28858878  0.00000000

     Dynamical  Matrix in cartesian axes

     q = (   -0.250000000  -0.250000000   0.250000000 ) 

    1    1
  0.28858878  0.00000000    0.01063453  0.00000000   -0.01063453  0.00000000
  0.01063453  0.00000000    0.28858878  0.00000000   -0.01063453  0.00000000
 -0.01063453  0.00000000   -0.01063453  0.00000000    0.28858878  0.00000000
    1    2
 -0.21496383 -0.06525451    0.03354560 -0.03409269   -0.03354560  0.03409269
  0.03354560 -0.03409269   -0.21496383 -0.06525451   -0.03354560  0.03409269
 -0.03354560  0.03409269   -0.03354560  0.03409269   -0.21496383 -0.06525451
    2    1
 -0.21496383  0.06525451    0.03354560  0.03409269   -0.03354560 -0.03409269
  0.03354560  0.03409269   -0.21496383  0.06525451   -0.03354560 -0.03409269
 -0.03354560 -0.03409269   -0.03354560 -0.03409269   -0.21496383  0.06525451
    2    2
  0.28858878  0.00000000    0.01063453  0.00000000   -0.01063453  0.00000000
  0.01063453  0.00000000    0.28858878  0.00000000   -0.01063453  0.00000000
 -0.01063453  0.00000000   -0.01063453  0.00000000    0.28858878  0.00000000

     Dynamical  Matrix in cartesian axes

     q = (   -0.250000000   0.250000000   0.250000000 ) 

    1    1
  0.28858878  0.00000000   -0.01063453  0.00000000   -0.01063453  0.00000000
 -0.01063453  0.00000000    0.28858878  0.00000000    0.01063453  0.00000000
 -0.01063453  0.00000000    0.01063453  0.00000000    0.28858878  0.00000000
    1    2
 -0.21496383  0.06525451   -0.03354560 -0.03409269   -0.03354560 -0.03409269
 -0.03354560 -0.03409269   -0.21496383  0.06525451    0.03354560  0.03409269
 -0.03354560 -0.03409269    0.03354560  0.03409269   -0.21496383  0.06525451
    2    1
 -0.21496383 -0.06525451   -0.03354560  0.03409269   -0.03354560  0.03409269
 -0.03354560  0.03409269   -0.21496383 -0.06525451    0.03354560 -0.03409269
 -0.03354560  0.03409269    0.03354560 -0.03409269   -0.21496383 -0.06525451
    2    2
  0.28858878  0.00000000   -0.01063453  0.00000000   -0.01063453  0.00000000
 -0.01063453  0.00000000    0.28858878  0.00000000    0.01063453  0.00000000
 -0.01063453  0.00000000    0.01063453  0.00000000    0.28858878  0.00000000

     Dynamical  Matrix in cartesian axes

     q = (    0.250000000   0.250000000  -0.250000000 ) 

    1    1
  0.28858878  0.00000000    0.01063453  0.00000000   -0.01063453  0.00000000
  0.01063453  0.00000000    0.28858878  0.00000000   -0.01063453  0.00000000
 -0.01063453  0.00000000   -0.01063453  0.00000000    0.28858878  0.00000000
    1    2
 -0.21496383  0.06525451    0.03354560  0.03409269   -0.03354560 -0.03409269
  0.03354560  0.03409269   -0.21496383  0.06525451   -0.03354560 -0.03409269
 -0.03354560 -0.03409269   -0.03354560 -0.03409269   -0.21496383  0.06525451
    2    1
 -0.21496383 -0.06525451    0.03354560 -0.03409269   -0.03354560  0.03409269
  0.03354560 -0.03409269   -0.21496383 -0.06525451   -0.03354560  0.03409269
 -0.03354560  0.03409269   -0.03354560  0.03409269   -0.21496383 -0.06525451
    2    2
  0.28858878  0.00000000    0.01063453  0.00000000   -0.01063453  0.00000000
  0.01063453  0.00000000    0.28858878  0.00000000   -0.01063453  0.00000000
 -0.01063453  0.00000000   -0.01063453  0.00000000    0.28858878  0.00000000

     Diagonalizing the dynamical matrix

     q = (   -0.250000000   0.250000000  -0.250000000 ) 

 **************************************************************************
     freq (    1) =       3.409737 [THz] =     113.736596 [cm-1]
 ( -0.217566  0.209044  0.283295  0.271850  0.500862  0.062805 ) 
 ( -0.189866  0.234490  0.314918  0.234490  0.504784 -0.000000 ) 
     freq (    2) =       3.409737 [THz] =     113.736596 [cm-1]
 ( -0.198224 -0.450562  0.079824 -0.415696  0.278048  0.034866 ) 
 ( -0.252743 -0.422397  0.027483 -0.422397  0.280226  0.000000 ) 
     freq (    3) =       6.840630 [THz] =     228.178864 [cm-1]
 (  0.303087  0.273505 -0.303087 -0.273505  0.303087  0.273505 ) 
 (  0.408248  0.000000 -0.408248 -0.000000  0.408248  0.000000 ) 
     freq (    4) =      14.670331 [THz] =     489.349559 [cm-1]
 (  0.303087  0.273505 -0.303087 -0.273505  0.303087  0.273505 ) 
 ( -0.408248  0.000000  0.408248  0.000000 -0.408248  0.000000 ) 
     freq (    5) =      14.946878 [THz] =     498.574171 [cm-1]
 ( -0.533251  0.050221 -0.449864  0.060678  0.083387  0.010456 ) 
 (  0.522858 -0.116178  0.438818 -0.116178 -0.084040  0.000000 ) 
     freq (    6) =      14.946878 [THz] =     498.574171 [cm-1]
 (  0.211059  0.043693 -0.355703 -0.027376 -0.566763 -0.071069 ) 
 ( -0.214855 -0.017093  0.356346 -0.017093  0.571201  0.000000 ) 
 **************************************************************************
