Dynamical matrix file
                                                                           
  1    2  2 10.3250000  0.0000000  0.0000000  0.0000000  0.0000000  0.0000000
           1  'Si  '    25598.822984527003     
    1    1      0.0000000000      0.0000000000      0.0000000000
    2    1      0.2500000000      0.2500000000      0.2500000000

     Dynamical  Matrix in cartesian axes

     q = (   -0.250000000   0.250000000  -0.250000000 ) 

    1    1
  0.27108916  0.00000000   -0.01096475  0.00000000    0.01096475  0.00000000
 -0.01096475  0.00000000    0.27108916  0.00000000   -0.01096475  0.00000000
  0.01096475  0.00000000   -0.01096475  0.00000000    0.27108916  0.00000000
    1    2
 -0.19501895 -0.05608519   -0.03728335  0.03799416    0.03728335 -0.03799416
 -0.03728335  0.03799416   -0.19501895 -0.05608519   -0.03728335  0.03799416
  0.03728335 -0.03799416   -0.03728335  0.03799416   -0.19501895 -0.05608519
    2    1
 -0.19501895  0.05608519   -0.03728335 -0.03799416    0.03728335  0.03799416
 -0.03728335 -0.03799416   -0.19501895  0.05608519   -0.03728335 -0.03799416
  0.03728335  0.03799416   -0.03728335 -0.03799416   -0.19501895  0.05608519
    2    2
  0.27108916  0.00000000   -0.01096475  0.00000000    0.01096475  0.00000000
 -0.01096475  0.00000000    0.27108916  0.00000000   -0.01096475  0.00000000
  0.01096475  0.00000000   -0.01096475  0.00000000    0.27108916  0.00000000

     Dynamical  Matrix in cartesian axes

     q = (    0.250000000  -0.250000000  -0.250000000 ) 

    1    1
  0.27108916  0.00000000   -0.01096475  0.00000000   -0.01096475  0.00000000
 -0.01096475  0.00000000    0.27108916  0.00000000    0.01096475  0.00000000
 -0.01096475  0.00000000    0.01096475  0.00000000    0.27108916  0.00000000
    1    2
 -0.19501895 -0.05608519   -0.03728335  0.03799416   -0.03728335  0.03799416
 -0.03728335  0.03799416   -0.19501895 -0.05608519    0.03728335 -0.03799416
 -0.03728335  0.03799416    0.03728335 -0.03799416   -0.19501895 -0.05608519
    2    1
 -0.19501895  0.05608519   -0.03728335 -0.03799416   -0.03728335 -0.03799416
 -0.03728335 -0.03799416   -0.19501895  0.05608519    0.03728335  0.03799416
 -0.03728335 -0.03799416    0.03728335  0.03799416   -0.19501895  0.05608519
    2    2
  0.27108916  0.00000000   -0.01096475  0.00000000   -0.01096475  0.00000000
 -0.01096475  0.00000000    0.27108916  0.00000000    0.01096475  0.00000000
 -0.01096475  0.00000000    0.01096475  0.00000000    0.27108916  0.00000000

     Dynamical  Matrix in cartesian axes

     q = (    0.250000000  -0.250000000   0.250000000 ) 

    1    1
  0.27108916  0.00000000   -0.01096475  0.00000000    0.01096475  0.00000000
 -0.01096475  0.00000000    0.27108916  0.00000000   -0.01096475  0.00000000
  0.01096475  0.00000000   -0.01096475  0.00000000    0.27108916  0.00000000
    1    2
 -0.19501895  0.05608519   -0.03728335 -0.03799416    0.03728335  0.03799416
 -0.03728335 -0.03799416   -0.19501895  0.05608519   -0.03728335 -0.03799416
  0.03728335  0.03799416   -0.03728335 -0.03799416   -0.19501895  0.05608519
    2    1
 -0.19501895 -0.05608519   -0.03728335  0.03799416    0.03728335 -0.03799416
 -0.03728335  0.03799416   -0.19501895 -0.05608519   -0.03728335  0.03799416
  0.03728335 -0.03799416   -0.03728335  0.03799416   -0.19501895 -0.05608519
    2    2
  0.27108916  0.00000000   -0.01096475  0.00000000    0.01096475  0.00000000
 -0.01096475  0.00000000    0.27108916  0.00000000   -0.01096475  0.00000000
  0.01096475  0.00000000   -0.01096475  0.00000000    0.27108916  0.00000000

     Dynamical  Matrix in cartesian axes

     q = (    0.250000000   0.250000000   0.250000000 ) 

    1    1
  0.27108916  0.00000000    0.01096475  0.00000000    0.01096475  0.00000000
  0.01096475  0.00000000    0.27108916  0.00000000    0.01096475  0.00000000
  0.01096475  0.00000000    0.01096475  0.00000000    0.27108916  0.00000000
    1    2
 -0.05608519  0.19501895   -0.03799416 -0.03728335   -0.03799416 -0.03728335
 -0.03799416 -0.03728335   -0.05608519  0.19501895   -0.03799416 -0.03728335
 -0.03799416 -0.03728335   -0.03799416 -0.03728335   -0.05608519  0.19501895
    2    1
 -0.05608519 -0.19501895   -0.03799416  0.03728335   -0.03799416  0.03728335
 -0.03799416  0.03728335   -0.05608519 -0.19501895   -0.03799416  0.03728335
 -0.03799416  0.03728335   -0.03799416  0.03728335   -0.05608519 -0.19501895
    2    2
  0.27108916  0.00000000    0.01096475  0.00000000    0.01096475  0.00000000
  0.01096475  0.00000000    0.27108916  0.00000000    0.01096475  0.00000000
  0.01096475  0.00000000    0.01096475  0.00000000    0.27108916  0.00000000

     Dynamical  Matrix in cartesian axes

     q = (   -0.250000000  -0.250000000  -0.250000000 ) 

    1    1
  0.27108916  0.00000000    0.01096475  0.00000000    0.01096475  0.00000000
  0.01096475  0.00000000    0.27108916  0.00000000    0.01096475  0.00000000
  0.01096475  0.00000000    0.01096475  0.00000000    0.27108916  0.00000000
    1    2
 -0.05608519 -0.19501895   -0.03799416  0.03728335   -0.03799416  0.03728335
 -0.03799416  0.03728335   -0.05608519 -0.19501895   -0.03799416  0.03728335
 -0.03799416  0.03728335   -0.03799416  0.03728335   -0.05608519 -0.19501895
    2    1
 -0.05608519  0.19501895   -0.03799416 -0.03728335   -0.03799416 -0.03728335
 -0.03799416 -0.03728335   -0.05608519  0.19501895   -0.03799416 -0.03728335
 -0.03799416 -0.03728335   -0.03799416 -0.03728335   -0.05608519  0.19501895
    2    2
  0.27108916  0.00000000    0.01096475  0.00000000    0.01096475  0.00000000
  0.01096475  0.00000000    0.27108916  0.00000000    0.01096475  0.00000000
  0.01096475  0.00000000    0.01096475  0.00000000    0.27108916  0.00000000

     Dynamical  Matrix in cartesian axes

     q = (   -0.250000000  -0.250000000   0.250000000 ) 

    1    1
  0.27108916  0.00000000    0.01096475  0.00000000   -0.01096475  0.00000000
  0.01096475  0.00000000    0.27108916  0.00000000   -0.01096475  0.00000000
 -0.01096475  0.00000000   -0.01096475  0.00000000    0.27108916  0.00000000
    1    2
 -0.19501895 -0.05608519    0.03728335 -0.03799416   -0.03728335  0.03799416
  0.03728335 -0.03799416   -0.19501895 -0.05608519   -0.03728335  0.03799416
 -0.03728335  0.03799416   -0.03728335  0.03799416   -0.19501895 -0.05608519
    2    1
 -0.19501895  0.05608519    0.03728335  0.03799416   -0.03728335 -0.03799416
  0.03728335  0.03799416   -0.19501895  0.05608519   -0.03728335 -0.03799416
 -0.03728335 -0.03799416   -0.03728335 -0.03799416   -0.19501895  0.05608519
    2    2
  0.27108916  0.00000000    0.01096475  0.00000000   -0.01096475  0.00000000
  0.01096475  0.00000000    0.27108916  0.00000000   -0.01096475  0.00000000
 -0.01096475  0.00000000   -0.01096475  0.00000000    0.27108916  0.00000000

     Dynamical  Matrix in cartesian axes

     q = (   -0.250000000   0.250000000   0.250000000 ) 

    1    1
  0.27108916  0.00000000   -0.01096475  0.00000000   -0.01096475  0.00000000
 -0.01096475  0.00000000    0.27108916  0.00000000    0.01096475  0.00000000
 -0.01096475  0.00000000    0.01096475  0.00000000    0.27108916  0.00000000
    1    2
 -0.19501895  0.05608519   -0.03728335 -0.03799416   -0.03728335 -0.03799416
 -0.03728335 -0.03799416   -0.19501895  0.05608519    0.03728335  0.03799416
 -0.03728335 -0.03799416    0.03728335  0.03799416   -0.19501895  0.05608519
    2    1
 -0.19501895 -0.05608519   -0.03728335  0.03799416   -0.03728335  0.03799416
 -0.03728335  0.03799416   -0.19501895 -0.05608519    0.03728335 -0.03799416
 -0.03728335  0.03799416    0.03728335 -0.03799416   -0.19501895 -0.05608519
    2    2
  0.27108916  0.00000000   -0.01096475  0.00000000   -0.01096475  0.00000000
 -0.01096475  0.00000000    0.27108916  0.00000000    0.01096475  0.00000000
 -0.01096475  0.00000000    0.01096475  0.00000000    0.27108916  0.00000000

     Dynamical  Matrix in cartesian axes

     q = (    0.250000000   0.250000000  -0.250000000 ) 

    1    1
  0.27108916  0.00000000    0.01096475  0.00000000   -0.01096475  0.00000000
  0.01096475  0.00000000    0.27108916  0.00000000   -0.01096475  0.00000000
 -0.01096475  0.00000000   -0.01096475  0.00000000    0.27108916  0.00000000
    1    2
 -0.19501895  0.05608519    0.03728335  0.03799416   -0.03728335 -0.03799416
  0.03728335  0.03799416   -0.19501895  0.05608519   -0.03728335 -0.03799416
 -0.03728335 -0.03799416   -0.03728335 -0.03799416   -0.19501895  0.05608519
    2    1
 -0.19501895 -0.05608519    0.03728335 -0.03799416   -0.03728335  0.03799416
  0.03728335 -0.03799416   -0.19501895 -0.05608519   -0.03728335  0.03799416
 -0.03728335  0.03799416   -0.03728335  0.03799416   -0.19501895 -0.05608519
    2    2
  0.27108916  0.00000000    0.01096475  0.00000000   -0.01096475  0.00000000
  0.01096475  0.00000000    0.27108916  0.00000000   -0.01096475  0.00000000
 -0.01096475  0.00000000   -0.01096475  0.00000000    0.27108916  0.00000000

     Diagonalizing the dynamical matrix

     q = (   -0.250000000   0.250000000  -0.250000000 ) 

 **************************************************************************
     freq (    1) =       3.386101 [THz] =     112.948156 [cm-1]
 ( -0.549274 -0.051369 -0.127351 -0.018511  0.421923  0.032858 ) 
 ( -0.551604 -0.008567 -0.128404 -0.008567  0.423200 -0.000000 ) 
     freq (    2) =       3.386101 [THz] =     112.948156 [cm-1]
 (  0.168792  0.022405  0.560334  0.052897  0.391542  0.030492 ) 
 (  0.170022  0.009232  0.562750  0.009232  0.392728  0.000000 ) 
     freq (    3) =       6.950650 [THz] =     231.848725 [cm-1]
 (  0.275099  0.301641 -0.275099 -0.301641  0.275099  0.301641 ) 
 (  0.408248  0.000000 -0.408248  0.000000  0.408248  0.000000 ) 
     freq (    4) =      14.123110 [THz] =     471.096243 [cm-1]
 (  0.275099  0.301641 -0.275099 -0.301641  0.275099  0.301641 ) 
 ( -0.408248  0.000000  0.408248 -0.000000 -0.408248  0.000000 ) 
     freq (    5) =      14.439288 [THz] =     481.642807 [cm-1]
 ( -0.541212 -0.014423 -0.444275 -0.006874  0.096938  0.007549 ) 
 (  0.540699 -0.027641  0.443467 -0.027641 -0.097231  0.000000 ) 
     freq (    6) =      14.439288 [THz] =     481.642807 [cm-1]
 (  0.199508  0.020274 -0.367878 -0.023913 -0.567386 -0.044186 ) 
 ( -0.200480 -0.004722  0.368624 -0.004722  0.569104  0.000000 ) 
 **************************************************************************
