Dynamical matrix file
                                                                           
  1    2  2 10.3250000  0.0000000  0.0000000  0.0000000  0.0000000  0.0000000
           1  'Si  '    25598.822984527003     
    1    1      0.0000000000      0.0000000000      0.0000000000
    2    1      0.2500000000      0.2500000000      0.2500000000

     Dynamical  Matrix in cartesian axes

     q = (    0.750000000  -0.250000000   0.750000000 ) 

    1    1
  0.23457525  0.00000000   -0.00489662  0.00746349    0.00211392  0.00000000
 -0.00489662 -0.00746349    0.29033766 -0.00000000   -0.00489662 -0.00746349
  0.00211392  0.00000000   -0.00489662  0.00746349    0.23457525  0.00000000
    1    2
 -0.06389858  0.05535200   -0.03687773  0.04113645   -0.04202170 -0.13345814
 -0.03687773  0.04113645   -0.06262529  0.07423430   -0.03687773  0.04113645
 -0.04202170 -0.13345814   -0.03687773  0.04113645   -0.06389858  0.05535200
    2    1
 -0.06389858 -0.05535200   -0.03687773 -0.04113645   -0.04202170  0.13345814
 -0.03687773 -0.04113645   -0.06262529 -0.07423430   -0.03687773 -0.04113645
 -0.04202170  0.13345814   -0.03687773 -0.04113645   -0.06389858 -0.05535200
    2    2
  0.23457525 -0.00000000   -0.00489662 -0.00746349    0.00211392 -0.00000000
 -0.00489662  0.00746349    0.29033766  0.00000000   -0.00489662  0.00746349
  0.00211392 -0.00000000   -0.00489662 -0.00746349    0.23457525 -0.00000000

     Dynamical  Matrix in cartesian axes

     q = (    0.750000000  -0.250000000  -0.750000000 ) 

    1    1
  0.23457525 -0.00000000   -0.00489662 -0.00746349   -0.00211392  0.00000000
 -0.00489662  0.00746349    0.29033766  0.00000000    0.00489662 -0.00746349
 -0.00211392  0.00000000    0.00489662  0.00746349    0.23457525 -0.00000000
    1    2
 -0.05535200  0.06389858   -0.04113645  0.03687773   -0.13345814 -0.04202170
 -0.04113645  0.03687773   -0.07423430  0.06262529    0.04113645 -0.03687773
 -0.13345814 -0.04202170    0.04113645 -0.03687773   -0.05535200  0.06389858
    2    1
 -0.05535200 -0.06389858   -0.04113645 -0.03687773   -0.13345814  0.04202170
 -0.04113645 -0.03687773   -0.07423430 -0.06262529    0.04113645  0.03687773
 -0.13345814  0.04202170    0.04113645  0.03687773   -0.05535200 -0.06389858
    2    2
  0.23457525  0.00000000   -0.00489662  0.00746349   -0.00211392 -0.00000000
 -0.00489662 -0.00746349    0.29033766 -0.00000000    0.00489662  0.00746349
 -0.00211392 -0.00000000    0.00489662 -0.00746349    0.23457525  0.00000000

     Dynamical  Matrix in cartesian axes

     q = (   -0.750000000  -0.250000000  -0.750000000 ) 

    1    1
  0.23457525  0.00000000    0.00489662 -0.00746349    0.00211392  0.00000000
  0.00489662  0.00746349    0.29033766 -0.00000000    0.00489662  0.00746349
  0.00211392  0.00000000    0.00489662 -0.00746349    0.23457525  0.00000000
    1    2
  0.05535200  0.06389858   -0.04113645 -0.03687773   -0.13345814  0.04202170
 -0.04113645 -0.03687773    0.07423430  0.06262529   -0.04113645 -0.03687773
 -0.13345814  0.04202170   -0.04113645 -0.03687773    0.05535200  0.06389858
    2    1
  0.05535200 -0.06389858   -0.04113645  0.03687773   -0.13345814 -0.04202170
 -0.04113645  0.03687773    0.07423430 -0.06262529   -0.04113645  0.03687773
 -0.13345814 -0.04202170   -0.04113645  0.03687773    0.05535200 -0.06389858
    2    2
  0.23457525 -0.00000000    0.00489662  0.00746349    0.00211392 -0.00000000
  0.00489662 -0.00746349    0.29033766  0.00000000    0.00489662 -0.00746349
  0.00211392 -0.00000000    0.00489662  0.00746349    0.23457525 -0.00000000

     Dynamical  Matrix in cartesian axes

     q = (   -0.750000000  -0.250000000   0.750000000 ) 

    1    1
  0.23457525 -0.00000000    0.00489662  0.00746349   -0.00211392  0.00000000
  0.00489662 -0.00746349    0.29033766  0.00000000   -0.00489662  0.00746349
 -0.00211392  0.00000000   -0.00489662 -0.00746349    0.23457525 -0.00000000
    1    2
 -0.05535200  0.06389858    0.04113645 -0.03687773   -0.13345814 -0.04202170
  0.04113645 -0.03687773   -0.07423430  0.06262529   -0.04113645  0.03687773
 -0.13345814 -0.04202170   -0.04113645  0.03687773   -0.05535200  0.06389858
    2    1
 -0.05535200 -0.06389858    0.04113645  0.03687773   -0.13345814  0.04202170
  0.04113645  0.03687773   -0.07423430 -0.06262529   -0.04113645 -0.03687773
 -0.13345814  0.04202170   -0.04113645 -0.03687773   -0.05535200 -0.06389858
    2    2
  0.23457525  0.00000000    0.00489662 -0.00746349   -0.00211392 -0.00000000
  0.00489662  0.00746349    0.29033766 -0.00000000   -0.00489662 -0.00746349
 -0.00211392 -0.00000000   -0.00489662  0.00746349    0.23457525  0.00000000

     Dynamical  Matrix in cartesian axes

     q = (   -0.750000000   0.250000000  -0.750000000 ) 

    1    1
  0.23457525 -0.00000000   -0.00489662 -0.00746349    0.00211392 -0.00000000
 -0.00489662  0.00746349    0.29033766  0.00000000   -0.00489662  0.00746349
  0.00211392 -0.00000000   -0.00489662 -0.00746349    0.23457525 -0.00000000
    1    2
 -0.06389858 -0.05535200   -0.03687773 -0.04113645   -0.04202170  0.13345814
 -0.03687773 -0.04113645   -0.06262529 -0.07423430   -0.03687773 -0.04113645
 -0.04202170  0.13345814   -0.03687773 -0.04113645   -0.06389858 -0.05535200
    2    1
 -0.06389858  0.05535200   -0.03687773  0.04113645   -0.04202170 -0.13345814
 -0.03687773  0.04113645   -0.06262529  0.07423430   -0.03687773  0.04113645
 -0.04202170 -0.13345814   -0.03687773  0.04113645   -0.06389858  0.05535200
    2    2
  0.23457525  0.00000000   -0.00489662  0.00746349    0.00211392  0.00000000
 -0.00489662 -0.00746349    0.29033766 -0.00000000   -0.00489662 -0.00746349
  0.00211392  0.00000000   -0.00489662  0.00746349    0.23457525  0.00000000

     Dynamical  Matrix in cartesian axes

     q = (   -0.250000000   0.750000000  -0.750000000 ) 

    1    1
  0.29033766  0.00000000   -0.00489662  0.00746349    0.00489662 -0.00746349
 -0.00489662 -0.00746349    0.23457525 -0.00000000   -0.00211392  0.00000000
  0.00489662  0.00746349   -0.00211392  0.00000000    0.23457525 -0.00000000
    1    2
 -0.07423430  0.06262529   -0.04113645  0.03687773    0.04113645 -0.03687773
 -0.04113645  0.03687773   -0.05535200  0.06389858   -0.13345814 -0.04202170
  0.04113645 -0.03687773   -0.13345814 -0.04202170   -0.05535200  0.06389858
    2    1
 -0.07423430 -0.06262529   -0.04113645 -0.03687773    0.04113645  0.03687773
 -0.04113645 -0.03687773   -0.05535200 -0.06389858   -0.13345814  0.04202170
  0.04113645  0.03687773   -0.13345814  0.04202170   -0.05535200 -0.06389858
    2    2
  0.29033766 -0.00000000   -0.00489662 -0.00746349    0.00489662  0.00746349
 -0.00489662  0.00746349    0.23457525  0.00000000   -0.00211392 -0.00000000
  0.00489662 -0.00746349   -0.00211392 -0.00000000    0.23457525  0.00000000

     Dynamical  Matrix in cartesian axes

     q = (   -0.750000000   0.750000000  -0.250000000 ) 

    1    1
  0.23457525 -0.00000000   -0.00211392  0.00000000    0.00489662  0.00746349
 -0.00211392  0.00000000    0.23457525 -0.00000000   -0.00489662 -0.00746349
  0.00489662 -0.00746349   -0.00489662  0.00746349    0.29033766  0.00000000
    1    2
 -0.05535200  0.06389858   -0.13345814 -0.04202170    0.04113645 -0.03687773
 -0.13345814 -0.04202170   -0.05535200  0.06389858   -0.04113645  0.03687773
  0.04113645 -0.03687773   -0.04113645  0.03687773   -0.07423430  0.06262529
    2    1
 -0.05535200 -0.06389858   -0.13345814  0.04202170    0.04113645  0.03687773
 -0.13345814  0.04202170   -0.05535200 -0.06389858   -0.04113645 -0.03687773
  0.04113645  0.03687773   -0.04113645 -0.03687773   -0.07423430 -0.06262529
    2    2
  0.23457525  0.00000000   -0.00211392 -0.00000000    0.00489662 -0.00746349
 -0.00211392 -0.00000000    0.23457525  0.00000000   -0.00489662  0.00746349
  0.00489662  0.00746349   -0.00489662 -0.00746349    0.29033766 -0.00000000

     Dynamical  Matrix in cartesian axes

     q = (    0.750000000   0.250000000   0.750000000 ) 

    1    1
  0.23457525 -0.00000000    0.00489662  0.00746349    0.00211392 -0.00000000
  0.00489662 -0.00746349    0.29033766  0.00000000    0.00489662 -0.00746349
  0.00211392 -0.00000000    0.00489662  0.00746349    0.23457525 -0.00000000
    1    2
  0.05535200 -0.06389858   -0.04113645  0.03687773   -0.13345814 -0.04202170
 -0.04113645  0.03687773    0.07423430 -0.06262529   -0.04113645  0.03687773
 -0.13345814 -0.04202170   -0.04113645  0.03687773    0.05535200 -0.06389858
    2    1
  0.05535200  0.06389858   -0.04113645 -0.03687773   -0.13345814  0.04202170
 -0.04113645 -0.03687773    0.07423430  0.06262529   -0.04113645 -0.03687773
 -0.13345814  0.04202170   -0.04113645 -0.03687773    0.05535200  0.06389858
    2    2
  0.23457525  0.00000000    0.00489662 -0.00746349    0.00211392  0.00000000
  0.00489662  0.00746349    0.29033766 -0.00000000    0.00489662  0.00746349
  0.00211392  0.00000000    0.00489662 -0.00746349    0.23457525  0.00000000

     Dynamical  Matrix in cartesian axes

     q = (   -0.750000000   0.250000000   0.750000000 ) 

    1    1
  0.23457525  0.00000000   -0.00489662  0.00746349   -0.00211392 -0.00000000
 -0.00489662 -0.00746349    0.29033766 -0.00000000    0.00489662  0.00746349
 -0.00211392 -0.00000000    0.00489662 -0.00746349    0.23457525  0.00000000
    1    2
 -0.05535200 -0.06389858   -0.04113645 -0.03687773   -0.13345814  0.04202170
 -0.04113645 -0.03687773   -0.07423430 -0.06262529    0.04113645  0.03687773
 -0.13345814  0.04202170    0.04113645  0.03687773   -0.05535200 -0.06389858
    2    1
 -0.05535200  0.06389858   -0.04113645  0.03687773   -0.13345814 -0.04202170
 -0.04113645  0.03687773   -0.07423430  0.06262529    0.04113645 -0.03687773
 -0.13345814 -0.04202170    0.04113645 -0.03687773   -0.05535200  0.06389858
    2    2
  0.23457525 -0.00000000   -0.00489662 -0.00746349   -0.00211392  0.00000000
 -0.00489662  0.00746349    0.29033766  0.00000000    0.00489662 -0.00746349
 -0.00211392  0.00000000    0.00489662  0.00746349    0.23457525 -0.00000000

     Dynamical  Matrix in cartesian axes

     q = (    0.750000000   0.250000000  -0.750000000 ) 

    1    1
  0.23457525  0.00000000    0.00489662 -0.00746349   -0.00211392 -0.00000000
  0.00489662  0.00746349    0.29033766 -0.00000000   -0.00489662 -0.00746349
 -0.00211392 -0.00000000   -0.00489662  0.00746349    0.23457525  0.00000000
    1    2
 -0.05535200 -0.06389858    0.04113645  0.03687773   -0.13345814  0.04202170
  0.04113645  0.03687773   -0.07423430 -0.06262529   -0.04113645 -0.03687773
 -0.13345814  0.04202170   -0.04113645 -0.03687773   -0.05535200 -0.06389858
    2    1
 -0.05535200  0.06389858    0.04113645 -0.03687773   -0.13345814 -0.04202170
  0.04113645 -0.03687773   -0.07423430  0.06262529   -0.04113645  0.03687773
 -0.13345814 -0.04202170   -0.04113645  0.03687773   -0.05535200  0.06389858
    2    2
  0.23457525 -0.00000000    0.00489662  0.00746349   -0.00211392  0.00000000
  0.00489662 -0.00746349    0.29033766  0.00000000   -0.00489662  0.00746349
 -0.00211392  0.00000000   -0.00489662 -0.00746349    0.23457525 -0.00000000

     Dynamical  Matrix in cartesian axes

     q = (   -0.750000000   0.750000000   0.250000000 ) 

    1    1
  0.23457525  0.00000000   -0.00211392 -0.00000000   -0.00489662  0.00746349
 -0.00211392 -0.00000000    0.23457525  0.00000000    0.00489662 -0.00746349
 -0.00489662 -0.00746349    0.00489662  0.00746349    0.29033766 -0.00000000
    1    2
 -0.05535200 -0.06389858   -0.13345814  0.04202170   -0.04113645 -0.03687773
 -0.13345814  0.04202170   -0.05535200 -0.06389858    0.04113645  0.03687773
 -0.04113645 -0.03687773    0.04113645  0.03687773   -0.07423430 -0.06262529
    2    1
 -0.05535200  0.06389858   -0.13345814 -0.04202170   -0.04113645  0.03687773
 -0.13345814 -0.04202170   -0.05535200  0.06389858    0.04113645 -0.03687773
 -0.04113645  0.03687773    0.04113645 -0.03687773   -0.07423430  0.06262529
    2    2
  0.23457525 -0.00000000   -0.00211392  0.00000000   -0.00489662 -0.00746349
 -0.00211392  0.00000000    0.23457525 -0.00000000    0.00489662  0.00746349
 -0.00489662  0.00746349    0.00489662 -0.00746349    0.29033766  0.00000000

     Dynamical  Matrix in cartesian axes

     q = (   -0.250000000   0.750000000   0.750000000 ) 

    1    1
  0.29033766 -0.00000000   -0.00489662 -0.00746349   -0.00489662 -0.00746349
 -0.00489662  0.00746349    0.23457525  0.00000000    0.00211392  0.00000000
 -0.00489662  0.00746349    0.00211392  0.00000000    0.23457525  0.00000000
    1    2
 -0.06262529  0.07423430   -0.03687773  0.04113645   -0.03687773  0.04113645
 -0.03687773  0.04113645   -0.06389858  0.05535200   -0.04202170 -0.13345814
 -0.03687773  0.04113645   -0.04202170 -0.13345814   -0.06389858  0.05535200
    2    1
 -0.06262529 -0.07423430   -0.03687773 -0.04113645   -0.03687773 -0.04113645
 -0.03687773 -0.04113645   -0.06389858 -0.05535200   -0.04202170  0.13345814
 -0.03687773 -0.04113645   -0.04202170  0.13345814   -0.06389858 -0.05535200
    2    2
  0.29033766  0.00000000   -0.00489662  0.00746349   -0.00489662  0.00746349
 -0.00489662 -0.00746349    0.23457525 -0.00000000    0.00211392 -0.00000000
 -0.00489662 -0.00746349    0.00211392 -0.00000000    0.23457525 -0.00000000

     Dynamical  Matrix in cartesian axes

     q = (    0.250000000   0.750000000  -0.750000000 ) 

    1    1
  0.29033766 -0.00000000    0.00489662  0.00746349   -0.00489662 -0.00746349
  0.00489662 -0.00746349    0.23457525  0.00000000   -0.00211392 -0.00000000
 -0.00489662  0.00746349   -0.00211392 -0.00000000    0.23457525  0.00000000
    1    2
 -0.07423430 -0.06262529    0.04113645  0.03687773   -0.04113645 -0.03687773
  0.04113645  0.03687773   -0.05535200 -0.06389858   -0.13345814  0.04202170
 -0.04113645 -0.03687773   -0.13345814  0.04202170   -0.05535200 -0.06389858
    2    1
 -0.07423430  0.06262529    0.04113645 -0.03687773   -0.04113645  0.03687773
  0.04113645 -0.03687773   -0.05535200  0.06389858   -0.13345814 -0.04202170
 -0.04113645  0.03687773   -0.13345814 -0.04202170   -0.05535200  0.06389858
    2    2
  0.29033766  0.00000000    0.00489662 -0.00746349   -0.00489662  0.00746349
  0.00489662  0.00746349    0.23457525 -0.00000000   -0.00211392  0.00000000
 -0.00489662 -0.00746349   -0.00211392  0.00000000    0.23457525 -0.00000000

     Dynamical  Matrix in cartesian axes

     q = (   -0.250000000  -0.750000000  -0.750000000 ) 

    1    1
  0.29033766 -0.00000000    0.00489662  0.00746349    0.00489662  0.00746349
  0.00489662 -0.00746349    0.23457525  0.00000000    0.00211392  0.00000000
  0.00489662 -0.00746349    0.00211392  0.00000000    0.23457525  0.00000000
    1    2
  0.07423430  0.06262529   -0.04113645 -0.03687773   -0.04113645 -0.03687773
 -0.04113645 -0.03687773    0.05535200  0.06389858   -0.13345814  0.04202170
 -0.04113645 -0.03687773   -0.13345814  0.04202170    0.05535200  0.06389858
    2    1
  0.07423430 -0.06262529   -0.04113645  0.03687773   -0.04113645  0.03687773
 -0.04113645  0.03687773    0.05535200 -0.06389858   -0.13345814 -0.04202170
 -0.04113645  0.03687773   -0.13345814 -0.04202170    0.05535200 -0.06389858
    2    2
  0.29033766  0.00000000    0.00489662 -0.00746349    0.00489662 -0.00746349
  0.00489662  0.00746349    0.23457525 -0.00000000    0.00211392 -0.00000000
  0.00489662  0.00746349    0.00211392 -0.00000000    0.23457525 -0.00000000

     Dynamical  Matrix in cartesian axes

     q = (    0.750000000   0.750000000  -0.250000000 ) 

    1    1
  0.23457525  0.00000000    0.00211392  0.00000000   -0.00489662  0.00746349
  0.00211392  0.00000000    0.23457525  0.00000000   -0.00489662  0.00746349
 -0.00489662 -0.00746349   -0.00489662 -0.00746349    0.29033766 -0.00000000
    1    2
 -0.06389858  0.05535200   -0.04202170 -0.13345814   -0.03687773  0.04113645
 -0.04202170 -0.13345814   -0.06389858  0.05535200   -0.03687773  0.04113645
 -0.03687773  0.04113645   -0.03687773  0.04113645   -0.06262529  0.07423430
    2    1
 -0.06389858 -0.05535200   -0.04202170  0.13345814   -0.03687773 -0.04113645
 -0.04202170  0.13345814   -0.06389858 -0.05535200   -0.03687773 -0.04113645
 -0.03687773 -0.04113645   -0.03687773 -0.04113645   -0.06262529 -0.07423430
    2    2
  0.23457525 -0.00000000    0.00211392 -0.00000000   -0.00489662 -0.00746349
  0.00211392 -0.00000000    0.23457525 -0.00000000   -0.00489662 -0.00746349
 -0.00489662  0.00746349   -0.00489662  0.00746349    0.29033766  0.00000000

     Dynamical  Matrix in cartesian axes

     q = (    0.750000000  -0.750000000   0.250000000 ) 

    1    1
  0.23457525  0.00000000   -0.00211392 -0.00000000    0.00489662 -0.00746349
 -0.00211392 -0.00000000    0.23457525  0.00000000   -0.00489662  0.00746349
  0.00489662  0.00746349   -0.00489662 -0.00746349    0.29033766 -0.00000000
    1    2
 -0.05535200 -0.06389858   -0.13345814  0.04202170    0.04113645  0.03687773
 -0.13345814  0.04202170   -0.05535200 -0.06389858   -0.04113645 -0.03687773
  0.04113645  0.03687773   -0.04113645 -0.03687773   -0.07423430 -0.06262529
    2    1
 -0.05535200  0.06389858   -0.13345814 -0.04202170    0.04113645 -0.03687773
 -0.13345814 -0.04202170   -0.05535200  0.06389858   -0.04113645  0.03687773
  0.04113645 -0.03687773   -0.04113645  0.03687773   -0.07423430  0.06262529
    2    2
  0.23457525 -0.00000000   -0.00211392  0.00000000    0.00489662  0.00746349
 -0.00211392  0.00000000    0.23457525 -0.00000000   -0.00489662 -0.00746349
  0.00489662 -0.00746349   -0.00489662  0.00746349    0.29033766  0.00000000

     Dynamical  Matrix in cartesian axes

     q = (   -0.750000000  -0.750000000  -0.250000000 ) 

    1    1
  0.23457525  0.00000000    0.00211392  0.00000000    0.00489662 -0.00746349
  0.00211392  0.00000000    0.23457525  0.00000000    0.00489662 -0.00746349
  0.00489662  0.00746349    0.00489662  0.00746349    0.29033766 -0.00000000
    1    2
  0.05535200  0.06389858   -0.13345814  0.04202170   -0.04113645 -0.03687773
 -0.13345814  0.04202170    0.05535200  0.06389858   -0.04113645 -0.03687773
 -0.04113645 -0.03687773   -0.04113645 -0.03687773    0.07423430  0.06262529
    2    1
  0.05535200 -0.06389858   -0.13345814 -0.04202170   -0.04113645  0.03687773
 -0.13345814 -0.04202170    0.05535200 -0.06389858   -0.04113645  0.03687773
 -0.04113645  0.03687773   -0.04113645  0.03687773    0.07423430 -0.06262529
    2    2
  0.23457525 -0.00000000    0.00211392 -0.00000000    0.00489662  0.00746349
  0.00211392 -0.00000000    0.23457525 -0.00000000    0.00489662  0.00746349
  0.00489662 -0.00746349    0.00489662 -0.00746349    0.29033766  0.00000000

     Dynamical  Matrix in cartesian axes

     q = (    0.250000000  -0.750000000   0.750000000 ) 

    1    1
  0.29033766 -0.00000000   -0.00489662 -0.00746349    0.00489662  0.00746349
 -0.00489662  0.00746349    0.23457525  0.00000000   -0.00211392 -0.00000000
  0.00489662 -0.00746349   -0.00211392 -0.00000000    0.23457525  0.00000000
    1    2
 -0.07423430 -0.06262529   -0.04113645 -0.03687773    0.04113645  0.03687773
 -0.04113645 -0.03687773   -0.05535200 -0.06389858   -0.13345814  0.04202170
  0.04113645  0.03687773   -0.13345814  0.04202170   -0.05535200 -0.06389858
    2    1
 -0.07423430  0.06262529   -0.04113645  0.03687773    0.04113645 -0.03687773
 -0.04113645  0.03687773   -0.05535200  0.06389858   -0.13345814 -0.04202170
  0.04113645 -0.03687773   -0.13345814 -0.04202170   -0.05535200  0.06389858
    2    2
  0.29033766  0.00000000   -0.00489662  0.00746349    0.00489662 -0.00746349
 -0.00489662 -0.00746349    0.23457525 -0.00000000   -0.00211392  0.00000000
  0.00489662  0.00746349   -0.00211392  0.00000000    0.23457525 -0.00000000

     Dynamical  Matrix in cartesian axes

     q = (   -0.750000000  -0.750000000   0.250000000 ) 

    1    1
  0.23457525 -0.00000000    0.00211392 -0.00000000   -0.00489662 -0.00746349
  0.00211392 -0.00000000    0.23457525 -0.00000000   -0.00489662 -0.00746349
 -0.00489662  0.00746349   -0.00489662  0.00746349    0.29033766  0.00000000
    1    2
 -0.06389858 -0.05535200   -0.04202170  0.13345814   -0.03687773 -0.04113645
 -0.04202170  0.13345814   -0.06389858 -0.05535200   -0.03687773 -0.04113645
 -0.03687773 -0.04113645   -0.03687773 -0.04113645   -0.06262529 -0.07423430
    2    1
 -0.06389858  0.05535200   -0.04202170 -0.13345814   -0.03687773  0.04113645
 -0.04202170 -0.13345814   -0.06389858  0.05535200   -0.03687773  0.04113645
 -0.03687773  0.04113645   -0.03687773  0.04113645   -0.06262529  0.07423430
    2    2
  0.23457525  0.00000000    0.00211392  0.00000000   -0.00489662  0.00746349
  0.00211392  0.00000000    0.23457525  0.00000000   -0.00489662  0.00746349
 -0.00489662 -0.00746349   -0.00489662 -0.00746349    0.29033766 -0.00000000

     Dynamical  Matrix in cartesian axes

     q = (    0.250000000   0.750000000   0.750000000 ) 

    1    1
  0.29033766  0.00000000    0.00489662 -0.00746349    0.00489662 -0.00746349
  0.00489662  0.00746349    0.23457525 -0.00000000    0.00211392 -0.00000000
  0.00489662  0.00746349    0.00211392 -0.00000000    0.23457525 -0.00000000
    1    2
  0.07423430 -0.06262529   -0.04113645  0.03687773   -0.04113645  0.03687773
 -0.04113645  0.03687773    0.05535200 -0.06389858   -0.13345814 -0.04202170
 -0.04113645  0.03687773   -0.13345814 -0.04202170    0.05535200 -0.06389858
    2    1
  0.07423430  0.06262529   -0.04113645 -0.03687773   -0.04113645 -0.03687773
 -0.04113645 -0.03687773    0.05535200  0.06389858   -0.13345814  0.04202170
 -0.04113645 -0.03687773   -0.13345814  0.04202170    0.05535200  0.06389858
    2    2
  0.29033766 -0.00000000    0.00489662  0.00746349    0.00489662  0.00746349
  0.00489662 -0.00746349    0.23457525  0.00000000    0.00211392  0.00000000
  0.00489662 -0.00746349    0.00211392  0.00000000    0.23457525  0.00000000

     Dynamical  Matrix in cartesian axes

     q = (   -0.250000000  -0.750000000   0.750000000 ) 

    1    1
  0.29033766  0.00000000    0.00489662 -0.00746349   -0.00489662  0.00746349
  0.00489662  0.00746349    0.23457525 -0.00000000   -0.00211392  0.00000000
 -0.00489662 -0.00746349   -0.00211392  0.00000000    0.23457525 -0.00000000
    1    2
 -0.07423430  0.06262529    0.04113645 -0.03687773   -0.04113645  0.03687773
  0.04113645 -0.03687773   -0.05535200  0.06389858   -0.13345814 -0.04202170
 -0.04113645  0.03687773   -0.13345814 -0.04202170   -0.05535200  0.06389858
    2    1
 -0.07423430 -0.06262529    0.04113645  0.03687773   -0.04113645 -0.03687773
  0.04113645  0.03687773   -0.05535200 -0.06389858   -0.13345814  0.04202170
 -0.04113645 -0.03687773   -0.13345814  0.04202170   -0.05535200 -0.06389858
    2    2
  0.29033766 -0.00000000    0.00489662  0.00746349   -0.00489662 -0.00746349
  0.00489662 -0.00746349    0.23457525  0.00000000   -0.00211392 -0.00000000
 -0.00489662  0.00746349   -0.00211392 -0.00000000    0.23457525  0.00000000

     Dynamical  Matrix in cartesian axes

     q = (    0.750000000   0.750000000   0.250000000 ) 

    1    1
  0.23457525 -0.00000000    0.00211392 -0.00000000    0.00489662  0.00746349
  0.00211392 -0.00000000    0.23457525 -0.00000000    0.00489662  0.00746349
  0.00489662 -0.00746349    0.00489662 -0.00746349    0.29033766  0.00000000
    1    2
  0.05535200 -0.06389858   -0.13345814 -0.04202170   -0.04113645  0.03687773
 -0.13345814 -0.04202170    0.05535200 -0.06389858   -0.04113645  0.03687773
 -0.04113645  0.03687773   -0.04113645  0.03687773    0.07423430 -0.06262529
    2    1
  0.05535200  0.06389858   -0.13345814  0.04202170   -0.04113645 -0.03687773
 -0.13345814  0.04202170    0.05535200  0.06389858   -0.04113645 -0.03687773
 -0.04113645 -0.03687773   -0.04113645 -0.03687773    0.07423430  0.06262529
    2    2
  0.23457525  0.00000000    0.00211392  0.00000000    0.00489662 -0.00746349
  0.00211392  0.00000000    0.23457525  0.00000000    0.00489662 -0.00746349
  0.00489662  0.00746349    0.00489662  0.00746349    0.29033766 -0.00000000

     Dynamical  Matrix in cartesian axes

     q = (    0.250000000  -0.750000000  -0.750000000 ) 

    1    1
  0.29033766  0.00000000   -0.00489662  0.00746349   -0.00489662  0.00746349
 -0.00489662 -0.00746349    0.23457525 -0.00000000    0.00211392 -0.00000000
 -0.00489662 -0.00746349    0.00211392 -0.00000000    0.23457525 -0.00000000
    1    2
 -0.06262529 -0.07423430   -0.03687773 -0.04113645   -0.03687773 -0.04113645
 -0.03687773 -0.04113645   -0.06389858 -0.05535200   -0.04202170  0.13345814
 -0.03687773 -0.04113645   -0.04202170  0.13345814   -0.06389858 -0.05535200
    2    1
 -0.06262529  0.07423430   -0.03687773  0.04113645   -0.03687773  0.04113645
 -0.03687773  0.04113645   -0.06389858  0.05535200   -0.04202170 -0.13345814
 -0.03687773  0.04113645   -0.04202170 -0.13345814   -0.06389858  0.05535200
    2    2
  0.29033766 -0.00000000   -0.00489662 -0.00746349   -0.00489662 -0.00746349
 -0.00489662  0.00746349    0.23457525  0.00000000    0.00211392  0.00000000
 -0.00489662  0.00746349    0.00211392  0.00000000    0.23457525  0.00000000

     Dynamical  Matrix in cartesian axes

     q = (    0.750000000  -0.750000000  -0.250000000 ) 

    1    1
  0.23457525 -0.00000000   -0.00211392  0.00000000   -0.00489662 -0.00746349
 -0.00211392  0.00000000    0.23457525 -0.00000000    0.00489662  0.00746349
 -0.00489662  0.00746349    0.00489662 -0.00746349    0.29033766  0.00000000
    1    2
 -0.05535200  0.06389858   -0.13345814 -0.04202170   -0.04113645  0.03687773
 -0.13345814 -0.04202170   -0.05535200  0.06389858    0.04113645 -0.03687773
 -0.04113645  0.03687773    0.04113645 -0.03687773   -0.07423430  0.06262529
    2    1
 -0.05535200 -0.06389858   -0.13345814  0.04202170   -0.04113645 -0.03687773
 -0.13345814  0.04202170   -0.05535200 -0.06389858    0.04113645  0.03687773
 -0.04113645 -0.03687773    0.04113645  0.03687773   -0.07423430 -0.06262529
    2    2
  0.23457525  0.00000000   -0.00211392 -0.00000000   -0.00489662  0.00746349
 -0.00211392 -0.00000000    0.23457525  0.00000000    0.00489662 -0.00746349
 -0.00489662 -0.00746349    0.00489662  0.00746349    0.29033766 -0.00000000

     Diagonalizing the dynamical matrix

     q = (    0.750000000  -0.250000000   0.750000000 ) 

 **************************************************************************
     freq (    1) =       4.233373 [THz] =     141.210118 [cm-1]
 (  0.057549 -0.496677  0.000000 -0.000000 -0.057549  0.496677 ) 
 (  0.500000 -0.000000  0.000000  0.000000 -0.500000  0.000000 ) 
     freq (    2) =       5.515603 [THz] =     183.980713 [cm-1]
 ( -0.397624 -0.196070 -0.299569  0.131001 -0.397624 -0.196070 ) 
 ( -0.443338  0.000000 -0.210743 -0.249980 -0.443338  0.000000 ) 
     freq (    3) =       9.051852 [THz] =     301.937286 [cm-1]
 (  0.131277 -0.246820  0.391782  0.436119  0.131277 -0.246820 ) 
 ( -0.279560  0.000000  0.201070  0.550693 -0.279560  0.000000 ) 
     freq (    4) =      11.999029 [THz] =     400.244513 [cm-1]
 (  0.111444  0.312815 -0.415131 -0.327293  0.111444  0.312815 ) 
 ( -0.332073 -0.000000  0.447630  0.281216 -0.332073  0.000000 ) 
     freq (    5) =      13.365838 [THz] =     445.836372 [cm-1]
 (  0.057549 -0.496677 -0.000000  0.000000 -0.057549  0.496677 ) 
 ( -0.500000 -0.000000  0.000000  0.000000  0.500000  0.000000 ) 
     freq (    6) =      13.759152 [THz] =     458.955909 [cm-1]
 ( -0.302444 -0.153468 -0.475118  0.210270 -0.302444 -0.153468 ) 
 (  0.339153  0.000000  0.328544  0.402504  0.339153 -0.000000 ) 
 **************************************************************************
