Dynamical matrix file
                                                                           
  1    2  2 10.2980000  0.0000000  0.0000000  0.0000000  0.0000000  0.0000000
           1  'Si  '    25598.822984527003     
    1    1      0.0000000000      0.0000000000      0.0000000000
    2    1      0.2500000000      0.2500000000      0.2500000000

     Dynamical  Matrix in cartesian axes

     q = (    0.750000000  -0.250000000   0.750000000 ) 

    1    1
  0.25177857  0.00000000   -0.00645560  0.00777801    0.00605748  0.00000000
 -0.00645560 -0.00777801    0.30353647  0.00000000   -0.00645560 -0.00777801
  0.00605748  0.00000000   -0.00645560  0.00777801    0.25177857  0.00000000
    1    2
 -0.06170552  0.06286154   -0.04255834  0.04503331   -0.04294436 -0.14057912
 -0.04255834  0.04503331   -0.06003328  0.08133675   -0.04255834  0.04503331
 -0.04294436 -0.14057912   -0.04255834  0.04503331   -0.06170552  0.06286154
    2    1
 -0.06170552 -0.06286154   -0.04255834 -0.04503331   -0.04294436  0.14057912
 -0.04255834 -0.04503331   -0.06003328 -0.08133675   -0.04255834 -0.04503331
 -0.04294436  0.14057912   -0.04255834 -0.04503331   -0.06170552 -0.06286154
    2    2
  0.25177857  0.00000000   -0.00645560 -0.00777801    0.00605748  0.00000000
 -0.00645560  0.00777801    0.30353647  0.00000000   -0.00645560  0.00777801
  0.00605748  0.00000000   -0.00645560 -0.00777801    0.25177857  0.00000000

     Dynamical  Matrix in cartesian axes

     q = (    0.750000000  -0.250000000  -0.750000000 ) 

    1    1
  0.25177857  0.00000000   -0.00645560 -0.00777801   -0.00605748  0.00000000
 -0.00645560  0.00777801    0.30353647  0.00000000    0.00645560 -0.00777801
 -0.00605748  0.00000000    0.00645560  0.00777801    0.25177857  0.00000000
    1    2
 -0.06286154  0.06170552   -0.04503331  0.04255834   -0.14057912 -0.04294436
 -0.04503331  0.04255834   -0.08133675  0.06003328    0.04503331 -0.04255834
 -0.14057912 -0.04294436    0.04503331 -0.04255834   -0.06286154  0.06170552
    2    1
 -0.06286154 -0.06170552   -0.04503331 -0.04255834   -0.14057912  0.04294436
 -0.04503331 -0.04255834   -0.08133675 -0.06003328    0.04503331  0.04255834
 -0.14057912  0.04294436    0.04503331  0.04255834   -0.06286154 -0.06170552
    2    2
  0.25177857  0.00000000   -0.00645560  0.00777801   -0.00605748  0.00000000
 -0.00645560 -0.00777801    0.30353647  0.00000000    0.00645560  0.00777801
 -0.00605748  0.00000000    0.00645560 -0.00777801    0.25177857  0.00000000

     Dynamical  Matrix in cartesian axes

     q = (   -0.750000000  -0.250000000  -0.750000000 ) 

    1    1
  0.25177857  0.00000000    0.00645560 -0.00777801    0.00605748  0.00000000
  0.00645560  0.00777801    0.30353647  0.00000000    0.00645560  0.00777801
  0.00605748  0.00000000    0.00645560 -0.00777801    0.25177857  0.00000000
    1    2
  0.06286154  0.06170552   -0.04503331 -0.04255834   -0.14057912  0.04294436
 -0.04503331 -0.04255834    0.08133675  0.06003328   -0.04503331 -0.04255834
 -0.14057912  0.04294436   -0.04503331 -0.04255834    0.06286154  0.06170552
    2    1
  0.06286154 -0.06170552   -0.04503331  0.04255834   -0.14057912 -0.04294436
 -0.04503331  0.04255834    0.08133675 -0.06003328   -0.04503331  0.04255834
 -0.14057912 -0.04294436   -0.04503331  0.04255834    0.06286154 -0.06170552
    2    2
  0.25177857  0.00000000    0.00645560  0.00777801    0.00605748  0.00000000
  0.00645560 -0.00777801    0.30353647  0.00000000    0.00645560 -0.00777801
  0.00605748  0.00000000    0.00645560  0.00777801    0.25177857  0.00000000

     Dynamical  Matrix in cartesian axes

     q = (   -0.750000000  -0.250000000   0.750000000 ) 

    1    1
  0.25177857  0.00000000    0.00645560  0.00777801   -0.00605748  0.00000000
  0.00645560 -0.00777801    0.30353647  0.00000000   -0.00645560  0.00777801
 -0.00605748  0.00000000   -0.00645560 -0.00777801    0.25177857  0.00000000
    1    2
 -0.06286154  0.06170552    0.04503331 -0.04255834   -0.14057912 -0.04294436
  0.04503331 -0.04255834   -0.08133675  0.06003328   -0.04503331  0.04255834
 -0.14057912 -0.04294436   -0.04503331  0.04255834   -0.06286154  0.06170552
    2    1
 -0.06286154 -0.06170552    0.04503331  0.04255834   -0.14057912  0.04294436
  0.04503331  0.04255834   -0.08133675 -0.06003328   -0.04503331 -0.04255834
 -0.14057912  0.04294436   -0.04503331 -0.04255834   -0.06286154 -0.06170552
    2    2
  0.25177857  0.00000000    0.00645560 -0.00777801   -0.00605748  0.00000000
  0.00645560  0.00777801    0.30353647  0.00000000   -0.00645560 -0.00777801
 -0.00605748  0.00000000   -0.00645560  0.00777801    0.25177857  0.00000000

     Dynamical  Matrix in cartesian axes

     q = (   -0.750000000   0.250000000  -0.750000000 ) 

    1    1
  0.25177857  0.00000000   -0.00645560 -0.00777801    0.00605748  0.00000000
 -0.00645560  0.00777801    0.30353647  0.00000000   -0.00645560  0.00777801
  0.00605748  0.00000000   -0.00645560 -0.00777801    0.25177857  0.00000000
    1    2
 -0.06170552 -0.06286154   -0.04255834 -0.04503331   -0.04294436  0.14057912
 -0.04255834 -0.04503331   -0.06003328 -0.08133675   -0.04255834 -0.04503331
 -0.04294436  0.14057912   -0.04255834 -0.04503331   -0.06170552 -0.06286154
    2    1
 -0.06170552  0.06286154   -0.04255834  0.04503331   -0.04294436 -0.14057912
 -0.04255834  0.04503331   -0.06003328  0.08133675   -0.04255834  0.04503331
 -0.04294436 -0.14057912   -0.04255834  0.04503331   -0.06170552  0.06286154
    2    2
  0.25177857  0.00000000   -0.00645560  0.00777801    0.00605748  0.00000000
 -0.00645560 -0.00777801    0.30353647  0.00000000   -0.00645560 -0.00777801
  0.00605748  0.00000000   -0.00645560  0.00777801    0.25177857  0.00000000

     Dynamical  Matrix in cartesian axes

     q = (   -0.250000000   0.750000000  -0.750000000 ) 

    1    1
  0.30353647  0.00000000   -0.00645560  0.00777801    0.00645560 -0.00777801
 -0.00645560 -0.00777801    0.25177857  0.00000000   -0.00605748  0.00000000
  0.00645560  0.00777801   -0.00605748  0.00000000    0.25177857  0.00000000
    1    2
 -0.08133675  0.06003328   -0.04503331  0.04255834    0.04503331 -0.04255834
 -0.04503331  0.04255834   -0.06286154  0.06170552   -0.14057912 -0.04294436
  0.04503331 -0.04255834   -0.14057912 -0.04294436   -0.06286154  0.06170552
    2    1
 -0.08133675 -0.06003328   -0.04503331 -0.04255834    0.04503331  0.04255834
 -0.04503331 -0.04255834   -0.06286154 -0.06170552   -0.14057912  0.04294436
  0.04503331  0.04255834   -0.14057912  0.04294436   -0.06286154 -0.06170552
    2    2
  0.30353647  0.00000000   -0.00645560 -0.00777801    0.00645560  0.00777801
 -0.00645560  0.00777801    0.25177857  0.00000000   -0.00605748  0.00000000
  0.00645560 -0.00777801   -0.00605748  0.00000000    0.25177857  0.00000000

     Dynamical  Matrix in cartesian axes

     q = (   -0.750000000   0.750000000  -0.250000000 ) 

    1    1
  0.25177857  0.00000000   -0.00605748  0.00000000    0.00645560  0.00777801
 -0.00605748  0.00000000    0.25177857  0.00000000   -0.00645560 -0.00777801
  0.00645560 -0.00777801   -0.00645560  0.00777801    0.30353647  0.00000000
    1    2
 -0.06286154  0.06170552   -0.14057912 -0.04294436    0.04503331 -0.04255834
 -0.14057912 -0.04294436   -0.06286154  0.06170552   -0.04503331  0.04255834
  0.04503331 -0.04255834   -0.04503331  0.04255834   -0.08133675  0.06003328
    2    1
 -0.06286154 -0.06170552   -0.14057912  0.04294436    0.04503331  0.04255834
 -0.14057912  0.04294436   -0.06286154 -0.06170552   -0.04503331 -0.04255834
  0.04503331  0.04255834   -0.04503331 -0.04255834   -0.08133675 -0.06003328
    2    2
  0.25177857  0.00000000   -0.00605748  0.00000000    0.00645560 -0.00777801
 -0.00605748  0.00000000    0.25177857  0.00000000   -0.00645560  0.00777801
  0.00645560  0.00777801   -0.00645560 -0.00777801    0.30353647  0.00000000

     Dynamical  Matrix in cartesian axes

     q = (    0.750000000   0.250000000   0.750000000 ) 

    1    1
  0.25177857  0.00000000    0.00645560  0.00777801    0.00605748  0.00000000
  0.00645560 -0.00777801    0.30353647  0.00000000    0.00645560 -0.00777801
  0.00605748  0.00000000    0.00645560  0.00777801    0.25177857  0.00000000
    1    2
  0.06286154 -0.06170552   -0.04503331  0.04255834   -0.14057912 -0.04294436
 -0.04503331  0.04255834    0.08133675 -0.06003328   -0.04503331  0.04255834
 -0.14057912 -0.04294436   -0.04503331  0.04255834    0.06286154 -0.06170552
    2    1
  0.06286154  0.06170552   -0.04503331 -0.04255834   -0.14057912  0.04294436
 -0.04503331 -0.04255834    0.08133675  0.06003328   -0.04503331 -0.04255834
 -0.14057912  0.04294436   -0.04503331 -0.04255834    0.06286154  0.06170552
    2    2
  0.25177857  0.00000000    0.00645560 -0.00777801    0.00605748  0.00000000
  0.00645560  0.00777801    0.30353647  0.00000000    0.00645560  0.00777801
  0.00605748  0.00000000    0.00645560 -0.00777801    0.25177857  0.00000000

     Dynamical  Matrix in cartesian axes

     q = (   -0.750000000   0.250000000   0.750000000 ) 

    1    1
  0.25177857  0.00000000   -0.00645560  0.00777801   -0.00605748  0.00000000
 -0.00645560 -0.00777801    0.30353647  0.00000000    0.00645560  0.00777801
 -0.00605748  0.00000000    0.00645560 -0.00777801    0.25177857  0.00000000
    1    2
 -0.06286154 -0.06170552   -0.04503331 -0.04255834   -0.14057912  0.04294436
 -0.04503331 -0.04255834   -0.08133675 -0.06003328    0.04503331  0.04255834
 -0.14057912  0.04294436    0.04503331  0.04255834   -0.06286154 -0.06170552
    2    1
 -0.06286154  0.06170552   -0.04503331  0.04255834   -0.14057912 -0.04294436
 -0.04503331  0.04255834   -0.08133675  0.06003328    0.04503331 -0.04255834
 -0.14057912 -0.04294436    0.04503331 -0.04255834   -0.06286154  0.06170552
    2    2
  0.25177857  0.00000000   -0.00645560 -0.00777801   -0.00605748  0.00000000
 -0.00645560  0.00777801    0.30353647  0.00000000    0.00645560 -0.00777801
 -0.00605748  0.00000000    0.00645560  0.00777801    0.25177857  0.00000000

     Dynamical  Matrix in cartesian axes

     q = (    0.750000000   0.250000000  -0.750000000 ) 

    1    1
  0.25177857  0.00000000    0.00645560 -0.00777801   -0.00605748  0.00000000
  0.00645560  0.00777801    0.30353647  0.00000000   -0.00645560 -0.00777801
 -0.00605748  0.00000000   -0.00645560  0.00777801    0.25177857  0.00000000
    1    2
 -0.06286154 -0.06170552    0.04503331  0.04255834   -0.14057912  0.04294436
  0.04503331  0.04255834   -0.08133675 -0.06003328   -0.04503331 -0.04255834
 -0.14057912  0.04294436   -0.04503331 -0.04255834   -0.06286154 -0.06170552
    2    1
 -0.06286154  0.06170552    0.04503331 -0.04255834   -0.14057912 -0.04294436
  0.04503331 -0.04255834   -0.08133675  0.06003328   -0.04503331  0.04255834
 -0.14057912 -0.04294436   -0.04503331  0.04255834   -0.06286154  0.06170552
    2    2
  0.25177857  0.00000000    0.00645560  0.00777801   -0.00605748  0.00000000
  0.00645560 -0.00777801    0.30353647  0.00000000   -0.00645560  0.00777801
 -0.00605748  0.00000000   -0.00645560 -0.00777801    0.25177857  0.00000000

     Dynamical  Matrix in cartesian axes

     q = (   -0.750000000   0.750000000   0.250000000 ) 

    1    1
  0.25177857  0.00000000   -0.00605748  0.00000000   -0.00645560  0.00777801
 -0.00605748  0.00000000    0.25177857  0.00000000    0.00645560 -0.00777801
 -0.00645560 -0.00777801    0.00645560  0.00777801    0.30353647  0.00000000
    1    2
 -0.06286154 -0.06170552   -0.14057912  0.04294436   -0.04503331 -0.04255834
 -0.14057912  0.04294436   -0.06286154 -0.06170552    0.04503331  0.04255834
 -0.04503331 -0.04255834    0.04503331  0.04255834   -0.08133675 -0.06003328
    2    1
 -0.06286154  0.06170552   -0.14057912 -0.04294436   -0.04503331  0.04255834
 -0.14057912 -0.04294436   -0.06286154  0.06170552    0.04503331 -0.04255834
 -0.04503331  0.04255834    0.04503331 -0.04255834   -0.08133675  0.06003328
    2    2
  0.25177857  0.00000000   -0.00605748  0.00000000   -0.00645560 -0.00777801
 -0.00605748  0.00000000    0.25177857  0.00000000    0.00645560  0.00777801
 -0.00645560  0.00777801    0.00645560 -0.00777801    0.30353647  0.00000000

     Dynamical  Matrix in cartesian axes

     q = (   -0.250000000   0.750000000   0.750000000 ) 

    1    1
  0.30353647  0.00000000   -0.00645560 -0.00777801   -0.00645560 -0.00777801
 -0.00645560  0.00777801    0.25177857  0.00000000    0.00605748  0.00000000
 -0.00645560  0.00777801    0.00605748  0.00000000    0.25177857  0.00000000
    1    2
 -0.06003328  0.08133675   -0.04255834  0.04503331   -0.04255834  0.04503331
 -0.04255834  0.04503331   -0.06170552  0.06286154   -0.04294436 -0.14057912
 -0.04255834  0.04503331   -0.04294436 -0.14057912   -0.06170552  0.06286154
    2    1
 -0.06003328 -0.08133675   -0.04255834 -0.04503331   -0.04255834 -0.04503331
 -0.04255834 -0.04503331   -0.06170552 -0.06286154   -0.04294436  0.14057912
 -0.04255834 -0.04503331   -0.04294436  0.14057912   -0.06170552 -0.06286154
    2    2
  0.30353647  0.00000000   -0.00645560  0.00777801   -0.00645560  0.00777801
 -0.00645560 -0.00777801    0.25177857  0.00000000    0.00605748  0.00000000
 -0.00645560 -0.00777801    0.00605748  0.00000000    0.25177857  0.00000000

     Dynamical  Matrix in cartesian axes

     q = (    0.250000000   0.750000000  -0.750000000 ) 

    1    1
  0.30353647  0.00000000    0.00645560  0.00777801   -0.00645560 -0.00777801
  0.00645560 -0.00777801    0.25177857  0.00000000   -0.00605748  0.00000000
 -0.00645560  0.00777801   -0.00605748  0.00000000    0.25177857  0.00000000
    1    2
 -0.08133675 -0.06003328    0.04503331  0.04255834   -0.04503331 -0.04255834
  0.04503331  0.04255834   -0.06286154 -0.06170552   -0.14057912  0.04294436
 -0.04503331 -0.04255834   -0.14057912  0.04294436   -0.06286154 -0.06170552
    2    1
 -0.08133675  0.06003328    0.04503331 -0.04255834   -0.04503331  0.04255834
  0.04503331 -0.04255834   -0.06286154  0.06170552   -0.14057912 -0.04294436
 -0.04503331  0.04255834   -0.14057912 -0.04294436   -0.06286154  0.06170552
    2    2
  0.30353647  0.00000000    0.00645560 -0.00777801   -0.00645560  0.00777801
  0.00645560  0.00777801    0.25177857  0.00000000   -0.00605748  0.00000000
 -0.00645560 -0.00777801   -0.00605748  0.00000000    0.25177857  0.00000000

     Dynamical  Matrix in cartesian axes

     q = (   -0.250000000  -0.750000000  -0.750000000 ) 

    1    1
  0.30353647  0.00000000    0.00645560  0.00777801    0.00645560  0.00777801
  0.00645560 -0.00777801    0.25177857  0.00000000    0.00605748  0.00000000
  0.00645560 -0.00777801    0.00605748  0.00000000    0.25177857  0.00000000
    1    2
  0.08133675  0.06003328   -0.04503331 -0.04255834   -0.04503331 -0.04255834
 -0.04503331 -0.04255834    0.06286154  0.06170552   -0.14057912  0.04294436
 -0.04503331 -0.04255834   -0.14057912  0.04294436    0.06286154  0.06170552
    2    1
  0.08133675 -0.06003328   -0.04503331  0.04255834   -0.04503331  0.04255834
 -0.04503331  0.04255834    0.06286154 -0.06170552   -0.14057912 -0.04294436
 -0.04503331  0.04255834   -0.14057912 -0.04294436    0.06286154 -0.06170552
    2    2
  0.30353647  0.00000000    0.00645560 -0.00777801    0.00645560 -0.00777801
  0.00645560  0.00777801    0.25177857  0.00000000    0.00605748  0.00000000
  0.00645560  0.00777801    0.00605748  0.00000000    0.25177857  0.00000000

     Dynamical  Matrix in cartesian axes

     q = (    0.750000000   0.750000000  -0.250000000 ) 

    1    1
  0.25177857  0.00000000    0.00605748  0.00000000   -0.00645560  0.00777801
  0.00605748  0.00000000    0.25177857  0.00000000   -0.00645560  0.00777801
 -0.00645560 -0.00777801   -0.00645560 -0.00777801    0.30353647  0.00000000
    1    2
 -0.06170552  0.06286154   -0.04294436 -0.14057912   -0.04255834  0.04503331
 -0.04294436 -0.14057912   -0.06170552  0.06286154   -0.04255834  0.04503331
 -0.04255834  0.04503331   -0.04255834  0.04503331   -0.06003328  0.08133675
    2    1
 -0.06170552 -0.06286154   -0.04294436  0.14057912   -0.04255834 -0.04503331
 -0.04294436  0.14057912   -0.06170552 -0.06286154   -0.04255834 -0.04503331
 -0.04255834 -0.04503331   -0.04255834 -0.04503331   -0.06003328 -0.08133675
    2    2
  0.25177857  0.00000000    0.00605748  0.00000000   -0.00645560 -0.00777801
  0.00605748  0.00000000    0.25177857  0.00000000   -0.00645560 -0.00777801
 -0.00645560  0.00777801   -0.00645560  0.00777801    0.30353647  0.00000000

     Dynamical  Matrix in cartesian axes

     q = (    0.750000000  -0.750000000   0.250000000 ) 

    1    1
  0.25177857  0.00000000   -0.00605748  0.00000000    0.00645560 -0.00777801
 -0.00605748  0.00000000    0.25177857  0.00000000   -0.00645560  0.00777801
  0.00645560  0.00777801   -0.00645560 -0.00777801    0.30353647  0.00000000
    1    2
 -0.06286154 -0.06170552   -0.14057912  0.04294436    0.04503331  0.04255834
 -0.14057912  0.04294436   -0.06286154 -0.06170552   -0.04503331 -0.04255834
  0.04503331  0.04255834   -0.04503331 -0.04255834   -0.08133675 -0.06003328
    2    1
 -0.06286154  0.06170552   -0.14057912 -0.04294436    0.04503331 -0.04255834
 -0.14057912 -0.04294436   -0.06286154  0.06170552   -0.04503331  0.04255834
  0.04503331 -0.04255834   -0.04503331  0.04255834   -0.08133675  0.06003328
    2    2
  0.25177857  0.00000000   -0.00605748  0.00000000    0.00645560  0.00777801
 -0.00605748  0.00000000    0.25177857  0.00000000   -0.00645560 -0.00777801
  0.00645560 -0.00777801   -0.00645560  0.00777801    0.30353647  0.00000000

     Dynamical  Matrix in cartesian axes

     q = (   -0.750000000  -0.750000000  -0.250000000 ) 

    1    1
  0.25177857  0.00000000    0.00605748  0.00000000    0.00645560 -0.00777801
  0.00605748  0.00000000    0.25177857  0.00000000    0.00645560 -0.00777801
  0.00645560  0.00777801    0.00645560  0.00777801    0.30353647  0.00000000
    1    2
  0.06286154  0.06170552   -0.14057912  0.04294436   -0.04503331 -0.04255834
 -0.14057912  0.04294436    0.06286154  0.06170552   -0.04503331 -0.04255834
 -0.04503331 -0.04255834   -0.04503331 -0.04255834    0.08133675  0.06003328
    2    1
  0.06286154 -0.06170552   -0.14057912 -0.04294436   -0.04503331  0.04255834
 -0.14057912 -0.04294436    0.06286154 -0.06170552   -0.04503331  0.04255834
 -0.04503331  0.04255834   -0.04503331  0.04255834    0.08133675 -0.06003328
    2    2
  0.25177857  0.00000000    0.00605748  0.00000000    0.00645560  0.00777801
  0.00605748  0.00000000    0.25177857  0.00000000    0.00645560  0.00777801
  0.00645560 -0.00777801    0.00645560 -0.00777801    0.30353647  0.00000000

     Dynamical  Matrix in cartesian axes

     q = (    0.250000000  -0.750000000   0.750000000 ) 

    1    1
  0.30353647  0.00000000   -0.00645560 -0.00777801    0.00645560  0.00777801
 -0.00645560  0.00777801    0.25177857  0.00000000   -0.00605748  0.00000000
  0.00645560 -0.00777801   -0.00605748  0.00000000    0.25177857  0.00000000
    1    2
 -0.08133675 -0.06003328   -0.04503331 -0.04255834    0.04503331  0.04255834
 -0.04503331 -0.04255834   -0.06286154 -0.06170552   -0.14057912  0.04294436
  0.04503331  0.04255834   -0.14057912  0.04294436   -0.06286154 -0.06170552
    2    1
 -0.08133675  0.06003328   -0.04503331  0.04255834    0.04503331 -0.04255834
 -0.04503331  0.04255834   -0.06286154  0.06170552   -0.14057912 -0.04294436
  0.04503331 -0.04255834   -0.14057912 -0.04294436   -0.06286154  0.06170552
    2    2
  0.30353647  0.00000000   -0.00645560  0.00777801    0.00645560 -0.00777801
 -0.00645560 -0.00777801    0.25177857  0.00000000   -0.00605748  0.00000000
  0.00645560  0.00777801   -0.00605748  0.00000000    0.25177857  0.00000000

     Dynamical  Matrix in cartesian axes

     q = (   -0.750000000  -0.750000000   0.250000000 ) 

    1    1
  0.25177857  0.00000000    0.00605748  0.00000000   -0.00645560 -0.00777801
  0.00605748  0.00000000    0.25177857  0.00000000   -0.00645560 -0.00777801
 -0.00645560  0.00777801   -0.00645560  0.00777801    0.30353647  0.00000000
    1    2
 -0.06170552 -0.06286154   -0.04294436  0.14057912   -0.04255834 -0.04503331
 -0.04294436  0.14057912   -0.06170552 -0.06286154   -0.04255834 -0.04503331
 -0.04255834 -0.04503331   -0.04255834 -0.04503331   -0.06003328 -0.08133675
    2    1
 -0.06170552  0.06286154   -0.04294436 -0.14057912   -0.04255834  0.04503331
 -0.04294436 -0.14057912   -0.06170552  0.06286154   -0.04255834  0.04503331
 -0.04255834  0.04503331   -0.04255834  0.04503331   -0.06003328  0.08133675
    2    2
  0.25177857  0.00000000    0.00605748  0.00000000   -0.00645560  0.00777801
  0.00605748  0.00000000    0.25177857  0.00000000   -0.00645560  0.00777801
 -0.00645560 -0.00777801   -0.00645560 -0.00777801    0.30353647  0.00000000

     Dynamical  Matrix in cartesian axes

     q = (    0.250000000   0.750000000   0.750000000 ) 

    1    1
  0.30353647  0.00000000    0.00645560 -0.00777801    0.00645560 -0.00777801
  0.00645560  0.00777801    0.25177857  0.00000000    0.00605748  0.00000000
  0.00645560  0.00777801    0.00605748  0.00000000    0.25177857  0.00000000
    1    2
  0.08133675 -0.06003328   -0.04503331  0.04255834   -0.04503331  0.04255834
 -0.04503331  0.04255834    0.06286154 -0.06170552   -0.14057912 -0.04294436
 -0.04503331  0.04255834   -0.14057912 -0.04294436    0.06286154 -0.06170552
    2    1
  0.08133675  0.06003328   -0.04503331 -0.04255834   -0.04503331 -0.04255834
 -0.04503331 -0.04255834    0.06286154  0.06170552   -0.14057912  0.04294436
 -0.04503331 -0.04255834   -0.14057912  0.04294436    0.06286154  0.06170552
    2    2
  0.30353647  0.00000000    0.00645560  0.00777801    0.00645560  0.00777801
  0.00645560 -0.00777801    0.25177857  0.00000000    0.00605748  0.00000000
  0.00645560 -0.00777801    0.00605748  0.00000000    0.25177857  0.00000000

     Dynamical  Matrix in cartesian axes

     q = (   -0.250000000  -0.750000000   0.750000000 ) 

    1    1
  0.30353647  0.00000000    0.00645560 -0.00777801   -0.00645560  0.00777801
  0.00645560  0.00777801    0.25177857  0.00000000   -0.00605748  0.00000000
 -0.00645560 -0.00777801   -0.00605748  0.00000000    0.25177857  0.00000000
    1    2
 -0.08133675  0.06003328    0.04503331 -0.04255834   -0.04503331  0.04255834
  0.04503331 -0.04255834   -0.06286154  0.06170552   -0.14057912 -0.04294436
 -0.04503331  0.04255834   -0.14057912 -0.04294436   -0.06286154  0.06170552
    2    1
 -0.08133675 -0.06003328    0.04503331  0.04255834   -0.04503331 -0.04255834
  0.04503331  0.04255834   -0.06286154 -0.06170552   -0.14057912  0.04294436
 -0.04503331 -0.04255834   -0.14057912  0.04294436   -0.06286154 -0.06170552
    2    2
  0.30353647  0.00000000    0.00645560  0.00777801   -0.00645560 -0.00777801
  0.00645560 -0.00777801    0.25177857  0.00000000   -0.00605748  0.00000000
 -0.00645560  0.00777801   -0.00605748  0.00000000    0.25177857  0.00000000

     Dynamical  Matrix in cartesian axes

     q = (    0.750000000   0.750000000   0.250000000 ) 

    1    1
  0.25177857  0.00000000    0.00605748  0.00000000    0.00645560  0.00777801
  0.00605748  0.00000000    0.25177857  0.00000000    0.00645560  0.00777801
  0.00645560 -0.00777801    0.00645560 -0.00777801    0.30353647  0.00000000
    1    2
  0.06286154 -0.06170552   -0.14057912 -0.04294436   -0.04503331  0.04255834
 -0.14057912 -0.04294436    0.06286154 -0.06170552   -0.04503331  0.04255834
 -0.04503331  0.04255834   -0.04503331  0.04255834    0.08133675 -0.06003328
    2    1
  0.06286154  0.06170552   -0.14057912  0.04294436   -0.04503331 -0.04255834
 -0.14057912  0.04294436    0.06286154  0.06170552   -0.04503331 -0.04255834
 -0.04503331 -0.04255834   -0.04503331 -0.04255834    0.08133675  0.06003328
    2    2
  0.25177857  0.00000000    0.00605748  0.00000000    0.00645560 -0.00777801
  0.00605748  0.00000000    0.25177857  0.00000000    0.00645560 -0.00777801
  0.00645560  0.00777801    0.00645560  0.00777801    0.30353647  0.00000000

     Dynamical  Matrix in cartesian axes

     q = (    0.250000000  -0.750000000  -0.750000000 ) 

    1    1
  0.30353647  0.00000000   -0.00645560  0.00777801   -0.00645560  0.00777801
 -0.00645560 -0.00777801    0.25177857  0.00000000    0.00605748  0.00000000
 -0.00645560 -0.00777801    0.00605748  0.00000000    0.25177857  0.00000000
    1    2
 -0.06003328 -0.08133675   -0.04255834 -0.04503331   -0.04255834 -0.04503331
 -0.04255834 -0.04503331   -0.06170552 -0.06286154   -0.04294436  0.14057912
 -0.04255834 -0.04503331   -0.04294436  0.14057912   -0.06170552 -0.06286154
    2    1
 -0.06003328  0.08133675   -0.04255834  0.04503331   -0.04255834  0.04503331
 -0.04255834  0.04503331   -0.06170552  0.06286154   -0.04294436 -0.14057912
 -0.04255834  0.04503331   -0.04294436 -0.14057912   -0.06170552  0.06286154
    2    2
  0.30353647  0.00000000   -0.00645560 -0.00777801   -0.00645560 -0.00777801
 -0.00645560  0.00777801    0.25177857  0.00000000    0.00605748  0.00000000
 -0.00645560  0.00777801    0.00605748  0.00000000    0.25177857  0.00000000

     Dynamical  Matrix in cartesian axes

     q = (    0.750000000  -0.750000000  -0.250000000 ) 

    1    1
  0.25177857  0.00000000   -0.00605748  0.00000000   -0.00645560 -0.00777801
 -0.00605748  0.00000000    0.25177857  0.00000000    0.00645560  0.00777801
 -0.00645560  0.00777801    0.00645560 -0.00777801    0.30353647  0.00000000
    1    2
 -0.06286154  0.06170552   -0.14057912 -0.04294436   -0.04503331  0.04255834
 -0.14057912 -0.04294436   -0.06286154  0.06170552    0.04503331 -0.04255834
 -0.04503331  0.04255834    0.04503331 -0.04255834   -0.08133675  0.06003328
    2    1
 -0.06286154 -0.06170552   -0.14057912  0.04294436   -0.04503331 -0.04255834
 -0.14057912  0.04294436   -0.06286154 -0.06170552    0.04503331  0.04255834
 -0.04503331 -0.04255834    0.04503331  0.04255834   -0.08133675 -0.06003328
    2    2
  0.25177857  0.00000000   -0.00605748  0.00000000   -0.00645560  0.00777801
 -0.00605748  0.00000000    0.25177857  0.00000000    0.00645560 -0.00777801
 -0.00645560 -0.00777801    0.00645560  0.00777801    0.30353647  0.00000000

     Diagonalizing the dynamical matrix

     q = (    0.750000000  -0.250000000   0.750000000 ) 

 **************************************************************************
     freq (    1) =       4.184614 [THz] =     139.583688 [cm-1]
 (  0.045915 -0.497887  0.000000 -0.000000 -0.045915  0.497887 ) 
 (  0.500000 -0.000000  0.000000  0.000000 -0.500000  0.000000 ) 
     freq (    2) =       5.866334 [THz] =     195.679835 [cm-1]
 ( -0.388977 -0.167525 -0.343195  0.153236 -0.388977 -0.167525 ) 
 ( -0.423519  0.000000 -0.254591 -0.276491 -0.423519  0.000000 ) 
     freq (    3) =       9.453806 [THz] =     315.345012 [cm-1]
 (  0.121686 -0.285326  0.373973  0.409521  0.121686 -0.285326 ) 
 ( -0.310191 -0.000000  0.229987  0.504648 -0.310191  0.000000 ) 
     freq (    4) =      12.232747 [THz] =     408.040533 [cm-1]
 (  0.068104  0.317167 -0.401371 -0.358378  0.068104  0.317167 ) 
 ( -0.324397  0.000000  0.434655  0.317188 -0.324397  0.000000 ) 
     freq (    5) =      13.793782 [THz] =     460.111040 [cm-1]
 (  0.045915 -0.497887 -0.000000  0.000000 -0.045915  0.497887 ) 
 ( -0.500000  0.000000  0.000000  0.000000  0.500000  0.000000 ) 
     freq (    6) =      14.186713 [THz] =     473.217805 [cm-1]
 ( -0.303861 -0.163856 -0.462161  0.219194 -0.303861 -0.163856 ) 
 (  0.345225  0.000000  0.302749  0.412289  0.345225 -0.000000 ) 
 **************************************************************************
