Dynamical matrix file
                                                                           
  1    2  2 10.3640000  0.0000000  0.0000000  0.0000000  0.0000000  0.0000000
           1  'Si  '    25598.822984527003     
    1    1      0.0000000000      0.0000000000      0.0000000000
    2    1      0.2500000000      0.2500000000      0.2500000000

     Dynamical  Matrix in cartesian axes

     q = (   -0.250000000   0.250000000  -0.250000000 ) 

    1    1
  0.26437869  0.00000000   -0.01156624  0.00000000    0.01156624  0.00000000
 -0.01156624  0.00000000    0.26437869  0.00000000   -0.01156624  0.00000000
  0.01156624  0.00000000   -0.01156624  0.00000000    0.26437869  0.00000000
    1    2
 -0.19701183 -0.05706515   -0.03642781  0.03819014    0.03642781 -0.03819014
 -0.03642781  0.03819014   -0.19701183 -0.05706515   -0.03642781  0.03819014
  0.03642781 -0.03819014   -0.03642781  0.03819014   -0.19701183 -0.05706515
    2    1
 -0.19701183  0.05706515   -0.03642781 -0.03819014    0.03642781  0.03819014
 -0.03642781 -0.03819014   -0.19701183  0.05706515   -0.03642781 -0.03819014
  0.03642781  0.03819014   -0.03642781 -0.03819014   -0.19701183  0.05706515
    2    2
  0.26437869  0.00000000   -0.01156624  0.00000000    0.01156624  0.00000000
 -0.01156624  0.00000000    0.26437869  0.00000000   -0.01156624  0.00000000
  0.01156624  0.00000000   -0.01156624  0.00000000    0.26437869  0.00000000

     Dynamical  Matrix in cartesian axes

     q = (    0.250000000  -0.250000000  -0.250000000 ) 

    1    1
  0.26437869  0.00000000   -0.01156624  0.00000000   -0.01156624  0.00000000
 -0.01156624  0.00000000    0.26437869  0.00000000    0.01156624  0.00000000
 -0.01156624  0.00000000    0.01156624  0.00000000    0.26437869  0.00000000
    1    2
 -0.19701183 -0.05706515   -0.03642781  0.03819014   -0.03642781  0.03819014
 -0.03642781  0.03819014   -0.19701183 -0.05706515    0.03642781 -0.03819014
 -0.03642781  0.03819014    0.03642781 -0.03819014   -0.19701183 -0.05706515
    2    1
 -0.19701183  0.05706515   -0.03642781 -0.03819014   -0.03642781 -0.03819014
 -0.03642781 -0.03819014   -0.19701183  0.05706515    0.03642781  0.03819014
 -0.03642781 -0.03819014    0.03642781  0.03819014   -0.19701183  0.05706515
    2    2
  0.26437869  0.00000000   -0.01156624  0.00000000   -0.01156624  0.00000000
 -0.01156624  0.00000000    0.26437869  0.00000000    0.01156624  0.00000000
 -0.01156624  0.00000000    0.01156624  0.00000000    0.26437869  0.00000000

     Dynamical  Matrix in cartesian axes

     q = (    0.250000000  -0.250000000   0.250000000 ) 

    1    1
  0.26437869  0.00000000   -0.01156624  0.00000000    0.01156624  0.00000000
 -0.01156624  0.00000000    0.26437869  0.00000000   -0.01156624  0.00000000
  0.01156624  0.00000000   -0.01156624  0.00000000    0.26437869  0.00000000
    1    2
 -0.19701183  0.05706515   -0.03642781 -0.03819014    0.03642781  0.03819014
 -0.03642781 -0.03819014   -0.19701183  0.05706515   -0.03642781 -0.03819014
  0.03642781  0.03819014   -0.03642781 -0.03819014   -0.19701183  0.05706515
    2    1
 -0.19701183 -0.05706515   -0.03642781  0.03819014    0.03642781 -0.03819014
 -0.03642781  0.03819014   -0.19701183 -0.05706515   -0.03642781  0.03819014
  0.03642781 -0.03819014   -0.03642781  0.03819014   -0.19701183 -0.05706515
    2    2
  0.26437869  0.00000000   -0.01156624  0.00000000    0.01156624  0.00000000
 -0.01156624  0.00000000    0.26437869  0.00000000   -0.01156624  0.00000000
  0.01156624  0.00000000   -0.01156624  0.00000000    0.26437869  0.00000000

     Dynamical  Matrix in cartesian axes

     q = (    0.250000000   0.250000000   0.250000000 ) 

    1    1
  0.26437869  0.00000000    0.01156624  0.00000000    0.01156624  0.00000000
  0.01156624  0.00000000    0.26437869  0.00000000    0.01156624  0.00000000
  0.01156624  0.00000000    0.01156624  0.00000000    0.26437869  0.00000000
    1    2
 -0.05706515  0.19701183   -0.03819014 -0.03642781   -0.03819014 -0.03642781
 -0.03819014 -0.03642781   -0.05706515  0.19701183   -0.03819014 -0.03642781
 -0.03819014 -0.03642781   -0.03819014 -0.03642781   -0.05706515  0.19701183
    2    1
 -0.05706515 -0.19701183   -0.03819014  0.03642781   -0.03819014  0.03642781
 -0.03819014  0.03642781   -0.05706515 -0.19701183   -0.03819014  0.03642781
 -0.03819014  0.03642781   -0.03819014  0.03642781   -0.05706515 -0.19701183
    2    2
  0.26437869  0.00000000    0.01156624  0.00000000    0.01156624  0.00000000
  0.01156624  0.00000000    0.26437869  0.00000000    0.01156624  0.00000000
  0.01156624  0.00000000    0.01156624  0.00000000    0.26437869  0.00000000

     Dynamical  Matrix in cartesian axes

     q = (   -0.250000000  -0.250000000  -0.250000000 ) 

    1    1
  0.26437869  0.00000000    0.01156624  0.00000000    0.01156624  0.00000000
  0.01156624  0.00000000    0.26437869  0.00000000    0.01156624  0.00000000
  0.01156624  0.00000000    0.01156624  0.00000000    0.26437869  0.00000000
    1    2
 -0.05706515 -0.19701183   -0.03819014  0.03642781   -0.03819014  0.03642781
 -0.03819014  0.03642781   -0.05706515 -0.19701183   -0.03819014  0.03642781
 -0.03819014  0.03642781   -0.03819014  0.03642781   -0.05706515 -0.19701183
    2    1
 -0.05706515  0.19701183   -0.03819014 -0.03642781   -0.03819014 -0.03642781
 -0.03819014 -0.03642781   -0.05706515  0.19701183   -0.03819014 -0.03642781
 -0.03819014 -0.03642781   -0.03819014 -0.03642781   -0.05706515  0.19701183
    2    2
  0.26437869  0.00000000    0.01156624  0.00000000    0.01156624  0.00000000
  0.01156624  0.00000000    0.26437869  0.00000000    0.01156624  0.00000000
  0.01156624  0.00000000    0.01156624  0.00000000    0.26437869  0.00000000

     Dynamical  Matrix in cartesian axes

     q = (   -0.250000000  -0.250000000   0.250000000 ) 

    1    1
  0.26437869  0.00000000    0.01156624  0.00000000   -0.01156624  0.00000000
  0.01156624  0.00000000    0.26437869  0.00000000   -0.01156624  0.00000000
 -0.01156624  0.00000000   -0.01156624  0.00000000    0.26437869  0.00000000
    1    2
 -0.19701183 -0.05706515    0.03642781 -0.03819014   -0.03642781  0.03819014
  0.03642781 -0.03819014   -0.19701183 -0.05706515   -0.03642781  0.03819014
 -0.03642781  0.03819014   -0.03642781  0.03819014   -0.19701183 -0.05706515
    2    1
 -0.19701183  0.05706515    0.03642781  0.03819014   -0.03642781 -0.03819014
  0.03642781  0.03819014   -0.19701183  0.05706515   -0.03642781 -0.03819014
 -0.03642781 -0.03819014   -0.03642781 -0.03819014   -0.19701183  0.05706515
    2    2
  0.26437869  0.00000000    0.01156624  0.00000000   -0.01156624  0.00000000
  0.01156624  0.00000000    0.26437869  0.00000000   -0.01156624  0.00000000
 -0.01156624  0.00000000   -0.01156624  0.00000000    0.26437869  0.00000000

     Dynamical  Matrix in cartesian axes

     q = (   -0.250000000   0.250000000   0.250000000 ) 

    1    1
  0.26437869  0.00000000   -0.01156624  0.00000000   -0.01156624  0.00000000
 -0.01156624  0.00000000    0.26437869  0.00000000    0.01156624  0.00000000
 -0.01156624  0.00000000    0.01156624  0.00000000    0.26437869  0.00000000
    1    2
 -0.19701183  0.05706515   -0.03642781 -0.03819014   -0.03642781 -0.03819014
 -0.03642781 -0.03819014   -0.19701183  0.05706515    0.03642781  0.03819014
 -0.03642781 -0.03819014    0.03642781  0.03819014   -0.19701183  0.05706515
    2    1
 -0.19701183 -0.05706515   -0.03642781  0.03819014   -0.03642781  0.03819014
 -0.03642781  0.03819014   -0.19701183 -0.05706515    0.03642781 -0.03819014
 -0.03642781  0.03819014    0.03642781 -0.03819014   -0.19701183 -0.05706515
    2    2
  0.26437869  0.00000000   -0.01156624  0.00000000   -0.01156624  0.00000000
 -0.01156624  0.00000000    0.26437869  0.00000000    0.01156624  0.00000000
 -0.01156624  0.00000000    0.01156624  0.00000000    0.26437869  0.00000000

     Dynamical  Matrix in cartesian axes

     q = (    0.250000000   0.250000000  -0.250000000 ) 

    1    1
  0.26437869  0.00000000    0.01156624  0.00000000   -0.01156624  0.00000000
  0.01156624  0.00000000    0.26437869  0.00000000   -0.01156624  0.00000000
 -0.01156624  0.00000000   -0.01156624  0.00000000    0.26437869  0.00000000
    1    2
 -0.19701183  0.05706515    0.03642781  0.03819014   -0.03642781 -0.03819014
  0.03642781  0.03819014   -0.19701183  0.05706515   -0.03642781 -0.03819014
 -0.03642781 -0.03819014   -0.03642781 -0.03819014   -0.19701183  0.05706515
    2    1
 -0.19701183 -0.05706515    0.03642781 -0.03819014   -0.03642781  0.03819014
  0.03642781 -0.03819014   -0.19701183 -0.05706515   -0.03642781  0.03819014
 -0.03642781  0.03819014   -0.03642781  0.03819014   -0.19701183 -0.05706515
    2    2
  0.26437869  0.00000000    0.01156624  0.00000000   -0.01156624  0.00000000
  0.01156624  0.00000000    0.26437869  0.00000000   -0.01156624  0.00000000
 -0.01156624  0.00000000   -0.01156624  0.00000000    0.26437869  0.00000000

     Diagonalizing the dynamical matrix

     q = (   -0.250000000   0.250000000  -0.250000000 ) 

 **************************************************************************
     freq (    1) =       2.805108 [THz] =      93.568319 [cm-1]
 (  0.130989  0.088158 -0.415445  0.043976 -0.546434 -0.044182 ) 
 (  0.137668  0.077315 -0.410549  0.077315 -0.548217  0.000000 ) 
     freq (    2) =       2.805108 [THz] =      93.568319 [cm-1]
 ( -0.520831  0.192715 -0.340335  0.207309  0.180495  0.014594 ) 
 ( -0.503605  0.234063 -0.322521  0.234063  0.181084  0.000000 ) 
     freq (    3) =       6.670484 [THz] =     222.503393 [cm-1]
 ( -0.278085 -0.298891  0.278085  0.298891 -0.278085 -0.298891 ) 
 ( -0.408248  0.000000  0.408248 -0.000000 -0.408248  0.000000 ) 
     freq (    4) =      14.093308 [THz] =     470.102167 [cm-1]
 (  0.278085  0.298891 -0.278085 -0.298891  0.278085  0.298891 ) 
 ( -0.408248  0.000000  0.408248  0.000000 -0.408248  0.000000 ) 
     freq (    5) =      14.349466 [THz] =     478.646648 [cm-1]
 (  0.569122  0.004946  0.205002 -0.024495 -0.364120 -0.029441 ) 
 ( -0.567669  0.040937 -0.202361  0.040937  0.365308 -0.000000 ) 
     freq (    6) =      14.349466 [THz] =     478.646648 [cm-1]
 ( -0.093451  0.026003 -0.539080 -0.010029 -0.445629 -0.036032 ) 
 (  0.091051 -0.033450  0.538134 -0.033450  0.447083  0.000000 ) 
 **************************************************************************
