Dynamical matrix file
                                                                           
  1    2  2 10.3640000  0.0000000  0.0000000  0.0000000  0.0000000  0.0000000
           1  'Si  '    25598.822984527003     
    1    1      0.0000000000      0.0000000000      0.0000000000
    2    1      0.2500000000      0.2500000000      0.2500000000

     Dynamical  Matrix in cartesian axes

     q = (    0.750000000  -0.250000000   0.750000000 ) 

    1    1
  0.24070353  0.00000000   -0.00615824  0.00757696    0.00566994  0.00000000
 -0.00615824 -0.00757696    0.29149348  0.00000000   -0.00615824 -0.00757696
  0.00566994  0.00000000   -0.00615824  0.00757696    0.24070353  0.00000000
    1    2
 -0.05917272  0.06025396   -0.03934668  0.04166677   -0.03968137 -0.13035956
 -0.03934668  0.04166677   -0.05761636  0.07869490   -0.03934668  0.04166677
 -0.03968137 -0.13035956   -0.03934668  0.04166677   -0.05917272  0.06025396
    2    1
 -0.05917272 -0.06025396   -0.03934668 -0.04166677   -0.03968137  0.13035956
 -0.03934668 -0.04166677   -0.05761636 -0.07869490   -0.03934668 -0.04166677
 -0.03968137  0.13035956   -0.03934668 -0.04166677   -0.05917272 -0.06025396
    2    2
  0.24070353  0.00000000   -0.00615824 -0.00757696    0.00566994  0.00000000
 -0.00615824  0.00757696    0.29149348  0.00000000   -0.00615824  0.00757696
  0.00566994  0.00000000   -0.00615824 -0.00757696    0.24070353  0.00000000

     Dynamical  Matrix in cartesian axes

     q = (    0.750000000  -0.250000000  -0.750000000 ) 

    1    1
  0.24070353  0.00000000   -0.00615824 -0.00757696   -0.00566994  0.00000000
 -0.00615824  0.00757696    0.29149348  0.00000000    0.00615824 -0.00757696
 -0.00566994  0.00000000    0.00615824  0.00757696    0.24070353  0.00000000
    1    2
 -0.06025396  0.05917272   -0.04166677  0.03934668   -0.13035956 -0.03968137
 -0.04166677  0.03934668   -0.07869490  0.05761636    0.04166677 -0.03934668
 -0.13035956 -0.03968137    0.04166677 -0.03934668   -0.06025396  0.05917272
    2    1
 -0.06025396 -0.05917272   -0.04166677 -0.03934668   -0.13035956  0.03968137
 -0.04166677 -0.03934668   -0.07869490 -0.05761636    0.04166677  0.03934668
 -0.13035956  0.03968137    0.04166677  0.03934668   -0.06025396 -0.05917272
    2    2
  0.24070353  0.00000000   -0.00615824  0.00757696   -0.00566994  0.00000000
 -0.00615824 -0.00757696    0.29149348  0.00000000    0.00615824  0.00757696
 -0.00566994  0.00000000    0.00615824 -0.00757696    0.24070353  0.00000000

     Dynamical  Matrix in cartesian axes

     q = (   -0.750000000  -0.250000000  -0.750000000 ) 

    1    1
  0.24070353  0.00000000    0.00615824 -0.00757696    0.00566994  0.00000000
  0.00615824  0.00757696    0.29149348  0.00000000    0.00615824  0.00757696
  0.00566994  0.00000000    0.00615824 -0.00757696    0.24070353  0.00000000
    1    2
  0.06025396  0.05917272   -0.04166677 -0.03934668   -0.13035956  0.03968137
 -0.04166677 -0.03934668    0.07869490  0.05761636   -0.04166677 -0.03934668
 -0.13035956  0.03968137   -0.04166677 -0.03934668    0.06025396  0.05917272
    2    1
  0.06025396 -0.05917272   -0.04166677  0.03934668   -0.13035956 -0.03968137
 -0.04166677  0.03934668    0.07869490 -0.05761636   -0.04166677  0.03934668
 -0.13035956 -0.03968137   -0.04166677  0.03934668    0.06025396 -0.05917272
    2    2
  0.24070353  0.00000000    0.00615824  0.00757696    0.00566994  0.00000000
  0.00615824 -0.00757696    0.29149348  0.00000000    0.00615824 -0.00757696
  0.00566994  0.00000000    0.00615824  0.00757696    0.24070353  0.00000000

     Dynamical  Matrix in cartesian axes

     q = (   -0.750000000  -0.250000000   0.750000000 ) 

    1    1
  0.24070353  0.00000000    0.00615824  0.00757696   -0.00566994  0.00000000
  0.00615824 -0.00757696    0.29149348  0.00000000   -0.00615824  0.00757696
 -0.00566994  0.00000000   -0.00615824 -0.00757696    0.24070353  0.00000000
    1    2
 -0.06025396  0.05917272    0.04166677 -0.03934668   -0.13035956 -0.03968137
  0.04166677 -0.03934668   -0.07869490  0.05761636   -0.04166677  0.03934668
 -0.13035956 -0.03968137   -0.04166677  0.03934668   -0.06025396  0.05917272
    2    1
 -0.06025396 -0.05917272    0.04166677  0.03934668   -0.13035956  0.03968137
  0.04166677  0.03934668   -0.07869490 -0.05761636   -0.04166677 -0.03934668
 -0.13035956  0.03968137   -0.04166677 -0.03934668   -0.06025396 -0.05917272
    2    2
  0.24070353  0.00000000    0.00615824 -0.00757696   -0.00566994  0.00000000
  0.00615824  0.00757696    0.29149348  0.00000000   -0.00615824 -0.00757696
 -0.00566994  0.00000000   -0.00615824  0.00757696    0.24070353  0.00000000

     Dynamical  Matrix in cartesian axes

     q = (   -0.750000000   0.250000000  -0.750000000 ) 

    1    1
  0.24070353  0.00000000   -0.00615824 -0.00757696    0.00566994  0.00000000
 -0.00615824  0.00757696    0.29149348  0.00000000   -0.00615824  0.00757696
  0.00566994  0.00000000   -0.00615824 -0.00757696    0.24070353  0.00000000
    1    2
 -0.05917272 -0.06025396   -0.03934668 -0.04166677   -0.03968137  0.13035956
 -0.03934668 -0.04166677   -0.05761636 -0.07869490   -0.03934668 -0.04166677
 -0.03968137  0.13035956   -0.03934668 -0.04166677   -0.05917272 -0.06025396
    2    1
 -0.05917272  0.06025396   -0.03934668  0.04166677   -0.03968137 -0.13035956
 -0.03934668  0.04166677   -0.05761636  0.07869490   -0.03934668  0.04166677
 -0.03968137 -0.13035956   -0.03934668  0.04166677   -0.05917272  0.06025396
    2    2
  0.24070353  0.00000000   -0.00615824  0.00757696    0.00566994  0.00000000
 -0.00615824 -0.00757696    0.29149348  0.00000000   -0.00615824 -0.00757696
  0.00566994  0.00000000   -0.00615824  0.00757696    0.24070353  0.00000000

     Dynamical  Matrix in cartesian axes

     q = (   -0.250000000   0.750000000  -0.750000000 ) 

    1    1
  0.29149348  0.00000000   -0.00615824  0.00757696    0.00615824 -0.00757696
 -0.00615824 -0.00757696    0.24070353  0.00000000   -0.00566994  0.00000000
  0.00615824  0.00757696   -0.00566994  0.00000000    0.24070353  0.00000000
    1    2
 -0.07869490  0.05761636   -0.04166677  0.03934668    0.04166677 -0.03934668
 -0.04166677  0.03934668   -0.06025396  0.05917272   -0.13035956 -0.03968137
  0.04166677 -0.03934668   -0.13035956 -0.03968137   -0.06025396  0.05917272
    2    1
 -0.07869490 -0.05761636   -0.04166677 -0.03934668    0.04166677  0.03934668
 -0.04166677 -0.03934668   -0.06025396 -0.05917272   -0.13035956  0.03968137
  0.04166677  0.03934668   -0.13035956  0.03968137   -0.06025396 -0.05917272
    2    2
  0.29149348  0.00000000   -0.00615824 -0.00757696    0.00615824  0.00757696
 -0.00615824  0.00757696    0.24070353  0.00000000   -0.00566994  0.00000000
  0.00615824 -0.00757696   -0.00566994  0.00000000    0.24070353  0.00000000

     Dynamical  Matrix in cartesian axes

     q = (   -0.750000000   0.750000000  -0.250000000 ) 

    1    1
  0.24070353  0.00000000   -0.00566994  0.00000000    0.00615824  0.00757696
 -0.00566994  0.00000000    0.24070353  0.00000000   -0.00615824 -0.00757696
  0.00615824 -0.00757696   -0.00615824  0.00757696    0.29149348  0.00000000
    1    2
 -0.06025396  0.05917272   -0.13035956 -0.03968137    0.04166677 -0.03934668
 -0.13035956 -0.03968137   -0.06025396  0.05917272   -0.04166677  0.03934668
  0.04166677 -0.03934668   -0.04166677  0.03934668   -0.07869490  0.05761636
    2    1
 -0.06025396 -0.05917272   -0.13035956  0.03968137    0.04166677  0.03934668
 -0.13035956  0.03968137   -0.06025396 -0.05917272   -0.04166677 -0.03934668
  0.04166677  0.03934668   -0.04166677 -0.03934668   -0.07869490 -0.05761636
    2    2
  0.24070353  0.00000000   -0.00566994  0.00000000    0.00615824 -0.00757696
 -0.00566994  0.00000000    0.24070353  0.00000000   -0.00615824  0.00757696
  0.00615824  0.00757696   -0.00615824 -0.00757696    0.29149348  0.00000000

     Dynamical  Matrix in cartesian axes

     q = (    0.750000000   0.250000000   0.750000000 ) 

    1    1
  0.24070353  0.00000000    0.00615824  0.00757696    0.00566994  0.00000000
  0.00615824 -0.00757696    0.29149348  0.00000000    0.00615824 -0.00757696
  0.00566994  0.00000000    0.00615824  0.00757696    0.24070353  0.00000000
    1    2
  0.06025396 -0.05917272   -0.04166677  0.03934668   -0.13035956 -0.03968137
 -0.04166677  0.03934668    0.07869490 -0.05761636   -0.04166677  0.03934668
 -0.13035956 -0.03968137   -0.04166677  0.03934668    0.06025396 -0.05917272
    2    1
  0.06025396  0.05917272   -0.04166677 -0.03934668   -0.13035956  0.03968137
 -0.04166677 -0.03934668    0.07869490  0.05761636   -0.04166677 -0.03934668
 -0.13035956  0.03968137   -0.04166677 -0.03934668    0.06025396  0.05917272
    2    2
  0.24070353  0.00000000    0.00615824 -0.00757696    0.00566994  0.00000000
  0.00615824  0.00757696    0.29149348  0.00000000    0.00615824  0.00757696
  0.00566994  0.00000000    0.00615824 -0.00757696    0.24070353  0.00000000

     Dynamical  Matrix in cartesian axes

     q = (   -0.750000000   0.250000000   0.750000000 ) 

    1    1
  0.24070353  0.00000000   -0.00615824  0.00757696   -0.00566994  0.00000000
 -0.00615824 -0.00757696    0.29149348  0.00000000    0.00615824  0.00757696
 -0.00566994  0.00000000    0.00615824 -0.00757696    0.24070353  0.00000000
    1    2
 -0.06025396 -0.05917272   -0.04166677 -0.03934668   -0.13035956  0.03968137
 -0.04166677 -0.03934668   -0.07869490 -0.05761636    0.04166677  0.03934668
 -0.13035956  0.03968137    0.04166677  0.03934668   -0.06025396 -0.05917272
    2    1
 -0.06025396  0.05917272   -0.04166677  0.03934668   -0.13035956 -0.03968137
 -0.04166677  0.03934668   -0.07869490  0.05761636    0.04166677 -0.03934668
 -0.13035956 -0.03968137    0.04166677 -0.03934668   -0.06025396  0.05917272
    2    2
  0.24070353  0.00000000   -0.00615824 -0.00757696   -0.00566994  0.00000000
 -0.00615824  0.00757696    0.29149348  0.00000000    0.00615824 -0.00757696
 -0.00566994  0.00000000    0.00615824  0.00757696    0.24070353  0.00000000

     Dynamical  Matrix in cartesian axes

     q = (    0.750000000   0.250000000  -0.750000000 ) 

    1    1
  0.24070353  0.00000000    0.00615824 -0.00757696   -0.00566994  0.00000000
  0.00615824  0.00757696    0.29149348  0.00000000   -0.00615824 -0.00757696
 -0.00566994  0.00000000   -0.00615824  0.00757696    0.24070353  0.00000000
    1    2
 -0.06025396 -0.05917272    0.04166677  0.03934668   -0.13035956  0.03968137
  0.04166677  0.03934668   -0.07869490 -0.05761636   -0.04166677 -0.03934668
 -0.13035956  0.03968137   -0.04166677 -0.03934668   -0.06025396 -0.05917272
    2    1
 -0.06025396  0.05917272    0.04166677 -0.03934668   -0.13035956 -0.03968137
  0.04166677 -0.03934668   -0.07869490  0.05761636   -0.04166677  0.03934668
 -0.13035956 -0.03968137   -0.04166677  0.03934668   -0.06025396  0.05917272
    2    2
  0.24070353  0.00000000    0.00615824  0.00757696   -0.00566994  0.00000000
  0.00615824 -0.00757696    0.29149348  0.00000000   -0.00615824  0.00757696
 -0.00566994  0.00000000   -0.00615824 -0.00757696    0.24070353  0.00000000

     Dynamical  Matrix in cartesian axes

     q = (   -0.750000000   0.750000000   0.250000000 ) 

    1    1
  0.24070353  0.00000000   -0.00566994  0.00000000   -0.00615824  0.00757696
 -0.00566994  0.00000000    0.24070353  0.00000000    0.00615824 -0.00757696
 -0.00615824 -0.00757696    0.00615824  0.00757696    0.29149348  0.00000000
    1    2
 -0.06025396 -0.05917272   -0.13035956  0.03968137   -0.04166677 -0.03934668
 -0.13035956  0.03968137   -0.06025396 -0.05917272    0.04166677  0.03934668
 -0.04166677 -0.03934668    0.04166677  0.03934668   -0.07869490 -0.05761636
    2    1
 -0.06025396  0.05917272   -0.13035956 -0.03968137   -0.04166677  0.03934668
 -0.13035956 -0.03968137   -0.06025396  0.05917272    0.04166677 -0.03934668
 -0.04166677  0.03934668    0.04166677 -0.03934668   -0.07869490  0.05761636
    2    2
  0.24070353  0.00000000   -0.00566994  0.00000000   -0.00615824 -0.00757696
 -0.00566994  0.00000000    0.24070353  0.00000000    0.00615824  0.00757696
 -0.00615824  0.00757696    0.00615824 -0.00757696    0.29149348  0.00000000

     Dynamical  Matrix in cartesian axes

     q = (   -0.250000000   0.750000000   0.750000000 ) 

    1    1
  0.29149348  0.00000000   -0.00615824 -0.00757696   -0.00615824 -0.00757696
 -0.00615824  0.00757696    0.24070353  0.00000000    0.00566994  0.00000000
 -0.00615824  0.00757696    0.00566994  0.00000000    0.24070353  0.00000000
    1    2
 -0.05761636  0.07869490   -0.03934668  0.04166677   -0.03934668  0.04166677
 -0.03934668  0.04166677   -0.05917272  0.06025396   -0.03968137 -0.13035956
 -0.03934668  0.04166677   -0.03968137 -0.13035956   -0.05917272  0.06025396
    2    1
 -0.05761636 -0.07869490   -0.03934668 -0.04166677   -0.03934668 -0.04166677
 -0.03934668 -0.04166677   -0.05917272 -0.06025396   -0.03968137  0.13035956
 -0.03934668 -0.04166677   -0.03968137  0.13035956   -0.05917272 -0.06025396
    2    2
  0.29149348  0.00000000   -0.00615824  0.00757696   -0.00615824  0.00757696
 -0.00615824 -0.00757696    0.24070353  0.00000000    0.00566994  0.00000000
 -0.00615824 -0.00757696    0.00566994  0.00000000    0.24070353  0.00000000

     Dynamical  Matrix in cartesian axes

     q = (    0.250000000   0.750000000  -0.750000000 ) 

    1    1
  0.29149348  0.00000000    0.00615824  0.00757696   -0.00615824 -0.00757696
  0.00615824 -0.00757696    0.24070353  0.00000000   -0.00566994  0.00000000
 -0.00615824  0.00757696   -0.00566994  0.00000000    0.24070353  0.00000000
    1    2
 -0.07869490 -0.05761636    0.04166677  0.03934668   -0.04166677 -0.03934668
  0.04166677  0.03934668   -0.06025396 -0.05917272   -0.13035956  0.03968137
 -0.04166677 -0.03934668   -0.13035956  0.03968137   -0.06025396 -0.05917272
    2    1
 -0.07869490  0.05761636    0.04166677 -0.03934668   -0.04166677  0.03934668
  0.04166677 -0.03934668   -0.06025396  0.05917272   -0.13035956 -0.03968137
 -0.04166677  0.03934668   -0.13035956 -0.03968137   -0.06025396  0.05917272
    2    2
  0.29149348  0.00000000    0.00615824 -0.00757696   -0.00615824  0.00757696
  0.00615824  0.00757696    0.24070353  0.00000000   -0.00566994  0.00000000
 -0.00615824 -0.00757696   -0.00566994  0.00000000    0.24070353  0.00000000

     Dynamical  Matrix in cartesian axes

     q = (   -0.250000000  -0.750000000  -0.750000000 ) 

    1    1
  0.29149348  0.00000000    0.00615824  0.00757696    0.00615824  0.00757696
  0.00615824 -0.00757696    0.24070353  0.00000000    0.00566994  0.00000000
  0.00615824 -0.00757696    0.00566994  0.00000000    0.24070353  0.00000000
    1    2
  0.07869490  0.05761636   -0.04166677 -0.03934668   -0.04166677 -0.03934668
 -0.04166677 -0.03934668    0.06025396  0.05917272   -0.13035956  0.03968137
 -0.04166677 -0.03934668   -0.13035956  0.03968137    0.06025396  0.05917272
    2    1
  0.07869490 -0.05761636   -0.04166677  0.03934668   -0.04166677  0.03934668
 -0.04166677  0.03934668    0.06025396 -0.05917272   -0.13035956 -0.03968137
 -0.04166677  0.03934668   -0.13035956 -0.03968137    0.06025396 -0.05917272
    2    2
  0.29149348  0.00000000    0.00615824 -0.00757696    0.00615824 -0.00757696
  0.00615824  0.00757696    0.24070353  0.00000000    0.00566994  0.00000000
  0.00615824  0.00757696    0.00566994  0.00000000    0.24070353  0.00000000

     Dynamical  Matrix in cartesian axes

     q = (    0.750000000   0.750000000  -0.250000000 ) 

    1    1
  0.24070353  0.00000000    0.00566994  0.00000000   -0.00615824  0.00757696
  0.00566994  0.00000000    0.24070353  0.00000000   -0.00615824  0.00757696
 -0.00615824 -0.00757696   -0.00615824 -0.00757696    0.29149348  0.00000000
    1    2
 -0.05917272  0.06025396   -0.03968137 -0.13035956   -0.03934668  0.04166677
 -0.03968137 -0.13035956   -0.05917272  0.06025396   -0.03934668  0.04166677
 -0.03934668  0.04166677   -0.03934668  0.04166677   -0.05761636  0.07869490
    2    1
 -0.05917272 -0.06025396   -0.03968137  0.13035956   -0.03934668 -0.04166677
 -0.03968137  0.13035956   -0.05917272 -0.06025396   -0.03934668 -0.04166677
 -0.03934668 -0.04166677   -0.03934668 -0.04166677   -0.05761636 -0.07869490
    2    2
  0.24070353  0.00000000    0.00566994  0.00000000   -0.00615824 -0.00757696
  0.00566994  0.00000000    0.24070353  0.00000000   -0.00615824 -0.00757696
 -0.00615824  0.00757696   -0.00615824  0.00757696    0.29149348  0.00000000

     Dynamical  Matrix in cartesian axes

     q = (    0.750000000  -0.750000000   0.250000000 ) 

    1    1
  0.24070353  0.00000000   -0.00566994  0.00000000    0.00615824 -0.00757696
 -0.00566994  0.00000000    0.24070353  0.00000000   -0.00615824  0.00757696
  0.00615824  0.00757696   -0.00615824 -0.00757696    0.29149348  0.00000000
    1    2
 -0.06025396 -0.05917272   -0.13035956  0.03968137    0.04166677  0.03934668
 -0.13035956  0.03968137   -0.06025396 -0.05917272   -0.04166677 -0.03934668
  0.04166677  0.03934668   -0.04166677 -0.03934668   -0.07869490 -0.05761636
    2    1
 -0.06025396  0.05917272   -0.13035956 -0.03968137    0.04166677 -0.03934668
 -0.13035956 -0.03968137   -0.06025396  0.05917272   -0.04166677  0.03934668
  0.04166677 -0.03934668   -0.04166677  0.03934668   -0.07869490  0.05761636
    2    2
  0.24070353  0.00000000   -0.00566994  0.00000000    0.00615824  0.00757696
 -0.00566994  0.00000000    0.24070353  0.00000000   -0.00615824 -0.00757696
  0.00615824 -0.00757696   -0.00615824  0.00757696    0.29149348  0.00000000

     Dynamical  Matrix in cartesian axes

     q = (   -0.750000000  -0.750000000  -0.250000000 ) 

    1    1
  0.24070353  0.00000000    0.00566994  0.00000000    0.00615824 -0.00757696
  0.00566994  0.00000000    0.24070353  0.00000000    0.00615824 -0.00757696
  0.00615824  0.00757696    0.00615824  0.00757696    0.29149348  0.00000000
    1    2
  0.06025396  0.05917272   -0.13035956  0.03968137   -0.04166677 -0.03934668
 -0.13035956  0.03968137    0.06025396  0.05917272   -0.04166677 -0.03934668
 -0.04166677 -0.03934668   -0.04166677 -0.03934668    0.07869490  0.05761636
    2    1
  0.06025396 -0.05917272   -0.13035956 -0.03968137   -0.04166677  0.03934668
 -0.13035956 -0.03968137    0.06025396 -0.05917272   -0.04166677  0.03934668
 -0.04166677  0.03934668   -0.04166677  0.03934668    0.07869490 -0.05761636
    2    2
  0.24070353  0.00000000    0.00566994  0.00000000    0.00615824  0.00757696
  0.00566994  0.00000000    0.24070353  0.00000000    0.00615824  0.00757696
  0.00615824 -0.00757696    0.00615824 -0.00757696    0.29149348  0.00000000

     Dynamical  Matrix in cartesian axes

     q = (    0.250000000  -0.750000000   0.750000000 ) 

    1    1
  0.29149348  0.00000000   -0.00615824 -0.00757696    0.00615824  0.00757696
 -0.00615824  0.00757696    0.24070353  0.00000000   -0.00566994  0.00000000
  0.00615824 -0.00757696   -0.00566994  0.00000000    0.24070353  0.00000000
    1    2
 -0.07869490 -0.05761636   -0.04166677 -0.03934668    0.04166677  0.03934668
 -0.04166677 -0.03934668   -0.06025396 -0.05917272   -0.13035956  0.03968137
  0.04166677  0.03934668   -0.13035956  0.03968137   -0.06025396 -0.05917272
    2    1
 -0.07869490  0.05761636   -0.04166677  0.03934668    0.04166677 -0.03934668
 -0.04166677  0.03934668   -0.06025396  0.05917272   -0.13035956 -0.03968137
  0.04166677 -0.03934668   -0.13035956 -0.03968137   -0.06025396  0.05917272
    2    2
  0.29149348  0.00000000   -0.00615824  0.00757696    0.00615824 -0.00757696
 -0.00615824 -0.00757696    0.24070353  0.00000000   -0.00566994  0.00000000
  0.00615824  0.00757696   -0.00566994  0.00000000    0.24070353  0.00000000

     Dynamical  Matrix in cartesian axes

     q = (   -0.750000000  -0.750000000   0.250000000 ) 

    1    1
  0.24070353  0.00000000    0.00566994  0.00000000   -0.00615824 -0.00757696
  0.00566994  0.00000000    0.24070353  0.00000000   -0.00615824 -0.00757696
 -0.00615824  0.00757696   -0.00615824  0.00757696    0.29149348  0.00000000
    1    2
 -0.05917272 -0.06025396   -0.03968137  0.13035956   -0.03934668 -0.04166677
 -0.03968137  0.13035956   -0.05917272 -0.06025396   -0.03934668 -0.04166677
 -0.03934668 -0.04166677   -0.03934668 -0.04166677   -0.05761636 -0.07869490
    2    1
 -0.05917272  0.06025396   -0.03968137 -0.13035956   -0.03934668  0.04166677
 -0.03968137 -0.13035956   -0.05917272  0.06025396   -0.03934668  0.04166677
 -0.03934668  0.04166677   -0.03934668  0.04166677   -0.05761636  0.07869490
    2    2
  0.24070353  0.00000000    0.00566994  0.00000000   -0.00615824  0.00757696
  0.00566994  0.00000000    0.24070353  0.00000000   -0.00615824  0.00757696
 -0.00615824 -0.00757696   -0.00615824 -0.00757696    0.29149348  0.00000000

     Dynamical  Matrix in cartesian axes

     q = (    0.250000000   0.750000000   0.750000000 ) 

    1    1
  0.29149348  0.00000000    0.00615824 -0.00757696    0.00615824 -0.00757696
  0.00615824  0.00757696    0.24070353  0.00000000    0.00566994  0.00000000
  0.00615824  0.00757696    0.00566994  0.00000000    0.24070353  0.00000000
    1    2
  0.07869490 -0.05761636   -0.04166677  0.03934668   -0.04166677  0.03934668
 -0.04166677  0.03934668    0.06025396 -0.05917272   -0.13035956 -0.03968137
 -0.04166677  0.03934668   -0.13035956 -0.03968137    0.06025396 -0.05917272
    2    1
  0.07869490  0.05761636   -0.04166677 -0.03934668   -0.04166677 -0.03934668
 -0.04166677 -0.03934668    0.06025396  0.05917272   -0.13035956  0.03968137
 -0.04166677 -0.03934668   -0.13035956  0.03968137    0.06025396  0.05917272
    2    2
  0.29149348  0.00000000    0.00615824  0.00757696    0.00615824  0.00757696
  0.00615824 -0.00757696    0.24070353  0.00000000    0.00566994  0.00000000
  0.00615824 -0.00757696    0.00566994  0.00000000    0.24070353  0.00000000

     Dynamical  Matrix in cartesian axes

     q = (   -0.250000000  -0.750000000   0.750000000 ) 

    1    1
  0.29149348  0.00000000    0.00615824 -0.00757696   -0.00615824  0.00757696
  0.00615824  0.00757696    0.24070353  0.00000000   -0.00566994  0.00000000
 -0.00615824 -0.00757696   -0.00566994  0.00000000    0.24070353  0.00000000
    1    2
 -0.07869490  0.05761636    0.04166677 -0.03934668   -0.04166677  0.03934668
  0.04166677 -0.03934668   -0.06025396  0.05917272   -0.13035956 -0.03968137
 -0.04166677  0.03934668   -0.13035956 -0.03968137   -0.06025396  0.05917272
    2    1
 -0.07869490 -0.05761636    0.04166677  0.03934668   -0.04166677 -0.03934668
  0.04166677  0.03934668   -0.06025396 -0.05917272   -0.13035956  0.03968137
 -0.04166677 -0.03934668   -0.13035956  0.03968137   -0.06025396 -0.05917272
    2    2
  0.29149348  0.00000000    0.00615824  0.00757696   -0.00615824 -0.00757696
  0.00615824 -0.00757696    0.24070353  0.00000000   -0.00566994  0.00000000
 -0.00615824  0.00757696   -0.00566994  0.00000000    0.24070353  0.00000000

     Dynamical  Matrix in cartesian axes

     q = (    0.750000000   0.750000000   0.250000000 ) 

    1    1
  0.24070353  0.00000000    0.00566994  0.00000000    0.00615824  0.00757696
  0.00566994  0.00000000    0.24070353  0.00000000    0.00615824  0.00757696
  0.00615824 -0.00757696    0.00615824 -0.00757696    0.29149348  0.00000000
    1    2
  0.06025396 -0.05917272   -0.13035956 -0.03968137   -0.04166677  0.03934668
 -0.13035956 -0.03968137    0.06025396 -0.05917272   -0.04166677  0.03934668
 -0.04166677  0.03934668   -0.04166677  0.03934668    0.07869490 -0.05761636
    2    1
  0.06025396  0.05917272   -0.13035956  0.03968137   -0.04166677 -0.03934668
 -0.13035956  0.03968137    0.06025396  0.05917272   -0.04166677 -0.03934668
 -0.04166677 -0.03934668   -0.04166677 -0.03934668    0.07869490  0.05761636
    2    2
  0.24070353  0.00000000    0.00566994  0.00000000    0.00615824 -0.00757696
  0.00566994  0.00000000    0.24070353  0.00000000    0.00615824 -0.00757696
  0.00615824  0.00757696    0.00615824  0.00757696    0.29149348  0.00000000

     Dynamical  Matrix in cartesian axes

     q = (    0.250000000  -0.750000000  -0.750000000 ) 

    1    1
  0.29149348  0.00000000   -0.00615824  0.00757696   -0.00615824  0.00757696
 -0.00615824 -0.00757696    0.24070353  0.00000000    0.00566994  0.00000000
 -0.00615824 -0.00757696    0.00566994  0.00000000    0.24070353  0.00000000
    1    2
 -0.05761636 -0.07869490   -0.03934668 -0.04166677   -0.03934668 -0.04166677
 -0.03934668 -0.04166677   -0.05917272 -0.06025396   -0.03968137  0.13035956
 -0.03934668 -0.04166677   -0.03968137  0.13035956   -0.05917272 -0.06025396
    2    1
 -0.05761636  0.07869490   -0.03934668  0.04166677   -0.03934668  0.04166677
 -0.03934668  0.04166677   -0.05917272  0.06025396   -0.03968137 -0.13035956
 -0.03934668  0.04166677   -0.03968137 -0.13035956   -0.05917272  0.06025396
    2    2
  0.29149348  0.00000000   -0.00615824 -0.00757696   -0.00615824 -0.00757696
 -0.00615824  0.00757696    0.24070353  0.00000000    0.00566994  0.00000000
 -0.00615824  0.00757696    0.00566994  0.00000000    0.24070353  0.00000000

     Dynamical  Matrix in cartesian axes

     q = (    0.750000000  -0.750000000  -0.250000000 ) 

    1    1
  0.24070353  0.00000000   -0.00566994  0.00000000   -0.00615824 -0.00757696
 -0.00566994  0.00000000    0.24070353  0.00000000    0.00615824  0.00757696
 -0.00615824  0.00757696    0.00615824 -0.00757696    0.29149348  0.00000000
    1    2
 -0.06025396  0.05917272   -0.13035956 -0.03968137   -0.04166677  0.03934668
 -0.13035956 -0.03968137   -0.06025396  0.05917272    0.04166677 -0.03934668
 -0.04166677  0.03934668    0.04166677 -0.03934668   -0.07869490  0.05761636
    2    1
 -0.06025396 -0.05917272   -0.13035956  0.03968137   -0.04166677 -0.03934668
 -0.13035956  0.03968137   -0.06025396 -0.05917272    0.04166677  0.03934668
 -0.04166677 -0.03934668    0.04166677  0.03934668   -0.07869490 -0.05761636
    2    2
  0.24070353  0.00000000   -0.00566994  0.00000000   -0.00615824  0.00757696
 -0.00566994  0.00000000    0.24070353  0.00000000    0.00615824 -0.00757696
 -0.00615824 -0.00757696    0.00615824  0.00757696    0.29149348  0.00000000

     Diagonalizing the dynamical matrix

     q = (    0.750000000  -0.250000000   0.750000000 ) 

 **************************************************************************
     freq (    1) =       4.284898 [THz] =     142.928815 [cm-1]
 ( -0.050863  0.497406 -0.000000  0.000000  0.050863 -0.497406 ) 
 ( -0.500000 -0.000000 -0.000000 -0.000000  0.500000  0.000000 ) 
     freq (    2) =       5.894999 [THz] =     196.636010 [cm-1]
 ( -0.392188 -0.157105 -0.345132  0.154587 -0.392188 -0.157105 ) 
 ( -0.422485 -0.000000 -0.262898 -0.271842 -0.422485  0.000000 ) 
     freq (    3) =       9.282501 [THz] =     309.630917 [cm-1]
 ( -0.107839  0.292786 -0.388696 -0.392696 -0.107839  0.292786 ) 
 (  0.312014  0.000000 -0.234154 -0.500466  0.312014  0.000000 ) 
     freq (    4) =      11.941302 [THz] =     398.318951 [cm-1]
 ( -0.092863 -0.319428  0.404803  0.338849 -0.092863 -0.319428 ) 
 (  0.332653 -0.000000 -0.438382 -0.294117  0.332653  0.000000 ) 
     freq (    5) =      13.430629 [THz] =     447.997572 [cm-1]
 ( -0.050863  0.497406  0.000000 -0.000000  0.050863 -0.497406 ) 
 (  0.500000 -0.000000 -0.000000 -0.000000 -0.500000  0.000000 ) 
     freq (    6) =      13.831291 [THz] =     461.362215 [cm-1]
 (  0.300259  0.152776  0.472536 -0.222975  0.300259  0.152776 ) 
 ( -0.336892  0.000000 -0.320038 -0.413017 -0.336892  0.000000 ) 
 **************************************************************************
