Dynamical matrix file
                                                                           
  1    2  2 10.3600000  0.0000000  0.0000000  0.0000000  0.0000000  0.0000000
           1  'Si  '    25598.822984527003     
    1    1      0.0000000000      0.0000000000      0.0000000000
    2    1      0.2500000000      0.2500000000      0.2500000000

     Dynamical  Matrix in cartesian axes

     q = (   -0.250000000   0.250000000  -0.250000000 ) 

    1    1
  0.26501967  0.00000000   -0.01158427  0.00000000    0.01158427  0.00000000
 -0.01158427  0.00000000    0.26501967  0.00000000   -0.01158427  0.00000000
  0.01158427  0.00000000   -0.01158427  0.00000000    0.26501967  0.00000000
    1    2
 -0.19746713 -0.05720915   -0.03662826  0.03838501    0.03662826 -0.03838501
 -0.03662826  0.03838501   -0.19746713 -0.05720915   -0.03662826  0.03838501
  0.03662826 -0.03838501   -0.03662826  0.03838501   -0.19746713 -0.05720915
    2    1
 -0.19746713  0.05720915   -0.03662826 -0.03838501    0.03662826  0.03838501
 -0.03662826 -0.03838501   -0.19746713  0.05720915   -0.03662826 -0.03838501
  0.03662826  0.03838501   -0.03662826 -0.03838501   -0.19746713  0.05720915
    2    2
  0.26501967  0.00000000   -0.01158427  0.00000000    0.01158427  0.00000000
 -0.01158427  0.00000000    0.26501967  0.00000000   -0.01158427  0.00000000
  0.01158427  0.00000000   -0.01158427  0.00000000    0.26501967  0.00000000

     Dynamical  Matrix in cartesian axes

     q = (    0.250000000  -0.250000000  -0.250000000 ) 

    1    1
  0.26501967  0.00000000   -0.01158427  0.00000000   -0.01158427  0.00000000
 -0.01158427  0.00000000    0.26501967  0.00000000    0.01158427  0.00000000
 -0.01158427  0.00000000    0.01158427  0.00000000    0.26501967  0.00000000
    1    2
 -0.19746713 -0.05720915   -0.03662826  0.03838501   -0.03662826  0.03838501
 -0.03662826  0.03838501   -0.19746713 -0.05720915    0.03662826 -0.03838501
 -0.03662826  0.03838501    0.03662826 -0.03838501   -0.19746713 -0.05720915
    2    1
 -0.19746713  0.05720915   -0.03662826 -0.03838501   -0.03662826 -0.03838501
 -0.03662826 -0.03838501   -0.19746713  0.05720915    0.03662826  0.03838501
 -0.03662826 -0.03838501    0.03662826  0.03838501   -0.19746713  0.05720915
    2    2
  0.26501967  0.00000000   -0.01158427  0.00000000   -0.01158427  0.00000000
 -0.01158427  0.00000000    0.26501967  0.00000000    0.01158427  0.00000000
 -0.01158427  0.00000000    0.01158427  0.00000000    0.26501967  0.00000000

     Dynamical  Matrix in cartesian axes

     q = (    0.250000000  -0.250000000   0.250000000 ) 

    1    1
  0.26501967  0.00000000   -0.01158427  0.00000000    0.01158427  0.00000000
 -0.01158427  0.00000000    0.26501967  0.00000000   -0.01158427  0.00000000
  0.01158427  0.00000000   -0.01158427  0.00000000    0.26501967  0.00000000
    1    2
 -0.19746713  0.05720915   -0.03662826 -0.03838501    0.03662826  0.03838501
 -0.03662826 -0.03838501   -0.19746713  0.05720915   -0.03662826 -0.03838501
  0.03662826  0.03838501   -0.03662826 -0.03838501   -0.19746713  0.05720915
    2    1
 -0.19746713 -0.05720915   -0.03662826  0.03838501    0.03662826 -0.03838501
 -0.03662826  0.03838501   -0.19746713 -0.05720915   -0.03662826  0.03838501
  0.03662826 -0.03838501   -0.03662826  0.03838501   -0.19746713 -0.05720915
    2    2
  0.26501967  0.00000000   -0.01158427  0.00000000    0.01158427  0.00000000
 -0.01158427  0.00000000    0.26501967  0.00000000   -0.01158427  0.00000000
  0.01158427  0.00000000   -0.01158427  0.00000000    0.26501967  0.00000000

     Dynamical  Matrix in cartesian axes

     q = (    0.250000000   0.250000000   0.250000000 ) 

    1    1
  0.26501967  0.00000000    0.01158427  0.00000000    0.01158427  0.00000000
  0.01158427  0.00000000    0.26501967  0.00000000    0.01158427  0.00000000
  0.01158427  0.00000000    0.01158427  0.00000000    0.26501967  0.00000000
    1    2
 -0.05720915  0.19746713   -0.03838501 -0.03662826   -0.03838501 -0.03662826
 -0.03838501 -0.03662826   -0.05720915  0.19746713   -0.03838501 -0.03662826
 -0.03838501 -0.03662826   -0.03838501 -0.03662826   -0.05720915  0.19746713
    2    1
 -0.05720915 -0.19746713   -0.03838501  0.03662826   -0.03838501  0.03662826
 -0.03838501  0.03662826   -0.05720915 -0.19746713   -0.03838501  0.03662826
 -0.03838501  0.03662826   -0.03838501  0.03662826   -0.05720915 -0.19746713
    2    2
  0.26501967  0.00000000    0.01158427  0.00000000    0.01158427  0.00000000
  0.01158427  0.00000000    0.26501967  0.00000000    0.01158427  0.00000000
  0.01158427  0.00000000    0.01158427  0.00000000    0.26501967  0.00000000

     Dynamical  Matrix in cartesian axes

     q = (   -0.250000000  -0.250000000  -0.250000000 ) 

    1    1
  0.26501967  0.00000000    0.01158427  0.00000000    0.01158427  0.00000000
  0.01158427  0.00000000    0.26501967  0.00000000    0.01158427  0.00000000
  0.01158427  0.00000000    0.01158427  0.00000000    0.26501967  0.00000000
    1    2
 -0.05720915 -0.19746713   -0.03838501  0.03662826   -0.03838501  0.03662826
 -0.03838501  0.03662826   -0.05720915 -0.19746713   -0.03838501  0.03662826
 -0.03838501  0.03662826   -0.03838501  0.03662826   -0.05720915 -0.19746713
    2    1
 -0.05720915  0.19746713   -0.03838501 -0.03662826   -0.03838501 -0.03662826
 -0.03838501 -0.03662826   -0.05720915  0.19746713   -0.03838501 -0.03662826
 -0.03838501 -0.03662826   -0.03838501 -0.03662826   -0.05720915  0.19746713
    2    2
  0.26501967  0.00000000    0.01158427  0.00000000    0.01158427  0.00000000
  0.01158427  0.00000000    0.26501967  0.00000000    0.01158427  0.00000000
  0.01158427  0.00000000    0.01158427  0.00000000    0.26501967  0.00000000

     Dynamical  Matrix in cartesian axes

     q = (   -0.250000000  -0.250000000   0.250000000 ) 

    1    1
  0.26501967  0.00000000    0.01158427  0.00000000   -0.01158427  0.00000000
  0.01158427  0.00000000    0.26501967  0.00000000   -0.01158427  0.00000000
 -0.01158427  0.00000000   -0.01158427  0.00000000    0.26501967  0.00000000
    1    2
 -0.19746713 -0.05720915    0.03662826 -0.03838501   -0.03662826  0.03838501
  0.03662826 -0.03838501   -0.19746713 -0.05720915   -0.03662826  0.03838501
 -0.03662826  0.03838501   -0.03662826  0.03838501   -0.19746713 -0.05720915
    2    1
 -0.19746713  0.05720915    0.03662826  0.03838501   -0.03662826 -0.03838501
  0.03662826  0.03838501   -0.19746713  0.05720915   -0.03662826 -0.03838501
 -0.03662826 -0.03838501   -0.03662826 -0.03838501   -0.19746713  0.05720915
    2    2
  0.26501967  0.00000000    0.01158427  0.00000000   -0.01158427  0.00000000
  0.01158427  0.00000000    0.26501967  0.00000000   -0.01158427  0.00000000
 -0.01158427  0.00000000   -0.01158427  0.00000000    0.26501967  0.00000000

     Dynamical  Matrix in cartesian axes

     q = (   -0.250000000   0.250000000   0.250000000 ) 

    1    1
  0.26501967  0.00000000   -0.01158427  0.00000000   -0.01158427  0.00000000
 -0.01158427  0.00000000    0.26501967  0.00000000    0.01158427  0.00000000
 -0.01158427  0.00000000    0.01158427  0.00000000    0.26501967  0.00000000
    1    2
 -0.19746713  0.05720915   -0.03662826 -0.03838501   -0.03662826 -0.03838501
 -0.03662826 -0.03838501   -0.19746713  0.05720915    0.03662826  0.03838501
 -0.03662826 -0.03838501    0.03662826  0.03838501   -0.19746713  0.05720915
    2    1
 -0.19746713 -0.05720915   -0.03662826  0.03838501   -0.03662826  0.03838501
 -0.03662826  0.03838501   -0.19746713 -0.05720915    0.03662826 -0.03838501
 -0.03662826  0.03838501    0.03662826 -0.03838501   -0.19746713 -0.05720915
    2    2
  0.26501967  0.00000000   -0.01158427  0.00000000   -0.01158427  0.00000000
 -0.01158427  0.00000000    0.26501967  0.00000000    0.01158427  0.00000000
 -0.01158427  0.00000000    0.01158427  0.00000000    0.26501967  0.00000000

     Dynamical  Matrix in cartesian axes

     q = (    0.250000000   0.250000000  -0.250000000 ) 

    1    1
  0.26501967  0.00000000    0.01158427  0.00000000   -0.01158427  0.00000000
  0.01158427  0.00000000    0.26501967  0.00000000   -0.01158427  0.00000000
 -0.01158427  0.00000000   -0.01158427  0.00000000    0.26501967  0.00000000
    1    2
 -0.19746713  0.05720915    0.03662826  0.03838501   -0.03662826 -0.03838501
  0.03662826  0.03838501   -0.19746713  0.05720915   -0.03662826 -0.03838501
 -0.03662826 -0.03838501   -0.03662826 -0.03838501   -0.19746713  0.05720915
    2    1
 -0.19746713 -0.05720915    0.03662826 -0.03838501   -0.03662826  0.03838501
  0.03662826 -0.03838501   -0.19746713 -0.05720915   -0.03662826  0.03838501
 -0.03662826  0.03838501   -0.03662826  0.03838501   -0.19746713 -0.05720915
    2    2
  0.26501967  0.00000000    0.01158427  0.00000000   -0.01158427  0.00000000
  0.01158427  0.00000000    0.26501967  0.00000000   -0.01158427  0.00000000
 -0.01158427  0.00000000   -0.01158427  0.00000000    0.26501967  0.00000000

     Diagonalizing the dynamical matrix

     q = (   -0.250000000   0.250000000  -0.250000000 ) 

 **************************************************************************
     freq (    1) =       2.803104 [THz] =      93.501485 [cm-1]
 ( -0.354571  0.378480 -0.277707  0.384661  0.076864  0.006181 ) 
 ( -0.323094  0.405683 -0.245982  0.405683  0.077112  0.000000 ) 
     freq (    2) =       2.803104 [THz] =      93.501485 [cm-1]
 ( -0.242562 -0.074355  0.327774 -0.028493  0.570337  0.045862 ) 
 ( -0.247742 -0.054674  0.324436 -0.054674  0.572177  0.000000 ) 
     freq (    3) =       6.678368 [THz] =     222.766383 [cm-1]
 ( -0.277555 -0.299383  0.277555  0.299383 -0.277555 -0.299383 ) 
 ( -0.408248  0.000000  0.408248 -0.000000 -0.408248  0.000000 ) 
     freq (    4) =      14.109876 [THz] =     470.654798 [cm-1]
 ( -0.277555 -0.299383  0.277555  0.299383 -0.277555 -0.299383 ) 
 (  0.408248  0.000000 -0.408248 -0.000000  0.408248  0.000000 ) 
     freq (    5) =      14.368200 [THz] =     479.271557 [cm-1]
 (  0.264949  0.163615 -0.286898  0.119240 -0.551846 -0.044375 ) 
 ( -0.277211 -0.141852  0.276417 -0.141852  0.553628  0.000000 ) 
     freq (    6) =      14.368200 [THz] =     479.271557 [cm-1]
 ( -0.118728  0.471454  0.044542  0.484583  0.163271  0.013129 ) 
 (  0.080558 -0.479454 -0.083240 -0.479454 -0.163798  0.000000 ) 
 **************************************************************************
