Dynamical matrix file
                                                                           
  1    2  2 10.3200000  0.0000000  0.0000000  0.0000000  0.0000000  0.0000000
           1  'Si  '    25598.822984527003     
    1    1      0.0000000000      0.0000000000      0.0000000000
    2    1      0.2500000000      0.2500000000      0.2500000000

     Dynamical  Matrix in cartesian axes

     q = (   -0.250000000   0.250000000  -0.250000000 ) 

    1    1
  0.27192972  0.00000000   -0.01098469  0.00000000    0.01098469  0.00000000
 -0.01098469  0.00000000    0.27192972  0.00000000   -0.01098469  0.00000000
  0.01098469  0.00000000   -0.01098469  0.00000000    0.27192972  0.00000000
    1    2
 -0.19564772 -0.05628868   -0.03754606  0.03825219    0.03754606 -0.03825219
 -0.03754606  0.03825219   -0.19564772 -0.05628868   -0.03754606  0.03825219
  0.03754606 -0.03825219   -0.03754606  0.03825219   -0.19564772 -0.05628868
    2    1
 -0.19564772  0.05628868   -0.03754606 -0.03825219    0.03754606  0.03825219
 -0.03754606 -0.03825219   -0.19564772  0.05628868   -0.03754606 -0.03825219
  0.03754606  0.03825219   -0.03754606 -0.03825219   -0.19564772  0.05628868
    2    2
  0.27192972  0.00000000   -0.01098469  0.00000000    0.01098469  0.00000000
 -0.01098469  0.00000000    0.27192972  0.00000000   -0.01098469  0.00000000
  0.01098469  0.00000000   -0.01098469  0.00000000    0.27192972  0.00000000

     Dynamical  Matrix in cartesian axes

     q = (    0.250000000  -0.250000000  -0.250000000 ) 

    1    1
  0.27192972  0.00000000   -0.01098469  0.00000000   -0.01098469  0.00000000
 -0.01098469  0.00000000    0.27192972  0.00000000    0.01098469  0.00000000
 -0.01098469  0.00000000    0.01098469  0.00000000    0.27192972  0.00000000
    1    2
 -0.19564772 -0.05628868   -0.03754606  0.03825219   -0.03754606  0.03825219
 -0.03754606  0.03825219   -0.19564772 -0.05628868    0.03754606 -0.03825219
 -0.03754606  0.03825219    0.03754606 -0.03825219   -0.19564772 -0.05628868
    2    1
 -0.19564772  0.05628868   -0.03754606 -0.03825219   -0.03754606 -0.03825219
 -0.03754606 -0.03825219   -0.19564772  0.05628868    0.03754606  0.03825219
 -0.03754606 -0.03825219    0.03754606  0.03825219   -0.19564772  0.05628868
    2    2
  0.27192972  0.00000000   -0.01098469  0.00000000   -0.01098469  0.00000000
 -0.01098469  0.00000000    0.27192972  0.00000000    0.01098469  0.00000000
 -0.01098469  0.00000000    0.01098469  0.00000000    0.27192972  0.00000000

     Dynamical  Matrix in cartesian axes

     q = (    0.250000000  -0.250000000   0.250000000 ) 

    1    1
  0.27192972  0.00000000   -0.01098469  0.00000000    0.01098469  0.00000000
 -0.01098469  0.00000000    0.27192972  0.00000000   -0.01098469  0.00000000
  0.01098469  0.00000000   -0.01098469  0.00000000    0.27192972  0.00000000
    1    2
 -0.19564772  0.05628868   -0.03754606 -0.03825219    0.03754606  0.03825219
 -0.03754606 -0.03825219   -0.19564772  0.05628868   -0.03754606 -0.03825219
  0.03754606  0.03825219   -0.03754606 -0.03825219   -0.19564772  0.05628868
    2    1
 -0.19564772 -0.05628868   -0.03754606  0.03825219    0.03754606 -0.03825219
 -0.03754606  0.03825219   -0.19564772 -0.05628868   -0.03754606  0.03825219
  0.03754606 -0.03825219   -0.03754606  0.03825219   -0.19564772 -0.05628868
    2    2
  0.27192972  0.00000000   -0.01098469  0.00000000    0.01098469  0.00000000
 -0.01098469  0.00000000    0.27192972  0.00000000   -0.01098469  0.00000000
  0.01098469  0.00000000   -0.01098469  0.00000000    0.27192972  0.00000000

     Dynamical  Matrix in cartesian axes

     q = (    0.250000000   0.250000000   0.250000000 ) 

    1    1
  0.27192972  0.00000000    0.01098469  0.00000000    0.01098469  0.00000000
  0.01098469  0.00000000    0.27192972  0.00000000    0.01098469  0.00000000
  0.01098469  0.00000000    0.01098469  0.00000000    0.27192972  0.00000000
    1    2
 -0.05628868  0.19564772   -0.03825219 -0.03754606   -0.03825219 -0.03754606
 -0.03825219 -0.03754606   -0.05628868  0.19564772   -0.03825219 -0.03754606
 -0.03825219 -0.03754606   -0.03825219 -0.03754606   -0.05628868  0.19564772
    2    1
 -0.05628868 -0.19564772   -0.03825219  0.03754606   -0.03825219  0.03754606
 -0.03825219  0.03754606   -0.05628868 -0.19564772   -0.03825219  0.03754606
 -0.03825219  0.03754606   -0.03825219  0.03754606   -0.05628868 -0.19564772
    2    2
  0.27192972  0.00000000    0.01098469  0.00000000    0.01098469  0.00000000
  0.01098469  0.00000000    0.27192972  0.00000000    0.01098469  0.00000000
  0.01098469  0.00000000    0.01098469  0.00000000    0.27192972  0.00000000

     Dynamical  Matrix in cartesian axes

     q = (   -0.250000000  -0.250000000  -0.250000000 ) 

    1    1
  0.27192972  0.00000000    0.01098469  0.00000000    0.01098469  0.00000000
  0.01098469  0.00000000    0.27192972  0.00000000    0.01098469  0.00000000
  0.01098469  0.00000000    0.01098469  0.00000000    0.27192972  0.00000000
    1    2
 -0.05628868 -0.19564772   -0.03825219  0.03754606   -0.03825219  0.03754606
 -0.03825219  0.03754606   -0.05628868 -0.19564772   -0.03825219  0.03754606
 -0.03825219  0.03754606   -0.03825219  0.03754606   -0.05628868 -0.19564772
    2    1
 -0.05628868  0.19564772   -0.03825219 -0.03754606   -0.03825219 -0.03754606
 -0.03825219 -0.03754606   -0.05628868  0.19564772   -0.03825219 -0.03754606
 -0.03825219 -0.03754606   -0.03825219 -0.03754606   -0.05628868  0.19564772
    2    2
  0.27192972  0.00000000    0.01098469  0.00000000    0.01098469  0.00000000
  0.01098469  0.00000000    0.27192972  0.00000000    0.01098469  0.00000000
  0.01098469  0.00000000    0.01098469  0.00000000    0.27192972  0.00000000

     Dynamical  Matrix in cartesian axes

     q = (   -0.250000000  -0.250000000   0.250000000 ) 

    1    1
  0.27192972  0.00000000    0.01098469  0.00000000   -0.01098469  0.00000000
  0.01098469  0.00000000    0.27192972  0.00000000   -0.01098469  0.00000000
 -0.01098469  0.00000000   -0.01098469  0.00000000    0.27192972  0.00000000
    1    2
 -0.19564772 -0.05628868    0.03754606 -0.03825219   -0.03754606  0.03825219
  0.03754606 -0.03825219   -0.19564772 -0.05628868   -0.03754606  0.03825219
 -0.03754606  0.03825219   -0.03754606  0.03825219   -0.19564772 -0.05628868
    2    1
 -0.19564772  0.05628868    0.03754606  0.03825219   -0.03754606 -0.03825219
  0.03754606  0.03825219   -0.19564772  0.05628868   -0.03754606 -0.03825219
 -0.03754606 -0.03825219   -0.03754606 -0.03825219   -0.19564772  0.05628868
    2    2
  0.27192972  0.00000000    0.01098469  0.00000000   -0.01098469  0.00000000
  0.01098469  0.00000000    0.27192972  0.00000000   -0.01098469  0.00000000
 -0.01098469  0.00000000   -0.01098469  0.00000000    0.27192972  0.00000000

     Dynamical  Matrix in cartesian axes

     q = (   -0.250000000   0.250000000   0.250000000 ) 

    1    1
  0.27192972  0.00000000   -0.01098469  0.00000000   -0.01098469  0.00000000
 -0.01098469  0.00000000    0.27192972  0.00000000    0.01098469  0.00000000
 -0.01098469  0.00000000    0.01098469  0.00000000    0.27192972  0.00000000
    1    2
 -0.19564772  0.05628868   -0.03754606 -0.03825219   -0.03754606 -0.03825219
 -0.03754606 -0.03825219   -0.19564772  0.05628868    0.03754606  0.03825219
 -0.03754606 -0.03825219    0.03754606  0.03825219   -0.19564772  0.05628868
    2    1
 -0.19564772 -0.05628868   -0.03754606  0.03825219   -0.03754606  0.03825219
 -0.03754606  0.03825219   -0.19564772 -0.05628868    0.03754606 -0.03825219
 -0.03754606  0.03825219    0.03754606 -0.03825219   -0.19564772 -0.05628868
    2    2
  0.27192972  0.00000000   -0.01098469  0.00000000   -0.01098469  0.00000000
 -0.01098469  0.00000000    0.27192972  0.00000000    0.01098469  0.00000000
 -0.01098469  0.00000000    0.01098469  0.00000000    0.27192972  0.00000000

     Dynamical  Matrix in cartesian axes

     q = (    0.250000000   0.250000000  -0.250000000 ) 

    1    1
  0.27192972  0.00000000    0.01098469  0.00000000   -0.01098469  0.00000000
  0.01098469  0.00000000    0.27192972  0.00000000   -0.01098469  0.00000000
 -0.01098469  0.00000000   -0.01098469  0.00000000    0.27192972  0.00000000
    1    2
 -0.19564772  0.05628868    0.03754606  0.03825219   -0.03754606 -0.03825219
  0.03754606  0.03825219   -0.19564772  0.05628868   -0.03754606 -0.03825219
 -0.03754606 -0.03825219   -0.03754606 -0.03825219   -0.19564772  0.05628868
    2    1
 -0.19564772 -0.05628868    0.03754606 -0.03825219   -0.03754606  0.03825219
  0.03754606 -0.03825219   -0.19564772 -0.05628868   -0.03754606  0.03825219
 -0.03754606  0.03825219   -0.03754606  0.03825219   -0.19564772 -0.05628868
    2    2
  0.27192972  0.00000000    0.01098469  0.00000000   -0.01098469  0.00000000
  0.01098469  0.00000000    0.27192972  0.00000000   -0.01098469  0.00000000
 -0.01098469  0.00000000   -0.01098469  0.00000000    0.27192972  0.00000000

     Diagonalizing the dynamical matrix

     q = (   -0.250000000   0.250000000  -0.250000000 ) 

 **************************************************************************
     freq (    1) =       3.382104 [THz] =     112.814843 [cm-1]
 ( -0.454979  0.000624  0.077508  0.041810  0.532487  0.041185 ) 
 ( -0.453576  0.035708  0.080502  0.035708  0.534077 -0.000000 ) 
     freq (    2) =       3.382104 [THz] =     112.814843 [cm-1]
 (  0.350303 -0.060126  0.568955 -0.043214  0.218652  0.016912 ) 
 (  0.344623 -0.086960  0.563929 -0.086960  0.219305  0.000000 ) 
     freq (    3) =       6.959121 [THz] =     232.131301 [cm-1]
 (  0.274411  0.302267 -0.274411 -0.302267  0.274411  0.302267 ) 
 (  0.408248  0.000000 -0.408248  0.000000  0.408248  0.000000 ) 
     freq (    4) =      14.145279 [THz] =     471.835711 [cm-1]
 (  0.274411  0.302267 -0.274411 -0.302267  0.274411  0.302267 ) 
 ( -0.408248 -0.000000  0.408248 -0.000000 -0.408248  0.000000 ) 
     freq (    5) =      14.464232 [THz] =     482.474831 [cm-1]
 (  0.287747  0.022138 -0.287884 -0.022384 -0.575631 -0.044522 ) 
 ( -0.288597  0.000118  0.288753  0.000118  0.577350  0.000000 ) 
     freq (    6) =      14.464232 [THz] =     482.474831 [cm-1]
 (  0.244155  0.436387  0.243992  0.436374 -0.000163 -0.000013 ) 
 ( -0.277080 -0.416260 -0.276917 -0.416260  0.000163  0.000000 ) 
 **************************************************************************
