Dynamical matrix file
                                                                           
  1    2  2 10.4080000  0.0000000  0.0000000  0.0000000  0.0000000  0.0000000
           1  'Si  '    25598.822984527003     
    1    1      0.0000000000      0.0000000000      0.0000000000
    2    1      0.2500000000      0.2500000000      0.2500000000

     Dynamical  Matrix in cartesian axes

     q = (   -0.250000000   0.250000000  -0.250000000 ) 

    1    1
  0.28728768  0.00000000   -0.01052469  0.00000000    0.01052469  0.00000000
 -0.01052469  0.00000000    0.28728768  0.00000000   -0.01052469  0.00000000
  0.01052469  0.00000000   -0.01052469  0.00000000    0.28728768  0.00000000
    1    2
 -0.21432921 -0.06506446   -0.03308318  0.03372109    0.03308318 -0.03372109
 -0.03308318  0.03372109   -0.21432921 -0.06506446   -0.03308318  0.03372109
  0.03308318 -0.03372109   -0.03308318  0.03372109   -0.21432921 -0.06506446
    2    1
 -0.21432921  0.06506446   -0.03308318 -0.03372109    0.03308318  0.03372109
 -0.03308318 -0.03372109   -0.21432921  0.06506446   -0.03308318 -0.03372109
  0.03308318  0.03372109   -0.03308318 -0.03372109   -0.21432921  0.06506446
    2    2
  0.28728768  0.00000000   -0.01052469  0.00000000    0.01052469  0.00000000
 -0.01052469  0.00000000    0.28728768  0.00000000   -0.01052469  0.00000000
  0.01052469  0.00000000   -0.01052469  0.00000000    0.28728768  0.00000000

     Dynamical  Matrix in cartesian axes

     q = (    0.250000000  -0.250000000  -0.250000000 ) 

    1    1
  0.28728768  0.00000000   -0.01052469  0.00000000   -0.01052469  0.00000000
 -0.01052469  0.00000000    0.28728768  0.00000000    0.01052469  0.00000000
 -0.01052469  0.00000000    0.01052469  0.00000000    0.28728768  0.00000000
    1    2
 -0.21432921 -0.06506446   -0.03308318  0.03372109   -0.03308318  0.03372109
 -0.03308318  0.03372109   -0.21432921 -0.06506446    0.03308318 -0.03372109
 -0.03308318  0.03372109    0.03308318 -0.03372109   -0.21432921 -0.06506446
    2    1
 -0.21432921  0.06506446   -0.03308318 -0.03372109   -0.03308318 -0.03372109
 -0.03308318 -0.03372109   -0.21432921  0.06506446    0.03308318  0.03372109
 -0.03308318 -0.03372109    0.03308318  0.03372109   -0.21432921  0.06506446
    2    2
  0.28728768  0.00000000   -0.01052469  0.00000000   -0.01052469  0.00000000
 -0.01052469  0.00000000    0.28728768  0.00000000    0.01052469  0.00000000
 -0.01052469  0.00000000    0.01052469  0.00000000    0.28728768  0.00000000

     Dynamical  Matrix in cartesian axes

     q = (    0.250000000  -0.250000000   0.250000000 ) 

    1    1
  0.28728768  0.00000000   -0.01052469  0.00000000    0.01052469  0.00000000
 -0.01052469  0.00000000    0.28728768  0.00000000   -0.01052469  0.00000000
  0.01052469  0.00000000   -0.01052469  0.00000000    0.28728768  0.00000000
    1    2
 -0.21432921  0.06506446   -0.03308318 -0.03372109    0.03308318  0.03372109
 -0.03308318 -0.03372109   -0.21432921  0.06506446   -0.03308318 -0.03372109
  0.03308318  0.03372109   -0.03308318 -0.03372109   -0.21432921  0.06506446
    2    1
 -0.21432921 -0.06506446   -0.03308318  0.03372109    0.03308318 -0.03372109
 -0.03308318  0.03372109   -0.21432921 -0.06506446   -0.03308318  0.03372109
  0.03308318 -0.03372109   -0.03308318  0.03372109   -0.21432921 -0.06506446
    2    2
  0.28728768  0.00000000   -0.01052469  0.00000000    0.01052469  0.00000000
 -0.01052469  0.00000000    0.28728768  0.00000000   -0.01052469  0.00000000
  0.01052469  0.00000000   -0.01052469  0.00000000    0.28728768  0.00000000

     Dynamical  Matrix in cartesian axes

     q = (    0.250000000   0.250000000   0.250000000 ) 

    1    1
  0.28728768  0.00000000    0.01052469  0.00000000    0.01052469  0.00000000
  0.01052469  0.00000000    0.28728768  0.00000000    0.01052469  0.00000000
  0.01052469  0.00000000    0.01052469  0.00000000    0.28728768  0.00000000
    1    2
 -0.06506446  0.21432921   -0.03372109 -0.03308318   -0.03372109 -0.03308318
 -0.03372109 -0.03308318   -0.06506446  0.21432921   -0.03372109 -0.03308318
 -0.03372109 -0.03308318   -0.03372109 -0.03308318   -0.06506446  0.21432921
    2    1
 -0.06506446 -0.21432921   -0.03372109  0.03308318   -0.03372109  0.03308318
 -0.03372109  0.03308318   -0.06506446 -0.21432921   -0.03372109  0.03308318
 -0.03372109  0.03308318   -0.03372109  0.03308318   -0.06506446 -0.21432921
    2    2
  0.28728768  0.00000000    0.01052469  0.00000000    0.01052469  0.00000000
  0.01052469  0.00000000    0.28728768  0.00000000    0.01052469  0.00000000
  0.01052469  0.00000000    0.01052469  0.00000000    0.28728768  0.00000000

     Dynamical  Matrix in cartesian axes

     q = (   -0.250000000  -0.250000000  -0.250000000 ) 

    1    1
  0.28728768  0.00000000    0.01052469  0.00000000    0.01052469  0.00000000
  0.01052469  0.00000000    0.28728768  0.00000000    0.01052469  0.00000000
  0.01052469  0.00000000    0.01052469  0.00000000    0.28728768  0.00000000
    1    2
 -0.06506446 -0.21432921   -0.03372109  0.03308318   -0.03372109  0.03308318
 -0.03372109  0.03308318   -0.06506446 -0.21432921   -0.03372109  0.03308318
 -0.03372109  0.03308318   -0.03372109  0.03308318   -0.06506446 -0.21432921
    2    1
 -0.06506446  0.21432921   -0.03372109 -0.03308318   -0.03372109 -0.03308318
 -0.03372109 -0.03308318   -0.06506446  0.21432921   -0.03372109 -0.03308318
 -0.03372109 -0.03308318   -0.03372109 -0.03308318   -0.06506446  0.21432921
    2    2
  0.28728768  0.00000000    0.01052469  0.00000000    0.01052469  0.00000000
  0.01052469  0.00000000    0.28728768  0.00000000    0.01052469  0.00000000
  0.01052469  0.00000000    0.01052469  0.00000000    0.28728768  0.00000000

     Dynamical  Matrix in cartesian axes

     q = (   -0.250000000  -0.250000000   0.250000000 ) 

    1    1
  0.28728768  0.00000000    0.01052469  0.00000000   -0.01052469  0.00000000
  0.01052469  0.00000000    0.28728768  0.00000000   -0.01052469  0.00000000
 -0.01052469  0.00000000   -0.01052469  0.00000000    0.28728768  0.00000000
    1    2
 -0.21432921 -0.06506446    0.03308318 -0.03372109   -0.03308318  0.03372109
  0.03308318 -0.03372109   -0.21432921 -0.06506446   -0.03308318  0.03372109
 -0.03308318  0.03372109   -0.03308318  0.03372109   -0.21432921 -0.06506446
    2    1
 -0.21432921  0.06506446    0.03308318  0.03372109   -0.03308318 -0.03372109
  0.03308318  0.03372109   -0.21432921  0.06506446   -0.03308318 -0.03372109
 -0.03308318 -0.03372109   -0.03308318 -0.03372109   -0.21432921  0.06506446
    2    2
  0.28728768  0.00000000    0.01052469  0.00000000   -0.01052469  0.00000000
  0.01052469  0.00000000    0.28728768  0.00000000   -0.01052469  0.00000000
 -0.01052469  0.00000000   -0.01052469  0.00000000    0.28728768  0.00000000

     Dynamical  Matrix in cartesian axes

     q = (   -0.250000000   0.250000000   0.250000000 ) 

    1    1
  0.28728768  0.00000000   -0.01052469  0.00000000   -0.01052469  0.00000000
 -0.01052469  0.00000000    0.28728768  0.00000000    0.01052469  0.00000000
 -0.01052469  0.00000000    0.01052469  0.00000000    0.28728768  0.00000000
    1    2
 -0.21432921  0.06506446   -0.03308318 -0.03372109   -0.03308318 -0.03372109
 -0.03308318 -0.03372109   -0.21432921  0.06506446    0.03308318  0.03372109
 -0.03308318 -0.03372109    0.03308318  0.03372109   -0.21432921  0.06506446
    2    1
 -0.21432921 -0.06506446   -0.03308318  0.03372109   -0.03308318  0.03372109
 -0.03308318  0.03372109   -0.21432921 -0.06506446    0.03308318 -0.03372109
 -0.03308318  0.03372109    0.03308318 -0.03372109   -0.21432921 -0.06506446
    2    2
  0.28728768  0.00000000   -0.01052469  0.00000000   -0.01052469  0.00000000
 -0.01052469  0.00000000    0.28728768  0.00000000    0.01052469  0.00000000
 -0.01052469  0.00000000    0.01052469  0.00000000    0.28728768  0.00000000

     Dynamical  Matrix in cartesian axes

     q = (    0.250000000   0.250000000  -0.250000000 ) 

    1    1
  0.28728768  0.00000000    0.01052469  0.00000000   -0.01052469  0.00000000
  0.01052469  0.00000000    0.28728768  0.00000000   -0.01052469  0.00000000
 -0.01052469  0.00000000   -0.01052469  0.00000000    0.28728768  0.00000000
    1    2
 -0.21432921  0.06506446    0.03308318  0.03372109   -0.03308318 -0.03372109
  0.03308318  0.03372109   -0.21432921  0.06506446   -0.03308318 -0.03372109
 -0.03308318 -0.03372109   -0.03308318 -0.03372109   -0.21432921  0.06506446
    2    1
 -0.21432921 -0.06506446    0.03308318 -0.03372109   -0.03308318  0.03372109
  0.03308318 -0.03372109   -0.21432921 -0.06506446   -0.03308318  0.03372109
 -0.03308318  0.03372109   -0.03308318  0.03372109   -0.21432921 -0.06506446
    2    2
  0.28728768  0.00000000    0.01052469  0.00000000   -0.01052469  0.00000000
  0.01052469  0.00000000    0.28728768  0.00000000   -0.01052469  0.00000000
 -0.01052469  0.00000000   -0.01052469  0.00000000    0.28728768  0.00000000

     Diagonalizing the dynamical matrix

     q = (   -0.250000000   0.250000000  -0.250000000 ) 

 **************************************************************************
     freq (    1) =       3.401946 [THz] =     113.476693 [cm-1]
 (  0.162535  0.024613 -0.394483 -0.045953 -0.557018 -0.070566 ) 
 (  0.164340  0.003990 -0.397130  0.003990 -0.561470  0.000000 ) 
     freq (    2) =       3.401946 [THz] =     113.476693 [cm-1]
 (  0.550909  0.053000  0.417495  0.036099 -0.133414 -0.016902 ) 
 (  0.553202 -0.016658  0.418721 -0.016658 -0.134480  0.000000 ) 
     freq (    3) =       6.806148 [THz] =     227.028654 [cm-1]
 ( -0.304305 -0.272149  0.304305  0.272149 -0.304305 -0.272149 ) 
 ( -0.408248  0.000000  0.408248 -0.000000 -0.408248  0.000000 ) 
     freq (    4) =      14.642514 [THz] =     488.421696 [cm-1]
 ( -0.304305 -0.272149  0.304305  0.272149 -0.304305 -0.272149 ) 
 (  0.408248 -0.000000 -0.408248 -0.000000  0.408248  0.000000 ) 
     freq (    5) =      14.914922 [THz] =     497.508255 [cm-1]
 (  0.147611 -0.015204 -0.403162 -0.084978 -0.550773 -0.069774 ) 
 ( -0.144530  0.033635  0.410645  0.033635  0.555175 -0.000000 ) 
     freq (    6) =      14.914922 [THz] =     497.508255 [cm-1]
 (  0.526237  0.185440  0.369019  0.165523 -0.157218 -0.019917 ) 
 ( -0.545370 -0.117832 -0.386896 -0.117832  0.158475  0.000000 ) 
 **************************************************************************
