Dynamical matrix file
                                                                           
  1    2  2 10.4080000  0.0000000  0.0000000  0.0000000  0.0000000  0.0000000
           1  'Si  '    25598.822984527003     
    1    1      0.0000000000      0.0000000000      0.0000000000
    2    1      0.2500000000      0.2500000000      0.2500000000

     Dynamical  Matrix in cartesian axes

     q = (    0.750000000  -0.250000000   0.750000000 ) 

    1    1
  0.25002890  0.00000000   -0.00451464  0.00749390    0.00122884  0.00000000
 -0.00451464 -0.00749390    0.30421090  0.00000000   -0.00451464 -0.00749390
  0.00122884  0.00000000   -0.00451464  0.00749390    0.25002890  0.00000000
    1    2
 -0.04897532  0.08101008   -0.03216631  0.03681211   -0.03840598 -0.12094505
 -0.03216631  0.03681211   -0.04759383  0.10012311   -0.03216631  0.03681211
 -0.03840598 -0.12094505   -0.03216631  0.03681211   -0.04897532  0.08101008
    2    1
 -0.04897532 -0.08101008   -0.03216631 -0.03681211   -0.03840598  0.12094505
 -0.03216631 -0.03681211   -0.04759383 -0.10012311   -0.03216631 -0.03681211
 -0.03840598  0.12094505   -0.03216631 -0.03681211   -0.04897532 -0.08101008
    2    2
  0.25002890  0.00000000   -0.00451464 -0.00749390    0.00122884  0.00000000
 -0.00451464  0.00749390    0.30421090  0.00000000   -0.00451464  0.00749390
  0.00122884  0.00000000   -0.00451464 -0.00749390    0.25002890  0.00000000

     Dynamical  Matrix in cartesian axes

     q = (    0.750000000  -0.250000000  -0.750000000 ) 

    1    1
  0.25002890  0.00000000   -0.00451464 -0.00749390   -0.00122884  0.00000000
 -0.00451464  0.00749390    0.30421090  0.00000000    0.00451464 -0.00749390
 -0.00122884  0.00000000    0.00451464  0.00749390    0.25002890  0.00000000
    1    2
 -0.08101008  0.04897532   -0.03681211  0.03216631   -0.12094505 -0.03840598
 -0.03681211  0.03216631   -0.10012311  0.04759383    0.03681211 -0.03216631
 -0.12094505 -0.03840598    0.03681211 -0.03216631   -0.08101008  0.04897532
    2    1
 -0.08101008 -0.04897532   -0.03681211 -0.03216631   -0.12094505  0.03840598
 -0.03681211 -0.03216631   -0.10012311 -0.04759383    0.03681211  0.03216631
 -0.12094505  0.03840598    0.03681211  0.03216631   -0.08101008 -0.04897532
    2    2
  0.25002890  0.00000000   -0.00451464  0.00749390   -0.00122884  0.00000000
 -0.00451464 -0.00749390    0.30421090  0.00000000    0.00451464  0.00749390
 -0.00122884  0.00000000    0.00451464 -0.00749390    0.25002890  0.00000000

     Dynamical  Matrix in cartesian axes

     q = (   -0.750000000  -0.250000000  -0.750000000 ) 

    1    1
  0.25002890  0.00000000    0.00451464 -0.00749390    0.00122884  0.00000000
  0.00451464  0.00749390    0.30421090  0.00000000    0.00451464  0.00749390
  0.00122884  0.00000000    0.00451464 -0.00749390    0.25002890  0.00000000
    1    2
  0.08101008  0.04897532   -0.03681211 -0.03216631   -0.12094505  0.03840598
 -0.03681211 -0.03216631    0.10012311  0.04759383   -0.03681211 -0.03216631
 -0.12094505  0.03840598   -0.03681211 -0.03216631    0.08101008  0.04897532
    2    1
  0.08101008 -0.04897532   -0.03681211  0.03216631   -0.12094505 -0.03840598
 -0.03681211  0.03216631    0.10012311 -0.04759383   -0.03681211  0.03216631
 -0.12094505 -0.03840598   -0.03681211  0.03216631    0.08101008 -0.04897532
    2    2
  0.25002890  0.00000000    0.00451464  0.00749390    0.00122884  0.00000000
  0.00451464 -0.00749390    0.30421090  0.00000000    0.00451464 -0.00749390
  0.00122884  0.00000000    0.00451464  0.00749390    0.25002890  0.00000000

     Dynamical  Matrix in cartesian axes

     q = (   -0.750000000  -0.250000000   0.750000000 ) 

    1    1
  0.25002890  0.00000000    0.00451464  0.00749390   -0.00122884  0.00000000
  0.00451464 -0.00749390    0.30421090  0.00000000   -0.00451464  0.00749390
 -0.00122884  0.00000000   -0.00451464 -0.00749390    0.25002890  0.00000000
    1    2
 -0.08101008  0.04897532    0.03681211 -0.03216631   -0.12094505 -0.03840598
  0.03681211 -0.03216631   -0.10012311  0.04759383   -0.03681211  0.03216631
 -0.12094505 -0.03840598   -0.03681211  0.03216631   -0.08101008  0.04897532
    2    1
 -0.08101008 -0.04897532    0.03681211  0.03216631   -0.12094505  0.03840598
  0.03681211  0.03216631   -0.10012311 -0.04759383   -0.03681211 -0.03216631
 -0.12094505  0.03840598   -0.03681211 -0.03216631   -0.08101008 -0.04897532
    2    2
  0.25002890  0.00000000    0.00451464 -0.00749390   -0.00122884  0.00000000
  0.00451464  0.00749390    0.30421090  0.00000000   -0.00451464 -0.00749390
 -0.00122884  0.00000000   -0.00451464  0.00749390    0.25002890  0.00000000

     Dynamical  Matrix in cartesian axes

     q = (   -0.750000000   0.250000000  -0.750000000 ) 

    1    1
  0.25002890  0.00000000   -0.00451464 -0.00749390    0.00122884  0.00000000
 -0.00451464  0.00749390    0.30421090  0.00000000   -0.00451464  0.00749390
  0.00122884  0.00000000   -0.00451464 -0.00749390    0.25002890  0.00000000
    1    2
 -0.04897532 -0.08101008   -0.03216631 -0.03681211   -0.03840598  0.12094505
 -0.03216631 -0.03681211   -0.04759383 -0.10012311   -0.03216631 -0.03681211
 -0.03840598  0.12094505   -0.03216631 -0.03681211   -0.04897532 -0.08101008
    2    1
 -0.04897532  0.08101008   -0.03216631  0.03681211   -0.03840598 -0.12094505
 -0.03216631  0.03681211   -0.04759383  0.10012311   -0.03216631  0.03681211
 -0.03840598 -0.12094505   -0.03216631  0.03681211   -0.04897532  0.08101008
    2    2
  0.25002890  0.00000000   -0.00451464  0.00749390    0.00122884  0.00000000
 -0.00451464 -0.00749390    0.30421090  0.00000000   -0.00451464 -0.00749390
  0.00122884  0.00000000   -0.00451464  0.00749390    0.25002890  0.00000000

     Dynamical  Matrix in cartesian axes

     q = (   -0.250000000   0.750000000  -0.750000000 ) 

    1    1
  0.30421090  0.00000000   -0.00451464  0.00749390    0.00451464 -0.00749390
 -0.00451464 -0.00749390    0.25002890  0.00000000   -0.00122884  0.00000000
  0.00451464  0.00749390   -0.00122884  0.00000000    0.25002890  0.00000000
    1    2
 -0.10012311  0.04759383   -0.03681211  0.03216631    0.03681211 -0.03216631
 -0.03681211  0.03216631   -0.08101008  0.04897532   -0.12094505 -0.03840598
  0.03681211 -0.03216631   -0.12094505 -0.03840598   -0.08101008  0.04897532
    2    1
 -0.10012311 -0.04759383   -0.03681211 -0.03216631    0.03681211  0.03216631
 -0.03681211 -0.03216631   -0.08101008 -0.04897532   -0.12094505  0.03840598
  0.03681211  0.03216631   -0.12094505  0.03840598   -0.08101008 -0.04897532
    2    2
  0.30421090  0.00000000   -0.00451464 -0.00749390    0.00451464  0.00749390
 -0.00451464  0.00749390    0.25002890  0.00000000   -0.00122884  0.00000000
  0.00451464 -0.00749390   -0.00122884  0.00000000    0.25002890  0.00000000

     Dynamical  Matrix in cartesian axes

     q = (   -0.750000000   0.750000000  -0.250000000 ) 

    1    1
  0.25002890  0.00000000   -0.00122884  0.00000000    0.00451464  0.00749390
 -0.00122884  0.00000000    0.25002890  0.00000000   -0.00451464 -0.00749390
  0.00451464 -0.00749390   -0.00451464  0.00749390    0.30421090  0.00000000
    1    2
 -0.08101008  0.04897532   -0.12094505 -0.03840598    0.03681211 -0.03216631
 -0.12094505 -0.03840598   -0.08101008  0.04897532   -0.03681211  0.03216631
  0.03681211 -0.03216631   -0.03681211  0.03216631   -0.10012311  0.04759383
    2    1
 -0.08101008 -0.04897532   -0.12094505  0.03840598    0.03681211  0.03216631
 -0.12094505  0.03840598   -0.08101008 -0.04897532   -0.03681211 -0.03216631
  0.03681211  0.03216631   -0.03681211 -0.03216631   -0.10012311 -0.04759383
    2    2
  0.25002890  0.00000000   -0.00122884  0.00000000    0.00451464 -0.00749390
 -0.00122884  0.00000000    0.25002890  0.00000000   -0.00451464  0.00749390
  0.00451464  0.00749390   -0.00451464 -0.00749390    0.30421090  0.00000000

     Dynamical  Matrix in cartesian axes

     q = (    0.750000000   0.250000000   0.750000000 ) 

    1    1
  0.25002890  0.00000000    0.00451464  0.00749390    0.00122884  0.00000000
  0.00451464 -0.00749390    0.30421090  0.00000000    0.00451464 -0.00749390
  0.00122884  0.00000000    0.00451464  0.00749390    0.25002890  0.00000000
    1    2
  0.08101008 -0.04897532   -0.03681211  0.03216631   -0.12094505 -0.03840598
 -0.03681211  0.03216631    0.10012311 -0.04759383   -0.03681211  0.03216631
 -0.12094505 -0.03840598   -0.03681211  0.03216631    0.08101008 -0.04897532
    2    1
  0.08101008  0.04897532   -0.03681211 -0.03216631   -0.12094505  0.03840598
 -0.03681211 -0.03216631    0.10012311  0.04759383   -0.03681211 -0.03216631
 -0.12094505  0.03840598   -0.03681211 -0.03216631    0.08101008  0.04897532
    2    2
  0.25002890  0.00000000    0.00451464 -0.00749390    0.00122884  0.00000000
  0.00451464  0.00749390    0.30421090  0.00000000    0.00451464  0.00749390
  0.00122884  0.00000000    0.00451464 -0.00749390    0.25002890  0.00000000

     Dynamical  Matrix in cartesian axes

     q = (   -0.750000000   0.250000000   0.750000000 ) 

    1    1
  0.25002890  0.00000000   -0.00451464  0.00749390   -0.00122884  0.00000000
 -0.00451464 -0.00749390    0.30421090  0.00000000    0.00451464  0.00749390
 -0.00122884  0.00000000    0.00451464 -0.00749390    0.25002890  0.00000000
    1    2
 -0.08101008 -0.04897532   -0.03681211 -0.03216631   -0.12094505  0.03840598
 -0.03681211 -0.03216631   -0.10012311 -0.04759383    0.03681211  0.03216631
 -0.12094505  0.03840598    0.03681211  0.03216631   -0.08101008 -0.04897532
    2    1
 -0.08101008  0.04897532   -0.03681211  0.03216631   -0.12094505 -0.03840598
 -0.03681211  0.03216631   -0.10012311  0.04759383    0.03681211 -0.03216631
 -0.12094505 -0.03840598    0.03681211 -0.03216631   -0.08101008  0.04897532
    2    2
  0.25002890  0.00000000   -0.00451464 -0.00749390   -0.00122884  0.00000000
 -0.00451464  0.00749390    0.30421090  0.00000000    0.00451464 -0.00749390
 -0.00122884  0.00000000    0.00451464  0.00749390    0.25002890  0.00000000

     Dynamical  Matrix in cartesian axes

     q = (    0.750000000   0.250000000  -0.750000000 ) 

    1    1
  0.25002890  0.00000000    0.00451464 -0.00749390   -0.00122884  0.00000000
  0.00451464  0.00749390    0.30421090  0.00000000   -0.00451464 -0.00749390
 -0.00122884  0.00000000   -0.00451464  0.00749390    0.25002890  0.00000000
    1    2
 -0.08101008 -0.04897532    0.03681211  0.03216631   -0.12094505  0.03840598
  0.03681211  0.03216631   -0.10012311 -0.04759383   -0.03681211 -0.03216631
 -0.12094505  0.03840598   -0.03681211 -0.03216631   -0.08101008 -0.04897532
    2    1
 -0.08101008  0.04897532    0.03681211 -0.03216631   -0.12094505 -0.03840598
  0.03681211 -0.03216631   -0.10012311  0.04759383   -0.03681211  0.03216631
 -0.12094505 -0.03840598   -0.03681211  0.03216631   -0.08101008  0.04897532
    2    2
  0.25002890  0.00000000    0.00451464  0.00749390   -0.00122884  0.00000000
  0.00451464 -0.00749390    0.30421090  0.00000000   -0.00451464  0.00749390
 -0.00122884  0.00000000   -0.00451464 -0.00749390    0.25002890  0.00000000

     Dynamical  Matrix in cartesian axes

     q = (   -0.750000000   0.750000000   0.250000000 ) 

    1    1
  0.25002890  0.00000000   -0.00122884  0.00000000   -0.00451464  0.00749390
 -0.00122884  0.00000000    0.25002890  0.00000000    0.00451464 -0.00749390
 -0.00451464 -0.00749390    0.00451464  0.00749390    0.30421090  0.00000000
    1    2
 -0.08101008 -0.04897532   -0.12094505  0.03840598   -0.03681211 -0.03216631
 -0.12094505  0.03840598   -0.08101008 -0.04897532    0.03681211  0.03216631
 -0.03681211 -0.03216631    0.03681211  0.03216631   -0.10012311 -0.04759383
    2    1
 -0.08101008  0.04897532   -0.12094505 -0.03840598   -0.03681211  0.03216631
 -0.12094505 -0.03840598   -0.08101008  0.04897532    0.03681211 -0.03216631
 -0.03681211  0.03216631    0.03681211 -0.03216631   -0.10012311  0.04759383
    2    2
  0.25002890  0.00000000   -0.00122884  0.00000000   -0.00451464 -0.00749390
 -0.00122884  0.00000000    0.25002890  0.00000000    0.00451464  0.00749390
 -0.00451464  0.00749390    0.00451464 -0.00749390    0.30421090  0.00000000

     Dynamical  Matrix in cartesian axes

     q = (   -0.250000000   0.750000000   0.750000000 ) 

    1    1
  0.30421090  0.00000000   -0.00451464 -0.00749390   -0.00451464 -0.00749390
 -0.00451464  0.00749390    0.25002890  0.00000000    0.00122884  0.00000000
 -0.00451464  0.00749390    0.00122884  0.00000000    0.25002890  0.00000000
    1    2
 -0.04759383  0.10012311   -0.03216631  0.03681211   -0.03216631  0.03681211
 -0.03216631  0.03681211   -0.04897532  0.08101008   -0.03840598 -0.12094505
 -0.03216631  0.03681211   -0.03840598 -0.12094505   -0.04897532  0.08101008
    2    1
 -0.04759383 -0.10012311   -0.03216631 -0.03681211   -0.03216631 -0.03681211
 -0.03216631 -0.03681211   -0.04897532 -0.08101008   -0.03840598  0.12094505
 -0.03216631 -0.03681211   -0.03840598  0.12094505   -0.04897532 -0.08101008
    2    2
  0.30421090  0.00000000   -0.00451464  0.00749390   -0.00451464  0.00749390
 -0.00451464 -0.00749390    0.25002890  0.00000000    0.00122884  0.00000000
 -0.00451464 -0.00749390    0.00122884  0.00000000    0.25002890  0.00000000

     Dynamical  Matrix in cartesian axes

     q = (    0.250000000   0.750000000  -0.750000000 ) 

    1    1
  0.30421090  0.00000000    0.00451464  0.00749390   -0.00451464 -0.00749390
  0.00451464 -0.00749390    0.25002890  0.00000000   -0.00122884  0.00000000
 -0.00451464  0.00749390   -0.00122884  0.00000000    0.25002890  0.00000000
    1    2
 -0.10012311 -0.04759383    0.03681211  0.03216631   -0.03681211 -0.03216631
  0.03681211  0.03216631   -0.08101008 -0.04897532   -0.12094505  0.03840598
 -0.03681211 -0.03216631   -0.12094505  0.03840598   -0.08101008 -0.04897532
    2    1
 -0.10012311  0.04759383    0.03681211 -0.03216631   -0.03681211  0.03216631
  0.03681211 -0.03216631   -0.08101008  0.04897532   -0.12094505 -0.03840598
 -0.03681211  0.03216631   -0.12094505 -0.03840598   -0.08101008  0.04897532
    2    2
  0.30421090  0.00000000    0.00451464 -0.00749390   -0.00451464  0.00749390
  0.00451464  0.00749390    0.25002890  0.00000000   -0.00122884  0.00000000
 -0.00451464 -0.00749390   -0.00122884  0.00000000    0.25002890  0.00000000

     Dynamical  Matrix in cartesian axes

     q = (   -0.250000000  -0.750000000  -0.750000000 ) 

    1    1
  0.30421090  0.00000000    0.00451464  0.00749390    0.00451464  0.00749390
  0.00451464 -0.00749390    0.25002890  0.00000000    0.00122884  0.00000000
  0.00451464 -0.00749390    0.00122884  0.00000000    0.25002890  0.00000000
    1    2
  0.10012311  0.04759383   -0.03681211 -0.03216631   -0.03681211 -0.03216631
 -0.03681211 -0.03216631    0.08101008  0.04897532   -0.12094505  0.03840598
 -0.03681211 -0.03216631   -0.12094505  0.03840598    0.08101008  0.04897532
    2    1
  0.10012311 -0.04759383   -0.03681211  0.03216631   -0.03681211  0.03216631
 -0.03681211  0.03216631    0.08101008 -0.04897532   -0.12094505 -0.03840598
 -0.03681211  0.03216631   -0.12094505 -0.03840598    0.08101008 -0.04897532
    2    2
  0.30421090  0.00000000    0.00451464 -0.00749390    0.00451464 -0.00749390
  0.00451464  0.00749390    0.25002890  0.00000000    0.00122884  0.00000000
  0.00451464  0.00749390    0.00122884  0.00000000    0.25002890  0.00000000

     Dynamical  Matrix in cartesian axes

     q = (    0.750000000   0.750000000  -0.250000000 ) 

    1    1
  0.25002890  0.00000000    0.00122884  0.00000000   -0.00451464  0.00749390
  0.00122884  0.00000000    0.25002890  0.00000000   -0.00451464  0.00749390
 -0.00451464 -0.00749390   -0.00451464 -0.00749390    0.30421090  0.00000000
    1    2
 -0.04897532  0.08101008   -0.03840598 -0.12094505   -0.03216631  0.03681211
 -0.03840598 -0.12094505   -0.04897532  0.08101008   -0.03216631  0.03681211
 -0.03216631  0.03681211   -0.03216631  0.03681211   -0.04759383  0.10012311
    2    1
 -0.04897532 -0.08101008   -0.03840598  0.12094505   -0.03216631 -0.03681211
 -0.03840598  0.12094505   -0.04897532 -0.08101008   -0.03216631 -0.03681211
 -0.03216631 -0.03681211   -0.03216631 -0.03681211   -0.04759383 -0.10012311
    2    2
  0.25002890  0.00000000    0.00122884  0.00000000   -0.00451464 -0.00749390
  0.00122884  0.00000000    0.25002890  0.00000000   -0.00451464 -0.00749390
 -0.00451464  0.00749390   -0.00451464  0.00749390    0.30421090  0.00000000

     Dynamical  Matrix in cartesian axes

     q = (    0.750000000  -0.750000000   0.250000000 ) 

    1    1
  0.25002890  0.00000000   -0.00122884  0.00000000    0.00451464 -0.00749390
 -0.00122884  0.00000000    0.25002890  0.00000000   -0.00451464  0.00749390
  0.00451464  0.00749390   -0.00451464 -0.00749390    0.30421090  0.00000000
    1    2
 -0.08101008 -0.04897532   -0.12094505  0.03840598    0.03681211  0.03216631
 -0.12094505  0.03840598   -0.08101008 -0.04897532   -0.03681211 -0.03216631
  0.03681211  0.03216631   -0.03681211 -0.03216631   -0.10012311 -0.04759383
    2    1
 -0.08101008  0.04897532   -0.12094505 -0.03840598    0.03681211 -0.03216631
 -0.12094505 -0.03840598   -0.08101008  0.04897532   -0.03681211  0.03216631
  0.03681211 -0.03216631   -0.03681211  0.03216631   -0.10012311  0.04759383
    2    2
  0.25002890  0.00000000   -0.00122884  0.00000000    0.00451464  0.00749390
 -0.00122884  0.00000000    0.25002890  0.00000000   -0.00451464 -0.00749390
  0.00451464 -0.00749390   -0.00451464  0.00749390    0.30421090  0.00000000

     Dynamical  Matrix in cartesian axes

     q = (   -0.750000000  -0.750000000  -0.250000000 ) 

    1    1
  0.25002890  0.00000000    0.00122884  0.00000000    0.00451464 -0.00749390
  0.00122884  0.00000000    0.25002890  0.00000000    0.00451464 -0.00749390
  0.00451464  0.00749390    0.00451464  0.00749390    0.30421090  0.00000000
    1    2
  0.08101008  0.04897532   -0.12094505  0.03840598   -0.03681211 -0.03216631
 -0.12094505  0.03840598    0.08101008  0.04897532   -0.03681211 -0.03216631
 -0.03681211 -0.03216631   -0.03681211 -0.03216631    0.10012311  0.04759383
    2    1
  0.08101008 -0.04897532   -0.12094505 -0.03840598   -0.03681211  0.03216631
 -0.12094505 -0.03840598    0.08101008 -0.04897532   -0.03681211  0.03216631
 -0.03681211  0.03216631   -0.03681211  0.03216631    0.10012311 -0.04759383
    2    2
  0.25002890  0.00000000    0.00122884  0.00000000    0.00451464  0.00749390
  0.00122884  0.00000000    0.25002890  0.00000000    0.00451464  0.00749390
  0.00451464 -0.00749390    0.00451464 -0.00749390    0.30421090  0.00000000

     Dynamical  Matrix in cartesian axes

     q = (    0.250000000  -0.750000000   0.750000000 ) 

    1    1
  0.30421090  0.00000000   -0.00451464 -0.00749390    0.00451464  0.00749390
 -0.00451464  0.00749390    0.25002890  0.00000000   -0.00122884  0.00000000
  0.00451464 -0.00749390   -0.00122884  0.00000000    0.25002890  0.00000000
    1    2
 -0.10012311 -0.04759383   -0.03681211 -0.03216631    0.03681211  0.03216631
 -0.03681211 -0.03216631   -0.08101008 -0.04897532   -0.12094505  0.03840598
  0.03681211  0.03216631   -0.12094505  0.03840598   -0.08101008 -0.04897532
    2    1
 -0.10012311  0.04759383   -0.03681211  0.03216631    0.03681211 -0.03216631
 -0.03681211  0.03216631   -0.08101008  0.04897532   -0.12094505 -0.03840598
  0.03681211 -0.03216631   -0.12094505 -0.03840598   -0.08101008  0.04897532
    2    2
  0.30421090  0.00000000   -0.00451464  0.00749390    0.00451464 -0.00749390
 -0.00451464 -0.00749390    0.25002890  0.00000000   -0.00122884  0.00000000
  0.00451464  0.00749390   -0.00122884  0.00000000    0.25002890  0.00000000

     Dynamical  Matrix in cartesian axes

     q = (   -0.750000000  -0.750000000   0.250000000 ) 

    1    1
  0.25002890  0.00000000    0.00122884  0.00000000   -0.00451464 -0.00749390
  0.00122884  0.00000000    0.25002890  0.00000000   -0.00451464 -0.00749390
 -0.00451464  0.00749390   -0.00451464  0.00749390    0.30421090  0.00000000
    1    2
 -0.04897532 -0.08101008   -0.03840598  0.12094505   -0.03216631 -0.03681211
 -0.03840598  0.12094505   -0.04897532 -0.08101008   -0.03216631 -0.03681211
 -0.03216631 -0.03681211   -0.03216631 -0.03681211   -0.04759383 -0.10012311
    2    1
 -0.04897532  0.08101008   -0.03840598 -0.12094505   -0.03216631  0.03681211
 -0.03840598 -0.12094505   -0.04897532  0.08101008   -0.03216631  0.03681211
 -0.03216631  0.03681211   -0.03216631  0.03681211   -0.04759383  0.10012311
    2    2
  0.25002890  0.00000000    0.00122884  0.00000000   -0.00451464  0.00749390
  0.00122884  0.00000000    0.25002890  0.00000000   -0.00451464  0.00749390
 -0.00451464 -0.00749390   -0.00451464 -0.00749390    0.30421090  0.00000000

     Dynamical  Matrix in cartesian axes

     q = (    0.250000000   0.750000000   0.750000000 ) 

    1    1
  0.30421090  0.00000000    0.00451464 -0.00749390    0.00451464 -0.00749390
  0.00451464  0.00749390    0.25002890  0.00000000    0.00122884  0.00000000
  0.00451464  0.00749390    0.00122884  0.00000000    0.25002890  0.00000000
    1    2
  0.10012311 -0.04759383   -0.03681211  0.03216631   -0.03681211  0.03216631
 -0.03681211  0.03216631    0.08101008 -0.04897532   -0.12094505 -0.03840598
 -0.03681211  0.03216631   -0.12094505 -0.03840598    0.08101008 -0.04897532
    2    1
  0.10012311  0.04759383   -0.03681211 -0.03216631   -0.03681211 -0.03216631
 -0.03681211 -0.03216631    0.08101008  0.04897532   -0.12094505  0.03840598
 -0.03681211 -0.03216631   -0.12094505  0.03840598    0.08101008  0.04897532
    2    2
  0.30421090  0.00000000    0.00451464  0.00749390    0.00451464  0.00749390
  0.00451464 -0.00749390    0.25002890  0.00000000    0.00122884  0.00000000
  0.00451464 -0.00749390    0.00122884  0.00000000    0.25002890  0.00000000

     Dynamical  Matrix in cartesian axes

     q = (   -0.250000000  -0.750000000   0.750000000 ) 

    1    1
  0.30421090  0.00000000    0.00451464 -0.00749390   -0.00451464  0.00749390
  0.00451464  0.00749390    0.25002890  0.00000000   -0.00122884  0.00000000
 -0.00451464 -0.00749390   -0.00122884  0.00000000    0.25002890  0.00000000
    1    2
 -0.10012311  0.04759383    0.03681211 -0.03216631   -0.03681211  0.03216631
  0.03681211 -0.03216631   -0.08101008  0.04897532   -0.12094505 -0.03840598
 -0.03681211  0.03216631   -0.12094505 -0.03840598   -0.08101008  0.04897532
    2    1
 -0.10012311 -0.04759383    0.03681211  0.03216631   -0.03681211 -0.03216631
  0.03681211  0.03216631   -0.08101008 -0.04897532   -0.12094505  0.03840598
 -0.03681211 -0.03216631   -0.12094505  0.03840598   -0.08101008 -0.04897532
    2    2
  0.30421090  0.00000000    0.00451464  0.00749390   -0.00451464 -0.00749390
  0.00451464 -0.00749390    0.25002890  0.00000000   -0.00122884  0.00000000
 -0.00451464  0.00749390   -0.00122884  0.00000000    0.25002890  0.00000000

     Dynamical  Matrix in cartesian axes

     q = (    0.750000000   0.750000000   0.250000000 ) 

    1    1
  0.25002890  0.00000000    0.00122884  0.00000000    0.00451464  0.00749390
  0.00122884  0.00000000    0.25002890  0.00000000    0.00451464  0.00749390
  0.00451464 -0.00749390    0.00451464 -0.00749390    0.30421090  0.00000000
    1    2
  0.08101008 -0.04897532   -0.12094505 -0.03840598   -0.03681211  0.03216631
 -0.12094505 -0.03840598    0.08101008 -0.04897532   -0.03681211  0.03216631
 -0.03681211  0.03216631   -0.03681211  0.03216631    0.10012311 -0.04759383
    2    1
  0.08101008  0.04897532   -0.12094505  0.03840598   -0.03681211 -0.03216631
 -0.12094505  0.03840598    0.08101008  0.04897532   -0.03681211 -0.03216631
 -0.03681211 -0.03216631   -0.03681211 -0.03216631    0.10012311  0.04759383
    2    2
  0.25002890  0.00000000    0.00122884  0.00000000    0.00451464 -0.00749390
  0.00122884  0.00000000    0.25002890  0.00000000    0.00451464 -0.00749390
  0.00451464  0.00749390    0.00451464  0.00749390    0.30421090  0.00000000

     Dynamical  Matrix in cartesian axes

     q = (    0.250000000  -0.750000000  -0.750000000 ) 

    1    1
  0.30421090  0.00000000   -0.00451464  0.00749390   -0.00451464  0.00749390
 -0.00451464 -0.00749390    0.25002890  0.00000000    0.00122884  0.00000000
 -0.00451464 -0.00749390    0.00122884  0.00000000    0.25002890  0.00000000
    1    2
 -0.04759383 -0.10012311   -0.03216631 -0.03681211   -0.03216631 -0.03681211
 -0.03216631 -0.03681211   -0.04897532 -0.08101008   -0.03840598  0.12094505
 -0.03216631 -0.03681211   -0.03840598  0.12094505   -0.04897532 -0.08101008
    2    1
 -0.04759383  0.10012311   -0.03216631  0.03681211   -0.03216631  0.03681211
 -0.03216631  0.03681211   -0.04897532  0.08101008   -0.03840598 -0.12094505
 -0.03216631  0.03681211   -0.03840598 -0.12094505   -0.04897532  0.08101008
    2    2
  0.30421090  0.00000000   -0.00451464 -0.00749390   -0.00451464 -0.00749390
 -0.00451464  0.00749390    0.25002890  0.00000000    0.00122884  0.00000000
 -0.00451464  0.00749390    0.00122884  0.00000000    0.25002890  0.00000000

     Dynamical  Matrix in cartesian axes

     q = (    0.750000000  -0.750000000  -0.250000000 ) 

    1    1
  0.25002890  0.00000000   -0.00122884  0.00000000   -0.00451464 -0.00749390
 -0.00122884  0.00000000    0.25002890  0.00000000    0.00451464  0.00749390
 -0.00451464  0.00749390    0.00451464 -0.00749390    0.30421090  0.00000000
    1    2
 -0.08101008  0.04897532   -0.12094505 -0.03840598   -0.03681211  0.03216631
 -0.12094505 -0.03840598   -0.08101008  0.04897532    0.03681211 -0.03216631
 -0.03681211  0.03216631    0.03681211 -0.03216631   -0.10012311  0.04759383
    2    1
 -0.08101008 -0.04897532   -0.12094505  0.03840598   -0.03681211 -0.03216631
 -0.12094505  0.03840598   -0.08101008 -0.04897532    0.03681211  0.03216631
 -0.03681211 -0.03216631    0.03681211  0.03216631   -0.10012311 -0.04759383
    2    2
  0.25002890  0.00000000   -0.00122884  0.00000000   -0.00451464  0.00749390
 -0.00122884  0.00000000    0.25002890  0.00000000    0.00451464 -0.00749390
 -0.00451464 -0.00749390    0.00451464  0.00749390    0.30421090  0.00000000

     Diagonalizing the dynamical matrix

     q = (    0.750000000  -0.250000000   0.750000000 ) 

 **************************************************************************
     freq (    1) =       4.437224 [THz] =     148.009867 [cm-1]
 (  0.026132 -0.499317  0.000000 -0.000000 -0.026132  0.499317 ) 
 (  0.500000  0.000000  0.000000  0.000000 -0.500000  0.000000 ) 
     freq (    2) =       6.822504 [THz] =     227.574241 [cm-1]
 ( -0.392910 -0.063157 -0.367567  0.219453 -0.392910 -0.063157 ) 
 ( -0.397954 -0.000000 -0.328081 -0.275006 -0.397954  0.000000 ) 
     freq (    3) =       9.625723 [THz] =     321.079562 [cm-1]
 (  0.031787  0.337235 -0.476355 -0.208831  0.031787  0.337235 ) 
 (  0.338730 -0.000000 -0.252611 -0.454656  0.338730  0.000000 ) 
     freq (    4) =      11.737492 [THz] =     391.520604 [cm-1]
 ( -0.251016 -0.306212  0.384373  0.196744 -0.251016 -0.306212 ) 
 (  0.395948  0.000000 -0.395833 -0.172532  0.395948  0.000000 ) 
     freq (    5) =      13.809200 [THz] =     460.625324 [cm-1]
 ( -0.026132  0.499317  0.000000 -0.000000  0.026132 -0.499317 ) 
 (  0.500000 -0.000000 -0.000000 -0.000000 -0.500000  0.000000 ) 
     freq (    6) =      13.882692 [THz] =     463.076768 [cm-1]
 ( -0.255807 -0.068433 -0.517786  0.302750 -0.255807 -0.068433 ) 
 (  0.264802 -0.000000  0.421956  0.426277  0.264802  0.000000 ) 
 **************************************************************************
