Dynamical matrix file
                                                                           
  1    2  2 10.4000000  0.0000000  0.0000000  0.0000000  0.0000000  0.0000000
           1  'Si  '    25598.822984527003     
    1    1      0.0000000000      0.0000000000      0.0000000000
    2    1      0.2500000000      0.2500000000      0.2500000000

     Dynamical  Matrix in cartesian axes

     q = (    0.750000000  -0.250000000   0.750000000 ) 

    1    1
  0.25149268  0.00000000   -0.00463448  0.00764424    0.00148110  0.00000000
 -0.00463448 -0.00764424    0.30576056  0.00000000   -0.00463448 -0.00764424
  0.00148110  0.00000000   -0.00463448  0.00764424    0.25149268  0.00000000
    1    2
 -0.04940020  0.08091264   -0.03264462  0.03732679   -0.03883088 -0.12233989
 -0.03264462  0.03732679   -0.04786259  0.10019051   -0.03264462  0.03732679
 -0.03883088 -0.12233989   -0.03264462  0.03732679   -0.04940020  0.08091264
    2    1
 -0.04940020 -0.08091264   -0.03264462 -0.03732679   -0.03883088  0.12233989
 -0.03264462 -0.03732679   -0.04786259 -0.10019051   -0.03264462 -0.03732679
 -0.03883088  0.12233989   -0.03264462 -0.03732679   -0.04940020 -0.08091264
    2    2
  0.25149268  0.00000000   -0.00463448 -0.00764424    0.00148110  0.00000000
 -0.00463448  0.00764424    0.30576056  0.00000000   -0.00463448  0.00764424
  0.00148110  0.00000000   -0.00463448 -0.00764424    0.25149268  0.00000000

     Dynamical  Matrix in cartesian axes

     q = (    0.750000000  -0.250000000  -0.750000000 ) 

    1    1
  0.25149268  0.00000000   -0.00463448 -0.00764424   -0.00148110  0.00000000
 -0.00463448  0.00764424    0.30576056  0.00000000    0.00463448 -0.00764424
 -0.00148110  0.00000000    0.00463448  0.00764424    0.25149268  0.00000000
    1    2
 -0.08091264  0.04940020   -0.03732679  0.03264462   -0.12233989 -0.03883088
 -0.03732679  0.03264462   -0.10019051  0.04786259    0.03732679 -0.03264462
 -0.12233989 -0.03883088    0.03732679 -0.03264462   -0.08091264  0.04940020
    2    1
 -0.08091264 -0.04940020   -0.03732679 -0.03264462   -0.12233989  0.03883088
 -0.03732679 -0.03264462   -0.10019051 -0.04786259    0.03732679  0.03264462
 -0.12233989  0.03883088    0.03732679  0.03264462   -0.08091264 -0.04940020
    2    2
  0.25149268  0.00000000   -0.00463448  0.00764424   -0.00148110  0.00000000
 -0.00463448 -0.00764424    0.30576056  0.00000000    0.00463448  0.00764424
 -0.00148110  0.00000000    0.00463448 -0.00764424    0.25149268  0.00000000

     Dynamical  Matrix in cartesian axes

     q = (   -0.750000000  -0.250000000  -0.750000000 ) 

    1    1
  0.25149268  0.00000000    0.00463448 -0.00764424    0.00148110  0.00000000
  0.00463448  0.00764424    0.30576056  0.00000000    0.00463448  0.00764424
  0.00148110  0.00000000    0.00463448 -0.00764424    0.25149268  0.00000000
    1    2
  0.08091264  0.04940020   -0.03732679 -0.03264462   -0.12233989  0.03883088
 -0.03732679 -0.03264462    0.10019051  0.04786259   -0.03732679 -0.03264462
 -0.12233989  0.03883088   -0.03732679 -0.03264462    0.08091264  0.04940020
    2    1
  0.08091264 -0.04940020   -0.03732679  0.03264462   -0.12233989 -0.03883088
 -0.03732679  0.03264462    0.10019051 -0.04786259   -0.03732679  0.03264462
 -0.12233989 -0.03883088   -0.03732679  0.03264462    0.08091264 -0.04940020
    2    2
  0.25149268  0.00000000    0.00463448  0.00764424    0.00148110  0.00000000
  0.00463448 -0.00764424    0.30576056  0.00000000    0.00463448 -0.00764424
  0.00148110  0.00000000    0.00463448  0.00764424    0.25149268  0.00000000

     Dynamical  Matrix in cartesian axes

     q = (   -0.750000000  -0.250000000   0.750000000 ) 

    1    1
  0.25149268  0.00000000    0.00463448  0.00764424   -0.00148110  0.00000000
  0.00463448 -0.00764424    0.30576056  0.00000000   -0.00463448  0.00764424
 -0.00148110  0.00000000   -0.00463448 -0.00764424    0.25149268  0.00000000
    1    2
 -0.08091264  0.04940020    0.03732679 -0.03264462   -0.12233989 -0.03883088
  0.03732679 -0.03264462   -0.10019051  0.04786259   -0.03732679  0.03264462
 -0.12233989 -0.03883088   -0.03732679  0.03264462   -0.08091264  0.04940020
    2    1
 -0.08091264 -0.04940020    0.03732679  0.03264462   -0.12233989  0.03883088
  0.03732679  0.03264462   -0.10019051 -0.04786259   -0.03732679 -0.03264462
 -0.12233989  0.03883088   -0.03732679 -0.03264462   -0.08091264 -0.04940020
    2    2
  0.25149268  0.00000000    0.00463448 -0.00764424   -0.00148110  0.00000000
  0.00463448  0.00764424    0.30576056  0.00000000   -0.00463448 -0.00764424
 -0.00148110  0.00000000   -0.00463448  0.00764424    0.25149268  0.00000000

     Dynamical  Matrix in cartesian axes

     q = (   -0.750000000   0.250000000  -0.750000000 ) 

    1    1
  0.25149268  0.00000000   -0.00463448 -0.00764424    0.00148110  0.00000000
 -0.00463448  0.00764424    0.30576056  0.00000000   -0.00463448  0.00764424
  0.00148110  0.00000000   -0.00463448 -0.00764424    0.25149268  0.00000000
    1    2
 -0.04940020 -0.08091264   -0.03264462 -0.03732679   -0.03883088  0.12233989
 -0.03264462 -0.03732679   -0.04786259 -0.10019051   -0.03264462 -0.03732679
 -0.03883088  0.12233989   -0.03264462 -0.03732679   -0.04940020 -0.08091264
    2    1
 -0.04940020  0.08091264   -0.03264462  0.03732679   -0.03883088 -0.12233989
 -0.03264462  0.03732679   -0.04786259  0.10019051   -0.03264462  0.03732679
 -0.03883088 -0.12233989   -0.03264462  0.03732679   -0.04940020  0.08091264
    2    2
  0.25149268  0.00000000   -0.00463448  0.00764424    0.00148110  0.00000000
 -0.00463448 -0.00764424    0.30576056  0.00000000   -0.00463448 -0.00764424
  0.00148110  0.00000000   -0.00463448  0.00764424    0.25149268  0.00000000

     Dynamical  Matrix in cartesian axes

     q = (   -0.250000000   0.750000000  -0.750000000 ) 

    1    1
  0.30576056  0.00000000   -0.00463448  0.00764424    0.00463448 -0.00764424
 -0.00463448 -0.00764424    0.25149268  0.00000000   -0.00148110  0.00000000
  0.00463448  0.00764424   -0.00148110  0.00000000    0.25149268  0.00000000
    1    2
 -0.10019051  0.04786259   -0.03732679  0.03264462    0.03732679 -0.03264462
 -0.03732679  0.03264462   -0.08091264  0.04940020   -0.12233989 -0.03883088
  0.03732679 -0.03264462   -0.12233989 -0.03883088   -0.08091264  0.04940020
    2    1
 -0.10019051 -0.04786259   -0.03732679 -0.03264462    0.03732679  0.03264462
 -0.03732679 -0.03264462   -0.08091264 -0.04940020   -0.12233989  0.03883088
  0.03732679  0.03264462   -0.12233989  0.03883088   -0.08091264 -0.04940020
    2    2
  0.30576056  0.00000000   -0.00463448 -0.00764424    0.00463448  0.00764424
 -0.00463448  0.00764424    0.25149268  0.00000000   -0.00148110  0.00000000
  0.00463448 -0.00764424   -0.00148110  0.00000000    0.25149268  0.00000000

     Dynamical  Matrix in cartesian axes

     q = (   -0.750000000   0.750000000  -0.250000000 ) 

    1    1
  0.25149268  0.00000000   -0.00148110  0.00000000    0.00463448  0.00764424
 -0.00148110  0.00000000    0.25149268  0.00000000   -0.00463448 -0.00764424
  0.00463448 -0.00764424   -0.00463448  0.00764424    0.30576056  0.00000000
    1    2
 -0.08091264  0.04940020   -0.12233989 -0.03883088    0.03732679 -0.03264462
 -0.12233989 -0.03883088   -0.08091264  0.04940020   -0.03732679  0.03264462
  0.03732679 -0.03264462   -0.03732679  0.03264462   -0.10019051  0.04786259
    2    1
 -0.08091264 -0.04940020   -0.12233989  0.03883088    0.03732679  0.03264462
 -0.12233989  0.03883088   -0.08091264 -0.04940020   -0.03732679 -0.03264462
  0.03732679  0.03264462   -0.03732679 -0.03264462   -0.10019051 -0.04786259
    2    2
  0.25149268  0.00000000   -0.00148110  0.00000000    0.00463448 -0.00764424
 -0.00148110  0.00000000    0.25149268  0.00000000   -0.00463448  0.00764424
  0.00463448  0.00764424   -0.00463448 -0.00764424    0.30576056  0.00000000

     Dynamical  Matrix in cartesian axes

     q = (    0.750000000   0.250000000   0.750000000 ) 

    1    1
  0.25149268  0.00000000    0.00463448  0.00764424    0.00148110  0.00000000
  0.00463448 -0.00764424    0.30576056  0.00000000    0.00463448 -0.00764424
  0.00148110  0.00000000    0.00463448  0.00764424    0.25149268  0.00000000
    1    2
  0.08091264 -0.04940020   -0.03732679  0.03264462   -0.12233989 -0.03883088
 -0.03732679  0.03264462    0.10019051 -0.04786259   -0.03732679  0.03264462
 -0.12233989 -0.03883088   -0.03732679  0.03264462    0.08091264 -0.04940020
    2    1
  0.08091264  0.04940020   -0.03732679 -0.03264462   -0.12233989  0.03883088
 -0.03732679 -0.03264462    0.10019051  0.04786259   -0.03732679 -0.03264462
 -0.12233989  0.03883088   -0.03732679 -0.03264462    0.08091264  0.04940020
    2    2
  0.25149268  0.00000000    0.00463448 -0.00764424    0.00148110  0.00000000
  0.00463448  0.00764424    0.30576056  0.00000000    0.00463448  0.00764424
  0.00148110  0.00000000    0.00463448 -0.00764424    0.25149268  0.00000000

     Dynamical  Matrix in cartesian axes

     q = (   -0.750000000   0.250000000   0.750000000 ) 

    1    1
  0.25149268  0.00000000   -0.00463448  0.00764424   -0.00148110  0.00000000
 -0.00463448 -0.00764424    0.30576056  0.00000000    0.00463448  0.00764424
 -0.00148110  0.00000000    0.00463448 -0.00764424    0.25149268  0.00000000
    1    2
 -0.08091264 -0.04940020   -0.03732679 -0.03264462   -0.12233989  0.03883088
 -0.03732679 -0.03264462   -0.10019051 -0.04786259    0.03732679  0.03264462
 -0.12233989  0.03883088    0.03732679  0.03264462   -0.08091264 -0.04940020
    2    1
 -0.08091264  0.04940020   -0.03732679  0.03264462   -0.12233989 -0.03883088
 -0.03732679  0.03264462   -0.10019051  0.04786259    0.03732679 -0.03264462
 -0.12233989 -0.03883088    0.03732679 -0.03264462   -0.08091264  0.04940020
    2    2
  0.25149268  0.00000000   -0.00463448 -0.00764424   -0.00148110  0.00000000
 -0.00463448  0.00764424    0.30576056  0.00000000    0.00463448 -0.00764424
 -0.00148110  0.00000000    0.00463448  0.00764424    0.25149268  0.00000000

     Dynamical  Matrix in cartesian axes

     q = (    0.750000000   0.250000000  -0.750000000 ) 

    1    1
  0.25149268  0.00000000    0.00463448 -0.00764424   -0.00148110  0.00000000
  0.00463448  0.00764424    0.30576056  0.00000000   -0.00463448 -0.00764424
 -0.00148110  0.00000000   -0.00463448  0.00764424    0.25149268  0.00000000
    1    2
 -0.08091264 -0.04940020    0.03732679  0.03264462   -0.12233989  0.03883088
  0.03732679  0.03264462   -0.10019051 -0.04786259   -0.03732679 -0.03264462
 -0.12233989  0.03883088   -0.03732679 -0.03264462   -0.08091264 -0.04940020
    2    1
 -0.08091264  0.04940020    0.03732679 -0.03264462   -0.12233989 -0.03883088
  0.03732679 -0.03264462   -0.10019051  0.04786259   -0.03732679  0.03264462
 -0.12233989 -0.03883088   -0.03732679  0.03264462   -0.08091264  0.04940020
    2    2
  0.25149268  0.00000000    0.00463448  0.00764424   -0.00148110  0.00000000
  0.00463448 -0.00764424    0.30576056  0.00000000   -0.00463448  0.00764424
 -0.00148110  0.00000000   -0.00463448 -0.00764424    0.25149268  0.00000000

     Dynamical  Matrix in cartesian axes

     q = (   -0.750000000   0.750000000   0.250000000 ) 

    1    1
  0.25149268  0.00000000   -0.00148110  0.00000000   -0.00463448  0.00764424
 -0.00148110  0.00000000    0.25149268  0.00000000    0.00463448 -0.00764424
 -0.00463448 -0.00764424    0.00463448  0.00764424    0.30576056  0.00000000
    1    2
 -0.08091264 -0.04940020   -0.12233989  0.03883088   -0.03732679 -0.03264462
 -0.12233989  0.03883088   -0.08091264 -0.04940020    0.03732679  0.03264462
 -0.03732679 -0.03264462    0.03732679  0.03264462   -0.10019051 -0.04786259
    2    1
 -0.08091264  0.04940020   -0.12233989 -0.03883088   -0.03732679  0.03264462
 -0.12233989 -0.03883088   -0.08091264  0.04940020    0.03732679 -0.03264462
 -0.03732679  0.03264462    0.03732679 -0.03264462   -0.10019051  0.04786259
    2    2
  0.25149268  0.00000000   -0.00148110  0.00000000   -0.00463448 -0.00764424
 -0.00148110  0.00000000    0.25149268  0.00000000    0.00463448  0.00764424
 -0.00463448  0.00764424    0.00463448 -0.00764424    0.30576056  0.00000000

     Dynamical  Matrix in cartesian axes

     q = (   -0.250000000   0.750000000   0.750000000 ) 

    1    1
  0.30576056  0.00000000   -0.00463448 -0.00764424   -0.00463448 -0.00764424
 -0.00463448  0.00764424    0.25149268  0.00000000    0.00148110  0.00000000
 -0.00463448  0.00764424    0.00148110  0.00000000    0.25149268  0.00000000
    1    2
 -0.04786259  0.10019051   -0.03264462  0.03732679   -0.03264462  0.03732679
 -0.03264462  0.03732679   -0.04940020  0.08091264   -0.03883088 -0.12233989
 -0.03264462  0.03732679   -0.03883088 -0.12233989   -0.04940020  0.08091264
    2    1
 -0.04786259 -0.10019051   -0.03264462 -0.03732679   -0.03264462 -0.03732679
 -0.03264462 -0.03732679   -0.04940020 -0.08091264   -0.03883088  0.12233989
 -0.03264462 -0.03732679   -0.03883088  0.12233989   -0.04940020 -0.08091264
    2    2
  0.30576056  0.00000000   -0.00463448  0.00764424   -0.00463448  0.00764424
 -0.00463448 -0.00764424    0.25149268  0.00000000    0.00148110  0.00000000
 -0.00463448 -0.00764424    0.00148110  0.00000000    0.25149268  0.00000000

     Dynamical  Matrix in cartesian axes

     q = (    0.250000000   0.750000000  -0.750000000 ) 

    1    1
  0.30576056  0.00000000    0.00463448  0.00764424   -0.00463448 -0.00764424
  0.00463448 -0.00764424    0.25149268  0.00000000   -0.00148110  0.00000000
 -0.00463448  0.00764424   -0.00148110  0.00000000    0.25149268  0.00000000
    1    2
 -0.10019051 -0.04786259    0.03732679  0.03264462   -0.03732679 -0.03264462
  0.03732679  0.03264462   -0.08091264 -0.04940020   -0.12233989  0.03883088
 -0.03732679 -0.03264462   -0.12233989  0.03883088   -0.08091264 -0.04940020
    2    1
 -0.10019051  0.04786259    0.03732679 -0.03264462   -0.03732679  0.03264462
  0.03732679 -0.03264462   -0.08091264  0.04940020   -0.12233989 -0.03883088
 -0.03732679  0.03264462   -0.12233989 -0.03883088   -0.08091264  0.04940020
    2    2
  0.30576056  0.00000000    0.00463448 -0.00764424   -0.00463448  0.00764424
  0.00463448  0.00764424    0.25149268  0.00000000   -0.00148110  0.00000000
 -0.00463448 -0.00764424   -0.00148110  0.00000000    0.25149268  0.00000000

     Dynamical  Matrix in cartesian axes

     q = (   -0.250000000  -0.750000000  -0.750000000 ) 

    1    1
  0.30576056  0.00000000    0.00463448  0.00764424    0.00463448  0.00764424
  0.00463448 -0.00764424    0.25149268  0.00000000    0.00148110  0.00000000
  0.00463448 -0.00764424    0.00148110  0.00000000    0.25149268  0.00000000
    1    2
  0.10019051  0.04786259   -0.03732679 -0.03264462   -0.03732679 -0.03264462
 -0.03732679 -0.03264462    0.08091264  0.04940020   -0.12233989  0.03883088
 -0.03732679 -0.03264462   -0.12233989  0.03883088    0.08091264  0.04940020
    2    1
  0.10019051 -0.04786259   -0.03732679  0.03264462   -0.03732679  0.03264462
 -0.03732679  0.03264462    0.08091264 -0.04940020   -0.12233989 -0.03883088
 -0.03732679  0.03264462   -0.12233989 -0.03883088    0.08091264 -0.04940020
    2    2
  0.30576056  0.00000000    0.00463448 -0.00764424    0.00463448 -0.00764424
  0.00463448  0.00764424    0.25149268  0.00000000    0.00148110  0.00000000
  0.00463448  0.00764424    0.00148110  0.00000000    0.25149268  0.00000000

     Dynamical  Matrix in cartesian axes

     q = (    0.750000000   0.750000000  -0.250000000 ) 

    1    1
  0.25149268  0.00000000    0.00148110  0.00000000   -0.00463448  0.00764424
  0.00148110  0.00000000    0.25149268  0.00000000   -0.00463448  0.00764424
 -0.00463448 -0.00764424   -0.00463448 -0.00764424    0.30576056  0.00000000
    1    2
 -0.04940020  0.08091264   -0.03883088 -0.12233989   -0.03264462  0.03732679
 -0.03883088 -0.12233989   -0.04940020  0.08091264   -0.03264462  0.03732679
 -0.03264462  0.03732679   -0.03264462  0.03732679   -0.04786259  0.10019051
    2    1
 -0.04940020 -0.08091264   -0.03883088  0.12233989   -0.03264462 -0.03732679
 -0.03883088  0.12233989   -0.04940020 -0.08091264   -0.03264462 -0.03732679
 -0.03264462 -0.03732679   -0.03264462 -0.03732679   -0.04786259 -0.10019051
    2    2
  0.25149268  0.00000000    0.00148110  0.00000000   -0.00463448 -0.00764424
  0.00148110  0.00000000    0.25149268  0.00000000   -0.00463448 -0.00764424
 -0.00463448  0.00764424   -0.00463448  0.00764424    0.30576056  0.00000000

     Dynamical  Matrix in cartesian axes

     q = (    0.750000000  -0.750000000   0.250000000 ) 

    1    1
  0.25149268  0.00000000   -0.00148110  0.00000000    0.00463448 -0.00764424
 -0.00148110  0.00000000    0.25149268  0.00000000   -0.00463448  0.00764424
  0.00463448  0.00764424   -0.00463448 -0.00764424    0.30576056  0.00000000
    1    2
 -0.08091264 -0.04940020   -0.12233989  0.03883088    0.03732679  0.03264462
 -0.12233989  0.03883088   -0.08091264 -0.04940020   -0.03732679 -0.03264462
  0.03732679  0.03264462   -0.03732679 -0.03264462   -0.10019051 -0.04786259
    2    1
 -0.08091264  0.04940020   -0.12233989 -0.03883088    0.03732679 -0.03264462
 -0.12233989 -0.03883088   -0.08091264  0.04940020   -0.03732679  0.03264462
  0.03732679 -0.03264462   -0.03732679  0.03264462   -0.10019051  0.04786259
    2    2
  0.25149268  0.00000000   -0.00148110  0.00000000    0.00463448  0.00764424
 -0.00148110  0.00000000    0.25149268  0.00000000   -0.00463448 -0.00764424
  0.00463448 -0.00764424   -0.00463448  0.00764424    0.30576056  0.00000000

     Dynamical  Matrix in cartesian axes

     q = (   -0.750000000  -0.750000000  -0.250000000 ) 

    1    1
  0.25149268  0.00000000    0.00148110  0.00000000    0.00463448 -0.00764424
  0.00148110  0.00000000    0.25149268  0.00000000    0.00463448 -0.00764424
  0.00463448  0.00764424    0.00463448  0.00764424    0.30576056  0.00000000
    1    2
  0.08091264  0.04940020   -0.12233989  0.03883088   -0.03732679 -0.03264462
 -0.12233989  0.03883088    0.08091264  0.04940020   -0.03732679 -0.03264462
 -0.03732679 -0.03264462   -0.03732679 -0.03264462    0.10019051  0.04786259
    2    1
  0.08091264 -0.04940020   -0.12233989 -0.03883088   -0.03732679  0.03264462
 -0.12233989 -0.03883088    0.08091264 -0.04940020   -0.03732679  0.03264462
 -0.03732679  0.03264462   -0.03732679  0.03264462    0.10019051 -0.04786259
    2    2
  0.25149268  0.00000000    0.00148110  0.00000000    0.00463448  0.00764424
  0.00148110  0.00000000    0.25149268  0.00000000    0.00463448  0.00764424
  0.00463448 -0.00764424    0.00463448 -0.00764424    0.30576056  0.00000000

     Dynamical  Matrix in cartesian axes

     q = (    0.250000000  -0.750000000   0.750000000 ) 

    1    1
  0.30576056  0.00000000   -0.00463448 -0.00764424    0.00463448  0.00764424
 -0.00463448  0.00764424    0.25149268  0.00000000   -0.00148110  0.00000000
  0.00463448 -0.00764424   -0.00148110  0.00000000    0.25149268  0.00000000
    1    2
 -0.10019051 -0.04786259   -0.03732679 -0.03264462    0.03732679  0.03264462
 -0.03732679 -0.03264462   -0.08091264 -0.04940020   -0.12233989  0.03883088
  0.03732679  0.03264462   -0.12233989  0.03883088   -0.08091264 -0.04940020
    2    1
 -0.10019051  0.04786259   -0.03732679  0.03264462    0.03732679 -0.03264462
 -0.03732679  0.03264462   -0.08091264  0.04940020   -0.12233989 -0.03883088
  0.03732679 -0.03264462   -0.12233989 -0.03883088   -0.08091264  0.04940020
    2    2
  0.30576056  0.00000000   -0.00463448  0.00764424    0.00463448 -0.00764424
 -0.00463448 -0.00764424    0.25149268  0.00000000   -0.00148110  0.00000000
  0.00463448  0.00764424   -0.00148110  0.00000000    0.25149268  0.00000000

     Dynamical  Matrix in cartesian axes

     q = (   -0.750000000  -0.750000000   0.250000000 ) 

    1    1
  0.25149268  0.00000000    0.00148110  0.00000000   -0.00463448 -0.00764424
  0.00148110  0.00000000    0.25149268  0.00000000   -0.00463448 -0.00764424
 -0.00463448  0.00764424   -0.00463448  0.00764424    0.30576056  0.00000000
    1    2
 -0.04940020 -0.08091264   -0.03883088  0.12233989   -0.03264462 -0.03732679
 -0.03883088  0.12233989   -0.04940020 -0.08091264   -0.03264462 -0.03732679
 -0.03264462 -0.03732679   -0.03264462 -0.03732679   -0.04786259 -0.10019051
    2    1
 -0.04940020  0.08091264   -0.03883088 -0.12233989   -0.03264462  0.03732679
 -0.03883088 -0.12233989   -0.04940020  0.08091264   -0.03264462  0.03732679
 -0.03264462  0.03732679   -0.03264462  0.03732679   -0.04786259  0.10019051
    2    2
  0.25149268  0.00000000    0.00148110  0.00000000   -0.00463448  0.00764424
  0.00148110  0.00000000    0.25149268  0.00000000   -0.00463448  0.00764424
 -0.00463448 -0.00764424   -0.00463448 -0.00764424    0.30576056  0.00000000

     Dynamical  Matrix in cartesian axes

     q = (    0.250000000   0.750000000   0.750000000 ) 

    1    1
  0.30576056  0.00000000    0.00463448 -0.00764424    0.00463448 -0.00764424
  0.00463448  0.00764424    0.25149268  0.00000000    0.00148110  0.00000000
  0.00463448  0.00764424    0.00148110  0.00000000    0.25149268  0.00000000
    1    2
  0.10019051 -0.04786259   -0.03732679  0.03264462   -0.03732679  0.03264462
 -0.03732679  0.03264462    0.08091264 -0.04940020   -0.12233989 -0.03883088
 -0.03732679  0.03264462   -0.12233989 -0.03883088    0.08091264 -0.04940020
    2    1
  0.10019051  0.04786259   -0.03732679 -0.03264462   -0.03732679 -0.03264462
 -0.03732679 -0.03264462    0.08091264  0.04940020   -0.12233989  0.03883088
 -0.03732679 -0.03264462   -0.12233989  0.03883088    0.08091264  0.04940020
    2    2
  0.30576056  0.00000000    0.00463448  0.00764424    0.00463448  0.00764424
  0.00463448 -0.00764424    0.25149268  0.00000000    0.00148110  0.00000000
  0.00463448 -0.00764424    0.00148110  0.00000000    0.25149268  0.00000000

     Dynamical  Matrix in cartesian axes

     q = (   -0.250000000  -0.750000000   0.750000000 ) 

    1    1
  0.30576056  0.00000000    0.00463448 -0.00764424   -0.00463448  0.00764424
  0.00463448  0.00764424    0.25149268  0.00000000   -0.00148110  0.00000000
 -0.00463448 -0.00764424   -0.00148110  0.00000000    0.25149268  0.00000000
    1    2
 -0.10019051  0.04786259    0.03732679 -0.03264462   -0.03732679  0.03264462
  0.03732679 -0.03264462   -0.08091264  0.04940020   -0.12233989 -0.03883088
 -0.03732679  0.03264462   -0.12233989 -0.03883088   -0.08091264  0.04940020
    2    1
 -0.10019051 -0.04786259    0.03732679  0.03264462   -0.03732679 -0.03264462
  0.03732679  0.03264462   -0.08091264 -0.04940020   -0.12233989  0.03883088
 -0.03732679 -0.03264462   -0.12233989  0.03883088   -0.08091264 -0.04940020
    2    2
  0.30576056  0.00000000    0.00463448  0.00764424   -0.00463448 -0.00764424
  0.00463448 -0.00764424    0.25149268  0.00000000   -0.00148110  0.00000000
 -0.00463448  0.00764424   -0.00148110  0.00000000    0.25149268  0.00000000

     Dynamical  Matrix in cartesian axes

     q = (    0.750000000   0.750000000   0.250000000 ) 

    1    1
  0.25149268  0.00000000    0.00148110  0.00000000    0.00463448  0.00764424
  0.00148110  0.00000000    0.25149268  0.00000000    0.00463448  0.00764424
  0.00463448 -0.00764424    0.00463448 -0.00764424    0.30576056  0.00000000
    1    2
  0.08091264 -0.04940020   -0.12233989 -0.03883088   -0.03732679  0.03264462
 -0.12233989 -0.03883088    0.08091264 -0.04940020   -0.03732679  0.03264462
 -0.03732679  0.03264462   -0.03732679  0.03264462    0.10019051 -0.04786259
    2    1
  0.08091264  0.04940020   -0.12233989  0.03883088   -0.03732679 -0.03264462
 -0.12233989  0.03883088    0.08091264  0.04940020   -0.03732679 -0.03264462
 -0.03732679 -0.03264462   -0.03732679 -0.03264462    0.10019051  0.04786259
    2    2
  0.25149268  0.00000000    0.00148110  0.00000000    0.00463448 -0.00764424
  0.00148110  0.00000000    0.25149268  0.00000000    0.00463448 -0.00764424
  0.00463448  0.00764424    0.00463448  0.00764424    0.30576056  0.00000000

     Dynamical  Matrix in cartesian axes

     q = (    0.250000000  -0.750000000  -0.750000000 ) 

    1    1
  0.30576056  0.00000000   -0.00463448  0.00764424   -0.00463448  0.00764424
 -0.00463448 -0.00764424    0.25149268  0.00000000    0.00148110  0.00000000
 -0.00463448 -0.00764424    0.00148110  0.00000000    0.25149268  0.00000000
    1    2
 -0.04786259 -0.10019051   -0.03264462 -0.03732679   -0.03264462 -0.03732679
 -0.03264462 -0.03732679   -0.04940020 -0.08091264   -0.03883088  0.12233989
 -0.03264462 -0.03732679   -0.03883088  0.12233989   -0.04940020 -0.08091264
    2    1
 -0.04786259  0.10019051   -0.03264462  0.03732679   -0.03264462  0.03732679
 -0.03264462  0.03732679   -0.04940020  0.08091264   -0.03883088 -0.12233989
 -0.03264462  0.03732679   -0.03883088 -0.12233989   -0.04940020  0.08091264
    2    2
  0.30576056  0.00000000   -0.00463448 -0.00764424   -0.00463448 -0.00764424
 -0.00463448  0.00764424    0.25149268  0.00000000    0.00148110  0.00000000
 -0.00463448  0.00764424    0.00148110  0.00000000    0.25149268  0.00000000

     Dynamical  Matrix in cartesian axes

     q = (    0.750000000  -0.750000000  -0.250000000 ) 

    1    1
  0.25149268  0.00000000   -0.00148110  0.00000000   -0.00463448 -0.00764424
 -0.00148110  0.00000000    0.25149268  0.00000000    0.00463448  0.00764424
 -0.00463448  0.00764424    0.00463448 -0.00764424    0.30576056  0.00000000
    1    2
 -0.08091264  0.04940020   -0.12233989 -0.03883088   -0.03732679  0.03264462
 -0.12233989 -0.03883088   -0.08091264  0.04940020    0.03732679 -0.03264462
 -0.03732679  0.03264462    0.03732679 -0.03264462   -0.10019051  0.04786259
    2    1
 -0.08091264 -0.04940020   -0.12233989  0.03883088   -0.03732679 -0.03264462
 -0.12233989  0.03883088   -0.08091264 -0.04940020    0.03732679  0.03264462
 -0.03732679 -0.03264462    0.03732679  0.03264462   -0.10019051 -0.04786259
    2    2
  0.25149268  0.00000000   -0.00148110  0.00000000   -0.00463448  0.00764424
 -0.00148110  0.00000000    0.25149268  0.00000000    0.00463448 -0.00764424
 -0.00463448 -0.00764424    0.00463448  0.00764424    0.30576056  0.00000000

     Diagonalizing the dynamical matrix

     q = (    0.750000000  -0.250000000   0.750000000 ) 

 **************************************************************************
     freq (    1) =       4.433215 [THz] =     147.876132 [cm-1]
 (  0.025965 -0.499325 -0.000000 -0.000000 -0.025965  0.499325 ) 
 (  0.500000 -0.000000  0.000000 -0.000000 -0.500000  0.000000 ) 
     freq (    2) =       6.822571 [THz] =     227.576479 [cm-1]
 ( -0.392936 -0.066817 -0.367390  0.217482 -0.392936 -0.066817 ) 
 ( -0.398576  0.000000 -0.325732 -0.275994 -0.398576  0.000000 ) 
     freq (    3) =       9.647404 [THz] =     321.802749 [cm-1]
 (  0.024715  0.337563 -0.473376 -0.216323  0.024715  0.337563 ) 
 (  0.338466  0.000000 -0.250312 -0.456317  0.338466  0.000000 ) 
     freq (    4) =      11.784555 [THz] =     393.090432 [cm-1]
 ( -0.243610 -0.308933  0.386666  0.202283 -0.243610 -0.308933 ) 
 (  0.393428  0.000000 -0.398263 -0.178370  0.393428  0.000000 ) 
     freq (    5) =      13.847527 [THz] =     461.903788 [cm-1]
 ( -0.025965  0.499325 -0.000000  0.000000  0.025965 -0.499325 ) 
 (  0.500000  0.000000  0.000000  0.000000 -0.500000  0.000000 ) 
     freq (    6) =      13.927125 [THz] =     464.558894 [cm-1]
 ( -0.258032 -0.072190 -0.516295  0.299760 -0.258032 -0.072190 ) 
 (  0.267940  0.000000  0.416440  0.427778  0.267940  0.000000 ) 
 **************************************************************************
