Dynamical matrix file
                                                                           
  1    2  2 10.4300000  0.0000000  0.0000000  0.0000000  0.0000000  0.0000000
           1  'Si  '    25598.822984527003     
    1    1      0.0000000000      0.0000000000      0.0000000000
    2    1      0.2500000000      0.2500000000      0.2500000000

     Dynamical  Matrix in cartesian axes

     q = (    0.750000000  -0.250000000   0.750000000 ) 

    1    1
  0.24670715  0.00000000   -0.00441807  0.00739390    0.00114443  0.00000000
 -0.00441807 -0.00739390    0.30049245  0.00000000   -0.00441807 -0.00739390
  0.00114443  0.00000000   -0.00441807  0.00739390    0.24670715  0.00000000
    1    2
 -0.04795490  0.08069993   -0.03109452  0.03570761   -0.03739305 -0.11768835
 -0.03109452  0.03570761   -0.04662984  0.09975683   -0.03109452  0.03570761
 -0.03739305 -0.11768835   -0.03109452  0.03570761   -0.04795490  0.08069993
    2    1
 -0.04795490 -0.08069993   -0.03109452 -0.03570761   -0.03739305  0.11768835
 -0.03109452 -0.03570761   -0.04662984 -0.09975683   -0.03109452 -0.03570761
 -0.03739305  0.11768835   -0.03109452 -0.03570761   -0.04795490 -0.08069993
    2    2
  0.24670715  0.00000000   -0.00441807 -0.00739390    0.00114443  0.00000000
 -0.00441807  0.00739390    0.30049245  0.00000000   -0.00441807  0.00739390
  0.00114443  0.00000000   -0.00441807 -0.00739390    0.24670715  0.00000000

     Dynamical  Matrix in cartesian axes

     q = (    0.750000000  -0.250000000  -0.750000000 ) 

    1    1
  0.24670715  0.00000000   -0.00441807 -0.00739390   -0.00114443  0.00000000
 -0.00441807  0.00739390    0.30049245  0.00000000    0.00441807 -0.00739390
 -0.00114443  0.00000000    0.00441807  0.00739390    0.24670715  0.00000000
    1    2
 -0.08069993  0.04795490   -0.03570761  0.03109452   -0.11768835 -0.03739305
 -0.03570761  0.03109452   -0.09975683  0.04662984    0.03570761 -0.03109452
 -0.11768835 -0.03739305    0.03570761 -0.03109452   -0.08069993  0.04795490
    2    1
 -0.08069993 -0.04795490   -0.03570761 -0.03109452   -0.11768835  0.03739305
 -0.03570761 -0.03109452   -0.09975683 -0.04662984    0.03570761  0.03109452
 -0.11768835  0.03739305    0.03570761  0.03109452   -0.08069993 -0.04795490
    2    2
  0.24670715  0.00000000   -0.00441807  0.00739390   -0.00114443  0.00000000
 -0.00441807 -0.00739390    0.30049245  0.00000000    0.00441807  0.00739390
 -0.00114443  0.00000000    0.00441807 -0.00739390    0.24670715  0.00000000

     Dynamical  Matrix in cartesian axes

     q = (   -0.750000000  -0.250000000  -0.750000000 ) 

    1    1
  0.24670715  0.00000000    0.00441807 -0.00739390    0.00114443  0.00000000
  0.00441807  0.00739390    0.30049245  0.00000000    0.00441807  0.00739390
  0.00114443  0.00000000    0.00441807 -0.00739390    0.24670715  0.00000000
    1    2
  0.08069993  0.04795490   -0.03570761 -0.03109452   -0.11768835  0.03739305
 -0.03570761 -0.03109452    0.09975683  0.04662984   -0.03570761 -0.03109452
 -0.11768835  0.03739305   -0.03570761 -0.03109452    0.08069993  0.04795490
    2    1
  0.08069993 -0.04795490   -0.03570761  0.03109452   -0.11768835 -0.03739305
 -0.03570761  0.03109452    0.09975683 -0.04662984   -0.03570761  0.03109452
 -0.11768835 -0.03739305   -0.03570761  0.03109452    0.08069993 -0.04795490
    2    2
  0.24670715  0.00000000    0.00441807  0.00739390    0.00114443  0.00000000
  0.00441807 -0.00739390    0.30049245  0.00000000    0.00441807 -0.00739390
  0.00114443  0.00000000    0.00441807  0.00739390    0.24670715  0.00000000

     Dynamical  Matrix in cartesian axes

     q = (   -0.750000000  -0.250000000   0.750000000 ) 

    1    1
  0.24670715  0.00000000    0.00441807  0.00739390   -0.00114443  0.00000000
  0.00441807 -0.00739390    0.30049245  0.00000000   -0.00441807  0.00739390
 -0.00114443  0.00000000   -0.00441807 -0.00739390    0.24670715  0.00000000
    1    2
 -0.08069993  0.04795490    0.03570761 -0.03109452   -0.11768835 -0.03739305
  0.03570761 -0.03109452   -0.09975683  0.04662984   -0.03570761  0.03109452
 -0.11768835 -0.03739305   -0.03570761  0.03109452   -0.08069993  0.04795490
    2    1
 -0.08069993 -0.04795490    0.03570761  0.03109452   -0.11768835  0.03739305
  0.03570761  0.03109452   -0.09975683 -0.04662984   -0.03570761 -0.03109452
 -0.11768835  0.03739305   -0.03570761 -0.03109452   -0.08069993 -0.04795490
    2    2
  0.24670715  0.00000000    0.00441807 -0.00739390   -0.00114443  0.00000000
  0.00441807  0.00739390    0.30049245  0.00000000   -0.00441807 -0.00739390
 -0.00114443  0.00000000   -0.00441807  0.00739390    0.24670715  0.00000000

     Dynamical  Matrix in cartesian axes

     q = (   -0.750000000   0.250000000  -0.750000000 ) 

    1    1
  0.24670715  0.00000000   -0.00441807 -0.00739390    0.00114443  0.00000000
 -0.00441807  0.00739390    0.30049245  0.00000000   -0.00441807  0.00739390
  0.00114443  0.00000000   -0.00441807 -0.00739390    0.24670715  0.00000000
    1    2
 -0.04795490 -0.08069993   -0.03109452 -0.03570761   -0.03739305  0.11768835
 -0.03109452 -0.03570761   -0.04662984 -0.09975683   -0.03109452 -0.03570761
 -0.03739305  0.11768835   -0.03109452 -0.03570761   -0.04795490 -0.08069993
    2    1
 -0.04795490  0.08069993   -0.03109452  0.03570761   -0.03739305 -0.11768835
 -0.03109452  0.03570761   -0.04662984  0.09975683   -0.03109452  0.03570761
 -0.03739305 -0.11768835   -0.03109452  0.03570761   -0.04795490  0.08069993
    2    2
  0.24670715  0.00000000   -0.00441807  0.00739390    0.00114443  0.00000000
 -0.00441807 -0.00739390    0.30049245  0.00000000   -0.00441807 -0.00739390
  0.00114443  0.00000000   -0.00441807  0.00739390    0.24670715  0.00000000

     Dynamical  Matrix in cartesian axes

     q = (   -0.250000000   0.750000000  -0.750000000 ) 

    1    1
  0.30049245  0.00000000   -0.00441807  0.00739390    0.00441807 -0.00739390
 -0.00441807 -0.00739390    0.24670715  0.00000000   -0.00114443  0.00000000
  0.00441807  0.00739390   -0.00114443  0.00000000    0.24670715  0.00000000
    1    2
 -0.09975683  0.04662984   -0.03570761  0.03109452    0.03570761 -0.03109452
 -0.03570761  0.03109452   -0.08069993  0.04795490   -0.11768835 -0.03739305
  0.03570761 -0.03109452   -0.11768835 -0.03739305   -0.08069993  0.04795490
    2    1
 -0.09975683 -0.04662984   -0.03570761 -0.03109452    0.03570761  0.03109452
 -0.03570761 -0.03109452   -0.08069993 -0.04795490   -0.11768835  0.03739305
  0.03570761  0.03109452   -0.11768835  0.03739305   -0.08069993 -0.04795490
    2    2
  0.30049245  0.00000000   -0.00441807 -0.00739390    0.00441807  0.00739390
 -0.00441807  0.00739390    0.24670715  0.00000000   -0.00114443  0.00000000
  0.00441807 -0.00739390   -0.00114443  0.00000000    0.24670715  0.00000000

     Dynamical  Matrix in cartesian axes

     q = (   -0.750000000   0.750000000  -0.250000000 ) 

    1    1
  0.24670715  0.00000000   -0.00114443  0.00000000    0.00441807  0.00739390
 -0.00114443  0.00000000    0.24670715  0.00000000   -0.00441807 -0.00739390
  0.00441807 -0.00739390   -0.00441807  0.00739390    0.30049245  0.00000000
    1    2
 -0.08069993  0.04795490   -0.11768835 -0.03739305    0.03570761 -0.03109452
 -0.11768835 -0.03739305   -0.08069993  0.04795490   -0.03570761  0.03109452
  0.03570761 -0.03109452   -0.03570761  0.03109452   -0.09975683  0.04662984
    2    1
 -0.08069993 -0.04795490   -0.11768835  0.03739305    0.03570761  0.03109452
 -0.11768835  0.03739305   -0.08069993 -0.04795490   -0.03570761 -0.03109452
  0.03570761  0.03109452   -0.03570761 -0.03109452   -0.09975683 -0.04662984
    2    2
  0.24670715  0.00000000   -0.00114443  0.00000000    0.00441807 -0.00739390
 -0.00114443  0.00000000    0.24670715  0.00000000   -0.00441807  0.00739390
  0.00441807  0.00739390   -0.00441807 -0.00739390    0.30049245  0.00000000

     Dynamical  Matrix in cartesian axes

     q = (    0.750000000   0.250000000   0.750000000 ) 

    1    1
  0.24670715  0.00000000    0.00441807  0.00739390    0.00114443  0.00000000
  0.00441807 -0.00739390    0.30049245  0.00000000    0.00441807 -0.00739390
  0.00114443  0.00000000    0.00441807  0.00739390    0.24670715  0.00000000
    1    2
  0.08069993 -0.04795490   -0.03570761  0.03109452   -0.11768835 -0.03739305
 -0.03570761  0.03109452    0.09975683 -0.04662984   -0.03570761  0.03109452
 -0.11768835 -0.03739305   -0.03570761  0.03109452    0.08069993 -0.04795490
    2    1
  0.08069993  0.04795490   -0.03570761 -0.03109452   -0.11768835  0.03739305
 -0.03570761 -0.03109452    0.09975683  0.04662984   -0.03570761 -0.03109452
 -0.11768835  0.03739305   -0.03570761 -0.03109452    0.08069993  0.04795490
    2    2
  0.24670715  0.00000000    0.00441807 -0.00739390    0.00114443  0.00000000
  0.00441807  0.00739390    0.30049245  0.00000000    0.00441807  0.00739390
  0.00114443  0.00000000    0.00441807 -0.00739390    0.24670715  0.00000000

     Dynamical  Matrix in cartesian axes

     q = (   -0.750000000   0.250000000   0.750000000 ) 

    1    1
  0.24670715  0.00000000   -0.00441807  0.00739390   -0.00114443  0.00000000
 -0.00441807 -0.00739390    0.30049245  0.00000000    0.00441807  0.00739390
 -0.00114443  0.00000000    0.00441807 -0.00739390    0.24670715  0.00000000
    1    2
 -0.08069993 -0.04795490   -0.03570761 -0.03109452   -0.11768835  0.03739305
 -0.03570761 -0.03109452   -0.09975683 -0.04662984    0.03570761  0.03109452
 -0.11768835  0.03739305    0.03570761  0.03109452   -0.08069993 -0.04795490
    2    1
 -0.08069993  0.04795490   -0.03570761  0.03109452   -0.11768835 -0.03739305
 -0.03570761  0.03109452   -0.09975683  0.04662984    0.03570761 -0.03109452
 -0.11768835 -0.03739305    0.03570761 -0.03109452   -0.08069993  0.04795490
    2    2
  0.24670715  0.00000000   -0.00441807 -0.00739390   -0.00114443  0.00000000
 -0.00441807  0.00739390    0.30049245  0.00000000    0.00441807 -0.00739390
 -0.00114443  0.00000000    0.00441807  0.00739390    0.24670715  0.00000000

     Dynamical  Matrix in cartesian axes

     q = (    0.750000000   0.250000000  -0.750000000 ) 

    1    1
  0.24670715  0.00000000    0.00441807 -0.00739390   -0.00114443  0.00000000
  0.00441807  0.00739390    0.30049245  0.00000000   -0.00441807 -0.00739390
 -0.00114443  0.00000000   -0.00441807  0.00739390    0.24670715  0.00000000
    1    2
 -0.08069993 -0.04795490    0.03570761  0.03109452   -0.11768835  0.03739305
  0.03570761  0.03109452   -0.09975683 -0.04662984   -0.03570761 -0.03109452
 -0.11768835  0.03739305   -0.03570761 -0.03109452   -0.08069993 -0.04795490
    2    1
 -0.08069993  0.04795490    0.03570761 -0.03109452   -0.11768835 -0.03739305
  0.03570761 -0.03109452   -0.09975683  0.04662984   -0.03570761  0.03109452
 -0.11768835 -0.03739305   -0.03570761  0.03109452   -0.08069993  0.04795490
    2    2
  0.24670715  0.00000000    0.00441807  0.00739390   -0.00114443  0.00000000
  0.00441807 -0.00739390    0.30049245  0.00000000   -0.00441807  0.00739390
 -0.00114443  0.00000000   -0.00441807 -0.00739390    0.24670715  0.00000000

     Dynamical  Matrix in cartesian axes

     q = (   -0.750000000   0.750000000   0.250000000 ) 

    1    1
  0.24670715  0.00000000   -0.00114443  0.00000000   -0.00441807  0.00739390
 -0.00114443  0.00000000    0.24670715  0.00000000    0.00441807 -0.00739390
 -0.00441807 -0.00739390    0.00441807  0.00739390    0.30049245  0.00000000
    1    2
 -0.08069993 -0.04795490   -0.11768835  0.03739305   -0.03570761 -0.03109452
 -0.11768835  0.03739305   -0.08069993 -0.04795490    0.03570761  0.03109452
 -0.03570761 -0.03109452    0.03570761  0.03109452   -0.09975683 -0.04662984
    2    1
 -0.08069993  0.04795490   -0.11768835 -0.03739305   -0.03570761  0.03109452
 -0.11768835 -0.03739305   -0.08069993  0.04795490    0.03570761 -0.03109452
 -0.03570761  0.03109452    0.03570761 -0.03109452   -0.09975683  0.04662984
    2    2
  0.24670715  0.00000000   -0.00114443  0.00000000   -0.00441807 -0.00739390
 -0.00114443  0.00000000    0.24670715  0.00000000    0.00441807  0.00739390
 -0.00441807  0.00739390    0.00441807 -0.00739390    0.30049245  0.00000000

     Dynamical  Matrix in cartesian axes

     q = (   -0.250000000   0.750000000   0.750000000 ) 

    1    1
  0.30049245  0.00000000   -0.00441807 -0.00739390   -0.00441807 -0.00739390
 -0.00441807  0.00739390    0.24670715  0.00000000    0.00114443  0.00000000
 -0.00441807  0.00739390    0.00114443  0.00000000    0.24670715  0.00000000
    1    2
 -0.04662984  0.09975683   -0.03109452  0.03570761   -0.03109452  0.03570761
 -0.03109452  0.03570761   -0.04795490  0.08069993   -0.03739305 -0.11768835
 -0.03109452  0.03570761   -0.03739305 -0.11768835   -0.04795490  0.08069993
    2    1
 -0.04662984 -0.09975683   -0.03109452 -0.03570761   -0.03109452 -0.03570761
 -0.03109452 -0.03570761   -0.04795490 -0.08069993   -0.03739305  0.11768835
 -0.03109452 -0.03570761   -0.03739305  0.11768835   -0.04795490 -0.08069993
    2    2
  0.30049245  0.00000000   -0.00441807  0.00739390   -0.00441807  0.00739390
 -0.00441807 -0.00739390    0.24670715  0.00000000    0.00114443  0.00000000
 -0.00441807 -0.00739390    0.00114443  0.00000000    0.24670715  0.00000000

     Dynamical  Matrix in cartesian axes

     q = (    0.250000000   0.750000000  -0.750000000 ) 

    1    1
  0.30049245  0.00000000    0.00441807  0.00739390   -0.00441807 -0.00739390
  0.00441807 -0.00739390    0.24670715  0.00000000   -0.00114443  0.00000000
 -0.00441807  0.00739390   -0.00114443  0.00000000    0.24670715  0.00000000
    1    2
 -0.09975683 -0.04662984    0.03570761  0.03109452   -0.03570761 -0.03109452
  0.03570761  0.03109452   -0.08069993 -0.04795490   -0.11768835  0.03739305
 -0.03570761 -0.03109452   -0.11768835  0.03739305   -0.08069993 -0.04795490
    2    1
 -0.09975683  0.04662984    0.03570761 -0.03109452   -0.03570761  0.03109452
  0.03570761 -0.03109452   -0.08069993  0.04795490   -0.11768835 -0.03739305
 -0.03570761  0.03109452   -0.11768835 -0.03739305   -0.08069993  0.04795490
    2    2
  0.30049245  0.00000000    0.00441807 -0.00739390   -0.00441807  0.00739390
  0.00441807  0.00739390    0.24670715  0.00000000   -0.00114443  0.00000000
 -0.00441807 -0.00739390   -0.00114443  0.00000000    0.24670715  0.00000000

     Dynamical  Matrix in cartesian axes

     q = (   -0.250000000  -0.750000000  -0.750000000 ) 

    1    1
  0.30049245  0.00000000    0.00441807  0.00739390    0.00441807  0.00739390
  0.00441807 -0.00739390    0.24670715  0.00000000    0.00114443  0.00000000
  0.00441807 -0.00739390    0.00114443  0.00000000    0.24670715  0.00000000
    1    2
  0.09975683  0.04662984   -0.03570761 -0.03109452   -0.03570761 -0.03109452
 -0.03570761 -0.03109452    0.08069993  0.04795490   -0.11768835  0.03739305
 -0.03570761 -0.03109452   -0.11768835  0.03739305    0.08069993  0.04795490
    2    1
  0.09975683 -0.04662984   -0.03570761  0.03109452   -0.03570761  0.03109452
 -0.03570761  0.03109452    0.08069993 -0.04795490   -0.11768835 -0.03739305
 -0.03570761  0.03109452   -0.11768835 -0.03739305    0.08069993 -0.04795490
    2    2
  0.30049245  0.00000000    0.00441807 -0.00739390    0.00441807 -0.00739390
  0.00441807  0.00739390    0.24670715  0.00000000    0.00114443  0.00000000
  0.00441807  0.00739390    0.00114443  0.00000000    0.24670715  0.00000000

     Dynamical  Matrix in cartesian axes

     q = (    0.750000000   0.750000000  -0.250000000 ) 

    1    1
  0.24670715  0.00000000    0.00114443  0.00000000   -0.00441807  0.00739390
  0.00114443  0.00000000    0.24670715  0.00000000   -0.00441807  0.00739390
 -0.00441807 -0.00739390   -0.00441807 -0.00739390    0.30049245  0.00000000
    1    2
 -0.04795490  0.08069993   -0.03739305 -0.11768835   -0.03109452  0.03570761
 -0.03739305 -0.11768835   -0.04795490  0.08069993   -0.03109452  0.03570761
 -0.03109452  0.03570761   -0.03109452  0.03570761   -0.04662984  0.09975683
    2    1
 -0.04795490 -0.08069993   -0.03739305  0.11768835   -0.03109452 -0.03570761
 -0.03739305  0.11768835   -0.04795490 -0.08069993   -0.03109452 -0.03570761
 -0.03109452 -0.03570761   -0.03109452 -0.03570761   -0.04662984 -0.09975683
    2    2
  0.24670715  0.00000000    0.00114443  0.00000000   -0.00441807 -0.00739390
  0.00114443  0.00000000    0.24670715  0.00000000   -0.00441807 -0.00739390
 -0.00441807  0.00739390   -0.00441807  0.00739390    0.30049245  0.00000000

     Dynamical  Matrix in cartesian axes

     q = (    0.750000000  -0.750000000   0.250000000 ) 

    1    1
  0.24670715  0.00000000   -0.00114443  0.00000000    0.00441807 -0.00739390
 -0.00114443  0.00000000    0.24670715  0.00000000   -0.00441807  0.00739390
  0.00441807  0.00739390   -0.00441807 -0.00739390    0.30049245  0.00000000
    1    2
 -0.08069993 -0.04795490   -0.11768835  0.03739305    0.03570761  0.03109452
 -0.11768835  0.03739305   -0.08069993 -0.04795490   -0.03570761 -0.03109452
  0.03570761  0.03109452   -0.03570761 -0.03109452   -0.09975683 -0.04662984
    2    1
 -0.08069993  0.04795490   -0.11768835 -0.03739305    0.03570761 -0.03109452
 -0.11768835 -0.03739305   -0.08069993  0.04795490   -0.03570761  0.03109452
  0.03570761 -0.03109452   -0.03570761  0.03109452   -0.09975683  0.04662984
    2    2
  0.24670715  0.00000000   -0.00114443  0.00000000    0.00441807  0.00739390
 -0.00114443  0.00000000    0.24670715  0.00000000   -0.00441807 -0.00739390
  0.00441807 -0.00739390   -0.00441807  0.00739390    0.30049245  0.00000000

     Dynamical  Matrix in cartesian axes

     q = (   -0.750000000  -0.750000000  -0.250000000 ) 

    1    1
  0.24670715  0.00000000    0.00114443  0.00000000    0.00441807 -0.00739390
  0.00114443  0.00000000    0.24670715  0.00000000    0.00441807 -0.00739390
  0.00441807  0.00739390    0.00441807  0.00739390    0.30049245  0.00000000
    1    2
  0.08069993  0.04795490   -0.11768835  0.03739305   -0.03570761 -0.03109452
 -0.11768835  0.03739305    0.08069993  0.04795490   -0.03570761 -0.03109452
 -0.03570761 -0.03109452   -0.03570761 -0.03109452    0.09975683  0.04662984
    2    1
  0.08069993 -0.04795490   -0.11768835 -0.03739305   -0.03570761  0.03109452
 -0.11768835 -0.03739305    0.08069993 -0.04795490   -0.03570761  0.03109452
 -0.03570761  0.03109452   -0.03570761  0.03109452    0.09975683 -0.04662984
    2    2
  0.24670715  0.00000000    0.00114443  0.00000000    0.00441807  0.00739390
  0.00114443  0.00000000    0.24670715  0.00000000    0.00441807  0.00739390
  0.00441807 -0.00739390    0.00441807 -0.00739390    0.30049245  0.00000000

     Dynamical  Matrix in cartesian axes

     q = (    0.250000000  -0.750000000   0.750000000 ) 

    1    1
  0.30049245  0.00000000   -0.00441807 -0.00739390    0.00441807  0.00739390
 -0.00441807  0.00739390    0.24670715  0.00000000   -0.00114443  0.00000000
  0.00441807 -0.00739390   -0.00114443  0.00000000    0.24670715  0.00000000
    1    2
 -0.09975683 -0.04662984   -0.03570761 -0.03109452    0.03570761  0.03109452
 -0.03570761 -0.03109452   -0.08069993 -0.04795490   -0.11768835  0.03739305
  0.03570761  0.03109452   -0.11768835  0.03739305   -0.08069993 -0.04795490
    2    1
 -0.09975683  0.04662984   -0.03570761  0.03109452    0.03570761 -0.03109452
 -0.03570761  0.03109452   -0.08069993  0.04795490   -0.11768835 -0.03739305
  0.03570761 -0.03109452   -0.11768835 -0.03739305   -0.08069993  0.04795490
    2    2
  0.30049245  0.00000000   -0.00441807  0.00739390    0.00441807 -0.00739390
 -0.00441807 -0.00739390    0.24670715  0.00000000   -0.00114443  0.00000000
  0.00441807  0.00739390   -0.00114443  0.00000000    0.24670715  0.00000000

     Dynamical  Matrix in cartesian axes

     q = (   -0.750000000  -0.750000000   0.250000000 ) 

    1    1
  0.24670715  0.00000000    0.00114443  0.00000000   -0.00441807 -0.00739390
  0.00114443  0.00000000    0.24670715  0.00000000   -0.00441807 -0.00739390
 -0.00441807  0.00739390   -0.00441807  0.00739390    0.30049245  0.00000000
    1    2
 -0.04795490 -0.08069993   -0.03739305  0.11768835   -0.03109452 -0.03570761
 -0.03739305  0.11768835   -0.04795490 -0.08069993   -0.03109452 -0.03570761
 -0.03109452 -0.03570761   -0.03109452 -0.03570761   -0.04662984 -0.09975683
    2    1
 -0.04795490  0.08069993   -0.03739305 -0.11768835   -0.03109452  0.03570761
 -0.03739305 -0.11768835   -0.04795490  0.08069993   -0.03109452  0.03570761
 -0.03109452  0.03570761   -0.03109452  0.03570761   -0.04662984  0.09975683
    2    2
  0.24670715  0.00000000    0.00114443  0.00000000   -0.00441807  0.00739390
  0.00114443  0.00000000    0.24670715  0.00000000   -0.00441807  0.00739390
 -0.00441807 -0.00739390   -0.00441807 -0.00739390    0.30049245  0.00000000

     Dynamical  Matrix in cartesian axes

     q = (    0.250000000   0.750000000   0.750000000 ) 

    1    1
  0.30049245  0.00000000    0.00441807 -0.00739390    0.00441807 -0.00739390
  0.00441807  0.00739390    0.24670715  0.00000000    0.00114443  0.00000000
  0.00441807  0.00739390    0.00114443  0.00000000    0.24670715  0.00000000
    1    2
  0.09975683 -0.04662984   -0.03570761  0.03109452   -0.03570761  0.03109452
 -0.03570761  0.03109452    0.08069993 -0.04795490   -0.11768835 -0.03739305
 -0.03570761  0.03109452   -0.11768835 -0.03739305    0.08069993 -0.04795490
    2    1
  0.09975683  0.04662984   -0.03570761 -0.03109452   -0.03570761 -0.03109452
 -0.03570761 -0.03109452    0.08069993  0.04795490   -0.11768835  0.03739305
 -0.03570761 -0.03109452   -0.11768835  0.03739305    0.08069993  0.04795490
    2    2
  0.30049245  0.00000000    0.00441807  0.00739390    0.00441807  0.00739390
  0.00441807 -0.00739390    0.24670715  0.00000000    0.00114443  0.00000000
  0.00441807 -0.00739390    0.00114443  0.00000000    0.24670715  0.00000000

     Dynamical  Matrix in cartesian axes

     q = (   -0.250000000  -0.750000000   0.750000000 ) 

    1    1
  0.30049245  0.00000000    0.00441807 -0.00739390   -0.00441807  0.00739390
  0.00441807  0.00739390    0.24670715  0.00000000   -0.00114443  0.00000000
 -0.00441807 -0.00739390   -0.00114443  0.00000000    0.24670715  0.00000000
    1    2
 -0.09975683  0.04662984    0.03570761 -0.03109452   -0.03570761  0.03109452
  0.03570761 -0.03109452   -0.08069993  0.04795490   -0.11768835 -0.03739305
 -0.03570761  0.03109452   -0.11768835 -0.03739305   -0.08069993  0.04795490
    2    1
 -0.09975683 -0.04662984    0.03570761  0.03109452   -0.03570761 -0.03109452
  0.03570761  0.03109452   -0.08069993 -0.04795490   -0.11768835  0.03739305
 -0.03570761 -0.03109452   -0.11768835  0.03739305   -0.08069993 -0.04795490
    2    2
  0.30049245  0.00000000    0.00441807  0.00739390   -0.00441807 -0.00739390
  0.00441807 -0.00739390    0.24670715  0.00000000   -0.00114443  0.00000000
 -0.00441807  0.00739390   -0.00114443  0.00000000    0.24670715  0.00000000

     Dynamical  Matrix in cartesian axes

     q = (    0.750000000   0.750000000   0.250000000 ) 

    1    1
  0.24670715  0.00000000    0.00114443  0.00000000    0.00441807  0.00739390
  0.00114443  0.00000000    0.24670715  0.00000000    0.00441807  0.00739390
  0.00441807 -0.00739390    0.00441807 -0.00739390    0.30049245  0.00000000
    1    2
  0.08069993 -0.04795490   -0.11768835 -0.03739305   -0.03570761  0.03109452
 -0.11768835 -0.03739305    0.08069993 -0.04795490   -0.03570761  0.03109452
 -0.03570761  0.03109452   -0.03570761  0.03109452    0.09975683 -0.04662984
    2    1
  0.08069993  0.04795490   -0.11768835  0.03739305   -0.03570761 -0.03109452
 -0.11768835  0.03739305    0.08069993  0.04795490   -0.03570761 -0.03109452
 -0.03570761 -0.03109452   -0.03570761 -0.03109452    0.09975683  0.04662984
    2    2
  0.24670715  0.00000000    0.00114443  0.00000000    0.00441807 -0.00739390
  0.00114443  0.00000000    0.24670715  0.00000000    0.00441807 -0.00739390
  0.00441807  0.00739390    0.00441807  0.00739390    0.30049245  0.00000000

     Dynamical  Matrix in cartesian axes

     q = (    0.250000000  -0.750000000  -0.750000000 ) 

    1    1
  0.30049245  0.00000000   -0.00441807  0.00739390   -0.00441807  0.00739390
 -0.00441807 -0.00739390    0.24670715  0.00000000    0.00114443  0.00000000
 -0.00441807 -0.00739390    0.00114443  0.00000000    0.24670715  0.00000000
    1    2
 -0.04662984 -0.09975683   -0.03109452 -0.03570761   -0.03109452 -0.03570761
 -0.03109452 -0.03570761   -0.04795490 -0.08069993   -0.03739305  0.11768835
 -0.03109452 -0.03570761   -0.03739305  0.11768835   -0.04795490 -0.08069993
    2    1
 -0.04662984  0.09975683   -0.03109452  0.03570761   -0.03109452  0.03570761
 -0.03109452  0.03570761   -0.04795490  0.08069993   -0.03739305 -0.11768835
 -0.03109452  0.03570761   -0.03739305 -0.11768835   -0.04795490  0.08069993
    2    2
  0.30049245  0.00000000   -0.00441807 -0.00739390   -0.00441807 -0.00739390
 -0.00441807  0.00739390    0.24670715  0.00000000    0.00114443  0.00000000
 -0.00441807  0.00739390    0.00114443  0.00000000    0.24670715  0.00000000

     Dynamical  Matrix in cartesian axes

     q = (    0.750000000  -0.750000000  -0.250000000 ) 

    1    1
  0.24670715  0.00000000   -0.00114443  0.00000000   -0.00441807 -0.00739390
 -0.00114443  0.00000000    0.24670715  0.00000000    0.00441807  0.00739390
 -0.00441807  0.00739390    0.00441807 -0.00739390    0.30049245  0.00000000
    1    2
 -0.08069993  0.04795490   -0.11768835 -0.03739305   -0.03570761  0.03109452
 -0.11768835 -0.03739305   -0.08069993  0.04795490    0.03570761 -0.03109452
 -0.03570761  0.03109452    0.03570761 -0.03109452   -0.09975683  0.04662984
    2    1
 -0.08069993 -0.04795490   -0.11768835  0.03739305   -0.03570761 -0.03109452
 -0.11768835  0.03739305   -0.08069993 -0.04795490    0.03570761  0.03109452
 -0.03570761 -0.03109452    0.03570761  0.03109452   -0.09975683 -0.04662984
    2    2
  0.24670715  0.00000000   -0.00114443  0.00000000   -0.00441807  0.00739390
 -0.00114443  0.00000000    0.24670715  0.00000000    0.00441807 -0.00739390
 -0.00441807 -0.00739390    0.00441807  0.00739390    0.30049245  0.00000000

     Diagonalizing the dynamical matrix

     q = (    0.750000000  -0.250000000   0.750000000 ) 

 **************************************************************************
     freq (    1) =       4.452678 [THz] =     148.525364 [cm-1]
 (  0.026581 -0.499293  0.000000 -0.000000 -0.026581  0.499293 ) 
 (  0.500000 -0.000000  0.000000  0.000000 -0.500000  0.000000 ) 
     freq (    2) =       6.832196 [THz] =     227.897541 [cm-1]
 ( -0.392253 -0.054328 -0.368821  0.224373 -0.392253 -0.054328 ) 
 ( -0.395997  0.000000 -0.334552 -0.272851 -0.395997  0.000000 ) 
     freq (    3) =       9.574593 [THz] =     319.374039 [cm-1]
 (  0.047003  0.337076 -0.481214 -0.191765  0.047003  0.337076 ) 
 (  0.340338  0.000000 -0.256387 -0.450118  0.340338  0.000000 ) 
     freq (    4) =      11.637028 [THz] =     388.169481 [cm-1]
 ( -0.265021 -0.299653  0.381565  0.185343 -0.265021 -0.299653 ) 
 (  0.400035  0.000000 -0.391619 -0.163028  0.400035  0.000000 ) 
     freq (    5) =      13.704712 [THz] =     457.140002 [cm-1]
 ( -0.026581  0.499293 -0.000000  0.000000  0.026581 -0.499293 ) 
 (  0.500000  0.000000  0.000000  0.000000 -0.500000  0.000000 ) 
     freq (    6) =      13.780505 [THz] =     459.668161 [cm-1]
 ( -0.251699 -0.063056 -0.519954  0.308205 -0.251699 -0.063056 ) 
 (  0.259477  0.000000  0.429471  0.425321  0.259477  0.000000 ) 
 **************************************************************************
