Dynamical matrix file
                                                                           
  1    2  2 10.4300000  0.0000000  0.0000000  0.0000000  0.0000000  0.0000000
           1  'Si  '    25598.822984527003     
    1    1      0.0000000000      0.0000000000      0.0000000000
    2    1      0.2500000000      0.2500000000      0.2500000000

     Dynamical  Matrix in cartesian axes

     q = (   -0.250000000   0.250000000  -0.250000000 ) 

    1    1
  0.28399509  0.00000000   -0.01040928  0.00000000    0.01040928  0.00000000
 -0.01040928  0.00000000    0.28399509  0.00000000   -0.01040928  0.00000000
  0.01040928  0.00000000   -0.01040928  0.00000000    0.28399509  0.00000000
    1    2
 -0.21239177 -0.06448995   -0.03199195  0.03266418    0.03199195 -0.03266418
 -0.03199195  0.03266418   -0.21239177 -0.06448995   -0.03199195  0.03266418
  0.03199195 -0.03266418   -0.03199195  0.03266418   -0.21239177 -0.06448995
    2    1
 -0.21239177  0.06448995   -0.03199195 -0.03266418    0.03199195  0.03266418
 -0.03199195 -0.03266418   -0.21239177  0.06448995   -0.03199195 -0.03266418
  0.03199195  0.03266418   -0.03199195 -0.03266418   -0.21239177  0.06448995
    2    2
  0.28399509  0.00000000   -0.01040928  0.00000000    0.01040928  0.00000000
 -0.01040928  0.00000000    0.28399509  0.00000000   -0.01040928  0.00000000
  0.01040928  0.00000000   -0.01040928  0.00000000    0.28399509  0.00000000

     Dynamical  Matrix in cartesian axes

     q = (    0.250000000  -0.250000000  -0.250000000 ) 

    1    1
  0.28399509  0.00000000   -0.01040928  0.00000000   -0.01040928  0.00000000
 -0.01040928  0.00000000    0.28399509  0.00000000    0.01040928  0.00000000
 -0.01040928  0.00000000    0.01040928  0.00000000    0.28399509  0.00000000
    1    2
 -0.21239177 -0.06448995   -0.03199195  0.03266418   -0.03199195  0.03266418
 -0.03199195  0.03266418   -0.21239177 -0.06448995    0.03199195 -0.03266418
 -0.03199195  0.03266418    0.03199195 -0.03266418   -0.21239177 -0.06448995
    2    1
 -0.21239177  0.06448995   -0.03199195 -0.03266418   -0.03199195 -0.03266418
 -0.03199195 -0.03266418   -0.21239177  0.06448995    0.03199195  0.03266418
 -0.03199195 -0.03266418    0.03199195  0.03266418   -0.21239177  0.06448995
    2    2
  0.28399509  0.00000000   -0.01040928  0.00000000   -0.01040928  0.00000000
 -0.01040928  0.00000000    0.28399509  0.00000000    0.01040928  0.00000000
 -0.01040928  0.00000000    0.01040928  0.00000000    0.28399509  0.00000000

     Dynamical  Matrix in cartesian axes

     q = (    0.250000000  -0.250000000   0.250000000 ) 

    1    1
  0.28399509  0.00000000   -0.01040928  0.00000000    0.01040928  0.00000000
 -0.01040928  0.00000000    0.28399509  0.00000000   -0.01040928  0.00000000
  0.01040928  0.00000000   -0.01040928  0.00000000    0.28399509  0.00000000
    1    2
 -0.21239177  0.06448995   -0.03199195 -0.03266418    0.03199195  0.03266418
 -0.03199195 -0.03266418   -0.21239177  0.06448995   -0.03199195 -0.03266418
  0.03199195  0.03266418   -0.03199195 -0.03266418   -0.21239177  0.06448995
    2    1
 -0.21239177 -0.06448995   -0.03199195  0.03266418    0.03199195 -0.03266418
 -0.03199195  0.03266418   -0.21239177 -0.06448995   -0.03199195  0.03266418
  0.03199195 -0.03266418   -0.03199195  0.03266418   -0.21239177 -0.06448995
    2    2
  0.28399509  0.00000000   -0.01040928  0.00000000    0.01040928  0.00000000
 -0.01040928  0.00000000    0.28399509  0.00000000   -0.01040928  0.00000000
  0.01040928  0.00000000   -0.01040928  0.00000000    0.28399509  0.00000000

     Dynamical  Matrix in cartesian axes

     q = (    0.250000000   0.250000000   0.250000000 ) 

    1    1
  0.28399509  0.00000000    0.01040928  0.00000000    0.01040928  0.00000000
  0.01040928  0.00000000    0.28399509  0.00000000    0.01040928  0.00000000
  0.01040928  0.00000000    0.01040928  0.00000000    0.28399509  0.00000000
    1    2
 -0.06448995  0.21239177   -0.03266418 -0.03199195   -0.03266418 -0.03199195
 -0.03266418 -0.03199195   -0.06448995  0.21239177   -0.03266418 -0.03199195
 -0.03266418 -0.03199195   -0.03266418 -0.03199195   -0.06448995  0.21239177
    2    1
 -0.06448995 -0.21239177   -0.03266418  0.03199195   -0.03266418  0.03199195
 -0.03266418  0.03199195   -0.06448995 -0.21239177   -0.03266418  0.03199195
 -0.03266418  0.03199195   -0.03266418  0.03199195   -0.06448995 -0.21239177
    2    2
  0.28399509  0.00000000    0.01040928  0.00000000    0.01040928  0.00000000
  0.01040928  0.00000000    0.28399509  0.00000000    0.01040928  0.00000000
  0.01040928  0.00000000    0.01040928  0.00000000    0.28399509  0.00000000

     Dynamical  Matrix in cartesian axes

     q = (   -0.250000000  -0.250000000  -0.250000000 ) 

    1    1
  0.28399509  0.00000000    0.01040928  0.00000000    0.01040928  0.00000000
  0.01040928  0.00000000    0.28399509  0.00000000    0.01040928  0.00000000
  0.01040928  0.00000000    0.01040928  0.00000000    0.28399509  0.00000000
    1    2
 -0.06448995 -0.21239177   -0.03266418  0.03199195   -0.03266418  0.03199195
 -0.03266418  0.03199195   -0.06448995 -0.21239177   -0.03266418  0.03199195
 -0.03266418  0.03199195   -0.03266418  0.03199195   -0.06448995 -0.21239177
    2    1
 -0.06448995  0.21239177   -0.03266418 -0.03199195   -0.03266418 -0.03199195
 -0.03266418 -0.03199195   -0.06448995  0.21239177   -0.03266418 -0.03199195
 -0.03266418 -0.03199195   -0.03266418 -0.03199195   -0.06448995  0.21239177
    2    2
  0.28399509  0.00000000    0.01040928  0.00000000    0.01040928  0.00000000
  0.01040928  0.00000000    0.28399509  0.00000000    0.01040928  0.00000000
  0.01040928  0.00000000    0.01040928  0.00000000    0.28399509  0.00000000

     Dynamical  Matrix in cartesian axes

     q = (   -0.250000000  -0.250000000   0.250000000 ) 

    1    1
  0.28399509  0.00000000    0.01040928  0.00000000   -0.01040928  0.00000000
  0.01040928  0.00000000    0.28399509  0.00000000   -0.01040928  0.00000000
 -0.01040928  0.00000000   -0.01040928  0.00000000    0.28399509  0.00000000
    1    2
 -0.21239177 -0.06448995    0.03199195 -0.03266418   -0.03199195  0.03266418
  0.03199195 -0.03266418   -0.21239177 -0.06448995   -0.03199195  0.03266418
 -0.03199195  0.03266418   -0.03199195  0.03266418   -0.21239177 -0.06448995
    2    1
 -0.21239177  0.06448995    0.03199195  0.03266418   -0.03199195 -0.03266418
  0.03199195  0.03266418   -0.21239177  0.06448995   -0.03199195 -0.03266418
 -0.03199195 -0.03266418   -0.03199195 -0.03266418   -0.21239177  0.06448995
    2    2
  0.28399509  0.00000000    0.01040928  0.00000000   -0.01040928  0.00000000
  0.01040928  0.00000000    0.28399509  0.00000000   -0.01040928  0.00000000
 -0.01040928  0.00000000   -0.01040928  0.00000000    0.28399509  0.00000000

     Dynamical  Matrix in cartesian axes

     q = (   -0.250000000   0.250000000   0.250000000 ) 

    1    1
  0.28399509  0.00000000   -0.01040928  0.00000000   -0.01040928  0.00000000
 -0.01040928  0.00000000    0.28399509  0.00000000    0.01040928  0.00000000
 -0.01040928  0.00000000    0.01040928  0.00000000    0.28399509  0.00000000
    1    2
 -0.21239177  0.06448995   -0.03199195 -0.03266418   -0.03199195 -0.03266418
 -0.03199195 -0.03266418   -0.21239177  0.06448995    0.03199195  0.03266418
 -0.03199195 -0.03266418    0.03199195  0.03266418   -0.21239177  0.06448995
    2    1
 -0.21239177 -0.06448995   -0.03199195  0.03266418   -0.03199195  0.03266418
 -0.03199195  0.03266418   -0.21239177 -0.06448995    0.03199195 -0.03266418
 -0.03199195  0.03266418    0.03199195 -0.03266418   -0.21239177 -0.06448995
    2    2
  0.28399509  0.00000000   -0.01040928  0.00000000   -0.01040928  0.00000000
 -0.01040928  0.00000000    0.28399509  0.00000000    0.01040928  0.00000000
 -0.01040928  0.00000000    0.01040928  0.00000000    0.28399509  0.00000000

     Dynamical  Matrix in cartesian axes

     q = (    0.250000000   0.250000000  -0.250000000 ) 

    1    1
  0.28399509  0.00000000    0.01040928  0.00000000   -0.01040928  0.00000000
  0.01040928  0.00000000    0.28399509  0.00000000   -0.01040928  0.00000000
 -0.01040928  0.00000000   -0.01040928  0.00000000    0.28399509  0.00000000
    1    2
 -0.21239177  0.06448995    0.03199195  0.03266418   -0.03199195 -0.03266418
  0.03199195  0.03266418   -0.21239177  0.06448995   -0.03199195 -0.03266418
 -0.03199195 -0.03266418   -0.03199195 -0.03266418   -0.21239177  0.06448995
    2    1
 -0.21239177 -0.06448995    0.03199195 -0.03266418   -0.03199195  0.03266418
  0.03199195 -0.03266418   -0.21239177 -0.06448995   -0.03199195  0.03266418
 -0.03199195  0.03266418   -0.03199195  0.03266418   -0.21239177 -0.06448995
    2    2
  0.28399509  0.00000000    0.01040928  0.00000000   -0.01040928  0.00000000
  0.01040928  0.00000000    0.28399509  0.00000000   -0.01040928  0.00000000
 -0.01040928  0.00000000   -0.01040928  0.00000000    0.28399509  0.00000000

     Diagonalizing the dynamical matrix

     q = (   -0.250000000   0.250000000  -0.250000000 ) 

 **************************************************************************
     freq (    1) =       3.387333 [THz] =     112.989261 [cm-1]
 ( -0.542169 -0.111707 -0.407866 -0.094216  0.134303  0.017490 ) 
 ( -0.552055 -0.040757 -0.416617 -0.040757  0.135437  0.000000 ) 
     freq (    2) =       3.387333 [THz] =     112.989261 [cm-1]
 ( -0.163640 -0.011392  0.392900  0.061085  0.556540  0.072478 ) 
 ( -0.163741  0.009835  0.397499  0.009835  0.561240  0.000000 ) 
     freq (    3) =       6.746067 [THz] =     225.024584 [cm-1]
 ( -0.307278 -0.268788  0.307278  0.268788 -0.307278 -0.268788 ) 
 ( -0.408248 -0.000000  0.408248  0.000000 -0.408248  0.000000 ) 
     freq (    4) =      14.568394 [THz] =     485.949304 [cm-1]
 ( -0.307278 -0.268788  0.307278  0.268788 -0.307278 -0.268788 ) 
 (  0.408248 -0.000000 -0.408248  0.000000  0.408248  0.000000 ) 
     freq (    5) =      14.827931 [THz] =     494.606526 [cm-1]
 ( -0.320002  0.384443 -0.319268  0.384538  0.000734  0.000096 ) 
 (  0.267676 -0.422548  0.266936 -0.422548 -0.000740  0.000000 ) 
     freq (    6) =      14.827931 [THz] =     494.606526 [cm-1]
 (  0.285848  0.037772 -0.286667 -0.036786 -0.572515 -0.074558 ) 
 ( -0.288332 -0.000542  0.289018 -0.000542  0.577350  0.000000 ) 
 **************************************************************************
