Dynamical matrix file
                                                                           
  1    2  2 10.3380000  0.0000000  0.0000000  0.0000000  0.0000000  0.0000000
           1  'Si  '    25598.822984527003     
    1    1      0.0000000000      0.0000000000      0.0000000000
    2    1      0.2500000000      0.2500000000      0.2500000000

     Dynamical  Matrix in cartesian axes

     q = (    0.750000000  -0.250000000   0.750000000 ) 

    1    1
  0.24498018  0.00000000   -0.00627434  0.00765728    0.00582318  0.00000000
 -0.00627434 -0.00765728    0.29615255  0.00000000   -0.00627434 -0.00765728
  0.00582318  0.00000000   -0.00627434  0.00765728    0.24498018  0.00000000
    1    2
 -0.06016068  0.06126335   -0.04058697  0.04296767   -0.04094677 -0.13431461
 -0.04058697  0.04296767   -0.05855126  0.07971762   -0.04058697  0.04296767
 -0.04094677 -0.13431461   -0.04058697  0.04296767   -0.06016068  0.06126335
    2    1
 -0.06016068 -0.06126335   -0.04058697 -0.04296767   -0.04094677  0.13431461
 -0.04058697 -0.04296767   -0.05855126 -0.07971762   -0.04058697 -0.04296767
 -0.04094677  0.13431461   -0.04058697 -0.04296767   -0.06016068 -0.06126335
    2    2
  0.24498018  0.00000000   -0.00627434 -0.00765728    0.00582318  0.00000000
 -0.00627434  0.00765728    0.29615255  0.00000000   -0.00627434  0.00765728
  0.00582318  0.00000000   -0.00627434 -0.00765728    0.24498018  0.00000000

     Dynamical  Matrix in cartesian axes

     q = (    0.750000000  -0.250000000  -0.750000000 ) 

    1    1
  0.24498018  0.00000000   -0.00627434 -0.00765728   -0.00582318  0.00000000
 -0.00627434  0.00765728    0.29615255  0.00000000    0.00627434 -0.00765728
 -0.00582318  0.00000000    0.00627434  0.00765728    0.24498018  0.00000000
    1    2
 -0.06126335  0.06016068   -0.04296767  0.04058697   -0.13431461 -0.04094677
 -0.04296767  0.04058697   -0.07971762  0.05855126    0.04296767 -0.04058697
 -0.13431461 -0.04094677    0.04296767 -0.04058697   -0.06126335  0.06016068
    2    1
 -0.06126335 -0.06016068   -0.04296767 -0.04058697   -0.13431461  0.04094677
 -0.04296767 -0.04058697   -0.07971762 -0.05855126    0.04296767  0.04058697
 -0.13431461  0.04094677    0.04296767  0.04058697   -0.06126335 -0.06016068
    2    2
  0.24498018  0.00000000   -0.00627434  0.00765728   -0.00582318  0.00000000
 -0.00627434 -0.00765728    0.29615255  0.00000000    0.00627434  0.00765728
 -0.00582318  0.00000000    0.00627434 -0.00765728    0.24498018  0.00000000

     Dynamical  Matrix in cartesian axes

     q = (   -0.750000000  -0.250000000  -0.750000000 ) 

    1    1
  0.24498018  0.00000000    0.00627434 -0.00765728    0.00582318  0.00000000
  0.00627434  0.00765728    0.29615255  0.00000000    0.00627434  0.00765728
  0.00582318  0.00000000    0.00627434 -0.00765728    0.24498018  0.00000000
    1    2
  0.06126335  0.06016068   -0.04296767 -0.04058697   -0.13431461  0.04094677
 -0.04296767 -0.04058697    0.07971762  0.05855126   -0.04296767 -0.04058697
 -0.13431461  0.04094677   -0.04296767 -0.04058697    0.06126335  0.06016068
    2    1
  0.06126335 -0.06016068   -0.04296767  0.04058697   -0.13431461 -0.04094677
 -0.04296767  0.04058697    0.07971762 -0.05855126   -0.04296767  0.04058697
 -0.13431461 -0.04094677   -0.04296767  0.04058697    0.06126335 -0.06016068
    2    2
  0.24498018  0.00000000    0.00627434  0.00765728    0.00582318  0.00000000
  0.00627434 -0.00765728    0.29615255  0.00000000    0.00627434 -0.00765728
  0.00582318  0.00000000    0.00627434  0.00765728    0.24498018  0.00000000

     Dynamical  Matrix in cartesian axes

     q = (   -0.750000000  -0.250000000   0.750000000 ) 

    1    1
  0.24498018  0.00000000    0.00627434  0.00765728   -0.00582318  0.00000000
  0.00627434 -0.00765728    0.29615255  0.00000000   -0.00627434  0.00765728
 -0.00582318  0.00000000   -0.00627434 -0.00765728    0.24498018  0.00000000
    1    2
 -0.06126335  0.06016068    0.04296767 -0.04058697   -0.13431461 -0.04094677
  0.04296767 -0.04058697   -0.07971762  0.05855126   -0.04296767  0.04058697
 -0.13431461 -0.04094677   -0.04296767  0.04058697   -0.06126335  0.06016068
    2    1
 -0.06126335 -0.06016068    0.04296767  0.04058697   -0.13431461  0.04094677
  0.04296767  0.04058697   -0.07971762 -0.05855126   -0.04296767 -0.04058697
 -0.13431461  0.04094677   -0.04296767 -0.04058697   -0.06126335 -0.06016068
    2    2
  0.24498018  0.00000000    0.00627434 -0.00765728   -0.00582318  0.00000000
  0.00627434  0.00765728    0.29615255  0.00000000   -0.00627434 -0.00765728
 -0.00582318  0.00000000   -0.00627434  0.00765728    0.24498018  0.00000000

     Dynamical  Matrix in cartesian axes

     q = (   -0.750000000   0.250000000  -0.750000000 ) 

    1    1
  0.24498018  0.00000000   -0.00627434 -0.00765728    0.00582318  0.00000000
 -0.00627434  0.00765728    0.29615255  0.00000000   -0.00627434  0.00765728
  0.00582318  0.00000000   -0.00627434 -0.00765728    0.24498018  0.00000000
    1    2
 -0.06016068 -0.06126335   -0.04058697 -0.04296767   -0.04094677  0.13431461
 -0.04058697 -0.04296767   -0.05855126 -0.07971762   -0.04058697 -0.04296767
 -0.04094677  0.13431461   -0.04058697 -0.04296767   -0.06016068 -0.06126335
    2    1
 -0.06016068  0.06126335   -0.04058697  0.04296767   -0.04094677 -0.13431461
 -0.04058697  0.04296767   -0.05855126  0.07971762   -0.04058697  0.04296767
 -0.04094677 -0.13431461   -0.04058697  0.04296767   -0.06016068  0.06126335
    2    2
  0.24498018  0.00000000   -0.00627434  0.00765728    0.00582318  0.00000000
 -0.00627434 -0.00765728    0.29615255  0.00000000   -0.00627434 -0.00765728
  0.00582318  0.00000000   -0.00627434  0.00765728    0.24498018  0.00000000

     Dynamical  Matrix in cartesian axes

     q = (   -0.250000000   0.750000000  -0.750000000 ) 

    1    1
  0.29615255  0.00000000   -0.00627434  0.00765728    0.00627434 -0.00765728
 -0.00627434 -0.00765728    0.24498018  0.00000000   -0.00582318  0.00000000
  0.00627434  0.00765728   -0.00582318  0.00000000    0.24498018  0.00000000
    1    2
 -0.07971762  0.05855126   -0.04296767  0.04058697    0.04296767 -0.04058697
 -0.04296767  0.04058697   -0.06126335  0.06016068   -0.13431461 -0.04094677
  0.04296767 -0.04058697   -0.13431461 -0.04094677   -0.06126335  0.06016068
    2    1
 -0.07971762 -0.05855126   -0.04296767 -0.04058697    0.04296767  0.04058697
 -0.04296767 -0.04058697   -0.06126335 -0.06016068   -0.13431461  0.04094677
  0.04296767  0.04058697   -0.13431461  0.04094677   -0.06126335 -0.06016068
    2    2
  0.29615255  0.00000000   -0.00627434 -0.00765728    0.00627434  0.00765728
 -0.00627434  0.00765728    0.24498018  0.00000000   -0.00582318  0.00000000
  0.00627434 -0.00765728   -0.00582318  0.00000000    0.24498018  0.00000000

     Dynamical  Matrix in cartesian axes

     q = (   -0.750000000   0.750000000  -0.250000000 ) 

    1    1
  0.24498018  0.00000000   -0.00582318  0.00000000    0.00627434  0.00765728
 -0.00582318  0.00000000    0.24498018  0.00000000   -0.00627434 -0.00765728
  0.00627434 -0.00765728   -0.00627434  0.00765728    0.29615255  0.00000000
    1    2
 -0.06126335  0.06016068   -0.13431461 -0.04094677    0.04296767 -0.04058697
 -0.13431461 -0.04094677   -0.06126335  0.06016068   -0.04296767  0.04058697
  0.04296767 -0.04058697   -0.04296767  0.04058697   -0.07971762  0.05855126
    2    1
 -0.06126335 -0.06016068   -0.13431461  0.04094677    0.04296767  0.04058697
 -0.13431461  0.04094677   -0.06126335 -0.06016068   -0.04296767 -0.04058697
  0.04296767  0.04058697   -0.04296767 -0.04058697   -0.07971762 -0.05855126
    2    2
  0.24498018  0.00000000   -0.00582318  0.00000000    0.00627434 -0.00765728
 -0.00582318  0.00000000    0.24498018  0.00000000   -0.00627434  0.00765728
  0.00627434  0.00765728   -0.00627434 -0.00765728    0.29615255  0.00000000

     Dynamical  Matrix in cartesian axes

     q = (    0.750000000   0.250000000   0.750000000 ) 

    1    1
  0.24498018  0.00000000    0.00627434  0.00765728    0.00582318  0.00000000
  0.00627434 -0.00765728    0.29615255  0.00000000    0.00627434 -0.00765728
  0.00582318  0.00000000    0.00627434  0.00765728    0.24498018  0.00000000
    1    2
  0.06126335 -0.06016068   -0.04296767  0.04058697   -0.13431461 -0.04094677
 -0.04296767  0.04058697    0.07971762 -0.05855126   -0.04296767  0.04058697
 -0.13431461 -0.04094677   -0.04296767  0.04058697    0.06126335 -0.06016068
    2    1
  0.06126335  0.06016068   -0.04296767 -0.04058697   -0.13431461  0.04094677
 -0.04296767 -0.04058697    0.07971762  0.05855126   -0.04296767 -0.04058697
 -0.13431461  0.04094677   -0.04296767 -0.04058697    0.06126335  0.06016068
    2    2
  0.24498018  0.00000000    0.00627434 -0.00765728    0.00582318  0.00000000
  0.00627434  0.00765728    0.29615255  0.00000000    0.00627434  0.00765728
  0.00582318  0.00000000    0.00627434 -0.00765728    0.24498018  0.00000000

     Dynamical  Matrix in cartesian axes

     q = (   -0.750000000   0.250000000   0.750000000 ) 

    1    1
  0.24498018  0.00000000   -0.00627434  0.00765728   -0.00582318  0.00000000
 -0.00627434 -0.00765728    0.29615255  0.00000000    0.00627434  0.00765728
 -0.00582318  0.00000000    0.00627434 -0.00765728    0.24498018  0.00000000
    1    2
 -0.06126335 -0.06016068   -0.04296767 -0.04058697   -0.13431461  0.04094677
 -0.04296767 -0.04058697   -0.07971762 -0.05855126    0.04296767  0.04058697
 -0.13431461  0.04094677    0.04296767  0.04058697   -0.06126335 -0.06016068
    2    1
 -0.06126335  0.06016068   -0.04296767  0.04058697   -0.13431461 -0.04094677
 -0.04296767  0.04058697   -0.07971762  0.05855126    0.04296767 -0.04058697
 -0.13431461 -0.04094677    0.04296767 -0.04058697   -0.06126335  0.06016068
    2    2
  0.24498018  0.00000000   -0.00627434 -0.00765728   -0.00582318  0.00000000
 -0.00627434  0.00765728    0.29615255  0.00000000    0.00627434 -0.00765728
 -0.00582318  0.00000000    0.00627434  0.00765728    0.24498018  0.00000000

     Dynamical  Matrix in cartesian axes

     q = (    0.750000000   0.250000000  -0.750000000 ) 

    1    1
  0.24498018  0.00000000    0.00627434 -0.00765728   -0.00582318  0.00000000
  0.00627434  0.00765728    0.29615255  0.00000000   -0.00627434 -0.00765728
 -0.00582318  0.00000000   -0.00627434  0.00765728    0.24498018  0.00000000
    1    2
 -0.06126335 -0.06016068    0.04296767  0.04058697   -0.13431461  0.04094677
  0.04296767  0.04058697   -0.07971762 -0.05855126   -0.04296767 -0.04058697
 -0.13431461  0.04094677   -0.04296767 -0.04058697   -0.06126335 -0.06016068
    2    1
 -0.06126335  0.06016068    0.04296767 -0.04058697   -0.13431461 -0.04094677
  0.04296767 -0.04058697   -0.07971762  0.05855126   -0.04296767  0.04058697
 -0.13431461 -0.04094677   -0.04296767  0.04058697   -0.06126335  0.06016068
    2    2
  0.24498018  0.00000000    0.00627434  0.00765728   -0.00582318  0.00000000
  0.00627434 -0.00765728    0.29615255  0.00000000   -0.00627434  0.00765728
 -0.00582318  0.00000000   -0.00627434 -0.00765728    0.24498018  0.00000000

     Dynamical  Matrix in cartesian axes

     q = (   -0.750000000   0.750000000   0.250000000 ) 

    1    1
  0.24498018  0.00000000   -0.00582318  0.00000000   -0.00627434  0.00765728
 -0.00582318  0.00000000    0.24498018  0.00000000    0.00627434 -0.00765728
 -0.00627434 -0.00765728    0.00627434  0.00765728    0.29615255  0.00000000
    1    2
 -0.06126335 -0.06016068   -0.13431461  0.04094677   -0.04296767 -0.04058697
 -0.13431461  0.04094677   -0.06126335 -0.06016068    0.04296767  0.04058697
 -0.04296767 -0.04058697    0.04296767  0.04058697   -0.07971762 -0.05855126
    2    1
 -0.06126335  0.06016068   -0.13431461 -0.04094677   -0.04296767  0.04058697
 -0.13431461 -0.04094677   -0.06126335  0.06016068    0.04296767 -0.04058697
 -0.04296767  0.04058697    0.04296767 -0.04058697   -0.07971762  0.05855126
    2    2
  0.24498018  0.00000000   -0.00582318  0.00000000   -0.00627434 -0.00765728
 -0.00582318  0.00000000    0.24498018  0.00000000    0.00627434  0.00765728
 -0.00627434  0.00765728    0.00627434 -0.00765728    0.29615255  0.00000000

     Dynamical  Matrix in cartesian axes

     q = (   -0.250000000   0.750000000   0.750000000 ) 

    1    1
  0.29615255  0.00000000   -0.00627434 -0.00765728   -0.00627434 -0.00765728
 -0.00627434  0.00765728    0.24498018  0.00000000    0.00582318  0.00000000
 -0.00627434  0.00765728    0.00582318  0.00000000    0.24498018  0.00000000
    1    2
 -0.05855126  0.07971762   -0.04058697  0.04296767   -0.04058697  0.04296767
 -0.04058697  0.04296767   -0.06016068  0.06126335   -0.04094677 -0.13431461
 -0.04058697  0.04296767   -0.04094677 -0.13431461   -0.06016068  0.06126335
    2    1
 -0.05855126 -0.07971762   -0.04058697 -0.04296767   -0.04058697 -0.04296767
 -0.04058697 -0.04296767   -0.06016068 -0.06126335   -0.04094677  0.13431461
 -0.04058697 -0.04296767   -0.04094677  0.13431461   -0.06016068 -0.06126335
    2    2
  0.29615255  0.00000000   -0.00627434  0.00765728   -0.00627434  0.00765728
 -0.00627434 -0.00765728    0.24498018  0.00000000    0.00582318  0.00000000
 -0.00627434 -0.00765728    0.00582318  0.00000000    0.24498018  0.00000000

     Dynamical  Matrix in cartesian axes

     q = (    0.250000000   0.750000000  -0.750000000 ) 

    1    1
  0.29615255  0.00000000    0.00627434  0.00765728   -0.00627434 -0.00765728
  0.00627434 -0.00765728    0.24498018  0.00000000   -0.00582318  0.00000000
 -0.00627434  0.00765728   -0.00582318  0.00000000    0.24498018  0.00000000
    1    2
 -0.07971762 -0.05855126    0.04296767  0.04058697   -0.04296767 -0.04058697
  0.04296767  0.04058697   -0.06126335 -0.06016068   -0.13431461  0.04094677
 -0.04296767 -0.04058697   -0.13431461  0.04094677   -0.06126335 -0.06016068
    2    1
 -0.07971762  0.05855126    0.04296767 -0.04058697   -0.04296767  0.04058697
  0.04296767 -0.04058697   -0.06126335  0.06016068   -0.13431461 -0.04094677
 -0.04296767  0.04058697   -0.13431461 -0.04094677   -0.06126335  0.06016068
    2    2
  0.29615255  0.00000000    0.00627434 -0.00765728   -0.00627434  0.00765728
  0.00627434  0.00765728    0.24498018  0.00000000   -0.00582318  0.00000000
 -0.00627434 -0.00765728   -0.00582318  0.00000000    0.24498018  0.00000000

     Dynamical  Matrix in cartesian axes

     q = (   -0.250000000  -0.750000000  -0.750000000 ) 

    1    1
  0.29615255  0.00000000    0.00627434  0.00765728    0.00627434  0.00765728
  0.00627434 -0.00765728    0.24498018  0.00000000    0.00582318  0.00000000
  0.00627434 -0.00765728    0.00582318  0.00000000    0.24498018  0.00000000
    1    2
  0.07971762  0.05855126   -0.04296767 -0.04058697   -0.04296767 -0.04058697
 -0.04296767 -0.04058697    0.06126335  0.06016068   -0.13431461  0.04094677
 -0.04296767 -0.04058697   -0.13431461  0.04094677    0.06126335  0.06016068
    2    1
  0.07971762 -0.05855126   -0.04296767  0.04058697   -0.04296767  0.04058697
 -0.04296767  0.04058697    0.06126335 -0.06016068   -0.13431461 -0.04094677
 -0.04296767  0.04058697   -0.13431461 -0.04094677    0.06126335 -0.06016068
    2    2
  0.29615255  0.00000000    0.00627434 -0.00765728    0.00627434 -0.00765728
  0.00627434  0.00765728    0.24498018  0.00000000    0.00582318  0.00000000
  0.00627434  0.00765728    0.00582318  0.00000000    0.24498018  0.00000000

     Dynamical  Matrix in cartesian axes

     q = (    0.750000000   0.750000000  -0.250000000 ) 

    1    1
  0.24498018  0.00000000    0.00582318  0.00000000   -0.00627434  0.00765728
  0.00582318  0.00000000    0.24498018  0.00000000   -0.00627434  0.00765728
 -0.00627434 -0.00765728   -0.00627434 -0.00765728    0.29615255  0.00000000
    1    2
 -0.06016068  0.06126335   -0.04094677 -0.13431461   -0.04058697  0.04296767
 -0.04094677 -0.13431461   -0.06016068  0.06126335   -0.04058697  0.04296767
 -0.04058697  0.04296767   -0.04058697  0.04296767   -0.05855126  0.07971762
    2    1
 -0.06016068 -0.06126335   -0.04094677  0.13431461   -0.04058697 -0.04296767
 -0.04094677  0.13431461   -0.06016068 -0.06126335   -0.04058697 -0.04296767
 -0.04058697 -0.04296767   -0.04058697 -0.04296767   -0.05855126 -0.07971762
    2    2
  0.24498018  0.00000000    0.00582318  0.00000000   -0.00627434 -0.00765728
  0.00582318  0.00000000    0.24498018  0.00000000   -0.00627434 -0.00765728
 -0.00627434  0.00765728   -0.00627434  0.00765728    0.29615255  0.00000000

     Dynamical  Matrix in cartesian axes

     q = (    0.750000000  -0.750000000   0.250000000 ) 

    1    1
  0.24498018  0.00000000   -0.00582318  0.00000000    0.00627434 -0.00765728
 -0.00582318  0.00000000    0.24498018  0.00000000   -0.00627434  0.00765728
  0.00627434  0.00765728   -0.00627434 -0.00765728    0.29615255  0.00000000
    1    2
 -0.06126335 -0.06016068   -0.13431461  0.04094677    0.04296767  0.04058697
 -0.13431461  0.04094677   -0.06126335 -0.06016068   -0.04296767 -0.04058697
  0.04296767  0.04058697   -0.04296767 -0.04058697   -0.07971762 -0.05855126
    2    1
 -0.06126335  0.06016068   -0.13431461 -0.04094677    0.04296767 -0.04058697
 -0.13431461 -0.04094677   -0.06126335  0.06016068   -0.04296767  0.04058697
  0.04296767 -0.04058697   -0.04296767  0.04058697   -0.07971762  0.05855126
    2    2
  0.24498018  0.00000000   -0.00582318  0.00000000    0.00627434  0.00765728
 -0.00582318  0.00000000    0.24498018  0.00000000   -0.00627434 -0.00765728
  0.00627434 -0.00765728   -0.00627434  0.00765728    0.29615255  0.00000000

     Dynamical  Matrix in cartesian axes

     q = (   -0.750000000  -0.750000000  -0.250000000 ) 

    1    1
  0.24498018  0.00000000    0.00582318  0.00000000    0.00627434 -0.00765728
  0.00582318  0.00000000    0.24498018  0.00000000    0.00627434 -0.00765728
  0.00627434  0.00765728    0.00627434  0.00765728    0.29615255  0.00000000
    1    2
  0.06126335  0.06016068   -0.13431461  0.04094677   -0.04296767 -0.04058697
 -0.13431461  0.04094677    0.06126335  0.06016068   -0.04296767 -0.04058697
 -0.04296767 -0.04058697   -0.04296767 -0.04058697    0.07971762  0.05855126
    2    1
  0.06126335 -0.06016068   -0.13431461 -0.04094677   -0.04296767  0.04058697
 -0.13431461 -0.04094677    0.06126335 -0.06016068   -0.04296767  0.04058697
 -0.04296767  0.04058697   -0.04296767  0.04058697    0.07971762 -0.05855126
    2    2
  0.24498018  0.00000000    0.00582318  0.00000000    0.00627434  0.00765728
  0.00582318  0.00000000    0.24498018  0.00000000    0.00627434  0.00765728
  0.00627434 -0.00765728    0.00627434 -0.00765728    0.29615255  0.00000000

     Dynamical  Matrix in cartesian axes

     q = (    0.250000000  -0.750000000   0.750000000 ) 

    1    1
  0.29615255  0.00000000   -0.00627434 -0.00765728    0.00627434  0.00765728
 -0.00627434  0.00765728    0.24498018  0.00000000   -0.00582318  0.00000000
  0.00627434 -0.00765728   -0.00582318  0.00000000    0.24498018  0.00000000
    1    2
 -0.07971762 -0.05855126   -0.04296767 -0.04058697    0.04296767  0.04058697
 -0.04296767 -0.04058697   -0.06126335 -0.06016068   -0.13431461  0.04094677
  0.04296767  0.04058697   -0.13431461  0.04094677   -0.06126335 -0.06016068
    2    1
 -0.07971762  0.05855126   -0.04296767  0.04058697    0.04296767 -0.04058697
 -0.04296767  0.04058697   -0.06126335  0.06016068   -0.13431461 -0.04094677
  0.04296767 -0.04058697   -0.13431461 -0.04094677   -0.06126335  0.06016068
    2    2
  0.29615255  0.00000000   -0.00627434  0.00765728    0.00627434 -0.00765728
 -0.00627434 -0.00765728    0.24498018  0.00000000   -0.00582318  0.00000000
  0.00627434  0.00765728   -0.00582318  0.00000000    0.24498018  0.00000000

     Dynamical  Matrix in cartesian axes

     q = (   -0.750000000  -0.750000000   0.250000000 ) 

    1    1
  0.24498018  0.00000000    0.00582318  0.00000000   -0.00627434 -0.00765728
  0.00582318  0.00000000    0.24498018  0.00000000   -0.00627434 -0.00765728
 -0.00627434  0.00765728   -0.00627434  0.00765728    0.29615255  0.00000000
    1    2
 -0.06016068 -0.06126335   -0.04094677  0.13431461   -0.04058697 -0.04296767
 -0.04094677  0.13431461   -0.06016068 -0.06126335   -0.04058697 -0.04296767
 -0.04058697 -0.04296767   -0.04058697 -0.04296767   -0.05855126 -0.07971762
    2    1
 -0.06016068  0.06126335   -0.04094677 -0.13431461   -0.04058697  0.04296767
 -0.04094677 -0.13431461   -0.06016068  0.06126335   -0.04058697  0.04296767
 -0.04058697  0.04296767   -0.04058697  0.04296767   -0.05855126  0.07971762
    2    2
  0.24498018  0.00000000    0.00582318  0.00000000   -0.00627434  0.00765728
  0.00582318  0.00000000    0.24498018  0.00000000   -0.00627434  0.00765728
 -0.00627434 -0.00765728   -0.00627434 -0.00765728    0.29615255  0.00000000

     Dynamical  Matrix in cartesian axes

     q = (    0.250000000   0.750000000   0.750000000 ) 

    1    1
  0.29615255  0.00000000    0.00627434 -0.00765728    0.00627434 -0.00765728
  0.00627434  0.00765728    0.24498018  0.00000000    0.00582318  0.00000000
  0.00627434  0.00765728    0.00582318  0.00000000    0.24498018  0.00000000
    1    2
  0.07971762 -0.05855126   -0.04296767  0.04058697   -0.04296767  0.04058697
 -0.04296767  0.04058697    0.06126335 -0.06016068   -0.13431461 -0.04094677
 -0.04296767  0.04058697   -0.13431461 -0.04094677    0.06126335 -0.06016068
    2    1
  0.07971762  0.05855126   -0.04296767 -0.04058697   -0.04296767 -0.04058697
 -0.04296767 -0.04058697    0.06126335  0.06016068   -0.13431461  0.04094677
 -0.04296767 -0.04058697   -0.13431461  0.04094677    0.06126335  0.06016068
    2    2
  0.29615255  0.00000000    0.00627434  0.00765728    0.00627434  0.00765728
  0.00627434 -0.00765728    0.24498018  0.00000000    0.00582318  0.00000000
  0.00627434 -0.00765728    0.00582318  0.00000000    0.24498018  0.00000000

     Dynamical  Matrix in cartesian axes

     q = (   -0.250000000  -0.750000000   0.750000000 ) 

    1    1
  0.29615255  0.00000000    0.00627434 -0.00765728   -0.00627434  0.00765728
  0.00627434  0.00765728    0.24498018  0.00000000   -0.00582318  0.00000000
 -0.00627434 -0.00765728   -0.00582318  0.00000000    0.24498018  0.00000000
    1    2
 -0.07971762  0.05855126    0.04296767 -0.04058697   -0.04296767  0.04058697
  0.04296767 -0.04058697   -0.06126335  0.06016068   -0.13431461 -0.04094677
 -0.04296767  0.04058697   -0.13431461 -0.04094677   -0.06126335  0.06016068
    2    1
 -0.07971762 -0.05855126    0.04296767  0.04058697   -0.04296767 -0.04058697
  0.04296767  0.04058697   -0.06126335 -0.06016068   -0.13431461  0.04094677
 -0.04296767 -0.04058697   -0.13431461  0.04094677   -0.06126335 -0.06016068
    2    2
  0.29615255  0.00000000    0.00627434  0.00765728   -0.00627434 -0.00765728
  0.00627434 -0.00765728    0.24498018  0.00000000   -0.00582318  0.00000000
 -0.00627434  0.00765728   -0.00582318  0.00000000    0.24498018  0.00000000

     Dynamical  Matrix in cartesian axes

     q = (    0.750000000   0.750000000   0.250000000 ) 

    1    1
  0.24498018  0.00000000    0.00582318  0.00000000    0.00627434  0.00765728
  0.00582318  0.00000000    0.24498018  0.00000000    0.00627434  0.00765728
  0.00627434 -0.00765728    0.00627434 -0.00765728    0.29615255  0.00000000
    1    2
  0.06126335 -0.06016068   -0.13431461 -0.04094677   -0.04296767  0.04058697
 -0.13431461 -0.04094677    0.06126335 -0.06016068   -0.04296767  0.04058697
 -0.04296767  0.04058697   -0.04296767  0.04058697    0.07971762 -0.05855126
    2    1
  0.06126335  0.06016068   -0.13431461  0.04094677   -0.04296767 -0.04058697
 -0.13431461  0.04094677    0.06126335  0.06016068   -0.04296767 -0.04058697
 -0.04296767 -0.04058697   -0.04296767 -0.04058697    0.07971762  0.05855126
    2    2
  0.24498018  0.00000000    0.00582318  0.00000000    0.00627434 -0.00765728
  0.00582318  0.00000000    0.24498018  0.00000000    0.00627434 -0.00765728
  0.00627434  0.00765728    0.00627434  0.00765728    0.29615255  0.00000000

     Dynamical  Matrix in cartesian axes

     q = (    0.250000000  -0.750000000  -0.750000000 ) 

    1    1
  0.29615255  0.00000000   -0.00627434  0.00765728   -0.00627434  0.00765728
 -0.00627434 -0.00765728    0.24498018  0.00000000    0.00582318  0.00000000
 -0.00627434 -0.00765728    0.00582318  0.00000000    0.24498018  0.00000000
    1    2
 -0.05855126 -0.07971762   -0.04058697 -0.04296767   -0.04058697 -0.04296767
 -0.04058697 -0.04296767   -0.06016068 -0.06126335   -0.04094677  0.13431461
 -0.04058697 -0.04296767   -0.04094677  0.13431461   -0.06016068 -0.06126335
    2    1
 -0.05855126  0.07971762   -0.04058697  0.04296767   -0.04058697  0.04296767
 -0.04058697  0.04296767   -0.06016068  0.06126335   -0.04094677 -0.13431461
 -0.04058697  0.04296767   -0.04094677 -0.13431461   -0.06016068  0.06126335
    2    2
  0.29615255  0.00000000   -0.00627434 -0.00765728   -0.00627434 -0.00765728
 -0.00627434  0.00765728    0.24498018  0.00000000    0.00582318  0.00000000
 -0.00627434  0.00765728    0.00582318  0.00000000    0.24498018  0.00000000

     Dynamical  Matrix in cartesian axes

     q = (    0.750000000  -0.750000000  -0.250000000 ) 

    1    1
  0.24498018  0.00000000   -0.00582318  0.00000000   -0.00627434 -0.00765728
 -0.00582318  0.00000000    0.24498018  0.00000000    0.00627434  0.00765728
 -0.00627434  0.00765728    0.00627434 -0.00765728    0.29615255  0.00000000
    1    2
 -0.06126335  0.06016068   -0.13431461 -0.04094677   -0.04296767  0.04058697
 -0.13431461 -0.04094677   -0.06126335  0.06016068    0.04296767 -0.04058697
 -0.04296767  0.04058697    0.04296767 -0.04058697   -0.07971762  0.05855126
    2    1
 -0.06126335 -0.06016068   -0.13431461  0.04094677   -0.04296767 -0.04058697
 -0.13431461  0.04094677   -0.06126335 -0.06016068    0.04296767  0.04058697
 -0.04296767 -0.04058697    0.04296767  0.04058697   -0.07971762 -0.05855126
    2    2
  0.24498018  0.00000000   -0.00582318  0.00000000   -0.00627434  0.00765728
 -0.00582318  0.00000000    0.24498018  0.00000000    0.00627434 -0.00765728
 -0.00627434 -0.00765728    0.00627434  0.00765728    0.29615255  0.00000000

     Diagonalizing the dynamical matrix

     q = (    0.750000000  -0.250000000   0.750000000 ) 

 **************************************************************************
     freq (    1) =       4.245814 [THz] =     141.625105 [cm-1]
 (  0.048886 -0.497604 -0.000000  0.000000 -0.048886  0.497604 ) 
 (  0.500000  0.000000 -0.000000 -0.000000 -0.500000  0.000000 ) 
     freq (    2) =       5.883974 [THz] =     196.268250 [cm-1]
 ( -0.390941 -0.161300 -0.344350  0.154009 -0.390941 -0.161300 ) 
 ( -0.422909 -0.000000 -0.259580 -0.273704 -0.422909  0.000000 ) 
     freq (    3) =       9.349223 [THz] =     311.856496 [cm-1]
 (  0.113447 -0.289882  0.382891  0.399488  0.113447 -0.289882 ) 
 ( -0.311291 -0.000000  0.232472  0.502148 -0.311291  0.000000 ) 
     freq (    4) =      12.054976 [THz] =     402.110718 [cm-1]
 (  0.082983  0.318708 -0.403679 -0.346585  0.082983  0.318708 ) 
 ( -0.329334  0.000000  0.437119  0.303325 -0.329334  0.000000 ) 
     freq (    5) =      13.572102 [THz] =     452.716578 [cm-1]
 (  0.048886 -0.497604 -0.000000 -0.000000 -0.048886  0.497604 ) 
 ( -0.500000  0.000000  0.000000  0.000000  0.500000  0.000000 ) 
     freq (    6) =      13.969579 [THz] =     465.974989 [cm-1]
 ( -0.301783 -0.157202 -0.468400  0.221430 -0.301783 -0.157202 ) 
 (  0.340272 -0.000000  0.313119  0.412778  0.340272 -0.000000 ) 
 **************************************************************************
