Dynamical matrix file
                                                                           
  1    2  2 10.3490000  0.0000000  0.0000000  0.0000000  0.0000000  0.0000000
           1  'Si  '    25598.822984527003     
    1    1      0.0000000000      0.0000000000      0.0000000000
    2    1      0.2500000000      0.2500000000      0.2500000000

     Dynamical  Matrix in cartesian axes

     q = (   -0.250000000   0.250000000  -0.250000000 ) 

    1    1
  0.28023412  0.00000000   -0.01075878  0.00000000    0.01075878  0.00000000
 -0.01075878  0.00000000    0.28023412  0.00000000   -0.01075878  0.00000000
  0.01075878  0.00000000   -0.01075878  0.00000000    0.28023412  0.00000000
    1    2
 -0.20493899 -0.06051244   -0.03605569  0.03684026    0.03605569 -0.03684026
 -0.03605569  0.03684026   -0.20493899 -0.06051244   -0.03605569  0.03684026
  0.03605569 -0.03684026   -0.03605569  0.03684026   -0.20493899 -0.06051244
    2    1
 -0.20493899  0.06051244   -0.03605569 -0.03684026    0.03605569  0.03684026
 -0.03605569 -0.03684026   -0.20493899  0.06051244   -0.03605569 -0.03684026
  0.03605569  0.03684026   -0.03605569 -0.03684026   -0.20493899  0.06051244
    2    2
  0.28023412  0.00000000   -0.01075878  0.00000000    0.01075878  0.00000000
 -0.01075878  0.00000000    0.28023412  0.00000000   -0.01075878  0.00000000
  0.01075878  0.00000000   -0.01075878  0.00000000    0.28023412  0.00000000

     Dynamical  Matrix in cartesian axes

     q = (    0.250000000  -0.250000000  -0.250000000 ) 

    1    1
  0.28023412  0.00000000   -0.01075878  0.00000000   -0.01075878  0.00000000
 -0.01075878  0.00000000    0.28023412  0.00000000    0.01075878  0.00000000
 -0.01075878  0.00000000    0.01075878  0.00000000    0.28023412  0.00000000
    1    2
 -0.20493899 -0.06051244   -0.03605569  0.03684026   -0.03605569  0.03684026
 -0.03605569  0.03684026   -0.20493899 -0.06051244    0.03605569 -0.03684026
 -0.03605569  0.03684026    0.03605569 -0.03684026   -0.20493899 -0.06051244
    2    1
 -0.20493899  0.06051244   -0.03605569 -0.03684026   -0.03605569 -0.03684026
 -0.03605569 -0.03684026   -0.20493899  0.06051244    0.03605569  0.03684026
 -0.03605569 -0.03684026    0.03605569  0.03684026   -0.20493899  0.06051244
    2    2
  0.28023412  0.00000000   -0.01075878  0.00000000   -0.01075878  0.00000000
 -0.01075878  0.00000000    0.28023412  0.00000000    0.01075878  0.00000000
 -0.01075878  0.00000000    0.01075878  0.00000000    0.28023412  0.00000000

     Dynamical  Matrix in cartesian axes

     q = (    0.250000000  -0.250000000   0.250000000 ) 

    1    1
  0.28023412  0.00000000   -0.01075878  0.00000000    0.01075878  0.00000000
 -0.01075878  0.00000000    0.28023412  0.00000000   -0.01075878  0.00000000
  0.01075878  0.00000000   -0.01075878  0.00000000    0.28023412  0.00000000
    1    2
 -0.20493899  0.06051244   -0.03605569 -0.03684026    0.03605569  0.03684026
 -0.03605569 -0.03684026   -0.20493899  0.06051244   -0.03605569 -0.03684026
  0.03605569  0.03684026   -0.03605569 -0.03684026   -0.20493899  0.06051244
    2    1
 -0.20493899 -0.06051244   -0.03605569  0.03684026    0.03605569 -0.03684026
 -0.03605569  0.03684026   -0.20493899 -0.06051244   -0.03605569  0.03684026
  0.03605569 -0.03684026   -0.03605569  0.03684026   -0.20493899 -0.06051244
    2    2
  0.28023412  0.00000000   -0.01075878  0.00000000    0.01075878  0.00000000
 -0.01075878  0.00000000    0.28023412  0.00000000   -0.01075878  0.00000000
  0.01075878  0.00000000   -0.01075878  0.00000000    0.28023412  0.00000000

     Dynamical  Matrix in cartesian axes

     q = (    0.250000000   0.250000000   0.250000000 ) 

    1    1
  0.28023412  0.00000000    0.01075878  0.00000000    0.01075878  0.00000000
  0.01075878  0.00000000    0.28023412  0.00000000    0.01075878  0.00000000
  0.01075878  0.00000000    0.01075878  0.00000000    0.28023412  0.00000000
    1    2
 -0.06051244  0.20493899   -0.03684026 -0.03605569   -0.03684026 -0.03605569
 -0.03684026 -0.03605569   -0.06051244  0.20493899   -0.03684026 -0.03605569
 -0.03684026 -0.03605569   -0.03684026 -0.03605569   -0.06051244  0.20493899
    2    1
 -0.06051244 -0.20493899   -0.03684026  0.03605569   -0.03684026  0.03605569
 -0.03684026  0.03605569   -0.06051244 -0.20493899   -0.03684026  0.03605569
 -0.03684026  0.03605569   -0.03684026  0.03605569   -0.06051244 -0.20493899
    2    2
  0.28023412  0.00000000    0.01075878  0.00000000    0.01075878  0.00000000
  0.01075878  0.00000000    0.28023412  0.00000000    0.01075878  0.00000000
  0.01075878  0.00000000    0.01075878  0.00000000    0.28023412  0.00000000

     Dynamical  Matrix in cartesian axes

     q = (   -0.250000000  -0.250000000  -0.250000000 ) 

    1    1
  0.28023412  0.00000000    0.01075878  0.00000000    0.01075878  0.00000000
  0.01075878  0.00000000    0.28023412  0.00000000    0.01075878  0.00000000
  0.01075878  0.00000000    0.01075878  0.00000000    0.28023412  0.00000000
    1    2
 -0.06051244 -0.20493899   -0.03684026  0.03605569   -0.03684026  0.03605569
 -0.03684026  0.03605569   -0.06051244 -0.20493899   -0.03684026  0.03605569
 -0.03684026  0.03605569   -0.03684026  0.03605569   -0.06051244 -0.20493899
    2    1
 -0.06051244  0.20493899   -0.03684026 -0.03605569   -0.03684026 -0.03605569
 -0.03684026 -0.03605569   -0.06051244  0.20493899   -0.03684026 -0.03605569
 -0.03684026 -0.03605569   -0.03684026 -0.03605569   -0.06051244  0.20493899
    2    2
  0.28023412  0.00000000    0.01075878  0.00000000    0.01075878  0.00000000
  0.01075878  0.00000000    0.28023412  0.00000000    0.01075878  0.00000000
  0.01075878  0.00000000    0.01075878  0.00000000    0.28023412  0.00000000

     Dynamical  Matrix in cartesian axes

     q = (   -0.250000000  -0.250000000   0.250000000 ) 

    1    1
  0.28023412  0.00000000    0.01075878  0.00000000   -0.01075878  0.00000000
  0.01075878  0.00000000    0.28023412  0.00000000   -0.01075878  0.00000000
 -0.01075878  0.00000000   -0.01075878  0.00000000    0.28023412  0.00000000
    1    2
 -0.20493899 -0.06051244    0.03605569 -0.03684026   -0.03605569  0.03684026
  0.03605569 -0.03684026   -0.20493899 -0.06051244   -0.03605569  0.03684026
 -0.03605569  0.03684026   -0.03605569  0.03684026   -0.20493899 -0.06051244
    2    1
 -0.20493899  0.06051244    0.03605569  0.03684026   -0.03605569 -0.03684026
  0.03605569  0.03684026   -0.20493899  0.06051244   -0.03605569 -0.03684026
 -0.03605569 -0.03684026   -0.03605569 -0.03684026   -0.20493899  0.06051244
    2    2
  0.28023412  0.00000000    0.01075878  0.00000000   -0.01075878  0.00000000
  0.01075878  0.00000000    0.28023412  0.00000000   -0.01075878  0.00000000
 -0.01075878  0.00000000   -0.01075878  0.00000000    0.28023412  0.00000000

     Dynamical  Matrix in cartesian axes

     q = (   -0.250000000   0.250000000   0.250000000 ) 

    1    1
  0.28023412  0.00000000   -0.01075878  0.00000000   -0.01075878  0.00000000
 -0.01075878  0.00000000    0.28023412  0.00000000    0.01075878  0.00000000
 -0.01075878  0.00000000    0.01075878  0.00000000    0.28023412  0.00000000
    1    2
 -0.20493899  0.06051244   -0.03605569 -0.03684026   -0.03605569 -0.03684026
 -0.03605569 -0.03684026   -0.20493899  0.06051244    0.03605569  0.03684026
 -0.03605569 -0.03684026    0.03605569  0.03684026   -0.20493899  0.06051244
    2    1
 -0.20493899 -0.06051244   -0.03605569  0.03684026   -0.03605569  0.03684026
 -0.03605569  0.03684026   -0.20493899 -0.06051244    0.03605569 -0.03684026
 -0.03605569  0.03684026    0.03605569 -0.03684026   -0.20493899 -0.06051244
    2    2
  0.28023412  0.00000000   -0.01075878  0.00000000   -0.01075878  0.00000000
 -0.01075878  0.00000000    0.28023412  0.00000000    0.01075878  0.00000000
 -0.01075878  0.00000000    0.01075878  0.00000000    0.28023412  0.00000000

     Dynamical  Matrix in cartesian axes

     q = (    0.250000000   0.250000000  -0.250000000 ) 

    1    1
  0.28023412  0.00000000    0.01075878  0.00000000   -0.01075878  0.00000000
  0.01075878  0.00000000    0.28023412  0.00000000   -0.01075878  0.00000000
 -0.01075878  0.00000000   -0.01075878  0.00000000    0.28023412  0.00000000
    1    2
 -0.20493899  0.06051244    0.03605569  0.03684026   -0.03605569 -0.03684026
  0.03605569  0.03684026   -0.20493899  0.06051244   -0.03605569 -0.03684026
 -0.03605569 -0.03684026   -0.03605569 -0.03684026   -0.20493899  0.06051244
    2    1
 -0.20493899 -0.06051244    0.03605569 -0.03684026   -0.03605569  0.03684026
  0.03605569 -0.03684026   -0.20493899 -0.06051244   -0.03605569  0.03684026
 -0.03605569  0.03684026   -0.03605569  0.03684026   -0.20493899 -0.06051244
    2    2
  0.28023412  0.00000000    0.01075878  0.00000000   -0.01075878  0.00000000
  0.01075878  0.00000000    0.28023412  0.00000000   -0.01075878  0.00000000
 -0.01075878  0.00000000   -0.01075878  0.00000000    0.28023412  0.00000000

     Diagonalizing the dynamical matrix

     q = (   -0.250000000   0.250000000  -0.250000000 ) 

 **************************************************************************
     freq (    1) =       3.398693 [THz] =     113.368193 [cm-1]
 (  0.442880  0.035725 -0.095904 -0.017198 -0.538783 -0.052923 ) 
 (  0.444251 -0.007740 -0.097125 -0.007740 -0.541376  0.000000 ) 
     freq (    2) =       3.398693 [THz] =     113.368193 [cm-1]
 ( -0.368353 -0.015193 -0.568004 -0.034804 -0.199651 -0.019611 ) 
 ( -0.368074  0.020888 -0.568686  0.020888 -0.200612  0.000000 ) 
     freq (    3) =       6.910086 [THz] =     230.495651 [cm-1]
 ( -0.287195 -0.290147  0.287195  0.290147 -0.287195 -0.290147 ) 
 ( -0.408248 -0.000000  0.408248 -0.000000 -0.408248  0.000000 ) 
     freq (    4) =      14.401703 [THz] =     480.389097 [cm-1]
 ( -0.287195 -0.290147  0.287195  0.290147 -0.287195 -0.290147 ) 
 (  0.408248  0.000000 -0.408248 -0.000000  0.408248  0.000000 ) 
     freq (    5) =      14.707640 [THz] =     490.594048 [cm-1]
 ( -0.343762 -0.067870 -0.565345 -0.089635 -0.221582 -0.021765 ) 
 (  0.348750  0.033940  0.571399  0.033940  0.222649  0.000000 ) 
     freq (    6) =      14.707640 [THz] =     490.594048 [cm-1]
 (  0.455060  0.058953 -0.075081  0.006879 -0.530141 -0.052074 ) 
 ( -0.458643 -0.014186  0.074049 -0.014186  0.532692  0.000000 ) 
 **************************************************************************
