Dynamical matrix file
                                                                           
  1    2  2 10.3490000  0.0000000  0.0000000  0.0000000  0.0000000  0.0000000
           1  'Si  '    25598.822984527003     
    1    1      0.0000000000      0.0000000000      0.0000000000
    2    1      0.2500000000      0.2500000000      0.2500000000

     Dynamical  Matrix in cartesian axes

     q = (    0.750000000  -0.250000000   0.750000000 ) 

    1    1
  0.24277377  0.00000000   -0.00469366  0.00739371    0.00141405  0.00000000
 -0.00469366 -0.00739371    0.29842008  0.00000000   -0.00469366 -0.00739371
  0.00141405  0.00000000   -0.00469366  0.00739371    0.24277377  0.00000000
    1    2
 -0.05769746  0.06741704   -0.03581799  0.03988805   -0.04066907 -0.12942756
 -0.03581799  0.03988805   -0.05626774  0.08657288   -0.03581799  0.03988805
 -0.04066907 -0.12942756   -0.03581799  0.03988805   -0.05769746  0.06741704
    2    1
 -0.05769746 -0.06741704   -0.03581799 -0.03988805   -0.04066907  0.12942756
 -0.03581799 -0.03988805   -0.05626774 -0.08657288   -0.03581799 -0.03988805
 -0.04066907  0.12942756   -0.03581799 -0.03988805   -0.05769746 -0.06741704
    2    2
  0.24277377  0.00000000   -0.00469366 -0.00739371    0.00141405  0.00000000
 -0.00469366  0.00739371    0.29842008  0.00000000   -0.00469366  0.00739371
  0.00141405  0.00000000   -0.00469366 -0.00739371    0.24277377  0.00000000

     Dynamical  Matrix in cartesian axes

     q = (    0.750000000  -0.250000000  -0.750000000 ) 

    1    1
  0.24277377  0.00000000   -0.00469366 -0.00739371   -0.00141405  0.00000000
 -0.00469366  0.00739371    0.29842008  0.00000000    0.00469366 -0.00739371
 -0.00141405  0.00000000    0.00469366  0.00739371    0.24277377  0.00000000
    1    2
 -0.06741704  0.05769746   -0.03988805  0.03581799   -0.12942756 -0.04066907
 -0.03988805  0.03581799   -0.08657288  0.05626774    0.03988805 -0.03581799
 -0.12942756 -0.04066907    0.03988805 -0.03581799   -0.06741704  0.05769746
    2    1
 -0.06741704 -0.05769746   -0.03988805 -0.03581799   -0.12942756  0.04066907
 -0.03988805 -0.03581799   -0.08657288 -0.05626774    0.03988805  0.03581799
 -0.12942756  0.04066907    0.03988805  0.03581799   -0.06741704 -0.05769746
    2    2
  0.24277377  0.00000000   -0.00469366  0.00739371   -0.00141405  0.00000000
 -0.00469366 -0.00739371    0.29842008  0.00000000    0.00469366  0.00739371
 -0.00141405  0.00000000    0.00469366 -0.00739371    0.24277377  0.00000000

     Dynamical  Matrix in cartesian axes

     q = (   -0.750000000  -0.250000000  -0.750000000 ) 

    1    1
  0.24277377  0.00000000    0.00469366 -0.00739371    0.00141405  0.00000000
  0.00469366  0.00739371    0.29842008  0.00000000    0.00469366  0.00739371
  0.00141405  0.00000000    0.00469366 -0.00739371    0.24277377  0.00000000
    1    2
  0.06741704  0.05769746   -0.03988805 -0.03581799   -0.12942756  0.04066907
 -0.03988805 -0.03581799    0.08657288  0.05626774   -0.03988805 -0.03581799
 -0.12942756  0.04066907   -0.03988805 -0.03581799    0.06741704  0.05769746
    2    1
  0.06741704 -0.05769746   -0.03988805  0.03581799   -0.12942756 -0.04066907
 -0.03988805  0.03581799    0.08657288 -0.05626774   -0.03988805  0.03581799
 -0.12942756 -0.04066907   -0.03988805  0.03581799    0.06741704 -0.05769746
    2    2
  0.24277377  0.00000000    0.00469366  0.00739371    0.00141405  0.00000000
  0.00469366 -0.00739371    0.29842008  0.00000000    0.00469366 -0.00739371
  0.00141405  0.00000000    0.00469366  0.00739371    0.24277377  0.00000000

     Dynamical  Matrix in cartesian axes

     q = (   -0.750000000  -0.250000000   0.750000000 ) 

    1    1
  0.24277377  0.00000000    0.00469366  0.00739371   -0.00141405  0.00000000
  0.00469366 -0.00739371    0.29842008  0.00000000   -0.00469366  0.00739371
 -0.00141405  0.00000000   -0.00469366 -0.00739371    0.24277377  0.00000000
    1    2
 -0.06741704  0.05769746    0.03988805 -0.03581799   -0.12942756 -0.04066907
  0.03988805 -0.03581799   -0.08657288  0.05626774   -0.03988805  0.03581799
 -0.12942756 -0.04066907   -0.03988805  0.03581799   -0.06741704  0.05769746
    2    1
 -0.06741704 -0.05769746    0.03988805  0.03581799   -0.12942756  0.04066907
  0.03988805  0.03581799   -0.08657288 -0.05626774   -0.03988805 -0.03581799
 -0.12942756  0.04066907   -0.03988805 -0.03581799   -0.06741704 -0.05769746
    2    2
  0.24277377  0.00000000    0.00469366 -0.00739371   -0.00141405  0.00000000
  0.00469366  0.00739371    0.29842008  0.00000000   -0.00469366 -0.00739371
 -0.00141405  0.00000000   -0.00469366  0.00739371    0.24277377  0.00000000

     Dynamical  Matrix in cartesian axes

     q = (   -0.750000000   0.250000000  -0.750000000 ) 

    1    1
  0.24277377  0.00000000   -0.00469366 -0.00739371    0.00141405  0.00000000
 -0.00469366  0.00739371    0.29842008  0.00000000   -0.00469366  0.00739371
  0.00141405  0.00000000   -0.00469366 -0.00739371    0.24277377  0.00000000
    1    2
 -0.05769746 -0.06741704   -0.03581799 -0.03988805   -0.04066907  0.12942756
 -0.03581799 -0.03988805   -0.05626774 -0.08657288   -0.03581799 -0.03988805
 -0.04066907  0.12942756   -0.03581799 -0.03988805   -0.05769746 -0.06741704
    2    1
 -0.05769746  0.06741704   -0.03581799  0.03988805   -0.04066907 -0.12942756
 -0.03581799  0.03988805   -0.05626774  0.08657288   -0.03581799  0.03988805
 -0.04066907 -0.12942756   -0.03581799  0.03988805   -0.05769746  0.06741704
    2    2
  0.24277377  0.00000000   -0.00469366  0.00739371    0.00141405  0.00000000
 -0.00469366 -0.00739371    0.29842008  0.00000000   -0.00469366 -0.00739371
  0.00141405  0.00000000   -0.00469366  0.00739371    0.24277377  0.00000000

     Dynamical  Matrix in cartesian axes

     q = (   -0.250000000   0.750000000  -0.750000000 ) 

    1    1
  0.29842008  0.00000000   -0.00469366  0.00739371    0.00469366 -0.00739371
 -0.00469366 -0.00739371    0.24277377  0.00000000   -0.00141405  0.00000000
  0.00469366  0.00739371   -0.00141405  0.00000000    0.24277377  0.00000000
    1    2
 -0.08657288  0.05626774   -0.03988805  0.03581799    0.03988805 -0.03581799
 -0.03988805  0.03581799   -0.06741704  0.05769746   -0.12942756 -0.04066907
  0.03988805 -0.03581799   -0.12942756 -0.04066907   -0.06741704  0.05769746
    2    1
 -0.08657288 -0.05626774   -0.03988805 -0.03581799    0.03988805  0.03581799
 -0.03988805 -0.03581799   -0.06741704 -0.05769746   -0.12942756  0.04066907
  0.03988805  0.03581799   -0.12942756  0.04066907   -0.06741704 -0.05769746
    2    2
  0.29842008  0.00000000   -0.00469366 -0.00739371    0.00469366  0.00739371
 -0.00469366  0.00739371    0.24277377  0.00000000   -0.00141405  0.00000000
  0.00469366 -0.00739371   -0.00141405  0.00000000    0.24277377  0.00000000

     Dynamical  Matrix in cartesian axes

     q = (   -0.750000000   0.750000000  -0.250000000 ) 

    1    1
  0.24277377  0.00000000   -0.00141405  0.00000000    0.00469366  0.00739371
 -0.00141405  0.00000000    0.24277377  0.00000000   -0.00469366 -0.00739371
  0.00469366 -0.00739371   -0.00469366  0.00739371    0.29842008  0.00000000
    1    2
 -0.06741704  0.05769746   -0.12942756 -0.04066907    0.03988805 -0.03581799
 -0.12942756 -0.04066907   -0.06741704  0.05769746   -0.03988805  0.03581799
  0.03988805 -0.03581799   -0.03988805  0.03581799   -0.08657288  0.05626774
    2    1
 -0.06741704 -0.05769746   -0.12942756  0.04066907    0.03988805  0.03581799
 -0.12942756  0.04066907   -0.06741704 -0.05769746   -0.03988805 -0.03581799
  0.03988805  0.03581799   -0.03988805 -0.03581799   -0.08657288 -0.05626774
    2    2
  0.24277377  0.00000000   -0.00141405  0.00000000    0.00469366 -0.00739371
 -0.00141405  0.00000000    0.24277377  0.00000000   -0.00469366  0.00739371
  0.00469366  0.00739371   -0.00469366 -0.00739371    0.29842008  0.00000000

     Dynamical  Matrix in cartesian axes

     q = (    0.750000000   0.250000000   0.750000000 ) 

    1    1
  0.24277377  0.00000000    0.00469366  0.00739371    0.00141405  0.00000000
  0.00469366 -0.00739371    0.29842008  0.00000000    0.00469366 -0.00739371
  0.00141405  0.00000000    0.00469366  0.00739371    0.24277377  0.00000000
    1    2
  0.06741704 -0.05769746   -0.03988805  0.03581799   -0.12942756 -0.04066907
 -0.03988805  0.03581799    0.08657288 -0.05626774   -0.03988805  0.03581799
 -0.12942756 -0.04066907   -0.03988805  0.03581799    0.06741704 -0.05769746
    2    1
  0.06741704  0.05769746   -0.03988805 -0.03581799   -0.12942756  0.04066907
 -0.03988805 -0.03581799    0.08657288  0.05626774   -0.03988805 -0.03581799
 -0.12942756  0.04066907   -0.03988805 -0.03581799    0.06741704  0.05769746
    2    2
  0.24277377  0.00000000    0.00469366 -0.00739371    0.00141405  0.00000000
  0.00469366  0.00739371    0.29842008  0.00000000    0.00469366  0.00739371
  0.00141405  0.00000000    0.00469366 -0.00739371    0.24277377  0.00000000

     Dynamical  Matrix in cartesian axes

     q = (   -0.750000000   0.250000000   0.750000000 ) 

    1    1
  0.24277377  0.00000000   -0.00469366  0.00739371   -0.00141405  0.00000000
 -0.00469366 -0.00739371    0.29842008  0.00000000    0.00469366  0.00739371
 -0.00141405  0.00000000    0.00469366 -0.00739371    0.24277377  0.00000000
    1    2
 -0.06741704 -0.05769746   -0.03988805 -0.03581799   -0.12942756  0.04066907
 -0.03988805 -0.03581799   -0.08657288 -0.05626774    0.03988805  0.03581799
 -0.12942756  0.04066907    0.03988805  0.03581799   -0.06741704 -0.05769746
    2    1
 -0.06741704  0.05769746   -0.03988805  0.03581799   -0.12942756 -0.04066907
 -0.03988805  0.03581799   -0.08657288  0.05626774    0.03988805 -0.03581799
 -0.12942756 -0.04066907    0.03988805 -0.03581799   -0.06741704  0.05769746
    2    2
  0.24277377  0.00000000   -0.00469366 -0.00739371   -0.00141405  0.00000000
 -0.00469366  0.00739371    0.29842008  0.00000000    0.00469366 -0.00739371
 -0.00141405  0.00000000    0.00469366  0.00739371    0.24277377  0.00000000

     Dynamical  Matrix in cartesian axes

     q = (    0.750000000   0.250000000  -0.750000000 ) 

    1    1
  0.24277377  0.00000000    0.00469366 -0.00739371   -0.00141405  0.00000000
  0.00469366  0.00739371    0.29842008  0.00000000   -0.00469366 -0.00739371
 -0.00141405  0.00000000   -0.00469366  0.00739371    0.24277377  0.00000000
    1    2
 -0.06741704 -0.05769746    0.03988805  0.03581799   -0.12942756  0.04066907
  0.03988805  0.03581799   -0.08657288 -0.05626774   -0.03988805 -0.03581799
 -0.12942756  0.04066907   -0.03988805 -0.03581799   -0.06741704 -0.05769746
    2    1
 -0.06741704  0.05769746    0.03988805 -0.03581799   -0.12942756 -0.04066907
  0.03988805 -0.03581799   -0.08657288  0.05626774   -0.03988805  0.03581799
 -0.12942756 -0.04066907   -0.03988805  0.03581799   -0.06741704  0.05769746
    2    2
  0.24277377  0.00000000    0.00469366  0.00739371   -0.00141405  0.00000000
  0.00469366 -0.00739371    0.29842008  0.00000000   -0.00469366  0.00739371
 -0.00141405  0.00000000   -0.00469366 -0.00739371    0.24277377  0.00000000

     Dynamical  Matrix in cartesian axes

     q = (   -0.750000000   0.750000000   0.250000000 ) 

    1    1
  0.24277377  0.00000000   -0.00141405  0.00000000   -0.00469366  0.00739371
 -0.00141405  0.00000000    0.24277377  0.00000000    0.00469366 -0.00739371
 -0.00469366 -0.00739371    0.00469366  0.00739371    0.29842008  0.00000000
    1    2
 -0.06741704 -0.05769746   -0.12942756  0.04066907   -0.03988805 -0.03581799
 -0.12942756  0.04066907   -0.06741704 -0.05769746    0.03988805  0.03581799
 -0.03988805 -0.03581799    0.03988805  0.03581799   -0.08657288 -0.05626774
    2    1
 -0.06741704  0.05769746   -0.12942756 -0.04066907   -0.03988805  0.03581799
 -0.12942756 -0.04066907   -0.06741704  0.05769746    0.03988805 -0.03581799
 -0.03988805  0.03581799    0.03988805 -0.03581799   -0.08657288  0.05626774
    2    2
  0.24277377  0.00000000   -0.00141405  0.00000000   -0.00469366 -0.00739371
 -0.00141405  0.00000000    0.24277377  0.00000000    0.00469366  0.00739371
 -0.00469366  0.00739371    0.00469366 -0.00739371    0.29842008  0.00000000

     Dynamical  Matrix in cartesian axes

     q = (   -0.250000000   0.750000000   0.750000000 ) 

    1    1
  0.29842008  0.00000000   -0.00469366 -0.00739371   -0.00469366 -0.00739371
 -0.00469366  0.00739371    0.24277377  0.00000000    0.00141405  0.00000000
 -0.00469366  0.00739371    0.00141405  0.00000000    0.24277377  0.00000000
    1    2
 -0.05626774  0.08657288   -0.03581799  0.03988805   -0.03581799  0.03988805
 -0.03581799  0.03988805   -0.05769746  0.06741704   -0.04066907 -0.12942756
 -0.03581799  0.03988805   -0.04066907 -0.12942756   -0.05769746  0.06741704
    2    1
 -0.05626774 -0.08657288   -0.03581799 -0.03988805   -0.03581799 -0.03988805
 -0.03581799 -0.03988805   -0.05769746 -0.06741704   -0.04066907  0.12942756
 -0.03581799 -0.03988805   -0.04066907  0.12942756   -0.05769746 -0.06741704
    2    2
  0.29842008  0.00000000   -0.00469366  0.00739371   -0.00469366  0.00739371
 -0.00469366 -0.00739371    0.24277377  0.00000000    0.00141405  0.00000000
 -0.00469366 -0.00739371    0.00141405  0.00000000    0.24277377  0.00000000

     Dynamical  Matrix in cartesian axes

     q = (    0.250000000   0.750000000  -0.750000000 ) 

    1    1
  0.29842008  0.00000000    0.00469366  0.00739371   -0.00469366 -0.00739371
  0.00469366 -0.00739371    0.24277377  0.00000000   -0.00141405  0.00000000
 -0.00469366  0.00739371   -0.00141405  0.00000000    0.24277377  0.00000000
    1    2
 -0.08657288 -0.05626774    0.03988805  0.03581799   -0.03988805 -0.03581799
  0.03988805  0.03581799   -0.06741704 -0.05769746   -0.12942756  0.04066907
 -0.03988805 -0.03581799   -0.12942756  0.04066907   -0.06741704 -0.05769746
    2    1
 -0.08657288  0.05626774    0.03988805 -0.03581799   -0.03988805  0.03581799
  0.03988805 -0.03581799   -0.06741704  0.05769746   -0.12942756 -0.04066907
 -0.03988805  0.03581799   -0.12942756 -0.04066907   -0.06741704  0.05769746
    2    2
  0.29842008  0.00000000    0.00469366 -0.00739371   -0.00469366  0.00739371
  0.00469366  0.00739371    0.24277377  0.00000000   -0.00141405  0.00000000
 -0.00469366 -0.00739371   -0.00141405  0.00000000    0.24277377  0.00000000

     Dynamical  Matrix in cartesian axes

     q = (   -0.250000000  -0.750000000  -0.750000000 ) 

    1    1
  0.29842008  0.00000000    0.00469366  0.00739371    0.00469366  0.00739371
  0.00469366 -0.00739371    0.24277377  0.00000000    0.00141405  0.00000000
  0.00469366 -0.00739371    0.00141405  0.00000000    0.24277377  0.00000000
    1    2
  0.08657288  0.05626774   -0.03988805 -0.03581799   -0.03988805 -0.03581799
 -0.03988805 -0.03581799    0.06741704  0.05769746   -0.12942756  0.04066907
 -0.03988805 -0.03581799   -0.12942756  0.04066907    0.06741704  0.05769746
    2    1
  0.08657288 -0.05626774   -0.03988805  0.03581799   -0.03988805  0.03581799
 -0.03988805  0.03581799    0.06741704 -0.05769746   -0.12942756 -0.04066907
 -0.03988805  0.03581799   -0.12942756 -0.04066907    0.06741704 -0.05769746
    2    2
  0.29842008  0.00000000    0.00469366 -0.00739371    0.00469366 -0.00739371
  0.00469366  0.00739371    0.24277377  0.00000000    0.00141405  0.00000000
  0.00469366  0.00739371    0.00141405  0.00000000    0.24277377  0.00000000

     Dynamical  Matrix in cartesian axes

     q = (    0.750000000   0.750000000  -0.250000000 ) 

    1    1
  0.24277377  0.00000000    0.00141405  0.00000000   -0.00469366  0.00739371
  0.00141405  0.00000000    0.24277377  0.00000000   -0.00469366  0.00739371
 -0.00469366 -0.00739371   -0.00469366 -0.00739371    0.29842008  0.00000000
    1    2
 -0.05769746  0.06741704   -0.04066907 -0.12942756   -0.03581799  0.03988805
 -0.04066907 -0.12942756   -0.05769746  0.06741704   -0.03581799  0.03988805
 -0.03581799  0.03988805   -0.03581799  0.03988805   -0.05626774  0.08657288
    2    1
 -0.05769746 -0.06741704   -0.04066907  0.12942756   -0.03581799 -0.03988805
 -0.04066907  0.12942756   -0.05769746 -0.06741704   -0.03581799 -0.03988805
 -0.03581799 -0.03988805   -0.03581799 -0.03988805   -0.05626774 -0.08657288
    2    2
  0.24277377  0.00000000    0.00141405  0.00000000   -0.00469366 -0.00739371
  0.00141405  0.00000000    0.24277377  0.00000000   -0.00469366 -0.00739371
 -0.00469366  0.00739371   -0.00469366  0.00739371    0.29842008  0.00000000

     Dynamical  Matrix in cartesian axes

     q = (    0.750000000  -0.750000000   0.250000000 ) 

    1    1
  0.24277377  0.00000000   -0.00141405  0.00000000    0.00469366 -0.00739371
 -0.00141405  0.00000000    0.24277377  0.00000000   -0.00469366  0.00739371
  0.00469366  0.00739371   -0.00469366 -0.00739371    0.29842008  0.00000000
    1    2
 -0.06741704 -0.05769746   -0.12942756  0.04066907    0.03988805  0.03581799
 -0.12942756  0.04066907   -0.06741704 -0.05769746   -0.03988805 -0.03581799
  0.03988805  0.03581799   -0.03988805 -0.03581799   -0.08657288 -0.05626774
    2    1
 -0.06741704  0.05769746   -0.12942756 -0.04066907    0.03988805 -0.03581799
 -0.12942756 -0.04066907   -0.06741704  0.05769746   -0.03988805  0.03581799
  0.03988805 -0.03581799   -0.03988805  0.03581799   -0.08657288  0.05626774
    2    2
  0.24277377  0.00000000   -0.00141405  0.00000000    0.00469366  0.00739371
 -0.00141405  0.00000000    0.24277377  0.00000000   -0.00469366 -0.00739371
  0.00469366 -0.00739371   -0.00469366  0.00739371    0.29842008  0.00000000

     Dynamical  Matrix in cartesian axes

     q = (   -0.750000000  -0.750000000  -0.250000000 ) 

    1    1
  0.24277377  0.00000000    0.00141405  0.00000000    0.00469366 -0.00739371
  0.00141405  0.00000000    0.24277377  0.00000000    0.00469366 -0.00739371
  0.00469366  0.00739371    0.00469366  0.00739371    0.29842008  0.00000000
    1    2
  0.06741704  0.05769746   -0.12942756  0.04066907   -0.03988805 -0.03581799
 -0.12942756  0.04066907    0.06741704  0.05769746   -0.03988805 -0.03581799
 -0.03988805 -0.03581799   -0.03988805 -0.03581799    0.08657288  0.05626774
    2    1
  0.06741704 -0.05769746   -0.12942756 -0.04066907   -0.03988805  0.03581799
 -0.12942756 -0.04066907    0.06741704 -0.05769746   -0.03988805  0.03581799
 -0.03988805  0.03581799   -0.03988805  0.03581799    0.08657288 -0.05626774
    2    2
  0.24277377  0.00000000    0.00141405  0.00000000    0.00469366  0.00739371
  0.00141405  0.00000000    0.24277377  0.00000000    0.00469366  0.00739371
  0.00469366 -0.00739371    0.00469366 -0.00739371    0.29842008  0.00000000

     Dynamical  Matrix in cartesian axes

     q = (    0.250000000  -0.750000000   0.750000000 ) 

    1    1
  0.29842008  0.00000000   -0.00469366 -0.00739371    0.00469366  0.00739371
 -0.00469366  0.00739371    0.24277377  0.00000000   -0.00141405  0.00000000
  0.00469366 -0.00739371   -0.00141405  0.00000000    0.24277377  0.00000000
    1    2
 -0.08657288 -0.05626774   -0.03988805 -0.03581799    0.03988805  0.03581799
 -0.03988805 -0.03581799   -0.06741704 -0.05769746   -0.12942756  0.04066907
  0.03988805  0.03581799   -0.12942756  0.04066907   -0.06741704 -0.05769746
    2    1
 -0.08657288  0.05626774   -0.03988805  0.03581799    0.03988805 -0.03581799
 -0.03988805  0.03581799   -0.06741704  0.05769746   -0.12942756 -0.04066907
  0.03988805 -0.03581799   -0.12942756 -0.04066907   -0.06741704  0.05769746
    2    2
  0.29842008  0.00000000   -0.00469366  0.00739371    0.00469366 -0.00739371
 -0.00469366 -0.00739371    0.24277377  0.00000000   -0.00141405  0.00000000
  0.00469366  0.00739371   -0.00141405  0.00000000    0.24277377  0.00000000

     Dynamical  Matrix in cartesian axes

     q = (   -0.750000000  -0.750000000   0.250000000 ) 

    1    1
  0.24277377  0.00000000    0.00141405  0.00000000   -0.00469366 -0.00739371
  0.00141405  0.00000000    0.24277377  0.00000000   -0.00469366 -0.00739371
 -0.00469366  0.00739371   -0.00469366  0.00739371    0.29842008  0.00000000
    1    2
 -0.05769746 -0.06741704   -0.04066907  0.12942756   -0.03581799 -0.03988805
 -0.04066907  0.12942756   -0.05769746 -0.06741704   -0.03581799 -0.03988805
 -0.03581799 -0.03988805   -0.03581799 -0.03988805   -0.05626774 -0.08657288
    2    1
 -0.05769746  0.06741704   -0.04066907 -0.12942756   -0.03581799  0.03988805
 -0.04066907 -0.12942756   -0.05769746  0.06741704   -0.03581799  0.03988805
 -0.03581799  0.03988805   -0.03581799  0.03988805   -0.05626774  0.08657288
    2    2
  0.24277377  0.00000000    0.00141405  0.00000000   -0.00469366  0.00739371
  0.00141405  0.00000000    0.24277377  0.00000000   -0.00469366  0.00739371
 -0.00469366 -0.00739371   -0.00469366 -0.00739371    0.29842008  0.00000000

     Dynamical  Matrix in cartesian axes

     q = (    0.250000000   0.750000000   0.750000000 ) 

    1    1
  0.29842008  0.00000000    0.00469366 -0.00739371    0.00469366 -0.00739371
  0.00469366  0.00739371    0.24277377  0.00000000    0.00141405  0.00000000
  0.00469366  0.00739371    0.00141405  0.00000000    0.24277377  0.00000000
    1    2
  0.08657288 -0.05626774   -0.03988805  0.03581799   -0.03988805  0.03581799
 -0.03988805  0.03581799    0.06741704 -0.05769746   -0.12942756 -0.04066907
 -0.03988805  0.03581799   -0.12942756 -0.04066907    0.06741704 -0.05769746
    2    1
  0.08657288  0.05626774   -0.03988805 -0.03581799   -0.03988805 -0.03581799
 -0.03988805 -0.03581799    0.06741704  0.05769746   -0.12942756  0.04066907
 -0.03988805 -0.03581799   -0.12942756  0.04066907    0.06741704  0.05769746
    2    2
  0.29842008  0.00000000    0.00469366  0.00739371    0.00469366  0.00739371
  0.00469366 -0.00739371    0.24277377  0.00000000    0.00141405  0.00000000
  0.00469366 -0.00739371    0.00141405  0.00000000    0.24277377  0.00000000

     Dynamical  Matrix in cartesian axes

     q = (   -0.250000000  -0.750000000   0.750000000 ) 

    1    1
  0.29842008  0.00000000    0.00469366 -0.00739371   -0.00469366  0.00739371
  0.00469366  0.00739371    0.24277377  0.00000000   -0.00141405  0.00000000
 -0.00469366 -0.00739371   -0.00141405  0.00000000    0.24277377  0.00000000
    1    2
 -0.08657288  0.05626774    0.03988805 -0.03581799   -0.03988805  0.03581799
  0.03988805 -0.03581799   -0.06741704  0.05769746   -0.12942756 -0.04066907
 -0.03988805  0.03581799   -0.12942756 -0.04066907   -0.06741704  0.05769746
    2    1
 -0.08657288 -0.05626774    0.03988805  0.03581799   -0.03988805 -0.03581799
  0.03988805  0.03581799   -0.06741704 -0.05769746   -0.12942756  0.04066907
 -0.03988805 -0.03581799   -0.12942756  0.04066907   -0.06741704 -0.05769746
    2    2
  0.29842008  0.00000000    0.00469366  0.00739371   -0.00469366 -0.00739371
  0.00469366 -0.00739371    0.24277377  0.00000000   -0.00141405  0.00000000
 -0.00469366  0.00739371   -0.00141405  0.00000000    0.24277377  0.00000000

     Dynamical  Matrix in cartesian axes

     q = (    0.750000000   0.750000000   0.250000000 ) 

    1    1
  0.24277377  0.00000000    0.00141405  0.00000000    0.00469366  0.00739371
  0.00141405  0.00000000    0.24277377  0.00000000    0.00469366  0.00739371
  0.00469366 -0.00739371    0.00469366 -0.00739371    0.29842008  0.00000000
    1    2
  0.06741704 -0.05769746   -0.12942756 -0.04066907   -0.03988805  0.03581799
 -0.12942756 -0.04066907    0.06741704 -0.05769746   -0.03988805  0.03581799
 -0.03988805  0.03581799   -0.03988805  0.03581799    0.08657288 -0.05626774
    2    1
  0.06741704  0.05769746   -0.12942756  0.04066907   -0.03988805 -0.03581799
 -0.12942756  0.04066907    0.06741704  0.05769746   -0.03988805 -0.03581799
 -0.03988805 -0.03581799   -0.03988805 -0.03581799    0.08657288  0.05626774
    2    2
  0.24277377  0.00000000    0.00141405  0.00000000    0.00469366 -0.00739371
  0.00141405  0.00000000    0.24277377  0.00000000    0.00469366 -0.00739371
  0.00469366  0.00739371    0.00469366  0.00739371    0.29842008  0.00000000

     Dynamical  Matrix in cartesian axes

     q = (    0.250000000  -0.750000000  -0.750000000 ) 

    1    1
  0.29842008  0.00000000   -0.00469366  0.00739371   -0.00469366  0.00739371
 -0.00469366 -0.00739371    0.24277377  0.00000000    0.00141405  0.00000000
 -0.00469366 -0.00739371    0.00141405  0.00000000    0.24277377  0.00000000
    1    2
 -0.05626774 -0.08657288   -0.03581799 -0.03988805   -0.03581799 -0.03988805
 -0.03581799 -0.03988805   -0.05769746 -0.06741704   -0.04066907  0.12942756
 -0.03581799 -0.03988805   -0.04066907  0.12942756   -0.05769746 -0.06741704
    2    1
 -0.05626774  0.08657288   -0.03581799  0.03988805   -0.03581799  0.03988805
 -0.03581799  0.03988805   -0.05769746  0.06741704   -0.04066907 -0.12942756
 -0.03581799  0.03988805   -0.04066907 -0.12942756   -0.05769746  0.06741704
    2    2
  0.29842008  0.00000000   -0.00469366 -0.00739371   -0.00469366 -0.00739371
 -0.00469366  0.00739371    0.24277377  0.00000000    0.00141405  0.00000000
 -0.00469366  0.00739371    0.00141405  0.00000000    0.24277377  0.00000000

     Dynamical  Matrix in cartesian axes

     q = (    0.750000000  -0.750000000  -0.250000000 ) 

    1    1
  0.24277377  0.00000000   -0.00141405  0.00000000   -0.00469366 -0.00739371
 -0.00141405  0.00000000    0.24277377  0.00000000    0.00469366  0.00739371
 -0.00469366  0.00739371    0.00469366 -0.00739371    0.29842008  0.00000000
    1    2
 -0.06741704  0.05769746   -0.12942756 -0.04066907   -0.03988805  0.03581799
 -0.12942756 -0.04066907   -0.06741704  0.05769746    0.03988805 -0.03581799
 -0.03988805  0.03581799    0.03988805 -0.03581799   -0.08657288  0.05626774
    2    1
 -0.06741704 -0.05769746   -0.12942756  0.04066907   -0.03988805 -0.03581799
 -0.12942756  0.04066907   -0.06741704 -0.05769746    0.03988805  0.03581799
 -0.03988805 -0.03581799    0.03988805  0.03581799   -0.08657288 -0.05626774
    2    2
  0.24277377  0.00000000   -0.00141405  0.00000000   -0.00469366  0.00739371
 -0.00141405  0.00000000    0.24277377  0.00000000    0.00469366 -0.00739371
 -0.00469366 -0.00739371    0.00469366  0.00739371    0.29842008  0.00000000

     Diagonalizing the dynamical matrix

     q = (    0.750000000  -0.250000000   0.750000000 ) 

 **************************************************************************
     freq (    1) =       4.302320 [THz] =     143.509943 [cm-1]
 ( -0.043092  0.498140  0.000000 -0.000000  0.043092 -0.498140 ) 
 ( -0.500000 -0.000000  0.000000  0.000000  0.500000  0.000000 ) 
     freq (    2) =       6.139204 [THz] =     204.781787 [cm-1]
 ( -0.400531 -0.144648 -0.332927  0.162678 -0.400531 -0.144648 ) 
 ( -0.425850 -0.000000 -0.257876 -0.266091 -0.425850  0.000000 ) 
     freq (    3) =       9.341000 [THz] =     311.582218 [cm-1]
 ( -0.079375  0.295555 -0.436351 -0.349702 -0.079375  0.295555 ) 
 (  0.306028  0.000000 -0.224557 -0.512121  0.306028  0.000000 ) 
     freq (    4) =      11.914314 [THz] =     397.418734 [cm-1]
 ( -0.163951 -0.323376  0.400325  0.277194 -0.163951 -0.323376 ) 
 (  0.362563 -0.000000 -0.428261 -0.231709  0.362563  0.000000 ) 
     freq (    5) =      13.622831 [THz] =     454.408717 [cm-1]
 ( -0.043092  0.498140 -0.000000  0.000000  0.043092 -0.498140 ) 
 (  0.500000 -0.000000  0.000000  0.000000 -0.500000  0.000000 ) 
     freq (    6) =      13.853847 [THz] =     462.114597 [cm-1]
 (  0.283900  0.113787  0.501492 -0.247813  0.283900  0.113787 ) 
 ( -0.305855  0.000000 -0.373301 -0.416596 -0.305855  0.000000 ) 
 **************************************************************************
