Dynamical matrix file
                                                                           
  1    2  2 10.3760000  0.0000000  0.0000000  0.0000000  0.0000000  0.0000000
           1  'Si  '    25598.822984527003     
    1    1      0.0000000000      0.0000000000      0.0000000000
    2    1      0.2500000000      0.2500000000      0.2500000000

     Dynamical  Matrix in cartesian axes

     q = (    0.750000000  -0.250000000   0.750000000 ) 

    1    1
  0.23869414  0.00000000   -0.00610451  0.00753952    0.00560183  0.00000000
 -0.00610451 -0.00753952    0.28930888  0.00000000   -0.00610451 -0.00753952
  0.00560183  0.00000000   -0.00610451  0.00753952    0.23869414  0.00000000
    1    2
 -0.05872466  0.05979229   -0.03878340  0.04107514   -0.03910908 -0.12856420
 -0.03878340  0.04107514   -0.05718849  0.07822440   -0.03878340  0.04107514
 -0.03910908 -0.12856420   -0.03878340  0.04107514   -0.05872466  0.05979229
    2    1
 -0.05872466 -0.05979229   -0.03878340 -0.04107514   -0.03910908  0.12856420
 -0.03878340 -0.04107514   -0.05718849 -0.07822440   -0.03878340 -0.04107514
 -0.03910908  0.12856420   -0.03878340 -0.04107514   -0.05872466 -0.05979229
    2    2
  0.23869414  0.00000000   -0.00610451 -0.00753952    0.00560183  0.00000000
 -0.00610451  0.00753952    0.28930888  0.00000000   -0.00610451  0.00753952
  0.00560183  0.00000000   -0.00610451 -0.00753952    0.23869414  0.00000000

     Dynamical  Matrix in cartesian axes

     q = (    0.750000000  -0.250000000  -0.750000000 ) 

    1    1
  0.23869414  0.00000000   -0.00610451 -0.00753952   -0.00560183  0.00000000
 -0.00610451  0.00753952    0.28930888  0.00000000    0.00610451 -0.00753952
 -0.00560183  0.00000000    0.00610451  0.00753952    0.23869414  0.00000000
    1    2
 -0.05979229  0.05872466   -0.04107514  0.03878340   -0.12856420 -0.03910908
 -0.04107514  0.03878340   -0.07822440  0.05718849    0.04107514 -0.03878340
 -0.12856420 -0.03910908    0.04107514 -0.03878340   -0.05979229  0.05872466
    2    1
 -0.05979229 -0.05872466   -0.04107514 -0.03878340   -0.12856420  0.03910908
 -0.04107514 -0.03878340   -0.07822440 -0.05718849    0.04107514  0.03878340
 -0.12856420  0.03910908    0.04107514  0.03878340   -0.05979229 -0.05872466
    2    2
  0.23869414  0.00000000   -0.00610451  0.00753952   -0.00560183  0.00000000
 -0.00610451 -0.00753952    0.28930888  0.00000000    0.00610451  0.00753952
 -0.00560183  0.00000000    0.00610451 -0.00753952    0.23869414  0.00000000

     Dynamical  Matrix in cartesian axes

     q = (   -0.750000000  -0.250000000  -0.750000000 ) 

    1    1
  0.23869414  0.00000000    0.00610451 -0.00753952    0.00560183  0.00000000
  0.00610451  0.00753952    0.28930888  0.00000000    0.00610451  0.00753952
  0.00560183  0.00000000    0.00610451 -0.00753952    0.23869414  0.00000000
    1    2
  0.05979229  0.05872466   -0.04107514 -0.03878340   -0.12856420  0.03910908
 -0.04107514 -0.03878340    0.07822440  0.05718849   -0.04107514 -0.03878340
 -0.12856420  0.03910908   -0.04107514 -0.03878340    0.05979229  0.05872466
    2    1
  0.05979229 -0.05872466   -0.04107514  0.03878340   -0.12856420 -0.03910908
 -0.04107514  0.03878340    0.07822440 -0.05718849   -0.04107514  0.03878340
 -0.12856420 -0.03910908   -0.04107514  0.03878340    0.05979229 -0.05872466
    2    2
  0.23869414  0.00000000    0.00610451  0.00753952    0.00560183  0.00000000
  0.00610451 -0.00753952    0.28930888  0.00000000    0.00610451 -0.00753952
  0.00560183  0.00000000    0.00610451  0.00753952    0.23869414  0.00000000

     Dynamical  Matrix in cartesian axes

     q = (   -0.750000000  -0.250000000   0.750000000 ) 

    1    1
  0.23869414  0.00000000    0.00610451  0.00753952   -0.00560183  0.00000000
  0.00610451 -0.00753952    0.28930888  0.00000000   -0.00610451  0.00753952
 -0.00560183  0.00000000   -0.00610451 -0.00753952    0.23869414  0.00000000
    1    2
 -0.05979229  0.05872466    0.04107514 -0.03878340   -0.12856420 -0.03910908
  0.04107514 -0.03878340   -0.07822440  0.05718849   -0.04107514  0.03878340
 -0.12856420 -0.03910908   -0.04107514  0.03878340   -0.05979229  0.05872466
    2    1
 -0.05979229 -0.05872466    0.04107514  0.03878340   -0.12856420  0.03910908
  0.04107514  0.03878340   -0.07822440 -0.05718849   -0.04107514 -0.03878340
 -0.12856420  0.03910908   -0.04107514 -0.03878340   -0.05979229 -0.05872466
    2    2
  0.23869414  0.00000000    0.00610451 -0.00753952   -0.00560183  0.00000000
  0.00610451  0.00753952    0.28930888  0.00000000   -0.00610451 -0.00753952
 -0.00560183  0.00000000   -0.00610451  0.00753952    0.23869414  0.00000000

     Dynamical  Matrix in cartesian axes

     q = (   -0.750000000   0.250000000  -0.750000000 ) 

    1    1
  0.23869414  0.00000000   -0.00610451 -0.00753952    0.00560183  0.00000000
 -0.00610451  0.00753952    0.28930888  0.00000000   -0.00610451  0.00753952
  0.00560183  0.00000000   -0.00610451 -0.00753952    0.23869414  0.00000000
    1    2
 -0.05872466 -0.05979229   -0.03878340 -0.04107514   -0.03910908  0.12856420
 -0.03878340 -0.04107514   -0.05718849 -0.07822440   -0.03878340 -0.04107514
 -0.03910908  0.12856420   -0.03878340 -0.04107514   -0.05872466 -0.05979229
    2    1
 -0.05872466  0.05979229   -0.03878340  0.04107514   -0.03910908 -0.12856420
 -0.03878340  0.04107514   -0.05718849  0.07822440   -0.03878340  0.04107514
 -0.03910908 -0.12856420   -0.03878340  0.04107514   -0.05872466  0.05979229
    2    2
  0.23869414  0.00000000   -0.00610451  0.00753952    0.00560183  0.00000000
 -0.00610451 -0.00753952    0.28930888  0.00000000   -0.00610451 -0.00753952
  0.00560183  0.00000000   -0.00610451  0.00753952    0.23869414  0.00000000

     Dynamical  Matrix in cartesian axes

     q = (   -0.250000000   0.750000000  -0.750000000 ) 

    1    1
  0.28930888  0.00000000   -0.00610451  0.00753952    0.00610451 -0.00753952
 -0.00610451 -0.00753952    0.23869414  0.00000000   -0.00560183  0.00000000
  0.00610451  0.00753952   -0.00560183  0.00000000    0.23869414  0.00000000
    1    2
 -0.07822440  0.05718849   -0.04107514  0.03878340    0.04107514 -0.03878340
 -0.04107514  0.03878340   -0.05979229  0.05872466   -0.12856420 -0.03910908
  0.04107514 -0.03878340   -0.12856420 -0.03910908   -0.05979229  0.05872466
    2    1
 -0.07822440 -0.05718849   -0.04107514 -0.03878340    0.04107514  0.03878340
 -0.04107514 -0.03878340   -0.05979229 -0.05872466   -0.12856420  0.03910908
  0.04107514  0.03878340   -0.12856420  0.03910908   -0.05979229 -0.05872466
    2    2
  0.28930888  0.00000000   -0.00610451 -0.00753952    0.00610451  0.00753952
 -0.00610451  0.00753952    0.23869414  0.00000000   -0.00560183  0.00000000
  0.00610451 -0.00753952   -0.00560183  0.00000000    0.23869414  0.00000000

     Dynamical  Matrix in cartesian axes

     q = (   -0.750000000   0.750000000  -0.250000000 ) 

    1    1
  0.23869414  0.00000000   -0.00560183  0.00000000    0.00610451  0.00753952
 -0.00560183  0.00000000    0.23869414  0.00000000   -0.00610451 -0.00753952
  0.00610451 -0.00753952   -0.00610451  0.00753952    0.28930888  0.00000000
    1    2
 -0.05979229  0.05872466   -0.12856420 -0.03910908    0.04107514 -0.03878340
 -0.12856420 -0.03910908   -0.05979229  0.05872466   -0.04107514  0.03878340
  0.04107514 -0.03878340   -0.04107514  0.03878340   -0.07822440  0.05718849
    2    1
 -0.05979229 -0.05872466   -0.12856420  0.03910908    0.04107514  0.03878340
 -0.12856420  0.03910908   -0.05979229 -0.05872466   -0.04107514 -0.03878340
  0.04107514  0.03878340   -0.04107514 -0.03878340   -0.07822440 -0.05718849
    2    2
  0.23869414  0.00000000   -0.00560183  0.00000000    0.00610451 -0.00753952
 -0.00560183  0.00000000    0.23869414  0.00000000   -0.00610451  0.00753952
  0.00610451  0.00753952   -0.00610451 -0.00753952    0.28930888  0.00000000

     Dynamical  Matrix in cartesian axes

     q = (    0.750000000   0.250000000   0.750000000 ) 

    1    1
  0.23869414  0.00000000    0.00610451  0.00753952    0.00560183  0.00000000
  0.00610451 -0.00753952    0.28930888  0.00000000    0.00610451 -0.00753952
  0.00560183  0.00000000    0.00610451  0.00753952    0.23869414  0.00000000
    1    2
  0.05979229 -0.05872466   -0.04107514  0.03878340   -0.12856420 -0.03910908
 -0.04107514  0.03878340    0.07822440 -0.05718849   -0.04107514  0.03878340
 -0.12856420 -0.03910908   -0.04107514  0.03878340    0.05979229 -0.05872466
    2    1
  0.05979229  0.05872466   -0.04107514 -0.03878340   -0.12856420  0.03910908
 -0.04107514 -0.03878340    0.07822440  0.05718849   -0.04107514 -0.03878340
 -0.12856420  0.03910908   -0.04107514 -0.03878340    0.05979229  0.05872466
    2    2
  0.23869414  0.00000000    0.00610451 -0.00753952    0.00560183  0.00000000
  0.00610451  0.00753952    0.28930888  0.00000000    0.00610451  0.00753952
  0.00560183  0.00000000    0.00610451 -0.00753952    0.23869414  0.00000000

     Dynamical  Matrix in cartesian axes

     q = (   -0.750000000   0.250000000   0.750000000 ) 

    1    1
  0.23869414  0.00000000   -0.00610451  0.00753952   -0.00560183  0.00000000
 -0.00610451 -0.00753952    0.28930888  0.00000000    0.00610451  0.00753952
 -0.00560183  0.00000000    0.00610451 -0.00753952    0.23869414  0.00000000
    1    2
 -0.05979229 -0.05872466   -0.04107514 -0.03878340   -0.12856420  0.03910908
 -0.04107514 -0.03878340   -0.07822440 -0.05718849    0.04107514  0.03878340
 -0.12856420  0.03910908    0.04107514  0.03878340   -0.05979229 -0.05872466
    2    1
 -0.05979229  0.05872466   -0.04107514  0.03878340   -0.12856420 -0.03910908
 -0.04107514  0.03878340   -0.07822440  0.05718849    0.04107514 -0.03878340
 -0.12856420 -0.03910908    0.04107514 -0.03878340   -0.05979229  0.05872466
    2    2
  0.23869414  0.00000000   -0.00610451 -0.00753952   -0.00560183  0.00000000
 -0.00610451  0.00753952    0.28930888  0.00000000    0.00610451 -0.00753952
 -0.00560183  0.00000000    0.00610451  0.00753952    0.23869414  0.00000000

     Dynamical  Matrix in cartesian axes

     q = (    0.750000000   0.250000000  -0.750000000 ) 

    1    1
  0.23869414  0.00000000    0.00610451 -0.00753952   -0.00560183  0.00000000
  0.00610451  0.00753952    0.28930888  0.00000000   -0.00610451 -0.00753952
 -0.00560183  0.00000000   -0.00610451  0.00753952    0.23869414  0.00000000
    1    2
 -0.05979229 -0.05872466    0.04107514  0.03878340   -0.12856420  0.03910908
  0.04107514  0.03878340   -0.07822440 -0.05718849   -0.04107514 -0.03878340
 -0.12856420  0.03910908   -0.04107514 -0.03878340   -0.05979229 -0.05872466
    2    1
 -0.05979229  0.05872466    0.04107514 -0.03878340   -0.12856420 -0.03910908
  0.04107514 -0.03878340   -0.07822440  0.05718849   -0.04107514  0.03878340
 -0.12856420 -0.03910908   -0.04107514  0.03878340   -0.05979229  0.05872466
    2    2
  0.23869414  0.00000000    0.00610451  0.00753952   -0.00560183  0.00000000
  0.00610451 -0.00753952    0.28930888  0.00000000   -0.00610451  0.00753952
 -0.00560183  0.00000000   -0.00610451 -0.00753952    0.23869414  0.00000000

     Dynamical  Matrix in cartesian axes

     q = (   -0.750000000   0.750000000   0.250000000 ) 

    1    1
  0.23869414  0.00000000   -0.00560183  0.00000000   -0.00610451  0.00753952
 -0.00560183  0.00000000    0.23869414  0.00000000    0.00610451 -0.00753952
 -0.00610451 -0.00753952    0.00610451  0.00753952    0.28930888  0.00000000
    1    2
 -0.05979229 -0.05872466   -0.12856420  0.03910908   -0.04107514 -0.03878340
 -0.12856420  0.03910908   -0.05979229 -0.05872466    0.04107514  0.03878340
 -0.04107514 -0.03878340    0.04107514  0.03878340   -0.07822440 -0.05718849
    2    1
 -0.05979229  0.05872466   -0.12856420 -0.03910908   -0.04107514  0.03878340
 -0.12856420 -0.03910908   -0.05979229  0.05872466    0.04107514 -0.03878340
 -0.04107514  0.03878340    0.04107514 -0.03878340   -0.07822440  0.05718849
    2    2
  0.23869414  0.00000000   -0.00560183  0.00000000   -0.00610451 -0.00753952
 -0.00560183  0.00000000    0.23869414  0.00000000    0.00610451  0.00753952
 -0.00610451  0.00753952    0.00610451 -0.00753952    0.28930888  0.00000000

     Dynamical  Matrix in cartesian axes

     q = (   -0.250000000   0.750000000   0.750000000 ) 

    1    1
  0.28930888  0.00000000   -0.00610451 -0.00753952   -0.00610451 -0.00753952
 -0.00610451  0.00753952    0.23869414  0.00000000    0.00560183  0.00000000
 -0.00610451  0.00753952    0.00560183  0.00000000    0.23869414  0.00000000
    1    2
 -0.05718849  0.07822440   -0.03878340  0.04107514   -0.03878340  0.04107514
 -0.03878340  0.04107514   -0.05872466  0.05979229   -0.03910908 -0.12856420
 -0.03878340  0.04107514   -0.03910908 -0.12856420   -0.05872466  0.05979229
    2    1
 -0.05718849 -0.07822440   -0.03878340 -0.04107514   -0.03878340 -0.04107514
 -0.03878340 -0.04107514   -0.05872466 -0.05979229   -0.03910908  0.12856420
 -0.03878340 -0.04107514   -0.03910908  0.12856420   -0.05872466 -0.05979229
    2    2
  0.28930888  0.00000000   -0.00610451  0.00753952   -0.00610451  0.00753952
 -0.00610451 -0.00753952    0.23869414  0.00000000    0.00560183  0.00000000
 -0.00610451 -0.00753952    0.00560183  0.00000000    0.23869414  0.00000000

     Dynamical  Matrix in cartesian axes

     q = (    0.250000000   0.750000000  -0.750000000 ) 

    1    1
  0.28930888  0.00000000    0.00610451  0.00753952   -0.00610451 -0.00753952
  0.00610451 -0.00753952    0.23869414  0.00000000   -0.00560183  0.00000000
 -0.00610451  0.00753952   -0.00560183  0.00000000    0.23869414  0.00000000
    1    2
 -0.07822440 -0.05718849    0.04107514  0.03878340   -0.04107514 -0.03878340
  0.04107514  0.03878340   -0.05979229 -0.05872466   -0.12856420  0.03910908
 -0.04107514 -0.03878340   -0.12856420  0.03910908   -0.05979229 -0.05872466
    2    1
 -0.07822440  0.05718849    0.04107514 -0.03878340   -0.04107514  0.03878340
  0.04107514 -0.03878340   -0.05979229  0.05872466   -0.12856420 -0.03910908
 -0.04107514  0.03878340   -0.12856420 -0.03910908   -0.05979229  0.05872466
    2    2
  0.28930888  0.00000000    0.00610451 -0.00753952   -0.00610451  0.00753952
  0.00610451  0.00753952    0.23869414  0.00000000   -0.00560183  0.00000000
 -0.00610451 -0.00753952   -0.00560183  0.00000000    0.23869414  0.00000000

     Dynamical  Matrix in cartesian axes

     q = (   -0.250000000  -0.750000000  -0.750000000 ) 

    1    1
  0.28930888  0.00000000    0.00610451  0.00753952    0.00610451  0.00753952
  0.00610451 -0.00753952    0.23869414  0.00000000    0.00560183  0.00000000
  0.00610451 -0.00753952    0.00560183  0.00000000    0.23869414  0.00000000
    1    2
  0.07822440  0.05718849   -0.04107514 -0.03878340   -0.04107514 -0.03878340
 -0.04107514 -0.03878340    0.05979229  0.05872466   -0.12856420  0.03910908
 -0.04107514 -0.03878340   -0.12856420  0.03910908    0.05979229  0.05872466
    2    1
  0.07822440 -0.05718849   -0.04107514  0.03878340   -0.04107514  0.03878340
 -0.04107514  0.03878340    0.05979229 -0.05872466   -0.12856420 -0.03910908
 -0.04107514  0.03878340   -0.12856420 -0.03910908    0.05979229 -0.05872466
    2    2
  0.28930888  0.00000000    0.00610451 -0.00753952    0.00610451 -0.00753952
  0.00610451  0.00753952    0.23869414  0.00000000    0.00560183  0.00000000
  0.00610451  0.00753952    0.00560183  0.00000000    0.23869414  0.00000000

     Dynamical  Matrix in cartesian axes

     q = (    0.750000000   0.750000000  -0.250000000 ) 

    1    1
  0.23869414  0.00000000    0.00560183  0.00000000   -0.00610451  0.00753952
  0.00560183  0.00000000    0.23869414  0.00000000   -0.00610451  0.00753952
 -0.00610451 -0.00753952   -0.00610451 -0.00753952    0.28930888  0.00000000
    1    2
 -0.05872466  0.05979229   -0.03910908 -0.12856420   -0.03878340  0.04107514
 -0.03910908 -0.12856420   -0.05872466  0.05979229   -0.03878340  0.04107514
 -0.03878340  0.04107514   -0.03878340  0.04107514   -0.05718849  0.07822440
    2    1
 -0.05872466 -0.05979229   -0.03910908  0.12856420   -0.03878340 -0.04107514
 -0.03910908  0.12856420   -0.05872466 -0.05979229   -0.03878340 -0.04107514
 -0.03878340 -0.04107514   -0.03878340 -0.04107514   -0.05718849 -0.07822440
    2    2
  0.23869414  0.00000000    0.00560183  0.00000000   -0.00610451 -0.00753952
  0.00560183  0.00000000    0.23869414  0.00000000   -0.00610451 -0.00753952
 -0.00610451  0.00753952   -0.00610451  0.00753952    0.28930888  0.00000000

     Dynamical  Matrix in cartesian axes

     q = (    0.750000000  -0.750000000   0.250000000 ) 

    1    1
  0.23869414  0.00000000   -0.00560183  0.00000000    0.00610451 -0.00753952
 -0.00560183  0.00000000    0.23869414  0.00000000   -0.00610451  0.00753952
  0.00610451  0.00753952   -0.00610451 -0.00753952    0.28930888  0.00000000
    1    2
 -0.05979229 -0.05872466   -0.12856420  0.03910908    0.04107514  0.03878340
 -0.12856420  0.03910908   -0.05979229 -0.05872466   -0.04107514 -0.03878340
  0.04107514  0.03878340   -0.04107514 -0.03878340   -0.07822440 -0.05718849
    2    1
 -0.05979229  0.05872466   -0.12856420 -0.03910908    0.04107514 -0.03878340
 -0.12856420 -0.03910908   -0.05979229  0.05872466   -0.04107514  0.03878340
  0.04107514 -0.03878340   -0.04107514  0.03878340   -0.07822440  0.05718849
    2    2
  0.23869414  0.00000000   -0.00560183  0.00000000    0.00610451  0.00753952
 -0.00560183  0.00000000    0.23869414  0.00000000   -0.00610451 -0.00753952
  0.00610451 -0.00753952   -0.00610451  0.00753952    0.28930888  0.00000000

     Dynamical  Matrix in cartesian axes

     q = (   -0.750000000  -0.750000000  -0.250000000 ) 

    1    1
  0.23869414  0.00000000    0.00560183  0.00000000    0.00610451 -0.00753952
  0.00560183  0.00000000    0.23869414  0.00000000    0.00610451 -0.00753952
  0.00610451  0.00753952    0.00610451  0.00753952    0.28930888  0.00000000
    1    2
  0.05979229  0.05872466   -0.12856420  0.03910908   -0.04107514 -0.03878340
 -0.12856420  0.03910908    0.05979229  0.05872466   -0.04107514 -0.03878340
 -0.04107514 -0.03878340   -0.04107514 -0.03878340    0.07822440  0.05718849
    2    1
  0.05979229 -0.05872466   -0.12856420 -0.03910908   -0.04107514  0.03878340
 -0.12856420 -0.03910908    0.05979229 -0.05872466   -0.04107514  0.03878340
 -0.04107514  0.03878340   -0.04107514  0.03878340    0.07822440 -0.05718849
    2    2
  0.23869414  0.00000000    0.00560183  0.00000000    0.00610451  0.00753952
  0.00560183  0.00000000    0.23869414  0.00000000    0.00610451  0.00753952
  0.00610451 -0.00753952    0.00610451 -0.00753952    0.28930888  0.00000000

     Dynamical  Matrix in cartesian axes

     q = (    0.250000000  -0.750000000   0.750000000 ) 

    1    1
  0.28930888  0.00000000   -0.00610451 -0.00753952    0.00610451  0.00753952
 -0.00610451  0.00753952    0.23869414  0.00000000   -0.00560183  0.00000000
  0.00610451 -0.00753952   -0.00560183  0.00000000    0.23869414  0.00000000
    1    2
 -0.07822440 -0.05718849   -0.04107514 -0.03878340    0.04107514  0.03878340
 -0.04107514 -0.03878340   -0.05979229 -0.05872466   -0.12856420  0.03910908
  0.04107514  0.03878340   -0.12856420  0.03910908   -0.05979229 -0.05872466
    2    1
 -0.07822440  0.05718849   -0.04107514  0.03878340    0.04107514 -0.03878340
 -0.04107514  0.03878340   -0.05979229  0.05872466   -0.12856420 -0.03910908
  0.04107514 -0.03878340   -0.12856420 -0.03910908   -0.05979229  0.05872466
    2    2
  0.28930888  0.00000000   -0.00610451  0.00753952    0.00610451 -0.00753952
 -0.00610451 -0.00753952    0.23869414  0.00000000   -0.00560183  0.00000000
  0.00610451  0.00753952   -0.00560183  0.00000000    0.23869414  0.00000000

     Dynamical  Matrix in cartesian axes

     q = (   -0.750000000  -0.750000000   0.250000000 ) 

    1    1
  0.23869414  0.00000000    0.00560183  0.00000000   -0.00610451 -0.00753952
  0.00560183  0.00000000    0.23869414  0.00000000   -0.00610451 -0.00753952
 -0.00610451  0.00753952   -0.00610451  0.00753952    0.28930888  0.00000000
    1    2
 -0.05872466 -0.05979229   -0.03910908  0.12856420   -0.03878340 -0.04107514
 -0.03910908  0.12856420   -0.05872466 -0.05979229   -0.03878340 -0.04107514
 -0.03878340 -0.04107514   -0.03878340 -0.04107514   -0.05718849 -0.07822440
    2    1
 -0.05872466  0.05979229   -0.03910908 -0.12856420   -0.03878340  0.04107514
 -0.03910908 -0.12856420   -0.05872466  0.05979229   -0.03878340  0.04107514
 -0.03878340  0.04107514   -0.03878340  0.04107514   -0.05718849  0.07822440
    2    2
  0.23869414  0.00000000    0.00560183  0.00000000   -0.00610451  0.00753952
  0.00560183  0.00000000    0.23869414  0.00000000   -0.00610451  0.00753952
 -0.00610451 -0.00753952   -0.00610451 -0.00753952    0.28930888  0.00000000

     Dynamical  Matrix in cartesian axes

     q = (    0.250000000   0.750000000   0.750000000 ) 

    1    1
  0.28930888  0.00000000    0.00610451 -0.00753952    0.00610451 -0.00753952
  0.00610451  0.00753952    0.23869414  0.00000000    0.00560183  0.00000000
  0.00610451  0.00753952    0.00560183  0.00000000    0.23869414  0.00000000
    1    2
  0.07822440 -0.05718849   -0.04107514  0.03878340   -0.04107514  0.03878340
 -0.04107514  0.03878340    0.05979229 -0.05872466   -0.12856420 -0.03910908
 -0.04107514  0.03878340   -0.12856420 -0.03910908    0.05979229 -0.05872466
    2    1
  0.07822440  0.05718849   -0.04107514 -0.03878340   -0.04107514 -0.03878340
 -0.04107514 -0.03878340    0.05979229  0.05872466   -0.12856420  0.03910908
 -0.04107514 -0.03878340   -0.12856420  0.03910908    0.05979229  0.05872466
    2    2
  0.28930888  0.00000000    0.00610451  0.00753952    0.00610451  0.00753952
  0.00610451 -0.00753952    0.23869414  0.00000000    0.00560183  0.00000000
  0.00610451 -0.00753952    0.00560183  0.00000000    0.23869414  0.00000000

     Dynamical  Matrix in cartesian axes

     q = (   -0.250000000  -0.750000000   0.750000000 ) 

    1    1
  0.28930888  0.00000000    0.00610451 -0.00753952   -0.00610451  0.00753952
  0.00610451  0.00753952    0.23869414  0.00000000   -0.00560183  0.00000000
 -0.00610451 -0.00753952   -0.00560183  0.00000000    0.23869414  0.00000000
    1    2
 -0.07822440  0.05718849    0.04107514 -0.03878340   -0.04107514  0.03878340
  0.04107514 -0.03878340   -0.05979229  0.05872466   -0.12856420 -0.03910908
 -0.04107514  0.03878340   -0.12856420 -0.03910908   -0.05979229  0.05872466
    2    1
 -0.07822440 -0.05718849    0.04107514  0.03878340   -0.04107514 -0.03878340
  0.04107514  0.03878340   -0.05979229 -0.05872466   -0.12856420  0.03910908
 -0.04107514 -0.03878340   -0.12856420  0.03910908   -0.05979229 -0.05872466
    2    2
  0.28930888  0.00000000    0.00610451  0.00753952   -0.00610451 -0.00753952
  0.00610451 -0.00753952    0.23869414  0.00000000   -0.00560183  0.00000000
 -0.00610451  0.00753952   -0.00560183  0.00000000    0.23869414  0.00000000

     Dynamical  Matrix in cartesian axes

     q = (    0.750000000   0.750000000   0.250000000 ) 

    1    1
  0.23869414  0.00000000    0.00560183  0.00000000    0.00610451  0.00753952
  0.00560183  0.00000000    0.23869414  0.00000000    0.00610451  0.00753952
  0.00610451 -0.00753952    0.00610451 -0.00753952    0.28930888  0.00000000
    1    2
  0.05979229 -0.05872466   -0.12856420 -0.03910908   -0.04107514  0.03878340
 -0.12856420 -0.03910908    0.05979229 -0.05872466   -0.04107514  0.03878340
 -0.04107514  0.03878340   -0.04107514  0.03878340    0.07822440 -0.05718849
    2    1
  0.05979229  0.05872466   -0.12856420  0.03910908   -0.04107514 -0.03878340
 -0.12856420  0.03910908    0.05979229  0.05872466   -0.04107514 -0.03878340
 -0.04107514 -0.03878340   -0.04107514 -0.03878340    0.07822440  0.05718849
    2    2
  0.23869414  0.00000000    0.00560183  0.00000000    0.00610451 -0.00753952
  0.00560183  0.00000000    0.23869414  0.00000000    0.00610451 -0.00753952
  0.00610451  0.00753952    0.00610451  0.00753952    0.28930888  0.00000000

     Dynamical  Matrix in cartesian axes

     q = (    0.250000000  -0.750000000  -0.750000000 ) 

    1    1
  0.28930888  0.00000000   -0.00610451  0.00753952   -0.00610451  0.00753952
 -0.00610451 -0.00753952    0.23869414  0.00000000    0.00560183  0.00000000
 -0.00610451 -0.00753952    0.00560183  0.00000000    0.23869414  0.00000000
    1    2
 -0.05718849 -0.07822440   -0.03878340 -0.04107514   -0.03878340 -0.04107514
 -0.03878340 -0.04107514   -0.05872466 -0.05979229   -0.03910908  0.12856420
 -0.03878340 -0.04107514   -0.03910908  0.12856420   -0.05872466 -0.05979229
    2    1
 -0.05718849  0.07822440   -0.03878340  0.04107514   -0.03878340  0.04107514
 -0.03878340  0.04107514   -0.05872466  0.05979229   -0.03910908 -0.12856420
 -0.03878340  0.04107514   -0.03910908 -0.12856420   -0.05872466  0.05979229
    2    2
  0.28930888  0.00000000   -0.00610451 -0.00753952   -0.00610451 -0.00753952
 -0.00610451  0.00753952    0.23869414  0.00000000    0.00560183  0.00000000
 -0.00610451  0.00753952    0.00560183  0.00000000    0.23869414  0.00000000

     Dynamical  Matrix in cartesian axes

     q = (    0.750000000  -0.750000000  -0.250000000 ) 

    1    1
  0.23869414  0.00000000   -0.00560183  0.00000000   -0.00610451 -0.00753952
 -0.00560183  0.00000000    0.23869414  0.00000000    0.00610451  0.00753952
 -0.00610451  0.00753952    0.00610451 -0.00753952    0.28930888  0.00000000
    1    2
 -0.05979229  0.05872466   -0.12856420 -0.03910908   -0.04107514  0.03878340
 -0.12856420 -0.03910908   -0.05979229  0.05872466    0.04107514 -0.03878340
 -0.04107514  0.03878340    0.04107514 -0.03878340   -0.07822440  0.05718849
    2    1
 -0.05979229 -0.05872466   -0.12856420  0.03910908   -0.04107514 -0.03878340
 -0.12856420  0.03910908   -0.05979229 -0.05872466    0.04107514  0.03878340
 -0.04107514 -0.03878340    0.04107514  0.03878340   -0.07822440 -0.05718849
    2    2
  0.23869414  0.00000000   -0.00560183  0.00000000   -0.00610451  0.00753952
 -0.00560183  0.00000000    0.23869414  0.00000000    0.00610451 -0.00753952
 -0.00610451 -0.00753952    0.00610451  0.00753952    0.28930888  0.00000000

     Diagonalizing the dynamical matrix

     q = (    0.750000000  -0.250000000   0.750000000 ) 

 **************************************************************************
     freq (    1) =       4.299235 [THz] =     143.407032 [cm-1]
 ( -0.051790  0.497311  0.000000 -0.000000  0.051790 -0.497311 ) 
 ( -0.500000  0.000000 -0.000000  0.000000  0.500000  0.000000 ) 
     freq (    2) =       5.897469 [THz] =     196.718407 [cm-1]
 ( -0.392762 -0.155152 -0.345472  0.154860 -0.392762 -0.155152 ) 
 ( -0.422296  0.000000 -0.264415 -0.270956 -0.422296  0.000000 ) 
     freq (    3) =       9.250505 [THz] =     308.563638 [cm-1]
 ( -0.105184  0.294082 -0.391398 -0.389503 -0.105184  0.294082 ) 
 (  0.312326 -0.000000 -0.234938 -0.499709  0.312326  0.000000 ) 
     freq (    4) =      11.888068 [THz] =     396.543260 [cm-1]
 ( -0.097482 -0.319663  0.405259  0.335248 -0.097482 -0.319663 ) 
 (  0.334196 -0.000000 -0.438879 -0.289847  0.334196  0.000000 ) 
     freq (    5) =      13.364775 [THz] =     445.800913 [cm-1]
 ( -0.051790  0.497311 -0.000000  0.000000  0.051790 -0.497311 ) 
 (  0.500000 -0.000000  0.000000 -0.000000 -0.500000  0.000000 ) 
     freq (    6) =      13.767099 [THz] =     459.220987 [cm-1]
 (  0.299522  0.150725  0.474440 -0.223705  0.299522  0.150725 ) 
 ( -0.335308  0.000000 -0.323247 -0.413096 -0.335308  0.000000 ) 
 **************************************************************************
