Dynamical matrix file
                                                                           
  1    2  2 10.3760000  0.0000000  0.0000000  0.0000000  0.0000000  0.0000000
           1  'Si  '    25598.822984527003     
    1    1      0.0000000000      0.0000000000      0.0000000000
    2    1      0.2500000000      0.2500000000      0.2500000000

     Dynamical  Matrix in cartesian axes

     q = (   -0.250000000   0.250000000  -0.250000000 ) 

    1    1
  0.26242105  0.00000000   -0.01150872  0.00000000    0.01150872  0.00000000
 -0.01150872  0.00000000    0.26242105  0.00000000   -0.01150872  0.00000000
  0.01150872  0.00000000   -0.01150872  0.00000000    0.26242105  0.00000000
    1    2
 -0.19565863 -0.05663429   -0.03582618  0.03761143    0.03582618 -0.03761143
 -0.03582618  0.03761143   -0.19565863 -0.05663429   -0.03582618  0.03761143
  0.03582618 -0.03761143   -0.03582618  0.03761143   -0.19565863 -0.05663429
    2    1
 -0.19565863  0.05663429   -0.03582618 -0.03761143    0.03582618  0.03761143
 -0.03582618 -0.03761143   -0.19565863  0.05663429   -0.03582618 -0.03761143
  0.03582618  0.03761143   -0.03582618 -0.03761143   -0.19565863  0.05663429
    2    2
  0.26242105  0.00000000   -0.01150872  0.00000000    0.01150872  0.00000000
 -0.01150872  0.00000000    0.26242105  0.00000000   -0.01150872  0.00000000
  0.01150872  0.00000000   -0.01150872  0.00000000    0.26242105  0.00000000

     Dynamical  Matrix in cartesian axes

     q = (    0.250000000  -0.250000000  -0.250000000 ) 

    1    1
  0.26242105  0.00000000   -0.01150872  0.00000000   -0.01150872  0.00000000
 -0.01150872  0.00000000    0.26242105  0.00000000    0.01150872  0.00000000
 -0.01150872  0.00000000    0.01150872  0.00000000    0.26242105  0.00000000
    1    2
 -0.19565863 -0.05663429   -0.03582618  0.03761143   -0.03582618  0.03761143
 -0.03582618  0.03761143   -0.19565863 -0.05663429    0.03582618 -0.03761143
 -0.03582618  0.03761143    0.03582618 -0.03761143   -0.19565863 -0.05663429
    2    1
 -0.19565863  0.05663429   -0.03582618 -0.03761143   -0.03582618 -0.03761143
 -0.03582618 -0.03761143   -0.19565863  0.05663429    0.03582618  0.03761143
 -0.03582618 -0.03761143    0.03582618  0.03761143   -0.19565863  0.05663429
    2    2
  0.26242105  0.00000000   -0.01150872  0.00000000   -0.01150872  0.00000000
 -0.01150872  0.00000000    0.26242105  0.00000000    0.01150872  0.00000000
 -0.01150872  0.00000000    0.01150872  0.00000000    0.26242105  0.00000000

     Dynamical  Matrix in cartesian axes

     q = (    0.250000000  -0.250000000   0.250000000 ) 

    1    1
  0.26242105  0.00000000   -0.01150872  0.00000000    0.01150872  0.00000000
 -0.01150872  0.00000000    0.26242105  0.00000000   -0.01150872  0.00000000
  0.01150872  0.00000000   -0.01150872  0.00000000    0.26242105  0.00000000
    1    2
 -0.19565863  0.05663429   -0.03582618 -0.03761143    0.03582618  0.03761143
 -0.03582618 -0.03761143   -0.19565863  0.05663429   -0.03582618 -0.03761143
  0.03582618  0.03761143   -0.03582618 -0.03761143   -0.19565863  0.05663429
    2    1
 -0.19565863 -0.05663429   -0.03582618  0.03761143    0.03582618 -0.03761143
 -0.03582618  0.03761143   -0.19565863 -0.05663429   -0.03582618  0.03761143
  0.03582618 -0.03761143   -0.03582618  0.03761143   -0.19565863 -0.05663429
    2    2
  0.26242105  0.00000000   -0.01150872  0.00000000    0.01150872  0.00000000
 -0.01150872  0.00000000    0.26242105  0.00000000   -0.01150872  0.00000000
  0.01150872  0.00000000   -0.01150872  0.00000000    0.26242105  0.00000000

     Dynamical  Matrix in cartesian axes

     q = (    0.250000000   0.250000000   0.250000000 ) 

    1    1
  0.26242105  0.00000000    0.01150872  0.00000000    0.01150872  0.00000000
  0.01150872  0.00000000    0.26242105  0.00000000    0.01150872  0.00000000
  0.01150872  0.00000000    0.01150872  0.00000000    0.26242105  0.00000000
    1    2
 -0.05663429  0.19565863   -0.03761143 -0.03582618   -0.03761143 -0.03582618
 -0.03761143 -0.03582618   -0.05663429  0.19565863   -0.03761143 -0.03582618
 -0.03761143 -0.03582618   -0.03761143 -0.03582618   -0.05663429  0.19565863
    2    1
 -0.05663429 -0.19565863   -0.03761143  0.03582618   -0.03761143  0.03582618
 -0.03761143  0.03582618   -0.05663429 -0.19565863   -0.03761143  0.03582618
 -0.03761143  0.03582618   -0.03761143  0.03582618   -0.05663429 -0.19565863
    2    2
  0.26242105  0.00000000    0.01150872  0.00000000    0.01150872  0.00000000
  0.01150872  0.00000000    0.26242105  0.00000000    0.01150872  0.00000000
  0.01150872  0.00000000    0.01150872  0.00000000    0.26242105  0.00000000

     Dynamical  Matrix in cartesian axes

     q = (   -0.250000000  -0.250000000  -0.250000000 ) 

    1    1
  0.26242105  0.00000000    0.01150872  0.00000000    0.01150872  0.00000000
  0.01150872  0.00000000    0.26242105  0.00000000    0.01150872  0.00000000
  0.01150872  0.00000000    0.01150872  0.00000000    0.26242105  0.00000000
    1    2
 -0.05663429 -0.19565863   -0.03761143  0.03582618   -0.03761143  0.03582618
 -0.03761143  0.03582618   -0.05663429 -0.19565863   -0.03761143  0.03582618
 -0.03761143  0.03582618   -0.03761143  0.03582618   -0.05663429 -0.19565863
    2    1
 -0.05663429  0.19565863   -0.03761143 -0.03582618   -0.03761143 -0.03582618
 -0.03761143 -0.03582618   -0.05663429  0.19565863   -0.03761143 -0.03582618
 -0.03761143 -0.03582618   -0.03761143 -0.03582618   -0.05663429  0.19565863
    2    2
  0.26242105  0.00000000    0.01150872  0.00000000    0.01150872  0.00000000
  0.01150872  0.00000000    0.26242105  0.00000000    0.01150872  0.00000000
  0.01150872  0.00000000    0.01150872  0.00000000    0.26242105  0.00000000

     Dynamical  Matrix in cartesian axes

     q = (   -0.250000000  -0.250000000   0.250000000 ) 

    1    1
  0.26242105  0.00000000    0.01150872  0.00000000   -0.01150872  0.00000000
  0.01150872  0.00000000    0.26242105  0.00000000   -0.01150872  0.00000000
 -0.01150872  0.00000000   -0.01150872  0.00000000    0.26242105  0.00000000
    1    2
 -0.19565863 -0.05663429    0.03582618 -0.03761143   -0.03582618  0.03761143
  0.03582618 -0.03761143   -0.19565863 -0.05663429   -0.03582618  0.03761143
 -0.03582618  0.03761143   -0.03582618  0.03761143   -0.19565863 -0.05663429
    2    1
 -0.19565863  0.05663429    0.03582618  0.03761143   -0.03582618 -0.03761143
  0.03582618  0.03761143   -0.19565863  0.05663429   -0.03582618 -0.03761143
 -0.03582618 -0.03761143   -0.03582618 -0.03761143   -0.19565863  0.05663429
    2    2
  0.26242105  0.00000000    0.01150872  0.00000000   -0.01150872  0.00000000
  0.01150872  0.00000000    0.26242105  0.00000000   -0.01150872  0.00000000
 -0.01150872  0.00000000   -0.01150872  0.00000000    0.26242105  0.00000000

     Dynamical  Matrix in cartesian axes

     q = (   -0.250000000   0.250000000   0.250000000 ) 

    1    1
  0.26242105  0.00000000   -0.01150872  0.00000000   -0.01150872  0.00000000
 -0.01150872  0.00000000    0.26242105  0.00000000    0.01150872  0.00000000
 -0.01150872  0.00000000    0.01150872  0.00000000    0.26242105  0.00000000
    1    2
 -0.19565863  0.05663429   -0.03582618 -0.03761143   -0.03582618 -0.03761143
 -0.03582618 -0.03761143   -0.19565863  0.05663429    0.03582618  0.03761143
 -0.03582618 -0.03761143    0.03582618  0.03761143   -0.19565863  0.05663429
    2    1
 -0.19565863 -0.05663429   -0.03582618  0.03761143   -0.03582618  0.03761143
 -0.03582618  0.03761143   -0.19565863 -0.05663429    0.03582618 -0.03761143
 -0.03582618  0.03761143    0.03582618 -0.03761143   -0.19565863 -0.05663429
    2    2
  0.26242105  0.00000000   -0.01150872  0.00000000   -0.01150872  0.00000000
 -0.01150872  0.00000000    0.26242105  0.00000000    0.01150872  0.00000000
 -0.01150872  0.00000000    0.01150872  0.00000000    0.26242105  0.00000000

     Dynamical  Matrix in cartesian axes

     q = (    0.250000000   0.250000000  -0.250000000 ) 

    1    1
  0.26242105  0.00000000    0.01150872  0.00000000   -0.01150872  0.00000000
  0.01150872  0.00000000    0.26242105  0.00000000   -0.01150872  0.00000000
 -0.01150872  0.00000000   -0.01150872  0.00000000    0.26242105  0.00000000
    1    2
 -0.19565863  0.05663429    0.03582618  0.03761143   -0.03582618 -0.03761143
  0.03582618  0.03761143   -0.19565863  0.05663429   -0.03582618 -0.03761143
 -0.03582618 -0.03761143   -0.03582618 -0.03761143   -0.19565863  0.05663429
    2    1
 -0.19565863 -0.05663429    0.03582618 -0.03761143   -0.03582618  0.03761143
  0.03582618 -0.03761143   -0.19565863 -0.05663429   -0.03582618  0.03761143
 -0.03582618  0.03761143   -0.03582618  0.03761143   -0.19565863 -0.05663429
    2    2
  0.26242105  0.00000000    0.01150872  0.00000000   -0.01150872  0.00000000
  0.01150872  0.00000000    0.26242105  0.00000000   -0.01150872  0.00000000
 -0.01150872  0.00000000   -0.01150872  0.00000000    0.26242105  0.00000000

     Diagonalizing the dynamical matrix

     q = (   -0.250000000   0.250000000  -0.250000000 ) 

 **************************************************************************
     freq (    1) =       2.807837 [THz] =      93.659358 [cm-1]
 ( -0.436246 -0.128969  0.089022 -0.085804  0.525268  0.043165 ) 
 ( -0.445343 -0.092807  0.081695 -0.092807  0.527038 -0.000000 ) 
     freq (    2) =       2.807837 [THz] =      93.659358 [cm-1]
 (  0.270709  0.230449  0.505637  0.249755  0.234928  0.019306 ) 
 (  0.288673  0.207503  0.524393  0.207503  0.235720  0.000000 ) 
     freq (    3) =       6.644753 [THz] =     221.645115 [cm-1]
 (  0.279686  0.297393 -0.279686 -0.297393  0.279686  0.297393 ) 
 (  0.408248 -0.000000 -0.408248 -0.000000  0.408248  0.000000 ) 
     freq (    4) =      14.043195 [THz] =     468.430550 [cm-1]
 (  0.279686  0.297393 -0.279686 -0.297393  0.279686  0.297393 ) 
 ( -0.408248  0.000000  0.408248 -0.000000 -0.408248  0.000000 ) 
     freq (    5) =      14.292834 [THz] =     476.757638 [cm-1]
 (  0.490767 -0.023783 -0.011732 -0.065077 -0.502498 -0.041294 ) 
 ( -0.487170  0.063897  0.017022  0.063897  0.504192  0.000000 ) 
     freq (    6) =      14.292834 [THz] =     476.757638 [cm-1]
 (  0.289147 -0.091157  0.569491 -0.068119  0.280344  0.023038 ) 
 ( -0.280710  0.114532 -0.561999  0.114532 -0.281289  0.000000 ) 
 **************************************************************************
