Dynamical matrix file
                                                                           
  1    2  2 10.3660000  0.0000000  0.0000000  0.0000000  0.0000000  0.0000000
           1  'Si  '    25598.822984527003     
    1    1      0.0000000000      0.0000000000      0.0000000000
    2    1      0.2500000000      0.2500000000      0.2500000000

     Dynamical  Matrix in cartesian axes

     q = (   -0.250000000   0.250000000  -0.250000000 ) 

    1    1
  0.26405821  0.00000000   -0.01155635  0.00000000    0.01155635  0.00000000
 -0.01155635  0.00000000    0.26405821  0.00000000   -0.01155635  0.00000000
  0.01155635  0.00000000   -0.01155635  0.00000000    0.26405821  0.00000000
    1    2
 -0.19678532 -0.05699406   -0.03632642  0.03809288    0.03632642 -0.03809288
 -0.03632642  0.03809288   -0.19678532 -0.05699406   -0.03632642  0.03809288
  0.03632642 -0.03809288   -0.03632642  0.03809288   -0.19678532 -0.05699406
    2    1
 -0.19678532  0.05699406   -0.03632642 -0.03809288    0.03632642  0.03809288
 -0.03632642 -0.03809288   -0.19678532  0.05699406   -0.03632642 -0.03809288
  0.03632642  0.03809288   -0.03632642 -0.03809288   -0.19678532  0.05699406
    2    2
  0.26405821  0.00000000   -0.01155635  0.00000000    0.01155635  0.00000000
 -0.01155635  0.00000000    0.26405821  0.00000000   -0.01155635  0.00000000
  0.01155635  0.00000000   -0.01155635  0.00000000    0.26405821  0.00000000

     Dynamical  Matrix in cartesian axes

     q = (    0.250000000  -0.250000000  -0.250000000 ) 

    1    1
  0.26405821  0.00000000   -0.01155635  0.00000000   -0.01155635  0.00000000
 -0.01155635  0.00000000    0.26405821  0.00000000    0.01155635  0.00000000
 -0.01155635  0.00000000    0.01155635  0.00000000    0.26405821  0.00000000
    1    2
 -0.19678532 -0.05699406   -0.03632642  0.03809288   -0.03632642  0.03809288
 -0.03632642  0.03809288   -0.19678532 -0.05699406    0.03632642 -0.03809288
 -0.03632642  0.03809288    0.03632642 -0.03809288   -0.19678532 -0.05699406
    2    1
 -0.19678532  0.05699406   -0.03632642 -0.03809288   -0.03632642 -0.03809288
 -0.03632642 -0.03809288   -0.19678532  0.05699406    0.03632642  0.03809288
 -0.03632642 -0.03809288    0.03632642  0.03809288   -0.19678532  0.05699406
    2    2
  0.26405821  0.00000000   -0.01155635  0.00000000   -0.01155635  0.00000000
 -0.01155635  0.00000000    0.26405821  0.00000000    0.01155635  0.00000000
 -0.01155635  0.00000000    0.01155635  0.00000000    0.26405821  0.00000000

     Dynamical  Matrix in cartesian axes

     q = (    0.250000000  -0.250000000   0.250000000 ) 

    1    1
  0.26405821  0.00000000   -0.01155635  0.00000000    0.01155635  0.00000000
 -0.01155635  0.00000000    0.26405821  0.00000000   -0.01155635  0.00000000
  0.01155635  0.00000000   -0.01155635  0.00000000    0.26405821  0.00000000
    1    2
 -0.19678532  0.05699406   -0.03632642 -0.03809288    0.03632642  0.03809288
 -0.03632642 -0.03809288   -0.19678532  0.05699406   -0.03632642 -0.03809288
  0.03632642  0.03809288   -0.03632642 -0.03809288   -0.19678532  0.05699406
    2    1
 -0.19678532 -0.05699406   -0.03632642  0.03809288    0.03632642 -0.03809288
 -0.03632642  0.03809288   -0.19678532 -0.05699406   -0.03632642  0.03809288
  0.03632642 -0.03809288   -0.03632642  0.03809288   -0.19678532 -0.05699406
    2    2
  0.26405821  0.00000000   -0.01155635  0.00000000    0.01155635  0.00000000
 -0.01155635  0.00000000    0.26405821  0.00000000   -0.01155635  0.00000000
  0.01155635  0.00000000   -0.01155635  0.00000000    0.26405821  0.00000000

     Dynamical  Matrix in cartesian axes

     q = (    0.250000000   0.250000000   0.250000000 ) 

    1    1
  0.26405821  0.00000000    0.01155635  0.00000000    0.01155635  0.00000000
  0.01155635  0.00000000    0.26405821  0.00000000    0.01155635  0.00000000
  0.01155635  0.00000000    0.01155635  0.00000000    0.26405821  0.00000000
    1    2
 -0.05699406  0.19678532   -0.03809288 -0.03632642   -0.03809288 -0.03632642
 -0.03809288 -0.03632642   -0.05699406  0.19678532   -0.03809288 -0.03632642
 -0.03809288 -0.03632642   -0.03809288 -0.03632642   -0.05699406  0.19678532
    2    1
 -0.05699406 -0.19678532   -0.03809288  0.03632642   -0.03809288  0.03632642
 -0.03809288  0.03632642   -0.05699406 -0.19678532   -0.03809288  0.03632642
 -0.03809288  0.03632642   -0.03809288  0.03632642   -0.05699406 -0.19678532
    2    2
  0.26405821  0.00000000    0.01155635  0.00000000    0.01155635  0.00000000
  0.01155635  0.00000000    0.26405821  0.00000000    0.01155635  0.00000000
  0.01155635  0.00000000    0.01155635  0.00000000    0.26405821  0.00000000

     Dynamical  Matrix in cartesian axes

     q = (   -0.250000000  -0.250000000  -0.250000000 ) 

    1    1
  0.26405821  0.00000000    0.01155635  0.00000000    0.01155635  0.00000000
  0.01155635  0.00000000    0.26405821  0.00000000    0.01155635  0.00000000
  0.01155635  0.00000000    0.01155635  0.00000000    0.26405821  0.00000000
    1    2
 -0.05699406 -0.19678532   -0.03809288  0.03632642   -0.03809288  0.03632642
 -0.03809288  0.03632642   -0.05699406 -0.19678532   -0.03809288  0.03632642
 -0.03809288  0.03632642   -0.03809288  0.03632642   -0.05699406 -0.19678532
    2    1
 -0.05699406  0.19678532   -0.03809288 -0.03632642   -0.03809288 -0.03632642
 -0.03809288 -0.03632642   -0.05699406  0.19678532   -0.03809288 -0.03632642
 -0.03809288 -0.03632642   -0.03809288 -0.03632642   -0.05699406  0.19678532
    2    2
  0.26405821  0.00000000    0.01155635  0.00000000    0.01155635  0.00000000
  0.01155635  0.00000000    0.26405821  0.00000000    0.01155635  0.00000000
  0.01155635  0.00000000    0.01155635  0.00000000    0.26405821  0.00000000

     Dynamical  Matrix in cartesian axes

     q = (   -0.250000000  -0.250000000   0.250000000 ) 

    1    1
  0.26405821  0.00000000    0.01155635  0.00000000   -0.01155635  0.00000000
  0.01155635  0.00000000    0.26405821  0.00000000   -0.01155635  0.00000000
 -0.01155635  0.00000000   -0.01155635  0.00000000    0.26405821  0.00000000
    1    2
 -0.19678532 -0.05699406    0.03632642 -0.03809288   -0.03632642  0.03809288
  0.03632642 -0.03809288   -0.19678532 -0.05699406   -0.03632642  0.03809288
 -0.03632642  0.03809288   -0.03632642  0.03809288   -0.19678532 -0.05699406
    2    1
 -0.19678532  0.05699406    0.03632642  0.03809288   -0.03632642 -0.03809288
  0.03632642  0.03809288   -0.19678532  0.05699406   -0.03632642 -0.03809288
 -0.03632642 -0.03809288   -0.03632642 -0.03809288   -0.19678532  0.05699406
    2    2
  0.26405821  0.00000000    0.01155635  0.00000000   -0.01155635  0.00000000
  0.01155635  0.00000000    0.26405821  0.00000000   -0.01155635  0.00000000
 -0.01155635  0.00000000   -0.01155635  0.00000000    0.26405821  0.00000000

     Dynamical  Matrix in cartesian axes

     q = (   -0.250000000   0.250000000   0.250000000 ) 

    1    1
  0.26405821  0.00000000   -0.01155635  0.00000000   -0.01155635  0.00000000
 -0.01155635  0.00000000    0.26405821  0.00000000    0.01155635  0.00000000
 -0.01155635  0.00000000    0.01155635  0.00000000    0.26405821  0.00000000
    1    2
 -0.19678532  0.05699406   -0.03632642 -0.03809288   -0.03632642 -0.03809288
 -0.03632642 -0.03809288   -0.19678532  0.05699406    0.03632642  0.03809288
 -0.03632642 -0.03809288    0.03632642  0.03809288   -0.19678532  0.05699406
    2    1
 -0.19678532 -0.05699406   -0.03632642  0.03809288   -0.03632642  0.03809288
 -0.03632642  0.03809288   -0.19678532 -0.05699406    0.03632642 -0.03809288
 -0.03632642  0.03809288    0.03632642 -0.03809288   -0.19678532 -0.05699406
    2    2
  0.26405821  0.00000000   -0.01155635  0.00000000   -0.01155635  0.00000000
 -0.01155635  0.00000000    0.26405821  0.00000000    0.01155635  0.00000000
 -0.01155635  0.00000000    0.01155635  0.00000000    0.26405821  0.00000000

     Dynamical  Matrix in cartesian axes

     q = (    0.250000000   0.250000000  -0.250000000 ) 

    1    1
  0.26405821  0.00000000    0.01155635  0.00000000   -0.01155635  0.00000000
  0.01155635  0.00000000    0.26405821  0.00000000   -0.01155635  0.00000000
 -0.01155635  0.00000000   -0.01155635  0.00000000    0.26405821  0.00000000
    1    2
 -0.19678532  0.05699406    0.03632642  0.03809288   -0.03632642 -0.03809288
  0.03632642  0.03809288   -0.19678532  0.05699406   -0.03632642 -0.03809288
 -0.03632642 -0.03809288   -0.03632642 -0.03809288   -0.19678532  0.05699406
    2    1
 -0.19678532 -0.05699406    0.03632642 -0.03809288   -0.03632642  0.03809288
  0.03632642 -0.03809288   -0.19678532 -0.05699406   -0.03632642  0.03809288
 -0.03632642  0.03809288   -0.03632642  0.03809288   -0.19678532 -0.05699406
    2    2
  0.26405821  0.00000000    0.01155635  0.00000000   -0.01155635  0.00000000
  0.01155635  0.00000000    0.26405821  0.00000000   -0.01155635  0.00000000
 -0.01155635  0.00000000   -0.01155635  0.00000000    0.26405821  0.00000000

     Diagonalizing the dynamical matrix

     q = (   -0.250000000   0.250000000  -0.250000000 ) 

 **************************************************************************
     freq (    1) =       2.806173 [THz] =      93.603843 [cm-1]
 (  0.131442  0.020297 -0.419604 -0.024383 -0.551047 -0.044680 ) 
 (  0.132653  0.009608 -0.420202  0.009608 -0.552855  0.000000 ) 
     freq (    2) =       2.806173 [THz] =      93.603843 [cm-1]
 (  0.561660  0.013510  0.395817  0.000063 -0.165843 -0.013447 ) 
 (  0.560914 -0.031925  0.394527 -0.031925 -0.166387  0.000000 ) 
     freq (    3) =       6.666372 [THz] =     222.366222 [cm-1]
 ( -0.278353 -0.298641  0.278353  0.298641 -0.278353 -0.298641 ) 
 ( -0.408248 -0.000000  0.408248  0.000000 -0.408248  0.000000 ) 
     freq (    4) =      14.085044 [THz] =     469.826506 [cm-1]
 ( -0.278353 -0.298641  0.278353  0.298641 -0.278353 -0.298641 ) 
 (  0.408248 -0.000000 -0.408248 -0.000000  0.408248  0.000000 ) 
     freq (    5) =      14.340103 [THz] =     478.334352 [cm-1]
 (  0.067348 -0.045130 -0.457075 -0.087651 -0.524423 -0.042521 ) 
 ( -0.063480  0.050425  0.462664  0.050425  0.526144 -0.000000 ) 
     freq (    6) =      14.340103 [THz] =     478.334352 [cm-1]
 (  0.549775  0.156553  0.312842  0.137342 -0.236932 -0.019211 ) 
 ( -0.560628 -0.111610 -0.322918 -0.111610  0.237710  0.000000 ) 
 **************************************************************************
