Dynamical matrix file
                                                                           
  1    2  2 10.3660000  0.0000000  0.0000000  0.0000000  0.0000000  0.0000000
           1  'Si  '    25598.822984527003     
    1    1      0.0000000000      0.0000000000      0.0000000000
    2    1      0.2500000000      0.2500000000      0.2500000000

     Dynamical  Matrix in cartesian axes

     q = (    0.750000000  -0.250000000   0.750000000 ) 

    1    1
  0.24037277  0.00000000   -0.00614758  0.00757093    0.00565654  0.00000000
 -0.00614758 -0.00757093    0.29113934  0.00000000   -0.00614758 -0.00757093
  0.00565654  0.00000000   -0.00614758  0.00757093    0.24037277  0.00000000
    1    2
 -0.05909964  0.06017776   -0.03925092  0.04156701   -0.03958738 -0.13005813
 -0.03925092  0.04156701   -0.05754200  0.07861389   -0.03925092  0.04156701
 -0.03958738 -0.13005813   -0.03925092  0.04156701   -0.05909964  0.06017776
    2    1
 -0.05909964 -0.06017776   -0.03925092 -0.04156701   -0.03958738  0.13005813
 -0.03925092 -0.04156701   -0.05754200 -0.07861389   -0.03925092 -0.04156701
 -0.03958738  0.13005813   -0.03925092 -0.04156701   -0.05909964 -0.06017776
    2    2
  0.24037277  0.00000000   -0.00614758 -0.00757093    0.00565654  0.00000000
 -0.00614758  0.00757093    0.29113934  0.00000000   -0.00614758  0.00757093
  0.00565654  0.00000000   -0.00614758 -0.00757093    0.24037277  0.00000000

     Dynamical  Matrix in cartesian axes

     q = (    0.750000000  -0.250000000  -0.750000000 ) 

    1    1
  0.24037277  0.00000000   -0.00614758 -0.00757093   -0.00565654  0.00000000
 -0.00614758  0.00757093    0.29113934  0.00000000    0.00614758 -0.00757093
 -0.00565654  0.00000000    0.00614758  0.00757093    0.24037277  0.00000000
    1    2
 -0.06017776  0.05909964   -0.04156701  0.03925092   -0.13005813 -0.03958738
 -0.04156701  0.03925092   -0.07861389  0.05754200    0.04156701 -0.03925092
 -0.13005813 -0.03958738    0.04156701 -0.03925092   -0.06017776  0.05909964
    2    1
 -0.06017776 -0.05909964   -0.04156701 -0.03925092   -0.13005813  0.03958738
 -0.04156701 -0.03925092   -0.07861389 -0.05754200    0.04156701  0.03925092
 -0.13005813  0.03958738    0.04156701  0.03925092   -0.06017776 -0.05909964
    2    2
  0.24037277  0.00000000   -0.00614758  0.00757093   -0.00565654  0.00000000
 -0.00614758 -0.00757093    0.29113934  0.00000000    0.00614758  0.00757093
 -0.00565654  0.00000000    0.00614758 -0.00757093    0.24037277  0.00000000

     Dynamical  Matrix in cartesian axes

     q = (   -0.750000000  -0.250000000  -0.750000000 ) 

    1    1
  0.24037277  0.00000000    0.00614758 -0.00757093    0.00565654  0.00000000
  0.00614758  0.00757093    0.29113934  0.00000000    0.00614758  0.00757093
  0.00565654  0.00000000    0.00614758 -0.00757093    0.24037277  0.00000000
    1    2
  0.06017776  0.05909964   -0.04156701 -0.03925092   -0.13005813  0.03958738
 -0.04156701 -0.03925092    0.07861389  0.05754200   -0.04156701 -0.03925092
 -0.13005813  0.03958738   -0.04156701 -0.03925092    0.06017776  0.05909964
    2    1
  0.06017776 -0.05909964   -0.04156701  0.03925092   -0.13005813 -0.03958738
 -0.04156701  0.03925092    0.07861389 -0.05754200   -0.04156701  0.03925092
 -0.13005813 -0.03958738   -0.04156701  0.03925092    0.06017776 -0.05909964
    2    2
  0.24037277  0.00000000    0.00614758  0.00757093    0.00565654  0.00000000
  0.00614758 -0.00757093    0.29113934  0.00000000    0.00614758 -0.00757093
  0.00565654  0.00000000    0.00614758  0.00757093    0.24037277  0.00000000

     Dynamical  Matrix in cartesian axes

     q = (   -0.750000000  -0.250000000   0.750000000 ) 

    1    1
  0.24037277  0.00000000    0.00614758  0.00757093   -0.00565654  0.00000000
  0.00614758 -0.00757093    0.29113934  0.00000000   -0.00614758  0.00757093
 -0.00565654  0.00000000   -0.00614758 -0.00757093    0.24037277  0.00000000
    1    2
 -0.06017776  0.05909964    0.04156701 -0.03925092   -0.13005813 -0.03958738
  0.04156701 -0.03925092   -0.07861389  0.05754200   -0.04156701  0.03925092
 -0.13005813 -0.03958738   -0.04156701  0.03925092   -0.06017776  0.05909964
    2    1
 -0.06017776 -0.05909964    0.04156701  0.03925092   -0.13005813  0.03958738
  0.04156701  0.03925092   -0.07861389 -0.05754200   -0.04156701 -0.03925092
 -0.13005813  0.03958738   -0.04156701 -0.03925092   -0.06017776 -0.05909964
    2    2
  0.24037277  0.00000000    0.00614758 -0.00757093   -0.00565654  0.00000000
  0.00614758  0.00757093    0.29113934  0.00000000   -0.00614758 -0.00757093
 -0.00565654  0.00000000   -0.00614758  0.00757093    0.24037277  0.00000000

     Dynamical  Matrix in cartesian axes

     q = (   -0.750000000   0.250000000  -0.750000000 ) 

    1    1
  0.24037277  0.00000000   -0.00614758 -0.00757093    0.00565654  0.00000000
 -0.00614758  0.00757093    0.29113934  0.00000000   -0.00614758  0.00757093
  0.00565654  0.00000000   -0.00614758 -0.00757093    0.24037277  0.00000000
    1    2
 -0.05909964 -0.06017776   -0.03925092 -0.04156701   -0.03958738  0.13005813
 -0.03925092 -0.04156701   -0.05754200 -0.07861389   -0.03925092 -0.04156701
 -0.03958738  0.13005813   -0.03925092 -0.04156701   -0.05909964 -0.06017776
    2    1
 -0.05909964  0.06017776   -0.03925092  0.04156701   -0.03958738 -0.13005813
 -0.03925092  0.04156701   -0.05754200  0.07861389   -0.03925092  0.04156701
 -0.03958738 -0.13005813   -0.03925092  0.04156701   -0.05909964  0.06017776
    2    2
  0.24037277  0.00000000   -0.00614758  0.00757093    0.00565654  0.00000000
 -0.00614758 -0.00757093    0.29113934  0.00000000   -0.00614758 -0.00757093
  0.00565654  0.00000000   -0.00614758  0.00757093    0.24037277  0.00000000

     Dynamical  Matrix in cartesian axes

     q = (   -0.250000000   0.750000000  -0.750000000 ) 

    1    1
  0.29113934  0.00000000   -0.00614758  0.00757093    0.00614758 -0.00757093
 -0.00614758 -0.00757093    0.24037277  0.00000000   -0.00565654  0.00000000
  0.00614758  0.00757093   -0.00565654  0.00000000    0.24037277  0.00000000
    1    2
 -0.07861389  0.05754200   -0.04156701  0.03925092    0.04156701 -0.03925092
 -0.04156701  0.03925092   -0.06017776  0.05909964   -0.13005813 -0.03958738
  0.04156701 -0.03925092   -0.13005813 -0.03958738   -0.06017776  0.05909964
    2    1
 -0.07861389 -0.05754200   -0.04156701 -0.03925092    0.04156701  0.03925092
 -0.04156701 -0.03925092   -0.06017776 -0.05909964   -0.13005813  0.03958738
  0.04156701  0.03925092   -0.13005813  0.03958738   -0.06017776 -0.05909964
    2    2
  0.29113934  0.00000000   -0.00614758 -0.00757093    0.00614758  0.00757093
 -0.00614758  0.00757093    0.24037277  0.00000000   -0.00565654  0.00000000
  0.00614758 -0.00757093   -0.00565654  0.00000000    0.24037277  0.00000000

     Dynamical  Matrix in cartesian axes

     q = (   -0.750000000   0.750000000  -0.250000000 ) 

    1    1
  0.24037277  0.00000000   -0.00565654  0.00000000    0.00614758  0.00757093
 -0.00565654  0.00000000    0.24037277  0.00000000   -0.00614758 -0.00757093
  0.00614758 -0.00757093   -0.00614758  0.00757093    0.29113934  0.00000000
    1    2
 -0.06017776  0.05909964   -0.13005813 -0.03958738    0.04156701 -0.03925092
 -0.13005813 -0.03958738   -0.06017776  0.05909964   -0.04156701  0.03925092
  0.04156701 -0.03925092   -0.04156701  0.03925092   -0.07861389  0.05754200
    2    1
 -0.06017776 -0.05909964   -0.13005813  0.03958738    0.04156701  0.03925092
 -0.13005813  0.03958738   -0.06017776 -0.05909964   -0.04156701 -0.03925092
  0.04156701  0.03925092   -0.04156701 -0.03925092   -0.07861389 -0.05754200
    2    2
  0.24037277  0.00000000   -0.00565654  0.00000000    0.00614758 -0.00757093
 -0.00565654  0.00000000    0.24037277  0.00000000   -0.00614758  0.00757093
  0.00614758  0.00757093   -0.00614758 -0.00757093    0.29113934  0.00000000

     Dynamical  Matrix in cartesian axes

     q = (    0.750000000   0.250000000   0.750000000 ) 

    1    1
  0.24037277  0.00000000    0.00614758  0.00757093    0.00565654  0.00000000
  0.00614758 -0.00757093    0.29113934  0.00000000    0.00614758 -0.00757093
  0.00565654  0.00000000    0.00614758  0.00757093    0.24037277  0.00000000
    1    2
  0.06017776 -0.05909964   -0.04156701  0.03925092   -0.13005813 -0.03958738
 -0.04156701  0.03925092    0.07861389 -0.05754200   -0.04156701  0.03925092
 -0.13005813 -0.03958738   -0.04156701  0.03925092    0.06017776 -0.05909964
    2    1
  0.06017776  0.05909964   -0.04156701 -0.03925092   -0.13005813  0.03958738
 -0.04156701 -0.03925092    0.07861389  0.05754200   -0.04156701 -0.03925092
 -0.13005813  0.03958738   -0.04156701 -0.03925092    0.06017776  0.05909964
    2    2
  0.24037277  0.00000000    0.00614758 -0.00757093    0.00565654  0.00000000
  0.00614758  0.00757093    0.29113934  0.00000000    0.00614758  0.00757093
  0.00565654  0.00000000    0.00614758 -0.00757093    0.24037277  0.00000000

     Dynamical  Matrix in cartesian axes

     q = (   -0.750000000   0.250000000   0.750000000 ) 

    1    1
  0.24037277  0.00000000   -0.00614758  0.00757093   -0.00565654  0.00000000
 -0.00614758 -0.00757093    0.29113934  0.00000000    0.00614758  0.00757093
 -0.00565654  0.00000000    0.00614758 -0.00757093    0.24037277  0.00000000
    1    2
 -0.06017776 -0.05909964   -0.04156701 -0.03925092   -0.13005813  0.03958738
 -0.04156701 -0.03925092   -0.07861389 -0.05754200    0.04156701  0.03925092
 -0.13005813  0.03958738    0.04156701  0.03925092   -0.06017776 -0.05909964
    2    1
 -0.06017776  0.05909964   -0.04156701  0.03925092   -0.13005813 -0.03958738
 -0.04156701  0.03925092   -0.07861389  0.05754200    0.04156701 -0.03925092
 -0.13005813 -0.03958738    0.04156701 -0.03925092   -0.06017776  0.05909964
    2    2
  0.24037277  0.00000000   -0.00614758 -0.00757093   -0.00565654  0.00000000
 -0.00614758  0.00757093    0.29113934  0.00000000    0.00614758 -0.00757093
 -0.00565654  0.00000000    0.00614758  0.00757093    0.24037277  0.00000000

     Dynamical  Matrix in cartesian axes

     q = (    0.750000000   0.250000000  -0.750000000 ) 

    1    1
  0.24037277  0.00000000    0.00614758 -0.00757093   -0.00565654  0.00000000
  0.00614758  0.00757093    0.29113934  0.00000000   -0.00614758 -0.00757093
 -0.00565654  0.00000000   -0.00614758  0.00757093    0.24037277  0.00000000
    1    2
 -0.06017776 -0.05909964    0.04156701  0.03925092   -0.13005813  0.03958738
  0.04156701  0.03925092   -0.07861389 -0.05754200   -0.04156701 -0.03925092
 -0.13005813  0.03958738   -0.04156701 -0.03925092   -0.06017776 -0.05909964
    2    1
 -0.06017776  0.05909964    0.04156701 -0.03925092   -0.13005813 -0.03958738
  0.04156701 -0.03925092   -0.07861389  0.05754200   -0.04156701  0.03925092
 -0.13005813 -0.03958738   -0.04156701  0.03925092   -0.06017776  0.05909964
    2    2
  0.24037277  0.00000000    0.00614758  0.00757093   -0.00565654  0.00000000
  0.00614758 -0.00757093    0.29113934  0.00000000   -0.00614758  0.00757093
 -0.00565654  0.00000000   -0.00614758 -0.00757093    0.24037277  0.00000000

     Dynamical  Matrix in cartesian axes

     q = (   -0.750000000   0.750000000   0.250000000 ) 

    1    1
  0.24037277  0.00000000   -0.00565654  0.00000000   -0.00614758  0.00757093
 -0.00565654  0.00000000    0.24037277  0.00000000    0.00614758 -0.00757093
 -0.00614758 -0.00757093    0.00614758  0.00757093    0.29113934  0.00000000
    1    2
 -0.06017776 -0.05909964   -0.13005813  0.03958738   -0.04156701 -0.03925092
 -0.13005813  0.03958738   -0.06017776 -0.05909964    0.04156701  0.03925092
 -0.04156701 -0.03925092    0.04156701  0.03925092   -0.07861389 -0.05754200
    2    1
 -0.06017776  0.05909964   -0.13005813 -0.03958738   -0.04156701  0.03925092
 -0.13005813 -0.03958738   -0.06017776  0.05909964    0.04156701 -0.03925092
 -0.04156701  0.03925092    0.04156701 -0.03925092   -0.07861389  0.05754200
    2    2
  0.24037277  0.00000000   -0.00565654  0.00000000   -0.00614758 -0.00757093
 -0.00565654  0.00000000    0.24037277  0.00000000    0.00614758  0.00757093
 -0.00614758  0.00757093    0.00614758 -0.00757093    0.29113934  0.00000000

     Dynamical  Matrix in cartesian axes

     q = (   -0.250000000   0.750000000   0.750000000 ) 

    1    1
  0.29113934  0.00000000   -0.00614758 -0.00757093   -0.00614758 -0.00757093
 -0.00614758  0.00757093    0.24037277  0.00000000    0.00565654  0.00000000
 -0.00614758  0.00757093    0.00565654  0.00000000    0.24037277  0.00000000
    1    2
 -0.05754200  0.07861389   -0.03925092  0.04156701   -0.03925092  0.04156701
 -0.03925092  0.04156701   -0.05909964  0.06017776   -0.03958738 -0.13005813
 -0.03925092  0.04156701   -0.03958738 -0.13005813   -0.05909964  0.06017776
    2    1
 -0.05754200 -0.07861389   -0.03925092 -0.04156701   -0.03925092 -0.04156701
 -0.03925092 -0.04156701   -0.05909964 -0.06017776   -0.03958738  0.13005813
 -0.03925092 -0.04156701   -0.03958738  0.13005813   -0.05909964 -0.06017776
    2    2
  0.29113934  0.00000000   -0.00614758  0.00757093   -0.00614758  0.00757093
 -0.00614758 -0.00757093    0.24037277  0.00000000    0.00565654  0.00000000
 -0.00614758 -0.00757093    0.00565654  0.00000000    0.24037277  0.00000000

     Dynamical  Matrix in cartesian axes

     q = (    0.250000000   0.750000000  -0.750000000 ) 

    1    1
  0.29113934  0.00000000    0.00614758  0.00757093   -0.00614758 -0.00757093
  0.00614758 -0.00757093    0.24037277  0.00000000   -0.00565654  0.00000000
 -0.00614758  0.00757093   -0.00565654  0.00000000    0.24037277  0.00000000
    1    2
 -0.07861389 -0.05754200    0.04156701  0.03925092   -0.04156701 -0.03925092
  0.04156701  0.03925092   -0.06017776 -0.05909964   -0.13005813  0.03958738
 -0.04156701 -0.03925092   -0.13005813  0.03958738   -0.06017776 -0.05909964
    2    1
 -0.07861389  0.05754200    0.04156701 -0.03925092   -0.04156701  0.03925092
  0.04156701 -0.03925092   -0.06017776  0.05909964   -0.13005813 -0.03958738
 -0.04156701  0.03925092   -0.13005813 -0.03958738   -0.06017776  0.05909964
    2    2
  0.29113934  0.00000000    0.00614758 -0.00757093   -0.00614758  0.00757093
  0.00614758  0.00757093    0.24037277  0.00000000   -0.00565654  0.00000000
 -0.00614758 -0.00757093   -0.00565654  0.00000000    0.24037277  0.00000000

     Dynamical  Matrix in cartesian axes

     q = (   -0.250000000  -0.750000000  -0.750000000 ) 

    1    1
  0.29113934  0.00000000    0.00614758  0.00757093    0.00614758  0.00757093
  0.00614758 -0.00757093    0.24037277  0.00000000    0.00565654  0.00000000
  0.00614758 -0.00757093    0.00565654  0.00000000    0.24037277  0.00000000
    1    2
  0.07861389  0.05754200   -0.04156701 -0.03925092   -0.04156701 -0.03925092
 -0.04156701 -0.03925092    0.06017776  0.05909964   -0.13005813  0.03958738
 -0.04156701 -0.03925092   -0.13005813  0.03958738    0.06017776  0.05909964
    2    1
  0.07861389 -0.05754200   -0.04156701  0.03925092   -0.04156701  0.03925092
 -0.04156701  0.03925092    0.06017776 -0.05909964   -0.13005813 -0.03958738
 -0.04156701  0.03925092   -0.13005813 -0.03958738    0.06017776 -0.05909964
    2    2
  0.29113934  0.00000000    0.00614758 -0.00757093    0.00614758 -0.00757093
  0.00614758  0.00757093    0.24037277  0.00000000    0.00565654  0.00000000
  0.00614758  0.00757093    0.00565654  0.00000000    0.24037277  0.00000000

     Dynamical  Matrix in cartesian axes

     q = (    0.750000000   0.750000000  -0.250000000 ) 

    1    1
  0.24037277  0.00000000    0.00565654  0.00000000   -0.00614758  0.00757093
  0.00565654  0.00000000    0.24037277  0.00000000   -0.00614758  0.00757093
 -0.00614758 -0.00757093   -0.00614758 -0.00757093    0.29113934  0.00000000
    1    2
 -0.05909964  0.06017776   -0.03958738 -0.13005813   -0.03925092  0.04156701
 -0.03958738 -0.13005813   -0.05909964  0.06017776   -0.03925092  0.04156701
 -0.03925092  0.04156701   -0.03925092  0.04156701   -0.05754200  0.07861389
    2    1
 -0.05909964 -0.06017776   -0.03958738  0.13005813   -0.03925092 -0.04156701
 -0.03958738  0.13005813   -0.05909964 -0.06017776   -0.03925092 -0.04156701
 -0.03925092 -0.04156701   -0.03925092 -0.04156701   -0.05754200 -0.07861389
    2    2
  0.24037277  0.00000000    0.00565654  0.00000000   -0.00614758 -0.00757093
  0.00565654  0.00000000    0.24037277  0.00000000   -0.00614758 -0.00757093
 -0.00614758  0.00757093   -0.00614758  0.00757093    0.29113934  0.00000000

     Dynamical  Matrix in cartesian axes

     q = (    0.750000000  -0.750000000   0.250000000 ) 

    1    1
  0.24037277  0.00000000   -0.00565654  0.00000000    0.00614758 -0.00757093
 -0.00565654  0.00000000    0.24037277  0.00000000   -0.00614758  0.00757093
  0.00614758  0.00757093   -0.00614758 -0.00757093    0.29113934  0.00000000
    1    2
 -0.06017776 -0.05909964   -0.13005813  0.03958738    0.04156701  0.03925092
 -0.13005813  0.03958738   -0.06017776 -0.05909964   -0.04156701 -0.03925092
  0.04156701  0.03925092   -0.04156701 -0.03925092   -0.07861389 -0.05754200
    2    1
 -0.06017776  0.05909964   -0.13005813 -0.03958738    0.04156701 -0.03925092
 -0.13005813 -0.03958738   -0.06017776  0.05909964   -0.04156701  0.03925092
  0.04156701 -0.03925092   -0.04156701  0.03925092   -0.07861389  0.05754200
    2    2
  0.24037277  0.00000000   -0.00565654  0.00000000    0.00614758  0.00757093
 -0.00565654  0.00000000    0.24037277  0.00000000   -0.00614758 -0.00757093
  0.00614758 -0.00757093   -0.00614758  0.00757093    0.29113934  0.00000000

     Dynamical  Matrix in cartesian axes

     q = (   -0.750000000  -0.750000000  -0.250000000 ) 

    1    1
  0.24037277  0.00000000    0.00565654  0.00000000    0.00614758 -0.00757093
  0.00565654  0.00000000    0.24037277  0.00000000    0.00614758 -0.00757093
  0.00614758  0.00757093    0.00614758  0.00757093    0.29113934  0.00000000
    1    2
  0.06017776  0.05909964   -0.13005813  0.03958738   -0.04156701 -0.03925092
 -0.13005813  0.03958738    0.06017776  0.05909964   -0.04156701 -0.03925092
 -0.04156701 -0.03925092   -0.04156701 -0.03925092    0.07861389  0.05754200
    2    1
  0.06017776 -0.05909964   -0.13005813 -0.03958738   -0.04156701  0.03925092
 -0.13005813 -0.03958738    0.06017776 -0.05909964   -0.04156701  0.03925092
 -0.04156701  0.03925092   -0.04156701  0.03925092    0.07861389 -0.05754200
    2    2
  0.24037277  0.00000000    0.00565654  0.00000000    0.00614758  0.00757093
  0.00565654  0.00000000    0.24037277  0.00000000    0.00614758  0.00757093
  0.00614758 -0.00757093    0.00614758 -0.00757093    0.29113934  0.00000000

     Dynamical  Matrix in cartesian axes

     q = (    0.250000000  -0.750000000   0.750000000 ) 

    1    1
  0.29113934  0.00000000   -0.00614758 -0.00757093    0.00614758  0.00757093
 -0.00614758  0.00757093    0.24037277  0.00000000   -0.00565654  0.00000000
  0.00614758 -0.00757093   -0.00565654  0.00000000    0.24037277  0.00000000
    1    2
 -0.07861389 -0.05754200   -0.04156701 -0.03925092    0.04156701  0.03925092
 -0.04156701 -0.03925092   -0.06017776 -0.05909964   -0.13005813  0.03958738
  0.04156701  0.03925092   -0.13005813  0.03958738   -0.06017776 -0.05909964
    2    1
 -0.07861389  0.05754200   -0.04156701  0.03925092    0.04156701 -0.03925092
 -0.04156701  0.03925092   -0.06017776  0.05909964   -0.13005813 -0.03958738
  0.04156701 -0.03925092   -0.13005813 -0.03958738   -0.06017776  0.05909964
    2    2
  0.29113934  0.00000000   -0.00614758  0.00757093    0.00614758 -0.00757093
 -0.00614758 -0.00757093    0.24037277  0.00000000   -0.00565654  0.00000000
  0.00614758  0.00757093   -0.00565654  0.00000000    0.24037277  0.00000000

     Dynamical  Matrix in cartesian axes

     q = (   -0.750000000  -0.750000000   0.250000000 ) 

    1    1
  0.24037277  0.00000000    0.00565654  0.00000000   -0.00614758 -0.00757093
  0.00565654  0.00000000    0.24037277  0.00000000   -0.00614758 -0.00757093
 -0.00614758  0.00757093   -0.00614758  0.00757093    0.29113934  0.00000000
    1    2
 -0.05909964 -0.06017776   -0.03958738  0.13005813   -0.03925092 -0.04156701
 -0.03958738  0.13005813   -0.05909964 -0.06017776   -0.03925092 -0.04156701
 -0.03925092 -0.04156701   -0.03925092 -0.04156701   -0.05754200 -0.07861389
    2    1
 -0.05909964  0.06017776   -0.03958738 -0.13005813   -0.03925092  0.04156701
 -0.03958738 -0.13005813   -0.05909964  0.06017776   -0.03925092  0.04156701
 -0.03925092  0.04156701   -0.03925092  0.04156701   -0.05754200  0.07861389
    2    2
  0.24037277  0.00000000    0.00565654  0.00000000   -0.00614758  0.00757093
  0.00565654  0.00000000    0.24037277  0.00000000   -0.00614758  0.00757093
 -0.00614758 -0.00757093   -0.00614758 -0.00757093    0.29113934  0.00000000

     Dynamical  Matrix in cartesian axes

     q = (    0.250000000   0.750000000   0.750000000 ) 

    1    1
  0.29113934  0.00000000    0.00614758 -0.00757093    0.00614758 -0.00757093
  0.00614758  0.00757093    0.24037277  0.00000000    0.00565654  0.00000000
  0.00614758  0.00757093    0.00565654  0.00000000    0.24037277  0.00000000
    1    2
  0.07861389 -0.05754200   -0.04156701  0.03925092   -0.04156701  0.03925092
 -0.04156701  0.03925092    0.06017776 -0.05909964   -0.13005813 -0.03958738
 -0.04156701  0.03925092   -0.13005813 -0.03958738    0.06017776 -0.05909964
    2    1
  0.07861389  0.05754200   -0.04156701 -0.03925092   -0.04156701 -0.03925092
 -0.04156701 -0.03925092    0.06017776  0.05909964   -0.13005813  0.03958738
 -0.04156701 -0.03925092   -0.13005813  0.03958738    0.06017776  0.05909964
    2    2
  0.29113934  0.00000000    0.00614758  0.00757093    0.00614758  0.00757093
  0.00614758 -0.00757093    0.24037277  0.00000000    0.00565654  0.00000000
  0.00614758 -0.00757093    0.00565654  0.00000000    0.24037277  0.00000000

     Dynamical  Matrix in cartesian axes

     q = (   -0.250000000  -0.750000000   0.750000000 ) 

    1    1
  0.29113934  0.00000000    0.00614758 -0.00757093   -0.00614758  0.00757093
  0.00614758  0.00757093    0.24037277  0.00000000   -0.00565654  0.00000000
 -0.00614758 -0.00757093   -0.00565654  0.00000000    0.24037277  0.00000000
    1    2
 -0.07861389  0.05754200    0.04156701 -0.03925092   -0.04156701  0.03925092
  0.04156701 -0.03925092   -0.06017776  0.05909964   -0.13005813 -0.03958738
 -0.04156701  0.03925092   -0.13005813 -0.03958738   -0.06017776  0.05909964
    2    1
 -0.07861389 -0.05754200    0.04156701  0.03925092   -0.04156701 -0.03925092
  0.04156701  0.03925092   -0.06017776 -0.05909964   -0.13005813  0.03958738
 -0.04156701 -0.03925092   -0.13005813  0.03958738   -0.06017776 -0.05909964
    2    2
  0.29113934  0.00000000    0.00614758  0.00757093   -0.00614758 -0.00757093
  0.00614758 -0.00757093    0.24037277  0.00000000   -0.00565654  0.00000000
 -0.00614758  0.00757093   -0.00565654  0.00000000    0.24037277  0.00000000

     Dynamical  Matrix in cartesian axes

     q = (    0.750000000   0.750000000   0.250000000 ) 

    1    1
  0.24037277  0.00000000    0.00565654  0.00000000    0.00614758  0.00757093
  0.00565654  0.00000000    0.24037277  0.00000000    0.00614758  0.00757093
  0.00614758 -0.00757093    0.00614758 -0.00757093    0.29113934  0.00000000
    1    2
  0.06017776 -0.05909964   -0.13005813 -0.03958738   -0.04156701  0.03925092
 -0.13005813 -0.03958738    0.06017776 -0.05909964   -0.04156701  0.03925092
 -0.04156701  0.03925092   -0.04156701  0.03925092    0.07861389 -0.05754200
    2    1
  0.06017776  0.05909964   -0.13005813  0.03958738   -0.04156701 -0.03925092
 -0.13005813  0.03958738    0.06017776  0.05909964   -0.04156701 -0.03925092
 -0.04156701 -0.03925092   -0.04156701 -0.03925092    0.07861389  0.05754200
    2    2
  0.24037277  0.00000000    0.00565654  0.00000000    0.00614758 -0.00757093
  0.00565654  0.00000000    0.24037277  0.00000000    0.00614758 -0.00757093
  0.00614758  0.00757093    0.00614758  0.00757093    0.29113934  0.00000000

     Dynamical  Matrix in cartesian axes

     q = (    0.250000000  -0.750000000  -0.750000000 ) 

    1    1
  0.29113934  0.00000000   -0.00614758  0.00757093   -0.00614758  0.00757093
 -0.00614758 -0.00757093    0.24037277  0.00000000    0.00565654  0.00000000
 -0.00614758 -0.00757093    0.00565654  0.00000000    0.24037277  0.00000000
    1    2
 -0.05754200 -0.07861389   -0.03925092 -0.04156701   -0.03925092 -0.04156701
 -0.03925092 -0.04156701   -0.05909964 -0.06017776   -0.03958738  0.13005813
 -0.03925092 -0.04156701   -0.03958738  0.13005813   -0.05909964 -0.06017776
    2    1
 -0.05754200  0.07861389   -0.03925092  0.04156701   -0.03925092  0.04156701
 -0.03925092  0.04156701   -0.05909964  0.06017776   -0.03958738 -0.13005813
 -0.03925092  0.04156701   -0.03958738 -0.13005813   -0.05909964  0.06017776
    2    2
  0.29113934  0.00000000   -0.00614758 -0.00757093   -0.00614758 -0.00757093
 -0.00614758  0.00757093    0.24037277  0.00000000    0.00565654  0.00000000
 -0.00614758  0.00757093    0.00565654  0.00000000    0.24037277  0.00000000

     Dynamical  Matrix in cartesian axes

     q = (    0.750000000  -0.750000000  -0.250000000 ) 

    1    1
  0.24037277  0.00000000   -0.00565654  0.00000000   -0.00614758 -0.00757093
 -0.00565654  0.00000000    0.24037277  0.00000000    0.00614758  0.00757093
 -0.00614758  0.00757093    0.00614758 -0.00757093    0.29113934  0.00000000
    1    2
 -0.06017776  0.05909964   -0.13005813 -0.03958738   -0.04156701  0.03925092
 -0.13005813 -0.03958738   -0.06017776  0.05909964    0.04156701 -0.03925092
 -0.04156701  0.03925092    0.04156701 -0.03925092   -0.07861389  0.05754200
    2    1
 -0.06017776 -0.05909964   -0.13005813  0.03958738   -0.04156701 -0.03925092
 -0.13005813  0.03958738   -0.06017776 -0.05909964    0.04156701  0.03925092
 -0.04156701 -0.03925092    0.04156701  0.03925092   -0.07861389 -0.05754200
    2    2
  0.24037277  0.00000000   -0.00565654  0.00000000   -0.00614758  0.00757093
 -0.00565654  0.00000000    0.24037277  0.00000000    0.00614758 -0.00757093
 -0.00614758 -0.00757093    0.00614758  0.00757093    0.29113934  0.00000000

     Diagonalizing the dynamical matrix

     q = (    0.750000000  -0.250000000   0.750000000 ) 

 **************************************************************************
     freq (    1) =       4.287668 [THz] =     143.021226 [cm-1]
 ( -0.051017  0.497390 -0.000000  0.000000  0.051017 -0.497390 ) 
 ( -0.500000  0.000000 -0.000000 -0.000000  0.500000  0.000000 ) 
     freq (    2) =       5.895726 [THz] =     196.660257 [cm-1]
 ( -0.392294 -0.156794 -0.345156  0.154625 -0.392294 -0.156794 ) 
 ( -0.422468  0.000000 -0.263117 -0.271682 -0.422468  0.000000 ) 
     freq (    3) =       9.277378 [THz] =     309.460017 [cm-1]
 ( -0.107416  0.292977 -0.389154 -0.392188 -0.107416  0.292977 ) 
 (  0.312048  0.000000 -0.234261 -0.500373  0.312048  0.000000 ) 
     freq (    4) =      11.932499 [THz] =     398.025313 [cm-1]
 ( -0.093653 -0.319468  0.404888  0.338237 -0.093653 -0.319468 ) 
 (  0.332912  0.000000 -0.438479 -0.293386  0.332912  0.000000 ) 
     freq (    5) =      13.419750 [THz] =     447.634691 [cm-1]
 ( -0.051017  0.497390  0.000000  0.000000  0.051017 -0.497390 ) 
 (  0.500000  0.000000 -0.000000 -0.000000 -0.500000  0.000000 ) 
     freq (    6) =      13.820667 [THz] =     461.007816 [cm-1]
 (  0.300140  0.152421  0.472855 -0.223104  0.300140  0.152421 ) 
 ( -0.336625 -0.000000 -0.320586 -0.413028 -0.336625  0.000000 ) 
 **************************************************************************
