Dynamical matrix file
                                                                           
  1    2  2 10.4200000  0.0000000  0.0000000  0.0000000  0.0000000  0.0000000
           1  'Si  '    25598.822984527003     
    1    1      0.0000000000      0.0000000000      0.0000000000
    2    1      0.2500000000      0.2500000000      0.2500000000

     Dynamical  Matrix in cartesian axes

     q = (    0.750000000  -0.250000000   0.750000000 ) 

    1    1
  0.24818609  0.00000000   -0.00445334  0.00742819    0.00116207  0.00000000
 -0.00445334 -0.00742819    0.30216154  0.00000000   -0.00445334 -0.00742819
  0.00116207  0.00000000   -0.00445334  0.00742819    0.24818609  0.00000000
    1    2
 -0.04840898  0.08085897   -0.03157263  0.03619096   -0.03784516 -0.11913543
 -0.03157263  0.03619096   -0.04705875  0.09992599   -0.03157263  0.03619096
 -0.03784516 -0.11913543   -0.03157263  0.03619096   -0.04840898  0.08085897
    2    1
 -0.04840898 -0.08085897   -0.03157263 -0.03619096   -0.03784516  0.11913543
 -0.03157263 -0.03619096   -0.04705875 -0.09992599   -0.03157263 -0.03619096
 -0.03784516  0.11913543   -0.03157263 -0.03619096   -0.04840898 -0.08085897
    2    2
  0.24818609  0.00000000   -0.00445334 -0.00742819    0.00116207  0.00000000
 -0.00445334  0.00742819    0.30216154  0.00000000   -0.00445334  0.00742819
  0.00116207  0.00000000   -0.00445334 -0.00742819    0.24818609  0.00000000

     Dynamical  Matrix in cartesian axes

     q = (    0.750000000  -0.250000000  -0.750000000 ) 

    1    1
  0.24818609  0.00000000   -0.00445334 -0.00742819   -0.00116207  0.00000000
 -0.00445334  0.00742819    0.30216154  0.00000000    0.00445334 -0.00742819
 -0.00116207  0.00000000    0.00445334  0.00742819    0.24818609  0.00000000
    1    2
 -0.08085897  0.04840898   -0.03619096  0.03157263   -0.11913543 -0.03784516
 -0.03619096  0.03157263   -0.09992599  0.04705875    0.03619096 -0.03157263
 -0.11913543 -0.03784516    0.03619096 -0.03157263   -0.08085897  0.04840898
    2    1
 -0.08085897 -0.04840898   -0.03619096 -0.03157263   -0.11913543  0.03784516
 -0.03619096 -0.03157263   -0.09992599 -0.04705875    0.03619096  0.03157263
 -0.11913543  0.03784516    0.03619096  0.03157263   -0.08085897 -0.04840898
    2    2
  0.24818609  0.00000000   -0.00445334  0.00742819   -0.00116207  0.00000000
 -0.00445334 -0.00742819    0.30216154  0.00000000    0.00445334  0.00742819
 -0.00116207  0.00000000    0.00445334 -0.00742819    0.24818609  0.00000000

     Dynamical  Matrix in cartesian axes

     q = (   -0.750000000  -0.250000000  -0.750000000 ) 

    1    1
  0.24818609  0.00000000    0.00445334 -0.00742819    0.00116207  0.00000000
  0.00445334  0.00742819    0.30216154  0.00000000    0.00445334  0.00742819
  0.00116207  0.00000000    0.00445334 -0.00742819    0.24818609  0.00000000
    1    2
  0.08085897  0.04840898   -0.03619096 -0.03157263   -0.11913543  0.03784516
 -0.03619096 -0.03157263    0.09992599  0.04705875   -0.03619096 -0.03157263
 -0.11913543  0.03784516   -0.03619096 -0.03157263    0.08085897  0.04840898
    2    1
  0.08085897 -0.04840898   -0.03619096  0.03157263   -0.11913543 -0.03784516
 -0.03619096  0.03157263    0.09992599 -0.04705875   -0.03619096  0.03157263
 -0.11913543 -0.03784516   -0.03619096  0.03157263    0.08085897 -0.04840898
    2    2
  0.24818609  0.00000000    0.00445334  0.00742819    0.00116207  0.00000000
  0.00445334 -0.00742819    0.30216154  0.00000000    0.00445334 -0.00742819
  0.00116207  0.00000000    0.00445334  0.00742819    0.24818609  0.00000000

     Dynamical  Matrix in cartesian axes

     q = (   -0.750000000  -0.250000000   0.750000000 ) 

    1    1
  0.24818609  0.00000000    0.00445334  0.00742819   -0.00116207  0.00000000
  0.00445334 -0.00742819    0.30216154  0.00000000   -0.00445334  0.00742819
 -0.00116207  0.00000000   -0.00445334 -0.00742819    0.24818609  0.00000000
    1    2
 -0.08085897  0.04840898    0.03619096 -0.03157263   -0.11913543 -0.03784516
  0.03619096 -0.03157263   -0.09992599  0.04705875   -0.03619096  0.03157263
 -0.11913543 -0.03784516   -0.03619096  0.03157263   -0.08085897  0.04840898
    2    1
 -0.08085897 -0.04840898    0.03619096  0.03157263   -0.11913543  0.03784516
  0.03619096  0.03157263   -0.09992599 -0.04705875   -0.03619096 -0.03157263
 -0.11913543  0.03784516   -0.03619096 -0.03157263   -0.08085897 -0.04840898
    2    2
  0.24818609  0.00000000    0.00445334 -0.00742819   -0.00116207  0.00000000
  0.00445334  0.00742819    0.30216154  0.00000000   -0.00445334 -0.00742819
 -0.00116207  0.00000000   -0.00445334  0.00742819    0.24818609  0.00000000

     Dynamical  Matrix in cartesian axes

     q = (   -0.750000000   0.250000000  -0.750000000 ) 

    1    1
  0.24818609  0.00000000   -0.00445334 -0.00742819    0.00116207  0.00000000
 -0.00445334  0.00742819    0.30216154  0.00000000   -0.00445334  0.00742819
  0.00116207  0.00000000   -0.00445334 -0.00742819    0.24818609  0.00000000
    1    2
 -0.04840898 -0.08085897   -0.03157263 -0.03619096   -0.03784516  0.11913543
 -0.03157263 -0.03619096   -0.04705875 -0.09992599   -0.03157263 -0.03619096
 -0.03784516  0.11913543   -0.03157263 -0.03619096   -0.04840898 -0.08085897
    2    1
 -0.04840898  0.08085897   -0.03157263  0.03619096   -0.03784516 -0.11913543
 -0.03157263  0.03619096   -0.04705875  0.09992599   -0.03157263  0.03619096
 -0.03784516 -0.11913543   -0.03157263  0.03619096   -0.04840898  0.08085897
    2    2
  0.24818609  0.00000000   -0.00445334  0.00742819    0.00116207  0.00000000
 -0.00445334 -0.00742819    0.30216154  0.00000000   -0.00445334 -0.00742819
  0.00116207  0.00000000   -0.00445334  0.00742819    0.24818609  0.00000000

     Dynamical  Matrix in cartesian axes

     q = (   -0.250000000   0.750000000  -0.750000000 ) 

    1    1
  0.30216154  0.00000000   -0.00445334  0.00742819    0.00445334 -0.00742819
 -0.00445334 -0.00742819    0.24818609  0.00000000   -0.00116207  0.00000000
  0.00445334  0.00742819   -0.00116207  0.00000000    0.24818609  0.00000000
    1    2
 -0.09992599  0.04705875   -0.03619096  0.03157263    0.03619096 -0.03157263
 -0.03619096  0.03157263   -0.08085897  0.04840898   -0.11913543 -0.03784516
  0.03619096 -0.03157263   -0.11913543 -0.03784516   -0.08085897  0.04840898
    2    1
 -0.09992599 -0.04705875   -0.03619096 -0.03157263    0.03619096  0.03157263
 -0.03619096 -0.03157263   -0.08085897 -0.04840898   -0.11913543  0.03784516
  0.03619096  0.03157263   -0.11913543  0.03784516   -0.08085897 -0.04840898
    2    2
  0.30216154  0.00000000   -0.00445334 -0.00742819    0.00445334  0.00742819
 -0.00445334  0.00742819    0.24818609  0.00000000   -0.00116207  0.00000000
  0.00445334 -0.00742819   -0.00116207  0.00000000    0.24818609  0.00000000

     Dynamical  Matrix in cartesian axes

     q = (   -0.750000000   0.750000000  -0.250000000 ) 

    1    1
  0.24818609  0.00000000   -0.00116207  0.00000000    0.00445334  0.00742819
 -0.00116207  0.00000000    0.24818609  0.00000000   -0.00445334 -0.00742819
  0.00445334 -0.00742819   -0.00445334  0.00742819    0.30216154  0.00000000
    1    2
 -0.08085897  0.04840898   -0.11913543 -0.03784516    0.03619096 -0.03157263
 -0.11913543 -0.03784516   -0.08085897  0.04840898   -0.03619096  0.03157263
  0.03619096 -0.03157263   -0.03619096  0.03157263   -0.09992599  0.04705875
    2    1
 -0.08085897 -0.04840898   -0.11913543  0.03784516    0.03619096  0.03157263
 -0.11913543  0.03784516   -0.08085897 -0.04840898   -0.03619096 -0.03157263
  0.03619096  0.03157263   -0.03619096 -0.03157263   -0.09992599 -0.04705875
    2    2
  0.24818609  0.00000000   -0.00116207  0.00000000    0.00445334 -0.00742819
 -0.00116207  0.00000000    0.24818609  0.00000000   -0.00445334  0.00742819
  0.00445334  0.00742819   -0.00445334 -0.00742819    0.30216154  0.00000000

     Dynamical  Matrix in cartesian axes

     q = (    0.750000000   0.250000000   0.750000000 ) 

    1    1
  0.24818609  0.00000000    0.00445334  0.00742819    0.00116207  0.00000000
  0.00445334 -0.00742819    0.30216154  0.00000000    0.00445334 -0.00742819
  0.00116207  0.00000000    0.00445334  0.00742819    0.24818609  0.00000000
    1    2
  0.08085897 -0.04840898   -0.03619096  0.03157263   -0.11913543 -0.03784516
 -0.03619096  0.03157263    0.09992599 -0.04705875   -0.03619096  0.03157263
 -0.11913543 -0.03784516   -0.03619096  0.03157263    0.08085897 -0.04840898
    2    1
  0.08085897  0.04840898   -0.03619096 -0.03157263   -0.11913543  0.03784516
 -0.03619096 -0.03157263    0.09992599  0.04705875   -0.03619096 -0.03157263
 -0.11913543  0.03784516   -0.03619096 -0.03157263    0.08085897  0.04840898
    2    2
  0.24818609  0.00000000    0.00445334 -0.00742819    0.00116207  0.00000000
  0.00445334  0.00742819    0.30216154  0.00000000    0.00445334  0.00742819
  0.00116207  0.00000000    0.00445334 -0.00742819    0.24818609  0.00000000

     Dynamical  Matrix in cartesian axes

     q = (   -0.750000000   0.250000000   0.750000000 ) 

    1    1
  0.24818609  0.00000000   -0.00445334  0.00742819   -0.00116207  0.00000000
 -0.00445334 -0.00742819    0.30216154  0.00000000    0.00445334  0.00742819
 -0.00116207  0.00000000    0.00445334 -0.00742819    0.24818609  0.00000000
    1    2
 -0.08085897 -0.04840898   -0.03619096 -0.03157263   -0.11913543  0.03784516
 -0.03619096 -0.03157263   -0.09992599 -0.04705875    0.03619096  0.03157263
 -0.11913543  0.03784516    0.03619096  0.03157263   -0.08085897 -0.04840898
    2    1
 -0.08085897  0.04840898   -0.03619096  0.03157263   -0.11913543 -0.03784516
 -0.03619096  0.03157263   -0.09992599  0.04705875    0.03619096 -0.03157263
 -0.11913543 -0.03784516    0.03619096 -0.03157263   -0.08085897  0.04840898
    2    2
  0.24818609  0.00000000   -0.00445334 -0.00742819   -0.00116207  0.00000000
 -0.00445334  0.00742819    0.30216154  0.00000000    0.00445334 -0.00742819
 -0.00116207  0.00000000    0.00445334  0.00742819    0.24818609  0.00000000

     Dynamical  Matrix in cartesian axes

     q = (    0.750000000   0.250000000  -0.750000000 ) 

    1    1
  0.24818609  0.00000000    0.00445334 -0.00742819   -0.00116207  0.00000000
  0.00445334  0.00742819    0.30216154  0.00000000   -0.00445334 -0.00742819
 -0.00116207  0.00000000   -0.00445334  0.00742819    0.24818609  0.00000000
    1    2
 -0.08085897 -0.04840898    0.03619096  0.03157263   -0.11913543  0.03784516
  0.03619096  0.03157263   -0.09992599 -0.04705875   -0.03619096 -0.03157263
 -0.11913543  0.03784516   -0.03619096 -0.03157263   -0.08085897 -0.04840898
    2    1
 -0.08085897  0.04840898    0.03619096 -0.03157263   -0.11913543 -0.03784516
  0.03619096 -0.03157263   -0.09992599  0.04705875   -0.03619096  0.03157263
 -0.11913543 -0.03784516   -0.03619096  0.03157263   -0.08085897  0.04840898
    2    2
  0.24818609  0.00000000    0.00445334  0.00742819   -0.00116207  0.00000000
  0.00445334 -0.00742819    0.30216154  0.00000000   -0.00445334  0.00742819
 -0.00116207  0.00000000   -0.00445334 -0.00742819    0.24818609  0.00000000

     Dynamical  Matrix in cartesian axes

     q = (   -0.750000000   0.750000000   0.250000000 ) 

    1    1
  0.24818609  0.00000000   -0.00116207  0.00000000   -0.00445334  0.00742819
 -0.00116207  0.00000000    0.24818609  0.00000000    0.00445334 -0.00742819
 -0.00445334 -0.00742819    0.00445334  0.00742819    0.30216154  0.00000000
    1    2
 -0.08085897 -0.04840898   -0.11913543  0.03784516   -0.03619096 -0.03157263
 -0.11913543  0.03784516   -0.08085897 -0.04840898    0.03619096  0.03157263
 -0.03619096 -0.03157263    0.03619096  0.03157263   -0.09992599 -0.04705875
    2    1
 -0.08085897  0.04840898   -0.11913543 -0.03784516   -0.03619096  0.03157263
 -0.11913543 -0.03784516   -0.08085897  0.04840898    0.03619096 -0.03157263
 -0.03619096  0.03157263    0.03619096 -0.03157263   -0.09992599  0.04705875
    2    2
  0.24818609  0.00000000   -0.00116207  0.00000000   -0.00445334 -0.00742819
 -0.00116207  0.00000000    0.24818609  0.00000000    0.00445334  0.00742819
 -0.00445334  0.00742819    0.00445334 -0.00742819    0.30216154  0.00000000

     Dynamical  Matrix in cartesian axes

     q = (   -0.250000000   0.750000000   0.750000000 ) 

    1    1
  0.30216154  0.00000000   -0.00445334 -0.00742819   -0.00445334 -0.00742819
 -0.00445334  0.00742819    0.24818609  0.00000000    0.00116207  0.00000000
 -0.00445334  0.00742819    0.00116207  0.00000000    0.24818609  0.00000000
    1    2
 -0.04705875  0.09992599   -0.03157263  0.03619096   -0.03157263  0.03619096
 -0.03157263  0.03619096   -0.04840898  0.08085897   -0.03784516 -0.11913543
 -0.03157263  0.03619096   -0.03784516 -0.11913543   -0.04840898  0.08085897
    2    1
 -0.04705875 -0.09992599   -0.03157263 -0.03619096   -0.03157263 -0.03619096
 -0.03157263 -0.03619096   -0.04840898 -0.08085897   -0.03784516  0.11913543
 -0.03157263 -0.03619096   -0.03784516  0.11913543   -0.04840898 -0.08085897
    2    2
  0.30216154  0.00000000   -0.00445334  0.00742819   -0.00445334  0.00742819
 -0.00445334 -0.00742819    0.24818609  0.00000000    0.00116207  0.00000000
 -0.00445334 -0.00742819    0.00116207  0.00000000    0.24818609  0.00000000

     Dynamical  Matrix in cartesian axes

     q = (    0.250000000   0.750000000  -0.750000000 ) 

    1    1
  0.30216154  0.00000000    0.00445334  0.00742819   -0.00445334 -0.00742819
  0.00445334 -0.00742819    0.24818609  0.00000000   -0.00116207  0.00000000
 -0.00445334  0.00742819   -0.00116207  0.00000000    0.24818609  0.00000000
    1    2
 -0.09992599 -0.04705875    0.03619096  0.03157263   -0.03619096 -0.03157263
  0.03619096  0.03157263   -0.08085897 -0.04840898   -0.11913543  0.03784516
 -0.03619096 -0.03157263   -0.11913543  0.03784516   -0.08085897 -0.04840898
    2    1
 -0.09992599  0.04705875    0.03619096 -0.03157263   -0.03619096  0.03157263
  0.03619096 -0.03157263   -0.08085897  0.04840898   -0.11913543 -0.03784516
 -0.03619096  0.03157263   -0.11913543 -0.03784516   -0.08085897  0.04840898
    2    2
  0.30216154  0.00000000    0.00445334 -0.00742819   -0.00445334  0.00742819
  0.00445334  0.00742819    0.24818609  0.00000000   -0.00116207  0.00000000
 -0.00445334 -0.00742819   -0.00116207  0.00000000    0.24818609  0.00000000

     Dynamical  Matrix in cartesian axes

     q = (   -0.250000000  -0.750000000  -0.750000000 ) 

    1    1
  0.30216154  0.00000000    0.00445334  0.00742819    0.00445334  0.00742819
  0.00445334 -0.00742819    0.24818609  0.00000000    0.00116207  0.00000000
  0.00445334 -0.00742819    0.00116207  0.00000000    0.24818609  0.00000000
    1    2
  0.09992599  0.04705875   -0.03619096 -0.03157263   -0.03619096 -0.03157263
 -0.03619096 -0.03157263    0.08085897  0.04840898   -0.11913543  0.03784516
 -0.03619096 -0.03157263   -0.11913543  0.03784516    0.08085897  0.04840898
    2    1
  0.09992599 -0.04705875   -0.03619096  0.03157263   -0.03619096  0.03157263
 -0.03619096  0.03157263    0.08085897 -0.04840898   -0.11913543 -0.03784516
 -0.03619096  0.03157263   -0.11913543 -0.03784516    0.08085897 -0.04840898
    2    2
  0.30216154  0.00000000    0.00445334 -0.00742819    0.00445334 -0.00742819
  0.00445334  0.00742819    0.24818609  0.00000000    0.00116207  0.00000000
  0.00445334  0.00742819    0.00116207  0.00000000    0.24818609  0.00000000

     Dynamical  Matrix in cartesian axes

     q = (    0.750000000   0.750000000  -0.250000000 ) 

    1    1
  0.24818609  0.00000000    0.00116207  0.00000000   -0.00445334  0.00742819
  0.00116207  0.00000000    0.24818609  0.00000000   -0.00445334  0.00742819
 -0.00445334 -0.00742819   -0.00445334 -0.00742819    0.30216154  0.00000000
    1    2
 -0.04840898  0.08085897   -0.03784516 -0.11913543   -0.03157263  0.03619096
 -0.03784516 -0.11913543   -0.04840898  0.08085897   -0.03157263  0.03619096
 -0.03157263  0.03619096   -0.03157263  0.03619096   -0.04705875  0.09992599
    2    1
 -0.04840898 -0.08085897   -0.03784516  0.11913543   -0.03157263 -0.03619096
 -0.03784516  0.11913543   -0.04840898 -0.08085897   -0.03157263 -0.03619096
 -0.03157263 -0.03619096   -0.03157263 -0.03619096   -0.04705875 -0.09992599
    2    2
  0.24818609  0.00000000    0.00116207  0.00000000   -0.00445334 -0.00742819
  0.00116207  0.00000000    0.24818609  0.00000000   -0.00445334 -0.00742819
 -0.00445334  0.00742819   -0.00445334  0.00742819    0.30216154  0.00000000

     Dynamical  Matrix in cartesian axes

     q = (    0.750000000  -0.750000000   0.250000000 ) 

    1    1
  0.24818609  0.00000000   -0.00116207  0.00000000    0.00445334 -0.00742819
 -0.00116207  0.00000000    0.24818609  0.00000000   -0.00445334  0.00742819
  0.00445334  0.00742819   -0.00445334 -0.00742819    0.30216154  0.00000000
    1    2
 -0.08085897 -0.04840898   -0.11913543  0.03784516    0.03619096  0.03157263
 -0.11913543  0.03784516   -0.08085897 -0.04840898   -0.03619096 -0.03157263
  0.03619096  0.03157263   -0.03619096 -0.03157263   -0.09992599 -0.04705875
    2    1
 -0.08085897  0.04840898   -0.11913543 -0.03784516    0.03619096 -0.03157263
 -0.11913543 -0.03784516   -0.08085897  0.04840898   -0.03619096  0.03157263
  0.03619096 -0.03157263   -0.03619096  0.03157263   -0.09992599  0.04705875
    2    2
  0.24818609  0.00000000   -0.00116207  0.00000000    0.00445334  0.00742819
 -0.00116207  0.00000000    0.24818609  0.00000000   -0.00445334 -0.00742819
  0.00445334 -0.00742819   -0.00445334  0.00742819    0.30216154  0.00000000

     Dynamical  Matrix in cartesian axes

     q = (   -0.750000000  -0.750000000  -0.250000000 ) 

    1    1
  0.24818609  0.00000000    0.00116207  0.00000000    0.00445334 -0.00742819
  0.00116207  0.00000000    0.24818609  0.00000000    0.00445334 -0.00742819
  0.00445334  0.00742819    0.00445334  0.00742819    0.30216154  0.00000000
    1    2
  0.08085897  0.04840898   -0.11913543  0.03784516   -0.03619096 -0.03157263
 -0.11913543  0.03784516    0.08085897  0.04840898   -0.03619096 -0.03157263
 -0.03619096 -0.03157263   -0.03619096 -0.03157263    0.09992599  0.04705875
    2    1
  0.08085897 -0.04840898   -0.11913543 -0.03784516   -0.03619096  0.03157263
 -0.11913543 -0.03784516    0.08085897 -0.04840898   -0.03619096  0.03157263
 -0.03619096  0.03157263   -0.03619096  0.03157263    0.09992599 -0.04705875
    2    2
  0.24818609  0.00000000    0.00116207  0.00000000    0.00445334  0.00742819
  0.00116207  0.00000000    0.24818609  0.00000000    0.00445334  0.00742819
  0.00445334 -0.00742819    0.00445334 -0.00742819    0.30216154  0.00000000

     Dynamical  Matrix in cartesian axes

     q = (    0.250000000  -0.750000000   0.750000000 ) 

    1    1
  0.30216154  0.00000000   -0.00445334 -0.00742819    0.00445334  0.00742819
 -0.00445334  0.00742819    0.24818609  0.00000000   -0.00116207  0.00000000
  0.00445334 -0.00742819   -0.00116207  0.00000000    0.24818609  0.00000000
    1    2
 -0.09992599 -0.04705875   -0.03619096 -0.03157263    0.03619096  0.03157263
 -0.03619096 -0.03157263   -0.08085897 -0.04840898   -0.11913543  0.03784516
  0.03619096  0.03157263   -0.11913543  0.03784516   -0.08085897 -0.04840898
    2    1
 -0.09992599  0.04705875   -0.03619096  0.03157263    0.03619096 -0.03157263
 -0.03619096  0.03157263   -0.08085897  0.04840898   -0.11913543 -0.03784516
  0.03619096 -0.03157263   -0.11913543 -0.03784516   -0.08085897  0.04840898
    2    2
  0.30216154  0.00000000   -0.00445334  0.00742819    0.00445334 -0.00742819
 -0.00445334 -0.00742819    0.24818609  0.00000000   -0.00116207  0.00000000
  0.00445334  0.00742819   -0.00116207  0.00000000    0.24818609  0.00000000

     Dynamical  Matrix in cartesian axes

     q = (   -0.750000000  -0.750000000   0.250000000 ) 

    1    1
  0.24818609  0.00000000    0.00116207  0.00000000   -0.00445334 -0.00742819
  0.00116207  0.00000000    0.24818609  0.00000000   -0.00445334 -0.00742819
 -0.00445334  0.00742819   -0.00445334  0.00742819    0.30216154  0.00000000
    1    2
 -0.04840898 -0.08085897   -0.03784516  0.11913543   -0.03157263 -0.03619096
 -0.03784516  0.11913543   -0.04840898 -0.08085897   -0.03157263 -0.03619096
 -0.03157263 -0.03619096   -0.03157263 -0.03619096   -0.04705875 -0.09992599
    2    1
 -0.04840898  0.08085897   -0.03784516 -0.11913543   -0.03157263  0.03619096
 -0.03784516 -0.11913543   -0.04840898  0.08085897   -0.03157263  0.03619096
 -0.03157263  0.03619096   -0.03157263  0.03619096   -0.04705875  0.09992599
    2    2
  0.24818609  0.00000000    0.00116207  0.00000000   -0.00445334  0.00742819
  0.00116207  0.00000000    0.24818609  0.00000000   -0.00445334  0.00742819
 -0.00445334 -0.00742819   -0.00445334 -0.00742819    0.30216154  0.00000000

     Dynamical  Matrix in cartesian axes

     q = (    0.250000000   0.750000000   0.750000000 ) 

    1    1
  0.30216154  0.00000000    0.00445334 -0.00742819    0.00445334 -0.00742819
  0.00445334  0.00742819    0.24818609  0.00000000    0.00116207  0.00000000
  0.00445334  0.00742819    0.00116207  0.00000000    0.24818609  0.00000000
    1    2
  0.09992599 -0.04705875   -0.03619096  0.03157263   -0.03619096  0.03157263
 -0.03619096  0.03157263    0.08085897 -0.04840898   -0.11913543 -0.03784516
 -0.03619096  0.03157263   -0.11913543 -0.03784516    0.08085897 -0.04840898
    2    1
  0.09992599  0.04705875   -0.03619096 -0.03157263   -0.03619096 -0.03157263
 -0.03619096 -0.03157263    0.08085897  0.04840898   -0.11913543  0.03784516
 -0.03619096 -0.03157263   -0.11913543  0.03784516    0.08085897  0.04840898
    2    2
  0.30216154  0.00000000    0.00445334  0.00742819    0.00445334  0.00742819
  0.00445334 -0.00742819    0.24818609  0.00000000    0.00116207  0.00000000
  0.00445334 -0.00742819    0.00116207  0.00000000    0.24818609  0.00000000

     Dynamical  Matrix in cartesian axes

     q = (   -0.250000000  -0.750000000   0.750000000 ) 

    1    1
  0.30216154  0.00000000    0.00445334 -0.00742819   -0.00445334  0.00742819
  0.00445334  0.00742819    0.24818609  0.00000000   -0.00116207  0.00000000
 -0.00445334 -0.00742819   -0.00116207  0.00000000    0.24818609  0.00000000
    1    2
 -0.09992599  0.04705875    0.03619096 -0.03157263   -0.03619096  0.03157263
  0.03619096 -0.03157263   -0.08085897  0.04840898   -0.11913543 -0.03784516
 -0.03619096  0.03157263   -0.11913543 -0.03784516   -0.08085897  0.04840898
    2    1
 -0.09992599 -0.04705875    0.03619096  0.03157263   -0.03619096 -0.03157263
  0.03619096  0.03157263   -0.08085897 -0.04840898   -0.11913543  0.03784516
 -0.03619096 -0.03157263   -0.11913543  0.03784516   -0.08085897 -0.04840898
    2    2
  0.30216154  0.00000000    0.00445334  0.00742819   -0.00445334 -0.00742819
  0.00445334 -0.00742819    0.24818609  0.00000000   -0.00116207  0.00000000
 -0.00445334  0.00742819   -0.00116207  0.00000000    0.24818609  0.00000000

     Dynamical  Matrix in cartesian axes

     q = (    0.750000000   0.750000000   0.250000000 ) 

    1    1
  0.24818609  0.00000000    0.00116207  0.00000000    0.00445334  0.00742819
  0.00116207  0.00000000    0.24818609  0.00000000    0.00445334  0.00742819
  0.00445334 -0.00742819    0.00445334 -0.00742819    0.30216154  0.00000000
    1    2
  0.08085897 -0.04840898   -0.11913543 -0.03784516   -0.03619096  0.03157263
 -0.11913543 -0.03784516    0.08085897 -0.04840898   -0.03619096  0.03157263
 -0.03619096  0.03157263   -0.03619096  0.03157263    0.09992599 -0.04705875
    2    1
  0.08085897  0.04840898   -0.11913543  0.03784516   -0.03619096 -0.03157263
 -0.11913543  0.03784516    0.08085897  0.04840898   -0.03619096 -0.03157263
 -0.03619096 -0.03157263   -0.03619096 -0.03157263    0.09992599  0.04705875
    2    2
  0.24818609  0.00000000    0.00116207  0.00000000    0.00445334 -0.00742819
  0.00116207  0.00000000    0.24818609  0.00000000    0.00445334 -0.00742819
  0.00445334  0.00742819    0.00445334  0.00742819    0.30216154  0.00000000

     Dynamical  Matrix in cartesian axes

     q = (    0.250000000  -0.750000000  -0.750000000 ) 

    1    1
  0.30216154  0.00000000   -0.00445334  0.00742819   -0.00445334  0.00742819
 -0.00445334 -0.00742819    0.24818609  0.00000000    0.00116207  0.00000000
 -0.00445334 -0.00742819    0.00116207  0.00000000    0.24818609  0.00000000
    1    2
 -0.04705875 -0.09992599   -0.03157263 -0.03619096   -0.03157263 -0.03619096
 -0.03157263 -0.03619096   -0.04840898 -0.08085897   -0.03784516  0.11913543
 -0.03157263 -0.03619096   -0.03784516  0.11913543   -0.04840898 -0.08085897
    2    1
 -0.04705875  0.09992599   -0.03157263  0.03619096   -0.03157263  0.03619096
 -0.03157263  0.03619096   -0.04840898  0.08085897   -0.03784516 -0.11913543
 -0.03157263  0.03619096   -0.03784516 -0.11913543   -0.04840898  0.08085897
    2    2
  0.30216154  0.00000000   -0.00445334 -0.00742819   -0.00445334 -0.00742819
 -0.00445334  0.00742819    0.24818609  0.00000000    0.00116207  0.00000000
 -0.00445334  0.00742819    0.00116207  0.00000000    0.24818609  0.00000000

     Dynamical  Matrix in cartesian axes

     q = (    0.750000000  -0.750000000  -0.250000000 ) 

    1    1
  0.24818609  0.00000000   -0.00116207  0.00000000   -0.00445334 -0.00742819
 -0.00116207  0.00000000    0.24818609  0.00000000    0.00445334  0.00742819
 -0.00445334  0.00742819    0.00445334 -0.00742819    0.30216154  0.00000000
    1    2
 -0.08085897  0.04840898   -0.11913543 -0.03784516   -0.03619096  0.03157263
 -0.11913543 -0.03784516   -0.08085897  0.04840898    0.03619096 -0.03157263
 -0.03619096  0.03157263    0.03619096 -0.03157263   -0.09992599  0.04705875
    2    1
 -0.08085897 -0.04840898   -0.11913543  0.03784516   -0.03619096 -0.03157263
 -0.11913543  0.03784516   -0.08085897 -0.04840898    0.03619096  0.03157263
 -0.03619096 -0.03157263    0.03619096  0.03157263   -0.09992599 -0.04705875
    2    2
  0.24818609  0.00000000   -0.00116207  0.00000000   -0.00445334  0.00742819
 -0.00116207  0.00000000    0.24818609  0.00000000    0.00445334 -0.00742819
 -0.00445334 -0.00742819    0.00445334  0.00742819    0.30216154  0.00000000

     Diagonalizing the dynamical matrix

     q = (    0.750000000  -0.250000000   0.750000000 ) 

 **************************************************************************
     freq (    1) =       4.445900 [THz] =     148.299251 [cm-1]
 (  0.026374 -0.499304  0.000000 -0.000000 -0.026374  0.499304 ) 
 (  0.500000  0.000000  0.000000  0.000000 -0.500000  0.000000 ) 
     freq (    2) =       6.827889 [THz] =     227.753866 [cm-1]
 ( -0.392602 -0.058337 -0.368217  0.222120 -0.392602 -0.058337 ) 
 ( -0.396913 -0.000000 -0.331571 -0.273827 -0.396913  0.000000 ) 
     freq (    3) =       9.597913 [THz] =     320.151914 [cm-1]
 (  0.040185  0.337176 -0.479198 -0.199412  0.040185  0.337176 ) 
 (  0.339562 -0.000000 -0.254721 -0.452231  0.339562  0.000000 ) 
     freq (    4) =      11.681302 [THz] =     389.646300 [cm-1]
 ( -0.258892 -0.302656  0.382767  0.190362 -0.258892 -0.302656 ) 
 (  0.398279  0.000000 -0.393467 -0.167129  0.398279  0.000000 ) 
     freq (    5) =      13.751914 [THz] =     458.714461 [cm-1]
 ( -0.026374  0.499304 -0.000000 -0.000000  0.026374 -0.499304 ) 
 (  0.500000  0.000000  0.000000  0.000000 -0.500000  0.000000 ) 
     freq (    6) =      13.826008 [THz] =     461.185999 [cm-1]
 ( -0.253501 -0.065340 -0.519051  0.305813 -0.253501 -0.065340 ) 
 (  0.261787  0.000000  0.426295  0.425685  0.261787  0.000000 ) 
 **************************************************************************
