Dynamical matrix file
                                                                           
  1    2  2 10.4200000  0.0000000  0.0000000  0.0000000  0.0000000  0.0000000
           1  'Si  '    25598.822984527003     
    1    1      0.0000000000      0.0000000000      0.0000000000
    2    1      0.2500000000      0.2500000000      0.2500000000

     Dynamical  Matrix in cartesian axes

     q = (   -0.250000000   0.250000000  -0.250000000 ) 

    1    1
  0.28547273  0.00000000   -0.01045632  0.00000000    0.01045632  0.00000000
 -0.01045632  0.00000000    0.28547273  0.00000000   -0.01045632  0.00000000
  0.01045632  0.00000000   -0.01045632  0.00000000    0.28547273  0.00000000
    1    2
 -0.21326040 -0.06475034   -0.03248037  0.03314038    0.03248037 -0.03314038
 -0.03248037  0.03314038   -0.21326040 -0.06475034   -0.03248037  0.03314038
  0.03248037 -0.03314038   -0.03248037  0.03314038   -0.21326040 -0.06475034
    2    1
 -0.21326040  0.06475034   -0.03248037 -0.03314038    0.03248037  0.03314038
 -0.03248037 -0.03314038   -0.21326040  0.06475034   -0.03248037 -0.03314038
  0.03248037  0.03314038   -0.03248037 -0.03314038   -0.21326040  0.06475034
    2    2
  0.28547273  0.00000000   -0.01045632  0.00000000    0.01045632  0.00000000
 -0.01045632  0.00000000    0.28547273  0.00000000   -0.01045632  0.00000000
  0.01045632  0.00000000   -0.01045632  0.00000000    0.28547273  0.00000000

     Dynamical  Matrix in cartesian axes

     q = (    0.250000000  -0.250000000  -0.250000000 ) 

    1    1
  0.28547273  0.00000000   -0.01045632  0.00000000   -0.01045632  0.00000000
 -0.01045632  0.00000000    0.28547273  0.00000000    0.01045632  0.00000000
 -0.01045632  0.00000000    0.01045632  0.00000000    0.28547273  0.00000000
    1    2
 -0.21326040 -0.06475034   -0.03248037  0.03314038   -0.03248037  0.03314038
 -0.03248037  0.03314038   -0.21326040 -0.06475034    0.03248037 -0.03314038
 -0.03248037  0.03314038    0.03248037 -0.03314038   -0.21326040 -0.06475034
    2    1
 -0.21326040  0.06475034   -0.03248037 -0.03314038   -0.03248037 -0.03314038
 -0.03248037 -0.03314038   -0.21326040  0.06475034    0.03248037  0.03314038
 -0.03248037 -0.03314038    0.03248037  0.03314038   -0.21326040  0.06475034
    2    2
  0.28547273  0.00000000   -0.01045632  0.00000000   -0.01045632  0.00000000
 -0.01045632  0.00000000    0.28547273  0.00000000    0.01045632  0.00000000
 -0.01045632  0.00000000    0.01045632  0.00000000    0.28547273  0.00000000

     Dynamical  Matrix in cartesian axes

     q = (    0.250000000  -0.250000000   0.250000000 ) 

    1    1
  0.28547273  0.00000000   -0.01045632  0.00000000    0.01045632  0.00000000
 -0.01045632  0.00000000    0.28547273  0.00000000   -0.01045632  0.00000000
  0.01045632  0.00000000   -0.01045632  0.00000000    0.28547273  0.00000000
    1    2
 -0.21326040  0.06475034   -0.03248037 -0.03314038    0.03248037  0.03314038
 -0.03248037 -0.03314038   -0.21326040  0.06475034   -0.03248037 -0.03314038
  0.03248037  0.03314038   -0.03248037 -0.03314038   -0.21326040  0.06475034
    2    1
 -0.21326040 -0.06475034   -0.03248037  0.03314038    0.03248037 -0.03314038
 -0.03248037  0.03314038   -0.21326040 -0.06475034   -0.03248037  0.03314038
  0.03248037 -0.03314038   -0.03248037  0.03314038   -0.21326040 -0.06475034
    2    2
  0.28547273  0.00000000   -0.01045632  0.00000000    0.01045632  0.00000000
 -0.01045632  0.00000000    0.28547273  0.00000000   -0.01045632  0.00000000
  0.01045632  0.00000000   -0.01045632  0.00000000    0.28547273  0.00000000

     Dynamical  Matrix in cartesian axes

     q = (    0.250000000   0.250000000   0.250000000 ) 

    1    1
  0.28547273  0.00000000    0.01045632  0.00000000    0.01045632  0.00000000
  0.01045632  0.00000000    0.28547273  0.00000000    0.01045632  0.00000000
  0.01045632  0.00000000    0.01045632  0.00000000    0.28547273  0.00000000
    1    2
 -0.06475034  0.21326040   -0.03314038 -0.03248037   -0.03314038 -0.03248037
 -0.03314038 -0.03248037   -0.06475034  0.21326040   -0.03314038 -0.03248037
 -0.03314038 -0.03248037   -0.03314038 -0.03248037   -0.06475034  0.21326040
    2    1
 -0.06475034 -0.21326040   -0.03314038  0.03248037   -0.03314038  0.03248037
 -0.03314038  0.03248037   -0.06475034 -0.21326040   -0.03314038  0.03248037
 -0.03314038  0.03248037   -0.03314038  0.03248037   -0.06475034 -0.21326040
    2    2
  0.28547273  0.00000000    0.01045632  0.00000000    0.01045632  0.00000000
  0.01045632  0.00000000    0.28547273  0.00000000    0.01045632  0.00000000
  0.01045632  0.00000000    0.01045632  0.00000000    0.28547273  0.00000000

     Dynamical  Matrix in cartesian axes

     q = (   -0.250000000  -0.250000000  -0.250000000 ) 

    1    1
  0.28547273  0.00000000    0.01045632  0.00000000    0.01045632  0.00000000
  0.01045632  0.00000000    0.28547273  0.00000000    0.01045632  0.00000000
  0.01045632  0.00000000    0.01045632  0.00000000    0.28547273  0.00000000
    1    2
 -0.06475034 -0.21326040   -0.03314038  0.03248037   -0.03314038  0.03248037
 -0.03314038  0.03248037   -0.06475034 -0.21326040   -0.03314038  0.03248037
 -0.03314038  0.03248037   -0.03314038  0.03248037   -0.06475034 -0.21326040
    2    1
 -0.06475034  0.21326040   -0.03314038 -0.03248037   -0.03314038 -0.03248037
 -0.03314038 -0.03248037   -0.06475034  0.21326040   -0.03314038 -0.03248037
 -0.03314038 -0.03248037   -0.03314038 -0.03248037   -0.06475034  0.21326040
    2    2
  0.28547273  0.00000000    0.01045632  0.00000000    0.01045632  0.00000000
  0.01045632  0.00000000    0.28547273  0.00000000    0.01045632  0.00000000
  0.01045632  0.00000000    0.01045632  0.00000000    0.28547273  0.00000000

     Dynamical  Matrix in cartesian axes

     q = (   -0.250000000  -0.250000000   0.250000000 ) 

    1    1
  0.28547273  0.00000000    0.01045632  0.00000000   -0.01045632  0.00000000
  0.01045632  0.00000000    0.28547273  0.00000000   -0.01045632  0.00000000
 -0.01045632  0.00000000   -0.01045632  0.00000000    0.28547273  0.00000000
    1    2
 -0.21326040 -0.06475034    0.03248037 -0.03314038   -0.03248037  0.03314038
  0.03248037 -0.03314038   -0.21326040 -0.06475034   -0.03248037  0.03314038
 -0.03248037  0.03314038   -0.03248037  0.03314038   -0.21326040 -0.06475034
    2    1
 -0.21326040  0.06475034    0.03248037  0.03314038   -0.03248037 -0.03314038
  0.03248037  0.03314038   -0.21326040  0.06475034   -0.03248037 -0.03314038
 -0.03248037 -0.03314038   -0.03248037 -0.03314038   -0.21326040  0.06475034
    2    2
  0.28547273  0.00000000    0.01045632  0.00000000   -0.01045632  0.00000000
  0.01045632  0.00000000    0.28547273  0.00000000   -0.01045632  0.00000000
 -0.01045632  0.00000000   -0.01045632  0.00000000    0.28547273  0.00000000

     Dynamical  Matrix in cartesian axes

     q = (   -0.250000000   0.250000000   0.250000000 ) 

    1    1
  0.28547273  0.00000000   -0.01045632  0.00000000   -0.01045632  0.00000000
 -0.01045632  0.00000000    0.28547273  0.00000000    0.01045632  0.00000000
 -0.01045632  0.00000000    0.01045632  0.00000000    0.28547273  0.00000000
    1    2
 -0.21326040  0.06475034   -0.03248037 -0.03314038   -0.03248037 -0.03314038
 -0.03248037 -0.03314038   -0.21326040  0.06475034    0.03248037  0.03314038
 -0.03248037 -0.03314038    0.03248037  0.03314038   -0.21326040  0.06475034
    2    1
 -0.21326040 -0.06475034   -0.03248037  0.03314038   -0.03248037  0.03314038
 -0.03248037  0.03314038   -0.21326040 -0.06475034    0.03248037 -0.03314038
 -0.03248037  0.03314038    0.03248037 -0.03314038   -0.21326040 -0.06475034
    2    2
  0.28547273  0.00000000   -0.01045632  0.00000000   -0.01045632  0.00000000
 -0.01045632  0.00000000    0.28547273  0.00000000    0.01045632  0.00000000
 -0.01045632  0.00000000    0.01045632  0.00000000    0.28547273  0.00000000

     Dynamical  Matrix in cartesian axes

     q = (    0.250000000   0.250000000  -0.250000000 ) 

    1    1
  0.28547273  0.00000000    0.01045632  0.00000000   -0.01045632  0.00000000
  0.01045632  0.00000000    0.28547273  0.00000000   -0.01045632  0.00000000
 -0.01045632  0.00000000   -0.01045632  0.00000000    0.28547273  0.00000000
    1    2
 -0.21326040  0.06475034    0.03248037  0.03314038   -0.03248037 -0.03314038
  0.03248037  0.03314038   -0.21326040  0.06475034   -0.03248037 -0.03314038
 -0.03248037 -0.03314038   -0.03248037 -0.03314038   -0.21326040  0.06475034
    2    1
 -0.21326040 -0.06475034    0.03248037 -0.03314038   -0.03248037  0.03314038
  0.03248037 -0.03314038   -0.21326040 -0.06475034   -0.03248037  0.03314038
 -0.03248037  0.03314038   -0.03248037  0.03314038   -0.21326040 -0.06475034
    2    2
  0.28547273  0.00000000    0.01045632  0.00000000   -0.01045632  0.00000000
  0.01045632  0.00000000    0.28547273  0.00000000   -0.01045632  0.00000000
 -0.01045632  0.00000000   -0.01045632  0.00000000    0.28547273  0.00000000

     Diagonalizing the dynamical matrix

     q = (   -0.250000000   0.250000000  -0.250000000 ) 

 **************************************************************************
     freq (    1) =       3.394346 [THz] =     113.223182 [cm-1]
 (  0.527204  0.012340  0.467134  0.004613 -0.060069 -0.007727 ) 
 (  0.524470 -0.055022  0.463906 -0.055022 -0.060564  0.000000 ) 
     freq (    2) =       3.394346 [THz] =     113.223182 [cm-1]
 (  0.232294  0.035732 -0.337179 -0.037520 -0.569473 -0.073252 ) 
 (  0.234954  0.005804 -0.339211  0.005804 -0.574165  0.000000 ) 
     freq (    3) =       6.772720 [THz] =     225.913616 [cm-1]
 (  0.305937  0.270313 -0.305937 -0.270313  0.305937  0.270313 ) 
 (  0.408248 -0.000000 -0.408248  0.000000  0.408248  0.000000 ) 
     freq (    4) =      14.601603 [THz] =     487.057048 [cm-1]
 (  0.305937  0.270313 -0.305937 -0.270313  0.305937  0.270313 ) 
 ( -0.408248 -0.000000  0.408248 -0.000000 -0.408248  0.000000 ) 
     freq (    5) =      14.867067 [THz] =     495.911967 [cm-1]
 (  0.286370  0.036515 -0.286262 -0.037144 -0.572632 -0.073658 ) 
 ( -0.288688  0.000319  0.288662  0.000319  0.577350  0.000000 ) 
     freq (    6) =      14.867067 [THz] =     495.911967 [cm-1]
 ( -0.083990  0.492887 -0.084355  0.492840 -0.000366 -0.000047 ) 
 (  0.020421 -0.499575  0.020789 -0.499575  0.000369  0.000000 ) 
 **************************************************************************
