Dynamical matrix file
                                                                           
  1    2  2 10.2860000  0.0000000  0.0000000  0.0000000  0.0000000  0.0000000
           1  'Si  '    25598.822984527003     
    1    1      0.0000000000      0.0000000000      0.0000000000
    2    1      0.2500000000      0.2500000000      0.2500000000

     Dynamical  Matrix in cartesian axes

     q = (    0.750000000  -0.250000000   0.750000000 ) 

    1    1
  0.25384407  0.00000000   -0.00651124  0.00781478    0.00613332  0.00000000
 -0.00651124 -0.00781478    0.30577407  0.00000000   -0.00651124 -0.00781478
  0.00613332  0.00000000   -0.00651124  0.00781478    0.25384407  0.00000000
    1    2
 -0.06218026  0.06334376   -0.04316258  0.04566182   -0.04355945 -0.14250068
 -0.04316258  0.04566182   -0.06048244  0.08182646   -0.04316258  0.04566182
 -0.04355945 -0.14250068   -0.04316258  0.04566182   -0.06218026  0.06334376
    2    1
 -0.06218026 -0.06334376   -0.04316258 -0.04566182   -0.04355945  0.14250068
 -0.04316258 -0.04566182   -0.06048244 -0.08182646   -0.04316258 -0.04566182
 -0.04355945  0.14250068   -0.04316258 -0.04566182   -0.06218026 -0.06334376
    2    2
  0.25384407  0.00000000   -0.00651124 -0.00781478    0.00613332  0.00000000
 -0.00651124  0.00781478    0.30577407  0.00000000   -0.00651124  0.00781478
  0.00613332  0.00000000   -0.00651124 -0.00781478    0.25384407  0.00000000

     Dynamical  Matrix in cartesian axes

     q = (    0.750000000  -0.250000000  -0.750000000 ) 

    1    1
  0.25384407  0.00000000   -0.00651124 -0.00781478   -0.00613332  0.00000000
 -0.00651124  0.00781478    0.30577407  0.00000000    0.00651124 -0.00781478
 -0.00613332  0.00000000    0.00651124  0.00781478    0.25384407  0.00000000
    1    2
 -0.06334376  0.06218026   -0.04566182  0.04316258   -0.14250068 -0.04355945
 -0.04566182  0.04316258   -0.08182646  0.06048244    0.04566182 -0.04316258
 -0.14250068 -0.04355945    0.04566182 -0.04316258   -0.06334376  0.06218026
    2    1
 -0.06334376 -0.06218026   -0.04566182 -0.04316258   -0.14250068  0.04355945
 -0.04566182 -0.04316258   -0.08182646 -0.06048244    0.04566182  0.04316258
 -0.14250068  0.04355945    0.04566182  0.04316258   -0.06334376 -0.06218026
    2    2
  0.25384407  0.00000000   -0.00651124  0.00781478   -0.00613332  0.00000000
 -0.00651124 -0.00781478    0.30577407  0.00000000    0.00651124  0.00781478
 -0.00613332  0.00000000    0.00651124 -0.00781478    0.25384407  0.00000000

     Dynamical  Matrix in cartesian axes

     q = (   -0.750000000  -0.250000000  -0.750000000 ) 

    1    1
  0.25384407  0.00000000    0.00651124 -0.00781478    0.00613332  0.00000000
  0.00651124  0.00781478    0.30577407  0.00000000    0.00651124  0.00781478
  0.00613332  0.00000000    0.00651124 -0.00781478    0.25384407  0.00000000
    1    2
  0.06334376  0.06218026   -0.04566182 -0.04316258   -0.14250068  0.04355945
 -0.04566182 -0.04316258    0.08182646  0.06048244   -0.04566182 -0.04316258
 -0.14250068  0.04355945   -0.04566182 -0.04316258    0.06334376  0.06218026
    2    1
  0.06334376 -0.06218026   -0.04566182  0.04316258   -0.14250068 -0.04355945
 -0.04566182  0.04316258    0.08182646 -0.06048244   -0.04566182  0.04316258
 -0.14250068 -0.04355945   -0.04566182  0.04316258    0.06334376 -0.06218026
    2    2
  0.25384407  0.00000000    0.00651124  0.00781478    0.00613332  0.00000000
  0.00651124 -0.00781478    0.30577407  0.00000000    0.00651124 -0.00781478
  0.00613332  0.00000000    0.00651124  0.00781478    0.25384407  0.00000000

     Dynamical  Matrix in cartesian axes

     q = (   -0.750000000  -0.250000000   0.750000000 ) 

    1    1
  0.25384407  0.00000000    0.00651124  0.00781478   -0.00613332  0.00000000
  0.00651124 -0.00781478    0.30577407  0.00000000   -0.00651124  0.00781478
 -0.00613332  0.00000000   -0.00651124 -0.00781478    0.25384407  0.00000000
    1    2
 -0.06334376  0.06218026    0.04566182 -0.04316258   -0.14250068 -0.04355945
  0.04566182 -0.04316258   -0.08182646  0.06048244   -0.04566182  0.04316258
 -0.14250068 -0.04355945   -0.04566182  0.04316258   -0.06334376  0.06218026
    2    1
 -0.06334376 -0.06218026    0.04566182  0.04316258   -0.14250068  0.04355945
  0.04566182  0.04316258   -0.08182646 -0.06048244   -0.04566182 -0.04316258
 -0.14250068  0.04355945   -0.04566182 -0.04316258   -0.06334376 -0.06218026
    2    2
  0.25384407  0.00000000    0.00651124 -0.00781478   -0.00613332  0.00000000
  0.00651124  0.00781478    0.30577407  0.00000000   -0.00651124 -0.00781478
 -0.00613332  0.00000000   -0.00651124  0.00781478    0.25384407  0.00000000

     Dynamical  Matrix in cartesian axes

     q = (   -0.750000000   0.250000000  -0.750000000 ) 

    1    1
  0.25384407  0.00000000   -0.00651124 -0.00781478    0.00613332  0.00000000
 -0.00651124  0.00781478    0.30577407  0.00000000   -0.00651124  0.00781478
  0.00613332  0.00000000   -0.00651124 -0.00781478    0.25384407  0.00000000
    1    2
 -0.06218026 -0.06334376   -0.04316258 -0.04566182   -0.04355945  0.14250068
 -0.04316258 -0.04566182   -0.06048244 -0.08182646   -0.04316258 -0.04566182
 -0.04355945  0.14250068   -0.04316258 -0.04566182   -0.06218026 -0.06334376
    2    1
 -0.06218026  0.06334376   -0.04316258  0.04566182   -0.04355945 -0.14250068
 -0.04316258  0.04566182   -0.06048244  0.08182646   -0.04316258  0.04566182
 -0.04355945 -0.14250068   -0.04316258  0.04566182   -0.06218026  0.06334376
    2    2
  0.25384407  0.00000000   -0.00651124  0.00781478    0.00613332  0.00000000
 -0.00651124 -0.00781478    0.30577407  0.00000000   -0.00651124 -0.00781478
  0.00613332  0.00000000   -0.00651124  0.00781478    0.25384407  0.00000000

     Dynamical  Matrix in cartesian axes

     q = (   -0.250000000   0.750000000  -0.750000000 ) 

    1    1
  0.30577407  0.00000000   -0.00651124  0.00781478    0.00651124 -0.00781478
 -0.00651124 -0.00781478    0.25384407  0.00000000   -0.00613332  0.00000000
  0.00651124  0.00781478   -0.00613332  0.00000000    0.25384407  0.00000000
    1    2
 -0.08182646  0.06048244   -0.04566182  0.04316258    0.04566182 -0.04316258
 -0.04566182  0.04316258   -0.06334376  0.06218026   -0.14250068 -0.04355945
  0.04566182 -0.04316258   -0.14250068 -0.04355945   -0.06334376  0.06218026
    2    1
 -0.08182646 -0.06048244   -0.04566182 -0.04316258    0.04566182  0.04316258
 -0.04566182 -0.04316258   -0.06334376 -0.06218026   -0.14250068  0.04355945
  0.04566182  0.04316258   -0.14250068  0.04355945   -0.06334376 -0.06218026
    2    2
  0.30577407  0.00000000   -0.00651124 -0.00781478    0.00651124  0.00781478
 -0.00651124  0.00781478    0.25384407  0.00000000   -0.00613332  0.00000000
  0.00651124 -0.00781478   -0.00613332  0.00000000    0.25384407  0.00000000

     Dynamical  Matrix in cartesian axes

     q = (   -0.750000000   0.750000000  -0.250000000 ) 

    1    1
  0.25384407  0.00000000   -0.00613332  0.00000000    0.00651124  0.00781478
 -0.00613332  0.00000000    0.25384407  0.00000000   -0.00651124 -0.00781478
  0.00651124 -0.00781478   -0.00651124  0.00781478    0.30577407  0.00000000
    1    2
 -0.06334376  0.06218026   -0.14250068 -0.04355945    0.04566182 -0.04316258
 -0.14250068 -0.04355945   -0.06334376  0.06218026   -0.04566182  0.04316258
  0.04566182 -0.04316258   -0.04566182  0.04316258   -0.08182646  0.06048244
    2    1
 -0.06334376 -0.06218026   -0.14250068  0.04355945    0.04566182  0.04316258
 -0.14250068  0.04355945   -0.06334376 -0.06218026   -0.04566182 -0.04316258
  0.04566182  0.04316258   -0.04566182 -0.04316258   -0.08182646 -0.06048244
    2    2
  0.25384407  0.00000000   -0.00613332  0.00000000    0.00651124 -0.00781478
 -0.00613332  0.00000000    0.25384407  0.00000000   -0.00651124  0.00781478
  0.00651124  0.00781478   -0.00651124 -0.00781478    0.30577407  0.00000000

     Dynamical  Matrix in cartesian axes

     q = (    0.750000000   0.250000000   0.750000000 ) 

    1    1
  0.25384407  0.00000000    0.00651124  0.00781478    0.00613332  0.00000000
  0.00651124 -0.00781478    0.30577407  0.00000000    0.00651124 -0.00781478
  0.00613332  0.00000000    0.00651124  0.00781478    0.25384407  0.00000000
    1    2
  0.06334376 -0.06218026   -0.04566182  0.04316258   -0.14250068 -0.04355945
 -0.04566182  0.04316258    0.08182646 -0.06048244   -0.04566182  0.04316258
 -0.14250068 -0.04355945   -0.04566182  0.04316258    0.06334376 -0.06218026
    2    1
  0.06334376  0.06218026   -0.04566182 -0.04316258   -0.14250068  0.04355945
 -0.04566182 -0.04316258    0.08182646  0.06048244   -0.04566182 -0.04316258
 -0.14250068  0.04355945   -0.04566182 -0.04316258    0.06334376  0.06218026
    2    2
  0.25384407  0.00000000    0.00651124 -0.00781478    0.00613332  0.00000000
  0.00651124  0.00781478    0.30577407  0.00000000    0.00651124  0.00781478
  0.00613332  0.00000000    0.00651124 -0.00781478    0.25384407  0.00000000

     Dynamical  Matrix in cartesian axes

     q = (   -0.750000000   0.250000000   0.750000000 ) 

    1    1
  0.25384407  0.00000000   -0.00651124  0.00781478   -0.00613332  0.00000000
 -0.00651124 -0.00781478    0.30577407  0.00000000    0.00651124  0.00781478
 -0.00613332  0.00000000    0.00651124 -0.00781478    0.25384407  0.00000000
    1    2
 -0.06334376 -0.06218026   -0.04566182 -0.04316258   -0.14250068  0.04355945
 -0.04566182 -0.04316258   -0.08182646 -0.06048244    0.04566182  0.04316258
 -0.14250068  0.04355945    0.04566182  0.04316258   -0.06334376 -0.06218026
    2    1
 -0.06334376  0.06218026   -0.04566182  0.04316258   -0.14250068 -0.04355945
 -0.04566182  0.04316258   -0.08182646  0.06048244    0.04566182 -0.04316258
 -0.14250068 -0.04355945    0.04566182 -0.04316258   -0.06334376  0.06218026
    2    2
  0.25384407  0.00000000   -0.00651124 -0.00781478   -0.00613332  0.00000000
 -0.00651124  0.00781478    0.30577407  0.00000000    0.00651124 -0.00781478
 -0.00613332  0.00000000    0.00651124  0.00781478    0.25384407  0.00000000

     Dynamical  Matrix in cartesian axes

     q = (    0.750000000   0.250000000  -0.750000000 ) 

    1    1
  0.25384407  0.00000000    0.00651124 -0.00781478   -0.00613332  0.00000000
  0.00651124  0.00781478    0.30577407  0.00000000   -0.00651124 -0.00781478
 -0.00613332  0.00000000   -0.00651124  0.00781478    0.25384407  0.00000000
    1    2
 -0.06334376 -0.06218026    0.04566182  0.04316258   -0.14250068  0.04355945
  0.04566182  0.04316258   -0.08182646 -0.06048244   -0.04566182 -0.04316258
 -0.14250068  0.04355945   -0.04566182 -0.04316258   -0.06334376 -0.06218026
    2    1
 -0.06334376  0.06218026    0.04566182 -0.04316258   -0.14250068 -0.04355945
  0.04566182 -0.04316258   -0.08182646  0.06048244   -0.04566182  0.04316258
 -0.14250068 -0.04355945   -0.04566182  0.04316258   -0.06334376  0.06218026
    2    2
  0.25384407  0.00000000    0.00651124  0.00781478   -0.00613332  0.00000000
  0.00651124 -0.00781478    0.30577407  0.00000000   -0.00651124  0.00781478
 -0.00613332  0.00000000   -0.00651124 -0.00781478    0.25384407  0.00000000

     Dynamical  Matrix in cartesian axes

     q = (   -0.750000000   0.750000000   0.250000000 ) 

    1    1
  0.25384407  0.00000000   -0.00613332  0.00000000   -0.00651124  0.00781478
 -0.00613332  0.00000000    0.25384407  0.00000000    0.00651124 -0.00781478
 -0.00651124 -0.00781478    0.00651124  0.00781478    0.30577407  0.00000000
    1    2
 -0.06334376 -0.06218026   -0.14250068  0.04355945   -0.04566182 -0.04316258
 -0.14250068  0.04355945   -0.06334376 -0.06218026    0.04566182  0.04316258
 -0.04566182 -0.04316258    0.04566182  0.04316258   -0.08182646 -0.06048244
    2    1
 -0.06334376  0.06218026   -0.14250068 -0.04355945   -0.04566182  0.04316258
 -0.14250068 -0.04355945   -0.06334376  0.06218026    0.04566182 -0.04316258
 -0.04566182  0.04316258    0.04566182 -0.04316258   -0.08182646  0.06048244
    2    2
  0.25384407  0.00000000   -0.00613332  0.00000000   -0.00651124 -0.00781478
 -0.00613332  0.00000000    0.25384407  0.00000000    0.00651124  0.00781478
 -0.00651124  0.00781478    0.00651124 -0.00781478    0.30577407  0.00000000

     Dynamical  Matrix in cartesian axes

     q = (   -0.250000000   0.750000000   0.750000000 ) 

    1    1
  0.30577407  0.00000000   -0.00651124 -0.00781478   -0.00651124 -0.00781478
 -0.00651124  0.00781478    0.25384407  0.00000000    0.00613332  0.00000000
 -0.00651124  0.00781478    0.00613332  0.00000000    0.25384407  0.00000000
    1    2
 -0.06048244  0.08182646   -0.04316258  0.04566182   -0.04316258  0.04566182
 -0.04316258  0.04566182   -0.06218026  0.06334376   -0.04355945 -0.14250068
 -0.04316258  0.04566182   -0.04355945 -0.14250068   -0.06218026  0.06334376
    2    1
 -0.06048244 -0.08182646   -0.04316258 -0.04566182   -0.04316258 -0.04566182
 -0.04316258 -0.04566182   -0.06218026 -0.06334376   -0.04355945  0.14250068
 -0.04316258 -0.04566182   -0.04355945  0.14250068   -0.06218026 -0.06334376
    2    2
  0.30577407  0.00000000   -0.00651124  0.00781478   -0.00651124  0.00781478
 -0.00651124 -0.00781478    0.25384407  0.00000000    0.00613332  0.00000000
 -0.00651124 -0.00781478    0.00613332  0.00000000    0.25384407  0.00000000

     Dynamical  Matrix in cartesian axes

     q = (    0.250000000   0.750000000  -0.750000000 ) 

    1    1
  0.30577407  0.00000000    0.00651124  0.00781478   -0.00651124 -0.00781478
  0.00651124 -0.00781478    0.25384407  0.00000000   -0.00613332  0.00000000
 -0.00651124  0.00781478   -0.00613332  0.00000000    0.25384407  0.00000000
    1    2
 -0.08182646 -0.06048244    0.04566182  0.04316258   -0.04566182 -0.04316258
  0.04566182  0.04316258   -0.06334376 -0.06218026   -0.14250068  0.04355945
 -0.04566182 -0.04316258   -0.14250068  0.04355945   -0.06334376 -0.06218026
    2    1
 -0.08182646  0.06048244    0.04566182 -0.04316258   -0.04566182  0.04316258
  0.04566182 -0.04316258   -0.06334376  0.06218026   -0.14250068 -0.04355945
 -0.04566182  0.04316258   -0.14250068 -0.04355945   -0.06334376  0.06218026
    2    2
  0.30577407  0.00000000    0.00651124 -0.00781478   -0.00651124  0.00781478
  0.00651124  0.00781478    0.25384407  0.00000000   -0.00613332  0.00000000
 -0.00651124 -0.00781478   -0.00613332  0.00000000    0.25384407  0.00000000

     Dynamical  Matrix in cartesian axes

     q = (   -0.250000000  -0.750000000  -0.750000000 ) 

    1    1
  0.30577407  0.00000000    0.00651124  0.00781478    0.00651124  0.00781478
  0.00651124 -0.00781478    0.25384407  0.00000000    0.00613332  0.00000000
  0.00651124 -0.00781478    0.00613332  0.00000000    0.25384407  0.00000000
    1    2
  0.08182646  0.06048244   -0.04566182 -0.04316258   -0.04566182 -0.04316258
 -0.04566182 -0.04316258    0.06334376  0.06218026   -0.14250068  0.04355945
 -0.04566182 -0.04316258   -0.14250068  0.04355945    0.06334376  0.06218026
    2    1
  0.08182646 -0.06048244   -0.04566182  0.04316258   -0.04566182  0.04316258
 -0.04566182  0.04316258    0.06334376 -0.06218026   -0.14250068 -0.04355945
 -0.04566182  0.04316258   -0.14250068 -0.04355945    0.06334376 -0.06218026
    2    2
  0.30577407  0.00000000    0.00651124 -0.00781478    0.00651124 -0.00781478
  0.00651124  0.00781478    0.25384407  0.00000000    0.00613332  0.00000000
  0.00651124  0.00781478    0.00613332  0.00000000    0.25384407  0.00000000

     Dynamical  Matrix in cartesian axes

     q = (    0.750000000   0.750000000  -0.250000000 ) 

    1    1
  0.25384407  0.00000000    0.00613332  0.00000000   -0.00651124  0.00781478
  0.00613332  0.00000000    0.25384407  0.00000000   -0.00651124  0.00781478
 -0.00651124 -0.00781478   -0.00651124 -0.00781478    0.30577407  0.00000000
    1    2
 -0.06218026  0.06334376   -0.04355945 -0.14250068   -0.04316258  0.04566182
 -0.04355945 -0.14250068   -0.06218026  0.06334376   -0.04316258  0.04566182
 -0.04316258  0.04566182   -0.04316258  0.04566182   -0.06048244  0.08182646
    2    1
 -0.06218026 -0.06334376   -0.04355945  0.14250068   -0.04316258 -0.04566182
 -0.04355945  0.14250068   -0.06218026 -0.06334376   -0.04316258 -0.04566182
 -0.04316258 -0.04566182   -0.04316258 -0.04566182   -0.06048244 -0.08182646
    2    2
  0.25384407  0.00000000    0.00613332  0.00000000   -0.00651124 -0.00781478
  0.00613332  0.00000000    0.25384407  0.00000000   -0.00651124 -0.00781478
 -0.00651124  0.00781478   -0.00651124  0.00781478    0.30577407  0.00000000

     Dynamical  Matrix in cartesian axes

     q = (    0.750000000  -0.750000000   0.250000000 ) 

    1    1
  0.25384407  0.00000000   -0.00613332  0.00000000    0.00651124 -0.00781478
 -0.00613332  0.00000000    0.25384407  0.00000000   -0.00651124  0.00781478
  0.00651124  0.00781478   -0.00651124 -0.00781478    0.30577407  0.00000000
    1    2
 -0.06334376 -0.06218026   -0.14250068  0.04355945    0.04566182  0.04316258
 -0.14250068  0.04355945   -0.06334376 -0.06218026   -0.04566182 -0.04316258
  0.04566182  0.04316258   -0.04566182 -0.04316258   -0.08182646 -0.06048244
    2    1
 -0.06334376  0.06218026   -0.14250068 -0.04355945    0.04566182 -0.04316258
 -0.14250068 -0.04355945   -0.06334376  0.06218026   -0.04566182  0.04316258
  0.04566182 -0.04316258   -0.04566182  0.04316258   -0.08182646  0.06048244
    2    2
  0.25384407  0.00000000   -0.00613332  0.00000000    0.00651124  0.00781478
 -0.00613332  0.00000000    0.25384407  0.00000000   -0.00651124 -0.00781478
  0.00651124 -0.00781478   -0.00651124  0.00781478    0.30577407  0.00000000

     Dynamical  Matrix in cartesian axes

     q = (   -0.750000000  -0.750000000  -0.250000000 ) 

    1    1
  0.25384407  0.00000000    0.00613332  0.00000000    0.00651124 -0.00781478
  0.00613332  0.00000000    0.25384407  0.00000000    0.00651124 -0.00781478
  0.00651124  0.00781478    0.00651124  0.00781478    0.30577407  0.00000000
    1    2
  0.06334376  0.06218026   -0.14250068  0.04355945   -0.04566182 -0.04316258
 -0.14250068  0.04355945    0.06334376  0.06218026   -0.04566182 -0.04316258
 -0.04566182 -0.04316258   -0.04566182 -0.04316258    0.08182646  0.06048244
    2    1
  0.06334376 -0.06218026   -0.14250068 -0.04355945   -0.04566182  0.04316258
 -0.14250068 -0.04355945    0.06334376 -0.06218026   -0.04566182  0.04316258
 -0.04566182  0.04316258   -0.04566182  0.04316258    0.08182646 -0.06048244
    2    2
  0.25384407  0.00000000    0.00613332  0.00000000    0.00651124  0.00781478
  0.00613332  0.00000000    0.25384407  0.00000000    0.00651124  0.00781478
  0.00651124 -0.00781478    0.00651124 -0.00781478    0.30577407  0.00000000

     Dynamical  Matrix in cartesian axes

     q = (    0.250000000  -0.750000000   0.750000000 ) 

    1    1
  0.30577407  0.00000000   -0.00651124 -0.00781478    0.00651124  0.00781478
 -0.00651124  0.00781478    0.25384407  0.00000000   -0.00613332  0.00000000
  0.00651124 -0.00781478   -0.00613332  0.00000000    0.25384407  0.00000000
    1    2
 -0.08182646 -0.06048244   -0.04566182 -0.04316258    0.04566182  0.04316258
 -0.04566182 -0.04316258   -0.06334376 -0.06218026   -0.14250068  0.04355945
  0.04566182  0.04316258   -0.14250068  0.04355945   -0.06334376 -0.06218026
    2    1
 -0.08182646  0.06048244   -0.04566182  0.04316258    0.04566182 -0.04316258
 -0.04566182  0.04316258   -0.06334376  0.06218026   -0.14250068 -0.04355945
  0.04566182 -0.04316258   -0.14250068 -0.04355945   -0.06334376  0.06218026
    2    2
  0.30577407  0.00000000   -0.00651124  0.00781478    0.00651124 -0.00781478
 -0.00651124 -0.00781478    0.25384407  0.00000000   -0.00613332  0.00000000
  0.00651124  0.00781478   -0.00613332  0.00000000    0.25384407  0.00000000

     Dynamical  Matrix in cartesian axes

     q = (   -0.750000000  -0.750000000   0.250000000 ) 

    1    1
  0.25384407  0.00000000    0.00613332  0.00000000   -0.00651124 -0.00781478
  0.00613332  0.00000000    0.25384407  0.00000000   -0.00651124 -0.00781478
 -0.00651124  0.00781478   -0.00651124  0.00781478    0.30577407  0.00000000
    1    2
 -0.06218026 -0.06334376   -0.04355945  0.14250068   -0.04316258 -0.04566182
 -0.04355945  0.14250068   -0.06218026 -0.06334376   -0.04316258 -0.04566182
 -0.04316258 -0.04566182   -0.04316258 -0.04566182   -0.06048244 -0.08182646
    2    1
 -0.06218026  0.06334376   -0.04355945 -0.14250068   -0.04316258  0.04566182
 -0.04355945 -0.14250068   -0.06218026  0.06334376   -0.04316258  0.04566182
 -0.04316258  0.04566182   -0.04316258  0.04566182   -0.06048244  0.08182646
    2    2
  0.25384407  0.00000000    0.00613332  0.00000000   -0.00651124  0.00781478
  0.00613332  0.00000000    0.25384407  0.00000000   -0.00651124  0.00781478
 -0.00651124 -0.00781478   -0.00651124 -0.00781478    0.30577407  0.00000000

     Dynamical  Matrix in cartesian axes

     q = (    0.250000000   0.750000000   0.750000000 ) 

    1    1
  0.30577407  0.00000000    0.00651124 -0.00781478    0.00651124 -0.00781478
  0.00651124  0.00781478    0.25384407  0.00000000    0.00613332  0.00000000
  0.00651124  0.00781478    0.00613332  0.00000000    0.25384407  0.00000000
    1    2
  0.08182646 -0.06048244   -0.04566182  0.04316258   -0.04566182  0.04316258
 -0.04566182  0.04316258    0.06334376 -0.06218026   -0.14250068 -0.04355945
 -0.04566182  0.04316258   -0.14250068 -0.04355945    0.06334376 -0.06218026
    2    1
  0.08182646  0.06048244   -0.04566182 -0.04316258   -0.04566182 -0.04316258
 -0.04566182 -0.04316258    0.06334376  0.06218026   -0.14250068  0.04355945
 -0.04566182 -0.04316258   -0.14250068  0.04355945    0.06334376  0.06218026
    2    2
  0.30577407  0.00000000    0.00651124  0.00781478    0.00651124  0.00781478
  0.00651124 -0.00781478    0.25384407  0.00000000    0.00613332  0.00000000
  0.00651124 -0.00781478    0.00613332  0.00000000    0.25384407  0.00000000

     Dynamical  Matrix in cartesian axes

     q = (   -0.250000000  -0.750000000   0.750000000 ) 

    1    1
  0.30577407  0.00000000    0.00651124 -0.00781478   -0.00651124  0.00781478
  0.00651124  0.00781478    0.25384407  0.00000000   -0.00613332  0.00000000
 -0.00651124 -0.00781478   -0.00613332  0.00000000    0.25384407  0.00000000
    1    2
 -0.08182646  0.06048244    0.04566182 -0.04316258   -0.04566182  0.04316258
  0.04566182 -0.04316258   -0.06334376  0.06218026   -0.14250068 -0.04355945
 -0.04566182  0.04316258   -0.14250068 -0.04355945   -0.06334376  0.06218026
    2    1
 -0.08182646 -0.06048244    0.04566182  0.04316258   -0.04566182 -0.04316258
  0.04566182  0.04316258   -0.06334376 -0.06218026   -0.14250068  0.04355945
 -0.04566182 -0.04316258   -0.14250068  0.04355945   -0.06334376 -0.06218026
    2    2
  0.30577407  0.00000000    0.00651124  0.00781478   -0.00651124 -0.00781478
  0.00651124 -0.00781478    0.25384407  0.00000000   -0.00613332  0.00000000
 -0.00651124  0.00781478   -0.00613332  0.00000000    0.25384407  0.00000000

     Dynamical  Matrix in cartesian axes

     q = (    0.750000000   0.750000000   0.250000000 ) 

    1    1
  0.25384407  0.00000000    0.00613332  0.00000000    0.00651124  0.00781478
  0.00613332  0.00000000    0.25384407  0.00000000    0.00651124  0.00781478
  0.00651124 -0.00781478    0.00651124 -0.00781478    0.30577407  0.00000000
    1    2
  0.06334376 -0.06218026   -0.14250068 -0.04355945   -0.04566182  0.04316258
 -0.14250068 -0.04355945    0.06334376 -0.06218026   -0.04566182  0.04316258
 -0.04566182  0.04316258   -0.04566182  0.04316258    0.08182646 -0.06048244
    2    1
  0.06334376  0.06218026   -0.14250068  0.04355945   -0.04566182 -0.04316258
 -0.14250068  0.04355945    0.06334376  0.06218026   -0.04566182 -0.04316258
 -0.04566182 -0.04316258   -0.04566182 -0.04316258    0.08182646  0.06048244
    2    2
  0.25384407  0.00000000    0.00613332  0.00000000    0.00651124 -0.00781478
  0.00613332  0.00000000    0.25384407  0.00000000    0.00651124 -0.00781478
  0.00651124  0.00781478    0.00651124  0.00781478    0.30577407  0.00000000

     Dynamical  Matrix in cartesian axes

     q = (    0.250000000  -0.750000000  -0.750000000 ) 

    1    1
  0.30577407  0.00000000   -0.00651124  0.00781478   -0.00651124  0.00781478
 -0.00651124 -0.00781478    0.25384407  0.00000000    0.00613332  0.00000000
 -0.00651124 -0.00781478    0.00613332  0.00000000    0.25384407  0.00000000
    1    2
 -0.06048244 -0.08182646   -0.04316258 -0.04566182   -0.04316258 -0.04566182
 -0.04316258 -0.04566182   -0.06218026 -0.06334376   -0.04355945  0.14250068
 -0.04316258 -0.04566182   -0.04355945  0.14250068   -0.06218026 -0.06334376
    2    1
 -0.06048244  0.08182646   -0.04316258  0.04566182   -0.04316258  0.04566182
 -0.04316258  0.04566182   -0.06218026  0.06334376   -0.04355945 -0.14250068
 -0.04316258  0.04566182   -0.04355945 -0.14250068   -0.06218026  0.06334376
    2    2
  0.30577407  0.00000000   -0.00651124 -0.00781478   -0.00651124 -0.00781478
 -0.00651124  0.00781478    0.25384407  0.00000000    0.00613332  0.00000000
 -0.00651124  0.00781478    0.00613332  0.00000000    0.25384407  0.00000000

     Dynamical  Matrix in cartesian axes

     q = (    0.750000000  -0.750000000  -0.250000000 ) 

    1    1
  0.25384407  0.00000000   -0.00613332  0.00000000   -0.00651124 -0.00781478
 -0.00613332  0.00000000    0.25384407  0.00000000    0.00651124  0.00781478
 -0.00651124  0.00781478    0.00651124 -0.00781478    0.30577407  0.00000000
    1    2
 -0.06334376  0.06218026   -0.14250068 -0.04355945   -0.04566182  0.04316258
 -0.14250068 -0.04355945   -0.06334376  0.06218026    0.04566182 -0.04316258
 -0.04566182  0.04316258    0.04566182 -0.04316258   -0.08182646  0.06048244
    2    1
 -0.06334376 -0.06218026   -0.14250068  0.04355945   -0.04566182 -0.04316258
 -0.14250068  0.04355945   -0.06334376 -0.06218026    0.04566182  0.04316258
 -0.04566182 -0.04316258    0.04566182  0.04316258   -0.08182646 -0.06048244
    2    2
  0.25384407  0.00000000   -0.00613332  0.00000000   -0.00651124  0.00781478
 -0.00613332  0.00000000    0.25384407  0.00000000    0.00651124 -0.00781478
 -0.00651124 -0.00781478    0.00651124  0.00781478    0.30577407  0.00000000

     Diagonalizing the dynamical matrix

     q = (    0.750000000  -0.250000000   0.750000000 ) 

 **************************************************************************
     freq (    1) =       4.164794 [THz] =     138.922589 [cm-1]
 (  0.045046 -0.497967  0.000000 -0.000000 -0.045046  0.497967 ) 
 (  0.500000  0.000000  0.000000 -0.000000 -0.500000  0.000000 ) 
     freq (    2) =       5.860089 [THz] =     195.471520 [cm-1]
 ( -0.388381 -0.169370 -0.342837  0.153003 -0.388381 -0.169370 ) 
 ( -0.423706 -0.000000 -0.253094 -0.277291 -0.423706  0.000000 ) 
     freq (    3) =       9.485213 [THz] =     316.392652 [cm-1]
 (  0.124041 -0.283924  0.371362  0.412422  0.124041 -0.283924 ) 
 ( -0.309837 -0.000000  0.229258  0.505414 -0.309837  0.000000 ) 
     freq (    4) =      12.286263 [THz] =     409.825616 [cm-1]
 (  0.063735  0.316574 -0.400630 -0.361847  0.063735  0.316574 ) 
 ( -0.322926 -0.000000  0.433800  0.321333 -0.322926  0.000000 ) 
     freq (    5) =      13.860604 [THz] =     462.339971 [cm-1]
 (  0.045046 -0.497967 -0.000000  0.000000 -0.045046  0.497967 ) 
 ( -0.500000 -0.000000  0.000000  0.000000  0.500000  0.000000 ) 
     freq (    6) =      14.252434 [THz] =     475.410022 [cm-1]
 ( -0.304438 -0.165864 -0.460280  0.218531 -0.304438 -0.165864 ) 
 (  0.346689  0.000000  0.299636  0.412107  0.346689 -0.000000 ) 
 **************************************************************************
