Dynamical matrix file
                                                                           
  1    2  2 10.3040000  0.0000000  0.0000000  0.0000000  0.0000000  0.0000000
           1  'Si  '    25598.822984527003     
    1    1      0.0000000000      0.0000000000      0.0000000000
    2    1      0.2500000000      0.2500000000      0.2500000000

     Dynamical  Matrix in cartesian axes

     q = (    0.750000000  -0.250000000   0.750000000 ) 

    1    1
  0.25075160  0.00000000   -0.00642863  0.00776057    0.00602223  0.00000000
 -0.00642863 -0.00776057    0.30241939  0.00000000   -0.00642863 -0.00776057
  0.00602223  0.00000000   -0.00642863  0.00776057    0.25075160  0.00000000
    1    2
 -0.06147061  0.06262074   -0.04225914  0.04471732   -0.04264008 -0.13962549
 -0.04225914  0.04471732   -0.05980503  0.08109847   -0.04225914  0.04471732
 -0.04264008 -0.13962549   -0.04225914  0.04471732   -0.06147061  0.06262074
    2    1
 -0.06147061 -0.06262074   -0.04225914 -0.04471732   -0.04264008  0.13962549
 -0.04225914 -0.04471732   -0.05980503 -0.08109847   -0.04225914 -0.04471732
 -0.04264008  0.13962549   -0.04225914 -0.04471732   -0.06147061 -0.06262074
    2    2
  0.25075160  0.00000000   -0.00642863 -0.00776057    0.00602223  0.00000000
 -0.00642863  0.00776057    0.30241939  0.00000000   -0.00642863  0.00776057
  0.00602223  0.00000000   -0.00642863 -0.00776057    0.25075160  0.00000000

     Dynamical  Matrix in cartesian axes

     q = (    0.750000000  -0.250000000  -0.750000000 ) 

    1    1
  0.25075160  0.00000000   -0.00642863 -0.00776057   -0.00602223  0.00000000
 -0.00642863  0.00776057    0.30241939  0.00000000    0.00642863 -0.00776057
 -0.00602223  0.00000000    0.00642863  0.00776057    0.25075160  0.00000000
    1    2
 -0.06262074  0.06147061   -0.04471732  0.04225914   -0.13962549 -0.04264008
 -0.04471732  0.04225914   -0.08109847  0.05980503    0.04471732 -0.04225914
 -0.13962549 -0.04264008    0.04471732 -0.04225914   -0.06262074  0.06147061
    2    1
 -0.06262074 -0.06147061   -0.04471732 -0.04225914   -0.13962549  0.04264008
 -0.04471732 -0.04225914   -0.08109847 -0.05980503    0.04471732  0.04225914
 -0.13962549  0.04264008    0.04471732  0.04225914   -0.06262074 -0.06147061
    2    2
  0.25075160  0.00000000   -0.00642863  0.00776057   -0.00602223  0.00000000
 -0.00642863 -0.00776057    0.30241939  0.00000000    0.00642863  0.00776057
 -0.00602223  0.00000000    0.00642863 -0.00776057    0.25075160  0.00000000

     Dynamical  Matrix in cartesian axes

     q = (   -0.750000000  -0.250000000  -0.750000000 ) 

    1    1
  0.25075160  0.00000000    0.00642863 -0.00776057    0.00602223  0.00000000
  0.00642863  0.00776057    0.30241939  0.00000000    0.00642863  0.00776057
  0.00602223  0.00000000    0.00642863 -0.00776057    0.25075160  0.00000000
    1    2
  0.06262074  0.06147061   -0.04471732 -0.04225914   -0.13962549  0.04264008
 -0.04471732 -0.04225914    0.08109847  0.05980503   -0.04471732 -0.04225914
 -0.13962549  0.04264008   -0.04471732 -0.04225914    0.06262074  0.06147061
    2    1
  0.06262074 -0.06147061   -0.04471732  0.04225914   -0.13962549 -0.04264008
 -0.04471732  0.04225914    0.08109847 -0.05980503   -0.04471732  0.04225914
 -0.13962549 -0.04264008   -0.04471732  0.04225914    0.06262074 -0.06147061
    2    2
  0.25075160  0.00000000    0.00642863  0.00776057    0.00602223  0.00000000
  0.00642863 -0.00776057    0.30241939  0.00000000    0.00642863 -0.00776057
  0.00602223  0.00000000    0.00642863  0.00776057    0.25075160  0.00000000

     Dynamical  Matrix in cartesian axes

     q = (   -0.750000000  -0.250000000   0.750000000 ) 

    1    1
  0.25075160  0.00000000    0.00642863  0.00776057   -0.00602223  0.00000000
  0.00642863 -0.00776057    0.30241939  0.00000000   -0.00642863  0.00776057
 -0.00602223  0.00000000   -0.00642863 -0.00776057    0.25075160  0.00000000
    1    2
 -0.06262074  0.06147061    0.04471732 -0.04225914   -0.13962549 -0.04264008
  0.04471732 -0.04225914   -0.08109847  0.05980503   -0.04471732  0.04225914
 -0.13962549 -0.04264008   -0.04471732  0.04225914   -0.06262074  0.06147061
    2    1
 -0.06262074 -0.06147061    0.04471732  0.04225914   -0.13962549  0.04264008
  0.04471732  0.04225914   -0.08109847 -0.05980503   -0.04471732 -0.04225914
 -0.13962549  0.04264008   -0.04471732 -0.04225914   -0.06262074 -0.06147061
    2    2
  0.25075160  0.00000000    0.00642863 -0.00776057   -0.00602223  0.00000000
  0.00642863  0.00776057    0.30241939  0.00000000   -0.00642863 -0.00776057
 -0.00602223  0.00000000   -0.00642863  0.00776057    0.25075160  0.00000000

     Dynamical  Matrix in cartesian axes

     q = (   -0.750000000   0.250000000  -0.750000000 ) 

    1    1
  0.25075160  0.00000000   -0.00642863 -0.00776057    0.00602223  0.00000000
 -0.00642863  0.00776057    0.30241939  0.00000000   -0.00642863  0.00776057
  0.00602223  0.00000000   -0.00642863 -0.00776057    0.25075160  0.00000000
    1    2
 -0.06147061 -0.06262074   -0.04225914 -0.04471732   -0.04264008  0.13962549
 -0.04225914 -0.04471732   -0.05980503 -0.08109847   -0.04225914 -0.04471732
 -0.04264008  0.13962549   -0.04225914 -0.04471732   -0.06147061 -0.06262074
    2    1
 -0.06147061  0.06262074   -0.04225914  0.04471732   -0.04264008 -0.13962549
 -0.04225914  0.04471732   -0.05980503  0.08109847   -0.04225914  0.04471732
 -0.04264008 -0.13962549   -0.04225914  0.04471732   -0.06147061  0.06262074
    2    2
  0.25075160  0.00000000   -0.00642863  0.00776057    0.00602223  0.00000000
 -0.00642863 -0.00776057    0.30241939  0.00000000   -0.00642863 -0.00776057
  0.00602223  0.00000000   -0.00642863  0.00776057    0.25075160  0.00000000

     Dynamical  Matrix in cartesian axes

     q = (   -0.250000000   0.750000000  -0.750000000 ) 

    1    1
  0.30241939  0.00000000   -0.00642863  0.00776057    0.00642863 -0.00776057
 -0.00642863 -0.00776057    0.25075160  0.00000000   -0.00602223  0.00000000
  0.00642863  0.00776057   -0.00602223  0.00000000    0.25075160  0.00000000
    1    2
 -0.08109847  0.05980503   -0.04471732  0.04225914    0.04471732 -0.04225914
 -0.04471732  0.04225914   -0.06262074  0.06147061   -0.13962549 -0.04264008
  0.04471732 -0.04225914   -0.13962549 -0.04264008   -0.06262074  0.06147061
    2    1
 -0.08109847 -0.05980503   -0.04471732 -0.04225914    0.04471732  0.04225914
 -0.04471732 -0.04225914   -0.06262074 -0.06147061   -0.13962549  0.04264008
  0.04471732  0.04225914   -0.13962549  0.04264008   -0.06262074 -0.06147061
    2    2
  0.30241939  0.00000000   -0.00642863 -0.00776057    0.00642863  0.00776057
 -0.00642863  0.00776057    0.25075160  0.00000000   -0.00602223  0.00000000
  0.00642863 -0.00776057   -0.00602223  0.00000000    0.25075160  0.00000000

     Dynamical  Matrix in cartesian axes

     q = (   -0.750000000   0.750000000  -0.250000000 ) 

    1    1
  0.25075160  0.00000000   -0.00602223  0.00000000    0.00642863  0.00776057
 -0.00602223  0.00000000    0.25075160  0.00000000   -0.00642863 -0.00776057
  0.00642863 -0.00776057   -0.00642863  0.00776057    0.30241939  0.00000000
    1    2
 -0.06262074  0.06147061   -0.13962549 -0.04264008    0.04471732 -0.04225914
 -0.13962549 -0.04264008   -0.06262074  0.06147061   -0.04471732  0.04225914
  0.04471732 -0.04225914   -0.04471732  0.04225914   -0.08109847  0.05980503
    2    1
 -0.06262074 -0.06147061   -0.13962549  0.04264008    0.04471732  0.04225914
 -0.13962549  0.04264008   -0.06262074 -0.06147061   -0.04471732 -0.04225914
  0.04471732  0.04225914   -0.04471732 -0.04225914   -0.08109847 -0.05980503
    2    2
  0.25075160  0.00000000   -0.00602223  0.00000000    0.00642863 -0.00776057
 -0.00602223  0.00000000    0.25075160  0.00000000   -0.00642863  0.00776057
  0.00642863  0.00776057   -0.00642863 -0.00776057    0.30241939  0.00000000

     Dynamical  Matrix in cartesian axes

     q = (    0.750000000   0.250000000   0.750000000 ) 

    1    1
  0.25075160  0.00000000    0.00642863  0.00776057    0.00602223  0.00000000
  0.00642863 -0.00776057    0.30241939  0.00000000    0.00642863 -0.00776057
  0.00602223  0.00000000    0.00642863  0.00776057    0.25075160  0.00000000
    1    2
  0.06262074 -0.06147061   -0.04471732  0.04225914   -0.13962549 -0.04264008
 -0.04471732  0.04225914    0.08109847 -0.05980503   -0.04471732  0.04225914
 -0.13962549 -0.04264008   -0.04471732  0.04225914    0.06262074 -0.06147061
    2    1
  0.06262074  0.06147061   -0.04471732 -0.04225914   -0.13962549  0.04264008
 -0.04471732 -0.04225914    0.08109847  0.05980503   -0.04471732 -0.04225914
 -0.13962549  0.04264008   -0.04471732 -0.04225914    0.06262074  0.06147061
    2    2
  0.25075160  0.00000000    0.00642863 -0.00776057    0.00602223  0.00000000
  0.00642863  0.00776057    0.30241939  0.00000000    0.00642863  0.00776057
  0.00602223  0.00000000    0.00642863 -0.00776057    0.25075160  0.00000000

     Dynamical  Matrix in cartesian axes

     q = (   -0.750000000   0.250000000   0.750000000 ) 

    1    1
  0.25075160  0.00000000   -0.00642863  0.00776057   -0.00602223  0.00000000
 -0.00642863 -0.00776057    0.30241939  0.00000000    0.00642863  0.00776057
 -0.00602223  0.00000000    0.00642863 -0.00776057    0.25075160  0.00000000
    1    2
 -0.06262074 -0.06147061   -0.04471732 -0.04225914   -0.13962549  0.04264008
 -0.04471732 -0.04225914   -0.08109847 -0.05980503    0.04471732  0.04225914
 -0.13962549  0.04264008    0.04471732  0.04225914   -0.06262074 -0.06147061
    2    1
 -0.06262074  0.06147061   -0.04471732  0.04225914   -0.13962549 -0.04264008
 -0.04471732  0.04225914   -0.08109847  0.05980503    0.04471732 -0.04225914
 -0.13962549 -0.04264008    0.04471732 -0.04225914   -0.06262074  0.06147061
    2    2
  0.25075160  0.00000000   -0.00642863 -0.00776057   -0.00602223  0.00000000
 -0.00642863  0.00776057    0.30241939  0.00000000    0.00642863 -0.00776057
 -0.00602223  0.00000000    0.00642863  0.00776057    0.25075160  0.00000000

     Dynamical  Matrix in cartesian axes

     q = (    0.750000000   0.250000000  -0.750000000 ) 

    1    1
  0.25075160  0.00000000    0.00642863 -0.00776057   -0.00602223  0.00000000
  0.00642863  0.00776057    0.30241939  0.00000000   -0.00642863 -0.00776057
 -0.00602223  0.00000000   -0.00642863  0.00776057    0.25075160  0.00000000
    1    2
 -0.06262074 -0.06147061    0.04471732  0.04225914   -0.13962549  0.04264008
  0.04471732  0.04225914   -0.08109847 -0.05980503   -0.04471732 -0.04225914
 -0.13962549  0.04264008   -0.04471732 -0.04225914   -0.06262074 -0.06147061
    2    1
 -0.06262074  0.06147061    0.04471732 -0.04225914   -0.13962549 -0.04264008
  0.04471732 -0.04225914   -0.08109847  0.05980503   -0.04471732  0.04225914
 -0.13962549 -0.04264008   -0.04471732  0.04225914   -0.06262074  0.06147061
    2    2
  0.25075160  0.00000000    0.00642863  0.00776057   -0.00602223  0.00000000
  0.00642863 -0.00776057    0.30241939  0.00000000   -0.00642863  0.00776057
 -0.00602223  0.00000000   -0.00642863 -0.00776057    0.25075160  0.00000000

     Dynamical  Matrix in cartesian axes

     q = (   -0.750000000   0.750000000   0.250000000 ) 

    1    1
  0.25075160  0.00000000   -0.00602223  0.00000000   -0.00642863  0.00776057
 -0.00602223  0.00000000    0.25075160  0.00000000    0.00642863 -0.00776057
 -0.00642863 -0.00776057    0.00642863  0.00776057    0.30241939  0.00000000
    1    2
 -0.06262074 -0.06147061   -0.13962549  0.04264008   -0.04471732 -0.04225914
 -0.13962549  0.04264008   -0.06262074 -0.06147061    0.04471732  0.04225914
 -0.04471732 -0.04225914    0.04471732  0.04225914   -0.08109847 -0.05980503
    2    1
 -0.06262074  0.06147061   -0.13962549 -0.04264008   -0.04471732  0.04225914
 -0.13962549 -0.04264008   -0.06262074  0.06147061    0.04471732 -0.04225914
 -0.04471732  0.04225914    0.04471732 -0.04225914   -0.08109847  0.05980503
    2    2
  0.25075160  0.00000000   -0.00602223  0.00000000   -0.00642863 -0.00776057
 -0.00602223  0.00000000    0.25075160  0.00000000    0.00642863  0.00776057
 -0.00642863  0.00776057    0.00642863 -0.00776057    0.30241939  0.00000000

     Dynamical  Matrix in cartesian axes

     q = (   -0.250000000   0.750000000   0.750000000 ) 

    1    1
  0.30241939  0.00000000   -0.00642863 -0.00776057   -0.00642863 -0.00776057
 -0.00642863  0.00776057    0.25075160  0.00000000    0.00602223  0.00000000
 -0.00642863  0.00776057    0.00602223  0.00000000    0.25075160  0.00000000
    1    2
 -0.05980503  0.08109847   -0.04225914  0.04471732   -0.04225914  0.04471732
 -0.04225914  0.04471732   -0.06147061  0.06262074   -0.04264008 -0.13962549
 -0.04225914  0.04471732   -0.04264008 -0.13962549   -0.06147061  0.06262074
    2    1
 -0.05980503 -0.08109847   -0.04225914 -0.04471732   -0.04225914 -0.04471732
 -0.04225914 -0.04471732   -0.06147061 -0.06262074   -0.04264008  0.13962549
 -0.04225914 -0.04471732   -0.04264008  0.13962549   -0.06147061 -0.06262074
    2    2
  0.30241939  0.00000000   -0.00642863  0.00776057   -0.00642863  0.00776057
 -0.00642863 -0.00776057    0.25075160  0.00000000    0.00602223  0.00000000
 -0.00642863 -0.00776057    0.00602223  0.00000000    0.25075160  0.00000000

     Dynamical  Matrix in cartesian axes

     q = (    0.250000000   0.750000000  -0.750000000 ) 

    1    1
  0.30241939  0.00000000    0.00642863  0.00776057   -0.00642863 -0.00776057
  0.00642863 -0.00776057    0.25075160  0.00000000   -0.00602223  0.00000000
 -0.00642863  0.00776057   -0.00602223  0.00000000    0.25075160  0.00000000
    1    2
 -0.08109847 -0.05980503    0.04471732  0.04225914   -0.04471732 -0.04225914
  0.04471732  0.04225914   -0.06262074 -0.06147061   -0.13962549  0.04264008
 -0.04471732 -0.04225914   -0.13962549  0.04264008   -0.06262074 -0.06147061
    2    1
 -0.08109847  0.05980503    0.04471732 -0.04225914   -0.04471732  0.04225914
  0.04471732 -0.04225914   -0.06262074  0.06147061   -0.13962549 -0.04264008
 -0.04471732  0.04225914   -0.13962549 -0.04264008   -0.06262074  0.06147061
    2    2
  0.30241939  0.00000000    0.00642863 -0.00776057   -0.00642863  0.00776057
  0.00642863  0.00776057    0.25075160  0.00000000   -0.00602223  0.00000000
 -0.00642863 -0.00776057   -0.00602223  0.00000000    0.25075160  0.00000000

     Dynamical  Matrix in cartesian axes

     q = (   -0.250000000  -0.750000000  -0.750000000 ) 

    1    1
  0.30241939  0.00000000    0.00642863  0.00776057    0.00642863  0.00776057
  0.00642863 -0.00776057    0.25075160  0.00000000    0.00602223  0.00000000
  0.00642863 -0.00776057    0.00602223  0.00000000    0.25075160  0.00000000
    1    2
  0.08109847  0.05980503   -0.04471732 -0.04225914   -0.04471732 -0.04225914
 -0.04471732 -0.04225914    0.06262074  0.06147061   -0.13962549  0.04264008
 -0.04471732 -0.04225914   -0.13962549  0.04264008    0.06262074  0.06147061
    2    1
  0.08109847 -0.05980503   -0.04471732  0.04225914   -0.04471732  0.04225914
 -0.04471732  0.04225914    0.06262074 -0.06147061   -0.13962549 -0.04264008
 -0.04471732  0.04225914   -0.13962549 -0.04264008    0.06262074 -0.06147061
    2    2
  0.30241939  0.00000000    0.00642863 -0.00776057    0.00642863 -0.00776057
  0.00642863  0.00776057    0.25075160  0.00000000    0.00602223  0.00000000
  0.00642863  0.00776057    0.00602223  0.00000000    0.25075160  0.00000000

     Dynamical  Matrix in cartesian axes

     q = (    0.750000000   0.750000000  -0.250000000 ) 

    1    1
  0.25075160  0.00000000    0.00602223  0.00000000   -0.00642863  0.00776057
  0.00602223  0.00000000    0.25075160  0.00000000   -0.00642863  0.00776057
 -0.00642863 -0.00776057   -0.00642863 -0.00776057    0.30241939  0.00000000
    1    2
 -0.06147061  0.06262074   -0.04264008 -0.13962549   -0.04225914  0.04471732
 -0.04264008 -0.13962549   -0.06147061  0.06262074   -0.04225914  0.04471732
 -0.04225914  0.04471732   -0.04225914  0.04471732   -0.05980503  0.08109847
    2    1
 -0.06147061 -0.06262074   -0.04264008  0.13962549   -0.04225914 -0.04471732
 -0.04264008  0.13962549   -0.06147061 -0.06262074   -0.04225914 -0.04471732
 -0.04225914 -0.04471732   -0.04225914 -0.04471732   -0.05980503 -0.08109847
    2    2
  0.25075160  0.00000000    0.00602223  0.00000000   -0.00642863 -0.00776057
  0.00602223  0.00000000    0.25075160  0.00000000   -0.00642863 -0.00776057
 -0.00642863  0.00776057   -0.00642863  0.00776057    0.30241939  0.00000000

     Dynamical  Matrix in cartesian axes

     q = (    0.750000000  -0.750000000   0.250000000 ) 

    1    1
  0.25075160  0.00000000   -0.00602223  0.00000000    0.00642863 -0.00776057
 -0.00602223  0.00000000    0.25075160  0.00000000   -0.00642863  0.00776057
  0.00642863  0.00776057   -0.00642863 -0.00776057    0.30241939  0.00000000
    1    2
 -0.06262074 -0.06147061   -0.13962549  0.04264008    0.04471732  0.04225914
 -0.13962549  0.04264008   -0.06262074 -0.06147061   -0.04471732 -0.04225914
  0.04471732  0.04225914   -0.04471732 -0.04225914   -0.08109847 -0.05980503
    2    1
 -0.06262074  0.06147061   -0.13962549 -0.04264008    0.04471732 -0.04225914
 -0.13962549 -0.04264008   -0.06262074  0.06147061   -0.04471732  0.04225914
  0.04471732 -0.04225914   -0.04471732  0.04225914   -0.08109847  0.05980503
    2    2
  0.25075160  0.00000000   -0.00602223  0.00000000    0.00642863  0.00776057
 -0.00602223  0.00000000    0.25075160  0.00000000   -0.00642863 -0.00776057
  0.00642863 -0.00776057   -0.00642863  0.00776057    0.30241939  0.00000000

     Dynamical  Matrix in cartesian axes

     q = (   -0.750000000  -0.750000000  -0.250000000 ) 

    1    1
  0.25075160  0.00000000    0.00602223  0.00000000    0.00642863 -0.00776057
  0.00602223  0.00000000    0.25075160  0.00000000    0.00642863 -0.00776057
  0.00642863  0.00776057    0.00642863  0.00776057    0.30241939  0.00000000
    1    2
  0.06262074  0.06147061   -0.13962549  0.04264008   -0.04471732 -0.04225914
 -0.13962549  0.04264008    0.06262074  0.06147061   -0.04471732 -0.04225914
 -0.04471732 -0.04225914   -0.04471732 -0.04225914    0.08109847  0.05980503
    2    1
  0.06262074 -0.06147061   -0.13962549 -0.04264008   -0.04471732  0.04225914
 -0.13962549 -0.04264008    0.06262074 -0.06147061   -0.04471732  0.04225914
 -0.04471732  0.04225914   -0.04471732  0.04225914    0.08109847 -0.05980503
    2    2
  0.25075160  0.00000000    0.00602223  0.00000000    0.00642863  0.00776057
  0.00602223  0.00000000    0.25075160  0.00000000    0.00642863  0.00776057
  0.00642863 -0.00776057    0.00642863 -0.00776057    0.30241939  0.00000000

     Dynamical  Matrix in cartesian axes

     q = (    0.250000000  -0.750000000   0.750000000 ) 

    1    1
  0.30241939  0.00000000   -0.00642863 -0.00776057    0.00642863  0.00776057
 -0.00642863  0.00776057    0.25075160  0.00000000   -0.00602223  0.00000000
  0.00642863 -0.00776057   -0.00602223  0.00000000    0.25075160  0.00000000
    1    2
 -0.08109847 -0.05980503   -0.04471732 -0.04225914    0.04471732  0.04225914
 -0.04471732 -0.04225914   -0.06262074 -0.06147061   -0.13962549  0.04264008
  0.04471732  0.04225914   -0.13962549  0.04264008   -0.06262074 -0.06147061
    2    1
 -0.08109847  0.05980503   -0.04471732  0.04225914    0.04471732 -0.04225914
 -0.04471732  0.04225914   -0.06262074  0.06147061   -0.13962549 -0.04264008
  0.04471732 -0.04225914   -0.13962549 -0.04264008   -0.06262074  0.06147061
    2    2
  0.30241939  0.00000000   -0.00642863  0.00776057    0.00642863 -0.00776057
 -0.00642863 -0.00776057    0.25075160  0.00000000   -0.00602223  0.00000000
  0.00642863  0.00776057   -0.00602223  0.00000000    0.25075160  0.00000000

     Dynamical  Matrix in cartesian axes

     q = (   -0.750000000  -0.750000000   0.250000000 ) 

    1    1
  0.25075160  0.00000000    0.00602223  0.00000000   -0.00642863 -0.00776057
  0.00602223  0.00000000    0.25075160  0.00000000   -0.00642863 -0.00776057
 -0.00642863  0.00776057   -0.00642863  0.00776057    0.30241939  0.00000000
    1    2
 -0.06147061 -0.06262074   -0.04264008  0.13962549   -0.04225914 -0.04471732
 -0.04264008  0.13962549   -0.06147061 -0.06262074   -0.04225914 -0.04471732
 -0.04225914 -0.04471732   -0.04225914 -0.04471732   -0.05980503 -0.08109847
    2    1
 -0.06147061  0.06262074   -0.04264008 -0.13962549   -0.04225914  0.04471732
 -0.04264008 -0.13962549   -0.06147061  0.06262074   -0.04225914  0.04471732
 -0.04225914  0.04471732   -0.04225914  0.04471732   -0.05980503  0.08109847
    2    2
  0.25075160  0.00000000    0.00602223  0.00000000   -0.00642863  0.00776057
  0.00602223  0.00000000    0.25075160  0.00000000   -0.00642863  0.00776057
 -0.00642863 -0.00776057   -0.00642863 -0.00776057    0.30241939  0.00000000

     Dynamical  Matrix in cartesian axes

     q = (    0.250000000   0.750000000   0.750000000 ) 

    1    1
  0.30241939  0.00000000    0.00642863 -0.00776057    0.00642863 -0.00776057
  0.00642863  0.00776057    0.25075160  0.00000000    0.00602223  0.00000000
  0.00642863  0.00776057    0.00602223  0.00000000    0.25075160  0.00000000
    1    2
  0.08109847 -0.05980503   -0.04471732  0.04225914   -0.04471732  0.04225914
 -0.04471732  0.04225914    0.06262074 -0.06147061   -0.13962549 -0.04264008
 -0.04471732  0.04225914   -0.13962549 -0.04264008    0.06262074 -0.06147061
    2    1
  0.08109847  0.05980503   -0.04471732 -0.04225914   -0.04471732 -0.04225914
 -0.04471732 -0.04225914    0.06262074  0.06147061   -0.13962549  0.04264008
 -0.04471732 -0.04225914   -0.13962549  0.04264008    0.06262074  0.06147061
    2    2
  0.30241939  0.00000000    0.00642863  0.00776057    0.00642863  0.00776057
  0.00642863 -0.00776057    0.25075160  0.00000000    0.00602223  0.00000000
  0.00642863 -0.00776057    0.00602223  0.00000000    0.25075160  0.00000000

     Dynamical  Matrix in cartesian axes

     q = (   -0.250000000  -0.750000000   0.750000000 ) 

    1    1
  0.30241939  0.00000000    0.00642863 -0.00776057   -0.00642863  0.00776057
  0.00642863  0.00776057    0.25075160  0.00000000   -0.00602223  0.00000000
 -0.00642863 -0.00776057   -0.00602223  0.00000000    0.25075160  0.00000000
    1    2
 -0.08109847  0.05980503    0.04471732 -0.04225914   -0.04471732  0.04225914
  0.04471732 -0.04225914   -0.06262074  0.06147061   -0.13962549 -0.04264008
 -0.04471732  0.04225914   -0.13962549 -0.04264008   -0.06262074  0.06147061
    2    1
 -0.08109847 -0.05980503    0.04471732  0.04225914   -0.04471732 -0.04225914
  0.04471732  0.04225914   -0.06262074 -0.06147061   -0.13962549  0.04264008
 -0.04471732 -0.04225914   -0.13962549  0.04264008   -0.06262074 -0.06147061
    2    2
  0.30241939  0.00000000    0.00642863  0.00776057   -0.00642863 -0.00776057
  0.00642863 -0.00776057    0.25075160  0.00000000   -0.00602223  0.00000000
 -0.00642863  0.00776057   -0.00602223  0.00000000    0.25075160  0.00000000

     Dynamical  Matrix in cartesian axes

     q = (    0.750000000   0.750000000   0.250000000 ) 

    1    1
  0.25075160  0.00000000    0.00602223  0.00000000    0.00642863  0.00776057
  0.00602223  0.00000000    0.25075160  0.00000000    0.00642863  0.00776057
  0.00642863 -0.00776057    0.00642863 -0.00776057    0.30241939  0.00000000
    1    2
  0.06262074 -0.06147061   -0.13962549 -0.04264008   -0.04471732  0.04225914
 -0.13962549 -0.04264008    0.06262074 -0.06147061   -0.04471732  0.04225914
 -0.04471732  0.04225914   -0.04471732  0.04225914    0.08109847 -0.05980503
    2    1
  0.06262074  0.06147061   -0.13962549  0.04264008   -0.04471732 -0.04225914
 -0.13962549  0.04264008    0.06262074  0.06147061   -0.04471732 -0.04225914
 -0.04471732 -0.04225914   -0.04471732 -0.04225914    0.08109847  0.05980503
    2    2
  0.25075160  0.00000000    0.00602223  0.00000000    0.00642863 -0.00776057
  0.00602223  0.00000000    0.25075160  0.00000000    0.00642863 -0.00776057
  0.00642863  0.00776057    0.00642863  0.00776057    0.30241939  0.00000000

     Dynamical  Matrix in cartesian axes

     q = (    0.250000000  -0.750000000  -0.750000000 ) 

    1    1
  0.30241939  0.00000000   -0.00642863  0.00776057   -0.00642863  0.00776057
 -0.00642863 -0.00776057    0.25075160  0.00000000    0.00602223  0.00000000
 -0.00642863 -0.00776057    0.00602223  0.00000000    0.25075160  0.00000000
    1    2
 -0.05980503 -0.08109847   -0.04225914 -0.04471732   -0.04225914 -0.04471732
 -0.04225914 -0.04471732   -0.06147061 -0.06262074   -0.04264008  0.13962549
 -0.04225914 -0.04471732   -0.04264008  0.13962549   -0.06147061 -0.06262074
    2    1
 -0.05980503  0.08109847   -0.04225914  0.04471732   -0.04225914  0.04471732
 -0.04225914  0.04471732   -0.06147061  0.06262074   -0.04264008 -0.13962549
 -0.04225914  0.04471732   -0.04264008 -0.13962549   -0.06147061  0.06262074
    2    2
  0.30241939  0.00000000   -0.00642863 -0.00776057   -0.00642863 -0.00776057
 -0.00642863  0.00776057    0.25075160  0.00000000    0.00602223  0.00000000
 -0.00642863  0.00776057    0.00602223  0.00000000    0.25075160  0.00000000

     Dynamical  Matrix in cartesian axes

     q = (    0.750000000  -0.750000000  -0.250000000 ) 

    1    1
  0.25075160  0.00000000   -0.00602223  0.00000000   -0.00642863 -0.00776057
 -0.00602223  0.00000000    0.25075160  0.00000000    0.00642863  0.00776057
 -0.00642863  0.00776057    0.00642863 -0.00776057    0.30241939  0.00000000
    1    2
 -0.06262074  0.06147061   -0.13962549 -0.04264008   -0.04471732  0.04225914
 -0.13962549 -0.04264008   -0.06262074  0.06147061    0.04471732 -0.04225914
 -0.04471732  0.04225914    0.04471732 -0.04225914   -0.08109847  0.05980503
    2    1
 -0.06262074 -0.06147061   -0.13962549  0.04264008   -0.04471732 -0.04225914
 -0.13962549  0.04264008   -0.06262074 -0.06147061    0.04471732  0.04225914
 -0.04471732 -0.04225914    0.04471732  0.04225914   -0.08109847 -0.05980503
    2    2
  0.25075160  0.00000000   -0.00602223  0.00000000   -0.00642863  0.00776057
 -0.00602223  0.00000000    0.25075160  0.00000000    0.00642863 -0.00776057
 -0.00642863 -0.00776057    0.00642863  0.00776057    0.30241939  0.00000000

     Diagonalizing the dynamical matrix

     q = (    0.750000000  -0.250000000   0.750000000 ) 

 **************************************************************************
     freq (    1) =       4.194262 [THz] =     139.905517 [cm-1]
 (  0.046353 -0.497847  0.000000  0.000000 -0.046353  0.497847 ) 
 (  0.500000  0.000000  0.000000  0.000000 -0.500000  0.000000 ) 
     freq (    2) =       5.869319 [THz] =     195.779422 [cm-1]
 ( -0.389270 -0.166595 -0.343386  0.153353 -0.389270 -0.166595 ) 
 ( -0.423420 -0.000000 -0.255354 -0.276089 -0.423420  0.000000 ) 
     freq (    3) =       9.438213 [THz] =     314.824915 [cm-1]
 (  0.120454 -0.286040  0.375333  0.408006  0.120454 -0.286040 ) 
 ( -0.310367 -0.000000  0.230359  0.504261 -0.310367  0.000000 ) 
     freq (    4) =      12.205907 [THz] =     407.145233 [cm-1]
 (  0.070325  0.317437 -0.401768 -0.356593  0.070325  0.317437 ) 
 ( -0.325134  0.000000  0.435052  0.315128 -0.325134  0.000000 ) 
     freq (    5) =      13.760414 [THz] =     458.997992 [cm-1]
 (  0.046353 -0.497847  0.000000 -0.000000 -0.046353  0.497847 ) 
 ( -0.500000 -0.000000 -0.000000 -0.000000  0.500000  0.000000 ) 
     freq (    6) =      14.153992 [THz] =     472.126359 [cm-1]
 ( -0.303561 -0.162870 -0.463096  0.219523 -0.303561 -0.162870 ) 
 (  0.344493  0.000000  0.304285  0.412382  0.344493 -0.000000 ) 
 **************************************************************************
