Dynamical matrix file
                                                                           
  1    2  2 10.3290000  0.0000000  0.0000000  0.0000000  0.0000000  0.0000000
           1  'Si  '    25598.822984527003     
    1    1      0.0000000000      0.0000000000      0.0000000000
    2    1      0.2500000000      0.2500000000      0.2500000000

     Dynamical  Matrix in cartesian axes

     q = (    0.750000000  -0.250000000   0.750000000 ) 

    1    1
  0.23391862  0.00000000   -0.00489010  0.00745216    0.00212008  0.00000000
 -0.00489010 -0.00745216    0.28959771  0.00000000   -0.00489010 -0.00745216
  0.00212008  0.00000000   -0.00489010  0.00745216    0.23391862  0.00000000
    1    2
 -0.06375953  0.05515053   -0.03668092  0.04093018   -0.04182238 -0.13283664
 -0.03668092  0.04093018   -0.06249539  0.07403717   -0.03668092  0.04093018
 -0.04182238 -0.13283664   -0.03668092  0.04093018   -0.06375953  0.05515053
    2    1
 -0.06375953 -0.05515053   -0.03668092 -0.04093018   -0.04182238  0.13283664
 -0.03668092 -0.04093018   -0.06249539 -0.07403717   -0.03668092 -0.04093018
 -0.04182238  0.13283664   -0.03668092 -0.04093018   -0.06375953 -0.05515053
    2    2
  0.23391862  0.00000000   -0.00489010 -0.00745216    0.00212008  0.00000000
 -0.00489010  0.00745216    0.28959771  0.00000000   -0.00489010  0.00745216
  0.00212008  0.00000000   -0.00489010 -0.00745216    0.23391862  0.00000000

     Dynamical  Matrix in cartesian axes

     q = (    0.750000000  -0.250000000  -0.750000000 ) 

    1    1
  0.23391862  0.00000000   -0.00489010 -0.00745216   -0.00212008  0.00000000
 -0.00489010  0.00745216    0.28959771  0.00000000    0.00489010 -0.00745216
 -0.00212008  0.00000000    0.00489010  0.00745216    0.23391862  0.00000000
    1    2
 -0.05515053  0.06375953   -0.04093018  0.03668092   -0.13283664 -0.04182238
 -0.04093018  0.03668092   -0.07403717  0.06249539    0.04093018 -0.03668092
 -0.13283664 -0.04182238    0.04093018 -0.03668092   -0.05515053  0.06375953
    2    1
 -0.05515053 -0.06375953   -0.04093018 -0.03668092   -0.13283664  0.04182238
 -0.04093018 -0.03668092   -0.07403717 -0.06249539    0.04093018  0.03668092
 -0.13283664  0.04182238    0.04093018  0.03668092   -0.05515053 -0.06375953
    2    2
  0.23391862  0.00000000   -0.00489010  0.00745216   -0.00212008  0.00000000
 -0.00489010 -0.00745216    0.28959771  0.00000000    0.00489010  0.00745216
 -0.00212008  0.00000000    0.00489010 -0.00745216    0.23391862  0.00000000

     Dynamical  Matrix in cartesian axes

     q = (   -0.750000000  -0.250000000  -0.750000000 ) 

    1    1
  0.23391862  0.00000000    0.00489010 -0.00745216    0.00212008  0.00000000
  0.00489010  0.00745216    0.28959771  0.00000000    0.00489010  0.00745216
  0.00212008  0.00000000    0.00489010 -0.00745216    0.23391862  0.00000000
    1    2
  0.05515053  0.06375953   -0.04093018 -0.03668092   -0.13283664  0.04182238
 -0.04093018 -0.03668092    0.07403717  0.06249539   -0.04093018 -0.03668092
 -0.13283664  0.04182238   -0.04093018 -0.03668092    0.05515053  0.06375953
    2    1
  0.05515053 -0.06375953   -0.04093018  0.03668092   -0.13283664 -0.04182238
 -0.04093018  0.03668092    0.07403717 -0.06249539   -0.04093018  0.03668092
 -0.13283664 -0.04182238   -0.04093018  0.03668092    0.05515053 -0.06375953
    2    2
  0.23391862  0.00000000    0.00489010  0.00745216    0.00212008  0.00000000
  0.00489010 -0.00745216    0.28959771  0.00000000    0.00489010 -0.00745216
  0.00212008  0.00000000    0.00489010  0.00745216    0.23391862  0.00000000

     Dynamical  Matrix in cartesian axes

     q = (   -0.750000000  -0.250000000   0.750000000 ) 

    1    1
  0.23391862  0.00000000    0.00489010  0.00745216   -0.00212008  0.00000000
  0.00489010 -0.00745216    0.28959771  0.00000000   -0.00489010  0.00745216
 -0.00212008  0.00000000   -0.00489010 -0.00745216    0.23391862  0.00000000
    1    2
 -0.05515053  0.06375953    0.04093018 -0.03668092   -0.13283664 -0.04182238
  0.04093018 -0.03668092   -0.07403717  0.06249539   -0.04093018  0.03668092
 -0.13283664 -0.04182238   -0.04093018  0.03668092   -0.05515053  0.06375953
    2    1
 -0.05515053 -0.06375953    0.04093018  0.03668092   -0.13283664  0.04182238
  0.04093018  0.03668092   -0.07403717 -0.06249539   -0.04093018 -0.03668092
 -0.13283664  0.04182238   -0.04093018 -0.03668092   -0.05515053 -0.06375953
    2    2
  0.23391862  0.00000000    0.00489010 -0.00745216   -0.00212008  0.00000000
  0.00489010  0.00745216    0.28959771  0.00000000   -0.00489010 -0.00745216
 -0.00212008  0.00000000   -0.00489010  0.00745216    0.23391862  0.00000000

     Dynamical  Matrix in cartesian axes

     q = (   -0.750000000   0.250000000  -0.750000000 ) 

    1    1
  0.23391862  0.00000000   -0.00489010 -0.00745216    0.00212008  0.00000000
 -0.00489010  0.00745216    0.28959771  0.00000000   -0.00489010  0.00745216
  0.00212008  0.00000000   -0.00489010 -0.00745216    0.23391862  0.00000000
    1    2
 -0.06375953 -0.05515053   -0.03668092 -0.04093018   -0.04182238  0.13283664
 -0.03668092 -0.04093018   -0.06249539 -0.07403717   -0.03668092 -0.04093018
 -0.04182238  0.13283664   -0.03668092 -0.04093018   -0.06375953 -0.05515053
    2    1
 -0.06375953  0.05515053   -0.03668092  0.04093018   -0.04182238 -0.13283664
 -0.03668092  0.04093018   -0.06249539  0.07403717   -0.03668092  0.04093018
 -0.04182238 -0.13283664   -0.03668092  0.04093018   -0.06375953  0.05515053
    2    2
  0.23391862  0.00000000   -0.00489010  0.00745216    0.00212008  0.00000000
 -0.00489010 -0.00745216    0.28959771  0.00000000   -0.00489010 -0.00745216
  0.00212008  0.00000000   -0.00489010  0.00745216    0.23391862  0.00000000

     Dynamical  Matrix in cartesian axes

     q = (   -0.250000000   0.750000000  -0.750000000 ) 

    1    1
  0.28959771  0.00000000   -0.00489010  0.00745216    0.00489010 -0.00745216
 -0.00489010 -0.00745216    0.23391862  0.00000000   -0.00212008  0.00000000
  0.00489010  0.00745216   -0.00212008  0.00000000    0.23391862  0.00000000
    1    2
 -0.07403717  0.06249539   -0.04093018  0.03668092    0.04093018 -0.03668092
 -0.04093018  0.03668092   -0.05515053  0.06375953   -0.13283664 -0.04182238
  0.04093018 -0.03668092   -0.13283664 -0.04182238   -0.05515053  0.06375953
    2    1
 -0.07403717 -0.06249539   -0.04093018 -0.03668092    0.04093018  0.03668092
 -0.04093018 -0.03668092   -0.05515053 -0.06375953   -0.13283664  0.04182238
  0.04093018  0.03668092   -0.13283664  0.04182238   -0.05515053 -0.06375953
    2    2
  0.28959771  0.00000000   -0.00489010 -0.00745216    0.00489010  0.00745216
 -0.00489010  0.00745216    0.23391862  0.00000000   -0.00212008  0.00000000
  0.00489010 -0.00745216   -0.00212008  0.00000000    0.23391862  0.00000000

     Dynamical  Matrix in cartesian axes

     q = (   -0.750000000   0.750000000  -0.250000000 ) 

    1    1
  0.23391862  0.00000000   -0.00212008  0.00000000    0.00489010  0.00745216
 -0.00212008  0.00000000    0.23391862  0.00000000   -0.00489010 -0.00745216
  0.00489010 -0.00745216   -0.00489010  0.00745216    0.28959771  0.00000000
    1    2
 -0.05515053  0.06375953   -0.13283664 -0.04182238    0.04093018 -0.03668092
 -0.13283664 -0.04182238   -0.05515053  0.06375953   -0.04093018  0.03668092
  0.04093018 -0.03668092   -0.04093018  0.03668092   -0.07403717  0.06249539
    2    1
 -0.05515053 -0.06375953   -0.13283664  0.04182238    0.04093018  0.03668092
 -0.13283664  0.04182238   -0.05515053 -0.06375953   -0.04093018 -0.03668092
  0.04093018  0.03668092   -0.04093018 -0.03668092   -0.07403717 -0.06249539
    2    2
  0.23391862  0.00000000   -0.00212008  0.00000000    0.00489010 -0.00745216
 -0.00212008  0.00000000    0.23391862  0.00000000   -0.00489010  0.00745216
  0.00489010  0.00745216   -0.00489010 -0.00745216    0.28959771  0.00000000

     Dynamical  Matrix in cartesian axes

     q = (    0.750000000   0.250000000   0.750000000 ) 

    1    1
  0.23391862  0.00000000    0.00489010  0.00745216    0.00212008  0.00000000
  0.00489010 -0.00745216    0.28959771  0.00000000    0.00489010 -0.00745216
  0.00212008  0.00000000    0.00489010  0.00745216    0.23391862  0.00000000
    1    2
  0.05515053 -0.06375953   -0.04093018  0.03668092   -0.13283664 -0.04182238
 -0.04093018  0.03668092    0.07403717 -0.06249539   -0.04093018  0.03668092
 -0.13283664 -0.04182238   -0.04093018  0.03668092    0.05515053 -0.06375953
    2    1
  0.05515053  0.06375953   -0.04093018 -0.03668092   -0.13283664  0.04182238
 -0.04093018 -0.03668092    0.07403717  0.06249539   -0.04093018 -0.03668092
 -0.13283664  0.04182238   -0.04093018 -0.03668092    0.05515053  0.06375953
    2    2
  0.23391862  0.00000000    0.00489010 -0.00745216    0.00212008  0.00000000
  0.00489010  0.00745216    0.28959771  0.00000000    0.00489010  0.00745216
  0.00212008  0.00000000    0.00489010 -0.00745216    0.23391862  0.00000000

     Dynamical  Matrix in cartesian axes

     q = (   -0.750000000   0.250000000   0.750000000 ) 

    1    1
  0.23391862  0.00000000   -0.00489010  0.00745216   -0.00212008  0.00000000
 -0.00489010 -0.00745216    0.28959771  0.00000000    0.00489010  0.00745216
 -0.00212008  0.00000000    0.00489010 -0.00745216    0.23391862  0.00000000
    1    2
 -0.05515053 -0.06375953   -0.04093018 -0.03668092   -0.13283664  0.04182238
 -0.04093018 -0.03668092   -0.07403717 -0.06249539    0.04093018  0.03668092
 -0.13283664  0.04182238    0.04093018  0.03668092   -0.05515053 -0.06375953
    2    1
 -0.05515053  0.06375953   -0.04093018  0.03668092   -0.13283664 -0.04182238
 -0.04093018  0.03668092   -0.07403717  0.06249539    0.04093018 -0.03668092
 -0.13283664 -0.04182238    0.04093018 -0.03668092   -0.05515053  0.06375953
    2    2
  0.23391862  0.00000000   -0.00489010 -0.00745216   -0.00212008  0.00000000
 -0.00489010  0.00745216    0.28959771  0.00000000    0.00489010 -0.00745216
 -0.00212008  0.00000000    0.00489010  0.00745216    0.23391862  0.00000000

     Dynamical  Matrix in cartesian axes

     q = (    0.750000000   0.250000000  -0.750000000 ) 

    1    1
  0.23391862  0.00000000    0.00489010 -0.00745216   -0.00212008  0.00000000
  0.00489010  0.00745216    0.28959771  0.00000000   -0.00489010 -0.00745216
 -0.00212008  0.00000000   -0.00489010  0.00745216    0.23391862  0.00000000
    1    2
 -0.05515053 -0.06375953    0.04093018  0.03668092   -0.13283664  0.04182238
  0.04093018  0.03668092   -0.07403717 -0.06249539   -0.04093018 -0.03668092
 -0.13283664  0.04182238   -0.04093018 -0.03668092   -0.05515053 -0.06375953
    2    1
 -0.05515053  0.06375953    0.04093018 -0.03668092   -0.13283664 -0.04182238
  0.04093018 -0.03668092   -0.07403717  0.06249539   -0.04093018  0.03668092
 -0.13283664 -0.04182238   -0.04093018  0.03668092   -0.05515053  0.06375953
    2    2
  0.23391862  0.00000000    0.00489010  0.00745216   -0.00212008  0.00000000
  0.00489010 -0.00745216    0.28959771  0.00000000   -0.00489010  0.00745216
 -0.00212008  0.00000000   -0.00489010 -0.00745216    0.23391862  0.00000000

     Dynamical  Matrix in cartesian axes

     q = (   -0.750000000   0.750000000   0.250000000 ) 

    1    1
  0.23391862  0.00000000   -0.00212008  0.00000000   -0.00489010  0.00745216
 -0.00212008  0.00000000    0.23391862  0.00000000    0.00489010 -0.00745216
 -0.00489010 -0.00745216    0.00489010  0.00745216    0.28959771  0.00000000
    1    2
 -0.05515053 -0.06375953   -0.13283664  0.04182238   -0.04093018 -0.03668092
 -0.13283664  0.04182238   -0.05515053 -0.06375953    0.04093018  0.03668092
 -0.04093018 -0.03668092    0.04093018  0.03668092   -0.07403717 -0.06249539
    2    1
 -0.05515053  0.06375953   -0.13283664 -0.04182238   -0.04093018  0.03668092
 -0.13283664 -0.04182238   -0.05515053  0.06375953    0.04093018 -0.03668092
 -0.04093018  0.03668092    0.04093018 -0.03668092   -0.07403717  0.06249539
    2    2
  0.23391862  0.00000000   -0.00212008  0.00000000   -0.00489010 -0.00745216
 -0.00212008  0.00000000    0.23391862  0.00000000    0.00489010  0.00745216
 -0.00489010  0.00745216    0.00489010 -0.00745216    0.28959771  0.00000000

     Dynamical  Matrix in cartesian axes

     q = (   -0.250000000   0.750000000   0.750000000 ) 

    1    1
  0.28959771  0.00000000   -0.00489010 -0.00745216   -0.00489010 -0.00745216
 -0.00489010  0.00745216    0.23391862  0.00000000    0.00212008  0.00000000
 -0.00489010  0.00745216    0.00212008  0.00000000    0.23391862  0.00000000
    1    2
 -0.06249539  0.07403717   -0.03668092  0.04093018   -0.03668092  0.04093018
 -0.03668092  0.04093018   -0.06375953  0.05515053   -0.04182238 -0.13283664
 -0.03668092  0.04093018   -0.04182238 -0.13283664   -0.06375953  0.05515053
    2    1
 -0.06249539 -0.07403717   -0.03668092 -0.04093018   -0.03668092 -0.04093018
 -0.03668092 -0.04093018   -0.06375953 -0.05515053   -0.04182238  0.13283664
 -0.03668092 -0.04093018   -0.04182238  0.13283664   -0.06375953 -0.05515053
    2    2
  0.28959771  0.00000000   -0.00489010  0.00745216   -0.00489010  0.00745216
 -0.00489010 -0.00745216    0.23391862  0.00000000    0.00212008  0.00000000
 -0.00489010 -0.00745216    0.00212008  0.00000000    0.23391862  0.00000000

     Dynamical  Matrix in cartesian axes

     q = (    0.250000000   0.750000000  -0.750000000 ) 

    1    1
  0.28959771  0.00000000    0.00489010  0.00745216   -0.00489010 -0.00745216
  0.00489010 -0.00745216    0.23391862  0.00000000   -0.00212008  0.00000000
 -0.00489010  0.00745216   -0.00212008  0.00000000    0.23391862  0.00000000
    1    2
 -0.07403717 -0.06249539    0.04093018  0.03668092   -0.04093018 -0.03668092
  0.04093018  0.03668092   -0.05515053 -0.06375953   -0.13283664  0.04182238
 -0.04093018 -0.03668092   -0.13283664  0.04182238   -0.05515053 -0.06375953
    2    1
 -0.07403717  0.06249539    0.04093018 -0.03668092   -0.04093018  0.03668092
  0.04093018 -0.03668092   -0.05515053  0.06375953   -0.13283664 -0.04182238
 -0.04093018  0.03668092   -0.13283664 -0.04182238   -0.05515053  0.06375953
    2    2
  0.28959771  0.00000000    0.00489010 -0.00745216   -0.00489010  0.00745216
  0.00489010  0.00745216    0.23391862  0.00000000   -0.00212008  0.00000000
 -0.00489010 -0.00745216   -0.00212008  0.00000000    0.23391862  0.00000000

     Dynamical  Matrix in cartesian axes

     q = (   -0.250000000  -0.750000000  -0.750000000 ) 

    1    1
  0.28959771  0.00000000    0.00489010  0.00745216    0.00489010  0.00745216
  0.00489010 -0.00745216    0.23391862  0.00000000    0.00212008  0.00000000
  0.00489010 -0.00745216    0.00212008  0.00000000    0.23391862  0.00000000
    1    2
  0.07403717  0.06249539   -0.04093018 -0.03668092   -0.04093018 -0.03668092
 -0.04093018 -0.03668092    0.05515053  0.06375953   -0.13283664  0.04182238
 -0.04093018 -0.03668092   -0.13283664  0.04182238    0.05515053  0.06375953
    2    1
  0.07403717 -0.06249539   -0.04093018  0.03668092   -0.04093018  0.03668092
 -0.04093018  0.03668092    0.05515053 -0.06375953   -0.13283664 -0.04182238
 -0.04093018  0.03668092   -0.13283664 -0.04182238    0.05515053 -0.06375953
    2    2
  0.28959771  0.00000000    0.00489010 -0.00745216    0.00489010 -0.00745216
  0.00489010  0.00745216    0.23391862  0.00000000    0.00212008  0.00000000
  0.00489010  0.00745216    0.00212008  0.00000000    0.23391862  0.00000000

     Dynamical  Matrix in cartesian axes

     q = (    0.750000000   0.750000000  -0.250000000 ) 

    1    1
  0.23391862  0.00000000    0.00212008  0.00000000   -0.00489010  0.00745216
  0.00212008  0.00000000    0.23391862  0.00000000   -0.00489010  0.00745216
 -0.00489010 -0.00745216   -0.00489010 -0.00745216    0.28959771  0.00000000
    1    2
 -0.06375953  0.05515053   -0.04182238 -0.13283664   -0.03668092  0.04093018
 -0.04182238 -0.13283664   -0.06375953  0.05515053   -0.03668092  0.04093018
 -0.03668092  0.04093018   -0.03668092  0.04093018   -0.06249539  0.07403717
    2    1
 -0.06375953 -0.05515053   -0.04182238  0.13283664   -0.03668092 -0.04093018
 -0.04182238  0.13283664   -0.06375953 -0.05515053   -0.03668092 -0.04093018
 -0.03668092 -0.04093018   -0.03668092 -0.04093018   -0.06249539 -0.07403717
    2    2
  0.23391862  0.00000000    0.00212008  0.00000000   -0.00489010 -0.00745216
  0.00212008  0.00000000    0.23391862  0.00000000   -0.00489010 -0.00745216
 -0.00489010  0.00745216   -0.00489010  0.00745216    0.28959771  0.00000000

     Dynamical  Matrix in cartesian axes

     q = (    0.750000000  -0.750000000   0.250000000 ) 

    1    1
  0.23391862  0.00000000   -0.00212008  0.00000000    0.00489010 -0.00745216
 -0.00212008  0.00000000    0.23391862  0.00000000   -0.00489010  0.00745216
  0.00489010  0.00745216   -0.00489010 -0.00745216    0.28959771  0.00000000
    1    2
 -0.05515053 -0.06375953   -0.13283664  0.04182238    0.04093018  0.03668092
 -0.13283664  0.04182238   -0.05515053 -0.06375953   -0.04093018 -0.03668092
  0.04093018  0.03668092   -0.04093018 -0.03668092   -0.07403717 -0.06249539
    2    1
 -0.05515053  0.06375953   -0.13283664 -0.04182238    0.04093018 -0.03668092
 -0.13283664 -0.04182238   -0.05515053  0.06375953   -0.04093018  0.03668092
  0.04093018 -0.03668092   -0.04093018  0.03668092   -0.07403717  0.06249539
    2    2
  0.23391862  0.00000000   -0.00212008  0.00000000    0.00489010  0.00745216
 -0.00212008  0.00000000    0.23391862  0.00000000   -0.00489010 -0.00745216
  0.00489010 -0.00745216   -0.00489010  0.00745216    0.28959771  0.00000000

     Dynamical  Matrix in cartesian axes

     q = (   -0.750000000  -0.750000000  -0.250000000 ) 

    1    1
  0.23391862  0.00000000    0.00212008  0.00000000    0.00489010 -0.00745216
  0.00212008  0.00000000    0.23391862  0.00000000    0.00489010 -0.00745216
  0.00489010  0.00745216    0.00489010  0.00745216    0.28959771  0.00000000
    1    2
  0.05515053  0.06375953   -0.13283664  0.04182238   -0.04093018 -0.03668092
 -0.13283664  0.04182238    0.05515053  0.06375953   -0.04093018 -0.03668092
 -0.04093018 -0.03668092   -0.04093018 -0.03668092    0.07403717  0.06249539
    2    1
  0.05515053 -0.06375953   -0.13283664 -0.04182238   -0.04093018  0.03668092
 -0.13283664 -0.04182238    0.05515053 -0.06375953   -0.04093018  0.03668092
 -0.04093018  0.03668092   -0.04093018  0.03668092    0.07403717 -0.06249539
    2    2
  0.23391862  0.00000000    0.00212008  0.00000000    0.00489010  0.00745216
  0.00212008  0.00000000    0.23391862  0.00000000    0.00489010  0.00745216
  0.00489010 -0.00745216    0.00489010 -0.00745216    0.28959771  0.00000000

     Dynamical  Matrix in cartesian axes

     q = (    0.250000000  -0.750000000   0.750000000 ) 

    1    1
  0.28959771  0.00000000   -0.00489010 -0.00745216    0.00489010  0.00745216
 -0.00489010  0.00745216    0.23391862  0.00000000   -0.00212008  0.00000000
  0.00489010 -0.00745216   -0.00212008  0.00000000    0.23391862  0.00000000
    1    2
 -0.07403717 -0.06249539   -0.04093018 -0.03668092    0.04093018  0.03668092
 -0.04093018 -0.03668092   -0.05515053 -0.06375953   -0.13283664  0.04182238
  0.04093018  0.03668092   -0.13283664  0.04182238   -0.05515053 -0.06375953
    2    1
 -0.07403717  0.06249539   -0.04093018  0.03668092    0.04093018 -0.03668092
 -0.04093018  0.03668092   -0.05515053  0.06375953   -0.13283664 -0.04182238
  0.04093018 -0.03668092   -0.13283664 -0.04182238   -0.05515053  0.06375953
    2    2
  0.28959771  0.00000000   -0.00489010  0.00745216    0.00489010 -0.00745216
 -0.00489010 -0.00745216    0.23391862  0.00000000   -0.00212008  0.00000000
  0.00489010  0.00745216   -0.00212008  0.00000000    0.23391862  0.00000000

     Dynamical  Matrix in cartesian axes

     q = (   -0.750000000  -0.750000000   0.250000000 ) 

    1    1
  0.23391862  0.00000000    0.00212008  0.00000000   -0.00489010 -0.00745216
  0.00212008  0.00000000    0.23391862  0.00000000   -0.00489010 -0.00745216
 -0.00489010  0.00745216   -0.00489010  0.00745216    0.28959771  0.00000000
    1    2
 -0.06375953 -0.05515053   -0.04182238  0.13283664   -0.03668092 -0.04093018
 -0.04182238  0.13283664   -0.06375953 -0.05515053   -0.03668092 -0.04093018
 -0.03668092 -0.04093018   -0.03668092 -0.04093018   -0.06249539 -0.07403717
    2    1
 -0.06375953  0.05515053   -0.04182238 -0.13283664   -0.03668092  0.04093018
 -0.04182238 -0.13283664   -0.06375953  0.05515053   -0.03668092  0.04093018
 -0.03668092  0.04093018   -0.03668092  0.04093018   -0.06249539  0.07403717
    2    2
  0.23391862  0.00000000    0.00212008  0.00000000   -0.00489010  0.00745216
  0.00212008  0.00000000    0.23391862  0.00000000   -0.00489010  0.00745216
 -0.00489010 -0.00745216   -0.00489010 -0.00745216    0.28959771  0.00000000

     Dynamical  Matrix in cartesian axes

     q = (    0.250000000   0.750000000   0.750000000 ) 

    1    1
  0.28959771  0.00000000    0.00489010 -0.00745216    0.00489010 -0.00745216
  0.00489010  0.00745216    0.23391862  0.00000000    0.00212008  0.00000000
  0.00489010  0.00745216    0.00212008  0.00000000    0.23391862  0.00000000
    1    2
  0.07403717 -0.06249539   -0.04093018  0.03668092   -0.04093018  0.03668092
 -0.04093018  0.03668092    0.05515053 -0.06375953   -0.13283664 -0.04182238
 -0.04093018  0.03668092   -0.13283664 -0.04182238    0.05515053 -0.06375953
    2    1
  0.07403717  0.06249539   -0.04093018 -0.03668092   -0.04093018 -0.03668092
 -0.04093018 -0.03668092    0.05515053  0.06375953   -0.13283664  0.04182238
 -0.04093018 -0.03668092   -0.13283664  0.04182238    0.05515053  0.06375953
    2    2
  0.28959771  0.00000000    0.00489010  0.00745216    0.00489010  0.00745216
  0.00489010 -0.00745216    0.23391862  0.00000000    0.00212008  0.00000000
  0.00489010 -0.00745216    0.00212008  0.00000000    0.23391862  0.00000000

     Dynamical  Matrix in cartesian axes

     q = (   -0.250000000  -0.750000000   0.750000000 ) 

    1    1
  0.28959771  0.00000000    0.00489010 -0.00745216   -0.00489010  0.00745216
  0.00489010  0.00745216    0.23391862  0.00000000   -0.00212008  0.00000000
 -0.00489010 -0.00745216   -0.00212008  0.00000000    0.23391862  0.00000000
    1    2
 -0.07403717  0.06249539    0.04093018 -0.03668092   -0.04093018  0.03668092
  0.04093018 -0.03668092   -0.05515053  0.06375953   -0.13283664 -0.04182238
 -0.04093018  0.03668092   -0.13283664 -0.04182238   -0.05515053  0.06375953
    2    1
 -0.07403717 -0.06249539    0.04093018  0.03668092   -0.04093018 -0.03668092
  0.04093018  0.03668092   -0.05515053 -0.06375953   -0.13283664  0.04182238
 -0.04093018 -0.03668092   -0.13283664  0.04182238   -0.05515053 -0.06375953
    2    2
  0.28959771  0.00000000    0.00489010  0.00745216   -0.00489010 -0.00745216
  0.00489010 -0.00745216    0.23391862  0.00000000   -0.00212008  0.00000000
 -0.00489010  0.00745216   -0.00212008  0.00000000    0.23391862  0.00000000

     Dynamical  Matrix in cartesian axes

     q = (    0.750000000   0.750000000   0.250000000 ) 

    1    1
  0.23391862  0.00000000    0.00212008  0.00000000    0.00489010  0.00745216
  0.00212008  0.00000000    0.23391862  0.00000000    0.00489010  0.00745216
  0.00489010 -0.00745216    0.00489010 -0.00745216    0.28959771  0.00000000
    1    2
  0.05515053 -0.06375953   -0.13283664 -0.04182238   -0.04093018  0.03668092
 -0.13283664 -0.04182238    0.05515053 -0.06375953   -0.04093018  0.03668092
 -0.04093018  0.03668092   -0.04093018  0.03668092    0.07403717 -0.06249539
    2    1
  0.05515053  0.06375953   -0.13283664  0.04182238   -0.04093018 -0.03668092
 -0.13283664  0.04182238    0.05515053  0.06375953   -0.04093018 -0.03668092
 -0.04093018 -0.03668092   -0.04093018 -0.03668092    0.07403717  0.06249539
    2    2
  0.23391862  0.00000000    0.00212008  0.00000000    0.00489010 -0.00745216
  0.00212008  0.00000000    0.23391862  0.00000000    0.00489010 -0.00745216
  0.00489010  0.00745216    0.00489010  0.00745216    0.28959771  0.00000000

     Dynamical  Matrix in cartesian axes

     q = (    0.250000000  -0.750000000  -0.750000000 ) 

    1    1
  0.28959771  0.00000000   -0.00489010  0.00745216   -0.00489010  0.00745216
 -0.00489010 -0.00745216    0.23391862  0.00000000    0.00212008  0.00000000
 -0.00489010 -0.00745216    0.00212008  0.00000000    0.23391862  0.00000000
    1    2
 -0.06249539 -0.07403717   -0.03668092 -0.04093018   -0.03668092 -0.04093018
 -0.03668092 -0.04093018   -0.06375953 -0.05515053   -0.04182238  0.13283664
 -0.03668092 -0.04093018   -0.04182238  0.13283664   -0.06375953 -0.05515053
    2    1
 -0.06249539  0.07403717   -0.03668092  0.04093018   -0.03668092  0.04093018
 -0.03668092  0.04093018   -0.06375953  0.05515053   -0.04182238 -0.13283664
 -0.03668092  0.04093018   -0.04182238 -0.13283664   -0.06375953  0.05515053
    2    2
  0.28959771  0.00000000   -0.00489010 -0.00745216   -0.00489010 -0.00745216
 -0.00489010  0.00745216    0.23391862  0.00000000    0.00212008  0.00000000
 -0.00489010  0.00745216    0.00212008  0.00000000    0.23391862  0.00000000

     Dynamical  Matrix in cartesian axes

     q = (    0.750000000  -0.750000000  -0.250000000 ) 

    1    1
  0.23391862  0.00000000   -0.00212008  0.00000000   -0.00489010 -0.00745216
 -0.00212008  0.00000000    0.23391862  0.00000000    0.00489010  0.00745216
 -0.00489010  0.00745216    0.00489010 -0.00745216    0.28959771  0.00000000
    1    2
 -0.05515053  0.06375953   -0.13283664 -0.04182238   -0.04093018  0.03668092
 -0.13283664 -0.04182238   -0.05515053  0.06375953    0.04093018 -0.03668092
 -0.04093018  0.03668092    0.04093018 -0.03668092   -0.07403717  0.06249539
    2    1
 -0.05515053 -0.06375953   -0.13283664  0.04182238   -0.04093018 -0.03668092
 -0.13283664  0.04182238   -0.05515053 -0.06375953    0.04093018  0.03668092
 -0.04093018 -0.03668092    0.04093018  0.03668092   -0.07403717 -0.06249539
    2    2
  0.23391862  0.00000000   -0.00212008  0.00000000   -0.00489010  0.00745216
 -0.00212008  0.00000000    0.23391862  0.00000000    0.00489010 -0.00745216
 -0.00489010 -0.00745216    0.00489010  0.00745216    0.28959771  0.00000000

     Diagonalizing the dynamical matrix

     q = (    0.750000000  -0.250000000   0.750000000 ) 

 **************************************************************************
     freq (    1) =       4.240743 [THz] =     141.455960 [cm-1]
 (  0.057954 -0.496630  0.000000 -0.000000 -0.057954  0.496630 ) 
 (  0.500000 -0.000000  0.000000  0.000000 -0.500000  0.000000 ) 
     freq (    2) =       5.518017 [THz] =     184.061246 [cm-1]
 ( -0.397870 -0.195644 -0.299529  0.130875 -0.397870 -0.195644 ) 
 ( -0.443370  0.000000 -0.211039 -0.249616 -0.443370  0.000000 ) 
     freq (    3) =       9.040805 [THz] =     301.568795 [cm-1]
 (  0.130611 -0.247105  0.392718  0.435352  0.130611 -0.247105 ) 
 ( -0.279500 -0.000000  0.201375  0.550643 -0.279500  0.000000 ) 
     freq (    4) =      11.982331 [THz] =     399.687544 [cm-1]
 (  0.112827  0.312772 -0.415319 -0.326187  0.112827  0.312772 ) 
 ( -0.332500 -0.000000  0.447763  0.279992 -0.332500  0.000000 ) 
     freq (    5) =      13.342516 [THz] =     445.058430 [cm-1]
 (  0.057954 -0.496630  0.000000 -0.000000 -0.057954  0.496630 ) 
 ( -0.500000 -0.000000 -0.000000 -0.000000  0.500000  0.000000 ) 
     freq (    6) =      13.737256 [THz] =     458.225532 [cm-1]
 ( -0.302244 -0.152955 -0.475674  0.210338 -0.302244 -0.152955 ) 
 (  0.338742  0.000000  0.329446  0.402458  0.338742 -0.000000 ) 
 **************************************************************************
