Dynamical matrix file
                                                                           
  1    2  2 10.3290000  0.0000000  0.0000000  0.0000000  0.0000000  0.0000000
           1  'Si  '    25598.822984527003     
    1    1      0.0000000000      0.0000000000      0.0000000000
    2    1      0.2500000000      0.2500000000      0.2500000000

     Dynamical  Matrix in cartesian axes

     q = (   -0.250000000   0.250000000  -0.250000000 ) 

    1    1
  0.27041763  0.00000000   -0.01094869  0.00000000    0.01094869  0.00000000
 -0.01094869  0.00000000    0.27041763  0.00000000   -0.01094869  0.00000000
  0.01094869  0.00000000   -0.01094869  0.00000000    0.27041763  0.00000000
    1    2
 -0.19451750 -0.05592614   -0.03707370  0.03779177    0.03707370 -0.03779177
 -0.03707370  0.03779177   -0.19451750 -0.05592614   -0.03707370  0.03779177
  0.03707370 -0.03779177   -0.03707370  0.03779177   -0.19451750 -0.05592614
    2    1
 -0.19451750  0.05592614   -0.03707370 -0.03779177    0.03707370  0.03779177
 -0.03707370 -0.03779177   -0.19451750  0.05592614   -0.03707370 -0.03779177
  0.03707370  0.03779177   -0.03707370 -0.03779177   -0.19451750  0.05592614
    2    2
  0.27041763  0.00000000   -0.01094869  0.00000000    0.01094869  0.00000000
 -0.01094869  0.00000000    0.27041763  0.00000000   -0.01094869  0.00000000
  0.01094869  0.00000000   -0.01094869  0.00000000    0.27041763  0.00000000

     Dynamical  Matrix in cartesian axes

     q = (    0.250000000  -0.250000000  -0.250000000 ) 

    1    1
  0.27041763  0.00000000   -0.01094869  0.00000000   -0.01094869  0.00000000
 -0.01094869  0.00000000    0.27041763  0.00000000    0.01094869  0.00000000
 -0.01094869  0.00000000    0.01094869  0.00000000    0.27041763  0.00000000
    1    2
 -0.19451750 -0.05592614   -0.03707370  0.03779177   -0.03707370  0.03779177
 -0.03707370  0.03779177   -0.19451750 -0.05592614    0.03707370 -0.03779177
 -0.03707370  0.03779177    0.03707370 -0.03779177   -0.19451750 -0.05592614
    2    1
 -0.19451750  0.05592614   -0.03707370 -0.03779177   -0.03707370 -0.03779177
 -0.03707370 -0.03779177   -0.19451750  0.05592614    0.03707370  0.03779177
 -0.03707370 -0.03779177    0.03707370  0.03779177   -0.19451750  0.05592614
    2    2
  0.27041763  0.00000000   -0.01094869  0.00000000   -0.01094869  0.00000000
 -0.01094869  0.00000000    0.27041763  0.00000000    0.01094869  0.00000000
 -0.01094869  0.00000000    0.01094869  0.00000000    0.27041763  0.00000000

     Dynamical  Matrix in cartesian axes

     q = (    0.250000000  -0.250000000   0.250000000 ) 

    1    1
  0.27041763  0.00000000   -0.01094869  0.00000000    0.01094869  0.00000000
 -0.01094869  0.00000000    0.27041763  0.00000000   -0.01094869  0.00000000
  0.01094869  0.00000000   -0.01094869  0.00000000    0.27041763  0.00000000
    1    2
 -0.19451750  0.05592614   -0.03707370 -0.03779177    0.03707370  0.03779177
 -0.03707370 -0.03779177   -0.19451750  0.05592614   -0.03707370 -0.03779177
  0.03707370  0.03779177   -0.03707370 -0.03779177   -0.19451750  0.05592614
    2    1
 -0.19451750 -0.05592614   -0.03707370  0.03779177    0.03707370 -0.03779177
 -0.03707370  0.03779177   -0.19451750 -0.05592614   -0.03707370  0.03779177
  0.03707370 -0.03779177   -0.03707370  0.03779177   -0.19451750 -0.05592614
    2    2
  0.27041763  0.00000000   -0.01094869  0.00000000    0.01094869  0.00000000
 -0.01094869  0.00000000    0.27041763  0.00000000   -0.01094869  0.00000000
  0.01094869  0.00000000   -0.01094869  0.00000000    0.27041763  0.00000000

     Dynamical  Matrix in cartesian axes

     q = (    0.250000000   0.250000000   0.250000000 ) 

    1    1
  0.27041763  0.00000000    0.01094869  0.00000000    0.01094869  0.00000000
  0.01094869  0.00000000    0.27041763  0.00000000    0.01094869  0.00000000
  0.01094869  0.00000000    0.01094869  0.00000000    0.27041763  0.00000000
    1    2
 -0.05592614  0.19451750   -0.03779177 -0.03707370   -0.03779177 -0.03707370
 -0.03779177 -0.03707370   -0.05592614  0.19451750   -0.03779177 -0.03707370
 -0.03779177 -0.03707370   -0.03779177 -0.03707370   -0.05592614  0.19451750
    2    1
 -0.05592614 -0.19451750   -0.03779177  0.03707370   -0.03779177  0.03707370
 -0.03779177  0.03707370   -0.05592614 -0.19451750   -0.03779177  0.03707370
 -0.03779177  0.03707370   -0.03779177  0.03707370   -0.05592614 -0.19451750
    2    2
  0.27041763  0.00000000    0.01094869  0.00000000    0.01094869  0.00000000
  0.01094869  0.00000000    0.27041763  0.00000000    0.01094869  0.00000000
  0.01094869  0.00000000    0.01094869  0.00000000    0.27041763  0.00000000

     Dynamical  Matrix in cartesian axes

     q = (   -0.250000000  -0.250000000  -0.250000000 ) 

    1    1
  0.27041763  0.00000000    0.01094869  0.00000000    0.01094869  0.00000000
  0.01094869  0.00000000    0.27041763  0.00000000    0.01094869  0.00000000
  0.01094869  0.00000000    0.01094869  0.00000000    0.27041763  0.00000000
    1    2
 -0.05592614 -0.19451750   -0.03779177  0.03707370   -0.03779177  0.03707370
 -0.03779177  0.03707370   -0.05592614 -0.19451750   -0.03779177  0.03707370
 -0.03779177  0.03707370   -0.03779177  0.03707370   -0.05592614 -0.19451750
    2    1
 -0.05592614  0.19451750   -0.03779177 -0.03707370   -0.03779177 -0.03707370
 -0.03779177 -0.03707370   -0.05592614  0.19451750   -0.03779177 -0.03707370
 -0.03779177 -0.03707370   -0.03779177 -0.03707370   -0.05592614  0.19451750
    2    2
  0.27041763  0.00000000    0.01094869  0.00000000    0.01094869  0.00000000
  0.01094869  0.00000000    0.27041763  0.00000000    0.01094869  0.00000000
  0.01094869  0.00000000    0.01094869  0.00000000    0.27041763  0.00000000

     Dynamical  Matrix in cartesian axes

     q = (   -0.250000000  -0.250000000   0.250000000 ) 

    1    1
  0.27041763  0.00000000    0.01094869  0.00000000   -0.01094869  0.00000000
  0.01094869  0.00000000    0.27041763  0.00000000   -0.01094869  0.00000000
 -0.01094869  0.00000000   -0.01094869  0.00000000    0.27041763  0.00000000
    1    2
 -0.19451750 -0.05592614    0.03707370 -0.03779177   -0.03707370  0.03779177
  0.03707370 -0.03779177   -0.19451750 -0.05592614   -0.03707370  0.03779177
 -0.03707370  0.03779177   -0.03707370  0.03779177   -0.19451750 -0.05592614
    2    1
 -0.19451750  0.05592614    0.03707370  0.03779177   -0.03707370 -0.03779177
  0.03707370  0.03779177   -0.19451750  0.05592614   -0.03707370 -0.03779177
 -0.03707370 -0.03779177   -0.03707370 -0.03779177   -0.19451750  0.05592614
    2    2
  0.27041763  0.00000000    0.01094869  0.00000000   -0.01094869  0.00000000
  0.01094869  0.00000000    0.27041763  0.00000000   -0.01094869  0.00000000
 -0.01094869  0.00000000   -0.01094869  0.00000000    0.27041763  0.00000000

     Dynamical  Matrix in cartesian axes

     q = (   -0.250000000   0.250000000   0.250000000 ) 

    1    1
  0.27041763  0.00000000   -0.01094869  0.00000000   -0.01094869  0.00000000
 -0.01094869  0.00000000    0.27041763  0.00000000    0.01094869  0.00000000
 -0.01094869  0.00000000    0.01094869  0.00000000    0.27041763  0.00000000
    1    2
 -0.19451750  0.05592614   -0.03707370 -0.03779177   -0.03707370 -0.03779177
 -0.03707370 -0.03779177   -0.19451750  0.05592614    0.03707370  0.03779177
 -0.03707370 -0.03779177    0.03707370  0.03779177   -0.19451750  0.05592614
    2    1
 -0.19451750 -0.05592614   -0.03707370  0.03779177   -0.03707370  0.03779177
 -0.03707370  0.03779177   -0.19451750 -0.05592614    0.03707370 -0.03779177
 -0.03707370  0.03779177    0.03707370 -0.03779177   -0.19451750 -0.05592614
    2    2
  0.27041763  0.00000000   -0.01094869  0.00000000   -0.01094869  0.00000000
 -0.01094869  0.00000000    0.27041763  0.00000000    0.01094869  0.00000000
 -0.01094869  0.00000000    0.01094869  0.00000000    0.27041763  0.00000000

     Dynamical  Matrix in cartesian axes

     q = (    0.250000000   0.250000000  -0.250000000 ) 

    1    1
  0.27041763  0.00000000    0.01094869  0.00000000   -0.01094869  0.00000000
  0.01094869  0.00000000    0.27041763  0.00000000   -0.01094869  0.00000000
 -0.01094869  0.00000000   -0.01094869  0.00000000    0.27041763  0.00000000
    1    2
 -0.19451750  0.05592614    0.03707370  0.03779177   -0.03707370 -0.03779177
  0.03707370  0.03779177   -0.19451750  0.05592614   -0.03707370 -0.03779177
 -0.03707370 -0.03779177   -0.03707370 -0.03779177   -0.19451750  0.05592614
    2    1
 -0.19451750 -0.05592614    0.03707370 -0.03779177   -0.03707370  0.03779177
  0.03707370 -0.03779177   -0.19451750 -0.05592614   -0.03707370  0.03779177
 -0.03707370  0.03779177   -0.03707370  0.03779177   -0.19451750 -0.05592614
    2    2
  0.27041763  0.00000000    0.01094869  0.00000000   -0.01094869  0.00000000
  0.01094869  0.00000000    0.27041763  0.00000000   -0.01094869  0.00000000
 -0.01094869  0.00000000   -0.01094869  0.00000000    0.27041763  0.00000000

     Diagonalizing the dynamical matrix

     q = (   -0.250000000   0.250000000  -0.250000000 ) 

 **************************************************************************
     freq (    1) =       3.389227 [THz] =     113.052432 [cm-1]
 (  0.522999  0.213105  0.313184  0.196676 -0.209815 -0.016429 ) 
 (  0.538039  0.171628  0.327581  0.171628 -0.210458  0.000000 ) 
     freq (    2) =       3.389227 [THz] =     113.052432 [cm-1]
 ( -0.104327  0.059221  0.431658  0.101191  0.535985  0.041969 ) 
 ( -0.099386  0.067185  0.438240  0.067185  0.537625  0.000000 ) 
     freq (    3) =       6.943591 [THz] =     231.613270 [cm-1]
 ( -0.275639 -0.301148  0.275639  0.301148 -0.275639 -0.301148 ) 
 ( -0.408248  0.000000  0.408248 -0.000000 -0.408248  0.000000 ) 
     freq (    4) =      14.105507 [THz] =     470.509053 [cm-1]
 (  0.275639  0.301148 -0.275639 -0.301148  0.275639  0.301148 ) 
 ( -0.408248  0.000000  0.408248 -0.000000 -0.408248  0.000000 ) 
     freq (    5) =      14.419348 [THz] =     480.977685 [cm-1]
 (  0.416160  0.005287 -0.136069 -0.037954 -0.552230 -0.043241 ) 
 ( -0.415303  0.027216  0.138617  0.027216  0.553920  0.000000 ) 
     freq (    6) =      14.419348 [THz] =     480.977685 [cm-1]
 ( -0.395324  0.061927 -0.557634  0.049217 -0.162310 -0.012709 ) 
 (  0.389283 -0.092599  0.552090 -0.092599  0.162807  0.000000 ) 
 **************************************************************************
