Dynamical matrix file
                                                                           
  1    2  2 10.3740000  0.0000000  0.0000000  0.0000000  0.0000000  0.0000000
           1  'Si  '    25598.822984527003     
    1    1      0.0000000000      0.0000000000      0.0000000000
    2    1      0.2500000000      0.2500000000      0.2500000000

     Dynamical  Matrix in cartesian axes

     q = (    0.750000000  -0.250000000   0.750000000 ) 

    1    1
  0.23901185  0.00000000   -0.00611310  0.00754562    0.00561261  0.00000000
 -0.00611310 -0.00754562    0.28965825  0.00000000   -0.00611310 -0.00754562
  0.00561261  0.00000000   -0.00611310  0.00754562    0.23901185  0.00000000
    1    2
 -0.05879981  0.05986875   -0.03887629  0.04117468   -0.03920503 -0.12886310
 -0.03887629  0.04117468   -0.05726069  0.07829835   -0.03887629  0.04117468
 -0.03920503 -0.12886310   -0.03887629  0.04117468   -0.05879981  0.05986875
    2    1
 -0.05879981 -0.05986875   -0.03887629 -0.04117468   -0.03920503  0.12886310
 -0.03887629 -0.04117468   -0.05726069 -0.07829835   -0.03887629 -0.04117468
 -0.03920503  0.12886310   -0.03887629 -0.04117468   -0.05879981 -0.05986875
    2    2
  0.23901185  0.00000000   -0.00611310 -0.00754562    0.00561261  0.00000000
 -0.00611310  0.00754562    0.28965825  0.00000000   -0.00611310  0.00754562
  0.00561261  0.00000000   -0.00611310 -0.00754562    0.23901185  0.00000000

     Dynamical  Matrix in cartesian axes

     q = (    0.750000000  -0.250000000  -0.750000000 ) 

    1    1
  0.23901185  0.00000000   -0.00611310 -0.00754562   -0.00561261  0.00000000
 -0.00611310  0.00754562    0.28965825  0.00000000    0.00611310 -0.00754562
 -0.00561261  0.00000000    0.00611310  0.00754562    0.23901185  0.00000000
    1    2
 -0.05986875  0.05879981   -0.04117468  0.03887629   -0.12886310 -0.03920503
 -0.04117468  0.03887629   -0.07829835  0.05726069    0.04117468 -0.03887629
 -0.12886310 -0.03920503    0.04117468 -0.03887629   -0.05986875  0.05879981
    2    1
 -0.05986875 -0.05879981   -0.04117468 -0.03887629   -0.12886310  0.03920503
 -0.04117468 -0.03887629   -0.07829835 -0.05726069    0.04117468  0.03887629
 -0.12886310  0.03920503    0.04117468  0.03887629   -0.05986875 -0.05879981
    2    2
  0.23901185  0.00000000   -0.00611310  0.00754562   -0.00561261  0.00000000
 -0.00611310 -0.00754562    0.28965825  0.00000000    0.00611310  0.00754562
 -0.00561261  0.00000000    0.00611310 -0.00754562    0.23901185  0.00000000

     Dynamical  Matrix in cartesian axes

     q = (   -0.750000000  -0.250000000  -0.750000000 ) 

    1    1
  0.23901185  0.00000000    0.00611310 -0.00754562    0.00561261  0.00000000
  0.00611310  0.00754562    0.28965825  0.00000000    0.00611310  0.00754562
  0.00561261  0.00000000    0.00611310 -0.00754562    0.23901185  0.00000000
    1    2
  0.05986875  0.05879981   -0.04117468 -0.03887629   -0.12886310  0.03920503
 -0.04117468 -0.03887629    0.07829835  0.05726069   -0.04117468 -0.03887629
 -0.12886310  0.03920503   -0.04117468 -0.03887629    0.05986875  0.05879981
    2    1
  0.05986875 -0.05879981   -0.04117468  0.03887629   -0.12886310 -0.03920503
 -0.04117468  0.03887629    0.07829835 -0.05726069   -0.04117468  0.03887629
 -0.12886310 -0.03920503   -0.04117468  0.03887629    0.05986875 -0.05879981
    2    2
  0.23901185  0.00000000    0.00611310  0.00754562    0.00561261  0.00000000
  0.00611310 -0.00754562    0.28965825  0.00000000    0.00611310 -0.00754562
  0.00561261  0.00000000    0.00611310  0.00754562    0.23901185  0.00000000

     Dynamical  Matrix in cartesian axes

     q = (   -0.750000000  -0.250000000   0.750000000 ) 

    1    1
  0.23901185  0.00000000    0.00611310  0.00754562   -0.00561261  0.00000000
  0.00611310 -0.00754562    0.28965825  0.00000000   -0.00611310  0.00754562
 -0.00561261  0.00000000   -0.00611310 -0.00754562    0.23901185  0.00000000
    1    2
 -0.05986875  0.05879981    0.04117468 -0.03887629   -0.12886310 -0.03920503
  0.04117468 -0.03887629   -0.07829835  0.05726069   -0.04117468  0.03887629
 -0.12886310 -0.03920503   -0.04117468  0.03887629   -0.05986875  0.05879981
    2    1
 -0.05986875 -0.05879981    0.04117468  0.03887629   -0.12886310  0.03920503
  0.04117468  0.03887629   -0.07829835 -0.05726069   -0.04117468 -0.03887629
 -0.12886310  0.03920503   -0.04117468 -0.03887629   -0.05986875 -0.05879981
    2    2
  0.23901185  0.00000000    0.00611310 -0.00754562   -0.00561261  0.00000000
  0.00611310  0.00754562    0.28965825  0.00000000   -0.00611310 -0.00754562
 -0.00561261  0.00000000   -0.00611310  0.00754562    0.23901185  0.00000000

     Dynamical  Matrix in cartesian axes

     q = (   -0.750000000   0.250000000  -0.750000000 ) 

    1    1
  0.23901185  0.00000000   -0.00611310 -0.00754562    0.00561261  0.00000000
 -0.00611310  0.00754562    0.28965825  0.00000000   -0.00611310  0.00754562
  0.00561261  0.00000000   -0.00611310 -0.00754562    0.23901185  0.00000000
    1    2
 -0.05879981 -0.05986875   -0.03887629 -0.04117468   -0.03920503  0.12886310
 -0.03887629 -0.04117468   -0.05726069 -0.07829835   -0.03887629 -0.04117468
 -0.03920503  0.12886310   -0.03887629 -0.04117468   -0.05879981 -0.05986875
    2    1
 -0.05879981  0.05986875   -0.03887629  0.04117468   -0.03920503 -0.12886310
 -0.03887629  0.04117468   -0.05726069  0.07829835   -0.03887629  0.04117468
 -0.03920503 -0.12886310   -0.03887629  0.04117468   -0.05879981  0.05986875
    2    2
  0.23901185  0.00000000   -0.00611310  0.00754562    0.00561261  0.00000000
 -0.00611310 -0.00754562    0.28965825  0.00000000   -0.00611310 -0.00754562
  0.00561261  0.00000000   -0.00611310  0.00754562    0.23901185  0.00000000

     Dynamical  Matrix in cartesian axes

     q = (   -0.250000000   0.750000000  -0.750000000 ) 

    1    1
  0.28965825  0.00000000   -0.00611310  0.00754562    0.00611310 -0.00754562
 -0.00611310 -0.00754562    0.23901185  0.00000000   -0.00561261  0.00000000
  0.00611310  0.00754562   -0.00561261  0.00000000    0.23901185  0.00000000
    1    2
 -0.07829835  0.05726069   -0.04117468  0.03887629    0.04117468 -0.03887629
 -0.04117468  0.03887629   -0.05986875  0.05879981   -0.12886310 -0.03920503
  0.04117468 -0.03887629   -0.12886310 -0.03920503   -0.05986875  0.05879981
    2    1
 -0.07829835 -0.05726069   -0.04117468 -0.03887629    0.04117468  0.03887629
 -0.04117468 -0.03887629   -0.05986875 -0.05879981   -0.12886310  0.03920503
  0.04117468  0.03887629   -0.12886310  0.03920503   -0.05986875 -0.05879981
    2    2
  0.28965825  0.00000000   -0.00611310 -0.00754562    0.00611310  0.00754562
 -0.00611310  0.00754562    0.23901185  0.00000000   -0.00561261  0.00000000
  0.00611310 -0.00754562   -0.00561261  0.00000000    0.23901185  0.00000000

     Dynamical  Matrix in cartesian axes

     q = (   -0.750000000   0.750000000  -0.250000000 ) 

    1    1
  0.23901185  0.00000000   -0.00561261  0.00000000    0.00611310  0.00754562
 -0.00561261  0.00000000    0.23901185  0.00000000   -0.00611310 -0.00754562
  0.00611310 -0.00754562   -0.00611310  0.00754562    0.28965825  0.00000000
    1    2
 -0.05986875  0.05879981   -0.12886310 -0.03920503    0.04117468 -0.03887629
 -0.12886310 -0.03920503   -0.05986875  0.05879981   -0.04117468  0.03887629
  0.04117468 -0.03887629   -0.04117468  0.03887629   -0.07829835  0.05726069
    2    1
 -0.05986875 -0.05879981   -0.12886310  0.03920503    0.04117468  0.03887629
 -0.12886310  0.03920503   -0.05986875 -0.05879981   -0.04117468 -0.03887629
  0.04117468  0.03887629   -0.04117468 -0.03887629   -0.07829835 -0.05726069
    2    2
  0.23901185  0.00000000   -0.00561261  0.00000000    0.00611310 -0.00754562
 -0.00561261  0.00000000    0.23901185  0.00000000   -0.00611310  0.00754562
  0.00611310  0.00754562   -0.00611310 -0.00754562    0.28965825  0.00000000

     Dynamical  Matrix in cartesian axes

     q = (    0.750000000   0.250000000   0.750000000 ) 

    1    1
  0.23901185  0.00000000    0.00611310  0.00754562    0.00561261  0.00000000
  0.00611310 -0.00754562    0.28965825  0.00000000    0.00611310 -0.00754562
  0.00561261  0.00000000    0.00611310  0.00754562    0.23901185  0.00000000
    1    2
  0.05986875 -0.05879981   -0.04117468  0.03887629   -0.12886310 -0.03920503
 -0.04117468  0.03887629    0.07829835 -0.05726069   -0.04117468  0.03887629
 -0.12886310 -0.03920503   -0.04117468  0.03887629    0.05986875 -0.05879981
    2    1
  0.05986875  0.05879981   -0.04117468 -0.03887629   -0.12886310  0.03920503
 -0.04117468 -0.03887629    0.07829835  0.05726069   -0.04117468 -0.03887629
 -0.12886310  0.03920503   -0.04117468 -0.03887629    0.05986875  0.05879981
    2    2
  0.23901185  0.00000000    0.00611310 -0.00754562    0.00561261  0.00000000
  0.00611310  0.00754562    0.28965825  0.00000000    0.00611310  0.00754562
  0.00561261  0.00000000    0.00611310 -0.00754562    0.23901185  0.00000000

     Dynamical  Matrix in cartesian axes

     q = (   -0.750000000   0.250000000   0.750000000 ) 

    1    1
  0.23901185  0.00000000   -0.00611310  0.00754562   -0.00561261  0.00000000
 -0.00611310 -0.00754562    0.28965825  0.00000000    0.00611310  0.00754562
 -0.00561261  0.00000000    0.00611310 -0.00754562    0.23901185  0.00000000
    1    2
 -0.05986875 -0.05879981   -0.04117468 -0.03887629   -0.12886310  0.03920503
 -0.04117468 -0.03887629   -0.07829835 -0.05726069    0.04117468  0.03887629
 -0.12886310  0.03920503    0.04117468  0.03887629   -0.05986875 -0.05879981
    2    1
 -0.05986875  0.05879981   -0.04117468  0.03887629   -0.12886310 -0.03920503
 -0.04117468  0.03887629   -0.07829835  0.05726069    0.04117468 -0.03887629
 -0.12886310 -0.03920503    0.04117468 -0.03887629   -0.05986875  0.05879981
    2    2
  0.23901185  0.00000000   -0.00611310 -0.00754562   -0.00561261  0.00000000
 -0.00611310  0.00754562    0.28965825  0.00000000    0.00611310 -0.00754562
 -0.00561261  0.00000000    0.00611310  0.00754562    0.23901185  0.00000000

     Dynamical  Matrix in cartesian axes

     q = (    0.750000000   0.250000000  -0.750000000 ) 

    1    1
  0.23901185  0.00000000    0.00611310 -0.00754562   -0.00561261  0.00000000
  0.00611310  0.00754562    0.28965825  0.00000000   -0.00611310 -0.00754562
 -0.00561261  0.00000000   -0.00611310  0.00754562    0.23901185  0.00000000
    1    2
 -0.05986875 -0.05879981    0.04117468  0.03887629   -0.12886310  0.03920503
  0.04117468  0.03887629   -0.07829835 -0.05726069   -0.04117468 -0.03887629
 -0.12886310  0.03920503   -0.04117468 -0.03887629   -0.05986875 -0.05879981
    2    1
 -0.05986875  0.05879981    0.04117468 -0.03887629   -0.12886310 -0.03920503
  0.04117468 -0.03887629   -0.07829835  0.05726069   -0.04117468  0.03887629
 -0.12886310 -0.03920503   -0.04117468  0.03887629   -0.05986875  0.05879981
    2    2
  0.23901185  0.00000000    0.00611310  0.00754562   -0.00561261  0.00000000
  0.00611310 -0.00754562    0.28965825  0.00000000   -0.00611310  0.00754562
 -0.00561261  0.00000000   -0.00611310 -0.00754562    0.23901185  0.00000000

     Dynamical  Matrix in cartesian axes

     q = (   -0.750000000   0.750000000   0.250000000 ) 

    1    1
  0.23901185  0.00000000   -0.00561261  0.00000000   -0.00611310  0.00754562
 -0.00561261  0.00000000    0.23901185  0.00000000    0.00611310 -0.00754562
 -0.00611310 -0.00754562    0.00611310  0.00754562    0.28965825  0.00000000
    1    2
 -0.05986875 -0.05879981   -0.12886310  0.03920503   -0.04117468 -0.03887629
 -0.12886310  0.03920503   -0.05986875 -0.05879981    0.04117468  0.03887629
 -0.04117468 -0.03887629    0.04117468  0.03887629   -0.07829835 -0.05726069
    2    1
 -0.05986875  0.05879981   -0.12886310 -0.03920503   -0.04117468  0.03887629
 -0.12886310 -0.03920503   -0.05986875  0.05879981    0.04117468 -0.03887629
 -0.04117468  0.03887629    0.04117468 -0.03887629   -0.07829835  0.05726069
    2    2
  0.23901185  0.00000000   -0.00561261  0.00000000   -0.00611310 -0.00754562
 -0.00561261  0.00000000    0.23901185  0.00000000    0.00611310  0.00754562
 -0.00611310  0.00754562    0.00611310 -0.00754562    0.28965825  0.00000000

     Dynamical  Matrix in cartesian axes

     q = (   -0.250000000   0.750000000   0.750000000 ) 

    1    1
  0.28965825  0.00000000   -0.00611310 -0.00754562   -0.00611310 -0.00754562
 -0.00611310  0.00754562    0.23901185  0.00000000    0.00561261  0.00000000
 -0.00611310  0.00754562    0.00561261  0.00000000    0.23901185  0.00000000
    1    2
 -0.05726069  0.07829835   -0.03887629  0.04117468   -0.03887629  0.04117468
 -0.03887629  0.04117468   -0.05879981  0.05986875   -0.03920503 -0.12886310
 -0.03887629  0.04117468   -0.03920503 -0.12886310   -0.05879981  0.05986875
    2    1
 -0.05726069 -0.07829835   -0.03887629 -0.04117468   -0.03887629 -0.04117468
 -0.03887629 -0.04117468   -0.05879981 -0.05986875   -0.03920503  0.12886310
 -0.03887629 -0.04117468   -0.03920503  0.12886310   -0.05879981 -0.05986875
    2    2
  0.28965825  0.00000000   -0.00611310  0.00754562   -0.00611310  0.00754562
 -0.00611310 -0.00754562    0.23901185  0.00000000    0.00561261  0.00000000
 -0.00611310 -0.00754562    0.00561261  0.00000000    0.23901185  0.00000000

     Dynamical  Matrix in cartesian axes

     q = (    0.250000000   0.750000000  -0.750000000 ) 

    1    1
  0.28965825  0.00000000    0.00611310  0.00754562   -0.00611310 -0.00754562
  0.00611310 -0.00754562    0.23901185  0.00000000   -0.00561261  0.00000000
 -0.00611310  0.00754562   -0.00561261  0.00000000    0.23901185  0.00000000
    1    2
 -0.07829835 -0.05726069    0.04117468  0.03887629   -0.04117468 -0.03887629
  0.04117468  0.03887629   -0.05986875 -0.05879981   -0.12886310  0.03920503
 -0.04117468 -0.03887629   -0.12886310  0.03920503   -0.05986875 -0.05879981
    2    1
 -0.07829835  0.05726069    0.04117468 -0.03887629   -0.04117468  0.03887629
  0.04117468 -0.03887629   -0.05986875  0.05879981   -0.12886310 -0.03920503
 -0.04117468  0.03887629   -0.12886310 -0.03920503   -0.05986875  0.05879981
    2    2
  0.28965825  0.00000000    0.00611310 -0.00754562   -0.00611310  0.00754562
  0.00611310  0.00754562    0.23901185  0.00000000   -0.00561261  0.00000000
 -0.00611310 -0.00754562   -0.00561261  0.00000000    0.23901185  0.00000000

     Dynamical  Matrix in cartesian axes

     q = (   -0.250000000  -0.750000000  -0.750000000 ) 

    1    1
  0.28965825  0.00000000    0.00611310  0.00754562    0.00611310  0.00754562
  0.00611310 -0.00754562    0.23901185  0.00000000    0.00561261  0.00000000
  0.00611310 -0.00754562    0.00561261  0.00000000    0.23901185  0.00000000
    1    2
  0.07829835  0.05726069   -0.04117468 -0.03887629   -0.04117468 -0.03887629
 -0.04117468 -0.03887629    0.05986875  0.05879981   -0.12886310  0.03920503
 -0.04117468 -0.03887629   -0.12886310  0.03920503    0.05986875  0.05879981
    2    1
  0.07829835 -0.05726069   -0.04117468  0.03887629   -0.04117468  0.03887629
 -0.04117468  0.03887629    0.05986875 -0.05879981   -0.12886310 -0.03920503
 -0.04117468  0.03887629   -0.12886310 -0.03920503    0.05986875 -0.05879981
    2    2
  0.28965825  0.00000000    0.00611310 -0.00754562    0.00611310 -0.00754562
  0.00611310  0.00754562    0.23901185  0.00000000    0.00561261  0.00000000
  0.00611310  0.00754562    0.00561261  0.00000000    0.23901185  0.00000000

     Dynamical  Matrix in cartesian axes

     q = (    0.750000000   0.750000000  -0.250000000 ) 

    1    1
  0.23901185  0.00000000    0.00561261  0.00000000   -0.00611310  0.00754562
  0.00561261  0.00000000    0.23901185  0.00000000   -0.00611310  0.00754562
 -0.00611310 -0.00754562   -0.00611310 -0.00754562    0.28965825  0.00000000
    1    2
 -0.05879981  0.05986875   -0.03920503 -0.12886310   -0.03887629  0.04117468
 -0.03920503 -0.12886310   -0.05879981  0.05986875   -0.03887629  0.04117468
 -0.03887629  0.04117468   -0.03887629  0.04117468   -0.05726069  0.07829835
    2    1
 -0.05879981 -0.05986875   -0.03920503  0.12886310   -0.03887629 -0.04117468
 -0.03920503  0.12886310   -0.05879981 -0.05986875   -0.03887629 -0.04117468
 -0.03887629 -0.04117468   -0.03887629 -0.04117468   -0.05726069 -0.07829835
    2    2
  0.23901185  0.00000000    0.00561261  0.00000000   -0.00611310 -0.00754562
  0.00561261  0.00000000    0.23901185  0.00000000   -0.00611310 -0.00754562
 -0.00611310  0.00754562   -0.00611310  0.00754562    0.28965825  0.00000000

     Dynamical  Matrix in cartesian axes

     q = (    0.750000000  -0.750000000   0.250000000 ) 

    1    1
  0.23901185  0.00000000   -0.00561261  0.00000000    0.00611310 -0.00754562
 -0.00561261  0.00000000    0.23901185  0.00000000   -0.00611310  0.00754562
  0.00611310  0.00754562   -0.00611310 -0.00754562    0.28965825  0.00000000
    1    2
 -0.05986875 -0.05879981   -0.12886310  0.03920503    0.04117468  0.03887629
 -0.12886310  0.03920503   -0.05986875 -0.05879981   -0.04117468 -0.03887629
  0.04117468  0.03887629   -0.04117468 -0.03887629   -0.07829835 -0.05726069
    2    1
 -0.05986875  0.05879981   -0.12886310 -0.03920503    0.04117468 -0.03887629
 -0.12886310 -0.03920503   -0.05986875  0.05879981   -0.04117468  0.03887629
  0.04117468 -0.03887629   -0.04117468  0.03887629   -0.07829835  0.05726069
    2    2
  0.23901185  0.00000000   -0.00561261  0.00000000    0.00611310  0.00754562
 -0.00561261  0.00000000    0.23901185  0.00000000   -0.00611310 -0.00754562
  0.00611310 -0.00754562   -0.00611310  0.00754562    0.28965825  0.00000000

     Dynamical  Matrix in cartesian axes

     q = (   -0.750000000  -0.750000000  -0.250000000 ) 

    1    1
  0.23901185  0.00000000    0.00561261  0.00000000    0.00611310 -0.00754562
  0.00561261  0.00000000    0.23901185  0.00000000    0.00611310 -0.00754562
  0.00611310  0.00754562    0.00611310  0.00754562    0.28965825  0.00000000
    1    2
  0.05986875  0.05879981   -0.12886310  0.03920503   -0.04117468 -0.03887629
 -0.12886310  0.03920503    0.05986875  0.05879981   -0.04117468 -0.03887629
 -0.04117468 -0.03887629   -0.04117468 -0.03887629    0.07829835  0.05726069
    2    1
  0.05986875 -0.05879981   -0.12886310 -0.03920503   -0.04117468  0.03887629
 -0.12886310 -0.03920503    0.05986875 -0.05879981   -0.04117468  0.03887629
 -0.04117468  0.03887629   -0.04117468  0.03887629    0.07829835 -0.05726069
    2    2
  0.23901185  0.00000000    0.00561261  0.00000000    0.00611310  0.00754562
  0.00561261  0.00000000    0.23901185  0.00000000    0.00611310  0.00754562
  0.00611310 -0.00754562    0.00611310 -0.00754562    0.28965825  0.00000000

     Dynamical  Matrix in cartesian axes

     q = (    0.250000000  -0.750000000   0.750000000 ) 

    1    1
  0.28965825  0.00000000   -0.00611310 -0.00754562    0.00611310  0.00754562
 -0.00611310  0.00754562    0.23901185  0.00000000   -0.00561261  0.00000000
  0.00611310 -0.00754562   -0.00561261  0.00000000    0.23901185  0.00000000
    1    2
 -0.07829835 -0.05726069   -0.04117468 -0.03887629    0.04117468  0.03887629
 -0.04117468 -0.03887629   -0.05986875 -0.05879981   -0.12886310  0.03920503
  0.04117468  0.03887629   -0.12886310  0.03920503   -0.05986875 -0.05879981
    2    1
 -0.07829835  0.05726069   -0.04117468  0.03887629    0.04117468 -0.03887629
 -0.04117468  0.03887629   -0.05986875  0.05879981   -0.12886310 -0.03920503
  0.04117468 -0.03887629   -0.12886310 -0.03920503   -0.05986875  0.05879981
    2    2
  0.28965825  0.00000000   -0.00611310  0.00754562    0.00611310 -0.00754562
 -0.00611310 -0.00754562    0.23901185  0.00000000   -0.00561261  0.00000000
  0.00611310  0.00754562   -0.00561261  0.00000000    0.23901185  0.00000000

     Dynamical  Matrix in cartesian axes

     q = (   -0.750000000  -0.750000000   0.250000000 ) 

    1    1
  0.23901185  0.00000000    0.00561261  0.00000000   -0.00611310 -0.00754562
  0.00561261  0.00000000    0.23901185  0.00000000   -0.00611310 -0.00754562
 -0.00611310  0.00754562   -0.00611310  0.00754562    0.28965825  0.00000000
    1    2
 -0.05879981 -0.05986875   -0.03920503  0.12886310   -0.03887629 -0.04117468
 -0.03920503  0.12886310   -0.05879981 -0.05986875   -0.03887629 -0.04117468
 -0.03887629 -0.04117468   -0.03887629 -0.04117468   -0.05726069 -0.07829835
    2    1
 -0.05879981  0.05986875   -0.03920503 -0.12886310   -0.03887629  0.04117468
 -0.03920503 -0.12886310   -0.05879981  0.05986875   -0.03887629  0.04117468
 -0.03887629  0.04117468   -0.03887629  0.04117468   -0.05726069  0.07829835
    2    2
  0.23901185  0.00000000    0.00561261  0.00000000   -0.00611310  0.00754562
  0.00561261  0.00000000    0.23901185  0.00000000   -0.00611310  0.00754562
 -0.00611310 -0.00754562   -0.00611310 -0.00754562    0.28965825  0.00000000

     Dynamical  Matrix in cartesian axes

     q = (    0.250000000   0.750000000   0.750000000 ) 

    1    1
  0.28965825  0.00000000    0.00611310 -0.00754562    0.00611310 -0.00754562
  0.00611310  0.00754562    0.23901185  0.00000000    0.00561261  0.00000000
  0.00611310  0.00754562    0.00561261  0.00000000    0.23901185  0.00000000
    1    2
  0.07829835 -0.05726069   -0.04117468  0.03887629   -0.04117468  0.03887629
 -0.04117468  0.03887629    0.05986875 -0.05879981   -0.12886310 -0.03920503
 -0.04117468  0.03887629   -0.12886310 -0.03920503    0.05986875 -0.05879981
    2    1
  0.07829835  0.05726069   -0.04117468 -0.03887629   -0.04117468 -0.03887629
 -0.04117468 -0.03887629    0.05986875  0.05879981   -0.12886310  0.03920503
 -0.04117468 -0.03887629   -0.12886310  0.03920503    0.05986875  0.05879981
    2    2
  0.28965825  0.00000000    0.00611310  0.00754562    0.00611310  0.00754562
  0.00611310 -0.00754562    0.23901185  0.00000000    0.00561261  0.00000000
  0.00611310 -0.00754562    0.00561261  0.00000000    0.23901185  0.00000000

     Dynamical  Matrix in cartesian axes

     q = (   -0.250000000  -0.750000000   0.750000000 ) 

    1    1
  0.28965825  0.00000000    0.00611310 -0.00754562   -0.00611310  0.00754562
  0.00611310  0.00754562    0.23901185  0.00000000   -0.00561261  0.00000000
 -0.00611310 -0.00754562   -0.00561261  0.00000000    0.23901185  0.00000000
    1    2
 -0.07829835  0.05726069    0.04117468 -0.03887629   -0.04117468  0.03887629
  0.04117468 -0.03887629   -0.05986875  0.05879981   -0.12886310 -0.03920503
 -0.04117468  0.03887629   -0.12886310 -0.03920503   -0.05986875  0.05879981
    2    1
 -0.07829835 -0.05726069    0.04117468  0.03887629   -0.04117468 -0.03887629
  0.04117468  0.03887629   -0.05986875 -0.05879981   -0.12886310  0.03920503
 -0.04117468 -0.03887629   -0.12886310  0.03920503   -0.05986875 -0.05879981
    2    2
  0.28965825  0.00000000    0.00611310  0.00754562   -0.00611310 -0.00754562
  0.00611310 -0.00754562    0.23901185  0.00000000   -0.00561261  0.00000000
 -0.00611310  0.00754562   -0.00561261  0.00000000    0.23901185  0.00000000

     Dynamical  Matrix in cartesian axes

     q = (    0.750000000   0.750000000   0.250000000 ) 

    1    1
  0.23901185  0.00000000    0.00561261  0.00000000    0.00611310  0.00754562
  0.00561261  0.00000000    0.23901185  0.00000000    0.00611310  0.00754562
  0.00611310 -0.00754562    0.00611310 -0.00754562    0.28965825  0.00000000
    1    2
  0.05986875 -0.05879981   -0.12886310 -0.03920503   -0.04117468  0.03887629
 -0.12886310 -0.03920503    0.05986875 -0.05879981   -0.04117468  0.03887629
 -0.04117468  0.03887629   -0.04117468  0.03887629    0.07829835 -0.05726069
    2    1
  0.05986875  0.05879981   -0.12886310  0.03920503   -0.04117468 -0.03887629
 -0.12886310  0.03920503    0.05986875  0.05879981   -0.04117468 -0.03887629
 -0.04117468 -0.03887629   -0.04117468 -0.03887629    0.07829835  0.05726069
    2    2
  0.23901185  0.00000000    0.00561261  0.00000000    0.00611310 -0.00754562
  0.00561261  0.00000000    0.23901185  0.00000000    0.00611310 -0.00754562
  0.00611310  0.00754562    0.00611310  0.00754562    0.28965825  0.00000000

     Dynamical  Matrix in cartesian axes

     q = (    0.250000000  -0.750000000  -0.750000000 ) 

    1    1
  0.28965825  0.00000000   -0.00611310  0.00754562   -0.00611310  0.00754562
 -0.00611310 -0.00754562    0.23901185  0.00000000    0.00561261  0.00000000
 -0.00611310 -0.00754562    0.00561261  0.00000000    0.23901185  0.00000000
    1    2
 -0.05726069 -0.07829835   -0.03887629 -0.04117468   -0.03887629 -0.04117468
 -0.03887629 -0.04117468   -0.05879981 -0.05986875   -0.03920503  0.12886310
 -0.03887629 -0.04117468   -0.03920503  0.12886310   -0.05879981 -0.05986875
    2    1
 -0.05726069  0.07829835   -0.03887629  0.04117468   -0.03887629  0.04117468
 -0.03887629  0.04117468   -0.05879981  0.05986875   -0.03920503 -0.12886310
 -0.03887629  0.04117468   -0.03920503 -0.12886310   -0.05879981  0.05986875
    2    2
  0.28965825  0.00000000   -0.00611310 -0.00754562   -0.00611310 -0.00754562
 -0.00611310  0.00754562    0.23901185  0.00000000    0.00561261  0.00000000
 -0.00611310  0.00754562    0.00561261  0.00000000    0.23901185  0.00000000

     Dynamical  Matrix in cartesian axes

     q = (    0.750000000  -0.750000000  -0.250000000 ) 

    1    1
  0.23901185  0.00000000   -0.00561261  0.00000000   -0.00611310 -0.00754562
 -0.00561261  0.00000000    0.23901185  0.00000000    0.00611310  0.00754562
 -0.00611310  0.00754562    0.00611310 -0.00754562    0.28965825  0.00000000
    1    2
 -0.05986875  0.05879981   -0.12886310 -0.03920503   -0.04117468  0.03887629
 -0.12886310 -0.03920503   -0.05986875  0.05879981    0.04117468 -0.03887629
 -0.04117468  0.03887629    0.04117468 -0.03887629   -0.07829835  0.05726069
    2    1
 -0.05986875 -0.05879981   -0.12886310  0.03920503   -0.04117468 -0.03887629
 -0.12886310  0.03920503   -0.05986875 -0.05879981    0.04117468  0.03887629
 -0.04117468 -0.03887629    0.04117468  0.03887629   -0.07829835 -0.05726069
    2    2
  0.23901185  0.00000000   -0.00561261  0.00000000   -0.00611310  0.00754562
 -0.00561261  0.00000000    0.23901185  0.00000000    0.00611310 -0.00754562
 -0.00611310 -0.00754562    0.00611310  0.00754562    0.28965825  0.00000000

     Diagonalizing the dynamical matrix

     q = (    0.750000000  -0.250000000   0.750000000 ) 

 **************************************************************************
     freq (    1) =       4.296073 [THz] =     143.301575 [cm-1]
 ( -0.051634  0.497327  0.000000 -0.000000  0.051634 -0.497327 ) 
 ( -0.500000  0.000000  0.000000  0.000000  0.500000  0.000000 ) 
     freq (    2) =       5.896502 [THz] =     196.686145 [cm-1]
 ( -0.392671 -0.155487 -0.345399  0.154809 -0.392671 -0.155487 ) 
 ( -0.422335  0.000000 -0.264145 -0.271098 -0.422335  0.000000 ) 
     freq (    3) =       9.255453 [THz] =     308.728691 [cm-1]
 ( -0.105652  0.293850 -0.390929 -0.390070 -0.105652  0.293850 ) 
 (  0.312266 -0.000000 -0.234798 -0.499849  0.312266  0.000000 ) 
     freq (    4) =      11.896718 [THz] =     396.831794 [cm-1]
 ( -0.096699 -0.319625  0.405179  0.335869 -0.096699 -0.319625 ) 
 (  0.333933  0.000000 -0.438809 -0.290559  0.333933  0.000000 ) 
     freq (    5) =      13.375497 [THz] =     446.158557 [cm-1]
 ( -0.051634  0.497327  0.000000  0.000000  0.051634 -0.497327 ) 
 (  0.500000 -0.000000 -0.000000 -0.000000 -0.500000  0.000000 ) 
     freq (    6) =      13.777529 [THz] =     459.568909 [cm-1]
 (  0.299652  0.151064  0.474117 -0.223583  0.299652  0.151064 ) 
 ( -0.335577  0.000000 -0.322713 -0.413078 -0.335577  0.000000 ) 
 **************************************************************************
