Dynamical matrix file
                                                                           
  1    2  2 10.3740000  0.0000000  0.0000000  0.0000000  0.0000000  0.0000000
           1  'Si  '    25598.822984527003     
    1    1      0.0000000000      0.0000000000      0.0000000000
    2    1      0.2500000000      0.2500000000      0.2500000000

     Dynamical  Matrix in cartesian axes

     q = (   -0.250000000   0.250000000  -0.250000000 ) 

    1    1
  0.26272978  0.00000000   -0.01151770  0.00000000    0.01151770  0.00000000
 -0.01151770  0.00000000    0.26272978  0.00000000   -0.01151770  0.00000000
  0.01151770  0.00000000   -0.01151770  0.00000000    0.26272978  0.00000000
    1    2
 -0.19588327 -0.05670872   -0.03592491  0.03770870    0.03592491 -0.03770870
 -0.03592491  0.03770870   -0.19588327 -0.05670872   -0.03592491  0.03770870
  0.03592491 -0.03770870   -0.03592491  0.03770870   -0.19588327 -0.05670872
    2    1
 -0.19588327  0.05670872   -0.03592491 -0.03770870    0.03592491  0.03770870
 -0.03592491 -0.03770870   -0.19588327  0.05670872   -0.03592491 -0.03770870
  0.03592491  0.03770870   -0.03592491 -0.03770870   -0.19588327  0.05670872
    2    2
  0.26272978  0.00000000   -0.01151770  0.00000000    0.01151770  0.00000000
 -0.01151770  0.00000000    0.26272978  0.00000000   -0.01151770  0.00000000
  0.01151770  0.00000000   -0.01151770  0.00000000    0.26272978  0.00000000

     Dynamical  Matrix in cartesian axes

     q = (    0.250000000  -0.250000000  -0.250000000 ) 

    1    1
  0.26272978  0.00000000   -0.01151770  0.00000000   -0.01151770  0.00000000
 -0.01151770  0.00000000    0.26272978  0.00000000    0.01151770  0.00000000
 -0.01151770  0.00000000    0.01151770  0.00000000    0.26272978  0.00000000
    1    2
 -0.19588327 -0.05670872   -0.03592491  0.03770870   -0.03592491  0.03770870
 -0.03592491  0.03770870   -0.19588327 -0.05670872    0.03592491 -0.03770870
 -0.03592491  0.03770870    0.03592491 -0.03770870   -0.19588327 -0.05670872
    2    1
 -0.19588327  0.05670872   -0.03592491 -0.03770870   -0.03592491 -0.03770870
 -0.03592491 -0.03770870   -0.19588327  0.05670872    0.03592491  0.03770870
 -0.03592491 -0.03770870    0.03592491  0.03770870   -0.19588327  0.05670872
    2    2
  0.26272978  0.00000000   -0.01151770  0.00000000   -0.01151770  0.00000000
 -0.01151770  0.00000000    0.26272978  0.00000000    0.01151770  0.00000000
 -0.01151770  0.00000000    0.01151770  0.00000000    0.26272978  0.00000000

     Dynamical  Matrix in cartesian axes

     q = (    0.250000000  -0.250000000   0.250000000 ) 

    1    1
  0.26272978  0.00000000   -0.01151770  0.00000000    0.01151770  0.00000000
 -0.01151770  0.00000000    0.26272978  0.00000000   -0.01151770  0.00000000
  0.01151770  0.00000000   -0.01151770  0.00000000    0.26272978  0.00000000
    1    2
 -0.19588327  0.05670872   -0.03592491 -0.03770870    0.03592491  0.03770870
 -0.03592491 -0.03770870   -0.19588327  0.05670872   -0.03592491 -0.03770870
  0.03592491  0.03770870   -0.03592491 -0.03770870   -0.19588327  0.05670872
    2    1
 -0.19588327 -0.05670872   -0.03592491  0.03770870    0.03592491 -0.03770870
 -0.03592491  0.03770870   -0.19588327 -0.05670872   -0.03592491  0.03770870
  0.03592491 -0.03770870   -0.03592491  0.03770870   -0.19588327 -0.05670872
    2    2
  0.26272978  0.00000000   -0.01151770  0.00000000    0.01151770  0.00000000
 -0.01151770  0.00000000    0.26272978  0.00000000   -0.01151770  0.00000000
  0.01151770  0.00000000   -0.01151770  0.00000000    0.26272978  0.00000000

     Dynamical  Matrix in cartesian axes

     q = (    0.250000000   0.250000000   0.250000000 ) 

    1    1
  0.26272978  0.00000000    0.01151770  0.00000000    0.01151770  0.00000000
  0.01151770  0.00000000    0.26272978  0.00000000    0.01151770  0.00000000
  0.01151770  0.00000000    0.01151770  0.00000000    0.26272978  0.00000000
    1    2
 -0.05670872  0.19588327   -0.03770870 -0.03592491   -0.03770870 -0.03592491
 -0.03770870 -0.03592491   -0.05670872  0.19588327   -0.03770870 -0.03592491
 -0.03770870 -0.03592491   -0.03770870 -0.03592491   -0.05670872  0.19588327
    2    1
 -0.05670872 -0.19588327   -0.03770870  0.03592491   -0.03770870  0.03592491
 -0.03770870  0.03592491   -0.05670872 -0.19588327   -0.03770870  0.03592491
 -0.03770870  0.03592491   -0.03770870  0.03592491   -0.05670872 -0.19588327
    2    2
  0.26272978  0.00000000    0.01151770  0.00000000    0.01151770  0.00000000
  0.01151770  0.00000000    0.26272978  0.00000000    0.01151770  0.00000000
  0.01151770  0.00000000    0.01151770  0.00000000    0.26272978  0.00000000

     Dynamical  Matrix in cartesian axes

     q = (   -0.250000000  -0.250000000  -0.250000000 ) 

    1    1
  0.26272978  0.00000000    0.01151770  0.00000000    0.01151770  0.00000000
  0.01151770  0.00000000    0.26272978  0.00000000    0.01151770  0.00000000
  0.01151770  0.00000000    0.01151770  0.00000000    0.26272978  0.00000000
    1    2
 -0.05670872 -0.19588327   -0.03770870  0.03592491   -0.03770870  0.03592491
 -0.03770870  0.03592491   -0.05670872 -0.19588327   -0.03770870  0.03592491
 -0.03770870  0.03592491   -0.03770870  0.03592491   -0.05670872 -0.19588327
    2    1
 -0.05670872  0.19588327   -0.03770870 -0.03592491   -0.03770870 -0.03592491
 -0.03770870 -0.03592491   -0.05670872  0.19588327   -0.03770870 -0.03592491
 -0.03770870 -0.03592491   -0.03770870 -0.03592491   -0.05670872  0.19588327
    2    2
  0.26272978  0.00000000    0.01151770  0.00000000    0.01151770  0.00000000
  0.01151770  0.00000000    0.26272978  0.00000000    0.01151770  0.00000000
  0.01151770  0.00000000    0.01151770  0.00000000    0.26272978  0.00000000

     Dynamical  Matrix in cartesian axes

     q = (   -0.250000000  -0.250000000   0.250000000 ) 

    1    1
  0.26272978  0.00000000    0.01151770  0.00000000   -0.01151770  0.00000000
  0.01151770  0.00000000    0.26272978  0.00000000   -0.01151770  0.00000000
 -0.01151770  0.00000000   -0.01151770  0.00000000    0.26272978  0.00000000
    1    2
 -0.19588327 -0.05670872    0.03592491 -0.03770870   -0.03592491  0.03770870
  0.03592491 -0.03770870   -0.19588327 -0.05670872   -0.03592491  0.03770870
 -0.03592491  0.03770870   -0.03592491  0.03770870   -0.19588327 -0.05670872
    2    1
 -0.19588327  0.05670872    0.03592491  0.03770870   -0.03592491 -0.03770870
  0.03592491  0.03770870   -0.19588327  0.05670872   -0.03592491 -0.03770870
 -0.03592491 -0.03770870   -0.03592491 -0.03770870   -0.19588327  0.05670872
    2    2
  0.26272978  0.00000000    0.01151770  0.00000000   -0.01151770  0.00000000
  0.01151770  0.00000000    0.26272978  0.00000000   -0.01151770  0.00000000
 -0.01151770  0.00000000   -0.01151770  0.00000000    0.26272978  0.00000000

     Dynamical  Matrix in cartesian axes

     q = (   -0.250000000   0.250000000   0.250000000 ) 

    1    1
  0.26272978  0.00000000   -0.01151770  0.00000000   -0.01151770  0.00000000
 -0.01151770  0.00000000    0.26272978  0.00000000    0.01151770  0.00000000
 -0.01151770  0.00000000    0.01151770  0.00000000    0.26272978  0.00000000
    1    2
 -0.19588327  0.05670872   -0.03592491 -0.03770870   -0.03592491 -0.03770870
 -0.03592491 -0.03770870   -0.19588327  0.05670872    0.03592491  0.03770870
 -0.03592491 -0.03770870    0.03592491  0.03770870   -0.19588327  0.05670872
    2    1
 -0.19588327 -0.05670872   -0.03592491  0.03770870   -0.03592491  0.03770870
 -0.03592491  0.03770870   -0.19588327 -0.05670872    0.03592491 -0.03770870
 -0.03592491  0.03770870    0.03592491 -0.03770870   -0.19588327 -0.05670872
    2    2
  0.26272978  0.00000000   -0.01151770  0.00000000   -0.01151770  0.00000000
 -0.01151770  0.00000000    0.26272978  0.00000000    0.01151770  0.00000000
 -0.01151770  0.00000000    0.01151770  0.00000000    0.26272978  0.00000000

     Dynamical  Matrix in cartesian axes

     q = (    0.250000000   0.250000000  -0.250000000 ) 

    1    1
  0.26272978  0.00000000    0.01151770  0.00000000   -0.01151770  0.00000000
  0.01151770  0.00000000    0.26272978  0.00000000   -0.01151770  0.00000000
 -0.01151770  0.00000000   -0.01151770  0.00000000    0.26272978  0.00000000
    1    2
 -0.19588327  0.05670872    0.03592491  0.03770870   -0.03592491 -0.03770870
  0.03592491  0.03770870   -0.19588327  0.05670872   -0.03592491 -0.03770870
 -0.03592491 -0.03770870   -0.03592491 -0.03770870   -0.19588327  0.05670872
    2    1
 -0.19588327 -0.05670872    0.03592491 -0.03770870   -0.03592491  0.03770870
  0.03592491 -0.03770870   -0.19588327 -0.05670872   -0.03592491  0.03770870
 -0.03592491  0.03770870   -0.03592491  0.03770870   -0.19588327 -0.05670872
    2    2
  0.26272978  0.00000000    0.01151770  0.00000000   -0.01151770  0.00000000
  0.01151770  0.00000000    0.26272978  0.00000000   -0.01151770  0.00000000
 -0.01151770  0.00000000   -0.01151770  0.00000000    0.26272978  0.00000000

     Diagonalizing the dynamical matrix

     q = (   -0.250000000   0.250000000  -0.250000000 ) 

 **************************************************************************
     freq (    1) =       2.806280 [THz] =      93.607420 [cm-1]
 ( -0.320314  0.408923 -0.153322  0.422611  0.166992  0.013687 ) 
 ( -0.285838  0.433723 -0.118286  0.433723  0.167552  0.000000 ) 
     freq (    2) =       2.806280 [THz] =      93.607420 [cm-1]
 ( -0.203511 -0.148652  0.347145 -0.103518  0.550657  0.045134 ) 
 ( -0.214974 -0.131531  0.337529 -0.131531  0.552503  0.000000 ) 
     freq (    3) =       6.648318 [THz] =     221.764026 [cm-1]
 ( -0.279416 -0.297647  0.279416  0.297647 -0.279416 -0.297647 ) 
 ( -0.408248  0.000000  0.408248 -0.000000 -0.408248  0.000000 ) 
     freq (    4) =      14.051341 [THz] =     468.702277 [cm-1]
 ( -0.279416 -0.297647  0.279416  0.297647 -0.279416 -0.297647 ) 
 (  0.408248  0.000000 -0.408248 -0.000000  0.408248  0.000000 ) 
     freq (    5) =      14.302004 [THz] =     477.063508 [cm-1]
 ( -0.065589  0.022190  0.460626  0.065321  0.526215  0.043131 ) 
 (  0.063557 -0.027474 -0.464423 -0.027474 -0.527979  0.000000 ) 
     freq (    6) =      14.302004 [THz] =     477.063508 [cm-1]
 ( -0.562833 -0.108436 -0.330009 -0.089352  0.232824  0.019083 ) 
 (  0.569810  0.062095  0.336206  0.062095 -0.233604  0.000000 ) 
 **************************************************************************
