Dynamical matrix file
                                                                           
  1    2  2 10.2920000  0.0000000  0.0000000  0.0000000  0.0000000  0.0000000
           1  'Si  '    25598.822984527003     
    1    1      0.0000000000      0.0000000000      0.0000000000
    2    1      0.2500000000      0.2500000000      0.2500000000

     Dynamical  Matrix in cartesian axes

     q = (    0.750000000  -0.250000000   0.750000000 ) 

    1    1
  0.25280614  0.00000000   -0.00648513  0.00779626    0.00609942  0.00000000
 -0.00648513 -0.00779626    0.30464453  0.00000000   -0.00648513 -0.00779626
  0.00609942  0.00000000   -0.00648513  0.00779626    0.25280614  0.00000000
    1    2
 -0.06194250  0.06309902   -0.04285965  0.04534571   -0.04325023 -0.14153687
 -0.04285965  0.04534571   -0.06025894  0.08157804   -0.04285965  0.04534571
 -0.04325023 -0.14153687   -0.04285965  0.04534571   -0.06194250  0.06309902
    2    1
 -0.06194250 -0.06309902   -0.04285965 -0.04534571   -0.04325023  0.14153687
 -0.04285965 -0.04534571   -0.06025894 -0.08157804   -0.04285965 -0.04534571
 -0.04325023  0.14153687   -0.04285965 -0.04534571   -0.06194250 -0.06309902
    2    2
  0.25280614  0.00000000   -0.00648513 -0.00779626    0.00609942  0.00000000
 -0.00648513  0.00779626    0.30464453  0.00000000   -0.00648513  0.00779626
  0.00609942  0.00000000   -0.00648513 -0.00779626    0.25280614  0.00000000

     Dynamical  Matrix in cartesian axes

     q = (    0.750000000  -0.250000000  -0.750000000 ) 

    1    1
  0.25280614  0.00000000   -0.00648513 -0.00779626   -0.00609942  0.00000000
 -0.00648513  0.00779626    0.30464453  0.00000000    0.00648513 -0.00779626
 -0.00609942  0.00000000    0.00648513  0.00779626    0.25280614  0.00000000
    1    2
 -0.06309902  0.06194250   -0.04534571  0.04285965   -0.14153687 -0.04325023
 -0.04534571  0.04285965   -0.08157804  0.06025894    0.04534571 -0.04285965
 -0.14153687 -0.04325023    0.04534571 -0.04285965   -0.06309902  0.06194250
    2    1
 -0.06309902 -0.06194250   -0.04534571 -0.04285965   -0.14153687  0.04325023
 -0.04534571 -0.04285965   -0.08157804 -0.06025894    0.04534571  0.04285965
 -0.14153687  0.04325023    0.04534571  0.04285965   -0.06309902 -0.06194250
    2    2
  0.25280614  0.00000000   -0.00648513  0.00779626   -0.00609942  0.00000000
 -0.00648513 -0.00779626    0.30464453  0.00000000    0.00648513  0.00779626
 -0.00609942  0.00000000    0.00648513 -0.00779626    0.25280614  0.00000000

     Dynamical  Matrix in cartesian axes

     q = (   -0.750000000  -0.250000000  -0.750000000 ) 

    1    1
  0.25280614  0.00000000    0.00648513 -0.00779626    0.00609942  0.00000000
  0.00648513  0.00779626    0.30464453  0.00000000    0.00648513  0.00779626
  0.00609942  0.00000000    0.00648513 -0.00779626    0.25280614  0.00000000
    1    2
  0.06309902  0.06194250   -0.04534571 -0.04285965   -0.14153687  0.04325023
 -0.04534571 -0.04285965    0.08157804  0.06025894   -0.04534571 -0.04285965
 -0.14153687  0.04325023   -0.04534571 -0.04285965    0.06309902  0.06194250
    2    1
  0.06309902 -0.06194250   -0.04534571  0.04285965   -0.14153687 -0.04325023
 -0.04534571  0.04285965    0.08157804 -0.06025894   -0.04534571  0.04285965
 -0.14153687 -0.04325023   -0.04534571  0.04285965    0.06309902 -0.06194250
    2    2
  0.25280614  0.00000000    0.00648513  0.00779626    0.00609942  0.00000000
  0.00648513 -0.00779626    0.30464453  0.00000000    0.00648513 -0.00779626
  0.00609942  0.00000000    0.00648513  0.00779626    0.25280614  0.00000000

     Dynamical  Matrix in cartesian axes

     q = (   -0.750000000  -0.250000000   0.750000000 ) 

    1    1
  0.25280614  0.00000000    0.00648513  0.00779626   -0.00609942  0.00000000
  0.00648513 -0.00779626    0.30464453  0.00000000   -0.00648513  0.00779626
 -0.00609942  0.00000000   -0.00648513 -0.00779626    0.25280614  0.00000000
    1    2
 -0.06309902  0.06194250    0.04534571 -0.04285965   -0.14153687 -0.04325023
  0.04534571 -0.04285965   -0.08157804  0.06025894   -0.04534571  0.04285965
 -0.14153687 -0.04325023   -0.04534571  0.04285965   -0.06309902  0.06194250
    2    1
 -0.06309902 -0.06194250    0.04534571  0.04285965   -0.14153687  0.04325023
  0.04534571  0.04285965   -0.08157804 -0.06025894   -0.04534571 -0.04285965
 -0.14153687  0.04325023   -0.04534571 -0.04285965   -0.06309902 -0.06194250
    2    2
  0.25280614  0.00000000    0.00648513 -0.00779626   -0.00609942  0.00000000
  0.00648513  0.00779626    0.30464453  0.00000000   -0.00648513 -0.00779626
 -0.00609942  0.00000000   -0.00648513  0.00779626    0.25280614  0.00000000

     Dynamical  Matrix in cartesian axes

     q = (   -0.750000000   0.250000000  -0.750000000 ) 

    1    1
  0.25280614  0.00000000   -0.00648513 -0.00779626    0.00609942  0.00000000
 -0.00648513  0.00779626    0.30464453  0.00000000   -0.00648513  0.00779626
  0.00609942  0.00000000   -0.00648513 -0.00779626    0.25280614  0.00000000
    1    2
 -0.06194250 -0.06309902   -0.04285965 -0.04534571   -0.04325023  0.14153687
 -0.04285965 -0.04534571   -0.06025894 -0.08157804   -0.04285965 -0.04534571
 -0.04325023  0.14153687   -0.04285965 -0.04534571   -0.06194250 -0.06309902
    2    1
 -0.06194250  0.06309902   -0.04285965  0.04534571   -0.04325023 -0.14153687
 -0.04285965  0.04534571   -0.06025894  0.08157804   -0.04285965  0.04534571
 -0.04325023 -0.14153687   -0.04285965  0.04534571   -0.06194250  0.06309902
    2    2
  0.25280614  0.00000000   -0.00648513  0.00779626    0.00609942  0.00000000
 -0.00648513 -0.00779626    0.30464453  0.00000000   -0.00648513 -0.00779626
  0.00609942  0.00000000   -0.00648513  0.00779626    0.25280614  0.00000000

     Dynamical  Matrix in cartesian axes

     q = (   -0.250000000   0.750000000  -0.750000000 ) 

    1    1
  0.30464453  0.00000000   -0.00648513  0.00779626    0.00648513 -0.00779626
 -0.00648513 -0.00779626    0.25280614  0.00000000   -0.00609942  0.00000000
  0.00648513  0.00779626   -0.00609942  0.00000000    0.25280614  0.00000000
    1    2
 -0.08157804  0.06025894   -0.04534571  0.04285965    0.04534571 -0.04285965
 -0.04534571  0.04285965   -0.06309902  0.06194250   -0.14153687 -0.04325023
  0.04534571 -0.04285965   -0.14153687 -0.04325023   -0.06309902  0.06194250
    2    1
 -0.08157804 -0.06025894   -0.04534571 -0.04285965    0.04534571  0.04285965
 -0.04534571 -0.04285965   -0.06309902 -0.06194250   -0.14153687  0.04325023
  0.04534571  0.04285965   -0.14153687  0.04325023   -0.06309902 -0.06194250
    2    2
  0.30464453  0.00000000   -0.00648513 -0.00779626    0.00648513  0.00779626
 -0.00648513  0.00779626    0.25280614  0.00000000   -0.00609942  0.00000000
  0.00648513 -0.00779626   -0.00609942  0.00000000    0.25280614  0.00000000

     Dynamical  Matrix in cartesian axes

     q = (   -0.750000000   0.750000000  -0.250000000 ) 

    1    1
  0.25280614  0.00000000   -0.00609942  0.00000000    0.00648513  0.00779626
 -0.00609942  0.00000000    0.25280614  0.00000000   -0.00648513 -0.00779626
  0.00648513 -0.00779626   -0.00648513  0.00779626    0.30464453  0.00000000
    1    2
 -0.06309902  0.06194250   -0.14153687 -0.04325023    0.04534571 -0.04285965
 -0.14153687 -0.04325023   -0.06309902  0.06194250   -0.04534571  0.04285965
  0.04534571 -0.04285965   -0.04534571  0.04285965   -0.08157804  0.06025894
    2    1
 -0.06309902 -0.06194250   -0.14153687  0.04325023    0.04534571  0.04285965
 -0.14153687  0.04325023   -0.06309902 -0.06194250   -0.04534571 -0.04285965
  0.04534571  0.04285965   -0.04534571 -0.04285965   -0.08157804 -0.06025894
    2    2
  0.25280614  0.00000000   -0.00609942  0.00000000    0.00648513 -0.00779626
 -0.00609942  0.00000000    0.25280614  0.00000000   -0.00648513  0.00779626
  0.00648513  0.00779626   -0.00648513 -0.00779626    0.30464453  0.00000000

     Dynamical  Matrix in cartesian axes

     q = (    0.750000000   0.250000000   0.750000000 ) 

    1    1
  0.25280614  0.00000000    0.00648513  0.00779626    0.00609942  0.00000000
  0.00648513 -0.00779626    0.30464453  0.00000000    0.00648513 -0.00779626
  0.00609942  0.00000000    0.00648513  0.00779626    0.25280614  0.00000000
    1    2
  0.06309902 -0.06194250   -0.04534571  0.04285965   -0.14153687 -0.04325023
 -0.04534571  0.04285965    0.08157804 -0.06025894   -0.04534571  0.04285965
 -0.14153687 -0.04325023   -0.04534571  0.04285965    0.06309902 -0.06194250
    2    1
  0.06309902  0.06194250   -0.04534571 -0.04285965   -0.14153687  0.04325023
 -0.04534571 -0.04285965    0.08157804  0.06025894   -0.04534571 -0.04285965
 -0.14153687  0.04325023   -0.04534571 -0.04285965    0.06309902  0.06194250
    2    2
  0.25280614  0.00000000    0.00648513 -0.00779626    0.00609942  0.00000000
  0.00648513  0.00779626    0.30464453  0.00000000    0.00648513  0.00779626
  0.00609942  0.00000000    0.00648513 -0.00779626    0.25280614  0.00000000

     Dynamical  Matrix in cartesian axes

     q = (   -0.750000000   0.250000000   0.750000000 ) 

    1    1
  0.25280614  0.00000000   -0.00648513  0.00779626   -0.00609942  0.00000000
 -0.00648513 -0.00779626    0.30464453  0.00000000    0.00648513  0.00779626
 -0.00609942  0.00000000    0.00648513 -0.00779626    0.25280614  0.00000000
    1    2
 -0.06309902 -0.06194250   -0.04534571 -0.04285965   -0.14153687  0.04325023
 -0.04534571 -0.04285965   -0.08157804 -0.06025894    0.04534571  0.04285965
 -0.14153687  0.04325023    0.04534571  0.04285965   -0.06309902 -0.06194250
    2    1
 -0.06309902  0.06194250   -0.04534571  0.04285965   -0.14153687 -0.04325023
 -0.04534571  0.04285965   -0.08157804  0.06025894    0.04534571 -0.04285965
 -0.14153687 -0.04325023    0.04534571 -0.04285965   -0.06309902  0.06194250
    2    2
  0.25280614  0.00000000   -0.00648513 -0.00779626   -0.00609942  0.00000000
 -0.00648513  0.00779626    0.30464453  0.00000000    0.00648513 -0.00779626
 -0.00609942  0.00000000    0.00648513  0.00779626    0.25280614  0.00000000

     Dynamical  Matrix in cartesian axes

     q = (    0.750000000   0.250000000  -0.750000000 ) 

    1    1
  0.25280614  0.00000000    0.00648513 -0.00779626   -0.00609942  0.00000000
  0.00648513  0.00779626    0.30464453  0.00000000   -0.00648513 -0.00779626
 -0.00609942  0.00000000   -0.00648513  0.00779626    0.25280614  0.00000000
    1    2
 -0.06309902 -0.06194250    0.04534571  0.04285965   -0.14153687  0.04325023
  0.04534571  0.04285965   -0.08157804 -0.06025894   -0.04534571 -0.04285965
 -0.14153687  0.04325023   -0.04534571 -0.04285965   -0.06309902 -0.06194250
    2    1
 -0.06309902  0.06194250    0.04534571 -0.04285965   -0.14153687 -0.04325023
  0.04534571 -0.04285965   -0.08157804  0.06025894   -0.04534571  0.04285965
 -0.14153687 -0.04325023   -0.04534571  0.04285965   -0.06309902  0.06194250
    2    2
  0.25280614  0.00000000    0.00648513  0.00779626   -0.00609942  0.00000000
  0.00648513 -0.00779626    0.30464453  0.00000000   -0.00648513  0.00779626
 -0.00609942  0.00000000   -0.00648513 -0.00779626    0.25280614  0.00000000

     Dynamical  Matrix in cartesian axes

     q = (   -0.750000000   0.750000000   0.250000000 ) 

    1    1
  0.25280614  0.00000000   -0.00609942  0.00000000   -0.00648513  0.00779626
 -0.00609942  0.00000000    0.25280614  0.00000000    0.00648513 -0.00779626
 -0.00648513 -0.00779626    0.00648513  0.00779626    0.30464453  0.00000000
    1    2
 -0.06309902 -0.06194250   -0.14153687  0.04325023   -0.04534571 -0.04285965
 -0.14153687  0.04325023   -0.06309902 -0.06194250    0.04534571  0.04285965
 -0.04534571 -0.04285965    0.04534571  0.04285965   -0.08157804 -0.06025894
    2    1
 -0.06309902  0.06194250   -0.14153687 -0.04325023   -0.04534571  0.04285965
 -0.14153687 -0.04325023   -0.06309902  0.06194250    0.04534571 -0.04285965
 -0.04534571  0.04285965    0.04534571 -0.04285965   -0.08157804  0.06025894
    2    2
  0.25280614  0.00000000   -0.00609942  0.00000000   -0.00648513 -0.00779626
 -0.00609942  0.00000000    0.25280614  0.00000000    0.00648513  0.00779626
 -0.00648513  0.00779626    0.00648513 -0.00779626    0.30464453  0.00000000

     Dynamical  Matrix in cartesian axes

     q = (   -0.250000000   0.750000000   0.750000000 ) 

    1    1
  0.30464453  0.00000000   -0.00648513 -0.00779626   -0.00648513 -0.00779626
 -0.00648513  0.00779626    0.25280614  0.00000000    0.00609942  0.00000000
 -0.00648513  0.00779626    0.00609942  0.00000000    0.25280614  0.00000000
    1    2
 -0.06025894  0.08157804   -0.04285965  0.04534571   -0.04285965  0.04534571
 -0.04285965  0.04534571   -0.06194250  0.06309902   -0.04325023 -0.14153687
 -0.04285965  0.04534571   -0.04325023 -0.14153687   -0.06194250  0.06309902
    2    1
 -0.06025894 -0.08157804   -0.04285965 -0.04534571   -0.04285965 -0.04534571
 -0.04285965 -0.04534571   -0.06194250 -0.06309902   -0.04325023  0.14153687
 -0.04285965 -0.04534571   -0.04325023  0.14153687   -0.06194250 -0.06309902
    2    2
  0.30464453  0.00000000   -0.00648513  0.00779626   -0.00648513  0.00779626
 -0.00648513 -0.00779626    0.25280614  0.00000000    0.00609942  0.00000000
 -0.00648513 -0.00779626    0.00609942  0.00000000    0.25280614  0.00000000

     Dynamical  Matrix in cartesian axes

     q = (    0.250000000   0.750000000  -0.750000000 ) 

    1    1
  0.30464453  0.00000000    0.00648513  0.00779626   -0.00648513 -0.00779626
  0.00648513 -0.00779626    0.25280614  0.00000000   -0.00609942  0.00000000
 -0.00648513  0.00779626   -0.00609942  0.00000000    0.25280614  0.00000000
    1    2
 -0.08157804 -0.06025894    0.04534571  0.04285965   -0.04534571 -0.04285965
  0.04534571  0.04285965   -0.06309902 -0.06194250   -0.14153687  0.04325023
 -0.04534571 -0.04285965   -0.14153687  0.04325023   -0.06309902 -0.06194250
    2    1
 -0.08157804  0.06025894    0.04534571 -0.04285965   -0.04534571  0.04285965
  0.04534571 -0.04285965   -0.06309902  0.06194250   -0.14153687 -0.04325023
 -0.04534571  0.04285965   -0.14153687 -0.04325023   -0.06309902  0.06194250
    2    2
  0.30464453  0.00000000    0.00648513 -0.00779626   -0.00648513  0.00779626
  0.00648513  0.00779626    0.25280614  0.00000000   -0.00609942  0.00000000
 -0.00648513 -0.00779626   -0.00609942  0.00000000    0.25280614  0.00000000

     Dynamical  Matrix in cartesian axes

     q = (   -0.250000000  -0.750000000  -0.750000000 ) 

    1    1
  0.30464453  0.00000000    0.00648513  0.00779626    0.00648513  0.00779626
  0.00648513 -0.00779626    0.25280614  0.00000000    0.00609942  0.00000000
  0.00648513 -0.00779626    0.00609942  0.00000000    0.25280614  0.00000000
    1    2
  0.08157804  0.06025894   -0.04534571 -0.04285965   -0.04534571 -0.04285965
 -0.04534571 -0.04285965    0.06309902  0.06194250   -0.14153687  0.04325023
 -0.04534571 -0.04285965   -0.14153687  0.04325023    0.06309902  0.06194250
    2    1
  0.08157804 -0.06025894   -0.04534571  0.04285965   -0.04534571  0.04285965
 -0.04534571  0.04285965    0.06309902 -0.06194250   -0.14153687 -0.04325023
 -0.04534571  0.04285965   -0.14153687 -0.04325023    0.06309902 -0.06194250
    2    2
  0.30464453  0.00000000    0.00648513 -0.00779626    0.00648513 -0.00779626
  0.00648513  0.00779626    0.25280614  0.00000000    0.00609942  0.00000000
  0.00648513  0.00779626    0.00609942  0.00000000    0.25280614  0.00000000

     Dynamical  Matrix in cartesian axes

     q = (    0.750000000   0.750000000  -0.250000000 ) 

    1    1
  0.25280614  0.00000000    0.00609942  0.00000000   -0.00648513  0.00779626
  0.00609942  0.00000000    0.25280614  0.00000000   -0.00648513  0.00779626
 -0.00648513 -0.00779626   -0.00648513 -0.00779626    0.30464453  0.00000000
    1    2
 -0.06194250  0.06309902   -0.04325023 -0.14153687   -0.04285965  0.04534571
 -0.04325023 -0.14153687   -0.06194250  0.06309902   -0.04285965  0.04534571
 -0.04285965  0.04534571   -0.04285965  0.04534571   -0.06025894  0.08157804
    2    1
 -0.06194250 -0.06309902   -0.04325023  0.14153687   -0.04285965 -0.04534571
 -0.04325023  0.14153687   -0.06194250 -0.06309902   -0.04285965 -0.04534571
 -0.04285965 -0.04534571   -0.04285965 -0.04534571   -0.06025894 -0.08157804
    2    2
  0.25280614  0.00000000    0.00609942  0.00000000   -0.00648513 -0.00779626
  0.00609942  0.00000000    0.25280614  0.00000000   -0.00648513 -0.00779626
 -0.00648513  0.00779626   -0.00648513  0.00779626    0.30464453  0.00000000

     Dynamical  Matrix in cartesian axes

     q = (    0.750000000  -0.750000000   0.250000000 ) 

    1    1
  0.25280614  0.00000000   -0.00609942  0.00000000    0.00648513 -0.00779626
 -0.00609942  0.00000000    0.25280614  0.00000000   -0.00648513  0.00779626
  0.00648513  0.00779626   -0.00648513 -0.00779626    0.30464453  0.00000000
    1    2
 -0.06309902 -0.06194250   -0.14153687  0.04325023    0.04534571  0.04285965
 -0.14153687  0.04325023   -0.06309902 -0.06194250   -0.04534571 -0.04285965
  0.04534571  0.04285965   -0.04534571 -0.04285965   -0.08157804 -0.06025894
    2    1
 -0.06309902  0.06194250   -0.14153687 -0.04325023    0.04534571 -0.04285965
 -0.14153687 -0.04325023   -0.06309902  0.06194250   -0.04534571  0.04285965
  0.04534571 -0.04285965   -0.04534571  0.04285965   -0.08157804  0.06025894
    2    2
  0.25280614  0.00000000   -0.00609942  0.00000000    0.00648513  0.00779626
 -0.00609942  0.00000000    0.25280614  0.00000000   -0.00648513 -0.00779626
  0.00648513 -0.00779626   -0.00648513  0.00779626    0.30464453  0.00000000

     Dynamical  Matrix in cartesian axes

     q = (   -0.750000000  -0.750000000  -0.250000000 ) 

    1    1
  0.25280614  0.00000000    0.00609942  0.00000000    0.00648513 -0.00779626
  0.00609942  0.00000000    0.25280614  0.00000000    0.00648513 -0.00779626
  0.00648513  0.00779626    0.00648513  0.00779626    0.30464453  0.00000000
    1    2
  0.06309902  0.06194250   -0.14153687  0.04325023   -0.04534571 -0.04285965
 -0.14153687  0.04325023    0.06309902  0.06194250   -0.04534571 -0.04285965
 -0.04534571 -0.04285965   -0.04534571 -0.04285965    0.08157804  0.06025894
    2    1
  0.06309902 -0.06194250   -0.14153687 -0.04325023   -0.04534571  0.04285965
 -0.14153687 -0.04325023    0.06309902 -0.06194250   -0.04534571  0.04285965
 -0.04534571  0.04285965   -0.04534571  0.04285965    0.08157804 -0.06025894
    2    2
  0.25280614  0.00000000    0.00609942  0.00000000    0.00648513  0.00779626
  0.00609942  0.00000000    0.25280614  0.00000000    0.00648513  0.00779626
  0.00648513 -0.00779626    0.00648513 -0.00779626    0.30464453  0.00000000

     Dynamical  Matrix in cartesian axes

     q = (    0.250000000  -0.750000000   0.750000000 ) 

    1    1
  0.30464453  0.00000000   -0.00648513 -0.00779626    0.00648513  0.00779626
 -0.00648513  0.00779626    0.25280614  0.00000000   -0.00609942  0.00000000
  0.00648513 -0.00779626   -0.00609942  0.00000000    0.25280614  0.00000000
    1    2
 -0.08157804 -0.06025894   -0.04534571 -0.04285965    0.04534571  0.04285965
 -0.04534571 -0.04285965   -0.06309902 -0.06194250   -0.14153687  0.04325023
  0.04534571  0.04285965   -0.14153687  0.04325023   -0.06309902 -0.06194250
    2    1
 -0.08157804  0.06025894   -0.04534571  0.04285965    0.04534571 -0.04285965
 -0.04534571  0.04285965   -0.06309902  0.06194250   -0.14153687 -0.04325023
  0.04534571 -0.04285965   -0.14153687 -0.04325023   -0.06309902  0.06194250
    2    2
  0.30464453  0.00000000   -0.00648513  0.00779626    0.00648513 -0.00779626
 -0.00648513 -0.00779626    0.25280614  0.00000000   -0.00609942  0.00000000
  0.00648513  0.00779626   -0.00609942  0.00000000    0.25280614  0.00000000

     Dynamical  Matrix in cartesian axes

     q = (   -0.750000000  -0.750000000   0.250000000 ) 

    1    1
  0.25280614  0.00000000    0.00609942  0.00000000   -0.00648513 -0.00779626
  0.00609942  0.00000000    0.25280614  0.00000000   -0.00648513 -0.00779626
 -0.00648513  0.00779626   -0.00648513  0.00779626    0.30464453  0.00000000
    1    2
 -0.06194250 -0.06309902   -0.04325023  0.14153687   -0.04285965 -0.04534571
 -0.04325023  0.14153687   -0.06194250 -0.06309902   -0.04285965 -0.04534571
 -0.04285965 -0.04534571   -0.04285965 -0.04534571   -0.06025894 -0.08157804
    2    1
 -0.06194250  0.06309902   -0.04325023 -0.14153687   -0.04285965  0.04534571
 -0.04325023 -0.14153687   -0.06194250  0.06309902   -0.04285965  0.04534571
 -0.04285965  0.04534571   -0.04285965  0.04534571   -0.06025894  0.08157804
    2    2
  0.25280614  0.00000000    0.00609942  0.00000000   -0.00648513  0.00779626
  0.00609942  0.00000000    0.25280614  0.00000000   -0.00648513  0.00779626
 -0.00648513 -0.00779626   -0.00648513 -0.00779626    0.30464453  0.00000000

     Dynamical  Matrix in cartesian axes

     q = (    0.250000000   0.750000000   0.750000000 ) 

    1    1
  0.30464453  0.00000000    0.00648513 -0.00779626    0.00648513 -0.00779626
  0.00648513  0.00779626    0.25280614  0.00000000    0.00609942  0.00000000
  0.00648513  0.00779626    0.00609942  0.00000000    0.25280614  0.00000000
    1    2
  0.08157804 -0.06025894   -0.04534571  0.04285965   -0.04534571  0.04285965
 -0.04534571  0.04285965    0.06309902 -0.06194250   -0.14153687 -0.04325023
 -0.04534571  0.04285965   -0.14153687 -0.04325023    0.06309902 -0.06194250
    2    1
  0.08157804  0.06025894   -0.04534571 -0.04285965   -0.04534571 -0.04285965
 -0.04534571 -0.04285965    0.06309902  0.06194250   -0.14153687  0.04325023
 -0.04534571 -0.04285965   -0.14153687  0.04325023    0.06309902  0.06194250
    2    2
  0.30464453  0.00000000    0.00648513  0.00779626    0.00648513  0.00779626
  0.00648513 -0.00779626    0.25280614  0.00000000    0.00609942  0.00000000
  0.00648513 -0.00779626    0.00609942  0.00000000    0.25280614  0.00000000

     Dynamical  Matrix in cartesian axes

     q = (   -0.250000000  -0.750000000   0.750000000 ) 

    1    1
  0.30464453  0.00000000    0.00648513 -0.00779626   -0.00648513  0.00779626
  0.00648513  0.00779626    0.25280614  0.00000000   -0.00609942  0.00000000
 -0.00648513 -0.00779626   -0.00609942  0.00000000    0.25280614  0.00000000
    1    2
 -0.08157804  0.06025894    0.04534571 -0.04285965   -0.04534571  0.04285965
  0.04534571 -0.04285965   -0.06309902  0.06194250   -0.14153687 -0.04325023
 -0.04534571  0.04285965   -0.14153687 -0.04325023   -0.06309902  0.06194250
    2    1
 -0.08157804 -0.06025894    0.04534571  0.04285965   -0.04534571 -0.04285965
  0.04534571  0.04285965   -0.06309902 -0.06194250   -0.14153687  0.04325023
 -0.04534571 -0.04285965   -0.14153687  0.04325023   -0.06309902 -0.06194250
    2    2
  0.30464453  0.00000000    0.00648513  0.00779626   -0.00648513 -0.00779626
  0.00648513 -0.00779626    0.25280614  0.00000000   -0.00609942  0.00000000
 -0.00648513  0.00779626   -0.00609942  0.00000000    0.25280614  0.00000000

     Dynamical  Matrix in cartesian axes

     q = (    0.750000000   0.750000000   0.250000000 ) 

    1    1
  0.25280614  0.00000000    0.00609942  0.00000000    0.00648513  0.00779626
  0.00609942  0.00000000    0.25280614  0.00000000    0.00648513  0.00779626
  0.00648513 -0.00779626    0.00648513 -0.00779626    0.30464453  0.00000000
    1    2
  0.06309902 -0.06194250   -0.14153687 -0.04325023   -0.04534571  0.04285965
 -0.14153687 -0.04325023    0.06309902 -0.06194250   -0.04534571  0.04285965
 -0.04534571  0.04285965   -0.04534571  0.04285965    0.08157804 -0.06025894
    2    1
  0.06309902  0.06194250   -0.14153687  0.04325023   -0.04534571 -0.04285965
 -0.14153687  0.04325023    0.06309902  0.06194250   -0.04534571 -0.04285965
 -0.04534571 -0.04285965   -0.04534571 -0.04285965    0.08157804  0.06025894
    2    2
  0.25280614  0.00000000    0.00609942  0.00000000    0.00648513 -0.00779626
  0.00609942  0.00000000    0.25280614  0.00000000    0.00648513 -0.00779626
  0.00648513  0.00779626    0.00648513  0.00779626    0.30464453  0.00000000

     Dynamical  Matrix in cartesian axes

     q = (    0.250000000  -0.750000000  -0.750000000 ) 

    1    1
  0.30464453  0.00000000   -0.00648513  0.00779626   -0.00648513  0.00779626
 -0.00648513 -0.00779626    0.25280614  0.00000000    0.00609942  0.00000000
 -0.00648513 -0.00779626    0.00609942  0.00000000    0.25280614  0.00000000
    1    2
 -0.06025894 -0.08157804   -0.04285965 -0.04534571   -0.04285965 -0.04534571
 -0.04285965 -0.04534571   -0.06194250 -0.06309902   -0.04325023  0.14153687
 -0.04285965 -0.04534571   -0.04325023  0.14153687   -0.06194250 -0.06309902
    2    1
 -0.06025894  0.08157804   -0.04285965  0.04534571   -0.04285965  0.04534571
 -0.04285965  0.04534571   -0.06194250  0.06309902   -0.04325023 -0.14153687
 -0.04285965  0.04534571   -0.04325023 -0.14153687   -0.06194250  0.06309902
    2    2
  0.30464453  0.00000000   -0.00648513 -0.00779626   -0.00648513 -0.00779626
 -0.00648513  0.00779626    0.25280614  0.00000000    0.00609942  0.00000000
 -0.00648513  0.00779626    0.00609942  0.00000000    0.25280614  0.00000000

     Dynamical  Matrix in cartesian axes

     q = (    0.750000000  -0.750000000  -0.250000000 ) 

    1    1
  0.25280614  0.00000000   -0.00609942  0.00000000   -0.00648513 -0.00779626
 -0.00609942  0.00000000    0.25280614  0.00000000    0.00648513  0.00779626
 -0.00648513  0.00779626    0.00648513 -0.00779626    0.30464453  0.00000000
    1    2
 -0.06309902  0.06194250   -0.14153687 -0.04325023   -0.04534571  0.04285965
 -0.14153687 -0.04325023   -0.06309902  0.06194250    0.04534571 -0.04285965
 -0.04534571  0.04285965    0.04534571 -0.04285965   -0.08157804  0.06025894
    2    1
 -0.06309902 -0.06194250   -0.14153687  0.04325023   -0.04534571 -0.04285965
 -0.14153687  0.04325023   -0.06309902 -0.06194250    0.04534571  0.04285965
 -0.04534571 -0.04285965    0.04534571  0.04285965   -0.08157804 -0.06025894
    2    2
  0.25280614  0.00000000   -0.00609942  0.00000000   -0.00648513  0.00779626
 -0.00609942  0.00000000    0.25280614  0.00000000    0.00648513 -0.00779626
 -0.00648513 -0.00779626    0.00648513  0.00779626    0.30464453  0.00000000

     Diagonalizing the dynamical matrix

     q = (    0.750000000  -0.250000000   0.750000000 ) 

 **************************************************************************
     freq (    1) =       4.174584 [THz] =     139.249122 [cm-1]
 (  0.045483 -0.497927 -0.000000 -0.000000 -0.045483  0.497927 ) 
 (  0.500000 -0.000000  0.000000 -0.000000 -0.500000  0.000000 ) 
     freq (    2) =       5.863168 [THz] =     195.574221 [cm-1]
 ( -0.388674 -0.168446 -0.343034  0.153115 -0.388674 -0.168446 ) 
 ( -0.423606  0.000000 -0.253861 -0.276896 -0.423606  0.000000 ) 
     freq (    3) =       9.469409 [THz] =     315.865500 [cm-1]
 (  0.122851 -0.284640  0.372670  0.410965  0.122851 -0.284640 ) 
 ( -0.310020  0.000000  0.229644  0.505014 -0.310020  0.000000 ) 
     freq (    4) =      12.259457 [THz] =     408.931479 [cm-1]
 (  0.065896  0.316866 -0.401022 -0.360123  0.065896  0.316866 ) 
 ( -0.323646 -0.000000  0.434230  0.319299 -0.323646  0.000000 ) 
     freq (    5) =      13.826991 [THz] =     461.218788 [cm-1]
 (  0.045483 -0.497927 -0.000000 -0.000000 -0.045483  0.497927 ) 
 ( -0.500000 -0.000000  0.000000  0.000000  0.500000  0.000000 ) 
     freq (    6) =      14.219417 [THz] =     474.308713 [cm-1]
 ( -0.304158 -0.164885 -0.461202  0.218847 -0.304158 -0.164885 ) 
 (  0.345976  0.000000  0.301159  0.412195  0.345976 -0.000000 ) 
 **************************************************************************
