Dynamical matrix file
                                                                           
  1    2  2 10.3430000  0.0000000  0.0000000  0.0000000  0.0000000  0.0000000
           1  'Si  '    25598.822984527003     
    1    1      0.0000000000      0.0000000000      0.0000000000
    2    1      0.2500000000      0.2500000000      0.2500000000

     Dynamical  Matrix in cartesian axes

     q = (    0.750000000  -0.250000000   0.750000000 ) 

    1    1
  0.24370583  0.00000000   -0.00470654  0.00740605    0.00141714  0.00000000
 -0.00470654 -0.00740605    0.29949766  0.00000000   -0.00470654 -0.00740605
  0.00141714  0.00000000   -0.00470654  0.00740605    0.24370583  0.00000000
    1    2
 -0.05796341  0.06760089   -0.03612759  0.04018445   -0.04097108 -0.13036047
 -0.03612759  0.04018445   -0.05649287  0.08677367   -0.03612759  0.04018445
 -0.04097108 -0.13036047   -0.03612759  0.04018445   -0.05796341  0.06760089
    2    1
 -0.05796341 -0.06760089   -0.03612759 -0.04018445   -0.04097108  0.13036047
 -0.03612759 -0.04018445   -0.05649287 -0.08677367   -0.03612759 -0.04018445
 -0.04097108  0.13036047   -0.03612759 -0.04018445   -0.05796341 -0.06760089
    2    2
  0.24370583  0.00000000   -0.00470654 -0.00740605    0.00141714  0.00000000
 -0.00470654  0.00740605    0.29949766  0.00000000   -0.00470654  0.00740605
  0.00141714  0.00000000   -0.00470654 -0.00740605    0.24370583  0.00000000

     Dynamical  Matrix in cartesian axes

     q = (    0.750000000  -0.250000000  -0.750000000 ) 

    1    1
  0.24370583  0.00000000   -0.00470654 -0.00740605   -0.00141714  0.00000000
 -0.00470654  0.00740605    0.29949766  0.00000000    0.00470654 -0.00740605
 -0.00141714  0.00000000    0.00470654  0.00740605    0.24370583  0.00000000
    1    2
 -0.06760089  0.05796341   -0.04018445  0.03612759   -0.13036047 -0.04097108
 -0.04018445  0.03612759   -0.08677367  0.05649287    0.04018445 -0.03612759
 -0.13036047 -0.04097108    0.04018445 -0.03612759   -0.06760089  0.05796341
    2    1
 -0.06760089 -0.05796341   -0.04018445 -0.03612759   -0.13036047  0.04097108
 -0.04018445 -0.03612759   -0.08677367 -0.05649287    0.04018445  0.03612759
 -0.13036047  0.04097108    0.04018445  0.03612759   -0.06760089 -0.05796341
    2    2
  0.24370583  0.00000000   -0.00470654  0.00740605   -0.00141714  0.00000000
 -0.00470654 -0.00740605    0.29949766  0.00000000    0.00470654  0.00740605
 -0.00141714  0.00000000    0.00470654 -0.00740605    0.24370583  0.00000000

     Dynamical  Matrix in cartesian axes

     q = (   -0.750000000  -0.250000000  -0.750000000 ) 

    1    1
  0.24370583  0.00000000    0.00470654 -0.00740605    0.00141714  0.00000000
  0.00470654  0.00740605    0.29949766  0.00000000    0.00470654  0.00740605
  0.00141714  0.00000000    0.00470654 -0.00740605    0.24370583  0.00000000
    1    2
  0.06760089  0.05796341   -0.04018445 -0.03612759   -0.13036047  0.04097108
 -0.04018445 -0.03612759    0.08677367  0.05649287   -0.04018445 -0.03612759
 -0.13036047  0.04097108   -0.04018445 -0.03612759    0.06760089  0.05796341
    2    1
  0.06760089 -0.05796341   -0.04018445  0.03612759   -0.13036047 -0.04097108
 -0.04018445  0.03612759    0.08677367 -0.05649287   -0.04018445  0.03612759
 -0.13036047 -0.04097108   -0.04018445  0.03612759    0.06760089 -0.05796341
    2    2
  0.24370583  0.00000000    0.00470654  0.00740605    0.00141714  0.00000000
  0.00470654 -0.00740605    0.29949766  0.00000000    0.00470654 -0.00740605
  0.00141714  0.00000000    0.00470654  0.00740605    0.24370583  0.00000000

     Dynamical  Matrix in cartesian axes

     q = (   -0.750000000  -0.250000000   0.750000000 ) 

    1    1
  0.24370583  0.00000000    0.00470654  0.00740605   -0.00141714  0.00000000
  0.00470654 -0.00740605    0.29949766  0.00000000   -0.00470654  0.00740605
 -0.00141714  0.00000000   -0.00470654 -0.00740605    0.24370583  0.00000000
    1    2
 -0.06760089  0.05796341    0.04018445 -0.03612759   -0.13036047 -0.04097108
  0.04018445 -0.03612759   -0.08677367  0.05649287   -0.04018445  0.03612759
 -0.13036047 -0.04097108   -0.04018445  0.03612759   -0.06760089  0.05796341
    2    1
 -0.06760089 -0.05796341    0.04018445  0.03612759   -0.13036047  0.04097108
  0.04018445  0.03612759   -0.08677367 -0.05649287   -0.04018445 -0.03612759
 -0.13036047  0.04097108   -0.04018445 -0.03612759   -0.06760089 -0.05796341
    2    2
  0.24370583  0.00000000    0.00470654 -0.00740605   -0.00141714  0.00000000
  0.00470654  0.00740605    0.29949766  0.00000000   -0.00470654 -0.00740605
 -0.00141714  0.00000000   -0.00470654  0.00740605    0.24370583  0.00000000

     Dynamical  Matrix in cartesian axes

     q = (   -0.750000000   0.250000000  -0.750000000 ) 

    1    1
  0.24370583  0.00000000   -0.00470654 -0.00740605    0.00141714  0.00000000
 -0.00470654  0.00740605    0.29949766  0.00000000   -0.00470654  0.00740605
  0.00141714  0.00000000   -0.00470654 -0.00740605    0.24370583  0.00000000
    1    2
 -0.05796341 -0.06760089   -0.03612759 -0.04018445   -0.04097108  0.13036047
 -0.03612759 -0.04018445   -0.05649287 -0.08677367   -0.03612759 -0.04018445
 -0.04097108  0.13036047   -0.03612759 -0.04018445   -0.05796341 -0.06760089
    2    1
 -0.05796341  0.06760089   -0.03612759  0.04018445   -0.04097108 -0.13036047
 -0.03612759  0.04018445   -0.05649287  0.08677367   -0.03612759  0.04018445
 -0.04097108 -0.13036047   -0.03612759  0.04018445   -0.05796341  0.06760089
    2    2
  0.24370583  0.00000000   -0.00470654  0.00740605    0.00141714  0.00000000
 -0.00470654 -0.00740605    0.29949766  0.00000000   -0.00470654 -0.00740605
  0.00141714  0.00000000   -0.00470654  0.00740605    0.24370583  0.00000000

     Dynamical  Matrix in cartesian axes

     q = (   -0.250000000   0.750000000  -0.750000000 ) 

    1    1
  0.29949766  0.00000000   -0.00470654  0.00740605    0.00470654 -0.00740605
 -0.00470654 -0.00740605    0.24370583  0.00000000   -0.00141714  0.00000000
  0.00470654  0.00740605   -0.00141714  0.00000000    0.24370583  0.00000000
    1    2
 -0.08677367  0.05649287   -0.04018445  0.03612759    0.04018445 -0.03612759
 -0.04018445  0.03612759   -0.06760089  0.05796341   -0.13036047 -0.04097108
  0.04018445 -0.03612759   -0.13036047 -0.04097108   -0.06760089  0.05796341
    2    1
 -0.08677367 -0.05649287   -0.04018445 -0.03612759    0.04018445  0.03612759
 -0.04018445 -0.03612759   -0.06760089 -0.05796341   -0.13036047  0.04097108
  0.04018445  0.03612759   -0.13036047  0.04097108   -0.06760089 -0.05796341
    2    2
  0.29949766  0.00000000   -0.00470654 -0.00740605    0.00470654  0.00740605
 -0.00470654  0.00740605    0.24370583  0.00000000   -0.00141714  0.00000000
  0.00470654 -0.00740605   -0.00141714  0.00000000    0.24370583  0.00000000

     Dynamical  Matrix in cartesian axes

     q = (   -0.750000000   0.750000000  -0.250000000 ) 

    1    1
  0.24370583  0.00000000   -0.00141714  0.00000000    0.00470654  0.00740605
 -0.00141714  0.00000000    0.24370583  0.00000000   -0.00470654 -0.00740605
  0.00470654 -0.00740605   -0.00470654  0.00740605    0.29949766  0.00000000
    1    2
 -0.06760089  0.05796341   -0.13036047 -0.04097108    0.04018445 -0.03612759
 -0.13036047 -0.04097108   -0.06760089  0.05796341   -0.04018445  0.03612759
  0.04018445 -0.03612759   -0.04018445  0.03612759   -0.08677367  0.05649287
    2    1
 -0.06760089 -0.05796341   -0.13036047  0.04097108    0.04018445  0.03612759
 -0.13036047  0.04097108   -0.06760089 -0.05796341   -0.04018445 -0.03612759
  0.04018445  0.03612759   -0.04018445 -0.03612759   -0.08677367 -0.05649287
    2    2
  0.24370583  0.00000000   -0.00141714  0.00000000    0.00470654 -0.00740605
 -0.00141714  0.00000000    0.24370583  0.00000000   -0.00470654  0.00740605
  0.00470654  0.00740605   -0.00470654 -0.00740605    0.29949766  0.00000000

     Dynamical  Matrix in cartesian axes

     q = (    0.750000000   0.250000000   0.750000000 ) 

    1    1
  0.24370583  0.00000000    0.00470654  0.00740605    0.00141714  0.00000000
  0.00470654 -0.00740605    0.29949766  0.00000000    0.00470654 -0.00740605
  0.00141714  0.00000000    0.00470654  0.00740605    0.24370583  0.00000000
    1    2
  0.06760089 -0.05796341   -0.04018445  0.03612759   -0.13036047 -0.04097108
 -0.04018445  0.03612759    0.08677367 -0.05649287   -0.04018445  0.03612759
 -0.13036047 -0.04097108   -0.04018445  0.03612759    0.06760089 -0.05796341
    2    1
  0.06760089  0.05796341   -0.04018445 -0.03612759   -0.13036047  0.04097108
 -0.04018445 -0.03612759    0.08677367  0.05649287   -0.04018445 -0.03612759
 -0.13036047  0.04097108   -0.04018445 -0.03612759    0.06760089  0.05796341
    2    2
  0.24370583  0.00000000    0.00470654 -0.00740605    0.00141714  0.00000000
  0.00470654  0.00740605    0.29949766  0.00000000    0.00470654  0.00740605
  0.00141714  0.00000000    0.00470654 -0.00740605    0.24370583  0.00000000

     Dynamical  Matrix in cartesian axes

     q = (   -0.750000000   0.250000000   0.750000000 ) 

    1    1
  0.24370583  0.00000000   -0.00470654  0.00740605   -0.00141714  0.00000000
 -0.00470654 -0.00740605    0.29949766  0.00000000    0.00470654  0.00740605
 -0.00141714  0.00000000    0.00470654 -0.00740605    0.24370583  0.00000000
    1    2
 -0.06760089 -0.05796341   -0.04018445 -0.03612759   -0.13036047  0.04097108
 -0.04018445 -0.03612759   -0.08677367 -0.05649287    0.04018445  0.03612759
 -0.13036047  0.04097108    0.04018445  0.03612759   -0.06760089 -0.05796341
    2    1
 -0.06760089  0.05796341   -0.04018445  0.03612759   -0.13036047 -0.04097108
 -0.04018445  0.03612759   -0.08677367  0.05649287    0.04018445 -0.03612759
 -0.13036047 -0.04097108    0.04018445 -0.03612759   -0.06760089  0.05796341
    2    2
  0.24370583  0.00000000   -0.00470654 -0.00740605   -0.00141714  0.00000000
 -0.00470654  0.00740605    0.29949766  0.00000000    0.00470654 -0.00740605
 -0.00141714  0.00000000    0.00470654  0.00740605    0.24370583  0.00000000

     Dynamical  Matrix in cartesian axes

     q = (    0.750000000   0.250000000  -0.750000000 ) 

    1    1
  0.24370583  0.00000000    0.00470654 -0.00740605   -0.00141714  0.00000000
  0.00470654  0.00740605    0.29949766  0.00000000   -0.00470654 -0.00740605
 -0.00141714  0.00000000   -0.00470654  0.00740605    0.24370583  0.00000000
    1    2
 -0.06760089 -0.05796341    0.04018445  0.03612759   -0.13036047  0.04097108
  0.04018445  0.03612759   -0.08677367 -0.05649287   -0.04018445 -0.03612759
 -0.13036047  0.04097108   -0.04018445 -0.03612759   -0.06760089 -0.05796341
    2    1
 -0.06760089  0.05796341    0.04018445 -0.03612759   -0.13036047 -0.04097108
  0.04018445 -0.03612759   -0.08677367  0.05649287   -0.04018445  0.03612759
 -0.13036047 -0.04097108   -0.04018445  0.03612759   -0.06760089  0.05796341
    2    2
  0.24370583  0.00000000    0.00470654  0.00740605   -0.00141714  0.00000000
  0.00470654 -0.00740605    0.29949766  0.00000000   -0.00470654  0.00740605
 -0.00141714  0.00000000   -0.00470654 -0.00740605    0.24370583  0.00000000

     Dynamical  Matrix in cartesian axes

     q = (   -0.750000000   0.750000000   0.250000000 ) 

    1    1
  0.24370583  0.00000000   -0.00141714  0.00000000   -0.00470654  0.00740605
 -0.00141714  0.00000000    0.24370583  0.00000000    0.00470654 -0.00740605
 -0.00470654 -0.00740605    0.00470654  0.00740605    0.29949766  0.00000000
    1    2
 -0.06760089 -0.05796341   -0.13036047  0.04097108   -0.04018445 -0.03612759
 -0.13036047  0.04097108   -0.06760089 -0.05796341    0.04018445  0.03612759
 -0.04018445 -0.03612759    0.04018445  0.03612759   -0.08677367 -0.05649287
    2    1
 -0.06760089  0.05796341   -0.13036047 -0.04097108   -0.04018445  0.03612759
 -0.13036047 -0.04097108   -0.06760089  0.05796341    0.04018445 -0.03612759
 -0.04018445  0.03612759    0.04018445 -0.03612759   -0.08677367  0.05649287
    2    2
  0.24370583  0.00000000   -0.00141714  0.00000000   -0.00470654 -0.00740605
 -0.00141714  0.00000000    0.24370583  0.00000000    0.00470654  0.00740605
 -0.00470654  0.00740605    0.00470654 -0.00740605    0.29949766  0.00000000

     Dynamical  Matrix in cartesian axes

     q = (   -0.250000000   0.750000000   0.750000000 ) 

    1    1
  0.29949766  0.00000000   -0.00470654 -0.00740605   -0.00470654 -0.00740605
 -0.00470654  0.00740605    0.24370583  0.00000000    0.00141714  0.00000000
 -0.00470654  0.00740605    0.00141714  0.00000000    0.24370583  0.00000000
    1    2
 -0.05649287  0.08677367   -0.03612759  0.04018445   -0.03612759  0.04018445
 -0.03612759  0.04018445   -0.05796341  0.06760089   -0.04097108 -0.13036047
 -0.03612759  0.04018445   -0.04097108 -0.13036047   -0.05796341  0.06760089
    2    1
 -0.05649287 -0.08677367   -0.03612759 -0.04018445   -0.03612759 -0.04018445
 -0.03612759 -0.04018445   -0.05796341 -0.06760089   -0.04097108  0.13036047
 -0.03612759 -0.04018445   -0.04097108  0.13036047   -0.05796341 -0.06760089
    2    2
  0.29949766  0.00000000   -0.00470654  0.00740605   -0.00470654  0.00740605
 -0.00470654 -0.00740605    0.24370583  0.00000000    0.00141714  0.00000000
 -0.00470654 -0.00740605    0.00141714  0.00000000    0.24370583  0.00000000

     Dynamical  Matrix in cartesian axes

     q = (    0.250000000   0.750000000  -0.750000000 ) 

    1    1
  0.29949766  0.00000000    0.00470654  0.00740605   -0.00470654 -0.00740605
  0.00470654 -0.00740605    0.24370583  0.00000000   -0.00141714  0.00000000
 -0.00470654  0.00740605   -0.00141714  0.00000000    0.24370583  0.00000000
    1    2
 -0.08677367 -0.05649287    0.04018445  0.03612759   -0.04018445 -0.03612759
  0.04018445  0.03612759   -0.06760089 -0.05796341   -0.13036047  0.04097108
 -0.04018445 -0.03612759   -0.13036047  0.04097108   -0.06760089 -0.05796341
    2    1
 -0.08677367  0.05649287    0.04018445 -0.03612759   -0.04018445  0.03612759
  0.04018445 -0.03612759   -0.06760089  0.05796341   -0.13036047 -0.04097108
 -0.04018445  0.03612759   -0.13036047 -0.04097108   -0.06760089  0.05796341
    2    2
  0.29949766  0.00000000    0.00470654 -0.00740605   -0.00470654  0.00740605
  0.00470654  0.00740605    0.24370583  0.00000000   -0.00141714  0.00000000
 -0.00470654 -0.00740605   -0.00141714  0.00000000    0.24370583  0.00000000

     Dynamical  Matrix in cartesian axes

     q = (   -0.250000000  -0.750000000  -0.750000000 ) 

    1    1
  0.29949766  0.00000000    0.00470654  0.00740605    0.00470654  0.00740605
  0.00470654 -0.00740605    0.24370583  0.00000000    0.00141714  0.00000000
  0.00470654 -0.00740605    0.00141714  0.00000000    0.24370583  0.00000000
    1    2
  0.08677367  0.05649287   -0.04018445 -0.03612759   -0.04018445 -0.03612759
 -0.04018445 -0.03612759    0.06760089  0.05796341   -0.13036047  0.04097108
 -0.04018445 -0.03612759   -0.13036047  0.04097108    0.06760089  0.05796341
    2    1
  0.08677367 -0.05649287   -0.04018445  0.03612759   -0.04018445  0.03612759
 -0.04018445  0.03612759    0.06760089 -0.05796341   -0.13036047 -0.04097108
 -0.04018445  0.03612759   -0.13036047 -0.04097108    0.06760089 -0.05796341
    2    2
  0.29949766  0.00000000    0.00470654 -0.00740605    0.00470654 -0.00740605
  0.00470654  0.00740605    0.24370583  0.00000000    0.00141714  0.00000000
  0.00470654  0.00740605    0.00141714  0.00000000    0.24370583  0.00000000

     Dynamical  Matrix in cartesian axes

     q = (    0.750000000   0.750000000  -0.250000000 ) 

    1    1
  0.24370583  0.00000000    0.00141714  0.00000000   -0.00470654  0.00740605
  0.00141714  0.00000000    0.24370583  0.00000000   -0.00470654  0.00740605
 -0.00470654 -0.00740605   -0.00470654 -0.00740605    0.29949766  0.00000000
    1    2
 -0.05796341  0.06760089   -0.04097108 -0.13036047   -0.03612759  0.04018445
 -0.04097108 -0.13036047   -0.05796341  0.06760089   -0.03612759  0.04018445
 -0.03612759  0.04018445   -0.03612759  0.04018445   -0.05649287  0.08677367
    2    1
 -0.05796341 -0.06760089   -0.04097108  0.13036047   -0.03612759 -0.04018445
 -0.04097108  0.13036047   -0.05796341 -0.06760089   -0.03612759 -0.04018445
 -0.03612759 -0.04018445   -0.03612759 -0.04018445   -0.05649287 -0.08677367
    2    2
  0.24370583  0.00000000    0.00141714  0.00000000   -0.00470654 -0.00740605
  0.00141714  0.00000000    0.24370583  0.00000000   -0.00470654 -0.00740605
 -0.00470654  0.00740605   -0.00470654  0.00740605    0.29949766  0.00000000

     Dynamical  Matrix in cartesian axes

     q = (    0.750000000  -0.750000000   0.250000000 ) 

    1    1
  0.24370583  0.00000000   -0.00141714  0.00000000    0.00470654 -0.00740605
 -0.00141714  0.00000000    0.24370583  0.00000000   -0.00470654  0.00740605
  0.00470654  0.00740605   -0.00470654 -0.00740605    0.29949766  0.00000000
    1    2
 -0.06760089 -0.05796341   -0.13036047  0.04097108    0.04018445  0.03612759
 -0.13036047  0.04097108   -0.06760089 -0.05796341   -0.04018445 -0.03612759
  0.04018445  0.03612759   -0.04018445 -0.03612759   -0.08677367 -0.05649287
    2    1
 -0.06760089  0.05796341   -0.13036047 -0.04097108    0.04018445 -0.03612759
 -0.13036047 -0.04097108   -0.06760089  0.05796341   -0.04018445  0.03612759
  0.04018445 -0.03612759   -0.04018445  0.03612759   -0.08677367  0.05649287
    2    2
  0.24370583  0.00000000   -0.00141714  0.00000000    0.00470654  0.00740605
 -0.00141714  0.00000000    0.24370583  0.00000000   -0.00470654 -0.00740605
  0.00470654 -0.00740605   -0.00470654  0.00740605    0.29949766  0.00000000

     Dynamical  Matrix in cartesian axes

     q = (   -0.750000000  -0.750000000  -0.250000000 ) 

    1    1
  0.24370583  0.00000000    0.00141714  0.00000000    0.00470654 -0.00740605
  0.00141714  0.00000000    0.24370583  0.00000000    0.00470654 -0.00740605
  0.00470654  0.00740605    0.00470654  0.00740605    0.29949766  0.00000000
    1    2
  0.06760089  0.05796341   -0.13036047  0.04097108   -0.04018445 -0.03612759
 -0.13036047  0.04097108    0.06760089  0.05796341   -0.04018445 -0.03612759
 -0.04018445 -0.03612759   -0.04018445 -0.03612759    0.08677367  0.05649287
    2    1
  0.06760089 -0.05796341   -0.13036047 -0.04097108   -0.04018445  0.03612759
 -0.13036047 -0.04097108    0.06760089 -0.05796341   -0.04018445  0.03612759
 -0.04018445  0.03612759   -0.04018445  0.03612759    0.08677367 -0.05649287
    2    2
  0.24370583  0.00000000    0.00141714  0.00000000    0.00470654  0.00740605
  0.00141714  0.00000000    0.24370583  0.00000000    0.00470654  0.00740605
  0.00470654 -0.00740605    0.00470654 -0.00740605    0.29949766  0.00000000

     Dynamical  Matrix in cartesian axes

     q = (    0.250000000  -0.750000000   0.750000000 ) 

    1    1
  0.29949766  0.00000000   -0.00470654 -0.00740605    0.00470654  0.00740605
 -0.00470654  0.00740605    0.24370583  0.00000000   -0.00141714  0.00000000
  0.00470654 -0.00740605   -0.00141714  0.00000000    0.24370583  0.00000000
    1    2
 -0.08677367 -0.05649287   -0.04018445 -0.03612759    0.04018445  0.03612759
 -0.04018445 -0.03612759   -0.06760089 -0.05796341   -0.13036047  0.04097108
  0.04018445  0.03612759   -0.13036047  0.04097108   -0.06760089 -0.05796341
    2    1
 -0.08677367  0.05649287   -0.04018445  0.03612759    0.04018445 -0.03612759
 -0.04018445  0.03612759   -0.06760089  0.05796341   -0.13036047 -0.04097108
  0.04018445 -0.03612759   -0.13036047 -0.04097108   -0.06760089  0.05796341
    2    2
  0.29949766  0.00000000   -0.00470654  0.00740605    0.00470654 -0.00740605
 -0.00470654 -0.00740605    0.24370583  0.00000000   -0.00141714  0.00000000
  0.00470654  0.00740605   -0.00141714  0.00000000    0.24370583  0.00000000

     Dynamical  Matrix in cartesian axes

     q = (   -0.750000000  -0.750000000   0.250000000 ) 

    1    1
  0.24370583  0.00000000    0.00141714  0.00000000   -0.00470654 -0.00740605
  0.00141714  0.00000000    0.24370583  0.00000000   -0.00470654 -0.00740605
 -0.00470654  0.00740605   -0.00470654  0.00740605    0.29949766  0.00000000
    1    2
 -0.05796341 -0.06760089   -0.04097108  0.13036047   -0.03612759 -0.04018445
 -0.04097108  0.13036047   -0.05796341 -0.06760089   -0.03612759 -0.04018445
 -0.03612759 -0.04018445   -0.03612759 -0.04018445   -0.05649287 -0.08677367
    2    1
 -0.05796341  0.06760089   -0.04097108 -0.13036047   -0.03612759  0.04018445
 -0.04097108 -0.13036047   -0.05796341  0.06760089   -0.03612759  0.04018445
 -0.03612759  0.04018445   -0.03612759  0.04018445   -0.05649287  0.08677367
    2    2
  0.24370583  0.00000000    0.00141714  0.00000000   -0.00470654  0.00740605
  0.00141714  0.00000000    0.24370583  0.00000000   -0.00470654  0.00740605
 -0.00470654 -0.00740605   -0.00470654 -0.00740605    0.29949766  0.00000000

     Dynamical  Matrix in cartesian axes

     q = (    0.250000000   0.750000000   0.750000000 ) 

    1    1
  0.29949766  0.00000000    0.00470654 -0.00740605    0.00470654 -0.00740605
  0.00470654  0.00740605    0.24370583  0.00000000    0.00141714  0.00000000
  0.00470654  0.00740605    0.00141714  0.00000000    0.24370583  0.00000000
    1    2
  0.08677367 -0.05649287   -0.04018445  0.03612759   -0.04018445  0.03612759
 -0.04018445  0.03612759    0.06760089 -0.05796341   -0.13036047 -0.04097108
 -0.04018445  0.03612759   -0.13036047 -0.04097108    0.06760089 -0.05796341
    2    1
  0.08677367  0.05649287   -0.04018445 -0.03612759   -0.04018445 -0.03612759
 -0.04018445 -0.03612759    0.06760089  0.05796341   -0.13036047  0.04097108
 -0.04018445 -0.03612759   -0.13036047  0.04097108    0.06760089  0.05796341
    2    2
  0.29949766  0.00000000    0.00470654  0.00740605    0.00470654  0.00740605
  0.00470654 -0.00740605    0.24370583  0.00000000    0.00141714  0.00000000
  0.00470654 -0.00740605    0.00141714  0.00000000    0.24370583  0.00000000

     Dynamical  Matrix in cartesian axes

     q = (   -0.250000000  -0.750000000   0.750000000 ) 

    1    1
  0.29949766  0.00000000    0.00470654 -0.00740605   -0.00470654  0.00740605
  0.00470654  0.00740605    0.24370583  0.00000000   -0.00141714  0.00000000
 -0.00470654 -0.00740605   -0.00141714  0.00000000    0.24370583  0.00000000
    1    2
 -0.08677367  0.05649287    0.04018445 -0.03612759   -0.04018445  0.03612759
  0.04018445 -0.03612759   -0.06760089  0.05796341   -0.13036047 -0.04097108
 -0.04018445  0.03612759   -0.13036047 -0.04097108   -0.06760089  0.05796341
    2    1
 -0.08677367 -0.05649287    0.04018445  0.03612759   -0.04018445 -0.03612759
  0.04018445  0.03612759   -0.06760089 -0.05796341   -0.13036047  0.04097108
 -0.04018445 -0.03612759   -0.13036047  0.04097108   -0.06760089 -0.05796341
    2    2
  0.29949766  0.00000000    0.00470654  0.00740605   -0.00470654 -0.00740605
  0.00470654 -0.00740605    0.24370583  0.00000000   -0.00141714  0.00000000
 -0.00470654  0.00740605   -0.00141714  0.00000000    0.24370583  0.00000000

     Dynamical  Matrix in cartesian axes

     q = (    0.750000000   0.750000000   0.250000000 ) 

    1    1
  0.24370583  0.00000000    0.00141714  0.00000000    0.00470654  0.00740605
  0.00141714  0.00000000    0.24370583  0.00000000    0.00470654  0.00740605
  0.00470654 -0.00740605    0.00470654 -0.00740605    0.29949766  0.00000000
    1    2
  0.06760089 -0.05796341   -0.13036047 -0.04097108   -0.04018445  0.03612759
 -0.13036047 -0.04097108    0.06760089 -0.05796341   -0.04018445  0.03612759
 -0.04018445  0.03612759   -0.04018445  0.03612759    0.08677367 -0.05649287
    2    1
  0.06760089  0.05796341   -0.13036047  0.04097108   -0.04018445 -0.03612759
 -0.13036047  0.04097108    0.06760089  0.05796341   -0.04018445 -0.03612759
 -0.04018445 -0.03612759   -0.04018445 -0.03612759    0.08677367  0.05649287
    2    2
  0.24370583  0.00000000    0.00141714  0.00000000    0.00470654 -0.00740605
  0.00141714  0.00000000    0.24370583  0.00000000    0.00470654 -0.00740605
  0.00470654  0.00740605    0.00470654  0.00740605    0.29949766  0.00000000

     Dynamical  Matrix in cartesian axes

     q = (    0.250000000  -0.750000000  -0.750000000 ) 

    1    1
  0.29949766  0.00000000   -0.00470654  0.00740605   -0.00470654  0.00740605
 -0.00470654 -0.00740605    0.24370583  0.00000000    0.00141714  0.00000000
 -0.00470654 -0.00740605    0.00141714  0.00000000    0.24370583  0.00000000
    1    2
 -0.05649287 -0.08677367   -0.03612759 -0.04018445   -0.03612759 -0.04018445
 -0.03612759 -0.04018445   -0.05796341 -0.06760089   -0.04097108  0.13036047
 -0.03612759 -0.04018445   -0.04097108  0.13036047   -0.05796341 -0.06760089
    2    1
 -0.05649287  0.08677367   -0.03612759  0.04018445   -0.03612759  0.04018445
 -0.03612759  0.04018445   -0.05796341  0.06760089   -0.04097108 -0.13036047
 -0.03612759  0.04018445   -0.04097108 -0.13036047   -0.05796341  0.06760089
    2    2
  0.29949766  0.00000000   -0.00470654 -0.00740605   -0.00470654 -0.00740605
 -0.00470654  0.00740605    0.24370583  0.00000000    0.00141714  0.00000000
 -0.00470654  0.00740605    0.00141714  0.00000000    0.24370583  0.00000000

     Dynamical  Matrix in cartesian axes

     q = (    0.750000000  -0.750000000  -0.250000000 ) 

    1    1
  0.24370583  0.00000000   -0.00141714  0.00000000   -0.00470654 -0.00740605
 -0.00141714  0.00000000    0.24370583  0.00000000    0.00470654  0.00740605
 -0.00470654  0.00740605    0.00470654 -0.00740605    0.29949766  0.00000000
    1    2
 -0.06760089  0.05796341   -0.13036047 -0.04097108   -0.04018445  0.03612759
 -0.13036047 -0.04097108   -0.06760089  0.05796341    0.04018445 -0.03612759
 -0.04018445  0.03612759    0.04018445 -0.03612759   -0.08677367  0.05649287
    2    1
 -0.06760089 -0.05796341   -0.13036047  0.04097108   -0.04018445 -0.03612759
 -0.13036047  0.04097108   -0.06760089 -0.05796341    0.04018445  0.03612759
 -0.04018445 -0.03612759    0.04018445  0.03612759   -0.08677367 -0.05649287
    2    2
  0.24370583  0.00000000   -0.00141714  0.00000000   -0.00470654  0.00740605
 -0.00141714  0.00000000    0.24370583  0.00000000    0.00470654 -0.00740605
 -0.00470654 -0.00740605    0.00470654  0.00740605    0.29949766  0.00000000

     Diagonalizing the dynamical matrix

     q = (    0.750000000  -0.250000000   0.750000000 ) 

 **************************************************************************
     freq (    1) =       4.293438 [THz] =     143.213673 [cm-1]
 ( -0.042761  0.498168  0.000000  0.000000  0.042761 -0.498168 ) 
 ( -0.500000  0.000000 -0.000000  0.000000  0.500000  0.000000 ) 
     freq (    2) =       6.132813 [THz] =     204.568613 [cm-1]
 ( -0.400222 -0.146164 -0.332552  0.162253 -0.400222 -0.146164 ) 
 ( -0.426077  0.000000 -0.256712 -0.266488 -0.426077  0.000000 ) 
     freq (    3) =       9.356685 [THz] =     312.105430 [cm-1]
 ( -0.081413  0.294697 -0.434716 -0.352240 -0.081413  0.294697 ) 
 (  0.305736  0.000000 -0.223763 -0.512816  0.305736  0.000000 ) 
     freq (    4) =      11.940387 [THz] =     398.288455 [cm-1]
 ( -0.161230 -0.323728  0.400513  0.279286 -0.161230 -0.323728 ) 
 (  0.361655  0.000000 -0.428549 -0.234001  0.361655  0.000000 ) 
     freq (    5) =      13.654428 [THz] =     455.462678 [cm-1]
 ( -0.042761  0.498168 -0.000000  0.000000  0.042761 -0.498168 ) 
 (  0.500000 -0.000000  0.000000  0.000000 -0.500000  0.000000 ) 
     freq (    6) =      13.885035 [THz] =     463.154919 [cm-1]
 (  0.284535  0.115017  0.500589 -0.247048  0.284535  0.115017 ) 
 ( -0.306903  0.000000 -0.371520 -0.416646 -0.306903  0.000000 ) 
 **************************************************************************
