Dynamical matrix file
                                                                           
  1    2  2 10.3430000  0.0000000  0.0000000  0.0000000  0.0000000  0.0000000
           1  'Si  '    25598.822984527003     
    1    1      0.0000000000      0.0000000000      0.0000000000
    2    1      0.2500000000      0.2500000000      0.2500000000

     Dynamical  Matrix in cartesian axes

     q = (   -0.250000000   0.250000000  -0.250000000 ) 

    1    1
  0.28119106  0.00000000   -0.01078692  0.00000000    0.01078692  0.00000000
 -0.01078692  0.00000000    0.28119106  0.00000000   -0.01078692  0.00000000
  0.01078692  0.00000000   -0.01078692  0.00000000    0.28119106  0.00000000
    1    2
 -0.20558240 -0.06070661   -0.03637281  0.03715102    0.03637281 -0.03715102
 -0.03637281  0.03715102   -0.20558240 -0.06070661   -0.03637281  0.03715102
  0.03637281 -0.03715102   -0.03637281  0.03715102   -0.20558240 -0.06070661
    2    1
 -0.20558240  0.06070661   -0.03637281 -0.03715102    0.03637281  0.03715102
 -0.03637281 -0.03715102   -0.20558240  0.06070661   -0.03637281 -0.03715102
  0.03637281  0.03715102   -0.03637281 -0.03715102   -0.20558240  0.06070661
    2    2
  0.28119106  0.00000000   -0.01078692  0.00000000    0.01078692  0.00000000
 -0.01078692  0.00000000    0.28119106  0.00000000   -0.01078692  0.00000000
  0.01078692  0.00000000   -0.01078692  0.00000000    0.28119106  0.00000000

     Dynamical  Matrix in cartesian axes

     q = (    0.250000000  -0.250000000  -0.250000000 ) 

    1    1
  0.28119106  0.00000000   -0.01078692  0.00000000   -0.01078692  0.00000000
 -0.01078692  0.00000000    0.28119106  0.00000000    0.01078692  0.00000000
 -0.01078692  0.00000000    0.01078692  0.00000000    0.28119106  0.00000000
    1    2
 -0.20558240 -0.06070661   -0.03637281  0.03715102   -0.03637281  0.03715102
 -0.03637281  0.03715102   -0.20558240 -0.06070661    0.03637281 -0.03715102
 -0.03637281  0.03715102    0.03637281 -0.03715102   -0.20558240 -0.06070661
    2    1
 -0.20558240  0.06070661   -0.03637281 -0.03715102   -0.03637281 -0.03715102
 -0.03637281 -0.03715102   -0.20558240  0.06070661    0.03637281  0.03715102
 -0.03637281 -0.03715102    0.03637281  0.03715102   -0.20558240  0.06070661
    2    2
  0.28119106  0.00000000   -0.01078692  0.00000000   -0.01078692  0.00000000
 -0.01078692  0.00000000    0.28119106  0.00000000    0.01078692  0.00000000
 -0.01078692  0.00000000    0.01078692  0.00000000    0.28119106  0.00000000

     Dynamical  Matrix in cartesian axes

     q = (    0.250000000  -0.250000000   0.250000000 ) 

    1    1
  0.28119106  0.00000000   -0.01078692  0.00000000    0.01078692  0.00000000
 -0.01078692  0.00000000    0.28119106  0.00000000   -0.01078692  0.00000000
  0.01078692  0.00000000   -0.01078692  0.00000000    0.28119106  0.00000000
    1    2
 -0.20558240  0.06070661   -0.03637281 -0.03715102    0.03637281  0.03715102
 -0.03637281 -0.03715102   -0.20558240  0.06070661   -0.03637281 -0.03715102
  0.03637281  0.03715102   -0.03637281 -0.03715102   -0.20558240  0.06070661
    2    1
 -0.20558240 -0.06070661   -0.03637281  0.03715102    0.03637281 -0.03715102
 -0.03637281  0.03715102   -0.20558240 -0.06070661   -0.03637281  0.03715102
  0.03637281 -0.03715102   -0.03637281  0.03715102   -0.20558240 -0.06070661
    2    2
  0.28119106  0.00000000   -0.01078692  0.00000000    0.01078692  0.00000000
 -0.01078692  0.00000000    0.28119106  0.00000000   -0.01078692  0.00000000
  0.01078692  0.00000000   -0.01078692  0.00000000    0.28119106  0.00000000

     Dynamical  Matrix in cartesian axes

     q = (    0.250000000   0.250000000   0.250000000 ) 

    1    1
  0.28119106  0.00000000    0.01078692  0.00000000    0.01078692  0.00000000
  0.01078692  0.00000000    0.28119106  0.00000000    0.01078692  0.00000000
  0.01078692  0.00000000    0.01078692  0.00000000    0.28119106  0.00000000
    1    2
 -0.06070661  0.20558240   -0.03715102 -0.03637281   -0.03715102 -0.03637281
 -0.03715102 -0.03637281   -0.06070661  0.20558240   -0.03715102 -0.03637281
 -0.03715102 -0.03637281   -0.03715102 -0.03637281   -0.06070661  0.20558240
    2    1
 -0.06070661 -0.20558240   -0.03715102  0.03637281   -0.03715102  0.03637281
 -0.03715102  0.03637281   -0.06070661 -0.20558240   -0.03715102  0.03637281
 -0.03715102  0.03637281   -0.03715102  0.03637281   -0.06070661 -0.20558240
    2    2
  0.28119106  0.00000000    0.01078692  0.00000000    0.01078692  0.00000000
  0.01078692  0.00000000    0.28119106  0.00000000    0.01078692  0.00000000
  0.01078692  0.00000000    0.01078692  0.00000000    0.28119106  0.00000000

     Dynamical  Matrix in cartesian axes

     q = (   -0.250000000  -0.250000000  -0.250000000 ) 

    1    1
  0.28119106  0.00000000    0.01078692  0.00000000    0.01078692  0.00000000
  0.01078692  0.00000000    0.28119106  0.00000000    0.01078692  0.00000000
  0.01078692  0.00000000    0.01078692  0.00000000    0.28119106  0.00000000
    1    2
 -0.06070661 -0.20558240   -0.03715102  0.03637281   -0.03715102  0.03637281
 -0.03715102  0.03637281   -0.06070661 -0.20558240   -0.03715102  0.03637281
 -0.03715102  0.03637281   -0.03715102  0.03637281   -0.06070661 -0.20558240
    2    1
 -0.06070661  0.20558240   -0.03715102 -0.03637281   -0.03715102 -0.03637281
 -0.03715102 -0.03637281   -0.06070661  0.20558240   -0.03715102 -0.03637281
 -0.03715102 -0.03637281   -0.03715102 -0.03637281   -0.06070661  0.20558240
    2    2
  0.28119106  0.00000000    0.01078692  0.00000000    0.01078692  0.00000000
  0.01078692  0.00000000    0.28119106  0.00000000    0.01078692  0.00000000
  0.01078692  0.00000000    0.01078692  0.00000000    0.28119106  0.00000000

     Dynamical  Matrix in cartesian axes

     q = (   -0.250000000  -0.250000000   0.250000000 ) 

    1    1
  0.28119106  0.00000000    0.01078692  0.00000000   -0.01078692  0.00000000
  0.01078692  0.00000000    0.28119106  0.00000000   -0.01078692  0.00000000
 -0.01078692  0.00000000   -0.01078692  0.00000000    0.28119106  0.00000000
    1    2
 -0.20558240 -0.06070661    0.03637281 -0.03715102   -0.03637281  0.03715102
  0.03637281 -0.03715102   -0.20558240 -0.06070661   -0.03637281  0.03715102
 -0.03637281  0.03715102   -0.03637281  0.03715102   -0.20558240 -0.06070661
    2    1
 -0.20558240  0.06070661    0.03637281  0.03715102   -0.03637281 -0.03715102
  0.03637281  0.03715102   -0.20558240  0.06070661   -0.03637281 -0.03715102
 -0.03637281 -0.03715102   -0.03637281 -0.03715102   -0.20558240  0.06070661
    2    2
  0.28119106  0.00000000    0.01078692  0.00000000   -0.01078692  0.00000000
  0.01078692  0.00000000    0.28119106  0.00000000   -0.01078692  0.00000000
 -0.01078692  0.00000000   -0.01078692  0.00000000    0.28119106  0.00000000

     Dynamical  Matrix in cartesian axes

     q = (   -0.250000000   0.250000000   0.250000000 ) 

    1    1
  0.28119106  0.00000000   -0.01078692  0.00000000   -0.01078692  0.00000000
 -0.01078692  0.00000000    0.28119106  0.00000000    0.01078692  0.00000000
 -0.01078692  0.00000000    0.01078692  0.00000000    0.28119106  0.00000000
    1    2
 -0.20558240  0.06070661   -0.03637281 -0.03715102   -0.03637281 -0.03715102
 -0.03637281 -0.03715102   -0.20558240  0.06070661    0.03637281  0.03715102
 -0.03637281 -0.03715102    0.03637281  0.03715102   -0.20558240  0.06070661
    2    1
 -0.20558240 -0.06070661   -0.03637281  0.03715102   -0.03637281  0.03715102
 -0.03637281  0.03715102   -0.20558240 -0.06070661    0.03637281 -0.03715102
 -0.03637281  0.03715102    0.03637281 -0.03715102   -0.20558240 -0.06070661
    2    2
  0.28119106  0.00000000   -0.01078692  0.00000000   -0.01078692  0.00000000
 -0.01078692  0.00000000    0.28119106  0.00000000    0.01078692  0.00000000
 -0.01078692  0.00000000    0.01078692  0.00000000    0.28119106  0.00000000

     Dynamical  Matrix in cartesian axes

     q = (    0.250000000   0.250000000  -0.250000000 ) 

    1    1
  0.28119106  0.00000000    0.01078692  0.00000000   -0.01078692  0.00000000
  0.01078692  0.00000000    0.28119106  0.00000000   -0.01078692  0.00000000
 -0.01078692  0.00000000   -0.01078692  0.00000000    0.28119106  0.00000000
    1    2
 -0.20558240  0.06070661    0.03637281  0.03715102   -0.03637281 -0.03715102
  0.03637281  0.03715102   -0.20558240  0.06070661   -0.03637281 -0.03715102
 -0.03637281 -0.03715102   -0.03637281 -0.03715102   -0.20558240  0.06070661
    2    1
 -0.20558240 -0.06070661    0.03637281 -0.03715102   -0.03637281  0.03715102
  0.03637281 -0.03715102   -0.20558240 -0.06070661   -0.03637281  0.03715102
 -0.03637281  0.03715102   -0.03637281  0.03715102   -0.20558240 -0.06070661
    2    2
  0.28119106  0.00000000    0.01078692  0.00000000   -0.01078692  0.00000000
  0.01078692  0.00000000    0.28119106  0.00000000   -0.01078692  0.00000000
 -0.01078692  0.00000000   -0.01078692  0.00000000    0.28119106  0.00000000

     Diagonalizing the dynamical matrix

     q = (   -0.250000000   0.250000000  -0.250000000 ) 

 **************************************************************************
     freq (    1) =       3.397709 [THz] =     113.335383 [cm-1]
 ( -0.462760  0.010950  0.062048  0.062042  0.524808  0.051093 ) 
 ( -0.459521  0.055738  0.067768  0.055738  0.527289 -0.000000 ) 
     freq (    2) =       3.397709 [THz] =     113.335383 [cm-1]
 (  0.332228 -0.093227  0.566279 -0.070441  0.234051  0.022786 ) 
 (  0.321631 -0.124980  0.556789 -0.124980  0.235158  0.000000 ) 
     freq (    3) =       6.923112 [THz] =     230.930174 [cm-1]
 (  0.286325  0.291006 -0.286325 -0.291006  0.286325  0.291006 ) 
 (  0.408248  0.000000 -0.408248  0.000000  0.408248  0.000000 ) 
     freq (    4) =      14.425173 [THz] =     481.171990 [cm-1]
 (  0.286325  0.291006 -0.286325 -0.291006  0.286325  0.291006 ) 
 ( -0.408248 -0.000000  0.408248  0.000000 -0.408248  0.000000 ) 
     freq (    5) =      14.734542 [THz] =     491.491420 [cm-1]
 (  0.287392  0.027843 -0.287242 -0.028100 -0.574633 -0.055944 ) 
 ( -0.288737  0.000135  0.288613  0.000135  0.577350  0.000000 ) 
     freq (    6) =      14.734542 [THz] =     491.491420 [cm-1]
 ( -0.251985  0.431819 -0.252156  0.431802 -0.000171 -0.000017 ) 
 (  0.208957 -0.454204  0.209129 -0.454204  0.000172  0.000000 ) 
 **************************************************************************
