Dynamical matrix file
                                                                           
  1    2  2 10.2600000  0.0000000  0.0000000  0.0000000  0.0000000  0.0000000
           1  'Si  '    25598.822984527003     
    1    1      0.0000000000      0.0000000000      0.0000000000
    2    1      0.2500000000      0.2500000000      0.2500000000

     Dynamical  Matrix in cartesian axes

     q = (    0.750000000  -0.250000000   0.750000000 ) 

    1    1
  0.24891934  0.00000000   -0.00518996  0.00778144    0.00233283  0.00000000
 -0.00518996 -0.00778144    0.30564894  0.00000000   -0.00518996 -0.00778144
  0.00233283  0.00000000   -0.00518996  0.00778144    0.24891934  0.00000000
    1    2
 -0.06484575  0.06192931   -0.03855520  0.04397467   -0.04593022 -0.14379268
 -0.03855520  0.04397467   -0.06321019  0.08134656   -0.03855520  0.04397467
 -0.04593022 -0.14379268   -0.03855520  0.04397467   -0.06484575  0.06192931
    2    1
 -0.06484575 -0.06192931   -0.03855520 -0.04397467   -0.04593022  0.14379268
 -0.03855520 -0.04397467   -0.06321019 -0.08134656   -0.03855520 -0.04397467
 -0.04593022  0.14379268   -0.03855520 -0.04397467   -0.06484575 -0.06192931
    2    2
  0.24891934  0.00000000   -0.00518996 -0.00778144    0.00233283  0.00000000
 -0.00518996  0.00778144    0.30564894  0.00000000   -0.00518996  0.00778144
  0.00233283  0.00000000   -0.00518996 -0.00778144    0.24891934  0.00000000

     Dynamical  Matrix in cartesian axes

     q = (    0.750000000  -0.250000000  -0.750000000 ) 

    1    1
  0.24891934  0.00000000   -0.00518996 -0.00778144   -0.00233283  0.00000000
 -0.00518996  0.00778144    0.30564894  0.00000000    0.00518996 -0.00778144
 -0.00233283  0.00000000    0.00518996  0.00778144    0.24891934  0.00000000
    1    2
 -0.06192931  0.06484575   -0.04397467  0.03855520   -0.14379268 -0.04593022
 -0.04397467  0.03855520   -0.08134656  0.06321019    0.04397467 -0.03855520
 -0.14379268 -0.04593022    0.04397467 -0.03855520   -0.06192931  0.06484575
    2    1
 -0.06192931 -0.06484575   -0.04397467 -0.03855520   -0.14379268  0.04593022
 -0.04397467 -0.03855520   -0.08134656 -0.06321019    0.04397467  0.03855520
 -0.14379268  0.04593022    0.04397467  0.03855520   -0.06192931 -0.06484575
    2    2
  0.24891934  0.00000000   -0.00518996  0.00778144   -0.00233283  0.00000000
 -0.00518996 -0.00778144    0.30564894  0.00000000    0.00518996  0.00778144
 -0.00233283  0.00000000    0.00518996 -0.00778144    0.24891934  0.00000000

     Dynamical  Matrix in cartesian axes

     q = (   -0.750000000  -0.250000000  -0.750000000 ) 

    1    1
  0.24891934  0.00000000    0.00518996 -0.00778144    0.00233283  0.00000000
  0.00518996  0.00778144    0.30564894  0.00000000    0.00518996  0.00778144
  0.00233283  0.00000000    0.00518996 -0.00778144    0.24891934  0.00000000
    1    2
  0.06192931  0.06484575   -0.04397467 -0.03855520   -0.14379268  0.04593022
 -0.04397467 -0.03855520    0.08134656  0.06321019   -0.04397467 -0.03855520
 -0.14379268  0.04593022   -0.04397467 -0.03855520    0.06192931  0.06484575
    2    1
  0.06192931 -0.06484575   -0.04397467  0.03855520   -0.14379268 -0.04593022
 -0.04397467  0.03855520    0.08134656 -0.06321019   -0.04397467  0.03855520
 -0.14379268 -0.04593022   -0.04397467  0.03855520    0.06192931 -0.06484575
    2    2
  0.24891934  0.00000000    0.00518996  0.00778144    0.00233283  0.00000000
  0.00518996 -0.00778144    0.30564894  0.00000000    0.00518996 -0.00778144
  0.00233283  0.00000000    0.00518996  0.00778144    0.24891934  0.00000000

     Dynamical  Matrix in cartesian axes

     q = (   -0.750000000  -0.250000000   0.750000000 ) 

    1    1
  0.24891934  0.00000000    0.00518996  0.00778144   -0.00233283  0.00000000
  0.00518996 -0.00778144    0.30564894  0.00000000   -0.00518996  0.00778144
 -0.00233283  0.00000000   -0.00518996 -0.00778144    0.24891934  0.00000000
    1    2
 -0.06192931  0.06484575    0.04397467 -0.03855520   -0.14379268 -0.04593022
  0.04397467 -0.03855520   -0.08134656  0.06321019   -0.04397467  0.03855520
 -0.14379268 -0.04593022   -0.04397467  0.03855520   -0.06192931  0.06484575
    2    1
 -0.06192931 -0.06484575    0.04397467  0.03855520   -0.14379268  0.04593022
  0.04397467  0.03855520   -0.08134656 -0.06321019   -0.04397467 -0.03855520
 -0.14379268  0.04593022   -0.04397467 -0.03855520   -0.06192931 -0.06484575
    2    2
  0.24891934  0.00000000    0.00518996 -0.00778144   -0.00233283  0.00000000
  0.00518996  0.00778144    0.30564894  0.00000000   -0.00518996 -0.00778144
 -0.00233283  0.00000000   -0.00518996  0.00778144    0.24891934  0.00000000

     Dynamical  Matrix in cartesian axes

     q = (   -0.750000000   0.250000000  -0.750000000 ) 

    1    1
  0.24891934  0.00000000   -0.00518996 -0.00778144    0.00233283  0.00000000
 -0.00518996  0.00778144    0.30564894  0.00000000   -0.00518996  0.00778144
  0.00233283  0.00000000   -0.00518996 -0.00778144    0.24891934  0.00000000
    1    2
 -0.06484575 -0.06192931   -0.03855520 -0.04397467   -0.04593022  0.14379268
 -0.03855520 -0.04397467   -0.06321019 -0.08134656   -0.03855520 -0.04397467
 -0.04593022  0.14379268   -0.03855520 -0.04397467   -0.06484575 -0.06192931
    2    1
 -0.06484575  0.06192931   -0.03855520  0.04397467   -0.04593022 -0.14379268
 -0.03855520  0.04397467   -0.06321019  0.08134656   -0.03855520  0.04397467
 -0.04593022 -0.14379268   -0.03855520  0.04397467   -0.06484575  0.06192931
    2    2
  0.24891934  0.00000000   -0.00518996  0.00778144    0.00233283  0.00000000
 -0.00518996 -0.00778144    0.30564894  0.00000000   -0.00518996 -0.00778144
  0.00233283  0.00000000   -0.00518996  0.00778144    0.24891934  0.00000000

     Dynamical  Matrix in cartesian axes

     q = (   -0.250000000   0.750000000  -0.750000000 ) 

    1    1
  0.30564894  0.00000000   -0.00518996  0.00778144    0.00518996 -0.00778144
 -0.00518996 -0.00778144    0.24891934  0.00000000   -0.00233283  0.00000000
  0.00518996  0.00778144   -0.00233283  0.00000000    0.24891934  0.00000000
    1    2
 -0.08134656  0.06321019   -0.04397467  0.03855520    0.04397467 -0.03855520
 -0.04397467  0.03855520   -0.06192931  0.06484575   -0.14379268 -0.04593022
  0.04397467 -0.03855520   -0.14379268 -0.04593022   -0.06192931  0.06484575
    2    1
 -0.08134656 -0.06321019   -0.04397467 -0.03855520    0.04397467  0.03855520
 -0.04397467 -0.03855520   -0.06192931 -0.06484575   -0.14379268  0.04593022
  0.04397467  0.03855520   -0.14379268  0.04593022   -0.06192931 -0.06484575
    2    2
  0.30564894  0.00000000   -0.00518996 -0.00778144    0.00518996  0.00778144
 -0.00518996  0.00778144    0.24891934  0.00000000   -0.00233283  0.00000000
  0.00518996 -0.00778144   -0.00233283  0.00000000    0.24891934  0.00000000

     Dynamical  Matrix in cartesian axes

     q = (   -0.750000000   0.750000000  -0.250000000 ) 

    1    1
  0.24891934  0.00000000   -0.00233283  0.00000000    0.00518996  0.00778144
 -0.00233283  0.00000000    0.24891934  0.00000000   -0.00518996 -0.00778144
  0.00518996 -0.00778144   -0.00518996  0.00778144    0.30564894  0.00000000
    1    2
 -0.06192931  0.06484575   -0.14379268 -0.04593022    0.04397467 -0.03855520
 -0.14379268 -0.04593022   -0.06192931  0.06484575   -0.04397467  0.03855520
  0.04397467 -0.03855520   -0.04397467  0.03855520   -0.08134656  0.06321019
    2    1
 -0.06192931 -0.06484575   -0.14379268  0.04593022    0.04397467  0.03855520
 -0.14379268  0.04593022   -0.06192931 -0.06484575   -0.04397467 -0.03855520
  0.04397467  0.03855520   -0.04397467 -0.03855520   -0.08134656 -0.06321019
    2    2
  0.24891934  0.00000000   -0.00233283  0.00000000    0.00518996 -0.00778144
 -0.00233283  0.00000000    0.24891934  0.00000000   -0.00518996  0.00778144
  0.00518996  0.00778144   -0.00518996 -0.00778144    0.30564894  0.00000000

     Dynamical  Matrix in cartesian axes

     q = (    0.750000000   0.250000000   0.750000000 ) 

    1    1
  0.24891934  0.00000000    0.00518996  0.00778144    0.00233283  0.00000000
  0.00518996 -0.00778144    0.30564894  0.00000000    0.00518996 -0.00778144
  0.00233283  0.00000000    0.00518996  0.00778144    0.24891934  0.00000000
    1    2
  0.06192931 -0.06484575   -0.04397467  0.03855520   -0.14379268 -0.04593022
 -0.04397467  0.03855520    0.08134656 -0.06321019   -0.04397467  0.03855520
 -0.14379268 -0.04593022   -0.04397467  0.03855520    0.06192931 -0.06484575
    2    1
  0.06192931  0.06484575   -0.04397467 -0.03855520   -0.14379268  0.04593022
 -0.04397467 -0.03855520    0.08134656  0.06321019   -0.04397467 -0.03855520
 -0.14379268  0.04593022   -0.04397467 -0.03855520    0.06192931  0.06484575
    2    2
  0.24891934  0.00000000    0.00518996 -0.00778144    0.00233283  0.00000000
  0.00518996  0.00778144    0.30564894  0.00000000    0.00518996  0.00778144
  0.00233283  0.00000000    0.00518996 -0.00778144    0.24891934  0.00000000

     Dynamical  Matrix in cartesian axes

     q = (   -0.750000000   0.250000000   0.750000000 ) 

    1    1
  0.24891934  0.00000000   -0.00518996  0.00778144   -0.00233283  0.00000000
 -0.00518996 -0.00778144    0.30564894  0.00000000    0.00518996  0.00778144
 -0.00233283  0.00000000    0.00518996 -0.00778144    0.24891934  0.00000000
    1    2
 -0.06192931 -0.06484575   -0.04397467 -0.03855520   -0.14379268  0.04593022
 -0.04397467 -0.03855520   -0.08134656 -0.06321019    0.04397467  0.03855520
 -0.14379268  0.04593022    0.04397467  0.03855520   -0.06192931 -0.06484575
    2    1
 -0.06192931  0.06484575   -0.04397467  0.03855520   -0.14379268 -0.04593022
 -0.04397467  0.03855520   -0.08134656  0.06321019    0.04397467 -0.03855520
 -0.14379268 -0.04593022    0.04397467 -0.03855520   -0.06192931  0.06484575
    2    2
  0.24891934  0.00000000   -0.00518996 -0.00778144   -0.00233283  0.00000000
 -0.00518996  0.00778144    0.30564894  0.00000000    0.00518996 -0.00778144
 -0.00233283  0.00000000    0.00518996  0.00778144    0.24891934  0.00000000

     Dynamical  Matrix in cartesian axes

     q = (    0.750000000   0.250000000  -0.750000000 ) 

    1    1
  0.24891934  0.00000000    0.00518996 -0.00778144   -0.00233283  0.00000000
  0.00518996  0.00778144    0.30564894  0.00000000   -0.00518996 -0.00778144
 -0.00233283  0.00000000   -0.00518996  0.00778144    0.24891934  0.00000000
    1    2
 -0.06192931 -0.06484575    0.04397467  0.03855520   -0.14379268  0.04593022
  0.04397467  0.03855520   -0.08134656 -0.06321019   -0.04397467 -0.03855520
 -0.14379268  0.04593022   -0.04397467 -0.03855520   -0.06192931 -0.06484575
    2    1
 -0.06192931  0.06484575    0.04397467 -0.03855520   -0.14379268 -0.04593022
  0.04397467 -0.03855520   -0.08134656  0.06321019   -0.04397467  0.03855520
 -0.14379268 -0.04593022   -0.04397467  0.03855520   -0.06192931  0.06484575
    2    2
  0.24891934  0.00000000    0.00518996  0.00778144   -0.00233283  0.00000000
  0.00518996 -0.00778144    0.30564894  0.00000000   -0.00518996  0.00778144
 -0.00233283  0.00000000   -0.00518996 -0.00778144    0.24891934  0.00000000

     Dynamical  Matrix in cartesian axes

     q = (   -0.750000000   0.750000000   0.250000000 ) 

    1    1
  0.24891934  0.00000000   -0.00233283  0.00000000   -0.00518996  0.00778144
 -0.00233283  0.00000000    0.24891934  0.00000000    0.00518996 -0.00778144
 -0.00518996 -0.00778144    0.00518996  0.00778144    0.30564894  0.00000000
    1    2
 -0.06192931 -0.06484575   -0.14379268  0.04593022   -0.04397467 -0.03855520
 -0.14379268  0.04593022   -0.06192931 -0.06484575    0.04397467  0.03855520
 -0.04397467 -0.03855520    0.04397467  0.03855520   -0.08134656 -0.06321019
    2    1
 -0.06192931  0.06484575   -0.14379268 -0.04593022   -0.04397467  0.03855520
 -0.14379268 -0.04593022   -0.06192931  0.06484575    0.04397467 -0.03855520
 -0.04397467  0.03855520    0.04397467 -0.03855520   -0.08134656  0.06321019
    2    2
  0.24891934  0.00000000   -0.00233283  0.00000000   -0.00518996 -0.00778144
 -0.00233283  0.00000000    0.24891934  0.00000000    0.00518996  0.00778144
 -0.00518996  0.00778144    0.00518996 -0.00778144    0.30564894  0.00000000

     Dynamical  Matrix in cartesian axes

     q = (   -0.250000000   0.750000000   0.750000000 ) 

    1    1
  0.30564894  0.00000000   -0.00518996 -0.00778144   -0.00518996 -0.00778144
 -0.00518996  0.00778144    0.24891934  0.00000000    0.00233283  0.00000000
 -0.00518996  0.00778144    0.00233283  0.00000000    0.24891934  0.00000000
    1    2
 -0.06321019  0.08134656   -0.03855520  0.04397467   -0.03855520  0.04397467
 -0.03855520  0.04397467   -0.06484575  0.06192931   -0.04593022 -0.14379268
 -0.03855520  0.04397467   -0.04593022 -0.14379268   -0.06484575  0.06192931
    2    1
 -0.06321019 -0.08134656   -0.03855520 -0.04397467   -0.03855520 -0.04397467
 -0.03855520 -0.04397467   -0.06484575 -0.06192931   -0.04593022  0.14379268
 -0.03855520 -0.04397467   -0.04593022  0.14379268   -0.06484575 -0.06192931
    2    2
  0.30564894  0.00000000   -0.00518996  0.00778144   -0.00518996  0.00778144
 -0.00518996 -0.00778144    0.24891934  0.00000000    0.00233283  0.00000000
 -0.00518996 -0.00778144    0.00233283  0.00000000    0.24891934  0.00000000

     Dynamical  Matrix in cartesian axes

     q = (    0.250000000   0.750000000  -0.750000000 ) 

    1    1
  0.30564894  0.00000000    0.00518996  0.00778144   -0.00518996 -0.00778144
  0.00518996 -0.00778144    0.24891934  0.00000000   -0.00233283  0.00000000
 -0.00518996  0.00778144   -0.00233283  0.00000000    0.24891934  0.00000000
    1    2
 -0.08134656 -0.06321019    0.04397467  0.03855520   -0.04397467 -0.03855520
  0.04397467  0.03855520   -0.06192931 -0.06484575   -0.14379268  0.04593022
 -0.04397467 -0.03855520   -0.14379268  0.04593022   -0.06192931 -0.06484575
    2    1
 -0.08134656  0.06321019    0.04397467 -0.03855520   -0.04397467  0.03855520
  0.04397467 -0.03855520   -0.06192931  0.06484575   -0.14379268 -0.04593022
 -0.04397467  0.03855520   -0.14379268 -0.04593022   -0.06192931  0.06484575
    2    2
  0.30564894  0.00000000    0.00518996 -0.00778144   -0.00518996  0.00778144
  0.00518996  0.00778144    0.24891934  0.00000000   -0.00233283  0.00000000
 -0.00518996 -0.00778144   -0.00233283  0.00000000    0.24891934  0.00000000

     Dynamical  Matrix in cartesian axes

     q = (   -0.250000000  -0.750000000  -0.750000000 ) 

    1    1
  0.30564894  0.00000000    0.00518996  0.00778144    0.00518996  0.00778144
  0.00518996 -0.00778144    0.24891934  0.00000000    0.00233283  0.00000000
  0.00518996 -0.00778144    0.00233283  0.00000000    0.24891934  0.00000000
    1    2
  0.08134656  0.06321019   -0.04397467 -0.03855520   -0.04397467 -0.03855520
 -0.04397467 -0.03855520    0.06192931  0.06484575   -0.14379268  0.04593022
 -0.04397467 -0.03855520   -0.14379268  0.04593022    0.06192931  0.06484575
    2    1
  0.08134656 -0.06321019   -0.04397467  0.03855520   -0.04397467  0.03855520
 -0.04397467  0.03855520    0.06192931 -0.06484575   -0.14379268 -0.04593022
 -0.04397467  0.03855520   -0.14379268 -0.04593022    0.06192931 -0.06484575
    2    2
  0.30564894  0.00000000    0.00518996 -0.00778144    0.00518996 -0.00778144
  0.00518996  0.00778144    0.24891934  0.00000000    0.00233283  0.00000000
  0.00518996  0.00778144    0.00233283  0.00000000    0.24891934  0.00000000

     Dynamical  Matrix in cartesian axes

     q = (    0.750000000   0.750000000  -0.250000000 ) 

    1    1
  0.24891934  0.00000000    0.00233283  0.00000000   -0.00518996  0.00778144
  0.00233283  0.00000000    0.24891934  0.00000000   -0.00518996  0.00778144
 -0.00518996 -0.00778144   -0.00518996 -0.00778144    0.30564894  0.00000000
    1    2
 -0.06484575  0.06192931   -0.04593022 -0.14379268   -0.03855520  0.04397467
 -0.04593022 -0.14379268   -0.06484575  0.06192931   -0.03855520  0.04397467
 -0.03855520  0.04397467   -0.03855520  0.04397467   -0.06321019  0.08134656
    2    1
 -0.06484575 -0.06192931   -0.04593022  0.14379268   -0.03855520 -0.04397467
 -0.04593022  0.14379268   -0.06484575 -0.06192931   -0.03855520 -0.04397467
 -0.03855520 -0.04397467   -0.03855520 -0.04397467   -0.06321019 -0.08134656
    2    2
  0.24891934  0.00000000    0.00233283  0.00000000   -0.00518996 -0.00778144
  0.00233283  0.00000000    0.24891934  0.00000000   -0.00518996 -0.00778144
 -0.00518996  0.00778144   -0.00518996  0.00778144    0.30564894  0.00000000

     Dynamical  Matrix in cartesian axes

     q = (    0.750000000  -0.750000000   0.250000000 ) 

    1    1
  0.24891934  0.00000000   -0.00233283  0.00000000    0.00518996 -0.00778144
 -0.00233283  0.00000000    0.24891934  0.00000000   -0.00518996  0.00778144
  0.00518996  0.00778144   -0.00518996 -0.00778144    0.30564894  0.00000000
    1    2
 -0.06192931 -0.06484575   -0.14379268  0.04593022    0.04397467  0.03855520
 -0.14379268  0.04593022   -0.06192931 -0.06484575   -0.04397467 -0.03855520
  0.04397467  0.03855520   -0.04397467 -0.03855520   -0.08134656 -0.06321019
    2    1
 -0.06192931  0.06484575   -0.14379268 -0.04593022    0.04397467 -0.03855520
 -0.14379268 -0.04593022   -0.06192931  0.06484575   -0.04397467  0.03855520
  0.04397467 -0.03855520   -0.04397467  0.03855520   -0.08134656  0.06321019
    2    2
  0.24891934  0.00000000   -0.00233283  0.00000000    0.00518996  0.00778144
 -0.00233283  0.00000000    0.24891934  0.00000000   -0.00518996 -0.00778144
  0.00518996 -0.00778144   -0.00518996  0.00778144    0.30564894  0.00000000

     Dynamical  Matrix in cartesian axes

     q = (   -0.750000000  -0.750000000  -0.250000000 ) 

    1    1
  0.24891934  0.00000000    0.00233283  0.00000000    0.00518996 -0.00778144
  0.00233283  0.00000000    0.24891934  0.00000000    0.00518996 -0.00778144
  0.00518996  0.00778144    0.00518996  0.00778144    0.30564894  0.00000000
    1    2
  0.06192931  0.06484575   -0.14379268  0.04593022   -0.04397467 -0.03855520
 -0.14379268  0.04593022    0.06192931  0.06484575   -0.04397467 -0.03855520
 -0.04397467 -0.03855520   -0.04397467 -0.03855520    0.08134656  0.06321019
    2    1
  0.06192931 -0.06484575   -0.14379268 -0.04593022   -0.04397467  0.03855520
 -0.14379268 -0.04593022    0.06192931 -0.06484575   -0.04397467  0.03855520
 -0.04397467  0.03855520   -0.04397467  0.03855520    0.08134656 -0.06321019
    2    2
  0.24891934  0.00000000    0.00233283  0.00000000    0.00518996  0.00778144
  0.00233283  0.00000000    0.24891934  0.00000000    0.00518996  0.00778144
  0.00518996 -0.00778144    0.00518996 -0.00778144    0.30564894  0.00000000

     Dynamical  Matrix in cartesian axes

     q = (    0.250000000  -0.750000000   0.750000000 ) 

    1    1
  0.30564894  0.00000000   -0.00518996 -0.00778144    0.00518996  0.00778144
 -0.00518996  0.00778144    0.24891934  0.00000000   -0.00233283  0.00000000
  0.00518996 -0.00778144   -0.00233283  0.00000000    0.24891934  0.00000000
    1    2
 -0.08134656 -0.06321019   -0.04397467 -0.03855520    0.04397467  0.03855520
 -0.04397467 -0.03855520   -0.06192931 -0.06484575   -0.14379268  0.04593022
  0.04397467  0.03855520   -0.14379268  0.04593022   -0.06192931 -0.06484575
    2    1
 -0.08134656  0.06321019   -0.04397467  0.03855520    0.04397467 -0.03855520
 -0.04397467  0.03855520   -0.06192931  0.06484575   -0.14379268 -0.04593022
  0.04397467 -0.03855520   -0.14379268 -0.04593022   -0.06192931  0.06484575
    2    2
  0.30564894  0.00000000   -0.00518996  0.00778144    0.00518996 -0.00778144
 -0.00518996 -0.00778144    0.24891934  0.00000000   -0.00233283  0.00000000
  0.00518996  0.00778144   -0.00233283  0.00000000    0.24891934  0.00000000

     Dynamical  Matrix in cartesian axes

     q = (   -0.750000000  -0.750000000   0.250000000 ) 

    1    1
  0.24891934  0.00000000    0.00233283  0.00000000   -0.00518996 -0.00778144
  0.00233283  0.00000000    0.24891934  0.00000000   -0.00518996 -0.00778144
 -0.00518996  0.00778144   -0.00518996  0.00778144    0.30564894  0.00000000
    1    2
 -0.06484575 -0.06192931   -0.04593022  0.14379268   -0.03855520 -0.04397467
 -0.04593022  0.14379268   -0.06484575 -0.06192931   -0.03855520 -0.04397467
 -0.03855520 -0.04397467   -0.03855520 -0.04397467   -0.06321019 -0.08134656
    2    1
 -0.06484575  0.06192931   -0.04593022 -0.14379268   -0.03855520  0.04397467
 -0.04593022 -0.14379268   -0.06484575  0.06192931   -0.03855520  0.04397467
 -0.03855520  0.04397467   -0.03855520  0.04397467   -0.06321019  0.08134656
    2    2
  0.24891934  0.00000000    0.00233283  0.00000000   -0.00518996  0.00778144
  0.00233283  0.00000000    0.24891934  0.00000000   -0.00518996  0.00778144
 -0.00518996 -0.00778144   -0.00518996 -0.00778144    0.30564894  0.00000000

     Dynamical  Matrix in cartesian axes

     q = (    0.250000000   0.750000000   0.750000000 ) 

    1    1
  0.30564894  0.00000000    0.00518996 -0.00778144    0.00518996 -0.00778144
  0.00518996  0.00778144    0.24891934  0.00000000    0.00233283  0.00000000
  0.00518996  0.00778144    0.00233283  0.00000000    0.24891934  0.00000000
    1    2
  0.08134656 -0.06321019   -0.04397467  0.03855520   -0.04397467  0.03855520
 -0.04397467  0.03855520    0.06192931 -0.06484575   -0.14379268 -0.04593022
 -0.04397467  0.03855520   -0.14379268 -0.04593022    0.06192931 -0.06484575
    2    1
  0.08134656  0.06321019   -0.04397467 -0.03855520   -0.04397467 -0.03855520
 -0.04397467 -0.03855520    0.06192931  0.06484575   -0.14379268  0.04593022
 -0.04397467 -0.03855520   -0.14379268  0.04593022    0.06192931  0.06484575
    2    2
  0.30564894  0.00000000    0.00518996  0.00778144    0.00518996  0.00778144
  0.00518996 -0.00778144    0.24891934  0.00000000    0.00233283  0.00000000
  0.00518996 -0.00778144    0.00233283  0.00000000    0.24891934  0.00000000

     Dynamical  Matrix in cartesian axes

     q = (   -0.250000000  -0.750000000   0.750000000 ) 

    1    1
  0.30564894  0.00000000    0.00518996 -0.00778144   -0.00518996  0.00778144
  0.00518996  0.00778144    0.24891934  0.00000000   -0.00233283  0.00000000
 -0.00518996 -0.00778144   -0.00233283  0.00000000    0.24891934  0.00000000
    1    2
 -0.08134656  0.06321019    0.04397467 -0.03855520   -0.04397467  0.03855520
  0.04397467 -0.03855520   -0.06192931  0.06484575   -0.14379268 -0.04593022
 -0.04397467  0.03855520   -0.14379268 -0.04593022   -0.06192931  0.06484575
    2    1
 -0.08134656 -0.06321019    0.04397467  0.03855520   -0.04397467 -0.03855520
  0.04397467  0.03855520   -0.06192931 -0.06484575   -0.14379268  0.04593022
 -0.04397467 -0.03855520   -0.14379268  0.04593022   -0.06192931 -0.06484575
    2    2
  0.30564894  0.00000000    0.00518996  0.00778144   -0.00518996 -0.00778144
  0.00518996 -0.00778144    0.24891934  0.00000000   -0.00233283  0.00000000
 -0.00518996  0.00778144   -0.00233283  0.00000000    0.24891934  0.00000000

     Dynamical  Matrix in cartesian axes

     q = (    0.750000000   0.750000000   0.250000000 ) 

    1    1
  0.24891934  0.00000000    0.00233283  0.00000000    0.00518996  0.00778144
  0.00233283  0.00000000    0.24891934  0.00000000    0.00518996  0.00778144
  0.00518996 -0.00778144    0.00518996 -0.00778144    0.30564894  0.00000000
    1    2
  0.06192931 -0.06484575   -0.14379268 -0.04593022   -0.04397467  0.03855520
 -0.14379268 -0.04593022    0.06192931 -0.06484575   -0.04397467  0.03855520
 -0.04397467  0.03855520   -0.04397467  0.03855520    0.08134656 -0.06321019
    2    1
  0.06192931  0.06484575   -0.14379268  0.04593022   -0.04397467 -0.03855520
 -0.14379268  0.04593022    0.06192931  0.06484575   -0.04397467 -0.03855520
 -0.04397467 -0.03855520   -0.04397467 -0.03855520    0.08134656  0.06321019
    2    2
  0.24891934  0.00000000    0.00233283  0.00000000    0.00518996 -0.00778144
  0.00233283  0.00000000    0.24891934  0.00000000    0.00518996 -0.00778144
  0.00518996  0.00778144    0.00518996  0.00778144    0.30564894  0.00000000

     Dynamical  Matrix in cartesian axes

     q = (    0.250000000  -0.750000000  -0.750000000 ) 

    1    1
  0.30564894  0.00000000   -0.00518996  0.00778144   -0.00518996  0.00778144
 -0.00518996 -0.00778144    0.24891934  0.00000000    0.00233283  0.00000000
 -0.00518996 -0.00778144    0.00233283  0.00000000    0.24891934  0.00000000
    1    2
 -0.06321019 -0.08134656   -0.03855520 -0.04397467   -0.03855520 -0.04397467
 -0.03855520 -0.04397467   -0.06484575 -0.06192931   -0.04593022  0.14379268
 -0.03855520 -0.04397467   -0.04593022  0.14379268   -0.06484575 -0.06192931
    2    1
 -0.06321019  0.08134656   -0.03855520  0.04397467   -0.03855520  0.04397467
 -0.03855520  0.04397467   -0.06484575  0.06192931   -0.04593022 -0.14379268
 -0.03855520  0.04397467   -0.04593022 -0.14379268   -0.06484575  0.06192931
    2    2
  0.30564894  0.00000000   -0.00518996 -0.00778144   -0.00518996 -0.00778144
 -0.00518996  0.00778144    0.24891934  0.00000000    0.00233283  0.00000000
 -0.00518996  0.00778144    0.00233283  0.00000000    0.24891934  0.00000000

     Dynamical  Matrix in cartesian axes

     q = (    0.750000000  -0.750000000  -0.250000000 ) 

    1    1
  0.24891934  0.00000000   -0.00233283  0.00000000   -0.00518996 -0.00778144
 -0.00233283  0.00000000    0.24891934  0.00000000    0.00518996  0.00778144
 -0.00518996  0.00778144    0.00518996 -0.00778144    0.30564894  0.00000000
    1    2
 -0.06192931  0.06484575   -0.14379268 -0.04593022   -0.04397467  0.03855520
 -0.14379268 -0.04593022   -0.06192931  0.06484575    0.04397467 -0.03855520
 -0.04397467  0.03855520    0.04397467 -0.03855520   -0.08134656  0.06321019
    2    1
 -0.06192931 -0.06484575   -0.14379268  0.04593022   -0.04397467 -0.03855520
 -0.14379268  0.04593022   -0.06192931 -0.06484575    0.04397467  0.03855520
 -0.04397467 -0.03855520    0.04397467  0.03855520   -0.08134656 -0.06321019
    2    2
  0.24891934  0.00000000   -0.00233283  0.00000000   -0.00518996  0.00778144
 -0.00233283  0.00000000    0.24891934  0.00000000    0.00518996 -0.00778144
 -0.00518996 -0.00778144    0.00518996  0.00778144    0.30564894  0.00000000

     Diagonalizing the dynamical matrix

     q = (    0.750000000  -0.250000000   0.750000000 ) 

 **************************************************************************
     freq (    1) =       4.112229 [THz] =     137.169196 [cm-1]
 (  0.045780 -0.497900 -0.000000  0.000000 -0.045780  0.497900 ) 
 (  0.500000  0.000000 -0.000000 -0.000000 -0.500000  0.000000 ) 
     freq (    2) =       5.719505 [THz] =     190.782147 [cm-1]
 ( -0.396006 -0.192888 -0.304575  0.138495 -0.396006 -0.192888 ) 
 ( -0.440485 -0.000000 -0.213173 -0.257884 -0.440485  0.000000 ) 
     freq (    3) =       9.304482 [THz] =     310.364117 [cm-1]
 (  0.125128 -0.253805  0.402623  0.421600  0.125128 -0.253805 ) 
 ( -0.282974  0.000000  0.200106  0.547548 -0.282974  0.000000 ) 
     freq (    4) =      12.310807 [THz] =     410.644325 [cm-1]
 (  0.108903  0.314069 -0.420382 -0.319814  0.108903  0.314069 ) 
 ( -0.332414  0.000000  0.439886  0.292407 -0.332414  0.000000 ) 
     freq (    5) =      13.841993 [THz] =     461.719181 [cm-1]
 (  0.045780 -0.497900 -0.000000  0.000000 -0.045780  0.497900 ) 
 ( -0.500000 -0.000000  0.000000  0.000000  0.500000  0.000000 ) 
     freq (    6) =      14.144545 [THz] =     471.811249 [cm-1]
 ( -0.302691 -0.154203 -0.470906  0.217824 -0.302691 -0.154203 ) 
 (  0.339706  0.000000  0.320718  0.407848  0.339706 -0.000000 ) 
 **************************************************************************
