Dynamical matrix file
                                                                           
  1    2  2 10.2600000  0.0000000  0.0000000  0.0000000  0.0000000  0.0000000
           1  'Si  '    25598.822984527003     
    1    1      0.0000000000      0.0000000000      0.0000000000
    2    1      0.2500000000      0.2500000000      0.2500000000

     Dynamical  Matrix in cartesian axes

     q = (   -0.250000000   0.250000000  -0.250000000 ) 

    1    1
  0.28519561  0.00000000   -0.01131691  0.00000000    0.01131691  0.00000000
 -0.01131691  0.00000000    0.28519561  0.00000000   -0.01131691  0.00000000
  0.01131691  0.00000000   -0.01131691  0.00000000    0.28519561  0.00000000
    1    2
 -0.20721956 -0.06041689   -0.04060375  0.04082514    0.04060375 -0.04082514
 -0.04060375  0.04082514   -0.20721956 -0.06041689   -0.04060375  0.04082514
  0.04060375 -0.04082514   -0.04060375  0.04082514   -0.20721956 -0.06041689
    2    1
 -0.20721956  0.06041689   -0.04060375 -0.04082514    0.04060375  0.04082514
 -0.04060375 -0.04082514   -0.20721956  0.06041689   -0.04060375 -0.04082514
  0.04060375  0.04082514   -0.04060375 -0.04082514   -0.20721956  0.06041689
    2    2
  0.28519561  0.00000000   -0.01131691  0.00000000    0.01131691  0.00000000
 -0.01131691  0.00000000    0.28519561  0.00000000   -0.01131691  0.00000000
  0.01131691  0.00000000   -0.01131691  0.00000000    0.28519561  0.00000000

     Dynamical  Matrix in cartesian axes

     q = (    0.250000000  -0.250000000  -0.250000000 ) 

    1    1
  0.28519561  0.00000000   -0.01131691  0.00000000   -0.01131691  0.00000000
 -0.01131691  0.00000000    0.28519561  0.00000000    0.01131691  0.00000000
 -0.01131691  0.00000000    0.01131691  0.00000000    0.28519561  0.00000000
    1    2
 -0.20721956 -0.06041689   -0.04060375  0.04082514   -0.04060375  0.04082514
 -0.04060375  0.04082514   -0.20721956 -0.06041689    0.04060375 -0.04082514
 -0.04060375  0.04082514    0.04060375 -0.04082514   -0.20721956 -0.06041689
    2    1
 -0.20721956  0.06041689   -0.04060375 -0.04082514   -0.04060375 -0.04082514
 -0.04060375 -0.04082514   -0.20721956  0.06041689    0.04060375  0.04082514
 -0.04060375 -0.04082514    0.04060375  0.04082514   -0.20721956  0.06041689
    2    2
  0.28519561  0.00000000   -0.01131691  0.00000000   -0.01131691  0.00000000
 -0.01131691  0.00000000    0.28519561  0.00000000    0.01131691  0.00000000
 -0.01131691  0.00000000    0.01131691  0.00000000    0.28519561  0.00000000

     Dynamical  Matrix in cartesian axes

     q = (    0.250000000  -0.250000000   0.250000000 ) 

    1    1
  0.28519561  0.00000000   -0.01131691  0.00000000    0.01131691  0.00000000
 -0.01131691  0.00000000    0.28519561  0.00000000   -0.01131691  0.00000000
  0.01131691  0.00000000   -0.01131691  0.00000000    0.28519561  0.00000000
    1    2
 -0.20721956  0.06041689   -0.04060375 -0.04082514    0.04060375  0.04082514
 -0.04060375 -0.04082514   -0.20721956  0.06041689   -0.04060375 -0.04082514
  0.04060375  0.04082514   -0.04060375 -0.04082514   -0.20721956  0.06041689
    2    1
 -0.20721956 -0.06041689   -0.04060375  0.04082514    0.04060375 -0.04082514
 -0.04060375  0.04082514   -0.20721956 -0.06041689   -0.04060375  0.04082514
  0.04060375 -0.04082514   -0.04060375  0.04082514   -0.20721956 -0.06041689
    2    2
  0.28519561  0.00000000   -0.01131691  0.00000000    0.01131691  0.00000000
 -0.01131691  0.00000000    0.28519561  0.00000000   -0.01131691  0.00000000
  0.01131691  0.00000000   -0.01131691  0.00000000    0.28519561  0.00000000

     Dynamical  Matrix in cartesian axes

     q = (    0.250000000   0.250000000   0.250000000 ) 

    1    1
  0.28519561  0.00000000    0.01131691  0.00000000    0.01131691  0.00000000
  0.01131691  0.00000000    0.28519561  0.00000000    0.01131691  0.00000000
  0.01131691  0.00000000    0.01131691  0.00000000    0.28519561  0.00000000
    1    2
 -0.06041689  0.20721956   -0.04082514 -0.04060375   -0.04082514 -0.04060375
 -0.04082514 -0.04060375   -0.06041689  0.20721956   -0.04082514 -0.04060375
 -0.04082514 -0.04060375   -0.04082514 -0.04060375   -0.06041689  0.20721956
    2    1
 -0.06041689 -0.20721956   -0.04082514  0.04060375   -0.04082514  0.04060375
 -0.04082514  0.04060375   -0.06041689 -0.20721956   -0.04082514  0.04060375
 -0.04082514  0.04060375   -0.04082514  0.04060375   -0.06041689 -0.20721956
    2    2
  0.28519561  0.00000000    0.01131691  0.00000000    0.01131691  0.00000000
  0.01131691  0.00000000    0.28519561  0.00000000    0.01131691  0.00000000
  0.01131691  0.00000000    0.01131691  0.00000000    0.28519561  0.00000000

     Dynamical  Matrix in cartesian axes

     q = (   -0.250000000  -0.250000000  -0.250000000 ) 

    1    1
  0.28519561  0.00000000    0.01131691  0.00000000    0.01131691  0.00000000
  0.01131691  0.00000000    0.28519561  0.00000000    0.01131691  0.00000000
  0.01131691  0.00000000    0.01131691  0.00000000    0.28519561  0.00000000
    1    2
 -0.06041689 -0.20721956   -0.04082514  0.04060375   -0.04082514  0.04060375
 -0.04082514  0.04060375   -0.06041689 -0.20721956   -0.04082514  0.04060375
 -0.04082514  0.04060375   -0.04082514  0.04060375   -0.06041689 -0.20721956
    2    1
 -0.06041689  0.20721956   -0.04082514 -0.04060375   -0.04082514 -0.04060375
 -0.04082514 -0.04060375   -0.06041689  0.20721956   -0.04082514 -0.04060375
 -0.04082514 -0.04060375   -0.04082514 -0.04060375   -0.06041689  0.20721956
    2    2
  0.28519561  0.00000000    0.01131691  0.00000000    0.01131691  0.00000000
  0.01131691  0.00000000    0.28519561  0.00000000    0.01131691  0.00000000
  0.01131691  0.00000000    0.01131691  0.00000000    0.28519561  0.00000000

     Dynamical  Matrix in cartesian axes

     q = (   -0.250000000  -0.250000000   0.250000000 ) 

    1    1
  0.28519561  0.00000000    0.01131691  0.00000000   -0.01131691  0.00000000
  0.01131691  0.00000000    0.28519561  0.00000000   -0.01131691  0.00000000
 -0.01131691  0.00000000   -0.01131691  0.00000000    0.28519561  0.00000000
    1    2
 -0.20721956 -0.06041689    0.04060375 -0.04082514   -0.04060375  0.04082514
  0.04060375 -0.04082514   -0.20721956 -0.06041689   -0.04060375  0.04082514
 -0.04060375  0.04082514   -0.04060375  0.04082514   -0.20721956 -0.06041689
    2    1
 -0.20721956  0.06041689    0.04060375  0.04082514   -0.04060375 -0.04082514
  0.04060375  0.04082514   -0.20721956  0.06041689   -0.04060375 -0.04082514
 -0.04060375 -0.04082514   -0.04060375 -0.04082514   -0.20721956  0.06041689
    2    2
  0.28519561  0.00000000    0.01131691  0.00000000   -0.01131691  0.00000000
  0.01131691  0.00000000    0.28519561  0.00000000   -0.01131691  0.00000000
 -0.01131691  0.00000000   -0.01131691  0.00000000    0.28519561  0.00000000

     Dynamical  Matrix in cartesian axes

     q = (   -0.250000000   0.250000000   0.250000000 ) 

    1    1
  0.28519561  0.00000000   -0.01131691  0.00000000   -0.01131691  0.00000000
 -0.01131691  0.00000000    0.28519561  0.00000000    0.01131691  0.00000000
 -0.01131691  0.00000000    0.01131691  0.00000000    0.28519561  0.00000000
    1    2
 -0.20721956  0.06041689   -0.04060375 -0.04082514   -0.04060375 -0.04082514
 -0.04060375 -0.04082514   -0.20721956  0.06041689    0.04060375  0.04082514
 -0.04060375 -0.04082514    0.04060375  0.04082514   -0.20721956  0.06041689
    2    1
 -0.20721956 -0.06041689   -0.04060375  0.04082514   -0.04060375  0.04082514
 -0.04060375  0.04082514   -0.20721956 -0.06041689    0.04060375 -0.04082514
 -0.04060375  0.04082514    0.04060375 -0.04082514   -0.20721956 -0.06041689
    2    2
  0.28519561  0.00000000   -0.01131691  0.00000000   -0.01131691  0.00000000
 -0.01131691  0.00000000    0.28519561  0.00000000    0.01131691  0.00000000
 -0.01131691  0.00000000    0.01131691  0.00000000    0.28519561  0.00000000

     Dynamical  Matrix in cartesian axes

     q = (    0.250000000   0.250000000  -0.250000000 ) 

    1    1
  0.28519561  0.00000000    0.01131691  0.00000000   -0.01131691  0.00000000
  0.01131691  0.00000000    0.28519561  0.00000000   -0.01131691  0.00000000
 -0.01131691  0.00000000   -0.01131691  0.00000000    0.28519561  0.00000000
    1    2
 -0.20721956  0.06041689    0.04060375  0.04082514   -0.04060375 -0.04082514
  0.04060375  0.04082514   -0.20721956  0.06041689   -0.04060375 -0.04082514
 -0.04060375 -0.04082514   -0.04060375 -0.04082514   -0.20721956  0.06041689
    2    1
 -0.20721956 -0.06041689    0.04060375 -0.04082514   -0.04060375  0.04082514
  0.04060375 -0.04082514   -0.20721956 -0.06041689   -0.04060375  0.04082514
 -0.04060375  0.04082514   -0.04060375  0.04082514   -0.20721956 -0.06041689
    2    2
  0.28519561  0.00000000    0.01131691  0.00000000   -0.01131691  0.00000000
  0.01131691  0.00000000    0.28519561  0.00000000   -0.01131691  0.00000000
 -0.01131691  0.00000000   -0.01131691  0.00000000    0.28519561  0.00000000

     Diagonalizing the dynamical matrix

     q = (   -0.250000000   0.250000000  -0.250000000 ) 

 **************************************************************************
     freq (    1) =       3.269432 [THz] =     109.056517 [cm-1]
 (  0.126782 -0.003654 -0.422293 -0.047061 -0.549075 -0.043407 ) 
 (  0.126100 -0.013634 -0.424688 -0.013634 -0.550788  0.000000 ) 
     freq (    2) =       3.269432 [THz] =     109.056517 [cm-1]
 (  0.556408  0.087504  0.383839  0.073861 -0.172569 -0.013642 ) 
 (  0.561573  0.043382  0.388466  0.043382 -0.173107  0.000000 ) 
     freq (    3) =       7.061153 [THz] =     235.534700 [cm-1]
 ( -0.270901 -0.305416  0.270901  0.305416 -0.270901 -0.305416 ) 
 ( -0.408248  0.000000  0.408248 -0.000000 -0.408248  0.000000 ) 
     freq (    4) =      14.506473 [THz] =     483.883840 [cm-1]
 ( -0.270901 -0.305416  0.270901  0.305416 -0.270901 -0.305416 ) 
 (  0.408248  0.000000 -0.408248  0.000000  0.408248  0.000000 ) 
     freq (    5) =      14.862706 [THz] =     495.766508 [cm-1]
 ( -0.287455 -0.022790  0.288099  0.022710  0.575554  0.045501 ) 
 (  0.288357  0.000065 -0.288993  0.000065 -0.577350  0.000000 ) 
     freq (    6) =      14.862706 [THz] =     495.766508 [cm-1]
 ( -0.496360  0.061729 -0.495986  0.061759  0.000373  0.000030 ) 
 (  0.489951 -0.100655  0.489576 -0.100655 -0.000374  0.000000 ) 
 **************************************************************************
