Dynamical matrix file
                                                                           
  1    2  2 10.2820000  0.0000000  0.0000000  0.0000000  0.0000000  0.0000000
           1  'Si  '    25598.822984527003     
    1    1      0.0000000000      0.0000000000      0.0000000000
    2    1      0.2500000000      0.2500000000      0.2500000000

     Dynamical  Matrix in cartesian axes

     q = (    0.750000000  -0.250000000   0.750000000 ) 

    1    1
  0.25454239  0.00000000   -0.00652923  0.00782700    0.00615882  0.00000000
 -0.00652923 -0.00782700    0.30653358  0.00000000   -0.00652923 -0.00782700
  0.00615882  0.00000000   -0.00652923  0.00782700    0.25454239  0.00000000
    1    2
 -0.06233810  0.06351161   -0.04336311  0.04587383   -0.04376586 -0.14314219
 -0.04336311  0.04587383   -0.06063260  0.08198937   -0.04336311  0.04587383
 -0.04376586 -0.14314219   -0.04336311  0.04587383   -0.06233810  0.06351161
    2    1
 -0.06233810 -0.06351161   -0.04336311 -0.04587383   -0.04376586  0.14314219
 -0.04336311 -0.04587383   -0.06063260 -0.08198937   -0.04336311 -0.04587383
 -0.04376586  0.14314219   -0.04336311 -0.04587383   -0.06233810 -0.06351161
    2    2
  0.25454239  0.00000000   -0.00652923 -0.00782700    0.00615882  0.00000000
 -0.00652923  0.00782700    0.30653358  0.00000000   -0.00652923  0.00782700
  0.00615882  0.00000000   -0.00652923 -0.00782700    0.25454239  0.00000000

     Dynamical  Matrix in cartesian axes

     q = (    0.750000000  -0.250000000  -0.750000000 ) 

    1    1
  0.25454239  0.00000000   -0.00652923 -0.00782700   -0.00615882  0.00000000
 -0.00652923  0.00782700    0.30653358  0.00000000    0.00652923 -0.00782700
 -0.00615882  0.00000000    0.00652923  0.00782700    0.25454239  0.00000000
    1    2
 -0.06351161  0.06233810   -0.04587383  0.04336311   -0.14314219 -0.04376586
 -0.04587383  0.04336311   -0.08198937  0.06063260    0.04587383 -0.04336311
 -0.14314219 -0.04376586    0.04587383 -0.04336311   -0.06351161  0.06233810
    2    1
 -0.06351161 -0.06233810   -0.04587383 -0.04336311   -0.14314219  0.04376586
 -0.04587383 -0.04336311   -0.08198937 -0.06063260    0.04587383  0.04336311
 -0.14314219  0.04376586    0.04587383  0.04336311   -0.06351161 -0.06233810
    2    2
  0.25454239  0.00000000   -0.00652923  0.00782700   -0.00615882  0.00000000
 -0.00652923 -0.00782700    0.30653358  0.00000000    0.00652923  0.00782700
 -0.00615882  0.00000000    0.00652923 -0.00782700    0.25454239  0.00000000

     Dynamical  Matrix in cartesian axes

     q = (   -0.750000000  -0.250000000  -0.750000000 ) 

    1    1
  0.25454239  0.00000000    0.00652923 -0.00782700    0.00615882  0.00000000
  0.00652923  0.00782700    0.30653358  0.00000000    0.00652923  0.00782700
  0.00615882  0.00000000    0.00652923 -0.00782700    0.25454239  0.00000000
    1    2
  0.06351161  0.06233810   -0.04587383 -0.04336311   -0.14314219  0.04376586
 -0.04587383 -0.04336311    0.08198937  0.06063260   -0.04587383 -0.04336311
 -0.14314219  0.04376586   -0.04587383 -0.04336311    0.06351161  0.06233810
    2    1
  0.06351161 -0.06233810   -0.04587383  0.04336311   -0.14314219 -0.04376586
 -0.04587383  0.04336311    0.08198937 -0.06063260   -0.04587383  0.04336311
 -0.14314219 -0.04376586   -0.04587383  0.04336311    0.06351161 -0.06233810
    2    2
  0.25454239  0.00000000    0.00652923  0.00782700    0.00615882  0.00000000
  0.00652923 -0.00782700    0.30653358  0.00000000    0.00652923 -0.00782700
  0.00615882  0.00000000    0.00652923  0.00782700    0.25454239  0.00000000

     Dynamical  Matrix in cartesian axes

     q = (   -0.750000000  -0.250000000   0.750000000 ) 

    1    1
  0.25454239  0.00000000    0.00652923  0.00782700   -0.00615882  0.00000000
  0.00652923 -0.00782700    0.30653358  0.00000000   -0.00652923  0.00782700
 -0.00615882  0.00000000   -0.00652923 -0.00782700    0.25454239  0.00000000
    1    2
 -0.06351161  0.06233810    0.04587383 -0.04336311   -0.14314219 -0.04376586
  0.04587383 -0.04336311   -0.08198937  0.06063260   -0.04587383  0.04336311
 -0.14314219 -0.04376586   -0.04587383  0.04336311   -0.06351161  0.06233810
    2    1
 -0.06351161 -0.06233810    0.04587383  0.04336311   -0.14314219  0.04376586
  0.04587383  0.04336311   -0.08198937 -0.06063260   -0.04587383 -0.04336311
 -0.14314219  0.04376586   -0.04587383 -0.04336311   -0.06351161 -0.06233810
    2    2
  0.25454239  0.00000000    0.00652923 -0.00782700   -0.00615882  0.00000000
  0.00652923  0.00782700    0.30653358  0.00000000   -0.00652923 -0.00782700
 -0.00615882  0.00000000   -0.00652923  0.00782700    0.25454239  0.00000000

     Dynamical  Matrix in cartesian axes

     q = (   -0.750000000   0.250000000  -0.750000000 ) 

    1    1
  0.25454239  0.00000000   -0.00652923 -0.00782700    0.00615882  0.00000000
 -0.00652923  0.00782700    0.30653358  0.00000000   -0.00652923  0.00782700
  0.00615882  0.00000000   -0.00652923 -0.00782700    0.25454239  0.00000000
    1    2
 -0.06233810 -0.06351161   -0.04336311 -0.04587383   -0.04376586  0.14314219
 -0.04336311 -0.04587383   -0.06063260 -0.08198937   -0.04336311 -0.04587383
 -0.04376586  0.14314219   -0.04336311 -0.04587383   -0.06233810 -0.06351161
    2    1
 -0.06233810  0.06351161   -0.04336311  0.04587383   -0.04376586 -0.14314219
 -0.04336311  0.04587383   -0.06063260  0.08198937   -0.04336311  0.04587383
 -0.04376586 -0.14314219   -0.04336311  0.04587383   -0.06233810  0.06351161
    2    2
  0.25454239  0.00000000   -0.00652923  0.00782700    0.00615882  0.00000000
 -0.00652923 -0.00782700    0.30653358  0.00000000   -0.00652923 -0.00782700
  0.00615882  0.00000000   -0.00652923  0.00782700    0.25454239  0.00000000

     Dynamical  Matrix in cartesian axes

     q = (   -0.250000000   0.750000000  -0.750000000 ) 

    1    1
  0.30653358  0.00000000   -0.00652923  0.00782700    0.00652923 -0.00782700
 -0.00652923 -0.00782700    0.25454239  0.00000000   -0.00615882  0.00000000
  0.00652923  0.00782700   -0.00615882  0.00000000    0.25454239  0.00000000
    1    2
 -0.08198937  0.06063260   -0.04587383  0.04336311    0.04587383 -0.04336311
 -0.04587383  0.04336311   -0.06351161  0.06233810   -0.14314219 -0.04376586
  0.04587383 -0.04336311   -0.14314219 -0.04376586   -0.06351161  0.06233810
    2    1
 -0.08198937 -0.06063260   -0.04587383 -0.04336311    0.04587383  0.04336311
 -0.04587383 -0.04336311   -0.06351161 -0.06233810   -0.14314219  0.04376586
  0.04587383  0.04336311   -0.14314219  0.04376586   -0.06351161 -0.06233810
    2    2
  0.30653358  0.00000000   -0.00652923 -0.00782700    0.00652923  0.00782700
 -0.00652923  0.00782700    0.25454239  0.00000000   -0.00615882  0.00000000
  0.00652923 -0.00782700   -0.00615882  0.00000000    0.25454239  0.00000000

     Dynamical  Matrix in cartesian axes

     q = (   -0.750000000   0.750000000  -0.250000000 ) 

    1    1
  0.25454239  0.00000000   -0.00615882  0.00000000    0.00652923  0.00782700
 -0.00615882  0.00000000    0.25454239  0.00000000   -0.00652923 -0.00782700
  0.00652923 -0.00782700   -0.00652923  0.00782700    0.30653358  0.00000000
    1    2
 -0.06351161  0.06233810   -0.14314219 -0.04376586    0.04587383 -0.04336311
 -0.14314219 -0.04376586   -0.06351161  0.06233810   -0.04587383  0.04336311
  0.04587383 -0.04336311   -0.04587383  0.04336311   -0.08198937  0.06063260
    2    1
 -0.06351161 -0.06233810   -0.14314219  0.04376586    0.04587383  0.04336311
 -0.14314219  0.04376586   -0.06351161 -0.06233810   -0.04587383 -0.04336311
  0.04587383  0.04336311   -0.04587383 -0.04336311   -0.08198937 -0.06063260
    2    2
  0.25454239  0.00000000   -0.00615882  0.00000000    0.00652923 -0.00782700
 -0.00615882  0.00000000    0.25454239  0.00000000   -0.00652923  0.00782700
  0.00652923  0.00782700   -0.00652923 -0.00782700    0.30653358  0.00000000

     Dynamical  Matrix in cartesian axes

     q = (    0.750000000   0.250000000   0.750000000 ) 

    1    1
  0.25454239  0.00000000    0.00652923  0.00782700    0.00615882  0.00000000
  0.00652923 -0.00782700    0.30653358  0.00000000    0.00652923 -0.00782700
  0.00615882  0.00000000    0.00652923  0.00782700    0.25454239  0.00000000
    1    2
  0.06351161 -0.06233810   -0.04587383  0.04336311   -0.14314219 -0.04376586
 -0.04587383  0.04336311    0.08198937 -0.06063260   -0.04587383  0.04336311
 -0.14314219 -0.04376586   -0.04587383  0.04336311    0.06351161 -0.06233810
    2    1
  0.06351161  0.06233810   -0.04587383 -0.04336311   -0.14314219  0.04376586
 -0.04587383 -0.04336311    0.08198937  0.06063260   -0.04587383 -0.04336311
 -0.14314219  0.04376586   -0.04587383 -0.04336311    0.06351161  0.06233810
    2    2
  0.25454239  0.00000000    0.00652923 -0.00782700    0.00615882  0.00000000
  0.00652923  0.00782700    0.30653358  0.00000000    0.00652923  0.00782700
  0.00615882  0.00000000    0.00652923 -0.00782700    0.25454239  0.00000000

     Dynamical  Matrix in cartesian axes

     q = (   -0.750000000   0.250000000   0.750000000 ) 

    1    1
  0.25454239  0.00000000   -0.00652923  0.00782700   -0.00615882  0.00000000
 -0.00652923 -0.00782700    0.30653358  0.00000000    0.00652923  0.00782700
 -0.00615882  0.00000000    0.00652923 -0.00782700    0.25454239  0.00000000
    1    2
 -0.06351161 -0.06233810   -0.04587383 -0.04336311   -0.14314219  0.04376586
 -0.04587383 -0.04336311   -0.08198937 -0.06063260    0.04587383  0.04336311
 -0.14314219  0.04376586    0.04587383  0.04336311   -0.06351161 -0.06233810
    2    1
 -0.06351161  0.06233810   -0.04587383  0.04336311   -0.14314219 -0.04376586
 -0.04587383  0.04336311   -0.08198937  0.06063260    0.04587383 -0.04336311
 -0.14314219 -0.04376586    0.04587383 -0.04336311   -0.06351161  0.06233810
    2    2
  0.25454239  0.00000000   -0.00652923 -0.00782700   -0.00615882  0.00000000
 -0.00652923  0.00782700    0.30653358  0.00000000    0.00652923 -0.00782700
 -0.00615882  0.00000000    0.00652923  0.00782700    0.25454239  0.00000000

     Dynamical  Matrix in cartesian axes

     q = (    0.750000000   0.250000000  -0.750000000 ) 

    1    1
  0.25454239  0.00000000    0.00652923 -0.00782700   -0.00615882  0.00000000
  0.00652923  0.00782700    0.30653358  0.00000000   -0.00652923 -0.00782700
 -0.00615882  0.00000000   -0.00652923  0.00782700    0.25454239  0.00000000
    1    2
 -0.06351161 -0.06233810    0.04587383  0.04336311   -0.14314219  0.04376586
  0.04587383  0.04336311   -0.08198937 -0.06063260   -0.04587383 -0.04336311
 -0.14314219  0.04376586   -0.04587383 -0.04336311   -0.06351161 -0.06233810
    2    1
 -0.06351161  0.06233810    0.04587383 -0.04336311   -0.14314219 -0.04376586
  0.04587383 -0.04336311   -0.08198937  0.06063260   -0.04587383  0.04336311
 -0.14314219 -0.04376586   -0.04587383  0.04336311   -0.06351161  0.06233810
    2    2
  0.25454239  0.00000000    0.00652923  0.00782700   -0.00615882  0.00000000
  0.00652923 -0.00782700    0.30653358  0.00000000   -0.00652923  0.00782700
 -0.00615882  0.00000000   -0.00652923 -0.00782700    0.25454239  0.00000000

     Dynamical  Matrix in cartesian axes

     q = (   -0.750000000   0.750000000   0.250000000 ) 

    1    1
  0.25454239  0.00000000   -0.00615882  0.00000000   -0.00652923  0.00782700
 -0.00615882  0.00000000    0.25454239  0.00000000    0.00652923 -0.00782700
 -0.00652923 -0.00782700    0.00652923  0.00782700    0.30653358  0.00000000
    1    2
 -0.06351161 -0.06233810   -0.14314219  0.04376586   -0.04587383 -0.04336311
 -0.14314219  0.04376586   -0.06351161 -0.06233810    0.04587383  0.04336311
 -0.04587383 -0.04336311    0.04587383  0.04336311   -0.08198937 -0.06063260
    2    1
 -0.06351161  0.06233810   -0.14314219 -0.04376586   -0.04587383  0.04336311
 -0.14314219 -0.04376586   -0.06351161  0.06233810    0.04587383 -0.04336311
 -0.04587383  0.04336311    0.04587383 -0.04336311   -0.08198937  0.06063260
    2    2
  0.25454239  0.00000000   -0.00615882  0.00000000   -0.00652923 -0.00782700
 -0.00615882  0.00000000    0.25454239  0.00000000    0.00652923  0.00782700
 -0.00652923  0.00782700    0.00652923 -0.00782700    0.30653358  0.00000000

     Dynamical  Matrix in cartesian axes

     q = (   -0.250000000   0.750000000   0.750000000 ) 

    1    1
  0.30653358  0.00000000   -0.00652923 -0.00782700   -0.00652923 -0.00782700
 -0.00652923  0.00782700    0.25454239  0.00000000    0.00615882  0.00000000
 -0.00652923  0.00782700    0.00615882  0.00000000    0.25454239  0.00000000
    1    2
 -0.06063260  0.08198937   -0.04336311  0.04587383   -0.04336311  0.04587383
 -0.04336311  0.04587383   -0.06233810  0.06351161   -0.04376586 -0.14314219
 -0.04336311  0.04587383   -0.04376586 -0.14314219   -0.06233810  0.06351161
    2    1
 -0.06063260 -0.08198937   -0.04336311 -0.04587383   -0.04336311 -0.04587383
 -0.04336311 -0.04587383   -0.06233810 -0.06351161   -0.04376586  0.14314219
 -0.04336311 -0.04587383   -0.04376586  0.14314219   -0.06233810 -0.06351161
    2    2
  0.30653358  0.00000000   -0.00652923  0.00782700   -0.00652923  0.00782700
 -0.00652923 -0.00782700    0.25454239  0.00000000    0.00615882  0.00000000
 -0.00652923 -0.00782700    0.00615882  0.00000000    0.25454239  0.00000000

     Dynamical  Matrix in cartesian axes

     q = (    0.250000000   0.750000000  -0.750000000 ) 

    1    1
  0.30653358  0.00000000    0.00652923  0.00782700   -0.00652923 -0.00782700
  0.00652923 -0.00782700    0.25454239  0.00000000   -0.00615882  0.00000000
 -0.00652923  0.00782700   -0.00615882  0.00000000    0.25454239  0.00000000
    1    2
 -0.08198937 -0.06063260    0.04587383  0.04336311   -0.04587383 -0.04336311
  0.04587383  0.04336311   -0.06351161 -0.06233810   -0.14314219  0.04376586
 -0.04587383 -0.04336311   -0.14314219  0.04376586   -0.06351161 -0.06233810
    2    1
 -0.08198937  0.06063260    0.04587383 -0.04336311   -0.04587383  0.04336311
  0.04587383 -0.04336311   -0.06351161  0.06233810   -0.14314219 -0.04376586
 -0.04587383  0.04336311   -0.14314219 -0.04376586   -0.06351161  0.06233810
    2    2
  0.30653358  0.00000000    0.00652923 -0.00782700   -0.00652923  0.00782700
  0.00652923  0.00782700    0.25454239  0.00000000   -0.00615882  0.00000000
 -0.00652923 -0.00782700   -0.00615882  0.00000000    0.25454239  0.00000000

     Dynamical  Matrix in cartesian axes

     q = (   -0.250000000  -0.750000000  -0.750000000 ) 

    1    1
  0.30653358  0.00000000    0.00652923  0.00782700    0.00652923  0.00782700
  0.00652923 -0.00782700    0.25454239  0.00000000    0.00615882  0.00000000
  0.00652923 -0.00782700    0.00615882  0.00000000    0.25454239  0.00000000
    1    2
  0.08198937  0.06063260   -0.04587383 -0.04336311   -0.04587383 -0.04336311
 -0.04587383 -0.04336311    0.06351161  0.06233810   -0.14314219  0.04376586
 -0.04587383 -0.04336311   -0.14314219  0.04376586    0.06351161  0.06233810
    2    1
  0.08198937 -0.06063260   -0.04587383  0.04336311   -0.04587383  0.04336311
 -0.04587383  0.04336311    0.06351161 -0.06233810   -0.14314219 -0.04376586
 -0.04587383  0.04336311   -0.14314219 -0.04376586    0.06351161 -0.06233810
    2    2
  0.30653358  0.00000000    0.00652923 -0.00782700    0.00652923 -0.00782700
  0.00652923  0.00782700    0.25454239  0.00000000    0.00615882  0.00000000
  0.00652923  0.00782700    0.00615882  0.00000000    0.25454239  0.00000000

     Dynamical  Matrix in cartesian axes

     q = (    0.750000000   0.750000000  -0.250000000 ) 

    1    1
  0.25454239  0.00000000    0.00615882  0.00000000   -0.00652923  0.00782700
  0.00615882  0.00000000    0.25454239  0.00000000   -0.00652923  0.00782700
 -0.00652923 -0.00782700   -0.00652923 -0.00782700    0.30653358  0.00000000
    1    2
 -0.06233810  0.06351161   -0.04376586 -0.14314219   -0.04336311  0.04587383
 -0.04376586 -0.14314219   -0.06233810  0.06351161   -0.04336311  0.04587383
 -0.04336311  0.04587383   -0.04336311  0.04587383   -0.06063260  0.08198937
    2    1
 -0.06233810 -0.06351161   -0.04376586  0.14314219   -0.04336311 -0.04587383
 -0.04376586  0.14314219   -0.06233810 -0.06351161   -0.04336311 -0.04587383
 -0.04336311 -0.04587383   -0.04336311 -0.04587383   -0.06063260 -0.08198937
    2    2
  0.25454239  0.00000000    0.00615882  0.00000000   -0.00652923 -0.00782700
  0.00615882  0.00000000    0.25454239  0.00000000   -0.00652923 -0.00782700
 -0.00652923  0.00782700   -0.00652923  0.00782700    0.30653358  0.00000000

     Dynamical  Matrix in cartesian axes

     q = (    0.750000000  -0.750000000   0.250000000 ) 

    1    1
  0.25454239  0.00000000   -0.00615882  0.00000000    0.00652923 -0.00782700
 -0.00615882  0.00000000    0.25454239  0.00000000   -0.00652923  0.00782700
  0.00652923  0.00782700   -0.00652923 -0.00782700    0.30653358  0.00000000
    1    2
 -0.06351161 -0.06233810   -0.14314219  0.04376586    0.04587383  0.04336311
 -0.14314219  0.04376586   -0.06351161 -0.06233810   -0.04587383 -0.04336311
  0.04587383  0.04336311   -0.04587383 -0.04336311   -0.08198937 -0.06063260
    2    1
 -0.06351161  0.06233810   -0.14314219 -0.04376586    0.04587383 -0.04336311
 -0.14314219 -0.04376586   -0.06351161  0.06233810   -0.04587383  0.04336311
  0.04587383 -0.04336311   -0.04587383  0.04336311   -0.08198937  0.06063260
    2    2
  0.25454239  0.00000000   -0.00615882  0.00000000    0.00652923  0.00782700
 -0.00615882  0.00000000    0.25454239  0.00000000   -0.00652923 -0.00782700
  0.00652923 -0.00782700   -0.00652923  0.00782700    0.30653358  0.00000000

     Dynamical  Matrix in cartesian axes

     q = (   -0.750000000  -0.750000000  -0.250000000 ) 

    1    1
  0.25454239  0.00000000    0.00615882  0.00000000    0.00652923 -0.00782700
  0.00615882  0.00000000    0.25454239  0.00000000    0.00652923 -0.00782700
  0.00652923  0.00782700    0.00652923  0.00782700    0.30653358  0.00000000
    1    2
  0.06351161  0.06233810   -0.14314219  0.04376586   -0.04587383 -0.04336311
 -0.14314219  0.04376586    0.06351161  0.06233810   -0.04587383 -0.04336311
 -0.04587383 -0.04336311   -0.04587383 -0.04336311    0.08198937  0.06063260
    2    1
  0.06351161 -0.06233810   -0.14314219 -0.04376586   -0.04587383  0.04336311
 -0.14314219 -0.04376586    0.06351161 -0.06233810   -0.04587383  0.04336311
 -0.04587383  0.04336311   -0.04587383  0.04336311    0.08198937 -0.06063260
    2    2
  0.25454239  0.00000000    0.00615882  0.00000000    0.00652923  0.00782700
  0.00615882  0.00000000    0.25454239  0.00000000    0.00652923  0.00782700
  0.00652923 -0.00782700    0.00652923 -0.00782700    0.30653358  0.00000000

     Dynamical  Matrix in cartesian axes

     q = (    0.250000000  -0.750000000   0.750000000 ) 

    1    1
  0.30653358  0.00000000   -0.00652923 -0.00782700    0.00652923  0.00782700
 -0.00652923  0.00782700    0.25454239  0.00000000   -0.00615882  0.00000000
  0.00652923 -0.00782700   -0.00615882  0.00000000    0.25454239  0.00000000
    1    2
 -0.08198937 -0.06063260   -0.04587383 -0.04336311    0.04587383  0.04336311
 -0.04587383 -0.04336311   -0.06351161 -0.06233810   -0.14314219  0.04376586
  0.04587383  0.04336311   -0.14314219  0.04376586   -0.06351161 -0.06233810
    2    1
 -0.08198937  0.06063260   -0.04587383  0.04336311    0.04587383 -0.04336311
 -0.04587383  0.04336311   -0.06351161  0.06233810   -0.14314219 -0.04376586
  0.04587383 -0.04336311   -0.14314219 -0.04376586   -0.06351161  0.06233810
    2    2
  0.30653358  0.00000000   -0.00652923  0.00782700    0.00652923 -0.00782700
 -0.00652923 -0.00782700    0.25454239  0.00000000   -0.00615882  0.00000000
  0.00652923  0.00782700   -0.00615882  0.00000000    0.25454239  0.00000000

     Dynamical  Matrix in cartesian axes

     q = (   -0.750000000  -0.750000000   0.250000000 ) 

    1    1
  0.25454239  0.00000000    0.00615882  0.00000000   -0.00652923 -0.00782700
  0.00615882  0.00000000    0.25454239  0.00000000   -0.00652923 -0.00782700
 -0.00652923  0.00782700   -0.00652923  0.00782700    0.30653358  0.00000000
    1    2
 -0.06233810 -0.06351161   -0.04376586  0.14314219   -0.04336311 -0.04587383
 -0.04376586  0.14314219   -0.06233810 -0.06351161   -0.04336311 -0.04587383
 -0.04336311 -0.04587383   -0.04336311 -0.04587383   -0.06063260 -0.08198937
    2    1
 -0.06233810  0.06351161   -0.04376586 -0.14314219   -0.04336311  0.04587383
 -0.04376586 -0.14314219   -0.06233810  0.06351161   -0.04336311  0.04587383
 -0.04336311  0.04587383   -0.04336311  0.04587383   -0.06063260  0.08198937
    2    2
  0.25454239  0.00000000    0.00615882  0.00000000   -0.00652923  0.00782700
  0.00615882  0.00000000    0.25454239  0.00000000   -0.00652923  0.00782700
 -0.00652923 -0.00782700   -0.00652923 -0.00782700    0.30653358  0.00000000

     Dynamical  Matrix in cartesian axes

     q = (    0.250000000   0.750000000   0.750000000 ) 

    1    1
  0.30653358  0.00000000    0.00652923 -0.00782700    0.00652923 -0.00782700
  0.00652923  0.00782700    0.25454239  0.00000000    0.00615882  0.00000000
  0.00652923  0.00782700    0.00615882  0.00000000    0.25454239  0.00000000
    1    2
  0.08198937 -0.06063260   -0.04587383  0.04336311   -0.04587383  0.04336311
 -0.04587383  0.04336311    0.06351161 -0.06233810   -0.14314219 -0.04376586
 -0.04587383  0.04336311   -0.14314219 -0.04376586    0.06351161 -0.06233810
    2    1
  0.08198937  0.06063260   -0.04587383 -0.04336311   -0.04587383 -0.04336311
 -0.04587383 -0.04336311    0.06351161  0.06233810   -0.14314219  0.04376586
 -0.04587383 -0.04336311   -0.14314219  0.04376586    0.06351161  0.06233810
    2    2
  0.30653358  0.00000000    0.00652923  0.00782700    0.00652923  0.00782700
  0.00652923 -0.00782700    0.25454239  0.00000000    0.00615882  0.00000000
  0.00652923 -0.00782700    0.00615882  0.00000000    0.25454239  0.00000000

     Dynamical  Matrix in cartesian axes

     q = (   -0.250000000  -0.750000000   0.750000000 ) 

    1    1
  0.30653358  0.00000000    0.00652923 -0.00782700   -0.00652923  0.00782700
  0.00652923  0.00782700    0.25454239  0.00000000   -0.00615882  0.00000000
 -0.00652923 -0.00782700   -0.00615882  0.00000000    0.25454239  0.00000000
    1    2
 -0.08198937  0.06063260    0.04587383 -0.04336311   -0.04587383  0.04336311
  0.04587383 -0.04336311   -0.06351161  0.06233810   -0.14314219 -0.04376586
 -0.04587383  0.04336311   -0.14314219 -0.04376586   -0.06351161  0.06233810
    2    1
 -0.08198937 -0.06063260    0.04587383  0.04336311   -0.04587383 -0.04336311
  0.04587383  0.04336311   -0.06351161 -0.06233810   -0.14314219  0.04376586
 -0.04587383 -0.04336311   -0.14314219  0.04376586   -0.06351161 -0.06233810
    2    2
  0.30653358  0.00000000    0.00652923  0.00782700   -0.00652923 -0.00782700
  0.00652923 -0.00782700    0.25454239  0.00000000   -0.00615882  0.00000000
 -0.00652923  0.00782700   -0.00615882  0.00000000    0.25454239  0.00000000

     Dynamical  Matrix in cartesian axes

     q = (    0.750000000   0.750000000   0.250000000 ) 

    1    1
  0.25454239  0.00000000    0.00615882  0.00000000    0.00652923  0.00782700
  0.00615882  0.00000000    0.25454239  0.00000000    0.00652923  0.00782700
  0.00652923 -0.00782700    0.00652923 -0.00782700    0.30653358  0.00000000
    1    2
  0.06351161 -0.06233810   -0.14314219 -0.04376586   -0.04587383  0.04336311
 -0.14314219 -0.04376586    0.06351161 -0.06233810   -0.04587383  0.04336311
 -0.04587383  0.04336311   -0.04587383  0.04336311    0.08198937 -0.06063260
    2    1
  0.06351161  0.06233810   -0.14314219  0.04376586   -0.04587383 -0.04336311
 -0.14314219  0.04376586    0.06351161  0.06233810   -0.04587383 -0.04336311
 -0.04587383 -0.04336311   -0.04587383 -0.04336311    0.08198937  0.06063260
    2    2
  0.25454239  0.00000000    0.00615882  0.00000000    0.00652923 -0.00782700
  0.00615882  0.00000000    0.25454239  0.00000000    0.00652923 -0.00782700
  0.00652923  0.00782700    0.00652923  0.00782700    0.30653358  0.00000000

     Dynamical  Matrix in cartesian axes

     q = (    0.250000000  -0.750000000  -0.750000000 ) 

    1    1
  0.30653358  0.00000000   -0.00652923  0.00782700   -0.00652923  0.00782700
 -0.00652923 -0.00782700    0.25454239  0.00000000    0.00615882  0.00000000
 -0.00652923 -0.00782700    0.00615882  0.00000000    0.25454239  0.00000000
    1    2
 -0.06063260 -0.08198937   -0.04336311 -0.04587383   -0.04336311 -0.04587383
 -0.04336311 -0.04587383   -0.06233810 -0.06351161   -0.04376586  0.14314219
 -0.04336311 -0.04587383   -0.04376586  0.14314219   -0.06233810 -0.06351161
    2    1
 -0.06063260  0.08198937   -0.04336311  0.04587383   -0.04336311  0.04587383
 -0.04336311  0.04587383   -0.06233810  0.06351161   -0.04376586 -0.14314219
 -0.04336311  0.04587383   -0.04376586 -0.14314219   -0.06233810  0.06351161
    2    2
  0.30653358  0.00000000   -0.00652923 -0.00782700   -0.00652923 -0.00782700
 -0.00652923  0.00782700    0.25454239  0.00000000    0.00615882  0.00000000
 -0.00652923  0.00782700    0.00615882  0.00000000    0.25454239  0.00000000

     Dynamical  Matrix in cartesian axes

     q = (    0.750000000  -0.750000000  -0.250000000 ) 

    1    1
  0.25454239  0.00000000   -0.00615882  0.00000000   -0.00652923 -0.00782700
 -0.00615882  0.00000000    0.25454239  0.00000000    0.00652923  0.00782700
 -0.00652923  0.00782700    0.00652923 -0.00782700    0.30653358  0.00000000
    1    2
 -0.06351161  0.06233810   -0.14314219 -0.04376586   -0.04587383  0.04336311
 -0.14314219 -0.04376586   -0.06351161  0.06233810    0.04587383 -0.04336311
 -0.04587383  0.04336311    0.04587383 -0.04336311   -0.08198937  0.06063260
    2    1
 -0.06351161 -0.06233810   -0.14314219  0.04376586   -0.04587383 -0.04336311
 -0.14314219  0.04376586   -0.06351161 -0.06233810    0.04587383  0.04336311
 -0.04587383 -0.04336311    0.04587383  0.04336311   -0.08198937 -0.06063260
    2    2
  0.25454239  0.00000000   -0.00615882  0.00000000   -0.00652923  0.00782700
 -0.00615882  0.00000000    0.25454239  0.00000000    0.00652923 -0.00782700
 -0.00652923 -0.00782700    0.00652923  0.00782700    0.30653358  0.00000000

     Diagonalizing the dynamical matrix

     q = (    0.750000000  -0.250000000   0.750000000 ) 

 **************************************************************************
     freq (    1) =       4.158246 [THz] =     138.704172 [cm-1]
 (  0.044755 -0.497993 -0.000000  0.000000 -0.044755  0.497993 ) 
 (  0.500000 -0.000000 -0.000000 -0.000000 -0.500000  0.000000 ) 
     freq (    2) =       5.858436 [THz] =     195.416396 [cm-1]
 ( -0.388193 -0.169957 -0.342713  0.152939 -0.388193 -0.169957 ) 
 ( -0.423767  0.000000 -0.252605 -0.277549 -0.423767  0.000000 ) 
     freq (    3) =       9.495888 [THz] =     316.748745 [cm-1]
 (  0.124815 -0.283459  0.370490  0.413378  0.124815 -0.283459 ) 
 ( -0.309723  0.000000  0.229022  0.505661 -0.309723  0.000000 ) 
     freq (    4) =      12.304261 [THz] =     410.425952 [cm-1]
 (  0.062306  0.316371 -0.400360 -0.362996  0.062306  0.316371 ) 
 ( -0.322448 -0.000000  0.433516  0.322674 -0.322448  0.000000 ) 
     freq (    5) =      13.883075 [THz] =     463.089527 [cm-1]
 (  0.044755 -0.497993 -0.000000  0.000000 -0.044755  0.497993 ) 
 ( -0.500000 -0.000000  0.000000  0.000000  0.500000  0.000000 ) 
     freq (    6) =      14.274464 [THz] =     476.144860 [cm-1]
 ( -0.304628 -0.166501 -0.459664  0.218331 -0.304628 -0.166501 ) 
 (  0.347161  0.000000  0.298634  0.412040  0.347161 -0.000000 ) 
 **************************************************************************
