Dynamical matrix file
                                                                           
  1    2  2 10.3940000  0.0000000  0.0000000  0.0000000  0.0000000  0.0000000
           1  'Si  '    25598.822984527003     
    1    1      0.0000000000      0.0000000000      0.0000000000
    2    1      0.2500000000      0.2500000000      0.2500000000

     Dynamical  Matrix in cartesian axes

     q = (    0.750000000  -0.250000000   0.750000000 ) 

    1    1
  0.25159364  0.00000000   -0.00431950  0.00722744    0.00072693  0.00000000
 -0.00431950 -0.00722744    0.30621239  0.00000000   -0.00431950 -0.00722744
  0.00072693  0.00000000   -0.00431950  0.00722744    0.25159364  0.00000000
    1    2
 -0.04952641  0.08175325   -0.03263406  0.03721707   -0.03895662 -0.12251389
 -0.03263406  0.03721707   -0.04841159  0.10045923   -0.03263406  0.03721707
 -0.03895662 -0.12251389   -0.03263406  0.03721707   -0.04952641  0.08175325
    2    1
 -0.04952641 -0.08175325   -0.03263406 -0.03721707   -0.03895662  0.12251389
 -0.03263406 -0.03721707   -0.04841159 -0.10045923   -0.03263406 -0.03721707
 -0.03895662  0.12251389   -0.03263406 -0.03721707   -0.04952641 -0.08175325
    2    2
  0.25159364  0.00000000   -0.00431950 -0.00722744    0.00072693  0.00000000
 -0.00431950  0.00722744    0.30621239  0.00000000   -0.00431950  0.00722744
  0.00072693  0.00000000   -0.00431950 -0.00722744    0.25159364  0.00000000

     Dynamical  Matrix in cartesian axes

     q = (    0.750000000  -0.250000000  -0.750000000 ) 

    1    1
  0.25159364  0.00000000   -0.00431950 -0.00722744   -0.00072693  0.00000000
 -0.00431950  0.00722744    0.30621239  0.00000000    0.00431950 -0.00722744
 -0.00072693  0.00000000    0.00431950  0.00722744    0.25159364  0.00000000
    1    2
 -0.08175325  0.04952641   -0.03721707  0.03263406   -0.12251389 -0.03895662
 -0.03721707  0.03263406   -0.10045923  0.04841159    0.03721707 -0.03263406
 -0.12251389 -0.03895662    0.03721707 -0.03263406   -0.08175325  0.04952641
    2    1
 -0.08175325 -0.04952641   -0.03721707 -0.03263406   -0.12251389  0.03895662
 -0.03721707 -0.03263406   -0.10045923 -0.04841159    0.03721707  0.03263406
 -0.12251389  0.03895662    0.03721707  0.03263406   -0.08175325 -0.04952641
    2    2
  0.25159364  0.00000000   -0.00431950  0.00722744   -0.00072693  0.00000000
 -0.00431950 -0.00722744    0.30621239  0.00000000    0.00431950  0.00722744
 -0.00072693  0.00000000    0.00431950 -0.00722744    0.25159364  0.00000000

     Dynamical  Matrix in cartesian axes

     q = (   -0.750000000  -0.250000000  -0.750000000 ) 

    1    1
  0.25159364  0.00000000    0.00431950 -0.00722744    0.00072693  0.00000000
  0.00431950  0.00722744    0.30621239  0.00000000    0.00431950  0.00722744
  0.00072693  0.00000000    0.00431950 -0.00722744    0.25159364  0.00000000
    1    2
  0.08175325  0.04952641   -0.03721707 -0.03263406   -0.12251389  0.03895662
 -0.03721707 -0.03263406    0.10045923  0.04841159   -0.03721707 -0.03263406
 -0.12251389  0.03895662   -0.03721707 -0.03263406    0.08175325  0.04952641
    2    1
  0.08175325 -0.04952641   -0.03721707  0.03263406   -0.12251389 -0.03895662
 -0.03721707  0.03263406    0.10045923 -0.04841159   -0.03721707  0.03263406
 -0.12251389 -0.03895662   -0.03721707  0.03263406    0.08175325 -0.04952641
    2    2
  0.25159364  0.00000000    0.00431950  0.00722744    0.00072693  0.00000000
  0.00431950 -0.00722744    0.30621239  0.00000000    0.00431950 -0.00722744
  0.00072693  0.00000000    0.00431950  0.00722744    0.25159364  0.00000000

     Dynamical  Matrix in cartesian axes

     q = (   -0.750000000  -0.250000000   0.750000000 ) 

    1    1
  0.25159364  0.00000000    0.00431950  0.00722744   -0.00072693  0.00000000
  0.00431950 -0.00722744    0.30621239  0.00000000   -0.00431950  0.00722744
 -0.00072693  0.00000000   -0.00431950 -0.00722744    0.25159364  0.00000000
    1    2
 -0.08175325  0.04952641    0.03721707 -0.03263406   -0.12251389 -0.03895662
  0.03721707 -0.03263406   -0.10045923  0.04841159   -0.03721707  0.03263406
 -0.12251389 -0.03895662   -0.03721707  0.03263406   -0.08175325  0.04952641
    2    1
 -0.08175325 -0.04952641    0.03721707  0.03263406   -0.12251389  0.03895662
  0.03721707  0.03263406   -0.10045923 -0.04841159   -0.03721707 -0.03263406
 -0.12251389  0.03895662   -0.03721707 -0.03263406   -0.08175325 -0.04952641
    2    2
  0.25159364  0.00000000    0.00431950 -0.00722744   -0.00072693  0.00000000
  0.00431950  0.00722744    0.30621239  0.00000000   -0.00431950 -0.00722744
 -0.00072693  0.00000000   -0.00431950  0.00722744    0.25159364  0.00000000

     Dynamical  Matrix in cartesian axes

     q = (   -0.750000000   0.250000000  -0.750000000 ) 

    1    1
  0.25159364  0.00000000   -0.00431950 -0.00722744    0.00072693  0.00000000
 -0.00431950  0.00722744    0.30621239  0.00000000   -0.00431950  0.00722744
  0.00072693  0.00000000   -0.00431950 -0.00722744    0.25159364  0.00000000
    1    2
 -0.04952641 -0.08175325   -0.03263406 -0.03721707   -0.03895662  0.12251389
 -0.03263406 -0.03721707   -0.04841159 -0.10045923   -0.03263406 -0.03721707
 -0.03895662  0.12251389   -0.03263406 -0.03721707   -0.04952641 -0.08175325
    2    1
 -0.04952641  0.08175325   -0.03263406  0.03721707   -0.03895662 -0.12251389
 -0.03263406  0.03721707   -0.04841159  0.10045923   -0.03263406  0.03721707
 -0.03895662 -0.12251389   -0.03263406  0.03721707   -0.04952641  0.08175325
    2    2
  0.25159364  0.00000000   -0.00431950  0.00722744    0.00072693  0.00000000
 -0.00431950 -0.00722744    0.30621239  0.00000000   -0.00431950 -0.00722744
  0.00072693  0.00000000   -0.00431950  0.00722744    0.25159364  0.00000000

     Dynamical  Matrix in cartesian axes

     q = (   -0.250000000   0.750000000  -0.750000000 ) 

    1    1
  0.30621239  0.00000000   -0.00431950  0.00722744    0.00431950 -0.00722744
 -0.00431950 -0.00722744    0.25159364  0.00000000   -0.00072693  0.00000000
  0.00431950  0.00722744   -0.00072693  0.00000000    0.25159364  0.00000000
    1    2
 -0.10045923  0.04841159   -0.03721707  0.03263406    0.03721707 -0.03263406
 -0.03721707  0.03263406   -0.08175325  0.04952641   -0.12251389 -0.03895662
  0.03721707 -0.03263406   -0.12251389 -0.03895662   -0.08175325  0.04952641
    2    1
 -0.10045923 -0.04841159   -0.03721707 -0.03263406    0.03721707  0.03263406
 -0.03721707 -0.03263406   -0.08175325 -0.04952641   -0.12251389  0.03895662
  0.03721707  0.03263406   -0.12251389  0.03895662   -0.08175325 -0.04952641
    2    2
  0.30621239  0.00000000   -0.00431950 -0.00722744    0.00431950  0.00722744
 -0.00431950  0.00722744    0.25159364  0.00000000   -0.00072693  0.00000000
  0.00431950 -0.00722744   -0.00072693  0.00000000    0.25159364  0.00000000

     Dynamical  Matrix in cartesian axes

     q = (   -0.750000000   0.750000000  -0.250000000 ) 

    1    1
  0.25159364  0.00000000   -0.00072693  0.00000000    0.00431950  0.00722744
 -0.00072693  0.00000000    0.25159364  0.00000000   -0.00431950 -0.00722744
  0.00431950 -0.00722744   -0.00431950  0.00722744    0.30621239  0.00000000
    1    2
 -0.08175325  0.04952641   -0.12251389 -0.03895662    0.03721707 -0.03263406
 -0.12251389 -0.03895662   -0.08175325  0.04952641   -0.03721707  0.03263406
  0.03721707 -0.03263406   -0.03721707  0.03263406   -0.10045923  0.04841159
    2    1
 -0.08175325 -0.04952641   -0.12251389  0.03895662    0.03721707  0.03263406
 -0.12251389  0.03895662   -0.08175325 -0.04952641   -0.03721707 -0.03263406
  0.03721707  0.03263406   -0.03721707 -0.03263406   -0.10045923 -0.04841159
    2    2
  0.25159364  0.00000000   -0.00072693  0.00000000    0.00431950 -0.00722744
 -0.00072693  0.00000000    0.25159364  0.00000000   -0.00431950  0.00722744
  0.00431950  0.00722744   -0.00431950 -0.00722744    0.30621239  0.00000000

     Dynamical  Matrix in cartesian axes

     q = (    0.750000000   0.250000000   0.750000000 ) 

    1    1
  0.25159364  0.00000000    0.00431950  0.00722744    0.00072693  0.00000000
  0.00431950 -0.00722744    0.30621239  0.00000000    0.00431950 -0.00722744
  0.00072693  0.00000000    0.00431950  0.00722744    0.25159364  0.00000000
    1    2
  0.08175325 -0.04952641   -0.03721707  0.03263406   -0.12251389 -0.03895662
 -0.03721707  0.03263406    0.10045923 -0.04841159   -0.03721707  0.03263406
 -0.12251389 -0.03895662   -0.03721707  0.03263406    0.08175325 -0.04952641
    2    1
  0.08175325  0.04952641   -0.03721707 -0.03263406   -0.12251389  0.03895662
 -0.03721707 -0.03263406    0.10045923  0.04841159   -0.03721707 -0.03263406
 -0.12251389  0.03895662   -0.03721707 -0.03263406    0.08175325  0.04952641
    2    2
  0.25159364  0.00000000    0.00431950 -0.00722744    0.00072693  0.00000000
  0.00431950  0.00722744    0.30621239  0.00000000    0.00431950  0.00722744
  0.00072693  0.00000000    0.00431950 -0.00722744    0.25159364  0.00000000

     Dynamical  Matrix in cartesian axes

     q = (   -0.750000000   0.250000000   0.750000000 ) 

    1    1
  0.25159364  0.00000000   -0.00431950  0.00722744   -0.00072693  0.00000000
 -0.00431950 -0.00722744    0.30621239  0.00000000    0.00431950  0.00722744
 -0.00072693  0.00000000    0.00431950 -0.00722744    0.25159364  0.00000000
    1    2
 -0.08175325 -0.04952641   -0.03721707 -0.03263406   -0.12251389  0.03895662
 -0.03721707 -0.03263406   -0.10045923 -0.04841159    0.03721707  0.03263406
 -0.12251389  0.03895662    0.03721707  0.03263406   -0.08175325 -0.04952641
    2    1
 -0.08175325  0.04952641   -0.03721707  0.03263406   -0.12251389 -0.03895662
 -0.03721707  0.03263406   -0.10045923  0.04841159    0.03721707 -0.03263406
 -0.12251389 -0.03895662    0.03721707 -0.03263406   -0.08175325  0.04952641
    2    2
  0.25159364  0.00000000   -0.00431950 -0.00722744   -0.00072693  0.00000000
 -0.00431950  0.00722744    0.30621239  0.00000000    0.00431950 -0.00722744
 -0.00072693  0.00000000    0.00431950  0.00722744    0.25159364  0.00000000

     Dynamical  Matrix in cartesian axes

     q = (    0.750000000   0.250000000  -0.750000000 ) 

    1    1
  0.25159364  0.00000000    0.00431950 -0.00722744   -0.00072693  0.00000000
  0.00431950  0.00722744    0.30621239  0.00000000   -0.00431950 -0.00722744
 -0.00072693  0.00000000   -0.00431950  0.00722744    0.25159364  0.00000000
    1    2
 -0.08175325 -0.04952641    0.03721707  0.03263406   -0.12251389  0.03895662
  0.03721707  0.03263406   -0.10045923 -0.04841159   -0.03721707 -0.03263406
 -0.12251389  0.03895662   -0.03721707 -0.03263406   -0.08175325 -0.04952641
    2    1
 -0.08175325  0.04952641    0.03721707 -0.03263406   -0.12251389 -0.03895662
  0.03721707 -0.03263406   -0.10045923  0.04841159   -0.03721707  0.03263406
 -0.12251389 -0.03895662   -0.03721707  0.03263406   -0.08175325  0.04952641
    2    2
  0.25159364  0.00000000    0.00431950  0.00722744   -0.00072693  0.00000000
  0.00431950 -0.00722744    0.30621239  0.00000000   -0.00431950  0.00722744
 -0.00072693  0.00000000   -0.00431950 -0.00722744    0.25159364  0.00000000

     Dynamical  Matrix in cartesian axes

     q = (   -0.750000000   0.750000000   0.250000000 ) 

    1    1
  0.25159364  0.00000000   -0.00072693  0.00000000   -0.00431950  0.00722744
 -0.00072693  0.00000000    0.25159364  0.00000000    0.00431950 -0.00722744
 -0.00431950 -0.00722744    0.00431950  0.00722744    0.30621239  0.00000000
    1    2
 -0.08175325 -0.04952641   -0.12251389  0.03895662   -0.03721707 -0.03263406
 -0.12251389  0.03895662   -0.08175325 -0.04952641    0.03721707  0.03263406
 -0.03721707 -0.03263406    0.03721707  0.03263406   -0.10045923 -0.04841159
    2    1
 -0.08175325  0.04952641   -0.12251389 -0.03895662   -0.03721707  0.03263406
 -0.12251389 -0.03895662   -0.08175325  0.04952641    0.03721707 -0.03263406
 -0.03721707  0.03263406    0.03721707 -0.03263406   -0.10045923  0.04841159
    2    2
  0.25159364  0.00000000   -0.00072693  0.00000000   -0.00431950 -0.00722744
 -0.00072693  0.00000000    0.25159364  0.00000000    0.00431950  0.00722744
 -0.00431950  0.00722744    0.00431950 -0.00722744    0.30621239  0.00000000

     Dynamical  Matrix in cartesian axes

     q = (   -0.250000000   0.750000000   0.750000000 ) 

    1    1
  0.30621239  0.00000000   -0.00431950 -0.00722744   -0.00431950 -0.00722744
 -0.00431950  0.00722744    0.25159364  0.00000000    0.00072693  0.00000000
 -0.00431950  0.00722744    0.00072693  0.00000000    0.25159364  0.00000000
    1    2
 -0.04841159  0.10045923   -0.03263406  0.03721707   -0.03263406  0.03721707
 -0.03263406  0.03721707   -0.04952641  0.08175325   -0.03895662 -0.12251389
 -0.03263406  0.03721707   -0.03895662 -0.12251389   -0.04952641  0.08175325
    2    1
 -0.04841159 -0.10045923   -0.03263406 -0.03721707   -0.03263406 -0.03721707
 -0.03263406 -0.03721707   -0.04952641 -0.08175325   -0.03895662  0.12251389
 -0.03263406 -0.03721707   -0.03895662  0.12251389   -0.04952641 -0.08175325
    2    2
  0.30621239  0.00000000   -0.00431950  0.00722744   -0.00431950  0.00722744
 -0.00431950 -0.00722744    0.25159364  0.00000000    0.00072693  0.00000000
 -0.00431950 -0.00722744    0.00072693  0.00000000    0.25159364  0.00000000

     Dynamical  Matrix in cartesian axes

     q = (    0.250000000   0.750000000  -0.750000000 ) 

    1    1
  0.30621239  0.00000000    0.00431950  0.00722744   -0.00431950 -0.00722744
  0.00431950 -0.00722744    0.25159364  0.00000000   -0.00072693  0.00000000
 -0.00431950  0.00722744   -0.00072693  0.00000000    0.25159364  0.00000000
    1    2
 -0.10045923 -0.04841159    0.03721707  0.03263406   -0.03721707 -0.03263406
  0.03721707  0.03263406   -0.08175325 -0.04952641   -0.12251389  0.03895662
 -0.03721707 -0.03263406   -0.12251389  0.03895662   -0.08175325 -0.04952641
    2    1
 -0.10045923  0.04841159    0.03721707 -0.03263406   -0.03721707  0.03263406
  0.03721707 -0.03263406   -0.08175325  0.04952641   -0.12251389 -0.03895662
 -0.03721707  0.03263406   -0.12251389 -0.03895662   -0.08175325  0.04952641
    2    2
  0.30621239  0.00000000    0.00431950 -0.00722744   -0.00431950  0.00722744
  0.00431950  0.00722744    0.25159364  0.00000000   -0.00072693  0.00000000
 -0.00431950 -0.00722744   -0.00072693  0.00000000    0.25159364  0.00000000

     Dynamical  Matrix in cartesian axes

     q = (   -0.250000000  -0.750000000  -0.750000000 ) 

    1    1
  0.30621239  0.00000000    0.00431950  0.00722744    0.00431950  0.00722744
  0.00431950 -0.00722744    0.25159364  0.00000000    0.00072693  0.00000000
  0.00431950 -0.00722744    0.00072693  0.00000000    0.25159364  0.00000000
    1    2
  0.10045923  0.04841159   -0.03721707 -0.03263406   -0.03721707 -0.03263406
 -0.03721707 -0.03263406    0.08175325  0.04952641   -0.12251389  0.03895662
 -0.03721707 -0.03263406   -0.12251389  0.03895662    0.08175325  0.04952641
    2    1
  0.10045923 -0.04841159   -0.03721707  0.03263406   -0.03721707  0.03263406
 -0.03721707  0.03263406    0.08175325 -0.04952641   -0.12251389 -0.03895662
 -0.03721707  0.03263406   -0.12251389 -0.03895662    0.08175325 -0.04952641
    2    2
  0.30621239  0.00000000    0.00431950 -0.00722744    0.00431950 -0.00722744
  0.00431950  0.00722744    0.25159364  0.00000000    0.00072693  0.00000000
  0.00431950  0.00722744    0.00072693  0.00000000    0.25159364  0.00000000

     Dynamical  Matrix in cartesian axes

     q = (    0.750000000   0.750000000  -0.250000000 ) 

    1    1
  0.25159364  0.00000000    0.00072693  0.00000000   -0.00431950  0.00722744
  0.00072693  0.00000000    0.25159364  0.00000000   -0.00431950  0.00722744
 -0.00431950 -0.00722744   -0.00431950 -0.00722744    0.30621239  0.00000000
    1    2
 -0.04952641  0.08175325   -0.03895662 -0.12251389   -0.03263406  0.03721707
 -0.03895662 -0.12251389   -0.04952641  0.08175325   -0.03263406  0.03721707
 -0.03263406  0.03721707   -0.03263406  0.03721707   -0.04841159  0.10045923
    2    1
 -0.04952641 -0.08175325   -0.03895662  0.12251389   -0.03263406 -0.03721707
 -0.03895662  0.12251389   -0.04952641 -0.08175325   -0.03263406 -0.03721707
 -0.03263406 -0.03721707   -0.03263406 -0.03721707   -0.04841159 -0.10045923
    2    2
  0.25159364  0.00000000    0.00072693  0.00000000   -0.00431950 -0.00722744
  0.00072693  0.00000000    0.25159364  0.00000000   -0.00431950 -0.00722744
 -0.00431950  0.00722744   -0.00431950  0.00722744    0.30621239  0.00000000

     Dynamical  Matrix in cartesian axes

     q = (    0.750000000  -0.750000000   0.250000000 ) 

    1    1
  0.25159364  0.00000000   -0.00072693  0.00000000    0.00431950 -0.00722744
 -0.00072693  0.00000000    0.25159364  0.00000000   -0.00431950  0.00722744
  0.00431950  0.00722744   -0.00431950 -0.00722744    0.30621239  0.00000000
    1    2
 -0.08175325 -0.04952641   -0.12251389  0.03895662    0.03721707  0.03263406
 -0.12251389  0.03895662   -0.08175325 -0.04952641   -0.03721707 -0.03263406
  0.03721707  0.03263406   -0.03721707 -0.03263406   -0.10045923 -0.04841159
    2    1
 -0.08175325  0.04952641   -0.12251389 -0.03895662    0.03721707 -0.03263406
 -0.12251389 -0.03895662   -0.08175325  0.04952641   -0.03721707  0.03263406
  0.03721707 -0.03263406   -0.03721707  0.03263406   -0.10045923  0.04841159
    2    2
  0.25159364  0.00000000   -0.00072693  0.00000000    0.00431950  0.00722744
 -0.00072693  0.00000000    0.25159364  0.00000000   -0.00431950 -0.00722744
  0.00431950 -0.00722744   -0.00431950  0.00722744    0.30621239  0.00000000

     Dynamical  Matrix in cartesian axes

     q = (   -0.750000000  -0.750000000  -0.250000000 ) 

    1    1
  0.25159364  0.00000000    0.00072693  0.00000000    0.00431950 -0.00722744
  0.00072693  0.00000000    0.25159364  0.00000000    0.00431950 -0.00722744
  0.00431950  0.00722744    0.00431950  0.00722744    0.30621239  0.00000000
    1    2
  0.08175325  0.04952641   -0.12251389  0.03895662   -0.03721707 -0.03263406
 -0.12251389  0.03895662    0.08175325  0.04952641   -0.03721707 -0.03263406
 -0.03721707 -0.03263406   -0.03721707 -0.03263406    0.10045923  0.04841159
    2    1
  0.08175325 -0.04952641   -0.12251389 -0.03895662   -0.03721707  0.03263406
 -0.12251389 -0.03895662    0.08175325 -0.04952641   -0.03721707  0.03263406
 -0.03721707  0.03263406   -0.03721707  0.03263406    0.10045923 -0.04841159
    2    2
  0.25159364  0.00000000    0.00072693  0.00000000    0.00431950  0.00722744
  0.00072693  0.00000000    0.25159364  0.00000000    0.00431950  0.00722744
  0.00431950 -0.00722744    0.00431950 -0.00722744    0.30621239  0.00000000

     Dynamical  Matrix in cartesian axes

     q = (    0.250000000  -0.750000000   0.750000000 ) 

    1    1
  0.30621239  0.00000000   -0.00431950 -0.00722744    0.00431950  0.00722744
 -0.00431950  0.00722744    0.25159364  0.00000000   -0.00072693  0.00000000
  0.00431950 -0.00722744   -0.00072693  0.00000000    0.25159364  0.00000000
    1    2
 -0.10045923 -0.04841159   -0.03721707 -0.03263406    0.03721707  0.03263406
 -0.03721707 -0.03263406   -0.08175325 -0.04952641   -0.12251389  0.03895662
  0.03721707  0.03263406   -0.12251389  0.03895662   -0.08175325 -0.04952641
    2    1
 -0.10045923  0.04841159   -0.03721707  0.03263406    0.03721707 -0.03263406
 -0.03721707  0.03263406   -0.08175325  0.04952641   -0.12251389 -0.03895662
  0.03721707 -0.03263406   -0.12251389 -0.03895662   -0.08175325  0.04952641
    2    2
  0.30621239  0.00000000   -0.00431950  0.00722744    0.00431950 -0.00722744
 -0.00431950 -0.00722744    0.25159364  0.00000000   -0.00072693  0.00000000
  0.00431950  0.00722744   -0.00072693  0.00000000    0.25159364  0.00000000

     Dynamical  Matrix in cartesian axes

     q = (   -0.750000000  -0.750000000   0.250000000 ) 

    1    1
  0.25159364  0.00000000    0.00072693  0.00000000   -0.00431950 -0.00722744
  0.00072693  0.00000000    0.25159364  0.00000000   -0.00431950 -0.00722744
 -0.00431950  0.00722744   -0.00431950  0.00722744    0.30621239  0.00000000
    1    2
 -0.04952641 -0.08175325   -0.03895662  0.12251389   -0.03263406 -0.03721707
 -0.03895662  0.12251389   -0.04952641 -0.08175325   -0.03263406 -0.03721707
 -0.03263406 -0.03721707   -0.03263406 -0.03721707   -0.04841159 -0.10045923
    2    1
 -0.04952641  0.08175325   -0.03895662 -0.12251389   -0.03263406  0.03721707
 -0.03895662 -0.12251389   -0.04952641  0.08175325   -0.03263406  0.03721707
 -0.03263406  0.03721707   -0.03263406  0.03721707   -0.04841159  0.10045923
    2    2
  0.25159364  0.00000000    0.00072693  0.00000000   -0.00431950  0.00722744
  0.00072693  0.00000000    0.25159364  0.00000000   -0.00431950  0.00722744
 -0.00431950 -0.00722744   -0.00431950 -0.00722744    0.30621239  0.00000000

     Dynamical  Matrix in cartesian axes

     q = (    0.250000000   0.750000000   0.750000000 ) 

    1    1
  0.30621239  0.00000000    0.00431950 -0.00722744    0.00431950 -0.00722744
  0.00431950  0.00722744    0.25159364  0.00000000    0.00072693  0.00000000
  0.00431950  0.00722744    0.00072693  0.00000000    0.25159364  0.00000000
    1    2
  0.10045923 -0.04841159   -0.03721707  0.03263406   -0.03721707  0.03263406
 -0.03721707  0.03263406    0.08175325 -0.04952641   -0.12251389 -0.03895662
 -0.03721707  0.03263406   -0.12251389 -0.03895662    0.08175325 -0.04952641
    2    1
  0.10045923  0.04841159   -0.03721707 -0.03263406   -0.03721707 -0.03263406
 -0.03721707 -0.03263406    0.08175325  0.04952641   -0.12251389  0.03895662
 -0.03721707 -0.03263406   -0.12251389  0.03895662    0.08175325  0.04952641
    2    2
  0.30621239  0.00000000    0.00431950  0.00722744    0.00431950  0.00722744
  0.00431950 -0.00722744    0.25159364  0.00000000    0.00072693  0.00000000
  0.00431950 -0.00722744    0.00072693  0.00000000    0.25159364  0.00000000

     Dynamical  Matrix in cartesian axes

     q = (   -0.250000000  -0.750000000   0.750000000 ) 

    1    1
  0.30621239  0.00000000    0.00431950 -0.00722744   -0.00431950  0.00722744
  0.00431950  0.00722744    0.25159364  0.00000000   -0.00072693  0.00000000
 -0.00431950 -0.00722744   -0.00072693  0.00000000    0.25159364  0.00000000
    1    2
 -0.10045923  0.04841159    0.03721707 -0.03263406   -0.03721707  0.03263406
  0.03721707 -0.03263406   -0.08175325  0.04952641   -0.12251389 -0.03895662
 -0.03721707  0.03263406   -0.12251389 -0.03895662   -0.08175325  0.04952641
    2    1
 -0.10045923 -0.04841159    0.03721707  0.03263406   -0.03721707 -0.03263406
  0.03721707  0.03263406   -0.08175325 -0.04952641   -0.12251389  0.03895662
 -0.03721707 -0.03263406   -0.12251389  0.03895662   -0.08175325 -0.04952641
    2    2
  0.30621239  0.00000000    0.00431950  0.00722744   -0.00431950 -0.00722744
  0.00431950 -0.00722744    0.25159364  0.00000000   -0.00072693  0.00000000
 -0.00431950  0.00722744   -0.00072693  0.00000000    0.25159364  0.00000000

     Dynamical  Matrix in cartesian axes

     q = (    0.750000000   0.750000000   0.250000000 ) 

    1    1
  0.25159364  0.00000000    0.00072693  0.00000000    0.00431950  0.00722744
  0.00072693  0.00000000    0.25159364  0.00000000    0.00431950  0.00722744
  0.00431950 -0.00722744    0.00431950 -0.00722744    0.30621239  0.00000000
    1    2
  0.08175325 -0.04952641   -0.12251389 -0.03895662   -0.03721707  0.03263406
 -0.12251389 -0.03895662    0.08175325 -0.04952641   -0.03721707  0.03263406
 -0.03721707  0.03263406   -0.03721707  0.03263406    0.10045923 -0.04841159
    2    1
  0.08175325  0.04952641   -0.12251389  0.03895662   -0.03721707 -0.03263406
 -0.12251389  0.03895662    0.08175325  0.04952641   -0.03721707 -0.03263406
 -0.03721707 -0.03263406   -0.03721707 -0.03263406    0.10045923  0.04841159
    2    2
  0.25159364  0.00000000    0.00072693  0.00000000    0.00431950 -0.00722744
  0.00072693  0.00000000    0.25159364  0.00000000    0.00431950 -0.00722744
  0.00431950  0.00722744    0.00431950  0.00722744    0.30621239  0.00000000

     Dynamical  Matrix in cartesian axes

     q = (    0.250000000  -0.750000000  -0.750000000 ) 

    1    1
  0.30621239  0.00000000   -0.00431950  0.00722744   -0.00431950  0.00722744
 -0.00431950 -0.00722744    0.25159364  0.00000000    0.00072693  0.00000000
 -0.00431950 -0.00722744    0.00072693  0.00000000    0.25159364  0.00000000
    1    2
 -0.04841159 -0.10045923   -0.03263406 -0.03721707   -0.03263406 -0.03721707
 -0.03263406 -0.03721707   -0.04952641 -0.08175325   -0.03895662  0.12251389
 -0.03263406 -0.03721707   -0.03895662  0.12251389   -0.04952641 -0.08175325
    2    1
 -0.04841159  0.10045923   -0.03263406  0.03721707   -0.03263406  0.03721707
 -0.03263406  0.03721707   -0.04952641  0.08175325   -0.03895662 -0.12251389
 -0.03263406  0.03721707   -0.03895662 -0.12251389   -0.04952641  0.08175325
    2    2
  0.30621239  0.00000000   -0.00431950 -0.00722744   -0.00431950 -0.00722744
 -0.00431950  0.00722744    0.25159364  0.00000000    0.00072693  0.00000000
 -0.00431950  0.00722744    0.00072693  0.00000000    0.25159364  0.00000000

     Dynamical  Matrix in cartesian axes

     q = (    0.750000000  -0.750000000  -0.250000000 ) 

    1    1
  0.25159364  0.00000000   -0.00072693  0.00000000   -0.00431950 -0.00722744
 -0.00072693  0.00000000    0.25159364  0.00000000    0.00431950  0.00722744
 -0.00431950  0.00722744    0.00431950 -0.00722744    0.30621239  0.00000000
    1    2
 -0.08175325  0.04952641   -0.12251389 -0.03895662   -0.03721707  0.03263406
 -0.12251389 -0.03895662   -0.08175325  0.04952641    0.03721707 -0.03263406
 -0.03721707  0.03263406    0.03721707 -0.03263406   -0.10045923  0.04841159
    2    1
 -0.08175325 -0.04952641   -0.12251389  0.03895662   -0.03721707 -0.03263406
 -0.12251389  0.03895662   -0.08175325 -0.04952641    0.03721707  0.03263406
 -0.03721707 -0.03263406    0.03721707  0.03263406   -0.10045923 -0.04841159
    2    2
  0.25159364  0.00000000   -0.00072693  0.00000000   -0.00431950  0.00722744
 -0.00072693  0.00000000    0.25159364  0.00000000    0.00431950 -0.00722744
 -0.00431950 -0.00722744    0.00431950  0.00722744    0.30621239  0.00000000

     Diagonalizing the dynamical matrix

     q = (    0.750000000  -0.250000000   0.750000000 ) 

 **************************************************************************
     freq (    1) =       4.425667 [THz] =     147.624360 [cm-1]
 (  0.025838 -0.499332  0.000000 -0.000000 -0.025838  0.499332 ) 
 (  0.500000  0.000000  0.000000  0.000000 -0.500000  0.000000 ) 
     freq (    2) =       6.808675 [THz] =     227.112955 [cm-1]
 ( -0.393807 -0.067736 -0.365569  0.216829 -0.393807 -0.067736 ) 
 ( -0.399590  0.000000 -0.323523 -0.275660 -0.399590  0.000000 ) 
     freq (    3) =       9.653232 [THz] =     321.997174 [cm-1]
 (  0.026915  0.335379 -0.476562 -0.215598  0.026915  0.335379 ) 
 (  0.336457  0.000000 -0.253030 -0.457787  0.336457  0.000000 ) 
     freq (    4) =      11.775854 [THz] =     392.800224 [cm-1]
 ( -0.248539 -0.308351  0.382642  0.199704 -0.248539 -0.308351 ) 
 (  0.396045  0.000000 -0.395612 -0.172590  0.396045  0.000000 ) 
     freq (    5) =      13.876021 [THz] =     462.854241 [cm-1]
 ( -0.025838  0.499332 -0.000000 -0.000000  0.025838 -0.499332 ) 
 (  0.500000  0.000000  0.000000  0.000000 -0.500000  0.000000 ) 
     freq (    6) =      13.931132 [THz] =     464.692541 [cm-1]
 ( -0.256458 -0.067095 -0.517856  0.302125 -0.256458 -0.067095 ) 
 (  0.265090  0.000000  0.424526  0.423359  0.265090  0.000000 ) 
 **************************************************************************
