Dynamical matrix file
                                                                           
  1    2  2 10.3940000  0.0000000  0.0000000  0.0000000  0.0000000  0.0000000
           1  'Si  '    25598.822984527003     
    1    1      0.0000000000      0.0000000000      0.0000000000
    2    1      0.2500000000      0.2500000000      0.2500000000

     Dynamical  Matrix in cartesian axes

     q = (   -0.250000000   0.250000000  -0.250000000 ) 

    1    1
  0.28925155  0.00000000   -0.01045111  0.00000000    0.01045111  0.00000000
 -0.01045111  0.00000000    0.28925155  0.00000000   -0.01045111  0.00000000
  0.01045111  0.00000000   -0.01045111  0.00000000    0.28925155  0.00000000
    1    2
 -0.21570997 -0.06543116   -0.03366233  0.03440036    0.03366233 -0.03440036
 -0.03366233  0.03440036   -0.21570997 -0.06543116   -0.03366233  0.03440036
  0.03366233 -0.03440036   -0.03366233  0.03440036   -0.21570997 -0.06543116
    2    1
 -0.21570997  0.06543116   -0.03366233 -0.03440036    0.03366233  0.03440036
 -0.03366233 -0.03440036   -0.21570997  0.06543116   -0.03366233 -0.03440036
  0.03366233  0.03440036   -0.03366233 -0.03440036   -0.21570997  0.06543116
    2    2
  0.28925155  0.00000000   -0.01045111  0.00000000    0.01045111  0.00000000
 -0.01045111  0.00000000    0.28925155  0.00000000   -0.01045111  0.00000000
  0.01045111  0.00000000   -0.01045111  0.00000000    0.28925155  0.00000000

     Dynamical  Matrix in cartesian axes

     q = (    0.250000000  -0.250000000  -0.250000000 ) 

    1    1
  0.28925155  0.00000000   -0.01045111  0.00000000   -0.01045111  0.00000000
 -0.01045111  0.00000000    0.28925155  0.00000000    0.01045111  0.00000000
 -0.01045111  0.00000000    0.01045111  0.00000000    0.28925155  0.00000000
    1    2
 -0.21570997 -0.06543116   -0.03366233  0.03440036   -0.03366233  0.03440036
 -0.03366233  0.03440036   -0.21570997 -0.06543116    0.03366233 -0.03440036
 -0.03366233  0.03440036    0.03366233 -0.03440036   -0.21570997 -0.06543116
    2    1
 -0.21570997  0.06543116   -0.03366233 -0.03440036   -0.03366233 -0.03440036
 -0.03366233 -0.03440036   -0.21570997  0.06543116    0.03366233  0.03440036
 -0.03366233 -0.03440036    0.03366233  0.03440036   -0.21570997  0.06543116
    2    2
  0.28925155  0.00000000   -0.01045111  0.00000000   -0.01045111  0.00000000
 -0.01045111  0.00000000    0.28925155  0.00000000    0.01045111  0.00000000
 -0.01045111  0.00000000    0.01045111  0.00000000    0.28925155  0.00000000

     Dynamical  Matrix in cartesian axes

     q = (    0.250000000  -0.250000000   0.250000000 ) 

    1    1
  0.28925155  0.00000000   -0.01045111  0.00000000    0.01045111  0.00000000
 -0.01045111  0.00000000    0.28925155  0.00000000   -0.01045111  0.00000000
  0.01045111  0.00000000   -0.01045111  0.00000000    0.28925155  0.00000000
    1    2
 -0.21570997  0.06543116   -0.03366233 -0.03440036    0.03366233  0.03440036
 -0.03366233 -0.03440036   -0.21570997  0.06543116   -0.03366233 -0.03440036
  0.03366233  0.03440036   -0.03366233 -0.03440036   -0.21570997  0.06543116
    2    1
 -0.21570997 -0.06543116   -0.03366233  0.03440036    0.03366233 -0.03440036
 -0.03366233  0.03440036   -0.21570997 -0.06543116   -0.03366233  0.03440036
  0.03366233 -0.03440036   -0.03366233  0.03440036   -0.21570997 -0.06543116
    2    2
  0.28925155  0.00000000   -0.01045111  0.00000000    0.01045111  0.00000000
 -0.01045111  0.00000000    0.28925155  0.00000000   -0.01045111  0.00000000
  0.01045111  0.00000000   -0.01045111  0.00000000    0.28925155  0.00000000

     Dynamical  Matrix in cartesian axes

     q = (    0.250000000   0.250000000   0.250000000 ) 

    1    1
  0.28925155  0.00000000    0.01045111  0.00000000    0.01045111  0.00000000
  0.01045111  0.00000000    0.28925155  0.00000000    0.01045111  0.00000000
  0.01045111  0.00000000    0.01045111  0.00000000    0.28925155  0.00000000
    1    2
 -0.06543116  0.21570997   -0.03440036 -0.03366233   -0.03440036 -0.03366233
 -0.03440036 -0.03366233   -0.06543116  0.21570997   -0.03440036 -0.03366233
 -0.03440036 -0.03366233   -0.03440036 -0.03366233   -0.06543116  0.21570997
    2    1
 -0.06543116 -0.21570997   -0.03440036  0.03366233   -0.03440036  0.03366233
 -0.03440036  0.03366233   -0.06543116 -0.21570997   -0.03440036  0.03366233
 -0.03440036  0.03366233   -0.03440036  0.03366233   -0.06543116 -0.21570997
    2    2
  0.28925155  0.00000000    0.01045111  0.00000000    0.01045111  0.00000000
  0.01045111  0.00000000    0.28925155  0.00000000    0.01045111  0.00000000
  0.01045111  0.00000000    0.01045111  0.00000000    0.28925155  0.00000000

     Dynamical  Matrix in cartesian axes

     q = (   -0.250000000  -0.250000000  -0.250000000 ) 

    1    1
  0.28925155  0.00000000    0.01045111  0.00000000    0.01045111  0.00000000
  0.01045111  0.00000000    0.28925155  0.00000000    0.01045111  0.00000000
  0.01045111  0.00000000    0.01045111  0.00000000    0.28925155  0.00000000
    1    2
 -0.06543116 -0.21570997   -0.03440036  0.03366233   -0.03440036  0.03366233
 -0.03440036  0.03366233   -0.06543116 -0.21570997   -0.03440036  0.03366233
 -0.03440036  0.03366233   -0.03440036  0.03366233   -0.06543116 -0.21570997
    2    1
 -0.06543116  0.21570997   -0.03440036 -0.03366233   -0.03440036 -0.03366233
 -0.03440036 -0.03366233   -0.06543116  0.21570997   -0.03440036 -0.03366233
 -0.03440036 -0.03366233   -0.03440036 -0.03366233   -0.06543116  0.21570997
    2    2
  0.28925155  0.00000000    0.01045111  0.00000000    0.01045111  0.00000000
  0.01045111  0.00000000    0.28925155  0.00000000    0.01045111  0.00000000
  0.01045111  0.00000000    0.01045111  0.00000000    0.28925155  0.00000000

     Dynamical  Matrix in cartesian axes

     q = (   -0.250000000  -0.250000000   0.250000000 ) 

    1    1
  0.28925155  0.00000000    0.01045111  0.00000000   -0.01045111  0.00000000
  0.01045111  0.00000000    0.28925155  0.00000000   -0.01045111  0.00000000
 -0.01045111  0.00000000   -0.01045111  0.00000000    0.28925155  0.00000000
    1    2
 -0.21570997 -0.06543116    0.03366233 -0.03440036   -0.03366233  0.03440036
  0.03366233 -0.03440036   -0.21570997 -0.06543116   -0.03366233  0.03440036
 -0.03366233  0.03440036   -0.03366233  0.03440036   -0.21570997 -0.06543116
    2    1
 -0.21570997  0.06543116    0.03366233  0.03440036   -0.03366233 -0.03440036
  0.03366233  0.03440036   -0.21570997  0.06543116   -0.03366233 -0.03440036
 -0.03366233 -0.03440036   -0.03366233 -0.03440036   -0.21570997  0.06543116
    2    2
  0.28925155  0.00000000    0.01045111  0.00000000   -0.01045111  0.00000000
  0.01045111  0.00000000    0.28925155  0.00000000   -0.01045111  0.00000000
 -0.01045111  0.00000000   -0.01045111  0.00000000    0.28925155  0.00000000

     Dynamical  Matrix in cartesian axes

     q = (   -0.250000000   0.250000000   0.250000000 ) 

    1    1
  0.28925155  0.00000000   -0.01045111  0.00000000   -0.01045111  0.00000000
 -0.01045111  0.00000000    0.28925155  0.00000000    0.01045111  0.00000000
 -0.01045111  0.00000000    0.01045111  0.00000000    0.28925155  0.00000000
    1    2
 -0.21570997  0.06543116   -0.03366233 -0.03440036   -0.03366233 -0.03440036
 -0.03366233 -0.03440036   -0.21570997  0.06543116    0.03366233  0.03440036
 -0.03366233 -0.03440036    0.03366233  0.03440036   -0.21570997  0.06543116
    2    1
 -0.21570997 -0.06543116   -0.03366233  0.03440036   -0.03366233  0.03440036
 -0.03366233  0.03440036   -0.21570997 -0.06543116    0.03366233 -0.03440036
 -0.03366233  0.03440036    0.03366233 -0.03440036   -0.21570997 -0.06543116
    2    2
  0.28925155  0.00000000   -0.01045111  0.00000000   -0.01045111  0.00000000
 -0.01045111  0.00000000    0.28925155  0.00000000    0.01045111  0.00000000
 -0.01045111  0.00000000    0.01045111  0.00000000    0.28925155  0.00000000

     Dynamical  Matrix in cartesian axes

     q = (    0.250000000   0.250000000  -0.250000000 ) 

    1    1
  0.28925155  0.00000000    0.01045111  0.00000000   -0.01045111  0.00000000
  0.01045111  0.00000000    0.28925155  0.00000000   -0.01045111  0.00000000
 -0.01045111  0.00000000   -0.01045111  0.00000000    0.28925155  0.00000000
    1    2
 -0.21570997  0.06543116    0.03366233  0.03440036   -0.03366233 -0.03440036
  0.03366233  0.03440036   -0.21570997  0.06543116   -0.03366233 -0.03440036
 -0.03366233 -0.03440036   -0.03366233 -0.03440036   -0.21570997  0.06543116
    2    1
 -0.21570997 -0.06543116    0.03366233 -0.03440036   -0.03366233  0.03440036
  0.03366233 -0.03440036   -0.21570997 -0.06543116   -0.03366233  0.03440036
 -0.03366233  0.03440036   -0.03366233  0.03440036   -0.21570997 -0.06543116
    2    2
  0.28925155  0.00000000    0.01045111  0.00000000   -0.01045111  0.00000000
  0.01045111  0.00000000    0.28925155  0.00000000   -0.01045111  0.00000000
 -0.01045111  0.00000000   -0.01045111  0.00000000    0.28925155  0.00000000

     Diagonalizing the dynamical matrix

     q = (   -0.250000000   0.250000000  -0.250000000 ) 

 **************************************************************************
     freq (    1) =       3.410122 [THz] =     113.749436 [cm-1]
 ( -0.550759 -0.115885 -0.164343 -0.067801  0.386416  0.048084 ) 
 ( -0.560854 -0.046989 -0.171457 -0.046989  0.389396  0.000000 ) 
     freq (    2) =       3.410122 [THz] =     113.749436 [cm-1]
 (  0.115121  0.057580  0.538126  0.110217  0.423005  0.052637 ) 
 (  0.121350  0.042924  0.547618  0.042924  0.426267  0.000000 ) 
     freq (    3) =       6.821585 [THz] =     227.543590 [cm-1]
 ( -0.302753 -0.273875  0.302753  0.273875 -0.302753 -0.273875 ) 
 ( -0.408248  0.000000  0.408248 -0.000000 -0.408248  0.000000 ) 
     freq (    4) =      14.687718 [THz] =     489.929521 [cm-1]
 ( -0.302753 -0.273875  0.302753  0.273875 -0.302753 -0.273875 ) 
 (  0.408248  0.000000 -0.408248 -0.000000  0.408248  0.000000 ) 
     freq (    5) =      14.970707 [THz] =     499.369017 [cm-1]
 (  0.221050  0.041459 -0.347257 -0.029259 -0.568307 -0.070718 ) 
 ( -0.224478 -0.013845  0.348213 -0.013845  0.572690  0.000000 ) 
     freq (    6) =      14.970707 [THz] =     499.369017 [cm-1]
 ( -0.529986  0.043200 -0.457341  0.052240  0.072645  0.009040 ) 
 (  0.520595 -0.108314  0.447390 -0.108314 -0.073205  0.000000 ) 
 **************************************************************************
