Dynamical matrix file
                                                                           
  1    2  2 10.3140000  0.0000000  0.0000000  0.0000000  0.0000000  0.0000000
           1  'Si  '    25598.822984527003     
    1    1      0.0000000000      0.0000000000      0.0000000000
    2    1      0.2500000000      0.2500000000      0.2500000000

     Dynamical  Matrix in cartesian axes

     q = (    0.750000000  -0.250000000   0.750000000 ) 

    1    1
  0.24904499  0.00000000   -0.00638489  0.00772997    0.00596565  0.00000000
 -0.00638489 -0.00772997    0.30056083  0.00000000   -0.00638489 -0.00772997
  0.00596565  0.00000000   -0.00638489  0.00772997    0.24904499  0.00000000
    1    2
 -0.06107980  0.06221943   -0.04176392  0.04419780   -0.04213479 -0.13804719
 -0.04176392  0.04419780   -0.05943432  0.08069482   -0.04176392  0.04419780
 -0.04213479 -0.13804719   -0.04176392  0.04419780   -0.06107980  0.06221943
    2    1
 -0.06107980 -0.06221943   -0.04176392 -0.04419780   -0.04213479  0.13804719
 -0.04176392 -0.04419780   -0.05943432 -0.08069482   -0.04176392 -0.04419780
 -0.04213479  0.13804719   -0.04176392 -0.04419780   -0.06107980 -0.06221943
    2    2
  0.24904499  0.00000000   -0.00638489 -0.00772997    0.00596565  0.00000000
 -0.00638489  0.00772997    0.30056083  0.00000000   -0.00638489  0.00772997
  0.00596565  0.00000000   -0.00638489 -0.00772997    0.24904499  0.00000000

     Dynamical  Matrix in cartesian axes

     q = (    0.750000000  -0.250000000  -0.750000000 ) 

    1    1
  0.24904499  0.00000000   -0.00638489 -0.00772997   -0.00596565  0.00000000
 -0.00638489  0.00772997    0.30056083  0.00000000    0.00638489 -0.00772997
 -0.00596565  0.00000000    0.00638489  0.00772997    0.24904499  0.00000000
    1    2
 -0.06221943  0.06107980   -0.04419780  0.04176392   -0.13804719 -0.04213479
 -0.04419780  0.04176392   -0.08069482  0.05943432    0.04419780 -0.04176392
 -0.13804719 -0.04213479    0.04419780 -0.04176392   -0.06221943  0.06107980
    2    1
 -0.06221943 -0.06107980   -0.04419780 -0.04176392   -0.13804719  0.04213479
 -0.04419780 -0.04176392   -0.08069482 -0.05943432    0.04419780  0.04176392
 -0.13804719  0.04213479    0.04419780  0.04176392   -0.06221943 -0.06107980
    2    2
  0.24904499  0.00000000   -0.00638489  0.00772997   -0.00596565  0.00000000
 -0.00638489 -0.00772997    0.30056083  0.00000000    0.00638489  0.00772997
 -0.00596565  0.00000000    0.00638489 -0.00772997    0.24904499  0.00000000

     Dynamical  Matrix in cartesian axes

     q = (   -0.750000000  -0.250000000  -0.750000000 ) 

    1    1
  0.24904499  0.00000000    0.00638489 -0.00772997    0.00596565  0.00000000
  0.00638489  0.00772997    0.30056083  0.00000000    0.00638489  0.00772997
  0.00596565  0.00000000    0.00638489 -0.00772997    0.24904499  0.00000000
    1    2
  0.06221943  0.06107980   -0.04419780 -0.04176392   -0.13804719  0.04213479
 -0.04419780 -0.04176392    0.08069482  0.05943432   -0.04419780 -0.04176392
 -0.13804719  0.04213479   -0.04419780 -0.04176392    0.06221943  0.06107980
    2    1
  0.06221943 -0.06107980   -0.04419780  0.04176392   -0.13804719 -0.04213479
 -0.04419780  0.04176392    0.08069482 -0.05943432   -0.04419780  0.04176392
 -0.13804719 -0.04213479   -0.04419780  0.04176392    0.06221943 -0.06107980
    2    2
  0.24904499  0.00000000    0.00638489  0.00772997    0.00596565  0.00000000
  0.00638489 -0.00772997    0.30056083  0.00000000    0.00638489 -0.00772997
  0.00596565  0.00000000    0.00638489  0.00772997    0.24904499  0.00000000

     Dynamical  Matrix in cartesian axes

     q = (   -0.750000000  -0.250000000   0.750000000 ) 

    1    1
  0.24904499  0.00000000    0.00638489  0.00772997   -0.00596565  0.00000000
  0.00638489 -0.00772997    0.30056083  0.00000000   -0.00638489  0.00772997
 -0.00596565  0.00000000   -0.00638489 -0.00772997    0.24904499  0.00000000
    1    2
 -0.06221943  0.06107980    0.04419780 -0.04176392   -0.13804719 -0.04213479
  0.04419780 -0.04176392   -0.08069482  0.05943432   -0.04419780  0.04176392
 -0.13804719 -0.04213479   -0.04419780  0.04176392   -0.06221943  0.06107980
    2    1
 -0.06221943 -0.06107980    0.04419780  0.04176392   -0.13804719  0.04213479
  0.04419780  0.04176392   -0.08069482 -0.05943432   -0.04419780 -0.04176392
 -0.13804719  0.04213479   -0.04419780 -0.04176392   -0.06221943 -0.06107980
    2    2
  0.24904499  0.00000000    0.00638489 -0.00772997   -0.00596565  0.00000000
  0.00638489  0.00772997    0.30056083  0.00000000   -0.00638489 -0.00772997
 -0.00596565  0.00000000   -0.00638489  0.00772997    0.24904499  0.00000000

     Dynamical  Matrix in cartesian axes

     q = (   -0.750000000   0.250000000  -0.750000000 ) 

    1    1
  0.24904499  0.00000000   -0.00638489 -0.00772997    0.00596565  0.00000000
 -0.00638489  0.00772997    0.30056083  0.00000000   -0.00638489  0.00772997
  0.00596565  0.00000000   -0.00638489 -0.00772997    0.24904499  0.00000000
    1    2
 -0.06107980 -0.06221943   -0.04176392 -0.04419780   -0.04213479  0.13804719
 -0.04176392 -0.04419780   -0.05943432 -0.08069482   -0.04176392 -0.04419780
 -0.04213479  0.13804719   -0.04176392 -0.04419780   -0.06107980 -0.06221943
    2    1
 -0.06107980  0.06221943   -0.04176392  0.04419780   -0.04213479 -0.13804719
 -0.04176392  0.04419780   -0.05943432  0.08069482   -0.04176392  0.04419780
 -0.04213479 -0.13804719   -0.04176392  0.04419780   -0.06107980  0.06221943
    2    2
  0.24904499  0.00000000   -0.00638489  0.00772997    0.00596565  0.00000000
 -0.00638489 -0.00772997    0.30056083  0.00000000   -0.00638489 -0.00772997
  0.00596565  0.00000000   -0.00638489  0.00772997    0.24904499  0.00000000

     Dynamical  Matrix in cartesian axes

     q = (   -0.250000000   0.750000000  -0.750000000 ) 

    1    1
  0.30056083  0.00000000   -0.00638489  0.00772997    0.00638489 -0.00772997
 -0.00638489 -0.00772997    0.24904499  0.00000000   -0.00596565  0.00000000
  0.00638489  0.00772997   -0.00596565  0.00000000    0.24904499  0.00000000
    1    2
 -0.08069482  0.05943432   -0.04419780  0.04176392    0.04419780 -0.04176392
 -0.04419780  0.04176392   -0.06221943  0.06107980   -0.13804719 -0.04213479
  0.04419780 -0.04176392   -0.13804719 -0.04213479   -0.06221943  0.06107980
    2    1
 -0.08069482 -0.05943432   -0.04419780 -0.04176392    0.04419780  0.04176392
 -0.04419780 -0.04176392   -0.06221943 -0.06107980   -0.13804719  0.04213479
  0.04419780  0.04176392   -0.13804719  0.04213479   -0.06221943 -0.06107980
    2    2
  0.30056083  0.00000000   -0.00638489 -0.00772997    0.00638489  0.00772997
 -0.00638489  0.00772997    0.24904499  0.00000000   -0.00596565  0.00000000
  0.00638489 -0.00772997   -0.00596565  0.00000000    0.24904499  0.00000000

     Dynamical  Matrix in cartesian axes

     q = (   -0.750000000   0.750000000  -0.250000000 ) 

    1    1
  0.24904499  0.00000000   -0.00596565  0.00000000    0.00638489  0.00772997
 -0.00596565  0.00000000    0.24904499  0.00000000   -0.00638489 -0.00772997
  0.00638489 -0.00772997   -0.00638489  0.00772997    0.30056083  0.00000000
    1    2
 -0.06221943  0.06107980   -0.13804719 -0.04213479    0.04419780 -0.04176392
 -0.13804719 -0.04213479   -0.06221943  0.06107980   -0.04419780  0.04176392
  0.04419780 -0.04176392   -0.04419780  0.04176392   -0.08069482  0.05943432
    2    1
 -0.06221943 -0.06107980   -0.13804719  0.04213479    0.04419780  0.04176392
 -0.13804719  0.04213479   -0.06221943 -0.06107980   -0.04419780 -0.04176392
  0.04419780  0.04176392   -0.04419780 -0.04176392   -0.08069482 -0.05943432
    2    2
  0.24904499  0.00000000   -0.00596565  0.00000000    0.00638489 -0.00772997
 -0.00596565  0.00000000    0.24904499  0.00000000   -0.00638489  0.00772997
  0.00638489  0.00772997   -0.00638489 -0.00772997    0.30056083  0.00000000

     Dynamical  Matrix in cartesian axes

     q = (    0.750000000   0.250000000   0.750000000 ) 

    1    1
  0.24904499  0.00000000    0.00638489  0.00772997    0.00596565  0.00000000
  0.00638489 -0.00772997    0.30056083  0.00000000    0.00638489 -0.00772997
  0.00596565  0.00000000    0.00638489  0.00772997    0.24904499  0.00000000
    1    2
  0.06221943 -0.06107980   -0.04419780  0.04176392   -0.13804719 -0.04213479
 -0.04419780  0.04176392    0.08069482 -0.05943432   -0.04419780  0.04176392
 -0.13804719 -0.04213479   -0.04419780  0.04176392    0.06221943 -0.06107980
    2    1
  0.06221943  0.06107980   -0.04419780 -0.04176392   -0.13804719  0.04213479
 -0.04419780 -0.04176392    0.08069482  0.05943432   -0.04419780 -0.04176392
 -0.13804719  0.04213479   -0.04419780 -0.04176392    0.06221943  0.06107980
    2    2
  0.24904499  0.00000000    0.00638489 -0.00772997    0.00596565  0.00000000
  0.00638489  0.00772997    0.30056083  0.00000000    0.00638489  0.00772997
  0.00596565  0.00000000    0.00638489 -0.00772997    0.24904499  0.00000000

     Dynamical  Matrix in cartesian axes

     q = (   -0.750000000   0.250000000   0.750000000 ) 

    1    1
  0.24904499  0.00000000   -0.00638489  0.00772997   -0.00596565  0.00000000
 -0.00638489 -0.00772997    0.30056083  0.00000000    0.00638489  0.00772997
 -0.00596565  0.00000000    0.00638489 -0.00772997    0.24904499  0.00000000
    1    2
 -0.06221943 -0.06107980   -0.04419780 -0.04176392   -0.13804719  0.04213479
 -0.04419780 -0.04176392   -0.08069482 -0.05943432    0.04419780  0.04176392
 -0.13804719  0.04213479    0.04419780  0.04176392   -0.06221943 -0.06107980
    2    1
 -0.06221943  0.06107980   -0.04419780  0.04176392   -0.13804719 -0.04213479
 -0.04419780  0.04176392   -0.08069482  0.05943432    0.04419780 -0.04176392
 -0.13804719 -0.04213479    0.04419780 -0.04176392   -0.06221943  0.06107980
    2    2
  0.24904499  0.00000000   -0.00638489 -0.00772997   -0.00596565  0.00000000
 -0.00638489  0.00772997    0.30056083  0.00000000    0.00638489 -0.00772997
 -0.00596565  0.00000000    0.00638489  0.00772997    0.24904499  0.00000000

     Dynamical  Matrix in cartesian axes

     q = (    0.750000000   0.250000000  -0.750000000 ) 

    1    1
  0.24904499  0.00000000    0.00638489 -0.00772997   -0.00596565  0.00000000
  0.00638489  0.00772997    0.30056083  0.00000000   -0.00638489 -0.00772997
 -0.00596565  0.00000000   -0.00638489  0.00772997    0.24904499  0.00000000
    1    2
 -0.06221943 -0.06107980    0.04419780  0.04176392   -0.13804719  0.04213479
  0.04419780  0.04176392   -0.08069482 -0.05943432   -0.04419780 -0.04176392
 -0.13804719  0.04213479   -0.04419780 -0.04176392   -0.06221943 -0.06107980
    2    1
 -0.06221943  0.06107980    0.04419780 -0.04176392   -0.13804719 -0.04213479
  0.04419780 -0.04176392   -0.08069482  0.05943432   -0.04419780  0.04176392
 -0.13804719 -0.04213479   -0.04419780  0.04176392   -0.06221943  0.06107980
    2    2
  0.24904499  0.00000000    0.00638489  0.00772997   -0.00596565  0.00000000
  0.00638489 -0.00772997    0.30056083  0.00000000   -0.00638489  0.00772997
 -0.00596565  0.00000000   -0.00638489 -0.00772997    0.24904499  0.00000000

     Dynamical  Matrix in cartesian axes

     q = (   -0.750000000   0.750000000   0.250000000 ) 

    1    1
  0.24904499  0.00000000   -0.00596565  0.00000000   -0.00638489  0.00772997
 -0.00596565  0.00000000    0.24904499  0.00000000    0.00638489 -0.00772997
 -0.00638489 -0.00772997    0.00638489  0.00772997    0.30056083  0.00000000
    1    2
 -0.06221943 -0.06107980   -0.13804719  0.04213479   -0.04419780 -0.04176392
 -0.13804719  0.04213479   -0.06221943 -0.06107980    0.04419780  0.04176392
 -0.04419780 -0.04176392    0.04419780  0.04176392   -0.08069482 -0.05943432
    2    1
 -0.06221943  0.06107980   -0.13804719 -0.04213479   -0.04419780  0.04176392
 -0.13804719 -0.04213479   -0.06221943  0.06107980    0.04419780 -0.04176392
 -0.04419780  0.04176392    0.04419780 -0.04176392   -0.08069482  0.05943432
    2    2
  0.24904499  0.00000000   -0.00596565  0.00000000   -0.00638489 -0.00772997
 -0.00596565  0.00000000    0.24904499  0.00000000    0.00638489  0.00772997
 -0.00638489  0.00772997    0.00638489 -0.00772997    0.30056083  0.00000000

     Dynamical  Matrix in cartesian axes

     q = (   -0.250000000   0.750000000   0.750000000 ) 

    1    1
  0.30056083  0.00000000   -0.00638489 -0.00772997   -0.00638489 -0.00772997
 -0.00638489  0.00772997    0.24904499  0.00000000    0.00596565  0.00000000
 -0.00638489  0.00772997    0.00596565  0.00000000    0.24904499  0.00000000
    1    2
 -0.05943432  0.08069482   -0.04176392  0.04419780   -0.04176392  0.04419780
 -0.04176392  0.04419780   -0.06107980  0.06221943   -0.04213479 -0.13804719
 -0.04176392  0.04419780   -0.04213479 -0.13804719   -0.06107980  0.06221943
    2    1
 -0.05943432 -0.08069482   -0.04176392 -0.04419780   -0.04176392 -0.04419780
 -0.04176392 -0.04419780   -0.06107980 -0.06221943   -0.04213479  0.13804719
 -0.04176392 -0.04419780   -0.04213479  0.13804719   -0.06107980 -0.06221943
    2    2
  0.30056083  0.00000000   -0.00638489  0.00772997   -0.00638489  0.00772997
 -0.00638489 -0.00772997    0.24904499  0.00000000    0.00596565  0.00000000
 -0.00638489 -0.00772997    0.00596565  0.00000000    0.24904499  0.00000000

     Dynamical  Matrix in cartesian axes

     q = (    0.250000000   0.750000000  -0.750000000 ) 

    1    1
  0.30056083  0.00000000    0.00638489  0.00772997   -0.00638489 -0.00772997
  0.00638489 -0.00772997    0.24904499  0.00000000   -0.00596565  0.00000000
 -0.00638489  0.00772997   -0.00596565  0.00000000    0.24904499  0.00000000
    1    2
 -0.08069482 -0.05943432    0.04419780  0.04176392   -0.04419780 -0.04176392
  0.04419780  0.04176392   -0.06221943 -0.06107980   -0.13804719  0.04213479
 -0.04419780 -0.04176392   -0.13804719  0.04213479   -0.06221943 -0.06107980
    2    1
 -0.08069482  0.05943432    0.04419780 -0.04176392   -0.04419780  0.04176392
  0.04419780 -0.04176392   -0.06221943  0.06107980   -0.13804719 -0.04213479
 -0.04419780  0.04176392   -0.13804719 -0.04213479   -0.06221943  0.06107980
    2    2
  0.30056083  0.00000000    0.00638489 -0.00772997   -0.00638489  0.00772997
  0.00638489  0.00772997    0.24904499  0.00000000   -0.00596565  0.00000000
 -0.00638489 -0.00772997   -0.00596565  0.00000000    0.24904499  0.00000000

     Dynamical  Matrix in cartesian axes

     q = (   -0.250000000  -0.750000000  -0.750000000 ) 

    1    1
  0.30056083  0.00000000    0.00638489  0.00772997    0.00638489  0.00772997
  0.00638489 -0.00772997    0.24904499  0.00000000    0.00596565  0.00000000
  0.00638489 -0.00772997    0.00596565  0.00000000    0.24904499  0.00000000
    1    2
  0.08069482  0.05943432   -0.04419780 -0.04176392   -0.04419780 -0.04176392
 -0.04419780 -0.04176392    0.06221943  0.06107980   -0.13804719  0.04213479
 -0.04419780 -0.04176392   -0.13804719  0.04213479    0.06221943  0.06107980
    2    1
  0.08069482 -0.05943432   -0.04419780  0.04176392   -0.04419780  0.04176392
 -0.04419780  0.04176392    0.06221943 -0.06107980   -0.13804719 -0.04213479
 -0.04419780  0.04176392   -0.13804719 -0.04213479    0.06221943 -0.06107980
    2    2
  0.30056083  0.00000000    0.00638489 -0.00772997    0.00638489 -0.00772997
  0.00638489  0.00772997    0.24904499  0.00000000    0.00596565  0.00000000
  0.00638489  0.00772997    0.00596565  0.00000000    0.24904499  0.00000000

     Dynamical  Matrix in cartesian axes

     q = (    0.750000000   0.750000000  -0.250000000 ) 

    1    1
  0.24904499  0.00000000    0.00596565  0.00000000   -0.00638489  0.00772997
  0.00596565  0.00000000    0.24904499  0.00000000   -0.00638489  0.00772997
 -0.00638489 -0.00772997   -0.00638489 -0.00772997    0.30056083  0.00000000
    1    2
 -0.06107980  0.06221943   -0.04213479 -0.13804719   -0.04176392  0.04419780
 -0.04213479 -0.13804719   -0.06107980  0.06221943   -0.04176392  0.04419780
 -0.04176392  0.04419780   -0.04176392  0.04419780   -0.05943432  0.08069482
    2    1
 -0.06107980 -0.06221943   -0.04213479  0.13804719   -0.04176392 -0.04419780
 -0.04213479  0.13804719   -0.06107980 -0.06221943   -0.04176392 -0.04419780
 -0.04176392 -0.04419780   -0.04176392 -0.04419780   -0.05943432 -0.08069482
    2    2
  0.24904499  0.00000000    0.00596565  0.00000000   -0.00638489 -0.00772997
  0.00596565  0.00000000    0.24904499  0.00000000   -0.00638489 -0.00772997
 -0.00638489  0.00772997   -0.00638489  0.00772997    0.30056083  0.00000000

     Dynamical  Matrix in cartesian axes

     q = (    0.750000000  -0.750000000   0.250000000 ) 

    1    1
  0.24904499  0.00000000   -0.00596565  0.00000000    0.00638489 -0.00772997
 -0.00596565  0.00000000    0.24904499  0.00000000   -0.00638489  0.00772997
  0.00638489  0.00772997   -0.00638489 -0.00772997    0.30056083  0.00000000
    1    2
 -0.06221943 -0.06107980   -0.13804719  0.04213479    0.04419780  0.04176392
 -0.13804719  0.04213479   -0.06221943 -0.06107980   -0.04419780 -0.04176392
  0.04419780  0.04176392   -0.04419780 -0.04176392   -0.08069482 -0.05943432
    2    1
 -0.06221943  0.06107980   -0.13804719 -0.04213479    0.04419780 -0.04176392
 -0.13804719 -0.04213479   -0.06221943  0.06107980   -0.04419780  0.04176392
  0.04419780 -0.04176392   -0.04419780  0.04176392   -0.08069482  0.05943432
    2    2
  0.24904499  0.00000000   -0.00596565  0.00000000    0.00638489  0.00772997
 -0.00596565  0.00000000    0.24904499  0.00000000   -0.00638489 -0.00772997
  0.00638489 -0.00772997   -0.00638489  0.00772997    0.30056083  0.00000000

     Dynamical  Matrix in cartesian axes

     q = (   -0.750000000  -0.750000000  -0.250000000 ) 

    1    1
  0.24904499  0.00000000    0.00596565  0.00000000    0.00638489 -0.00772997
  0.00596565  0.00000000    0.24904499  0.00000000    0.00638489 -0.00772997
  0.00638489  0.00772997    0.00638489  0.00772997    0.30056083  0.00000000
    1    2
  0.06221943  0.06107980   -0.13804719  0.04213479   -0.04419780 -0.04176392
 -0.13804719  0.04213479    0.06221943  0.06107980   -0.04419780 -0.04176392
 -0.04419780 -0.04176392   -0.04419780 -0.04176392    0.08069482  0.05943432
    2    1
  0.06221943 -0.06107980   -0.13804719 -0.04213479   -0.04419780  0.04176392
 -0.13804719 -0.04213479    0.06221943 -0.06107980   -0.04419780  0.04176392
 -0.04419780  0.04176392   -0.04419780  0.04176392    0.08069482 -0.05943432
    2    2
  0.24904499  0.00000000    0.00596565  0.00000000    0.00638489  0.00772997
  0.00596565  0.00000000    0.24904499  0.00000000    0.00638489  0.00772997
  0.00638489 -0.00772997    0.00638489 -0.00772997    0.30056083  0.00000000

     Dynamical  Matrix in cartesian axes

     q = (    0.250000000  -0.750000000   0.750000000 ) 

    1    1
  0.30056083  0.00000000   -0.00638489 -0.00772997    0.00638489  0.00772997
 -0.00638489  0.00772997    0.24904499  0.00000000   -0.00596565  0.00000000
  0.00638489 -0.00772997   -0.00596565  0.00000000    0.24904499  0.00000000
    1    2
 -0.08069482 -0.05943432   -0.04419780 -0.04176392    0.04419780  0.04176392
 -0.04419780 -0.04176392   -0.06221943 -0.06107980   -0.13804719  0.04213479
  0.04419780  0.04176392   -0.13804719  0.04213479   -0.06221943 -0.06107980
    2    1
 -0.08069482  0.05943432   -0.04419780  0.04176392    0.04419780 -0.04176392
 -0.04419780  0.04176392   -0.06221943  0.06107980   -0.13804719 -0.04213479
  0.04419780 -0.04176392   -0.13804719 -0.04213479   -0.06221943  0.06107980
    2    2
  0.30056083  0.00000000   -0.00638489  0.00772997    0.00638489 -0.00772997
 -0.00638489 -0.00772997    0.24904499  0.00000000   -0.00596565  0.00000000
  0.00638489  0.00772997   -0.00596565  0.00000000    0.24904499  0.00000000

     Dynamical  Matrix in cartesian axes

     q = (   -0.750000000  -0.750000000   0.250000000 ) 

    1    1
  0.24904499  0.00000000    0.00596565  0.00000000   -0.00638489 -0.00772997
  0.00596565  0.00000000    0.24904499  0.00000000   -0.00638489 -0.00772997
 -0.00638489  0.00772997   -0.00638489  0.00772997    0.30056083  0.00000000
    1    2
 -0.06107980 -0.06221943   -0.04213479  0.13804719   -0.04176392 -0.04419780
 -0.04213479  0.13804719   -0.06107980 -0.06221943   -0.04176392 -0.04419780
 -0.04176392 -0.04419780   -0.04176392 -0.04419780   -0.05943432 -0.08069482
    2    1
 -0.06107980  0.06221943   -0.04213479 -0.13804719   -0.04176392  0.04419780
 -0.04213479 -0.13804719   -0.06107980  0.06221943   -0.04176392  0.04419780
 -0.04176392  0.04419780   -0.04176392  0.04419780   -0.05943432  0.08069482
    2    2
  0.24904499  0.00000000    0.00596565  0.00000000   -0.00638489  0.00772997
  0.00596565  0.00000000    0.24904499  0.00000000   -0.00638489  0.00772997
 -0.00638489 -0.00772997   -0.00638489 -0.00772997    0.30056083  0.00000000

     Dynamical  Matrix in cartesian axes

     q = (    0.250000000   0.750000000   0.750000000 ) 

    1    1
  0.30056083  0.00000000    0.00638489 -0.00772997    0.00638489 -0.00772997
  0.00638489  0.00772997    0.24904499  0.00000000    0.00596565  0.00000000
  0.00638489  0.00772997    0.00596565  0.00000000    0.24904499  0.00000000
    1    2
  0.08069482 -0.05943432   -0.04419780  0.04176392   -0.04419780  0.04176392
 -0.04419780  0.04176392    0.06221943 -0.06107980   -0.13804719 -0.04213479
 -0.04419780  0.04176392   -0.13804719 -0.04213479    0.06221943 -0.06107980
    2    1
  0.08069482  0.05943432   -0.04419780 -0.04176392   -0.04419780 -0.04176392
 -0.04419780 -0.04176392    0.06221943  0.06107980   -0.13804719  0.04213479
 -0.04419780 -0.04176392   -0.13804719  0.04213479    0.06221943  0.06107980
    2    2
  0.30056083  0.00000000    0.00638489  0.00772997    0.00638489  0.00772997
  0.00638489 -0.00772997    0.24904499  0.00000000    0.00596565  0.00000000
  0.00638489 -0.00772997    0.00596565  0.00000000    0.24904499  0.00000000

     Dynamical  Matrix in cartesian axes

     q = (   -0.250000000  -0.750000000   0.750000000 ) 

    1    1
  0.30056083  0.00000000    0.00638489 -0.00772997   -0.00638489  0.00772997
  0.00638489  0.00772997    0.24904499  0.00000000   -0.00596565  0.00000000
 -0.00638489 -0.00772997   -0.00596565  0.00000000    0.24904499  0.00000000
    1    2
 -0.08069482  0.05943432    0.04419780 -0.04176392   -0.04419780  0.04176392
  0.04419780 -0.04176392   -0.06221943  0.06107980   -0.13804719 -0.04213479
 -0.04419780  0.04176392   -0.13804719 -0.04213479   -0.06221943  0.06107980
    2    1
 -0.08069482 -0.05943432    0.04419780  0.04176392   -0.04419780 -0.04176392
  0.04419780  0.04176392   -0.06221943 -0.06107980   -0.13804719  0.04213479
 -0.04419780 -0.04176392   -0.13804719  0.04213479   -0.06221943 -0.06107980
    2    2
  0.30056083  0.00000000    0.00638489  0.00772997   -0.00638489 -0.00772997
  0.00638489 -0.00772997    0.24904499  0.00000000   -0.00596565  0.00000000
 -0.00638489  0.00772997   -0.00596565  0.00000000    0.24904499  0.00000000

     Dynamical  Matrix in cartesian axes

     q = (    0.750000000   0.750000000   0.250000000 ) 

    1    1
  0.24904499  0.00000000    0.00596565  0.00000000    0.00638489  0.00772997
  0.00596565  0.00000000    0.24904499  0.00000000    0.00638489  0.00772997
  0.00638489 -0.00772997    0.00638489 -0.00772997    0.30056083  0.00000000
    1    2
  0.06221943 -0.06107980   -0.13804719 -0.04213479   -0.04419780  0.04176392
 -0.13804719 -0.04213479    0.06221943 -0.06107980   -0.04419780  0.04176392
 -0.04419780  0.04176392   -0.04419780  0.04176392    0.08069482 -0.05943432
    2    1
  0.06221943  0.06107980   -0.13804719  0.04213479   -0.04419780 -0.04176392
 -0.13804719  0.04213479    0.06221943  0.06107980   -0.04419780 -0.04176392
 -0.04419780 -0.04176392   -0.04419780 -0.04176392    0.08069482  0.05943432
    2    2
  0.24904499  0.00000000    0.00596565  0.00000000    0.00638489 -0.00772997
  0.00596565  0.00000000    0.24904499  0.00000000    0.00638489 -0.00772997
  0.00638489  0.00772997    0.00638489  0.00772997    0.30056083  0.00000000

     Dynamical  Matrix in cartesian axes

     q = (    0.250000000  -0.750000000  -0.750000000 ) 

    1    1
  0.30056083  0.00000000   -0.00638489  0.00772997   -0.00638489  0.00772997
 -0.00638489 -0.00772997    0.24904499  0.00000000    0.00596565  0.00000000
 -0.00638489 -0.00772997    0.00596565  0.00000000    0.24904499  0.00000000
    1    2
 -0.05943432 -0.08069482   -0.04176392 -0.04419780   -0.04176392 -0.04419780
 -0.04176392 -0.04419780   -0.06107980 -0.06221943   -0.04213479  0.13804719
 -0.04176392 -0.04419780   -0.04213479  0.13804719   -0.06107980 -0.06221943
    2    1
 -0.05943432  0.08069482   -0.04176392  0.04419780   -0.04176392  0.04419780
 -0.04176392  0.04419780   -0.06107980  0.06221943   -0.04213479 -0.13804719
 -0.04176392  0.04419780   -0.04213479 -0.13804719   -0.06107980  0.06221943
    2    2
  0.30056083  0.00000000   -0.00638489 -0.00772997   -0.00638489 -0.00772997
 -0.00638489  0.00772997    0.24904499  0.00000000    0.00596565  0.00000000
 -0.00638489  0.00772997    0.00596565  0.00000000    0.24904499  0.00000000

     Dynamical  Matrix in cartesian axes

     q = (    0.750000000  -0.750000000  -0.250000000 ) 

    1    1
  0.24904499  0.00000000   -0.00596565  0.00000000   -0.00638489 -0.00772997
 -0.00596565  0.00000000    0.24904499  0.00000000    0.00638489  0.00772997
 -0.00638489  0.00772997    0.00638489 -0.00772997    0.30056083  0.00000000
    1    2
 -0.06221943  0.06107980   -0.13804719 -0.04213479   -0.04419780  0.04176392
 -0.13804719 -0.04213479   -0.06221943  0.06107980    0.04419780 -0.04176392
 -0.04419780  0.04176392    0.04419780 -0.04176392   -0.08069482  0.05943432
    2    1
 -0.06221943 -0.06107980   -0.13804719  0.04213479   -0.04419780 -0.04176392
 -0.13804719  0.04213479   -0.06221943 -0.06107980    0.04419780  0.04176392
 -0.04419780 -0.04176392    0.04419780  0.04176392   -0.08069482 -0.05943432
    2    2
  0.24904499  0.00000000   -0.00596565  0.00000000   -0.00638489  0.00772997
 -0.00596565  0.00000000    0.24904499  0.00000000    0.00638489 -0.00772997
 -0.00638489 -0.00772997    0.00638489  0.00772997    0.30056083  0.00000000

     Diagonalizing the dynamical matrix

     q = (    0.750000000  -0.250000000   0.750000000 ) 

 **************************************************************************
     freq (    1) =       4.209869 [THz] =     140.426109 [cm-1]
 (  0.047089 -0.497778 -0.000000 -0.000000 -0.047089  0.497778 ) 
 (  0.500000 -0.000000  0.000000 -0.000000 -0.500000  0.000000 ) 
     freq (    2) =       5.873959 [THz] =     195.934193 [cm-1]
 ( -0.389753 -0.165030 -0.343711  0.153552 -0.389753 -0.165030 ) 
 ( -0.423252  0.000000 -0.256636 -0.275415 -0.423252  0.000000 ) 
     freq (    3) =       9.412043 [THz] =     313.951945 [cm-1]
 (  0.118400 -0.287219  0.377551  0.405498  0.118400 -0.287219 ) 
 ( -0.310666 -0.000000  0.231003  0.503598 -0.310666  0.000000 ) 
     freq (    4) =      12.161398 [THz] =     405.660558 [cm-1]
 (  0.074003  0.317859 -0.402368 -0.353665  0.074003  0.317859 ) 
 ( -0.326360 -0.000000  0.435691  0.311693 -0.326360  0.000000 ) 
     freq (    5) =      13.704837 [THz] =     457.144171 [cm-1]
 (  0.047089 -0.497778 -0.000000  0.000000 -0.047089  0.497778 ) 
 ( -0.500000 -0.000000  0.000000  0.000000  0.500000  0.000000 ) 
     freq (    6) =      14.099518 [THz] =     470.309281 [cm-1]
 ( -0.303055 -0.161220 -0.464651  0.220071 -0.303055 -0.161220 ) 
 (  0.343270  0.000000  0.306858  0.412517  0.343270 -0.000000 ) 
 **************************************************************************
