Dynamical matrix file
                                                                           
  1    2  2 10.4800000  0.0000000  0.0000000  0.0000000  0.0000000  0.0000000
           1  'Si  '    25598.822984527003     
    1    1      0.0000000000      0.0000000000      0.0000000000
    2    1      0.2500000000      0.2500000000      0.2500000000

     Dynamical  Matrix in cartesian axes

     q = (    0.750000000  -0.250000000   0.750000000 ) 

    1    1
  0.22295791  0.00000000   -0.00396896  0.00692262    0.00088804  0.00000000
 -0.00396896 -0.00692262    0.27577184  0.00000000   -0.00396896 -0.00692262
  0.00088804  0.00000000   -0.00396896  0.00692262    0.22295791  0.00000000
    1    2
 -0.04968763  0.07071925   -0.03743243  0.03625396   -0.03182133 -0.11019444
 -0.03743243  0.03625396   -0.04843199  0.08974831   -0.03743243  0.03625396
 -0.03182133 -0.11019444   -0.03743243  0.03625396   -0.04968763  0.07071925
    2    1
 -0.04968763 -0.07071925   -0.03743243 -0.03625396   -0.03182133  0.11019444
 -0.03743243 -0.03625396   -0.04843199 -0.08974831   -0.03743243 -0.03625396
 -0.03182133  0.11019444   -0.03743243 -0.03625396   -0.04968763 -0.07071925
    2    2
  0.22295791  0.00000000   -0.00396896 -0.00692262    0.00088804  0.00000000
 -0.00396896  0.00692262    0.27577184  0.00000000   -0.00396896  0.00692262
  0.00088804  0.00000000   -0.00396896 -0.00692262    0.22295791  0.00000000

     Dynamical  Matrix in cartesian axes

     q = (    0.750000000  -0.250000000  -0.750000000 ) 

    1    1
  0.22295791  0.00000000   -0.00396896 -0.00692262   -0.00088804  0.00000000
 -0.00396896  0.00692262    0.27577184  0.00000000    0.00396896 -0.00692262
 -0.00088804  0.00000000    0.00396896  0.00692262    0.22295791  0.00000000
    1    2
 -0.07071925  0.04968763   -0.03625396  0.03743243   -0.11019444 -0.03182133
 -0.03625396  0.03743243   -0.08974831  0.04843199    0.03625396 -0.03743243
 -0.11019444 -0.03182133    0.03625396 -0.03743243   -0.07071925  0.04968763
    2    1
 -0.07071925 -0.04968763   -0.03625396 -0.03743243   -0.11019444  0.03182133
 -0.03625396 -0.03743243   -0.08974831 -0.04843199    0.03625396  0.03743243
 -0.11019444  0.03182133    0.03625396  0.03743243   -0.07071925 -0.04968763
    2    2
  0.22295791  0.00000000   -0.00396896  0.00692262   -0.00088804  0.00000000
 -0.00396896 -0.00692262    0.27577184  0.00000000    0.00396896  0.00692262
 -0.00088804  0.00000000    0.00396896 -0.00692262    0.22295791  0.00000000

     Dynamical  Matrix in cartesian axes

     q = (   -0.750000000  -0.250000000  -0.750000000 ) 

    1    1
  0.22295791  0.00000000    0.00396896 -0.00692262    0.00088804  0.00000000
  0.00396896  0.00692262    0.27577184  0.00000000    0.00396896  0.00692262
  0.00088804  0.00000000    0.00396896 -0.00692262    0.22295791  0.00000000
    1    2
  0.07071925  0.04968763   -0.03625396 -0.03743243   -0.11019444  0.03182133
 -0.03625396 -0.03743243    0.08974831  0.04843199   -0.03625396 -0.03743243
 -0.11019444  0.03182133   -0.03625396 -0.03743243    0.07071925  0.04968763
    2    1
  0.07071925 -0.04968763   -0.03625396  0.03743243   -0.11019444 -0.03182133
 -0.03625396  0.03743243    0.08974831 -0.04843199   -0.03625396  0.03743243
 -0.11019444 -0.03182133   -0.03625396  0.03743243    0.07071925 -0.04968763
    2    2
  0.22295791  0.00000000    0.00396896  0.00692262    0.00088804  0.00000000
  0.00396896 -0.00692262    0.27577184  0.00000000    0.00396896 -0.00692262
  0.00088804  0.00000000    0.00396896  0.00692262    0.22295791  0.00000000

     Dynamical  Matrix in cartesian axes

     q = (   -0.750000000  -0.250000000   0.750000000 ) 

    1    1
  0.22295791  0.00000000    0.00396896  0.00692262   -0.00088804  0.00000000
  0.00396896 -0.00692262    0.27577184  0.00000000   -0.00396896  0.00692262
 -0.00088804  0.00000000   -0.00396896 -0.00692262    0.22295791  0.00000000
    1    2
 -0.07071925  0.04968763    0.03625396 -0.03743243   -0.11019444 -0.03182133
  0.03625396 -0.03743243   -0.08974831  0.04843199   -0.03625396  0.03743243
 -0.11019444 -0.03182133   -0.03625396  0.03743243   -0.07071925  0.04968763
    2    1
 -0.07071925 -0.04968763    0.03625396  0.03743243   -0.11019444  0.03182133
  0.03625396  0.03743243   -0.08974831 -0.04843199   -0.03625396 -0.03743243
 -0.11019444  0.03182133   -0.03625396 -0.03743243   -0.07071925 -0.04968763
    2    2
  0.22295791  0.00000000    0.00396896 -0.00692262   -0.00088804  0.00000000
  0.00396896  0.00692262    0.27577184  0.00000000   -0.00396896 -0.00692262
 -0.00088804  0.00000000   -0.00396896  0.00692262    0.22295791  0.00000000

     Dynamical  Matrix in cartesian axes

     q = (   -0.750000000   0.250000000  -0.750000000 ) 

    1    1
  0.22295791  0.00000000   -0.00396896 -0.00692262    0.00088804  0.00000000
 -0.00396896  0.00692262    0.27577184  0.00000000   -0.00396896  0.00692262
  0.00088804  0.00000000   -0.00396896 -0.00692262    0.22295791  0.00000000
    1    2
 -0.04968763 -0.07071925   -0.03743243 -0.03625396   -0.03182133  0.11019444
 -0.03743243 -0.03625396   -0.04843199 -0.08974831   -0.03743243 -0.03625396
 -0.03182133  0.11019444   -0.03743243 -0.03625396   -0.04968763 -0.07071925
    2    1
 -0.04968763  0.07071925   -0.03743243  0.03625396   -0.03182133 -0.11019444
 -0.03743243  0.03625396   -0.04843199  0.08974831   -0.03743243  0.03625396
 -0.03182133 -0.11019444   -0.03743243  0.03625396   -0.04968763  0.07071925
    2    2
  0.22295791  0.00000000   -0.00396896  0.00692262    0.00088804  0.00000000
 -0.00396896 -0.00692262    0.27577184  0.00000000   -0.00396896 -0.00692262
  0.00088804  0.00000000   -0.00396896  0.00692262    0.22295791  0.00000000

     Dynamical  Matrix in cartesian axes

     q = (   -0.250000000   0.750000000  -0.750000000 ) 

    1    1
  0.27577184  0.00000000   -0.00396896  0.00692262    0.00396896 -0.00692262
 -0.00396896 -0.00692262    0.22295791  0.00000000   -0.00088804  0.00000000
  0.00396896  0.00692262   -0.00088804  0.00000000    0.22295791  0.00000000
    1    2
 -0.08974831  0.04843199   -0.03625396  0.03743243    0.03625396 -0.03743243
 -0.03625396  0.03743243   -0.07071925  0.04968763   -0.11019444 -0.03182133
  0.03625396 -0.03743243   -0.11019444 -0.03182133   -0.07071925  0.04968763
    2    1
 -0.08974831 -0.04843199   -0.03625396 -0.03743243    0.03625396  0.03743243
 -0.03625396 -0.03743243   -0.07071925 -0.04968763   -0.11019444  0.03182133
  0.03625396  0.03743243   -0.11019444  0.03182133   -0.07071925 -0.04968763
    2    2
  0.27577184  0.00000000   -0.00396896 -0.00692262    0.00396896  0.00692262
 -0.00396896  0.00692262    0.22295791  0.00000000   -0.00088804  0.00000000
  0.00396896 -0.00692262   -0.00088804  0.00000000    0.22295791  0.00000000

     Dynamical  Matrix in cartesian axes

     q = (   -0.750000000   0.750000000  -0.250000000 ) 

    1    1
  0.22295791  0.00000000   -0.00088804  0.00000000    0.00396896  0.00692262
 -0.00088804  0.00000000    0.22295791  0.00000000   -0.00396896 -0.00692262
  0.00396896 -0.00692262   -0.00396896  0.00692262    0.27577184  0.00000000
    1    2
 -0.07071925  0.04968763   -0.11019444 -0.03182133    0.03625396 -0.03743243
 -0.11019444 -0.03182133   -0.07071925  0.04968763   -0.03625396  0.03743243
  0.03625396 -0.03743243   -0.03625396  0.03743243   -0.08974831  0.04843199
    2    1
 -0.07071925 -0.04968763   -0.11019444  0.03182133    0.03625396  0.03743243
 -0.11019444  0.03182133   -0.07071925 -0.04968763   -0.03625396 -0.03743243
  0.03625396  0.03743243   -0.03625396 -0.03743243   -0.08974831 -0.04843199
    2    2
  0.22295791  0.00000000   -0.00088804  0.00000000    0.00396896 -0.00692262
 -0.00088804  0.00000000    0.22295791  0.00000000   -0.00396896  0.00692262
  0.00396896  0.00692262   -0.00396896 -0.00692262    0.27577184  0.00000000

     Dynamical  Matrix in cartesian axes

     q = (    0.750000000   0.250000000   0.750000000 ) 

    1    1
  0.22295791  0.00000000    0.00396896  0.00692262    0.00088804  0.00000000
  0.00396896 -0.00692262    0.27577184  0.00000000    0.00396896 -0.00692262
  0.00088804  0.00000000    0.00396896  0.00692262    0.22295791  0.00000000
    1    2
  0.07071925 -0.04968763   -0.03625396  0.03743243   -0.11019444 -0.03182133
 -0.03625396  0.03743243    0.08974831 -0.04843199   -0.03625396  0.03743243
 -0.11019444 -0.03182133   -0.03625396  0.03743243    0.07071925 -0.04968763
    2    1
  0.07071925  0.04968763   -0.03625396 -0.03743243   -0.11019444  0.03182133
 -0.03625396 -0.03743243    0.08974831  0.04843199   -0.03625396 -0.03743243
 -0.11019444  0.03182133   -0.03625396 -0.03743243    0.07071925  0.04968763
    2    2
  0.22295791  0.00000000    0.00396896 -0.00692262    0.00088804  0.00000000
  0.00396896  0.00692262    0.27577184  0.00000000    0.00396896  0.00692262
  0.00088804  0.00000000    0.00396896 -0.00692262    0.22295791  0.00000000

     Dynamical  Matrix in cartesian axes

     q = (   -0.750000000   0.250000000   0.750000000 ) 

    1    1
  0.22295791  0.00000000   -0.00396896  0.00692262   -0.00088804  0.00000000
 -0.00396896 -0.00692262    0.27577184  0.00000000    0.00396896  0.00692262
 -0.00088804  0.00000000    0.00396896 -0.00692262    0.22295791  0.00000000
    1    2
 -0.07071925 -0.04968763   -0.03625396 -0.03743243   -0.11019444  0.03182133
 -0.03625396 -0.03743243   -0.08974831 -0.04843199    0.03625396  0.03743243
 -0.11019444  0.03182133    0.03625396  0.03743243   -0.07071925 -0.04968763
    2    1
 -0.07071925  0.04968763   -0.03625396  0.03743243   -0.11019444 -0.03182133
 -0.03625396  0.03743243   -0.08974831  0.04843199    0.03625396 -0.03743243
 -0.11019444 -0.03182133    0.03625396 -0.03743243   -0.07071925  0.04968763
    2    2
  0.22295791  0.00000000   -0.00396896 -0.00692262   -0.00088804  0.00000000
 -0.00396896  0.00692262    0.27577184  0.00000000    0.00396896 -0.00692262
 -0.00088804  0.00000000    0.00396896  0.00692262    0.22295791  0.00000000

     Dynamical  Matrix in cartesian axes

     q = (    0.750000000   0.250000000  -0.750000000 ) 

    1    1
  0.22295791  0.00000000    0.00396896 -0.00692262   -0.00088804  0.00000000
  0.00396896  0.00692262    0.27577184  0.00000000   -0.00396896 -0.00692262
 -0.00088804  0.00000000   -0.00396896  0.00692262    0.22295791  0.00000000
    1    2
 -0.07071925 -0.04968763    0.03625396  0.03743243   -0.11019444  0.03182133
  0.03625396  0.03743243   -0.08974831 -0.04843199   -0.03625396 -0.03743243
 -0.11019444  0.03182133   -0.03625396 -0.03743243   -0.07071925 -0.04968763
    2    1
 -0.07071925  0.04968763    0.03625396 -0.03743243   -0.11019444 -0.03182133
  0.03625396 -0.03743243   -0.08974831  0.04843199   -0.03625396  0.03743243
 -0.11019444 -0.03182133   -0.03625396  0.03743243   -0.07071925  0.04968763
    2    2
  0.22295791  0.00000000    0.00396896  0.00692262   -0.00088804  0.00000000
  0.00396896 -0.00692262    0.27577184  0.00000000   -0.00396896  0.00692262
 -0.00088804  0.00000000   -0.00396896 -0.00692262    0.22295791  0.00000000

     Dynamical  Matrix in cartesian axes

     q = (   -0.750000000   0.750000000   0.250000000 ) 

    1    1
  0.22295791  0.00000000   -0.00088804  0.00000000   -0.00396896  0.00692262
 -0.00088804  0.00000000    0.22295791  0.00000000    0.00396896 -0.00692262
 -0.00396896 -0.00692262    0.00396896  0.00692262    0.27577184  0.00000000
    1    2
 -0.07071925 -0.04968763   -0.11019444  0.03182133   -0.03625396 -0.03743243
 -0.11019444  0.03182133   -0.07071925 -0.04968763    0.03625396  0.03743243
 -0.03625396 -0.03743243    0.03625396  0.03743243   -0.08974831 -0.04843199
    2    1
 -0.07071925  0.04968763   -0.11019444 -0.03182133   -0.03625396  0.03743243
 -0.11019444 -0.03182133   -0.07071925  0.04968763    0.03625396 -0.03743243
 -0.03625396  0.03743243    0.03625396 -0.03743243   -0.08974831  0.04843199
    2    2
  0.22295791  0.00000000   -0.00088804  0.00000000   -0.00396896 -0.00692262
 -0.00088804  0.00000000    0.22295791  0.00000000    0.00396896  0.00692262
 -0.00396896  0.00692262    0.00396896 -0.00692262    0.27577184  0.00000000

     Dynamical  Matrix in cartesian axes

     q = (   -0.250000000   0.750000000   0.750000000 ) 

    1    1
  0.27577184  0.00000000   -0.00396896 -0.00692262   -0.00396896 -0.00692262
 -0.00396896  0.00692262    0.22295791  0.00000000    0.00088804  0.00000000
 -0.00396896  0.00692262    0.00088804  0.00000000    0.22295791  0.00000000
    1    2
 -0.04843199  0.08974831   -0.03743243  0.03625396   -0.03743243  0.03625396
 -0.03743243  0.03625396   -0.04968763  0.07071925   -0.03182133 -0.11019444
 -0.03743243  0.03625396   -0.03182133 -0.11019444   -0.04968763  0.07071925
    2    1
 -0.04843199 -0.08974831   -0.03743243 -0.03625396   -0.03743243 -0.03625396
 -0.03743243 -0.03625396   -0.04968763 -0.07071925   -0.03182133  0.11019444
 -0.03743243 -0.03625396   -0.03182133  0.11019444   -0.04968763 -0.07071925
    2    2
  0.27577184  0.00000000   -0.00396896  0.00692262   -0.00396896  0.00692262
 -0.00396896 -0.00692262    0.22295791  0.00000000    0.00088804  0.00000000
 -0.00396896 -0.00692262    0.00088804  0.00000000    0.22295791  0.00000000

     Dynamical  Matrix in cartesian axes

     q = (    0.250000000   0.750000000  -0.750000000 ) 

    1    1
  0.27577184  0.00000000    0.00396896  0.00692262   -0.00396896 -0.00692262
  0.00396896 -0.00692262    0.22295791  0.00000000   -0.00088804  0.00000000
 -0.00396896  0.00692262   -0.00088804  0.00000000    0.22295791  0.00000000
    1    2
 -0.08974831 -0.04843199    0.03625396  0.03743243   -0.03625396 -0.03743243
  0.03625396  0.03743243   -0.07071925 -0.04968763   -0.11019444  0.03182133
 -0.03625396 -0.03743243   -0.11019444  0.03182133   -0.07071925 -0.04968763
    2    1
 -0.08974831  0.04843199    0.03625396 -0.03743243   -0.03625396  0.03743243
  0.03625396 -0.03743243   -0.07071925  0.04968763   -0.11019444 -0.03182133
 -0.03625396  0.03743243   -0.11019444 -0.03182133   -0.07071925  0.04968763
    2    2
  0.27577184  0.00000000    0.00396896 -0.00692262   -0.00396896  0.00692262
  0.00396896  0.00692262    0.22295791  0.00000000   -0.00088804  0.00000000
 -0.00396896 -0.00692262   -0.00088804  0.00000000    0.22295791  0.00000000

     Dynamical  Matrix in cartesian axes

     q = (   -0.250000000  -0.750000000  -0.750000000 ) 

    1    1
  0.27577184  0.00000000    0.00396896  0.00692262    0.00396896  0.00692262
  0.00396896 -0.00692262    0.22295791  0.00000000    0.00088804  0.00000000
  0.00396896 -0.00692262    0.00088804  0.00000000    0.22295791  0.00000000
    1    2
  0.08974831  0.04843199   -0.03625396 -0.03743243   -0.03625396 -0.03743243
 -0.03625396 -0.03743243    0.07071925  0.04968763   -0.11019444  0.03182133
 -0.03625396 -0.03743243   -0.11019444  0.03182133    0.07071925  0.04968763
    2    1
  0.08974831 -0.04843199   -0.03625396  0.03743243   -0.03625396  0.03743243
 -0.03625396  0.03743243    0.07071925 -0.04968763   -0.11019444 -0.03182133
 -0.03625396  0.03743243   -0.11019444 -0.03182133    0.07071925 -0.04968763
    2    2
  0.27577184  0.00000000    0.00396896 -0.00692262    0.00396896 -0.00692262
  0.00396896  0.00692262    0.22295791  0.00000000    0.00088804  0.00000000
  0.00396896  0.00692262    0.00088804  0.00000000    0.22295791  0.00000000

     Dynamical  Matrix in cartesian axes

     q = (    0.750000000   0.750000000  -0.250000000 ) 

    1    1
  0.22295791  0.00000000    0.00088804  0.00000000   -0.00396896  0.00692262
  0.00088804  0.00000000    0.22295791  0.00000000   -0.00396896  0.00692262
 -0.00396896 -0.00692262   -0.00396896 -0.00692262    0.27577184  0.00000000
    1    2
 -0.04968763  0.07071925   -0.03182133 -0.11019444   -0.03743243  0.03625396
 -0.03182133 -0.11019444   -0.04968763  0.07071925   -0.03743243  0.03625396
 -0.03743243  0.03625396   -0.03743243  0.03625396   -0.04843199  0.08974831
    2    1
 -0.04968763 -0.07071925   -0.03182133  0.11019444   -0.03743243 -0.03625396
 -0.03182133  0.11019444   -0.04968763 -0.07071925   -0.03743243 -0.03625396
 -0.03743243 -0.03625396   -0.03743243 -0.03625396   -0.04843199 -0.08974831
    2    2
  0.22295791  0.00000000    0.00088804  0.00000000   -0.00396896 -0.00692262
  0.00088804  0.00000000    0.22295791  0.00000000   -0.00396896 -0.00692262
 -0.00396896  0.00692262   -0.00396896  0.00692262    0.27577184  0.00000000

     Dynamical  Matrix in cartesian axes

     q = (    0.750000000  -0.750000000   0.250000000 ) 

    1    1
  0.22295791  0.00000000   -0.00088804  0.00000000    0.00396896 -0.00692262
 -0.00088804  0.00000000    0.22295791  0.00000000   -0.00396896  0.00692262
  0.00396896  0.00692262   -0.00396896 -0.00692262    0.27577184  0.00000000
    1    2
 -0.07071925 -0.04968763   -0.11019444  0.03182133    0.03625396  0.03743243
 -0.11019444  0.03182133   -0.07071925 -0.04968763   -0.03625396 -0.03743243
  0.03625396  0.03743243   -0.03625396 -0.03743243   -0.08974831 -0.04843199
    2    1
 -0.07071925  0.04968763   -0.11019444 -0.03182133    0.03625396 -0.03743243
 -0.11019444 -0.03182133   -0.07071925  0.04968763   -0.03625396  0.03743243
  0.03625396 -0.03743243   -0.03625396  0.03743243   -0.08974831  0.04843199
    2    2
  0.22295791  0.00000000   -0.00088804  0.00000000    0.00396896  0.00692262
 -0.00088804  0.00000000    0.22295791  0.00000000   -0.00396896 -0.00692262
  0.00396896 -0.00692262   -0.00396896  0.00692262    0.27577184  0.00000000

     Dynamical  Matrix in cartesian axes

     q = (   -0.750000000  -0.750000000  -0.250000000 ) 

    1    1
  0.22295791  0.00000000    0.00088804  0.00000000    0.00396896 -0.00692262
  0.00088804  0.00000000    0.22295791  0.00000000    0.00396896 -0.00692262
  0.00396896  0.00692262    0.00396896  0.00692262    0.27577184  0.00000000
    1    2
  0.07071925  0.04968763   -0.11019444  0.03182133   -0.03625396 -0.03743243
 -0.11019444  0.03182133    0.07071925  0.04968763   -0.03625396 -0.03743243
 -0.03625396 -0.03743243   -0.03625396 -0.03743243    0.08974831  0.04843199
    2    1
  0.07071925 -0.04968763   -0.11019444 -0.03182133   -0.03625396  0.03743243
 -0.11019444 -0.03182133    0.07071925 -0.04968763   -0.03625396  0.03743243
 -0.03625396  0.03743243   -0.03625396  0.03743243    0.08974831 -0.04843199
    2    2
  0.22295791  0.00000000    0.00088804  0.00000000    0.00396896  0.00692262
  0.00088804  0.00000000    0.22295791  0.00000000    0.00396896  0.00692262
  0.00396896 -0.00692262    0.00396896 -0.00692262    0.27577184  0.00000000

     Dynamical  Matrix in cartesian axes

     q = (    0.250000000  -0.750000000   0.750000000 ) 

    1    1
  0.27577184  0.00000000   -0.00396896 -0.00692262    0.00396896  0.00692262
 -0.00396896  0.00692262    0.22295791  0.00000000   -0.00088804  0.00000000
  0.00396896 -0.00692262   -0.00088804  0.00000000    0.22295791  0.00000000
    1    2
 -0.08974831 -0.04843199   -0.03625396 -0.03743243    0.03625396  0.03743243
 -0.03625396 -0.03743243   -0.07071925 -0.04968763   -0.11019444  0.03182133
  0.03625396  0.03743243   -0.11019444  0.03182133   -0.07071925 -0.04968763
    2    1
 -0.08974831  0.04843199   -0.03625396  0.03743243    0.03625396 -0.03743243
 -0.03625396  0.03743243   -0.07071925  0.04968763   -0.11019444 -0.03182133
  0.03625396 -0.03743243   -0.11019444 -0.03182133   -0.07071925  0.04968763
    2    2
  0.27577184  0.00000000   -0.00396896  0.00692262    0.00396896 -0.00692262
 -0.00396896 -0.00692262    0.22295791  0.00000000   -0.00088804  0.00000000
  0.00396896  0.00692262   -0.00088804  0.00000000    0.22295791  0.00000000

     Dynamical  Matrix in cartesian axes

     q = (   -0.750000000  -0.750000000   0.250000000 ) 

    1    1
  0.22295791  0.00000000    0.00088804  0.00000000   -0.00396896 -0.00692262
  0.00088804  0.00000000    0.22295791  0.00000000   -0.00396896 -0.00692262
 -0.00396896  0.00692262   -0.00396896  0.00692262    0.27577184  0.00000000
    1    2
 -0.04968763 -0.07071925   -0.03182133  0.11019444   -0.03743243 -0.03625396
 -0.03182133  0.11019444   -0.04968763 -0.07071925   -0.03743243 -0.03625396
 -0.03743243 -0.03625396   -0.03743243 -0.03625396   -0.04843199 -0.08974831
    2    1
 -0.04968763  0.07071925   -0.03182133 -0.11019444   -0.03743243  0.03625396
 -0.03182133 -0.11019444   -0.04968763  0.07071925   -0.03743243  0.03625396
 -0.03743243  0.03625396   -0.03743243  0.03625396   -0.04843199  0.08974831
    2    2
  0.22295791  0.00000000    0.00088804  0.00000000   -0.00396896  0.00692262
  0.00088804  0.00000000    0.22295791  0.00000000   -0.00396896  0.00692262
 -0.00396896 -0.00692262   -0.00396896 -0.00692262    0.27577184  0.00000000

     Dynamical  Matrix in cartesian axes

     q = (    0.250000000   0.750000000   0.750000000 ) 

    1    1
  0.27577184  0.00000000    0.00396896 -0.00692262    0.00396896 -0.00692262
  0.00396896  0.00692262    0.22295791  0.00000000    0.00088804  0.00000000
  0.00396896  0.00692262    0.00088804  0.00000000    0.22295791  0.00000000
    1    2
  0.08974831 -0.04843199   -0.03625396  0.03743243   -0.03625396  0.03743243
 -0.03625396  0.03743243    0.07071925 -0.04968763   -0.11019444 -0.03182133
 -0.03625396  0.03743243   -0.11019444 -0.03182133    0.07071925 -0.04968763
    2    1
  0.08974831  0.04843199   -0.03625396 -0.03743243   -0.03625396 -0.03743243
 -0.03625396 -0.03743243    0.07071925  0.04968763   -0.11019444  0.03182133
 -0.03625396 -0.03743243   -0.11019444  0.03182133    0.07071925  0.04968763
    2    2
  0.27577184  0.00000000    0.00396896  0.00692262    0.00396896  0.00692262
  0.00396896 -0.00692262    0.22295791  0.00000000    0.00088804  0.00000000
  0.00396896 -0.00692262    0.00088804  0.00000000    0.22295791  0.00000000

     Dynamical  Matrix in cartesian axes

     q = (   -0.250000000  -0.750000000   0.750000000 ) 

    1    1
  0.27577184  0.00000000    0.00396896 -0.00692262   -0.00396896  0.00692262
  0.00396896  0.00692262    0.22295791  0.00000000   -0.00088804  0.00000000
 -0.00396896 -0.00692262   -0.00088804  0.00000000    0.22295791  0.00000000
    1    2
 -0.08974831  0.04843199    0.03625396 -0.03743243   -0.03625396  0.03743243
  0.03625396 -0.03743243   -0.07071925  0.04968763   -0.11019444 -0.03182133
 -0.03625396  0.03743243   -0.11019444 -0.03182133   -0.07071925  0.04968763
    2    1
 -0.08974831 -0.04843199    0.03625396  0.03743243   -0.03625396 -0.03743243
  0.03625396  0.03743243   -0.07071925 -0.04968763   -0.11019444  0.03182133
 -0.03625396 -0.03743243   -0.11019444  0.03182133   -0.07071925 -0.04968763
    2    2
  0.27577184  0.00000000    0.00396896  0.00692262   -0.00396896 -0.00692262
  0.00396896 -0.00692262    0.22295791  0.00000000   -0.00088804  0.00000000
 -0.00396896  0.00692262   -0.00088804  0.00000000    0.22295791  0.00000000

     Dynamical  Matrix in cartesian axes

     q = (    0.750000000   0.750000000   0.250000000 ) 

    1    1
  0.22295791  0.00000000    0.00088804  0.00000000    0.00396896  0.00692262
  0.00088804  0.00000000    0.22295791  0.00000000    0.00396896  0.00692262
  0.00396896 -0.00692262    0.00396896 -0.00692262    0.27577184  0.00000000
    1    2
  0.07071925 -0.04968763   -0.11019444 -0.03182133   -0.03625396  0.03743243
 -0.11019444 -0.03182133    0.07071925 -0.04968763   -0.03625396  0.03743243
 -0.03625396  0.03743243   -0.03625396  0.03743243    0.08974831 -0.04843199
    2    1
  0.07071925  0.04968763   -0.11019444  0.03182133   -0.03625396 -0.03743243
 -0.11019444  0.03182133    0.07071925  0.04968763   -0.03625396 -0.03743243
 -0.03625396 -0.03743243   -0.03625396 -0.03743243    0.08974831  0.04843199
    2    2
  0.22295791  0.00000000    0.00088804  0.00000000    0.00396896 -0.00692262
  0.00088804  0.00000000    0.22295791  0.00000000    0.00396896 -0.00692262
  0.00396896  0.00692262    0.00396896  0.00692262    0.27577184  0.00000000

     Dynamical  Matrix in cartesian axes

     q = (    0.250000000  -0.750000000  -0.750000000 ) 

    1    1
  0.27577184  0.00000000   -0.00396896  0.00692262   -0.00396896  0.00692262
 -0.00396896 -0.00692262    0.22295791  0.00000000    0.00088804  0.00000000
 -0.00396896 -0.00692262    0.00088804  0.00000000    0.22295791  0.00000000
    1    2
 -0.04843199 -0.08974831   -0.03743243 -0.03625396   -0.03743243 -0.03625396
 -0.03743243 -0.03625396   -0.04968763 -0.07071925   -0.03182133  0.11019444
 -0.03743243 -0.03625396   -0.03182133  0.11019444   -0.04968763 -0.07071925
    2    1
 -0.04843199  0.08974831   -0.03743243  0.03625396   -0.03743243  0.03625396
 -0.03743243  0.03625396   -0.04968763  0.07071925   -0.03182133 -0.11019444
 -0.03743243  0.03625396   -0.03182133 -0.11019444   -0.04968763  0.07071925
    2    2
  0.27577184  0.00000000   -0.00396896 -0.00692262   -0.00396896 -0.00692262
 -0.00396896  0.00692262    0.22295791  0.00000000    0.00088804  0.00000000
 -0.00396896  0.00692262    0.00088804  0.00000000    0.22295791  0.00000000

     Dynamical  Matrix in cartesian axes

     q = (    0.750000000  -0.750000000  -0.250000000 ) 

    1    1
  0.22295791  0.00000000   -0.00088804  0.00000000   -0.00396896 -0.00692262
 -0.00088804  0.00000000    0.22295791  0.00000000    0.00396896  0.00692262
 -0.00396896  0.00692262    0.00396896 -0.00692262    0.27577184  0.00000000
    1    2
 -0.07071925  0.04968763   -0.11019444 -0.03182133   -0.03625396  0.03743243
 -0.11019444 -0.03182133   -0.07071925  0.04968763    0.03625396 -0.03743243
 -0.03625396  0.03743243    0.03625396 -0.03743243   -0.08974831  0.04843199
    2    1
 -0.07071925 -0.04968763   -0.11019444  0.03182133   -0.03625396 -0.03743243
 -0.11019444  0.03182133   -0.07071925 -0.04968763    0.03625396  0.03743243
 -0.03625396 -0.03743243    0.03625396  0.03743243   -0.08974831 -0.04843199
    2    2
  0.22295791  0.00000000   -0.00088804  0.00000000   -0.00396896  0.00692262
 -0.00088804  0.00000000    0.22295791  0.00000000    0.00396896 -0.00692262
 -0.00396896 -0.00692262    0.00396896  0.00692262    0.27577184  0.00000000

     Diagonalizing the dynamical matrix

     q = (    0.750000000  -0.250000000   0.750000000 ) 

 **************************************************************************
     freq (    1) =       4.126567 [THz] =     137.647451 [cm-1]
 ( -0.049139  0.497580 -0.000000 -0.000000  0.049139 -0.497580 ) 
 ( -0.500000 -0.000000 -0.000000 -0.000000  0.500000  0.000000 ) 
     freq (    2) =       5.948358 [THz] =     198.415857 [cm-1]
 ( -0.390623 -0.074573 -0.376371  0.205063 -0.390623 -0.074573 ) 
 ( -0.397677  0.000000 -0.331241 -0.272002 -0.397677  0.000000 ) 
     freq (    3) =       9.220961 [THz] =     307.578152 [cm-1]
 ( -0.036344  0.345148 -0.415017 -0.294730 -0.036344  0.345148 ) 
 (  0.347056  0.000000 -0.249648 -0.443599  0.347056  0.000000 ) 
     freq (    4) =      11.069113 [THz] =     369.225877 [cm-1]
 ( -0.182881 -0.334003  0.362180  0.280747 -0.182881 -0.334003 ) 
 (  0.380793 -0.000000 -0.420192 -0.182845  0.380793  0.000000 ) 
     freq (    5) =      13.067196 [THz] =     435.874739 [cm-1]
 ( -0.049139  0.497580  0.000000 -0.000000  0.049139 -0.497580 ) 
 (  0.500000  0.000000 -0.000000 -0.000000 -0.500000  0.000000 ) 
     freq (    6) =      13.399167 [THz] =     446.948107 [cm-1]
 (  0.264422  0.080516  0.519360 -0.278319  0.264422  0.080516 ) 
 ( -0.276409 -0.000000 -0.415765 -0.417535 -0.276409  0.000000 ) 
 **************************************************************************
