Dynamical matrix file
                                                                           
  1    2  2 10.4800000  0.0000000  0.0000000  0.0000000  0.0000000  0.0000000
           1  'Si  '    25598.822984527003     
    1    1      0.0000000000      0.0000000000      0.0000000000
    2    1      0.2500000000      0.2500000000      0.2500000000

     Dynamical  Matrix in cartesian axes

     q = (   -0.250000000   0.250000000  -0.250000000 ) 

    1    1
  0.26024255  0.00000000   -0.01007900  0.00000000    0.01007900  0.00000000
 -0.01007900  0.00000000    0.26024255  0.00000000   -0.01007900  0.00000000
  0.01007900  0.00000000   -0.01007900  0.00000000    0.26024255  0.00000000
    1    2
 -0.19789611 -0.05897670   -0.03064964  0.03341620    0.03064964 -0.03341620
 -0.03064964  0.03341620   -0.19789611 -0.05897670   -0.03064964  0.03341620
  0.03064964 -0.03341620   -0.03064964  0.03341620   -0.19789611 -0.05897670
    2    1
 -0.19789611  0.05897670   -0.03064964 -0.03341620    0.03064964  0.03341620
 -0.03064964 -0.03341620   -0.19789611  0.05897670   -0.03064964 -0.03341620
  0.03064964  0.03341620   -0.03064964 -0.03341620   -0.19789611  0.05897670
    2    2
  0.26024255  0.00000000   -0.01007900  0.00000000    0.01007900  0.00000000
 -0.01007900  0.00000000    0.26024255  0.00000000   -0.01007900  0.00000000
  0.01007900  0.00000000   -0.01007900  0.00000000    0.26024255  0.00000000

     Dynamical  Matrix in cartesian axes

     q = (    0.250000000  -0.250000000  -0.250000000 ) 

    1    1
  0.26024255  0.00000000   -0.01007900  0.00000000   -0.01007900  0.00000000
 -0.01007900  0.00000000    0.26024255  0.00000000    0.01007900  0.00000000
 -0.01007900  0.00000000    0.01007900  0.00000000    0.26024255  0.00000000
    1    2
 -0.19789611 -0.05897670   -0.03064964  0.03341620   -0.03064964  0.03341620
 -0.03064964  0.03341620   -0.19789611 -0.05897670    0.03064964 -0.03341620
 -0.03064964  0.03341620    0.03064964 -0.03341620   -0.19789611 -0.05897670
    2    1
 -0.19789611  0.05897670   -0.03064964 -0.03341620   -0.03064964 -0.03341620
 -0.03064964 -0.03341620   -0.19789611  0.05897670    0.03064964  0.03341620
 -0.03064964 -0.03341620    0.03064964  0.03341620   -0.19789611  0.05897670
    2    2
  0.26024255  0.00000000   -0.01007900  0.00000000   -0.01007900  0.00000000
 -0.01007900  0.00000000    0.26024255  0.00000000    0.01007900  0.00000000
 -0.01007900  0.00000000    0.01007900  0.00000000    0.26024255  0.00000000

     Dynamical  Matrix in cartesian axes

     q = (    0.250000000  -0.250000000   0.250000000 ) 

    1    1
  0.26024255  0.00000000   -0.01007900  0.00000000    0.01007900  0.00000000
 -0.01007900  0.00000000    0.26024255  0.00000000   -0.01007900  0.00000000
  0.01007900  0.00000000   -0.01007900  0.00000000    0.26024255  0.00000000
    1    2
 -0.19789611  0.05897670   -0.03064964 -0.03341620    0.03064964  0.03341620
 -0.03064964 -0.03341620   -0.19789611  0.05897670   -0.03064964 -0.03341620
  0.03064964  0.03341620   -0.03064964 -0.03341620   -0.19789611  0.05897670
    2    1
 -0.19789611 -0.05897670   -0.03064964  0.03341620    0.03064964 -0.03341620
 -0.03064964  0.03341620   -0.19789611 -0.05897670   -0.03064964  0.03341620
  0.03064964 -0.03341620   -0.03064964  0.03341620   -0.19789611 -0.05897670
    2    2
  0.26024255  0.00000000   -0.01007900  0.00000000    0.01007900  0.00000000
 -0.01007900  0.00000000    0.26024255  0.00000000   -0.01007900  0.00000000
  0.01007900  0.00000000   -0.01007900  0.00000000    0.26024255  0.00000000

     Dynamical  Matrix in cartesian axes

     q = (    0.250000000   0.250000000   0.250000000 ) 

    1    1
  0.26024255  0.00000000    0.01007900  0.00000000    0.01007900  0.00000000
  0.01007900  0.00000000    0.26024255  0.00000000    0.01007900  0.00000000
  0.01007900  0.00000000    0.01007900  0.00000000    0.26024255  0.00000000
    1    2
 -0.05897670  0.19789611   -0.03341620 -0.03064964   -0.03341620 -0.03064964
 -0.03341620 -0.03064964   -0.05897670  0.19789611   -0.03341620 -0.03064964
 -0.03341620 -0.03064964   -0.03341620 -0.03064964   -0.05897670  0.19789611
    2    1
 -0.05897670 -0.19789611   -0.03341620  0.03064964   -0.03341620  0.03064964
 -0.03341620  0.03064964   -0.05897670 -0.19789611   -0.03341620  0.03064964
 -0.03341620  0.03064964   -0.03341620  0.03064964   -0.05897670 -0.19789611
    2    2
  0.26024255  0.00000000    0.01007900  0.00000000    0.01007900  0.00000000
  0.01007900  0.00000000    0.26024255  0.00000000    0.01007900  0.00000000
  0.01007900  0.00000000    0.01007900  0.00000000    0.26024255  0.00000000

     Dynamical  Matrix in cartesian axes

     q = (   -0.250000000  -0.250000000  -0.250000000 ) 

    1    1
  0.26024255  0.00000000    0.01007900  0.00000000    0.01007900  0.00000000
  0.01007900  0.00000000    0.26024255  0.00000000    0.01007900  0.00000000
  0.01007900  0.00000000    0.01007900  0.00000000    0.26024255  0.00000000
    1    2
 -0.05897670 -0.19789611   -0.03341620  0.03064964   -0.03341620  0.03064964
 -0.03341620  0.03064964   -0.05897670 -0.19789611   -0.03341620  0.03064964
 -0.03341620  0.03064964   -0.03341620  0.03064964   -0.05897670 -0.19789611
    2    1
 -0.05897670  0.19789611   -0.03341620 -0.03064964   -0.03341620 -0.03064964
 -0.03341620 -0.03064964   -0.05897670  0.19789611   -0.03341620 -0.03064964
 -0.03341620 -0.03064964   -0.03341620 -0.03064964   -0.05897670  0.19789611
    2    2
  0.26024255  0.00000000    0.01007900  0.00000000    0.01007900  0.00000000
  0.01007900  0.00000000    0.26024255  0.00000000    0.01007900  0.00000000
  0.01007900  0.00000000    0.01007900  0.00000000    0.26024255  0.00000000

     Dynamical  Matrix in cartesian axes

     q = (   -0.250000000  -0.250000000   0.250000000 ) 

    1    1
  0.26024255  0.00000000    0.01007900  0.00000000   -0.01007900  0.00000000
  0.01007900  0.00000000    0.26024255  0.00000000   -0.01007900  0.00000000
 -0.01007900  0.00000000   -0.01007900  0.00000000    0.26024255  0.00000000
    1    2
 -0.19789611 -0.05897670    0.03064964 -0.03341620   -0.03064964  0.03341620
  0.03064964 -0.03341620   -0.19789611 -0.05897670   -0.03064964  0.03341620
 -0.03064964  0.03341620   -0.03064964  0.03341620   -0.19789611 -0.05897670
    2    1
 -0.19789611  0.05897670    0.03064964  0.03341620   -0.03064964 -0.03341620
  0.03064964  0.03341620   -0.19789611  0.05897670   -0.03064964 -0.03341620
 -0.03064964 -0.03341620   -0.03064964 -0.03341620   -0.19789611  0.05897670
    2    2
  0.26024255  0.00000000    0.01007900  0.00000000   -0.01007900  0.00000000
  0.01007900  0.00000000    0.26024255  0.00000000   -0.01007900  0.00000000
 -0.01007900  0.00000000   -0.01007900  0.00000000    0.26024255  0.00000000

     Dynamical  Matrix in cartesian axes

     q = (   -0.250000000   0.250000000   0.250000000 ) 

    1    1
  0.26024255  0.00000000   -0.01007900  0.00000000   -0.01007900  0.00000000
 -0.01007900  0.00000000    0.26024255  0.00000000    0.01007900  0.00000000
 -0.01007900  0.00000000    0.01007900  0.00000000    0.26024255  0.00000000
    1    2
 -0.19789611  0.05897670   -0.03064964 -0.03341620   -0.03064964 -0.03341620
 -0.03064964 -0.03341620   -0.19789611  0.05897670    0.03064964  0.03341620
 -0.03064964 -0.03341620    0.03064964  0.03341620   -0.19789611  0.05897670
    2    1
 -0.19789611 -0.05897670   -0.03064964  0.03341620   -0.03064964  0.03341620
 -0.03064964  0.03341620   -0.19789611 -0.05897670    0.03064964 -0.03341620
 -0.03064964  0.03341620    0.03064964 -0.03341620   -0.19789611 -0.05897670
    2    2
  0.26024255  0.00000000   -0.01007900  0.00000000   -0.01007900  0.00000000
 -0.01007900  0.00000000    0.26024255  0.00000000    0.01007900  0.00000000
 -0.01007900  0.00000000    0.01007900  0.00000000    0.26024255  0.00000000

     Dynamical  Matrix in cartesian axes

     q = (    0.250000000   0.250000000  -0.250000000 ) 

    1    1
  0.26024255  0.00000000    0.01007900  0.00000000   -0.01007900  0.00000000
  0.01007900  0.00000000    0.26024255  0.00000000   -0.01007900  0.00000000
 -0.01007900  0.00000000   -0.01007900  0.00000000    0.26024255  0.00000000
    1    2
 -0.19789611  0.05897670    0.03064964  0.03341620   -0.03064964 -0.03341620
  0.03064964  0.03341620   -0.19789611  0.05897670   -0.03064964 -0.03341620
 -0.03064964 -0.03341620   -0.03064964 -0.03341620   -0.19789611  0.05897670
    2    1
 -0.19789611 -0.05897670    0.03064964 -0.03341620   -0.03064964  0.03341620
  0.03064964 -0.03341620   -0.19789611 -0.05897670   -0.03064964  0.03341620
 -0.03064964  0.03341620   -0.03064964  0.03341620   -0.19789611 -0.05897670
    2    2
  0.26024255  0.00000000    0.01007900  0.00000000   -0.01007900  0.00000000
  0.01007900  0.00000000    0.26024255  0.00000000   -0.01007900  0.00000000
 -0.01007900  0.00000000   -0.01007900  0.00000000    0.26024255  0.00000000

     Diagonalizing the dynamical matrix

     q = (   -0.250000000   0.250000000  -0.250000000 ) 

 **************************************************************************
     freq (    1) =       2.921894 [THz] =      97.463904 [cm-1]
 ( -0.178151 -0.044326 -0.558686 -0.086885 -0.380535 -0.042559 ) 
 ( -0.181974 -0.024251 -0.564882 -0.024251 -0.382907  0.000000 ) 
     freq (    2) =       2.921894 [THz] =      97.463904 [cm-1]
 (  0.541186  0.082150  0.111758  0.034123 -0.429428 -0.048027 ) 
 (  0.546963  0.021490  0.114858  0.021490 -0.432106  0.000000 ) 
     freq (    3) =       6.327441 [THz] =     211.060711 [cm-1]
 (  0.300289  0.276574 -0.300289 -0.276574  0.300289  0.276574 ) 
 (  0.408248 -0.000000 -0.408248  0.000000  0.408248  0.000000 ) 
     freq (    4) =      14.038074 [THz] =     468.259743 [cm-1]
 (  0.300289  0.276574 -0.300289 -0.276574  0.300289  0.276574 ) 
 ( -0.408248  0.000000  0.408248 -0.000000 -0.408248  0.000000 ) 
     freq (    5) =      14.247752 [THz] =     475.253863 [cm-1]
 ( -0.287538 -0.031981  0.286235  0.032190  0.573773  0.064171 ) 
 (  0.289311 -0.000176 -0.288039 -0.000176 -0.577350  0.000000 ) 
     freq (    6) =      14.247752 [THz] =     475.253863 [cm-1]
 ( -0.493310  0.079231 -0.494067  0.079147 -0.000757 -0.000085 ) 
 (  0.481447 -0.133570  0.482209 -0.133570  0.000762  0.000000 ) 
 **************************************************************************
