Dynamical matrix file
                                                                           
  1    2  2 10.3480000  0.0000000  0.0000000  0.0000000  0.0000000  0.0000000
           1  'Si  '    25598.822984527003     
    1    1      0.0000000000      0.0000000000      0.0000000000
    2    1      0.2500000000      0.2500000000      0.2500000000

     Dynamical  Matrix in cartesian axes

     q = (    0.750000000  -0.250000000   0.750000000 ) 

    1    1
  0.24331324  0.00000000   -0.00623096  0.00762658    0.00576760  0.00000000
 -0.00623096 -0.00762658    0.29433484  0.00000000   -0.00623096 -0.00762658
  0.00576760  0.00000000   -0.00623096  0.00762658    0.24331324  0.00000000
    1    2
 -0.05977961  0.06087021   -0.04010637  0.04246492   -0.04045710 -0.13278412
 -0.04010637  0.04246492   -0.05819147  0.07931964   -0.04010637  0.04246492
 -0.04045710 -0.13278412   -0.04010637  0.04246492   -0.05977961  0.06087021
    2    1
 -0.05977961 -0.06087021   -0.04010637 -0.04246492   -0.04045710  0.13278412
 -0.04010637 -0.04246492   -0.05819147 -0.07931964   -0.04010637 -0.04246492
 -0.04045710  0.13278412   -0.04010637 -0.04246492   -0.05977961 -0.06087021
    2    2
  0.24331324  0.00000000   -0.00623096 -0.00762658    0.00576760  0.00000000
 -0.00623096  0.00762658    0.29433484  0.00000000   -0.00623096  0.00762658
  0.00576760  0.00000000   -0.00623096 -0.00762658    0.24331324  0.00000000

     Dynamical  Matrix in cartesian axes

     q = (    0.750000000  -0.250000000  -0.750000000 ) 

    1    1
  0.24331324  0.00000000   -0.00623096 -0.00762658   -0.00576760  0.00000000
 -0.00623096  0.00762658    0.29433484  0.00000000    0.00623096 -0.00762658
 -0.00576760  0.00000000    0.00623096  0.00762658    0.24331324  0.00000000
    1    2
 -0.06087021  0.05977961   -0.04246492  0.04010637   -0.13278412 -0.04045710
 -0.04246492  0.04010637   -0.07931964  0.05819147    0.04246492 -0.04010637
 -0.13278412 -0.04045710    0.04246492 -0.04010637   -0.06087021  0.05977961
    2    1
 -0.06087021 -0.05977961   -0.04246492 -0.04010637   -0.13278412  0.04045710
 -0.04246492 -0.04010637   -0.07931964 -0.05819147    0.04246492  0.04010637
 -0.13278412  0.04045710    0.04246492  0.04010637   -0.06087021 -0.05977961
    2    2
  0.24331324  0.00000000   -0.00623096  0.00762658   -0.00576760  0.00000000
 -0.00623096 -0.00762658    0.29433484  0.00000000    0.00623096  0.00762658
 -0.00576760  0.00000000    0.00623096 -0.00762658    0.24331324  0.00000000

     Dynamical  Matrix in cartesian axes

     q = (   -0.750000000  -0.250000000  -0.750000000 ) 

    1    1
  0.24331324  0.00000000    0.00623096 -0.00762658    0.00576760  0.00000000
  0.00623096  0.00762658    0.29433484  0.00000000    0.00623096  0.00762658
  0.00576760  0.00000000    0.00623096 -0.00762658    0.24331324  0.00000000
    1    2
  0.06087021  0.05977961   -0.04246492 -0.04010637   -0.13278412  0.04045710
 -0.04246492 -0.04010637    0.07931964  0.05819147   -0.04246492 -0.04010637
 -0.13278412  0.04045710   -0.04246492 -0.04010637    0.06087021  0.05977961
    2    1
  0.06087021 -0.05977961   -0.04246492  0.04010637   -0.13278412 -0.04045710
 -0.04246492  0.04010637    0.07931964 -0.05819147   -0.04246492  0.04010637
 -0.13278412 -0.04045710   -0.04246492  0.04010637    0.06087021 -0.05977961
    2    2
  0.24331324  0.00000000    0.00623096  0.00762658    0.00576760  0.00000000
  0.00623096 -0.00762658    0.29433484  0.00000000    0.00623096 -0.00762658
  0.00576760  0.00000000    0.00623096  0.00762658    0.24331324  0.00000000

     Dynamical  Matrix in cartesian axes

     q = (   -0.750000000  -0.250000000   0.750000000 ) 

    1    1
  0.24331324  0.00000000    0.00623096  0.00762658   -0.00576760  0.00000000
  0.00623096 -0.00762658    0.29433484  0.00000000   -0.00623096  0.00762658
 -0.00576760  0.00000000   -0.00623096 -0.00762658    0.24331324  0.00000000
    1    2
 -0.06087021  0.05977961    0.04246492 -0.04010637   -0.13278412 -0.04045710
  0.04246492 -0.04010637   -0.07931964  0.05819147   -0.04246492  0.04010637
 -0.13278412 -0.04045710   -0.04246492  0.04010637   -0.06087021  0.05977961
    2    1
 -0.06087021 -0.05977961    0.04246492  0.04010637   -0.13278412  0.04045710
  0.04246492  0.04010637   -0.07931964 -0.05819147   -0.04246492 -0.04010637
 -0.13278412  0.04045710   -0.04246492 -0.04010637   -0.06087021 -0.05977961
    2    2
  0.24331324  0.00000000    0.00623096 -0.00762658   -0.00576760  0.00000000
  0.00623096  0.00762658    0.29433484  0.00000000   -0.00623096 -0.00762658
 -0.00576760  0.00000000   -0.00623096  0.00762658    0.24331324  0.00000000

     Dynamical  Matrix in cartesian axes

     q = (   -0.750000000   0.250000000  -0.750000000 ) 

    1    1
  0.24331324  0.00000000   -0.00623096 -0.00762658    0.00576760  0.00000000
 -0.00623096  0.00762658    0.29433484  0.00000000   -0.00623096  0.00762658
  0.00576760  0.00000000   -0.00623096 -0.00762658    0.24331324  0.00000000
    1    2
 -0.05977961 -0.06087021   -0.04010637 -0.04246492   -0.04045710  0.13278412
 -0.04010637 -0.04246492   -0.05819147 -0.07931964   -0.04010637 -0.04246492
 -0.04045710  0.13278412   -0.04010637 -0.04246492   -0.05977961 -0.06087021
    2    1
 -0.05977961  0.06087021   -0.04010637  0.04246492   -0.04045710 -0.13278412
 -0.04010637  0.04246492   -0.05819147  0.07931964   -0.04010637  0.04246492
 -0.04045710 -0.13278412   -0.04010637  0.04246492   -0.05977961  0.06087021
    2    2
  0.24331324  0.00000000   -0.00623096  0.00762658    0.00576760  0.00000000
 -0.00623096 -0.00762658    0.29433484  0.00000000   -0.00623096 -0.00762658
  0.00576760  0.00000000   -0.00623096  0.00762658    0.24331324  0.00000000

     Dynamical  Matrix in cartesian axes

     q = (   -0.250000000   0.750000000  -0.750000000 ) 

    1    1
  0.29433484  0.00000000   -0.00623096  0.00762658    0.00623096 -0.00762658
 -0.00623096 -0.00762658    0.24331324  0.00000000   -0.00576760  0.00000000
  0.00623096  0.00762658   -0.00576760  0.00000000    0.24331324  0.00000000
    1    2
 -0.07931964  0.05819147   -0.04246492  0.04010637    0.04246492 -0.04010637
 -0.04246492  0.04010637   -0.06087021  0.05977961   -0.13278412 -0.04045710
  0.04246492 -0.04010637   -0.13278412 -0.04045710   -0.06087021  0.05977961
    2    1
 -0.07931964 -0.05819147   -0.04246492 -0.04010637    0.04246492  0.04010637
 -0.04246492 -0.04010637   -0.06087021 -0.05977961   -0.13278412  0.04045710
  0.04246492  0.04010637   -0.13278412  0.04045710   -0.06087021 -0.05977961
    2    2
  0.29433484  0.00000000   -0.00623096 -0.00762658    0.00623096  0.00762658
 -0.00623096  0.00762658    0.24331324  0.00000000   -0.00576760  0.00000000
  0.00623096 -0.00762658   -0.00576760  0.00000000    0.24331324  0.00000000

     Dynamical  Matrix in cartesian axes

     q = (   -0.750000000   0.750000000  -0.250000000 ) 

    1    1
  0.24331324  0.00000000   -0.00576760  0.00000000    0.00623096  0.00762658
 -0.00576760  0.00000000    0.24331324  0.00000000   -0.00623096 -0.00762658
  0.00623096 -0.00762658   -0.00623096  0.00762658    0.29433484  0.00000000
    1    2
 -0.06087021  0.05977961   -0.13278412 -0.04045710    0.04246492 -0.04010637
 -0.13278412 -0.04045710   -0.06087021  0.05977961   -0.04246492  0.04010637
  0.04246492 -0.04010637   -0.04246492  0.04010637   -0.07931964  0.05819147
    2    1
 -0.06087021 -0.05977961   -0.13278412  0.04045710    0.04246492  0.04010637
 -0.13278412  0.04045710   -0.06087021 -0.05977961   -0.04246492 -0.04010637
  0.04246492  0.04010637   -0.04246492 -0.04010637   -0.07931964 -0.05819147
    2    2
  0.24331324  0.00000000   -0.00576760  0.00000000    0.00623096 -0.00762658
 -0.00576760  0.00000000    0.24331324  0.00000000   -0.00623096  0.00762658
  0.00623096  0.00762658   -0.00623096 -0.00762658    0.29433484  0.00000000

     Dynamical  Matrix in cartesian axes

     q = (    0.750000000   0.250000000   0.750000000 ) 

    1    1
  0.24331324  0.00000000    0.00623096  0.00762658    0.00576760  0.00000000
  0.00623096 -0.00762658    0.29433484  0.00000000    0.00623096 -0.00762658
  0.00576760  0.00000000    0.00623096  0.00762658    0.24331324  0.00000000
    1    2
  0.06087021 -0.05977961   -0.04246492  0.04010637   -0.13278412 -0.04045710
 -0.04246492  0.04010637    0.07931964 -0.05819147   -0.04246492  0.04010637
 -0.13278412 -0.04045710   -0.04246492  0.04010637    0.06087021 -0.05977961
    2    1
  0.06087021  0.05977961   -0.04246492 -0.04010637   -0.13278412  0.04045710
 -0.04246492 -0.04010637    0.07931964  0.05819147   -0.04246492 -0.04010637
 -0.13278412  0.04045710   -0.04246492 -0.04010637    0.06087021  0.05977961
    2    2
  0.24331324  0.00000000    0.00623096 -0.00762658    0.00576760  0.00000000
  0.00623096  0.00762658    0.29433484  0.00000000    0.00623096  0.00762658
  0.00576760  0.00000000    0.00623096 -0.00762658    0.24331324  0.00000000

     Dynamical  Matrix in cartesian axes

     q = (   -0.750000000   0.250000000   0.750000000 ) 

    1    1
  0.24331324  0.00000000   -0.00623096  0.00762658   -0.00576760  0.00000000
 -0.00623096 -0.00762658    0.29433484  0.00000000    0.00623096  0.00762658
 -0.00576760  0.00000000    0.00623096 -0.00762658    0.24331324  0.00000000
    1    2
 -0.06087021 -0.05977961   -0.04246492 -0.04010637   -0.13278412  0.04045710
 -0.04246492 -0.04010637   -0.07931964 -0.05819147    0.04246492  0.04010637
 -0.13278412  0.04045710    0.04246492  0.04010637   -0.06087021 -0.05977961
    2    1
 -0.06087021  0.05977961   -0.04246492  0.04010637   -0.13278412 -0.04045710
 -0.04246492  0.04010637   -0.07931964  0.05819147    0.04246492 -0.04010637
 -0.13278412 -0.04045710    0.04246492 -0.04010637   -0.06087021  0.05977961
    2    2
  0.24331324  0.00000000   -0.00623096 -0.00762658   -0.00576760  0.00000000
 -0.00623096  0.00762658    0.29433484  0.00000000    0.00623096 -0.00762658
 -0.00576760  0.00000000    0.00623096  0.00762658    0.24331324  0.00000000

     Dynamical  Matrix in cartesian axes

     q = (    0.750000000   0.250000000  -0.750000000 ) 

    1    1
  0.24331324  0.00000000    0.00623096 -0.00762658   -0.00576760  0.00000000
  0.00623096  0.00762658    0.29433484  0.00000000   -0.00623096 -0.00762658
 -0.00576760  0.00000000   -0.00623096  0.00762658    0.24331324  0.00000000
    1    2
 -0.06087021 -0.05977961    0.04246492  0.04010637   -0.13278412  0.04045710
  0.04246492  0.04010637   -0.07931964 -0.05819147   -0.04246492 -0.04010637
 -0.13278412  0.04045710   -0.04246492 -0.04010637   -0.06087021 -0.05977961
    2    1
 -0.06087021  0.05977961    0.04246492 -0.04010637   -0.13278412 -0.04045710
  0.04246492 -0.04010637   -0.07931964  0.05819147   -0.04246492  0.04010637
 -0.13278412 -0.04045710   -0.04246492  0.04010637   -0.06087021  0.05977961
    2    2
  0.24331324  0.00000000    0.00623096  0.00762658   -0.00576760  0.00000000
  0.00623096 -0.00762658    0.29433484  0.00000000   -0.00623096  0.00762658
 -0.00576760  0.00000000   -0.00623096 -0.00762658    0.24331324  0.00000000

     Dynamical  Matrix in cartesian axes

     q = (   -0.750000000   0.750000000   0.250000000 ) 

    1    1
  0.24331324  0.00000000   -0.00576760  0.00000000   -0.00623096  0.00762658
 -0.00576760  0.00000000    0.24331324  0.00000000    0.00623096 -0.00762658
 -0.00623096 -0.00762658    0.00623096  0.00762658    0.29433484  0.00000000
    1    2
 -0.06087021 -0.05977961   -0.13278412  0.04045710   -0.04246492 -0.04010637
 -0.13278412  0.04045710   -0.06087021 -0.05977961    0.04246492  0.04010637
 -0.04246492 -0.04010637    0.04246492  0.04010637   -0.07931964 -0.05819147
    2    1
 -0.06087021  0.05977961   -0.13278412 -0.04045710   -0.04246492  0.04010637
 -0.13278412 -0.04045710   -0.06087021  0.05977961    0.04246492 -0.04010637
 -0.04246492  0.04010637    0.04246492 -0.04010637   -0.07931964  0.05819147
    2    2
  0.24331324  0.00000000   -0.00576760  0.00000000   -0.00623096 -0.00762658
 -0.00576760  0.00000000    0.24331324  0.00000000    0.00623096  0.00762658
 -0.00623096  0.00762658    0.00623096 -0.00762658    0.29433484  0.00000000

     Dynamical  Matrix in cartesian axes

     q = (   -0.250000000   0.750000000   0.750000000 ) 

    1    1
  0.29433484  0.00000000   -0.00623096 -0.00762658   -0.00623096 -0.00762658
 -0.00623096  0.00762658    0.24331324  0.00000000    0.00576760  0.00000000
 -0.00623096  0.00762658    0.00576760  0.00000000    0.24331324  0.00000000
    1    2
 -0.05819147  0.07931964   -0.04010637  0.04246492   -0.04010637  0.04246492
 -0.04010637  0.04246492   -0.05977961  0.06087021   -0.04045710 -0.13278412
 -0.04010637  0.04246492   -0.04045710 -0.13278412   -0.05977961  0.06087021
    2    1
 -0.05819147 -0.07931964   -0.04010637 -0.04246492   -0.04010637 -0.04246492
 -0.04010637 -0.04246492   -0.05977961 -0.06087021   -0.04045710  0.13278412
 -0.04010637 -0.04246492   -0.04045710  0.13278412   -0.05977961 -0.06087021
    2    2
  0.29433484  0.00000000   -0.00623096  0.00762658   -0.00623096  0.00762658
 -0.00623096 -0.00762658    0.24331324  0.00000000    0.00576760  0.00000000
 -0.00623096 -0.00762658    0.00576760  0.00000000    0.24331324  0.00000000

     Dynamical  Matrix in cartesian axes

     q = (    0.250000000   0.750000000  -0.750000000 ) 

    1    1
  0.29433484  0.00000000    0.00623096  0.00762658   -0.00623096 -0.00762658
  0.00623096 -0.00762658    0.24331324  0.00000000   -0.00576760  0.00000000
 -0.00623096  0.00762658   -0.00576760  0.00000000    0.24331324  0.00000000
    1    2
 -0.07931964 -0.05819147    0.04246492  0.04010637   -0.04246492 -0.04010637
  0.04246492  0.04010637   -0.06087021 -0.05977961   -0.13278412  0.04045710
 -0.04246492 -0.04010637   -0.13278412  0.04045710   -0.06087021 -0.05977961
    2    1
 -0.07931964  0.05819147    0.04246492 -0.04010637   -0.04246492  0.04010637
  0.04246492 -0.04010637   -0.06087021  0.05977961   -0.13278412 -0.04045710
 -0.04246492  0.04010637   -0.13278412 -0.04045710   -0.06087021  0.05977961
    2    2
  0.29433484  0.00000000    0.00623096 -0.00762658   -0.00623096  0.00762658
  0.00623096  0.00762658    0.24331324  0.00000000   -0.00576760  0.00000000
 -0.00623096 -0.00762658   -0.00576760  0.00000000    0.24331324  0.00000000

     Dynamical  Matrix in cartesian axes

     q = (   -0.250000000  -0.750000000  -0.750000000 ) 

    1    1
  0.29433484  0.00000000    0.00623096  0.00762658    0.00623096  0.00762658
  0.00623096 -0.00762658    0.24331324  0.00000000    0.00576760  0.00000000
  0.00623096 -0.00762658    0.00576760  0.00000000    0.24331324  0.00000000
    1    2
  0.07931964  0.05819147   -0.04246492 -0.04010637   -0.04246492 -0.04010637
 -0.04246492 -0.04010637    0.06087021  0.05977961   -0.13278412  0.04045710
 -0.04246492 -0.04010637   -0.13278412  0.04045710    0.06087021  0.05977961
    2    1
  0.07931964 -0.05819147   -0.04246492  0.04010637   -0.04246492  0.04010637
 -0.04246492  0.04010637    0.06087021 -0.05977961   -0.13278412 -0.04045710
 -0.04246492  0.04010637   -0.13278412 -0.04045710    0.06087021 -0.05977961
    2    2
  0.29433484  0.00000000    0.00623096 -0.00762658    0.00623096 -0.00762658
  0.00623096  0.00762658    0.24331324  0.00000000    0.00576760  0.00000000
  0.00623096  0.00762658    0.00576760  0.00000000    0.24331324  0.00000000

     Dynamical  Matrix in cartesian axes

     q = (    0.750000000   0.750000000  -0.250000000 ) 

    1    1
  0.24331324  0.00000000    0.00576760  0.00000000   -0.00623096  0.00762658
  0.00576760  0.00000000    0.24331324  0.00000000   -0.00623096  0.00762658
 -0.00623096 -0.00762658   -0.00623096 -0.00762658    0.29433484  0.00000000
    1    2
 -0.05977961  0.06087021   -0.04045710 -0.13278412   -0.04010637  0.04246492
 -0.04045710 -0.13278412   -0.05977961  0.06087021   -0.04010637  0.04246492
 -0.04010637  0.04246492   -0.04010637  0.04246492   -0.05819147  0.07931964
    2    1
 -0.05977961 -0.06087021   -0.04045710  0.13278412   -0.04010637 -0.04246492
 -0.04045710  0.13278412   -0.05977961 -0.06087021   -0.04010637 -0.04246492
 -0.04010637 -0.04246492   -0.04010637 -0.04246492   -0.05819147 -0.07931964
    2    2
  0.24331324  0.00000000    0.00576760  0.00000000   -0.00623096 -0.00762658
  0.00576760  0.00000000    0.24331324  0.00000000   -0.00623096 -0.00762658
 -0.00623096  0.00762658   -0.00623096  0.00762658    0.29433484  0.00000000

     Dynamical  Matrix in cartesian axes

     q = (    0.750000000  -0.750000000   0.250000000 ) 

    1    1
  0.24331324  0.00000000   -0.00576760  0.00000000    0.00623096 -0.00762658
 -0.00576760  0.00000000    0.24331324  0.00000000   -0.00623096  0.00762658
  0.00623096  0.00762658   -0.00623096 -0.00762658    0.29433484  0.00000000
    1    2
 -0.06087021 -0.05977961   -0.13278412  0.04045710    0.04246492  0.04010637
 -0.13278412  0.04045710   -0.06087021 -0.05977961   -0.04246492 -0.04010637
  0.04246492  0.04010637   -0.04246492 -0.04010637   -0.07931964 -0.05819147
    2    1
 -0.06087021  0.05977961   -0.13278412 -0.04045710    0.04246492 -0.04010637
 -0.13278412 -0.04045710   -0.06087021  0.05977961   -0.04246492  0.04010637
  0.04246492 -0.04010637   -0.04246492  0.04010637   -0.07931964  0.05819147
    2    2
  0.24331324  0.00000000   -0.00576760  0.00000000    0.00623096  0.00762658
 -0.00576760  0.00000000    0.24331324  0.00000000   -0.00623096 -0.00762658
  0.00623096 -0.00762658   -0.00623096  0.00762658    0.29433484  0.00000000

     Dynamical  Matrix in cartesian axes

     q = (   -0.750000000  -0.750000000  -0.250000000 ) 

    1    1
  0.24331324  0.00000000    0.00576760  0.00000000    0.00623096 -0.00762658
  0.00576760  0.00000000    0.24331324  0.00000000    0.00623096 -0.00762658
  0.00623096  0.00762658    0.00623096  0.00762658    0.29433484  0.00000000
    1    2
  0.06087021  0.05977961   -0.13278412  0.04045710   -0.04246492 -0.04010637
 -0.13278412  0.04045710    0.06087021  0.05977961   -0.04246492 -0.04010637
 -0.04246492 -0.04010637   -0.04246492 -0.04010637    0.07931964  0.05819147
    2    1
  0.06087021 -0.05977961   -0.13278412 -0.04045710   -0.04246492  0.04010637
 -0.13278412 -0.04045710    0.06087021 -0.05977961   -0.04246492  0.04010637
 -0.04246492  0.04010637   -0.04246492  0.04010637    0.07931964 -0.05819147
    2    2
  0.24331324  0.00000000    0.00576760  0.00000000    0.00623096  0.00762658
  0.00576760  0.00000000    0.24331324  0.00000000    0.00623096  0.00762658
  0.00623096 -0.00762658    0.00623096 -0.00762658    0.29433484  0.00000000

     Dynamical  Matrix in cartesian axes

     q = (    0.250000000  -0.750000000   0.750000000 ) 

    1    1
  0.29433484  0.00000000   -0.00623096 -0.00762658    0.00623096  0.00762658
 -0.00623096  0.00762658    0.24331324  0.00000000   -0.00576760  0.00000000
  0.00623096 -0.00762658   -0.00576760  0.00000000    0.24331324  0.00000000
    1    2
 -0.07931964 -0.05819147   -0.04246492 -0.04010637    0.04246492  0.04010637
 -0.04246492 -0.04010637   -0.06087021 -0.05977961   -0.13278412  0.04045710
  0.04246492  0.04010637   -0.13278412  0.04045710   -0.06087021 -0.05977961
    2    1
 -0.07931964  0.05819147   -0.04246492  0.04010637    0.04246492 -0.04010637
 -0.04246492  0.04010637   -0.06087021  0.05977961   -0.13278412 -0.04045710
  0.04246492 -0.04010637   -0.13278412 -0.04045710   -0.06087021  0.05977961
    2    2
  0.29433484  0.00000000   -0.00623096  0.00762658    0.00623096 -0.00762658
 -0.00623096 -0.00762658    0.24331324  0.00000000   -0.00576760  0.00000000
  0.00623096  0.00762658   -0.00576760  0.00000000    0.24331324  0.00000000

     Dynamical  Matrix in cartesian axes

     q = (   -0.750000000  -0.750000000   0.250000000 ) 

    1    1
  0.24331324  0.00000000    0.00576760  0.00000000   -0.00623096 -0.00762658
  0.00576760  0.00000000    0.24331324  0.00000000   -0.00623096 -0.00762658
 -0.00623096  0.00762658   -0.00623096  0.00762658    0.29433484  0.00000000
    1    2
 -0.05977961 -0.06087021   -0.04045710  0.13278412   -0.04010637 -0.04246492
 -0.04045710  0.13278412   -0.05977961 -0.06087021   -0.04010637 -0.04246492
 -0.04010637 -0.04246492   -0.04010637 -0.04246492   -0.05819147 -0.07931964
    2    1
 -0.05977961  0.06087021   -0.04045710 -0.13278412   -0.04010637  0.04246492
 -0.04045710 -0.13278412   -0.05977961  0.06087021   -0.04010637  0.04246492
 -0.04010637  0.04246492   -0.04010637  0.04246492   -0.05819147  0.07931964
    2    2
  0.24331324  0.00000000    0.00576760  0.00000000   -0.00623096  0.00762658
  0.00576760  0.00000000    0.24331324  0.00000000   -0.00623096  0.00762658
 -0.00623096 -0.00762658   -0.00623096 -0.00762658    0.29433484  0.00000000

     Dynamical  Matrix in cartesian axes

     q = (    0.250000000   0.750000000   0.750000000 ) 

    1    1
  0.29433484  0.00000000    0.00623096 -0.00762658    0.00623096 -0.00762658
  0.00623096  0.00762658    0.24331324  0.00000000    0.00576760  0.00000000
  0.00623096  0.00762658    0.00576760  0.00000000    0.24331324  0.00000000
    1    2
  0.07931964 -0.05819147   -0.04246492  0.04010637   -0.04246492  0.04010637
 -0.04246492  0.04010637    0.06087021 -0.05977961   -0.13278412 -0.04045710
 -0.04246492  0.04010637   -0.13278412 -0.04045710    0.06087021 -0.05977961
    2    1
  0.07931964  0.05819147   -0.04246492 -0.04010637   -0.04246492 -0.04010637
 -0.04246492 -0.04010637    0.06087021  0.05977961   -0.13278412  0.04045710
 -0.04246492 -0.04010637   -0.13278412  0.04045710    0.06087021  0.05977961
    2    2
  0.29433484  0.00000000    0.00623096  0.00762658    0.00623096  0.00762658
  0.00623096 -0.00762658    0.24331324  0.00000000    0.00576760  0.00000000
  0.00623096 -0.00762658    0.00576760  0.00000000    0.24331324  0.00000000

     Dynamical  Matrix in cartesian axes

     q = (   -0.250000000  -0.750000000   0.750000000 ) 

    1    1
  0.29433484  0.00000000    0.00623096 -0.00762658   -0.00623096  0.00762658
  0.00623096  0.00762658    0.24331324  0.00000000   -0.00576760  0.00000000
 -0.00623096 -0.00762658   -0.00576760  0.00000000    0.24331324  0.00000000
    1    2
 -0.07931964  0.05819147    0.04246492 -0.04010637   -0.04246492  0.04010637
  0.04246492 -0.04010637   -0.06087021  0.05977961   -0.13278412 -0.04045710
 -0.04246492  0.04010637   -0.13278412 -0.04045710   -0.06087021  0.05977961
    2    1
 -0.07931964 -0.05819147    0.04246492  0.04010637   -0.04246492 -0.04010637
  0.04246492  0.04010637   -0.06087021 -0.05977961   -0.13278412  0.04045710
 -0.04246492 -0.04010637   -0.13278412  0.04045710   -0.06087021 -0.05977961
    2    2
  0.29433484  0.00000000    0.00623096  0.00762658   -0.00623096 -0.00762658
  0.00623096 -0.00762658    0.24331324  0.00000000   -0.00576760  0.00000000
 -0.00623096  0.00762658   -0.00576760  0.00000000    0.24331324  0.00000000

     Dynamical  Matrix in cartesian axes

     q = (    0.750000000   0.750000000   0.250000000 ) 

    1    1
  0.24331324  0.00000000    0.00576760  0.00000000    0.00623096  0.00762658
  0.00576760  0.00000000    0.24331324  0.00000000    0.00623096  0.00762658
  0.00623096 -0.00762658    0.00623096 -0.00762658    0.29433484  0.00000000
    1    2
  0.06087021 -0.05977961   -0.13278412 -0.04045710   -0.04246492  0.04010637
 -0.13278412 -0.04045710    0.06087021 -0.05977961   -0.04246492  0.04010637
 -0.04246492  0.04010637   -0.04246492  0.04010637    0.07931964 -0.05819147
    2    1
  0.06087021  0.05977961   -0.13278412  0.04045710   -0.04246492 -0.04010637
 -0.13278412  0.04045710    0.06087021  0.05977961   -0.04246492 -0.04010637
 -0.04246492 -0.04010637   -0.04246492 -0.04010637    0.07931964  0.05819147
    2    2
  0.24331324  0.00000000    0.00576760  0.00000000    0.00623096 -0.00762658
  0.00576760  0.00000000    0.24331324  0.00000000    0.00623096 -0.00762658
  0.00623096  0.00762658    0.00623096  0.00762658    0.29433484  0.00000000

     Dynamical  Matrix in cartesian axes

     q = (    0.250000000  -0.750000000  -0.750000000 ) 

    1    1
  0.29433484  0.00000000   -0.00623096  0.00762658   -0.00623096  0.00762658
 -0.00623096 -0.00762658    0.24331324  0.00000000    0.00576760  0.00000000
 -0.00623096 -0.00762658    0.00576760  0.00000000    0.24331324  0.00000000
    1    2
 -0.05819147 -0.07931964   -0.04010637 -0.04246492   -0.04010637 -0.04246492
 -0.04010637 -0.04246492   -0.05977961 -0.06087021   -0.04045710  0.13278412
 -0.04010637 -0.04246492   -0.04045710  0.13278412   -0.05977961 -0.06087021
    2    1
 -0.05819147  0.07931964   -0.04010637  0.04246492   -0.04010637  0.04246492
 -0.04010637  0.04246492   -0.05977961  0.06087021   -0.04045710 -0.13278412
 -0.04010637  0.04246492   -0.04045710 -0.13278412   -0.05977961  0.06087021
    2    2
  0.29433484  0.00000000   -0.00623096 -0.00762658   -0.00623096 -0.00762658
 -0.00623096  0.00762658    0.24331324  0.00000000    0.00576760  0.00000000
 -0.00623096  0.00762658    0.00576760  0.00000000    0.24331324  0.00000000

     Dynamical  Matrix in cartesian axes

     q = (    0.750000000  -0.750000000  -0.250000000 ) 

    1    1
  0.24331324  0.00000000   -0.00576760  0.00000000   -0.00623096 -0.00762658
 -0.00576760  0.00000000    0.24331324  0.00000000    0.00623096  0.00762658
 -0.00623096  0.00762658    0.00623096 -0.00762658    0.29433484  0.00000000
    1    2
 -0.06087021  0.05977961   -0.13278412 -0.04045710   -0.04246492  0.04010637
 -0.13278412 -0.04045710   -0.06087021  0.05977961    0.04246492 -0.04010637
 -0.04246492  0.04010637    0.04246492 -0.04010637   -0.07931964  0.05819147
    2    1
 -0.06087021 -0.05977961   -0.13278412  0.04045710   -0.04246492 -0.04010637
 -0.13278412  0.04045710   -0.06087021 -0.05977961    0.04246492  0.04010637
 -0.04246492 -0.04010637    0.04246492  0.04010637   -0.07931964 -0.05819147
    2    2
  0.24331324  0.00000000   -0.00576760  0.00000000   -0.00623096  0.00762658
 -0.00576760  0.00000000    0.24331324  0.00000000    0.00623096 -0.00762658
 -0.00623096 -0.00762658    0.00623096  0.00762658    0.29433484  0.00000000

     Diagonalizing the dynamical matrix

     q = (    0.750000000  -0.250000000   0.750000000 ) 

 **************************************************************************
     freq (    1) =       4.260337 [THz] =     142.109562 [cm-1]
 (  0.049643 -0.497530 -0.000000  0.000000 -0.049643  0.497530 ) 
 (  0.500000  0.000000 -0.000000 -0.000000 -0.500000  0.000000 ) 
     freq (    2) =       5.887860 [THz] =     196.397875 [cm-1]
 ( -0.391419 -0.159696 -0.344661  0.154226 -0.391419 -0.159696 ) 
 ( -0.422743 -0.000000 -0.260862 -0.272998 -0.422743  0.000000 ) 
     freq (    3) =       9.323155 [THz] =     310.986971 [cm-1]
 (  0.111309 -0.291013  0.385114  0.396901  0.111309 -0.291013 ) 
 ( -0.311574  0.000000  0.233128  0.501492 -0.311574  0.000000 ) 
     freq (    4) =      12.011012 [THz] =     400.644238 [cm-1]
 (  0.086738  0.319005 -0.404154 -0.343634  0.086738  0.319005 ) 
 ( -0.330587  0.000000  0.437635  0.299834 -0.330587  0.000000 ) 
     freq (    5) =      13.517243 [THz] =     450.886681 [cm-1]
 (  0.049643 -0.497530 -0.000000 -0.000000 -0.049643  0.497530 ) 
 ( -0.500000  0.000000  0.000000  0.000000  0.500000  0.000000 ) 
     freq (    6) =      13.915983 [THz] =     464.187219 [cm-1]
 ( -0.301221 -0.155526 -0.469966  0.222008 -0.301221 -0.155526 ) 
 (  0.339002 -0.000000  0.315737  0.412875  0.339002 -0.000000 ) 
 **************************************************************************
