Dynamical matrix file
                                                                           
  1    2  2 10.3480000  0.0000000  0.0000000  0.0000000  0.0000000  0.0000000
           1  'Si  '    25598.822984527003     
    1    1      0.0000000000      0.0000000000      0.0000000000
    2    1      0.2500000000      0.2500000000      0.2500000000

     Dynamical  Matrix in cartesian axes

     q = (   -0.250000000   0.250000000  -0.250000000 ) 

    1    1
  0.26690474  0.00000000   -0.01164155  0.00000000    0.01164155  0.00000000
 -0.01164155  0.00000000    0.26690474  0.00000000   -0.01164155  0.00000000
  0.01164155  0.00000000   -0.01164155  0.00000000    0.26690474  0.00000000
    1    2
 -0.19883158 -0.05764149   -0.03723869  0.03897275    0.03723869 -0.03897275
 -0.03723869  0.03897275   -0.19883158 -0.05764149   -0.03723869  0.03897275
  0.03723869 -0.03897275   -0.03723869  0.03897275   -0.19883158 -0.05764149
    2    1
 -0.19883158  0.05764149   -0.03723869 -0.03897275    0.03723869  0.03897275
 -0.03723869 -0.03897275   -0.19883158  0.05764149   -0.03723869 -0.03897275
  0.03723869  0.03897275   -0.03723869 -0.03897275   -0.19883158  0.05764149
    2    2
  0.26690474  0.00000000   -0.01164155  0.00000000    0.01164155  0.00000000
 -0.01164155  0.00000000    0.26690474  0.00000000   -0.01164155  0.00000000
  0.01164155  0.00000000   -0.01164155  0.00000000    0.26690474  0.00000000

     Dynamical  Matrix in cartesian axes

     q = (    0.250000000  -0.250000000  -0.250000000 ) 

    1    1
  0.26690474  0.00000000   -0.01164155  0.00000000   -0.01164155  0.00000000
 -0.01164155  0.00000000    0.26690474  0.00000000    0.01164155  0.00000000
 -0.01164155  0.00000000    0.01164155  0.00000000    0.26690474  0.00000000
    1    2
 -0.19883158 -0.05764149   -0.03723869  0.03897275   -0.03723869  0.03897275
 -0.03723869  0.03897275   -0.19883158 -0.05764149    0.03723869 -0.03897275
 -0.03723869  0.03897275    0.03723869 -0.03897275   -0.19883158 -0.05764149
    2    1
 -0.19883158  0.05764149   -0.03723869 -0.03897275   -0.03723869 -0.03897275
 -0.03723869 -0.03897275   -0.19883158  0.05764149    0.03723869  0.03897275
 -0.03723869 -0.03897275    0.03723869  0.03897275   -0.19883158  0.05764149
    2    2
  0.26690474  0.00000000   -0.01164155  0.00000000   -0.01164155  0.00000000
 -0.01164155  0.00000000    0.26690474  0.00000000    0.01164155  0.00000000
 -0.01164155  0.00000000    0.01164155  0.00000000    0.26690474  0.00000000

     Dynamical  Matrix in cartesian axes

     q = (    0.250000000  -0.250000000   0.250000000 ) 

    1    1
  0.26690474  0.00000000   -0.01164155  0.00000000    0.01164155  0.00000000
 -0.01164155  0.00000000    0.26690474  0.00000000   -0.01164155  0.00000000
  0.01164155  0.00000000   -0.01164155  0.00000000    0.26690474  0.00000000
    1    2
 -0.19883158  0.05764149   -0.03723869 -0.03897275    0.03723869  0.03897275
 -0.03723869 -0.03897275   -0.19883158  0.05764149   -0.03723869 -0.03897275
  0.03723869  0.03897275   -0.03723869 -0.03897275   -0.19883158  0.05764149
    2    1
 -0.19883158 -0.05764149   -0.03723869  0.03897275    0.03723869 -0.03897275
 -0.03723869  0.03897275   -0.19883158 -0.05764149   -0.03723869  0.03897275
  0.03723869 -0.03897275   -0.03723869  0.03897275   -0.19883158 -0.05764149
    2    2
  0.26690474  0.00000000   -0.01164155  0.00000000    0.01164155  0.00000000
 -0.01164155  0.00000000    0.26690474  0.00000000   -0.01164155  0.00000000
  0.01164155  0.00000000   -0.01164155  0.00000000    0.26690474  0.00000000

     Dynamical  Matrix in cartesian axes

     q = (    0.250000000   0.250000000   0.250000000 ) 

    1    1
  0.26690474  0.00000000    0.01164155  0.00000000    0.01164155  0.00000000
  0.01164155  0.00000000    0.26690474  0.00000000    0.01164155  0.00000000
  0.01164155  0.00000000    0.01164155  0.00000000    0.26690474  0.00000000
    1    2
 -0.05764149  0.19883158   -0.03897275 -0.03723869   -0.03897275 -0.03723869
 -0.03897275 -0.03723869   -0.05764149  0.19883158   -0.03897275 -0.03723869
 -0.03897275 -0.03723869   -0.03897275 -0.03723869   -0.05764149  0.19883158
    2    1
 -0.05764149 -0.19883158   -0.03897275  0.03723869   -0.03897275  0.03723869
 -0.03897275  0.03723869   -0.05764149 -0.19883158   -0.03897275  0.03723869
 -0.03897275  0.03723869   -0.03897275  0.03723869   -0.05764149 -0.19883158
    2    2
  0.26690474  0.00000000    0.01164155  0.00000000    0.01164155  0.00000000
  0.01164155  0.00000000    0.26690474  0.00000000    0.01164155  0.00000000
  0.01164155  0.00000000    0.01164155  0.00000000    0.26690474  0.00000000

     Dynamical  Matrix in cartesian axes

     q = (   -0.250000000  -0.250000000  -0.250000000 ) 

    1    1
  0.26690474  0.00000000    0.01164155  0.00000000    0.01164155  0.00000000
  0.01164155  0.00000000    0.26690474  0.00000000    0.01164155  0.00000000
  0.01164155  0.00000000    0.01164155  0.00000000    0.26690474  0.00000000
    1    2
 -0.05764149 -0.19883158   -0.03897275  0.03723869   -0.03897275  0.03723869
 -0.03897275  0.03723869   -0.05764149 -0.19883158   -0.03897275  0.03723869
 -0.03897275  0.03723869   -0.03897275  0.03723869   -0.05764149 -0.19883158
    2    1
 -0.05764149  0.19883158   -0.03897275 -0.03723869   -0.03897275 -0.03723869
 -0.03897275 -0.03723869   -0.05764149  0.19883158   -0.03897275 -0.03723869
 -0.03897275 -0.03723869   -0.03897275 -0.03723869   -0.05764149  0.19883158
    2    2
  0.26690474  0.00000000    0.01164155  0.00000000    0.01164155  0.00000000
  0.01164155  0.00000000    0.26690474  0.00000000    0.01164155  0.00000000
  0.01164155  0.00000000    0.01164155  0.00000000    0.26690474  0.00000000

     Dynamical  Matrix in cartesian axes

     q = (   -0.250000000  -0.250000000   0.250000000 ) 

    1    1
  0.26690474  0.00000000    0.01164155  0.00000000   -0.01164155  0.00000000
  0.01164155  0.00000000    0.26690474  0.00000000   -0.01164155  0.00000000
 -0.01164155  0.00000000   -0.01164155  0.00000000    0.26690474  0.00000000
    1    2
 -0.19883158 -0.05764149    0.03723869 -0.03897275   -0.03723869  0.03897275
  0.03723869 -0.03897275   -0.19883158 -0.05764149   -0.03723869  0.03897275
 -0.03723869  0.03897275   -0.03723869  0.03897275   -0.19883158 -0.05764149
    2    1
 -0.19883158  0.05764149    0.03723869  0.03897275   -0.03723869 -0.03897275
  0.03723869  0.03897275   -0.19883158  0.05764149   -0.03723869 -0.03897275
 -0.03723869 -0.03897275   -0.03723869 -0.03897275   -0.19883158  0.05764149
    2    2
  0.26690474  0.00000000    0.01164155  0.00000000   -0.01164155  0.00000000
  0.01164155  0.00000000    0.26690474  0.00000000   -0.01164155  0.00000000
 -0.01164155  0.00000000   -0.01164155  0.00000000    0.26690474  0.00000000

     Dynamical  Matrix in cartesian axes

     q = (   -0.250000000   0.250000000   0.250000000 ) 

    1    1
  0.26690474  0.00000000   -0.01164155  0.00000000   -0.01164155  0.00000000
 -0.01164155  0.00000000    0.26690474  0.00000000    0.01164155  0.00000000
 -0.01164155  0.00000000    0.01164155  0.00000000    0.26690474  0.00000000
    1    2
 -0.19883158  0.05764149   -0.03723869 -0.03897275   -0.03723869 -0.03897275
 -0.03723869 -0.03897275   -0.19883158  0.05764149    0.03723869  0.03897275
 -0.03723869 -0.03897275    0.03723869  0.03897275   -0.19883158  0.05764149
    2    1
 -0.19883158 -0.05764149   -0.03723869  0.03897275   -0.03723869  0.03897275
 -0.03723869  0.03897275   -0.19883158 -0.05764149    0.03723869 -0.03897275
 -0.03723869  0.03897275    0.03723869 -0.03897275   -0.19883158 -0.05764149
    2    2
  0.26690474  0.00000000   -0.01164155  0.00000000   -0.01164155  0.00000000
 -0.01164155  0.00000000    0.26690474  0.00000000    0.01164155  0.00000000
 -0.01164155  0.00000000    0.01164155  0.00000000    0.26690474  0.00000000

     Dynamical  Matrix in cartesian axes

     q = (    0.250000000   0.250000000  -0.250000000 ) 

    1    1
  0.26690474  0.00000000    0.01164155  0.00000000   -0.01164155  0.00000000
  0.01164155  0.00000000    0.26690474  0.00000000   -0.01164155  0.00000000
 -0.01164155  0.00000000   -0.01164155  0.00000000    0.26690474  0.00000000
    1    2
 -0.19883158  0.05764149    0.03723869  0.03897275   -0.03723869 -0.03897275
  0.03723869  0.03897275   -0.19883158  0.05764149   -0.03723869 -0.03897275
 -0.03723869 -0.03897275   -0.03723869 -0.03897275   -0.19883158  0.05764149
    2    1
 -0.19883158 -0.05764149    0.03723869 -0.03897275   -0.03723869  0.03897275
  0.03723869 -0.03897275   -0.19883158 -0.05764149   -0.03723869  0.03897275
 -0.03723869  0.03897275   -0.03723869  0.03897275   -0.19883158 -0.05764149
    2    2
  0.26690474  0.00000000    0.01164155  0.00000000   -0.01164155  0.00000000
  0.01164155  0.00000000    0.26690474  0.00000000   -0.01164155  0.00000000
 -0.01164155  0.00000000   -0.01164155  0.00000000    0.26690474  0.00000000

     Diagonalizing the dynamical matrix

     q = (   -0.250000000   0.250000000  -0.250000000 ) 

 **************************************************************************
     freq (    1) =       2.793398 [THz] =      93.177711 [cm-1]
 (  0.510230  0.067343  0.028559  0.029252 -0.481672 -0.038091 ) 
 (  0.513951  0.026910  0.030776  0.026910 -0.483175  0.000000 ) 
     freq (    2) =       2.793398 [THz] =      93.177711 [cm-1]
 ( -0.254352 -0.061385 -0.569398 -0.086299 -0.315046 -0.024914 ) 
 ( -0.258400 -0.041142 -0.574430 -0.041142 -0.316030  0.000000 ) 
     freq (    3) =       6.701129 [THz] =     223.525613 [cm-1]
 ( -0.275943 -0.300869  0.275943  0.300869 -0.275943 -0.300869 ) 
 ( -0.408248  0.000000  0.408248  0.000000 -0.408248  0.000000 ) 
     freq (    4) =      14.158917 [THz] =     472.290632 [cm-1]
 ( -0.275943 -0.300869  0.275943  0.300869 -0.275943 -0.300869 ) 
 (  0.408248 -0.000000 -0.408248 -0.000000  0.408248  0.000000 ) 
     freq (    5) =      14.423767 [THz] =     481.125077 [cm-1]
 (  0.268122  0.003855 -0.306595 -0.041594 -0.574717 -0.045449 ) 
 ( -0.267592  0.017294  0.308919  0.017294  0.576511  0.000000 ) 
     freq (    6) =      14.423767 [THz] =     481.125077 [cm-1]
 ( -0.371927 -0.350855 -0.340909 -0.348402  0.031018  0.002453 ) 
 (  0.398429  0.320442  0.367315  0.320442 -0.031115  0.000000 ) 
 **************************************************************************
