Dynamical matrix file
                                                                           
  1    2  2 10.2200000  0.0000000  0.0000000  0.0000000  0.0000000  0.0000000
           1  'Si  '    25598.822984527003     
    1    1      0.0000000000      0.0000000000      0.0000000000
    2    1      0.2500000000      0.2500000000      0.2500000000

     Dynamical  Matrix in cartesian axes

     q = (   -0.250000000   0.250000000  -0.250000000 ) 

    1    1
  0.29249415  0.00000000   -0.01148728  0.00000000    0.01148728  0.00000000
 -0.01148728  0.00000000    0.29249415  0.00000000   -0.01148728  0.00000000
  0.01148728  0.00000000   -0.01148728  0.00000000    0.29249415  0.00000000
    1    2
 -0.21241059 -0.06207207   -0.04288680  0.04308053    0.04288680 -0.04308053
 -0.04288680  0.04308053   -0.21241059 -0.06207207   -0.04288680  0.04308053
  0.04288680 -0.04308053   -0.04288680  0.04308053   -0.21241059 -0.06207207
    2    1
 -0.21241059  0.06207207   -0.04288680 -0.04308053    0.04288680  0.04308053
 -0.04288680 -0.04308053   -0.21241059  0.06207207   -0.04288680 -0.04308053
  0.04288680  0.04308053   -0.04288680 -0.04308053   -0.21241059  0.06207207
    2    2
  0.29249415  0.00000000   -0.01148728  0.00000000    0.01148728  0.00000000
 -0.01148728  0.00000000    0.29249415  0.00000000   -0.01148728  0.00000000
  0.01148728  0.00000000   -0.01148728  0.00000000    0.29249415  0.00000000

     Dynamical  Matrix in cartesian axes

     q = (    0.250000000  -0.250000000  -0.250000000 ) 

    1    1
  0.29249415  0.00000000   -0.01148728  0.00000000   -0.01148728  0.00000000
 -0.01148728  0.00000000    0.29249415  0.00000000    0.01148728  0.00000000
 -0.01148728  0.00000000    0.01148728  0.00000000    0.29249415  0.00000000
    1    2
 -0.21241059 -0.06207207   -0.04288680  0.04308053   -0.04288680  0.04308053
 -0.04288680  0.04308053   -0.21241059 -0.06207207    0.04288680 -0.04308053
 -0.04288680  0.04308053    0.04288680 -0.04308053   -0.21241059 -0.06207207
    2    1
 -0.21241059  0.06207207   -0.04288680 -0.04308053   -0.04288680 -0.04308053
 -0.04288680 -0.04308053   -0.21241059  0.06207207    0.04288680  0.04308053
 -0.04288680 -0.04308053    0.04288680  0.04308053   -0.21241059  0.06207207
    2    2
  0.29249415  0.00000000   -0.01148728  0.00000000   -0.01148728  0.00000000
 -0.01148728  0.00000000    0.29249415  0.00000000    0.01148728  0.00000000
 -0.01148728  0.00000000    0.01148728  0.00000000    0.29249415  0.00000000

     Dynamical  Matrix in cartesian axes

     q = (    0.250000000  -0.250000000   0.250000000 ) 

    1    1
  0.29249415  0.00000000   -0.01148728  0.00000000    0.01148728  0.00000000
 -0.01148728  0.00000000    0.29249415  0.00000000   -0.01148728  0.00000000
  0.01148728  0.00000000   -0.01148728  0.00000000    0.29249415  0.00000000
    1    2
 -0.21241059  0.06207207   -0.04288680 -0.04308053    0.04288680  0.04308053
 -0.04288680 -0.04308053   -0.21241059  0.06207207   -0.04288680 -0.04308053
  0.04288680  0.04308053   -0.04288680 -0.04308053   -0.21241059  0.06207207
    2    1
 -0.21241059 -0.06207207   -0.04288680  0.04308053    0.04288680 -0.04308053
 -0.04288680  0.04308053   -0.21241059 -0.06207207   -0.04288680  0.04308053
  0.04288680 -0.04308053   -0.04288680  0.04308053   -0.21241059 -0.06207207
    2    2
  0.29249415  0.00000000   -0.01148728  0.00000000    0.01148728  0.00000000
 -0.01148728  0.00000000    0.29249415  0.00000000   -0.01148728  0.00000000
  0.01148728  0.00000000   -0.01148728  0.00000000    0.29249415  0.00000000

     Dynamical  Matrix in cartesian axes

     q = (    0.250000000   0.250000000   0.250000000 ) 

    1    1
  0.29249415  0.00000000    0.01148728  0.00000000    0.01148728  0.00000000
  0.01148728  0.00000000    0.29249415  0.00000000    0.01148728  0.00000000
  0.01148728  0.00000000    0.01148728  0.00000000    0.29249415  0.00000000
    1    2
 -0.06207207  0.21241059   -0.04308053 -0.04288680   -0.04308053 -0.04288680
 -0.04308053 -0.04288680   -0.06207207  0.21241059   -0.04308053 -0.04288680
 -0.04308053 -0.04288680   -0.04308053 -0.04288680   -0.06207207  0.21241059
    2    1
 -0.06207207 -0.21241059   -0.04308053  0.04288680   -0.04308053  0.04288680
 -0.04308053  0.04288680   -0.06207207 -0.21241059   -0.04308053  0.04288680
 -0.04308053  0.04288680   -0.04308053  0.04288680   -0.06207207 -0.21241059
    2    2
  0.29249415  0.00000000    0.01148728  0.00000000    0.01148728  0.00000000
  0.01148728  0.00000000    0.29249415  0.00000000    0.01148728  0.00000000
  0.01148728  0.00000000    0.01148728  0.00000000    0.29249415  0.00000000

     Dynamical  Matrix in cartesian axes

     q = (   -0.250000000  -0.250000000  -0.250000000 ) 

    1    1
  0.29249415  0.00000000    0.01148728  0.00000000    0.01148728  0.00000000
  0.01148728  0.00000000    0.29249415  0.00000000    0.01148728  0.00000000
  0.01148728  0.00000000    0.01148728  0.00000000    0.29249415  0.00000000
    1    2
 -0.06207207 -0.21241059   -0.04308053  0.04288680   -0.04308053  0.04288680
 -0.04308053  0.04288680   -0.06207207 -0.21241059   -0.04308053  0.04288680
 -0.04308053  0.04288680   -0.04308053  0.04288680   -0.06207207 -0.21241059
    2    1
 -0.06207207  0.21241059   -0.04308053 -0.04288680   -0.04308053 -0.04288680
 -0.04308053 -0.04288680   -0.06207207  0.21241059   -0.04308053 -0.04288680
 -0.04308053 -0.04288680   -0.04308053 -0.04288680   -0.06207207  0.21241059
    2    2
  0.29249415  0.00000000    0.01148728  0.00000000    0.01148728  0.00000000
  0.01148728  0.00000000    0.29249415  0.00000000    0.01148728  0.00000000
  0.01148728  0.00000000    0.01148728  0.00000000    0.29249415  0.00000000

     Dynamical  Matrix in cartesian axes

     q = (   -0.250000000  -0.250000000   0.250000000 ) 

    1    1
  0.29249415  0.00000000    0.01148728  0.00000000   -0.01148728  0.00000000
  0.01148728  0.00000000    0.29249415  0.00000000   -0.01148728  0.00000000
 -0.01148728  0.00000000   -0.01148728  0.00000000    0.29249415  0.00000000
    1    2
 -0.21241059 -0.06207207    0.04288680 -0.04308053   -0.04288680  0.04308053
  0.04288680 -0.04308053   -0.21241059 -0.06207207   -0.04288680  0.04308053
 -0.04288680  0.04308053   -0.04288680  0.04308053   -0.21241059 -0.06207207
    2    1
 -0.21241059  0.06207207    0.04288680  0.04308053   -0.04288680 -0.04308053
  0.04288680  0.04308053   -0.21241059  0.06207207   -0.04288680 -0.04308053
 -0.04288680 -0.04308053   -0.04288680 -0.04308053   -0.21241059  0.06207207
    2    2
  0.29249415  0.00000000    0.01148728  0.00000000   -0.01148728  0.00000000
  0.01148728  0.00000000    0.29249415  0.00000000   -0.01148728  0.00000000
 -0.01148728  0.00000000   -0.01148728  0.00000000    0.29249415  0.00000000

     Dynamical  Matrix in cartesian axes

     q = (   -0.250000000   0.250000000   0.250000000 ) 

    1    1
  0.29249415  0.00000000   -0.01148728  0.00000000   -0.01148728  0.00000000
 -0.01148728  0.00000000    0.29249415  0.00000000    0.01148728  0.00000000
 -0.01148728  0.00000000    0.01148728  0.00000000    0.29249415  0.00000000
    1    2
 -0.21241059  0.06207207   -0.04288680 -0.04308053   -0.04288680 -0.04308053
 -0.04288680 -0.04308053   -0.21241059  0.06207207    0.04288680  0.04308053
 -0.04288680 -0.04308053    0.04288680  0.04308053   -0.21241059  0.06207207
    2    1
 -0.21241059 -0.06207207   -0.04288680  0.04308053   -0.04288680  0.04308053
 -0.04288680  0.04308053   -0.21241059 -0.06207207    0.04288680 -0.04308053
 -0.04288680  0.04308053    0.04288680 -0.04308053   -0.21241059 -0.06207207
    2    2
  0.29249415  0.00000000   -0.01148728  0.00000000   -0.01148728  0.00000000
 -0.01148728  0.00000000    0.29249415  0.00000000    0.01148728  0.00000000
 -0.01148728  0.00000000    0.01148728  0.00000000    0.29249415  0.00000000

     Dynamical  Matrix in cartesian axes

     q = (    0.250000000   0.250000000  -0.250000000 ) 

    1    1
  0.29249415  0.00000000    0.01148728  0.00000000   -0.01148728  0.00000000
  0.01148728  0.00000000    0.29249415  0.00000000   -0.01148728  0.00000000
 -0.01148728  0.00000000   -0.01148728  0.00000000    0.29249415  0.00000000
    1    2
 -0.21241059  0.06207207    0.04288680  0.04308053   -0.04288680 -0.04308053
  0.04288680  0.04308053   -0.21241059  0.06207207   -0.04288680 -0.04308053
 -0.04288680 -0.04308053   -0.04288680 -0.04308053   -0.21241059  0.06207207
    2    1
 -0.21241059 -0.06207207    0.04288680 -0.04308053   -0.04288680  0.04308053
  0.04288680 -0.04308053   -0.21241059 -0.06207207   -0.04288680  0.04308053
 -0.04288680  0.04308053   -0.04288680  0.04308053   -0.21241059 -0.06207207
    2    2
  0.29249415  0.00000000    0.01148728  0.00000000   -0.01148728  0.00000000
  0.01148728  0.00000000    0.29249415  0.00000000   -0.01148728  0.00000000
 -0.01148728  0.00000000   -0.01148728  0.00000000    0.29249415  0.00000000

     Diagonalizing the dynamical matrix

     q = (   -0.250000000   0.250000000  -0.250000000 ) 

 **************************************************************************
     freq (    1) =       3.251400 [THz] =     108.455021 [cm-1]
 ( -0.370482 -0.033887  0.196282  0.008275  0.566764  0.042162 ) 
 ( -0.371975 -0.006309  0.196355 -0.006309  0.568330 -0.000000 ) 
     freq (    2) =       3.251400 [THz] =     108.455021 [cm-1]
 (  0.436266  0.067824  0.537641  0.075365  0.101376  0.007541 ) 
 (  0.440095  0.035273  0.541751  0.035273  0.101656  0.000000 ) 
     freq (    3) =       7.137918 [THz] =     238.095307 [cm-1]
 (  0.265177  0.310399 -0.265177 -0.310399  0.265177  0.310399 ) 
 (  0.408248 -0.000000 -0.408248  0.000000  0.408248  0.000000 ) 
     freq (    4) =      14.690386 [THz] =     490.018547 [cm-1]
 (  0.265177  0.310399 -0.265177 -0.310399  0.265177  0.310399 ) 
 ( -0.408248  0.000000  0.408248  0.000000 -0.408248  0.000000 ) 
     freq (    5) =      15.068017 [THz] =     502.614934 [cm-1]
 (  0.288279  0.021290 -0.287480 -0.021541 -0.575759 -0.042831 ) 
 ( -0.289064  0.000155  0.288286  0.000155  0.577350  0.000000 ) 
     freq (    6) =      15.068017 [THz] =     502.614934 [cm-1]
 ( -0.476660  0.150234 -0.477142  0.150198 -0.000482 -0.000036 ) 
 (  0.464202 -0.185181  0.464685 -0.185181  0.000484  0.000000 ) 
 **************************************************************************
