Dynamical matrix file
                                                                           
  1    2  2 10.2200000  0.0000000  0.0000000  0.0000000  0.0000000  0.0000000
           1  'Si  '    25598.822984527003     
    1    1      0.0000000000      0.0000000000      0.0000000000
    2    1      0.2500000000      0.2500000000      0.2500000000

     Dynamical  Matrix in cartesian axes

     q = (    0.750000000  -0.250000000   0.750000000 ) 

    1    1
  0.25612251  0.00000000   -0.00528746  0.00787478    0.00230238  0.00000000
 -0.00528746 -0.00787478    0.31363513  0.00000000   -0.00528746 -0.00787478
  0.00230238  0.00000000   -0.00528746  0.00787478    0.25612251  0.00000000
    1    2
 -0.06640635  0.06392802   -0.04076316  0.04621966   -0.04806822 -0.15054935
 -0.04076316  0.04621966   -0.06475576  0.08329803   -0.04076316  0.04621966
 -0.04806822 -0.15054935   -0.04076316  0.04621966   -0.06640635  0.06392802
    2    1
 -0.06640635 -0.06392802   -0.04076316 -0.04621966   -0.04806822  0.15054935
 -0.04076316 -0.04621966   -0.06475576 -0.08329803   -0.04076316 -0.04621966
 -0.04806822  0.15054935   -0.04076316 -0.04621966   -0.06640635 -0.06392802
    2    2
  0.25612251  0.00000000   -0.00528746 -0.00787478    0.00230238  0.00000000
 -0.00528746  0.00787478    0.31363513  0.00000000   -0.00528746  0.00787478
  0.00230238  0.00000000   -0.00528746 -0.00787478    0.25612251  0.00000000

     Dynamical  Matrix in cartesian axes

     q = (    0.750000000  -0.250000000  -0.750000000 ) 

    1    1
  0.25612251  0.00000000   -0.00528746 -0.00787478   -0.00230238  0.00000000
 -0.00528746  0.00787478    0.31363513  0.00000000    0.00528746 -0.00787478
 -0.00230238  0.00000000    0.00528746  0.00787478    0.25612251  0.00000000
    1    2
 -0.06392802  0.06640635   -0.04621966  0.04076316   -0.15054935 -0.04806822
 -0.04621966  0.04076316   -0.08329803  0.06475576    0.04621966 -0.04076316
 -0.15054935 -0.04806822    0.04621966 -0.04076316   -0.06392802  0.06640635
    2    1
 -0.06392802 -0.06640635   -0.04621966 -0.04076316   -0.15054935  0.04806822
 -0.04621966 -0.04076316   -0.08329803 -0.06475576    0.04621966  0.04076316
 -0.15054935  0.04806822    0.04621966  0.04076316   -0.06392802 -0.06640635
    2    2
  0.25612251  0.00000000   -0.00528746  0.00787478   -0.00230238  0.00000000
 -0.00528746 -0.00787478    0.31363513  0.00000000    0.00528746  0.00787478
 -0.00230238  0.00000000    0.00528746 -0.00787478    0.25612251  0.00000000

     Dynamical  Matrix in cartesian axes

     q = (   -0.750000000  -0.250000000  -0.750000000 ) 

    1    1
  0.25612251  0.00000000    0.00528746 -0.00787478    0.00230238  0.00000000
  0.00528746  0.00787478    0.31363513  0.00000000    0.00528746  0.00787478
  0.00230238  0.00000000    0.00528746 -0.00787478    0.25612251  0.00000000
    1    2
  0.06392802  0.06640635   -0.04621966 -0.04076316   -0.15054935  0.04806822
 -0.04621966 -0.04076316    0.08329803  0.06475576   -0.04621966 -0.04076316
 -0.15054935  0.04806822   -0.04621966 -0.04076316    0.06392802  0.06640635
    2    1
  0.06392802 -0.06640635   -0.04621966  0.04076316   -0.15054935 -0.04806822
 -0.04621966  0.04076316    0.08329803 -0.06475576   -0.04621966  0.04076316
 -0.15054935 -0.04806822   -0.04621966  0.04076316    0.06392802 -0.06640635
    2    2
  0.25612251  0.00000000    0.00528746  0.00787478    0.00230238  0.00000000
  0.00528746 -0.00787478    0.31363513  0.00000000    0.00528746 -0.00787478
  0.00230238  0.00000000    0.00528746  0.00787478    0.25612251  0.00000000

     Dynamical  Matrix in cartesian axes

     q = (   -0.750000000  -0.250000000   0.750000000 ) 

    1    1
  0.25612251  0.00000000    0.00528746  0.00787478   -0.00230238  0.00000000
  0.00528746 -0.00787478    0.31363513  0.00000000   -0.00528746  0.00787478
 -0.00230238  0.00000000   -0.00528746 -0.00787478    0.25612251  0.00000000
    1    2
 -0.06392802  0.06640635    0.04621966 -0.04076316   -0.15054935 -0.04806822
  0.04621966 -0.04076316   -0.08329803  0.06475576   -0.04621966  0.04076316
 -0.15054935 -0.04806822   -0.04621966  0.04076316   -0.06392802  0.06640635
    2    1
 -0.06392802 -0.06640635    0.04621966  0.04076316   -0.15054935  0.04806822
  0.04621966  0.04076316   -0.08329803 -0.06475576   -0.04621966 -0.04076316
 -0.15054935  0.04806822   -0.04621966 -0.04076316   -0.06392802 -0.06640635
    2    2
  0.25612251  0.00000000    0.00528746 -0.00787478   -0.00230238  0.00000000
  0.00528746  0.00787478    0.31363513  0.00000000   -0.00528746 -0.00787478
 -0.00230238  0.00000000   -0.00528746  0.00787478    0.25612251  0.00000000

     Dynamical  Matrix in cartesian axes

     q = (   -0.750000000   0.250000000  -0.750000000 ) 

    1    1
  0.25612251  0.00000000   -0.00528746 -0.00787478    0.00230238  0.00000000
 -0.00528746  0.00787478    0.31363513  0.00000000   -0.00528746  0.00787478
  0.00230238  0.00000000   -0.00528746 -0.00787478    0.25612251  0.00000000
    1    2
 -0.06640635 -0.06392802   -0.04076316 -0.04621966   -0.04806822  0.15054935
 -0.04076316 -0.04621966   -0.06475576 -0.08329803   -0.04076316 -0.04621966
 -0.04806822  0.15054935   -0.04076316 -0.04621966   -0.06640635 -0.06392802
    2    1
 -0.06640635  0.06392802   -0.04076316  0.04621966   -0.04806822 -0.15054935
 -0.04076316  0.04621966   -0.06475576  0.08329803   -0.04076316  0.04621966
 -0.04806822 -0.15054935   -0.04076316  0.04621966   -0.06640635  0.06392802
    2    2
  0.25612251  0.00000000   -0.00528746  0.00787478    0.00230238  0.00000000
 -0.00528746 -0.00787478    0.31363513  0.00000000   -0.00528746 -0.00787478
  0.00230238  0.00000000   -0.00528746  0.00787478    0.25612251  0.00000000

     Dynamical  Matrix in cartesian axes

     q = (   -0.250000000   0.750000000  -0.750000000 ) 

    1    1
  0.31363513  0.00000000   -0.00528746  0.00787478    0.00528746 -0.00787478
 -0.00528746 -0.00787478    0.25612251  0.00000000   -0.00230238  0.00000000
  0.00528746  0.00787478   -0.00230238  0.00000000    0.25612251  0.00000000
    1    2
 -0.08329803  0.06475576   -0.04621966  0.04076316    0.04621966 -0.04076316
 -0.04621966  0.04076316   -0.06392802  0.06640635   -0.15054935 -0.04806822
  0.04621966 -0.04076316   -0.15054935 -0.04806822   -0.06392802  0.06640635
    2    1
 -0.08329803 -0.06475576   -0.04621966 -0.04076316    0.04621966  0.04076316
 -0.04621966 -0.04076316   -0.06392802 -0.06640635   -0.15054935  0.04806822
  0.04621966  0.04076316   -0.15054935  0.04806822   -0.06392802 -0.06640635
    2    2
  0.31363513  0.00000000   -0.00528746 -0.00787478    0.00528746  0.00787478
 -0.00528746  0.00787478    0.25612251  0.00000000   -0.00230238  0.00000000
  0.00528746 -0.00787478   -0.00230238  0.00000000    0.25612251  0.00000000

     Dynamical  Matrix in cartesian axes

     q = (   -0.750000000   0.750000000  -0.250000000 ) 

    1    1
  0.25612251  0.00000000   -0.00230238  0.00000000    0.00528746  0.00787478
 -0.00230238  0.00000000    0.25612251  0.00000000   -0.00528746 -0.00787478
  0.00528746 -0.00787478   -0.00528746  0.00787478    0.31363513  0.00000000
    1    2
 -0.06392802  0.06640635   -0.15054935 -0.04806822    0.04621966 -0.04076316
 -0.15054935 -0.04806822   -0.06392802  0.06640635   -0.04621966  0.04076316
  0.04621966 -0.04076316   -0.04621966  0.04076316   -0.08329803  0.06475576
    2    1
 -0.06392802 -0.06640635   -0.15054935  0.04806822    0.04621966  0.04076316
 -0.15054935  0.04806822   -0.06392802 -0.06640635   -0.04621966 -0.04076316
  0.04621966  0.04076316   -0.04621966 -0.04076316   -0.08329803 -0.06475576
    2    2
  0.25612251  0.00000000   -0.00230238  0.00000000    0.00528746 -0.00787478
 -0.00230238  0.00000000    0.25612251  0.00000000   -0.00528746  0.00787478
  0.00528746  0.00787478   -0.00528746 -0.00787478    0.31363513  0.00000000

     Dynamical  Matrix in cartesian axes

     q = (    0.750000000   0.250000000   0.750000000 ) 

    1    1
  0.25612251  0.00000000    0.00528746  0.00787478    0.00230238  0.00000000
  0.00528746 -0.00787478    0.31363513  0.00000000    0.00528746 -0.00787478
  0.00230238  0.00000000    0.00528746  0.00787478    0.25612251  0.00000000
    1    2
  0.06392802 -0.06640635   -0.04621966  0.04076316   -0.15054935 -0.04806822
 -0.04621966  0.04076316    0.08329803 -0.06475576   -0.04621966  0.04076316
 -0.15054935 -0.04806822   -0.04621966  0.04076316    0.06392802 -0.06640635
    2    1
  0.06392802  0.06640635   -0.04621966 -0.04076316   -0.15054935  0.04806822
 -0.04621966 -0.04076316    0.08329803  0.06475576   -0.04621966 -0.04076316
 -0.15054935  0.04806822   -0.04621966 -0.04076316    0.06392802  0.06640635
    2    2
  0.25612251  0.00000000    0.00528746 -0.00787478    0.00230238  0.00000000
  0.00528746  0.00787478    0.31363513  0.00000000    0.00528746  0.00787478
  0.00230238  0.00000000    0.00528746 -0.00787478    0.25612251  0.00000000

     Dynamical  Matrix in cartesian axes

     q = (   -0.750000000   0.250000000   0.750000000 ) 

    1    1
  0.25612251  0.00000000   -0.00528746  0.00787478   -0.00230238  0.00000000
 -0.00528746 -0.00787478    0.31363513  0.00000000    0.00528746  0.00787478
 -0.00230238  0.00000000    0.00528746 -0.00787478    0.25612251  0.00000000
    1    2
 -0.06392802 -0.06640635   -0.04621966 -0.04076316   -0.15054935  0.04806822
 -0.04621966 -0.04076316   -0.08329803 -0.06475576    0.04621966  0.04076316
 -0.15054935  0.04806822    0.04621966  0.04076316   -0.06392802 -0.06640635
    2    1
 -0.06392802  0.06640635   -0.04621966  0.04076316   -0.15054935 -0.04806822
 -0.04621966  0.04076316   -0.08329803  0.06475576    0.04621966 -0.04076316
 -0.15054935 -0.04806822    0.04621966 -0.04076316   -0.06392802  0.06640635
    2    2
  0.25612251  0.00000000   -0.00528746 -0.00787478   -0.00230238  0.00000000
 -0.00528746  0.00787478    0.31363513  0.00000000    0.00528746 -0.00787478
 -0.00230238  0.00000000    0.00528746  0.00787478    0.25612251  0.00000000

     Dynamical  Matrix in cartesian axes

     q = (    0.750000000   0.250000000  -0.750000000 ) 

    1    1
  0.25612251  0.00000000    0.00528746 -0.00787478   -0.00230238  0.00000000
  0.00528746  0.00787478    0.31363513  0.00000000   -0.00528746 -0.00787478
 -0.00230238  0.00000000   -0.00528746  0.00787478    0.25612251  0.00000000
    1    2
 -0.06392802 -0.06640635    0.04621966  0.04076316   -0.15054935  0.04806822
  0.04621966  0.04076316   -0.08329803 -0.06475576   -0.04621966 -0.04076316
 -0.15054935  0.04806822   -0.04621966 -0.04076316   -0.06392802 -0.06640635
    2    1
 -0.06392802  0.06640635    0.04621966 -0.04076316   -0.15054935 -0.04806822
  0.04621966 -0.04076316   -0.08329803  0.06475576   -0.04621966  0.04076316
 -0.15054935 -0.04806822   -0.04621966  0.04076316   -0.06392802  0.06640635
    2    2
  0.25612251  0.00000000    0.00528746  0.00787478   -0.00230238  0.00000000
  0.00528746 -0.00787478    0.31363513  0.00000000   -0.00528746  0.00787478
 -0.00230238  0.00000000   -0.00528746 -0.00787478    0.25612251  0.00000000

     Dynamical  Matrix in cartesian axes

     q = (   -0.750000000   0.750000000   0.250000000 ) 

    1    1
  0.25612251  0.00000000   -0.00230238  0.00000000   -0.00528746  0.00787478
 -0.00230238  0.00000000    0.25612251  0.00000000    0.00528746 -0.00787478
 -0.00528746 -0.00787478    0.00528746  0.00787478    0.31363513  0.00000000
    1    2
 -0.06392802 -0.06640635   -0.15054935  0.04806822   -0.04621966 -0.04076316
 -0.15054935  0.04806822   -0.06392802 -0.06640635    0.04621966  0.04076316
 -0.04621966 -0.04076316    0.04621966  0.04076316   -0.08329803 -0.06475576
    2    1
 -0.06392802  0.06640635   -0.15054935 -0.04806822   -0.04621966  0.04076316
 -0.15054935 -0.04806822   -0.06392802  0.06640635    0.04621966 -0.04076316
 -0.04621966  0.04076316    0.04621966 -0.04076316   -0.08329803  0.06475576
    2    2
  0.25612251  0.00000000   -0.00230238  0.00000000   -0.00528746 -0.00787478
 -0.00230238  0.00000000    0.25612251  0.00000000    0.00528746  0.00787478
 -0.00528746  0.00787478    0.00528746 -0.00787478    0.31363513  0.00000000

     Dynamical  Matrix in cartesian axes

     q = (   -0.250000000   0.750000000   0.750000000 ) 

    1    1
  0.31363513  0.00000000   -0.00528746 -0.00787478   -0.00528746 -0.00787478
 -0.00528746  0.00787478    0.25612251  0.00000000    0.00230238  0.00000000
 -0.00528746  0.00787478    0.00230238  0.00000000    0.25612251  0.00000000
    1    2
 -0.06475576  0.08329803   -0.04076316  0.04621966   -0.04076316  0.04621966
 -0.04076316  0.04621966   -0.06640635  0.06392802   -0.04806822 -0.15054935
 -0.04076316  0.04621966   -0.04806822 -0.15054935   -0.06640635  0.06392802
    2    1
 -0.06475576 -0.08329803   -0.04076316 -0.04621966   -0.04076316 -0.04621966
 -0.04076316 -0.04621966   -0.06640635 -0.06392802   -0.04806822  0.15054935
 -0.04076316 -0.04621966   -0.04806822  0.15054935   -0.06640635 -0.06392802
    2    2
  0.31363513  0.00000000   -0.00528746  0.00787478   -0.00528746  0.00787478
 -0.00528746 -0.00787478    0.25612251  0.00000000    0.00230238  0.00000000
 -0.00528746 -0.00787478    0.00230238  0.00000000    0.25612251  0.00000000

     Dynamical  Matrix in cartesian axes

     q = (    0.250000000   0.750000000  -0.750000000 ) 

    1    1
  0.31363513  0.00000000    0.00528746  0.00787478   -0.00528746 -0.00787478
  0.00528746 -0.00787478    0.25612251  0.00000000   -0.00230238  0.00000000
 -0.00528746  0.00787478   -0.00230238  0.00000000    0.25612251  0.00000000
    1    2
 -0.08329803 -0.06475576    0.04621966  0.04076316   -0.04621966 -0.04076316
  0.04621966  0.04076316   -0.06392802 -0.06640635   -0.15054935  0.04806822
 -0.04621966 -0.04076316   -0.15054935  0.04806822   -0.06392802 -0.06640635
    2    1
 -0.08329803  0.06475576    0.04621966 -0.04076316   -0.04621966  0.04076316
  0.04621966 -0.04076316   -0.06392802  0.06640635   -0.15054935 -0.04806822
 -0.04621966  0.04076316   -0.15054935 -0.04806822   -0.06392802  0.06640635
    2    2
  0.31363513  0.00000000    0.00528746 -0.00787478   -0.00528746  0.00787478
  0.00528746  0.00787478    0.25612251  0.00000000   -0.00230238  0.00000000
 -0.00528746 -0.00787478   -0.00230238  0.00000000    0.25612251  0.00000000

     Dynamical  Matrix in cartesian axes

     q = (   -0.250000000  -0.750000000  -0.750000000 ) 

    1    1
  0.31363513  0.00000000    0.00528746  0.00787478    0.00528746  0.00787478
  0.00528746 -0.00787478    0.25612251  0.00000000    0.00230238  0.00000000
  0.00528746 -0.00787478    0.00230238  0.00000000    0.25612251  0.00000000
    1    2
  0.08329803  0.06475576   -0.04621966 -0.04076316   -0.04621966 -0.04076316
 -0.04621966 -0.04076316    0.06392802  0.06640635   -0.15054935  0.04806822
 -0.04621966 -0.04076316   -0.15054935  0.04806822    0.06392802  0.06640635
    2    1
  0.08329803 -0.06475576   -0.04621966  0.04076316   -0.04621966  0.04076316
 -0.04621966  0.04076316    0.06392802 -0.06640635   -0.15054935 -0.04806822
 -0.04621966  0.04076316   -0.15054935 -0.04806822    0.06392802 -0.06640635
    2    2
  0.31363513  0.00000000    0.00528746 -0.00787478    0.00528746 -0.00787478
  0.00528746  0.00787478    0.25612251  0.00000000    0.00230238  0.00000000
  0.00528746  0.00787478    0.00230238  0.00000000    0.25612251  0.00000000

     Dynamical  Matrix in cartesian axes

     q = (    0.750000000   0.750000000  -0.250000000 ) 

    1    1
  0.25612251  0.00000000    0.00230238  0.00000000   -0.00528746  0.00787478
  0.00230238  0.00000000    0.25612251  0.00000000   -0.00528746  0.00787478
 -0.00528746 -0.00787478   -0.00528746 -0.00787478    0.31363513  0.00000000
    1    2
 -0.06640635  0.06392802   -0.04806822 -0.15054935   -0.04076316  0.04621966
 -0.04806822 -0.15054935   -0.06640635  0.06392802   -0.04076316  0.04621966
 -0.04076316  0.04621966   -0.04076316  0.04621966   -0.06475576  0.08329803
    2    1
 -0.06640635 -0.06392802   -0.04806822  0.15054935   -0.04076316 -0.04621966
 -0.04806822  0.15054935   -0.06640635 -0.06392802   -0.04076316 -0.04621966
 -0.04076316 -0.04621966   -0.04076316 -0.04621966   -0.06475576 -0.08329803
    2    2
  0.25612251  0.00000000    0.00230238  0.00000000   -0.00528746 -0.00787478
  0.00230238  0.00000000    0.25612251  0.00000000   -0.00528746 -0.00787478
 -0.00528746  0.00787478   -0.00528746  0.00787478    0.31363513  0.00000000

     Dynamical  Matrix in cartesian axes

     q = (    0.750000000  -0.750000000   0.250000000 ) 

    1    1
  0.25612251  0.00000000   -0.00230238  0.00000000    0.00528746 -0.00787478
 -0.00230238  0.00000000    0.25612251  0.00000000   -0.00528746  0.00787478
  0.00528746  0.00787478   -0.00528746 -0.00787478    0.31363513  0.00000000
    1    2
 -0.06392802 -0.06640635   -0.15054935  0.04806822    0.04621966  0.04076316
 -0.15054935  0.04806822   -0.06392802 -0.06640635   -0.04621966 -0.04076316
  0.04621966  0.04076316   -0.04621966 -0.04076316   -0.08329803 -0.06475576
    2    1
 -0.06392802  0.06640635   -0.15054935 -0.04806822    0.04621966 -0.04076316
 -0.15054935 -0.04806822   -0.06392802  0.06640635   -0.04621966  0.04076316
  0.04621966 -0.04076316   -0.04621966  0.04076316   -0.08329803  0.06475576
    2    2
  0.25612251  0.00000000   -0.00230238  0.00000000    0.00528746  0.00787478
 -0.00230238  0.00000000    0.25612251  0.00000000   -0.00528746 -0.00787478
  0.00528746 -0.00787478   -0.00528746  0.00787478    0.31363513  0.00000000

     Dynamical  Matrix in cartesian axes

     q = (   -0.750000000  -0.750000000  -0.250000000 ) 

    1    1
  0.25612251  0.00000000    0.00230238  0.00000000    0.00528746 -0.00787478
  0.00230238  0.00000000    0.25612251  0.00000000    0.00528746 -0.00787478
  0.00528746  0.00787478    0.00528746  0.00787478    0.31363513  0.00000000
    1    2
  0.06392802  0.06640635   -0.15054935  0.04806822   -0.04621966 -0.04076316
 -0.15054935  0.04806822    0.06392802  0.06640635   -0.04621966 -0.04076316
 -0.04621966 -0.04076316   -0.04621966 -0.04076316    0.08329803  0.06475576
    2    1
  0.06392802 -0.06640635   -0.15054935 -0.04806822   -0.04621966  0.04076316
 -0.15054935 -0.04806822    0.06392802 -0.06640635   -0.04621966  0.04076316
 -0.04621966  0.04076316   -0.04621966  0.04076316    0.08329803 -0.06475576
    2    2
  0.25612251  0.00000000    0.00230238  0.00000000    0.00528746  0.00787478
  0.00230238  0.00000000    0.25612251  0.00000000    0.00528746  0.00787478
  0.00528746 -0.00787478    0.00528746 -0.00787478    0.31363513  0.00000000

     Dynamical  Matrix in cartesian axes

     q = (    0.250000000  -0.750000000   0.750000000 ) 

    1    1
  0.31363513  0.00000000   -0.00528746 -0.00787478    0.00528746  0.00787478
 -0.00528746  0.00787478    0.25612251  0.00000000   -0.00230238  0.00000000
  0.00528746 -0.00787478   -0.00230238  0.00000000    0.25612251  0.00000000
    1    2
 -0.08329803 -0.06475576   -0.04621966 -0.04076316    0.04621966  0.04076316
 -0.04621966 -0.04076316   -0.06392802 -0.06640635   -0.15054935  0.04806822
  0.04621966  0.04076316   -0.15054935  0.04806822   -0.06392802 -0.06640635
    2    1
 -0.08329803  0.06475576   -0.04621966  0.04076316    0.04621966 -0.04076316
 -0.04621966  0.04076316   -0.06392802  0.06640635   -0.15054935 -0.04806822
  0.04621966 -0.04076316   -0.15054935 -0.04806822   -0.06392802  0.06640635
    2    2
  0.31363513  0.00000000   -0.00528746  0.00787478    0.00528746 -0.00787478
 -0.00528746 -0.00787478    0.25612251  0.00000000   -0.00230238  0.00000000
  0.00528746  0.00787478   -0.00230238  0.00000000    0.25612251  0.00000000

     Dynamical  Matrix in cartesian axes

     q = (   -0.750000000  -0.750000000   0.250000000 ) 

    1    1
  0.25612251  0.00000000    0.00230238  0.00000000   -0.00528746 -0.00787478
  0.00230238  0.00000000    0.25612251  0.00000000   -0.00528746 -0.00787478
 -0.00528746  0.00787478   -0.00528746  0.00787478    0.31363513  0.00000000
    1    2
 -0.06640635 -0.06392802   -0.04806822  0.15054935   -0.04076316 -0.04621966
 -0.04806822  0.15054935   -0.06640635 -0.06392802   -0.04076316 -0.04621966
 -0.04076316 -0.04621966   -0.04076316 -0.04621966   -0.06475576 -0.08329803
    2    1
 -0.06640635  0.06392802   -0.04806822 -0.15054935   -0.04076316  0.04621966
 -0.04806822 -0.15054935   -0.06640635  0.06392802   -0.04076316  0.04621966
 -0.04076316  0.04621966   -0.04076316  0.04621966   -0.06475576  0.08329803
    2    2
  0.25612251  0.00000000    0.00230238  0.00000000   -0.00528746  0.00787478
  0.00230238  0.00000000    0.25612251  0.00000000   -0.00528746  0.00787478
 -0.00528746 -0.00787478   -0.00528746 -0.00787478    0.31363513  0.00000000

     Dynamical  Matrix in cartesian axes

     q = (    0.250000000   0.750000000   0.750000000 ) 

    1    1
  0.31363513  0.00000000    0.00528746 -0.00787478    0.00528746 -0.00787478
  0.00528746  0.00787478    0.25612251  0.00000000    0.00230238  0.00000000
  0.00528746  0.00787478    0.00230238  0.00000000    0.25612251  0.00000000
    1    2
  0.08329803 -0.06475576   -0.04621966  0.04076316   -0.04621966  0.04076316
 -0.04621966  0.04076316    0.06392802 -0.06640635   -0.15054935 -0.04806822
 -0.04621966  0.04076316   -0.15054935 -0.04806822    0.06392802 -0.06640635
    2    1
  0.08329803  0.06475576   -0.04621966 -0.04076316   -0.04621966 -0.04076316
 -0.04621966 -0.04076316    0.06392802  0.06640635   -0.15054935  0.04806822
 -0.04621966 -0.04076316   -0.15054935  0.04806822    0.06392802  0.06640635
    2    2
  0.31363513  0.00000000    0.00528746  0.00787478    0.00528746  0.00787478
  0.00528746 -0.00787478    0.25612251  0.00000000    0.00230238  0.00000000
  0.00528746 -0.00787478    0.00230238  0.00000000    0.25612251  0.00000000

     Dynamical  Matrix in cartesian axes

     q = (   -0.250000000  -0.750000000   0.750000000 ) 

    1    1
  0.31363513  0.00000000    0.00528746 -0.00787478   -0.00528746  0.00787478
  0.00528746  0.00787478    0.25612251  0.00000000   -0.00230238  0.00000000
 -0.00528746 -0.00787478   -0.00230238  0.00000000    0.25612251  0.00000000
    1    2
 -0.08329803  0.06475576    0.04621966 -0.04076316   -0.04621966  0.04076316
  0.04621966 -0.04076316   -0.06392802  0.06640635   -0.15054935 -0.04806822
 -0.04621966  0.04076316   -0.15054935 -0.04806822   -0.06392802  0.06640635
    2    1
 -0.08329803 -0.06475576    0.04621966  0.04076316   -0.04621966 -0.04076316
  0.04621966  0.04076316   -0.06392802 -0.06640635   -0.15054935  0.04806822
 -0.04621966 -0.04076316   -0.15054935  0.04806822   -0.06392802 -0.06640635
    2    2
  0.31363513  0.00000000    0.00528746  0.00787478   -0.00528746 -0.00787478
  0.00528746 -0.00787478    0.25612251  0.00000000   -0.00230238  0.00000000
 -0.00528746  0.00787478   -0.00230238  0.00000000    0.25612251  0.00000000

     Dynamical  Matrix in cartesian axes

     q = (    0.750000000   0.750000000   0.250000000 ) 

    1    1
  0.25612251  0.00000000    0.00230238  0.00000000    0.00528746  0.00787478
  0.00230238  0.00000000    0.25612251  0.00000000    0.00528746  0.00787478
  0.00528746 -0.00787478    0.00528746 -0.00787478    0.31363513  0.00000000
    1    2
  0.06392802 -0.06640635   -0.15054935 -0.04806822   -0.04621966  0.04076316
 -0.15054935 -0.04806822    0.06392802 -0.06640635   -0.04621966  0.04076316
 -0.04621966  0.04076316   -0.04621966  0.04076316    0.08329803 -0.06475576
    2    1
  0.06392802  0.06640635   -0.15054935  0.04806822   -0.04621966 -0.04076316
 -0.15054935  0.04806822    0.06392802  0.06640635   -0.04621966 -0.04076316
 -0.04621966 -0.04076316   -0.04621966 -0.04076316    0.08329803  0.06475576
    2    2
  0.25612251  0.00000000    0.00230238  0.00000000    0.00528746 -0.00787478
  0.00230238  0.00000000    0.25612251  0.00000000    0.00528746 -0.00787478
  0.00528746  0.00787478    0.00528746  0.00787478    0.31363513  0.00000000

     Dynamical  Matrix in cartesian axes

     q = (    0.250000000  -0.750000000  -0.750000000 ) 

    1    1
  0.31363513  0.00000000   -0.00528746  0.00787478   -0.00528746  0.00787478
 -0.00528746 -0.00787478    0.25612251  0.00000000    0.00230238  0.00000000
 -0.00528746 -0.00787478    0.00230238  0.00000000    0.25612251  0.00000000
    1    2
 -0.06475576 -0.08329803   -0.04076316 -0.04621966   -0.04076316 -0.04621966
 -0.04076316 -0.04621966   -0.06640635 -0.06392802   -0.04806822  0.15054935
 -0.04076316 -0.04621966   -0.04806822  0.15054935   -0.06640635 -0.06392802
    2    1
 -0.06475576  0.08329803   -0.04076316  0.04621966   -0.04076316  0.04621966
 -0.04076316  0.04621966   -0.06640635  0.06392802   -0.04806822 -0.15054935
 -0.04076316  0.04621966   -0.04806822 -0.15054935   -0.06640635  0.06392802
    2    2
  0.31363513  0.00000000   -0.00528746 -0.00787478   -0.00528746 -0.00787478
 -0.00528746  0.00787478    0.25612251  0.00000000    0.00230238  0.00000000
 -0.00528746  0.00787478    0.00230238  0.00000000    0.25612251  0.00000000

     Dynamical  Matrix in cartesian axes

     q = (    0.750000000  -0.750000000  -0.250000000 ) 

    1    1
  0.25612251  0.00000000   -0.00230238  0.00000000   -0.00528746 -0.00787478
 -0.00230238  0.00000000    0.25612251  0.00000000    0.00528746  0.00787478
 -0.00528746  0.00787478    0.00528746 -0.00787478    0.31363513  0.00000000
    1    2
 -0.06392802  0.06640635   -0.15054935 -0.04806822   -0.04621966  0.04076316
 -0.15054935 -0.04806822   -0.06392802  0.06640635    0.04621966 -0.04076316
 -0.04621966  0.04076316    0.04621966 -0.04076316   -0.08329803  0.06475576
    2    1
 -0.06392802 -0.06640635   -0.15054935  0.04806822   -0.04621966 -0.04076316
 -0.15054935  0.04806822   -0.06392802 -0.06640635    0.04621966  0.04076316
 -0.04621966 -0.04076316    0.04621966  0.04076316   -0.08329803 -0.06475576
    2    2
  0.25612251  0.00000000   -0.00230238  0.00000000   -0.00528746  0.00787478
 -0.00230238  0.00000000    0.25612251  0.00000000    0.00528746 -0.00787478
 -0.00528746 -0.00787478    0.00528746  0.00787478    0.31363513  0.00000000

     Diagonalizing the dynamical matrix

     q = (    0.750000000  -0.250000000   0.750000000 ) 

 **************************************************************************
     freq (    1) =       4.037707 [THz] =     134.683401 [cm-1]
 (  0.042595 -0.498182  0.000000 -0.000000 -0.042595  0.498182 ) 
 (  0.500000 -0.000000  0.000000  0.000000 -0.500000  0.000000 ) 
     freq (    2) =       5.689111 [THz] =     189.768322 [cm-1]
 ( -0.393410 -0.197591 -0.304970  0.139159 -0.393410 -0.197591 ) 
 ( -0.440243  0.000000 -0.210070 -0.261233 -0.440243  0.000000 ) 
     freq (    3) =       9.421195 [THz] =     314.257223 [cm-1]
 (  0.132290 -0.250581  0.392404  0.430622  0.132290 -0.250581 ) 
 ( -0.283358 -0.000000  0.197612  0.548057 -0.283358  0.000000 ) 
     freq (    4) =      12.488603 [THz] =     416.574951 [cm-1]
 (  0.094188  0.314060 -0.417918 -0.332165  0.094188  0.314060 ) 
 ( -0.327880 -0.000000  0.438218  0.304885 -0.327880  0.000000 ) 
     freq (    5) =      14.082784 [THz] =     469.751107 [cm-1]
 (  0.042595 -0.498182  0.000000  0.000000 -0.042595  0.498182 ) 
 ( -0.500000 -0.000000 -0.000000 -0.000000  0.500000  0.000000 ) 
     freq (    6) =      14.374923 [THz] =     479.495812 [cm-1]
 ( -0.304665 -0.159901 -0.465294  0.216154 -0.304665 -0.159901 ) 
 (  0.344077  0.000000  0.311546  0.407628  0.344077 -0.000000 ) 
 **************************************************************************
