Dynamical matrix file
                                                                           
  1    2  2 10.3140000  0.0000000  0.0000000  0.0000000  0.0000000  0.0000000
           1  'Si  '    25598.822984527003     
    1    1      0.0000000000      0.0000000000      0.0000000000
    2    1      0.2500000000      0.2500000000      0.2500000000

     Dynamical  Matrix in cartesian axes

     q = (   -0.250000000   0.250000000  -0.250000000 ) 

    1    1
  0.27249157  0.00000000   -0.01181650  0.00000000    0.01181650  0.00000000
 -0.01181650  0.00000000    0.27249157  0.00000000   -0.01181650  0.00000000
  0.01181650  0.00000000   -0.01181650  0.00000000    0.27249157  0.00000000
    1    2
 -0.20276364 -0.05889151   -0.03901323  0.04066855    0.03901323 -0.04066855
 -0.03901323  0.04066855   -0.20276364 -0.05889151   -0.03901323  0.04066855
  0.03901323 -0.04066855   -0.03901323  0.04066855   -0.20276364 -0.05889151
    2    1
 -0.20276364  0.05889151   -0.03901323 -0.04066855    0.03901323  0.04066855
 -0.03901323 -0.04066855   -0.20276364  0.05889151   -0.03901323 -0.04066855
  0.03901323  0.04066855   -0.03901323 -0.04066855   -0.20276364  0.05889151
    2    2
  0.27249157  0.00000000   -0.01181650  0.00000000    0.01181650  0.00000000
 -0.01181650  0.00000000    0.27249157  0.00000000   -0.01181650  0.00000000
  0.01181650  0.00000000   -0.01181650  0.00000000    0.27249157  0.00000000

     Dynamical  Matrix in cartesian axes

     q = (    0.250000000  -0.250000000  -0.250000000 ) 

    1    1
  0.27249157  0.00000000   -0.01181650  0.00000000   -0.01181650  0.00000000
 -0.01181650  0.00000000    0.27249157  0.00000000    0.01181650  0.00000000
 -0.01181650  0.00000000    0.01181650  0.00000000    0.27249157  0.00000000
    1    2
 -0.20276364 -0.05889151   -0.03901323  0.04066855   -0.03901323  0.04066855
 -0.03901323  0.04066855   -0.20276364 -0.05889151    0.03901323 -0.04066855
 -0.03901323  0.04066855    0.03901323 -0.04066855   -0.20276364 -0.05889151
    2    1
 -0.20276364  0.05889151   -0.03901323 -0.04066855   -0.03901323 -0.04066855
 -0.03901323 -0.04066855   -0.20276364  0.05889151    0.03901323  0.04066855
 -0.03901323 -0.04066855    0.03901323  0.04066855   -0.20276364  0.05889151
    2    2
  0.27249157  0.00000000   -0.01181650  0.00000000   -0.01181650  0.00000000
 -0.01181650  0.00000000    0.27249157  0.00000000    0.01181650  0.00000000
 -0.01181650  0.00000000    0.01181650  0.00000000    0.27249157  0.00000000

     Dynamical  Matrix in cartesian axes

     q = (    0.250000000  -0.250000000   0.250000000 ) 

    1    1
  0.27249157  0.00000000   -0.01181650  0.00000000    0.01181650  0.00000000
 -0.01181650  0.00000000    0.27249157  0.00000000   -0.01181650  0.00000000
  0.01181650  0.00000000   -0.01181650  0.00000000    0.27249157  0.00000000
    1    2
 -0.20276364  0.05889151   -0.03901323 -0.04066855    0.03901323  0.04066855
 -0.03901323 -0.04066855   -0.20276364  0.05889151   -0.03901323 -0.04066855
  0.03901323  0.04066855   -0.03901323 -0.04066855   -0.20276364  0.05889151
    2    1
 -0.20276364 -0.05889151   -0.03901323  0.04066855    0.03901323 -0.04066855
 -0.03901323  0.04066855   -0.20276364 -0.05889151   -0.03901323  0.04066855
  0.03901323 -0.04066855   -0.03901323  0.04066855   -0.20276364 -0.05889151
    2    2
  0.27249157  0.00000000   -0.01181650  0.00000000    0.01181650  0.00000000
 -0.01181650  0.00000000    0.27249157  0.00000000   -0.01181650  0.00000000
  0.01181650  0.00000000   -0.01181650  0.00000000    0.27249157  0.00000000

     Dynamical  Matrix in cartesian axes

     q = (    0.250000000   0.250000000   0.250000000 ) 

    1    1
  0.27249157  0.00000000    0.01181650  0.00000000    0.01181650  0.00000000
  0.01181650  0.00000000    0.27249157  0.00000000    0.01181650  0.00000000
  0.01181650  0.00000000    0.01181650  0.00000000    0.27249157  0.00000000
    1    2
 -0.05889151  0.20276364   -0.04066855 -0.03901323   -0.04066855 -0.03901323
 -0.04066855 -0.03901323   -0.05889151  0.20276364   -0.04066855 -0.03901323
 -0.04066855 -0.03901323   -0.04066855 -0.03901323   -0.05889151  0.20276364
    2    1
 -0.05889151 -0.20276364   -0.04066855  0.03901323   -0.04066855  0.03901323
 -0.04066855  0.03901323   -0.05889151 -0.20276364   -0.04066855  0.03901323
 -0.04066855  0.03901323   -0.04066855  0.03901323   -0.05889151 -0.20276364
    2    2
  0.27249157  0.00000000    0.01181650  0.00000000    0.01181650  0.00000000
  0.01181650  0.00000000    0.27249157  0.00000000    0.01181650  0.00000000
  0.01181650  0.00000000    0.01181650  0.00000000    0.27249157  0.00000000

     Dynamical  Matrix in cartesian axes

     q = (   -0.250000000  -0.250000000  -0.250000000 ) 

    1    1
  0.27249157  0.00000000    0.01181650  0.00000000    0.01181650  0.00000000
  0.01181650  0.00000000    0.27249157  0.00000000    0.01181650  0.00000000
  0.01181650  0.00000000    0.01181650  0.00000000    0.27249157  0.00000000
    1    2
 -0.05889151 -0.20276364   -0.04066855  0.03901323   -0.04066855  0.03901323
 -0.04066855  0.03901323   -0.05889151 -0.20276364   -0.04066855  0.03901323
 -0.04066855  0.03901323   -0.04066855  0.03901323   -0.05889151 -0.20276364
    2    1
 -0.05889151  0.20276364   -0.04066855 -0.03901323   -0.04066855 -0.03901323
 -0.04066855 -0.03901323   -0.05889151  0.20276364   -0.04066855 -0.03901323
 -0.04066855 -0.03901323   -0.04066855 -0.03901323   -0.05889151  0.20276364
    2    2
  0.27249157  0.00000000    0.01181650  0.00000000    0.01181650  0.00000000
  0.01181650  0.00000000    0.27249157  0.00000000    0.01181650  0.00000000
  0.01181650  0.00000000    0.01181650  0.00000000    0.27249157  0.00000000

     Dynamical  Matrix in cartesian axes

     q = (   -0.250000000  -0.250000000   0.250000000 ) 

    1    1
  0.27249157  0.00000000    0.01181650  0.00000000   -0.01181650  0.00000000
  0.01181650  0.00000000    0.27249157  0.00000000   -0.01181650  0.00000000
 -0.01181650  0.00000000   -0.01181650  0.00000000    0.27249157  0.00000000
    1    2
 -0.20276364 -0.05889151    0.03901323 -0.04066855   -0.03901323  0.04066855
  0.03901323 -0.04066855   -0.20276364 -0.05889151   -0.03901323  0.04066855
 -0.03901323  0.04066855   -0.03901323  0.04066855   -0.20276364 -0.05889151
    2    1
 -0.20276364  0.05889151    0.03901323  0.04066855   -0.03901323 -0.04066855
  0.03901323  0.04066855   -0.20276364  0.05889151   -0.03901323 -0.04066855
 -0.03901323 -0.04066855   -0.03901323 -0.04066855   -0.20276364  0.05889151
    2    2
  0.27249157  0.00000000    0.01181650  0.00000000   -0.01181650  0.00000000
  0.01181650  0.00000000    0.27249157  0.00000000   -0.01181650  0.00000000
 -0.01181650  0.00000000   -0.01181650  0.00000000    0.27249157  0.00000000

     Dynamical  Matrix in cartesian axes

     q = (   -0.250000000   0.250000000   0.250000000 ) 

    1    1
  0.27249157  0.00000000   -0.01181650  0.00000000   -0.01181650  0.00000000
 -0.01181650  0.00000000    0.27249157  0.00000000    0.01181650  0.00000000
 -0.01181650  0.00000000    0.01181650  0.00000000    0.27249157  0.00000000
    1    2
 -0.20276364  0.05889151   -0.03901323 -0.04066855   -0.03901323 -0.04066855
 -0.03901323 -0.04066855   -0.20276364  0.05889151    0.03901323  0.04066855
 -0.03901323 -0.04066855    0.03901323  0.04066855   -0.20276364  0.05889151
    2    1
 -0.20276364 -0.05889151   -0.03901323  0.04066855   -0.03901323  0.04066855
 -0.03901323  0.04066855   -0.20276364 -0.05889151    0.03901323 -0.04066855
 -0.03901323  0.04066855    0.03901323 -0.04066855   -0.20276364 -0.05889151
    2    2
  0.27249157  0.00000000   -0.01181650  0.00000000   -0.01181650  0.00000000
 -0.01181650  0.00000000    0.27249157  0.00000000    0.01181650  0.00000000
 -0.01181650  0.00000000    0.01181650  0.00000000    0.27249157  0.00000000

     Dynamical  Matrix in cartesian axes

     q = (    0.250000000   0.250000000  -0.250000000 ) 

    1    1
  0.27249157  0.00000000    0.01181650  0.00000000   -0.01181650  0.00000000
  0.01181650  0.00000000    0.27249157  0.00000000   -0.01181650  0.00000000
 -0.01181650  0.00000000   -0.01181650  0.00000000    0.27249157  0.00000000
    1    2
 -0.20276364  0.05889151    0.03901323  0.04066855   -0.03901323 -0.04066855
  0.03901323  0.04066855   -0.20276364  0.05889151   -0.03901323 -0.04066855
 -0.03901323 -0.04066855   -0.03901323 -0.04066855   -0.20276364  0.05889151
    2    1
 -0.20276364 -0.05889151    0.03901323 -0.04066855   -0.03901323  0.04066855
  0.03901323 -0.04066855   -0.20276364 -0.05889151   -0.03901323  0.04066855
 -0.03901323  0.04066855   -0.03901323  0.04066855   -0.20276364 -0.05889151
    2    2
  0.27249157  0.00000000    0.01181650  0.00000000   -0.01181650  0.00000000
  0.01181650  0.00000000    0.27249157  0.00000000   -0.01181650  0.00000000
 -0.01181650  0.00000000   -0.01181650  0.00000000    0.27249157  0.00000000

     Diagonalizing the dynamical matrix

     q = (   -0.250000000   0.250000000  -0.250000000 ) 

 **************************************************************************
     freq (    1) =       2.774912 [THz] =      92.561101 [cm-1]
 (  0.418503  0.024989 -0.133278 -0.016599 -0.551781 -0.041588 ) 
 (  0.419197 -0.006536 -0.134149 -0.006536 -0.553346  0.000000 ) 
     freq (    2) =       2.774912 [THz] =      92.561101 [cm-1]
 ( -0.396865 -0.007898 -0.561145 -0.020280 -0.164280 -0.012382 ) 
 ( -0.396336  0.021951 -0.561082  0.021951 -0.164746  0.000000 ) 
     freq (    3) =       6.771280 [THz] =     225.865605 [cm-1]
 ( -0.271334 -0.305032  0.271334  0.305032 -0.271334 -0.305032 ) 
 ( -0.408248  0.000000  0.408248 -0.000000 -0.408248  0.000000 ) 
     freq (    4) =      14.302093 [THz] =     477.066472 [cm-1]
 ( -0.271334 -0.305032  0.271334  0.305032 -0.271334 -0.305032 ) 
 (  0.408248  0.000000 -0.408248  0.000000  0.408248  0.000000 ) 
     freq (    5) =      14.585068 [THz] =     486.505516 [cm-1]
 ( -0.487080  0.031040 -0.510285  0.029291 -0.023205 -0.001749 ) 
 (  0.483369 -0.067560  0.506640 -0.067560  0.023271  0.000000 ) 
     freq (    6) =      14.585068 [THz] =     486.505516 [cm-1]
 (  0.307741  0.020462 -0.267508 -0.022895 -0.575249 -0.043357 ) 
 ( -0.308409  0.002725  0.268473  0.002725  0.576881  0.000000 ) 
 **************************************************************************
