Dynamical matrix file
                                                                           
  1    2  2 10.3510000  0.0000000  0.0000000  0.0000000  0.0000000  0.0000000
           1  'Si  '    25598.822984527003     
    1    1      0.0000000000      0.0000000000      0.0000000000
    2    1      0.2500000000      0.2500000000      0.2500000000

     Dynamical  Matrix in cartesian axes

     q = (    0.750000000  -0.250000000   0.750000000 ) 

    1    1
  0.24246566  0.00000000   -0.00468406  0.00739008    0.00140825  0.00000000
 -0.00468406 -0.00739008    0.29808142  0.00000000   -0.00468406 -0.00739008
  0.00140825  0.00000000   -0.00468406  0.00739008    0.24246566  0.00000000
    1    2
 -0.05761322  0.06736890   -0.03572171  0.03977400   -0.04057454 -0.12911657
 -0.03572171  0.03977400   -0.05616160  0.08654092   -0.03572171  0.03977400
 -0.04057454 -0.12911657   -0.03572171  0.03977400   -0.05761322  0.06736890
    2    1
 -0.05761322 -0.06736890   -0.03572171 -0.03977400   -0.04057454  0.12911657
 -0.03572171 -0.03977400   -0.05616160 -0.08654092   -0.03572171 -0.03977400
 -0.04057454  0.12911657   -0.03572171 -0.03977400   -0.05761322 -0.06736890
    2    2
  0.24246566  0.00000000   -0.00468406 -0.00739008    0.00140825  0.00000000
 -0.00468406  0.00739008    0.29808142  0.00000000   -0.00468406  0.00739008
  0.00140825  0.00000000   -0.00468406 -0.00739008    0.24246566  0.00000000

     Dynamical  Matrix in cartesian axes

     q = (    0.750000000  -0.250000000  -0.750000000 ) 

    1    1
  0.24246566  0.00000000   -0.00468406 -0.00739008   -0.00140825  0.00000000
 -0.00468406  0.00739008    0.29808142  0.00000000    0.00468406 -0.00739008
 -0.00140825  0.00000000    0.00468406  0.00739008    0.24246566  0.00000000
    1    2
 -0.06736890  0.05761322   -0.03977400  0.03572171   -0.12911657 -0.04057454
 -0.03977400  0.03572171   -0.08654092  0.05616160    0.03977400 -0.03572171
 -0.12911657 -0.04057454    0.03977400 -0.03572171   -0.06736890  0.05761322
    2    1
 -0.06736890 -0.05761322   -0.03977400 -0.03572171   -0.12911657  0.04057454
 -0.03977400 -0.03572171   -0.08654092 -0.05616160    0.03977400  0.03572171
 -0.12911657  0.04057454    0.03977400  0.03572171   -0.06736890 -0.05761322
    2    2
  0.24246566  0.00000000   -0.00468406  0.00739008   -0.00140825  0.00000000
 -0.00468406 -0.00739008    0.29808142  0.00000000    0.00468406  0.00739008
 -0.00140825  0.00000000    0.00468406 -0.00739008    0.24246566  0.00000000

     Dynamical  Matrix in cartesian axes

     q = (   -0.750000000  -0.250000000  -0.750000000 ) 

    1    1
  0.24246566  0.00000000    0.00468406 -0.00739008    0.00140825  0.00000000
  0.00468406  0.00739008    0.29808142  0.00000000    0.00468406  0.00739008
  0.00140825  0.00000000    0.00468406 -0.00739008    0.24246566  0.00000000
    1    2
  0.06736890  0.05761322   -0.03977400 -0.03572171   -0.12911657  0.04057454
 -0.03977400 -0.03572171    0.08654092  0.05616160   -0.03977400 -0.03572171
 -0.12911657  0.04057454   -0.03977400 -0.03572171    0.06736890  0.05761322
    2    1
  0.06736890 -0.05761322   -0.03977400  0.03572171   -0.12911657 -0.04057454
 -0.03977400  0.03572171    0.08654092 -0.05616160   -0.03977400  0.03572171
 -0.12911657 -0.04057454   -0.03977400  0.03572171    0.06736890 -0.05761322
    2    2
  0.24246566  0.00000000    0.00468406  0.00739008    0.00140825  0.00000000
  0.00468406 -0.00739008    0.29808142  0.00000000    0.00468406 -0.00739008
  0.00140825  0.00000000    0.00468406  0.00739008    0.24246566  0.00000000

     Dynamical  Matrix in cartesian axes

     q = (   -0.750000000  -0.250000000   0.750000000 ) 

    1    1
  0.24246566  0.00000000    0.00468406  0.00739008   -0.00140825  0.00000000
  0.00468406 -0.00739008    0.29808142  0.00000000   -0.00468406  0.00739008
 -0.00140825  0.00000000   -0.00468406 -0.00739008    0.24246566  0.00000000
    1    2
 -0.06736890  0.05761322    0.03977400 -0.03572171   -0.12911657 -0.04057454
  0.03977400 -0.03572171   -0.08654092  0.05616160   -0.03977400  0.03572171
 -0.12911657 -0.04057454   -0.03977400  0.03572171   -0.06736890  0.05761322
    2    1
 -0.06736890 -0.05761322    0.03977400  0.03572171   -0.12911657  0.04057454
  0.03977400  0.03572171   -0.08654092 -0.05616160   -0.03977400 -0.03572171
 -0.12911657  0.04057454   -0.03977400 -0.03572171   -0.06736890 -0.05761322
    2    2
  0.24246566  0.00000000    0.00468406 -0.00739008   -0.00140825  0.00000000
  0.00468406  0.00739008    0.29808142  0.00000000   -0.00468406 -0.00739008
 -0.00140825  0.00000000   -0.00468406  0.00739008    0.24246566  0.00000000

     Dynamical  Matrix in cartesian axes

     q = (   -0.750000000   0.250000000  -0.750000000 ) 

    1    1
  0.24246566  0.00000000   -0.00468406 -0.00739008    0.00140825  0.00000000
 -0.00468406  0.00739008    0.29808142  0.00000000   -0.00468406  0.00739008
  0.00140825  0.00000000   -0.00468406 -0.00739008    0.24246566  0.00000000
    1    2
 -0.05761322 -0.06736890   -0.03572171 -0.03977400   -0.04057454  0.12911657
 -0.03572171 -0.03977400   -0.05616160 -0.08654092   -0.03572171 -0.03977400
 -0.04057454  0.12911657   -0.03572171 -0.03977400   -0.05761322 -0.06736890
    2    1
 -0.05761322  0.06736890   -0.03572171  0.03977400   -0.04057454 -0.12911657
 -0.03572171  0.03977400   -0.05616160  0.08654092   -0.03572171  0.03977400
 -0.04057454 -0.12911657   -0.03572171  0.03977400   -0.05761322  0.06736890
    2    2
  0.24246566  0.00000000   -0.00468406  0.00739008    0.00140825  0.00000000
 -0.00468406 -0.00739008    0.29808142  0.00000000   -0.00468406 -0.00739008
  0.00140825  0.00000000   -0.00468406  0.00739008    0.24246566  0.00000000

     Dynamical  Matrix in cartesian axes

     q = (   -0.250000000   0.750000000  -0.750000000 ) 

    1    1
  0.29808142  0.00000000   -0.00468406  0.00739008    0.00468406 -0.00739008
 -0.00468406 -0.00739008    0.24246566  0.00000000   -0.00140825  0.00000000
  0.00468406  0.00739008   -0.00140825  0.00000000    0.24246566  0.00000000
    1    2
 -0.08654092  0.05616160   -0.03977400  0.03572171    0.03977400 -0.03572171
 -0.03977400  0.03572171   -0.06736890  0.05761322   -0.12911657 -0.04057454
  0.03977400 -0.03572171   -0.12911657 -0.04057454   -0.06736890  0.05761322
    2    1
 -0.08654092 -0.05616160   -0.03977400 -0.03572171    0.03977400  0.03572171
 -0.03977400 -0.03572171   -0.06736890 -0.05761322   -0.12911657  0.04057454
  0.03977400  0.03572171   -0.12911657  0.04057454   -0.06736890 -0.05761322
    2    2
  0.29808142  0.00000000   -0.00468406 -0.00739008    0.00468406  0.00739008
 -0.00468406  0.00739008    0.24246566  0.00000000   -0.00140825  0.00000000
  0.00468406 -0.00739008   -0.00140825  0.00000000    0.24246566  0.00000000

     Dynamical  Matrix in cartesian axes

     q = (   -0.750000000   0.750000000  -0.250000000 ) 

    1    1
  0.24246566  0.00000000   -0.00140825  0.00000000    0.00468406  0.00739008
 -0.00140825  0.00000000    0.24246566  0.00000000   -0.00468406 -0.00739008
  0.00468406 -0.00739008   -0.00468406  0.00739008    0.29808142  0.00000000
    1    2
 -0.06736890  0.05761322   -0.12911657 -0.04057454    0.03977400 -0.03572171
 -0.12911657 -0.04057454   -0.06736890  0.05761322   -0.03977400  0.03572171
  0.03977400 -0.03572171   -0.03977400  0.03572171   -0.08654092  0.05616160
    2    1
 -0.06736890 -0.05761322   -0.12911657  0.04057454    0.03977400  0.03572171
 -0.12911657  0.04057454   -0.06736890 -0.05761322   -0.03977400 -0.03572171
  0.03977400  0.03572171   -0.03977400 -0.03572171   -0.08654092 -0.05616160
    2    2
  0.24246566  0.00000000   -0.00140825  0.00000000    0.00468406 -0.00739008
 -0.00140825  0.00000000    0.24246566  0.00000000   -0.00468406  0.00739008
  0.00468406  0.00739008   -0.00468406 -0.00739008    0.29808142  0.00000000

     Dynamical  Matrix in cartesian axes

     q = (    0.750000000   0.250000000   0.750000000 ) 

    1    1
  0.24246566  0.00000000    0.00468406  0.00739008    0.00140825  0.00000000
  0.00468406 -0.00739008    0.29808142  0.00000000    0.00468406 -0.00739008
  0.00140825  0.00000000    0.00468406  0.00739008    0.24246566  0.00000000
    1    2
  0.06736890 -0.05761322   -0.03977400  0.03572171   -0.12911657 -0.04057454
 -0.03977400  0.03572171    0.08654092 -0.05616160   -0.03977400  0.03572171
 -0.12911657 -0.04057454   -0.03977400  0.03572171    0.06736890 -0.05761322
    2    1
  0.06736890  0.05761322   -0.03977400 -0.03572171   -0.12911657  0.04057454
 -0.03977400 -0.03572171    0.08654092  0.05616160   -0.03977400 -0.03572171
 -0.12911657  0.04057454   -0.03977400 -0.03572171    0.06736890  0.05761322
    2    2
  0.24246566  0.00000000    0.00468406 -0.00739008    0.00140825  0.00000000
  0.00468406  0.00739008    0.29808142  0.00000000    0.00468406  0.00739008
  0.00140825  0.00000000    0.00468406 -0.00739008    0.24246566  0.00000000

     Dynamical  Matrix in cartesian axes

     q = (   -0.750000000   0.250000000   0.750000000 ) 

    1    1
  0.24246566  0.00000000   -0.00468406  0.00739008   -0.00140825  0.00000000
 -0.00468406 -0.00739008    0.29808142  0.00000000    0.00468406  0.00739008
 -0.00140825  0.00000000    0.00468406 -0.00739008    0.24246566  0.00000000
    1    2
 -0.06736890 -0.05761322   -0.03977400 -0.03572171   -0.12911657  0.04057454
 -0.03977400 -0.03572171   -0.08654092 -0.05616160    0.03977400  0.03572171
 -0.12911657  0.04057454    0.03977400  0.03572171   -0.06736890 -0.05761322
    2    1
 -0.06736890  0.05761322   -0.03977400  0.03572171   -0.12911657 -0.04057454
 -0.03977400  0.03572171   -0.08654092  0.05616160    0.03977400 -0.03572171
 -0.12911657 -0.04057454    0.03977400 -0.03572171   -0.06736890  0.05761322
    2    2
  0.24246566  0.00000000   -0.00468406 -0.00739008   -0.00140825  0.00000000
 -0.00468406  0.00739008    0.29808142  0.00000000    0.00468406 -0.00739008
 -0.00140825  0.00000000    0.00468406  0.00739008    0.24246566  0.00000000

     Dynamical  Matrix in cartesian axes

     q = (    0.750000000   0.250000000  -0.750000000 ) 

    1    1
  0.24246566  0.00000000    0.00468406 -0.00739008   -0.00140825  0.00000000
  0.00468406  0.00739008    0.29808142  0.00000000   -0.00468406 -0.00739008
 -0.00140825  0.00000000   -0.00468406  0.00739008    0.24246566  0.00000000
    1    2
 -0.06736890 -0.05761322    0.03977400  0.03572171   -0.12911657  0.04057454
  0.03977400  0.03572171   -0.08654092 -0.05616160   -0.03977400 -0.03572171
 -0.12911657  0.04057454   -0.03977400 -0.03572171   -0.06736890 -0.05761322
    2    1
 -0.06736890  0.05761322    0.03977400 -0.03572171   -0.12911657 -0.04057454
  0.03977400 -0.03572171   -0.08654092  0.05616160   -0.03977400  0.03572171
 -0.12911657 -0.04057454   -0.03977400  0.03572171   -0.06736890  0.05761322
    2    2
  0.24246566  0.00000000    0.00468406  0.00739008   -0.00140825  0.00000000
  0.00468406 -0.00739008    0.29808142  0.00000000   -0.00468406  0.00739008
 -0.00140825  0.00000000   -0.00468406 -0.00739008    0.24246566  0.00000000

     Dynamical  Matrix in cartesian axes

     q = (   -0.750000000   0.750000000   0.250000000 ) 

    1    1
  0.24246566  0.00000000   -0.00140825  0.00000000   -0.00468406  0.00739008
 -0.00140825  0.00000000    0.24246566  0.00000000    0.00468406 -0.00739008
 -0.00468406 -0.00739008    0.00468406  0.00739008    0.29808142  0.00000000
    1    2
 -0.06736890 -0.05761322   -0.12911657  0.04057454   -0.03977400 -0.03572171
 -0.12911657  0.04057454   -0.06736890 -0.05761322    0.03977400  0.03572171
 -0.03977400 -0.03572171    0.03977400  0.03572171   -0.08654092 -0.05616160
    2    1
 -0.06736890  0.05761322   -0.12911657 -0.04057454   -0.03977400  0.03572171
 -0.12911657 -0.04057454   -0.06736890  0.05761322    0.03977400 -0.03572171
 -0.03977400  0.03572171    0.03977400 -0.03572171   -0.08654092  0.05616160
    2    2
  0.24246566  0.00000000   -0.00140825  0.00000000   -0.00468406 -0.00739008
 -0.00140825  0.00000000    0.24246566  0.00000000    0.00468406  0.00739008
 -0.00468406  0.00739008    0.00468406 -0.00739008    0.29808142  0.00000000

     Dynamical  Matrix in cartesian axes

     q = (   -0.250000000   0.750000000   0.750000000 ) 

    1    1
  0.29808142  0.00000000   -0.00468406 -0.00739008   -0.00468406 -0.00739008
 -0.00468406  0.00739008    0.24246566  0.00000000    0.00140825  0.00000000
 -0.00468406  0.00739008    0.00140825  0.00000000    0.24246566  0.00000000
    1    2
 -0.05616160  0.08654092   -0.03572171  0.03977400   -0.03572171  0.03977400
 -0.03572171  0.03977400   -0.05761322  0.06736890   -0.04057454 -0.12911657
 -0.03572171  0.03977400   -0.04057454 -0.12911657   -0.05761322  0.06736890
    2    1
 -0.05616160 -0.08654092   -0.03572171 -0.03977400   -0.03572171 -0.03977400
 -0.03572171 -0.03977400   -0.05761322 -0.06736890   -0.04057454  0.12911657
 -0.03572171 -0.03977400   -0.04057454  0.12911657   -0.05761322 -0.06736890
    2    2
  0.29808142  0.00000000   -0.00468406  0.00739008   -0.00468406  0.00739008
 -0.00468406 -0.00739008    0.24246566  0.00000000    0.00140825  0.00000000
 -0.00468406 -0.00739008    0.00140825  0.00000000    0.24246566  0.00000000

     Dynamical  Matrix in cartesian axes

     q = (    0.250000000   0.750000000  -0.750000000 ) 

    1    1
  0.29808142  0.00000000    0.00468406  0.00739008   -0.00468406 -0.00739008
  0.00468406 -0.00739008    0.24246566  0.00000000   -0.00140825  0.00000000
 -0.00468406  0.00739008   -0.00140825  0.00000000    0.24246566  0.00000000
    1    2
 -0.08654092 -0.05616160    0.03977400  0.03572171   -0.03977400 -0.03572171
  0.03977400  0.03572171   -0.06736890 -0.05761322   -0.12911657  0.04057454
 -0.03977400 -0.03572171   -0.12911657  0.04057454   -0.06736890 -0.05761322
    2    1
 -0.08654092  0.05616160    0.03977400 -0.03572171   -0.03977400  0.03572171
  0.03977400 -0.03572171   -0.06736890  0.05761322   -0.12911657 -0.04057454
 -0.03977400  0.03572171   -0.12911657 -0.04057454   -0.06736890  0.05761322
    2    2
  0.29808142  0.00000000    0.00468406 -0.00739008   -0.00468406  0.00739008
  0.00468406  0.00739008    0.24246566  0.00000000   -0.00140825  0.00000000
 -0.00468406 -0.00739008   -0.00140825  0.00000000    0.24246566  0.00000000

     Dynamical  Matrix in cartesian axes

     q = (   -0.250000000  -0.750000000  -0.750000000 ) 

    1    1
  0.29808142  0.00000000    0.00468406  0.00739008    0.00468406  0.00739008
  0.00468406 -0.00739008    0.24246566  0.00000000    0.00140825  0.00000000
  0.00468406 -0.00739008    0.00140825  0.00000000    0.24246566  0.00000000
    1    2
  0.08654092  0.05616160   -0.03977400 -0.03572171   -0.03977400 -0.03572171
 -0.03977400 -0.03572171    0.06736890  0.05761322   -0.12911657  0.04057454
 -0.03977400 -0.03572171   -0.12911657  0.04057454    0.06736890  0.05761322
    2    1
  0.08654092 -0.05616160   -0.03977400  0.03572171   -0.03977400  0.03572171
 -0.03977400  0.03572171    0.06736890 -0.05761322   -0.12911657 -0.04057454
 -0.03977400  0.03572171   -0.12911657 -0.04057454    0.06736890 -0.05761322
    2    2
  0.29808142  0.00000000    0.00468406 -0.00739008    0.00468406 -0.00739008
  0.00468406  0.00739008    0.24246566  0.00000000    0.00140825  0.00000000
  0.00468406  0.00739008    0.00140825  0.00000000    0.24246566  0.00000000

     Dynamical  Matrix in cartesian axes

     q = (    0.750000000   0.750000000  -0.250000000 ) 

    1    1
  0.24246566  0.00000000    0.00140825  0.00000000   -0.00468406  0.00739008
  0.00140825  0.00000000    0.24246566  0.00000000   -0.00468406  0.00739008
 -0.00468406 -0.00739008   -0.00468406 -0.00739008    0.29808142  0.00000000
    1    2
 -0.05761322  0.06736890   -0.04057454 -0.12911657   -0.03572171  0.03977400
 -0.04057454 -0.12911657   -0.05761322  0.06736890   -0.03572171  0.03977400
 -0.03572171  0.03977400   -0.03572171  0.03977400   -0.05616160  0.08654092
    2    1
 -0.05761322 -0.06736890   -0.04057454  0.12911657   -0.03572171 -0.03977400
 -0.04057454  0.12911657   -0.05761322 -0.06736890   -0.03572171 -0.03977400
 -0.03572171 -0.03977400   -0.03572171 -0.03977400   -0.05616160 -0.08654092
    2    2
  0.24246566  0.00000000    0.00140825  0.00000000   -0.00468406 -0.00739008
  0.00140825  0.00000000    0.24246566  0.00000000   -0.00468406 -0.00739008
 -0.00468406  0.00739008   -0.00468406  0.00739008    0.29808142  0.00000000

     Dynamical  Matrix in cartesian axes

     q = (    0.750000000  -0.750000000   0.250000000 ) 

    1    1
  0.24246566  0.00000000   -0.00140825  0.00000000    0.00468406 -0.00739008
 -0.00140825  0.00000000    0.24246566  0.00000000   -0.00468406  0.00739008
  0.00468406  0.00739008   -0.00468406 -0.00739008    0.29808142  0.00000000
    1    2
 -0.06736890 -0.05761322   -0.12911657  0.04057454    0.03977400  0.03572171
 -0.12911657  0.04057454   -0.06736890 -0.05761322   -0.03977400 -0.03572171
  0.03977400  0.03572171   -0.03977400 -0.03572171   -0.08654092 -0.05616160
    2    1
 -0.06736890  0.05761322   -0.12911657 -0.04057454    0.03977400 -0.03572171
 -0.12911657 -0.04057454   -0.06736890  0.05761322   -0.03977400  0.03572171
  0.03977400 -0.03572171   -0.03977400  0.03572171   -0.08654092  0.05616160
    2    2
  0.24246566  0.00000000   -0.00140825  0.00000000    0.00468406  0.00739008
 -0.00140825  0.00000000    0.24246566  0.00000000   -0.00468406 -0.00739008
  0.00468406 -0.00739008   -0.00468406  0.00739008    0.29808142  0.00000000

     Dynamical  Matrix in cartesian axes

     q = (   -0.750000000  -0.750000000  -0.250000000 ) 

    1    1
  0.24246566  0.00000000    0.00140825  0.00000000    0.00468406 -0.00739008
  0.00140825  0.00000000    0.24246566  0.00000000    0.00468406 -0.00739008
  0.00468406  0.00739008    0.00468406  0.00739008    0.29808142  0.00000000
    1    2
  0.06736890  0.05761322   -0.12911657  0.04057454   -0.03977400 -0.03572171
 -0.12911657  0.04057454    0.06736890  0.05761322   -0.03977400 -0.03572171
 -0.03977400 -0.03572171   -0.03977400 -0.03572171    0.08654092  0.05616160
    2    1
  0.06736890 -0.05761322   -0.12911657 -0.04057454   -0.03977400  0.03572171
 -0.12911657 -0.04057454    0.06736890 -0.05761322   -0.03977400  0.03572171
 -0.03977400  0.03572171   -0.03977400  0.03572171    0.08654092 -0.05616160
    2    2
  0.24246566  0.00000000    0.00140825  0.00000000    0.00468406  0.00739008
  0.00140825  0.00000000    0.24246566  0.00000000    0.00468406  0.00739008
  0.00468406 -0.00739008    0.00468406 -0.00739008    0.29808142  0.00000000

     Dynamical  Matrix in cartesian axes

     q = (    0.250000000  -0.750000000   0.750000000 ) 

    1    1
  0.29808142  0.00000000   -0.00468406 -0.00739008    0.00468406  0.00739008
 -0.00468406  0.00739008    0.24246566  0.00000000   -0.00140825  0.00000000
  0.00468406 -0.00739008   -0.00140825  0.00000000    0.24246566  0.00000000
    1    2
 -0.08654092 -0.05616160   -0.03977400 -0.03572171    0.03977400  0.03572171
 -0.03977400 -0.03572171   -0.06736890 -0.05761322   -0.12911657  0.04057454
  0.03977400  0.03572171   -0.12911657  0.04057454   -0.06736890 -0.05761322
    2    1
 -0.08654092  0.05616160   -0.03977400  0.03572171    0.03977400 -0.03572171
 -0.03977400  0.03572171   -0.06736890  0.05761322   -0.12911657 -0.04057454
  0.03977400 -0.03572171   -0.12911657 -0.04057454   -0.06736890  0.05761322
    2    2
  0.29808142  0.00000000   -0.00468406  0.00739008    0.00468406 -0.00739008
 -0.00468406 -0.00739008    0.24246566  0.00000000   -0.00140825  0.00000000
  0.00468406  0.00739008   -0.00140825  0.00000000    0.24246566  0.00000000

     Dynamical  Matrix in cartesian axes

     q = (   -0.750000000  -0.750000000   0.250000000 ) 

    1    1
  0.24246566  0.00000000    0.00140825  0.00000000   -0.00468406 -0.00739008
  0.00140825  0.00000000    0.24246566  0.00000000   -0.00468406 -0.00739008
 -0.00468406  0.00739008   -0.00468406  0.00739008    0.29808142  0.00000000
    1    2
 -0.05761322 -0.06736890   -0.04057454  0.12911657   -0.03572171 -0.03977400
 -0.04057454  0.12911657   -0.05761322 -0.06736890   -0.03572171 -0.03977400
 -0.03572171 -0.03977400   -0.03572171 -0.03977400   -0.05616160 -0.08654092
    2    1
 -0.05761322  0.06736890   -0.04057454 -0.12911657   -0.03572171  0.03977400
 -0.04057454 -0.12911657   -0.05761322  0.06736890   -0.03572171  0.03977400
 -0.03572171  0.03977400   -0.03572171  0.03977400   -0.05616160  0.08654092
    2    2
  0.24246566  0.00000000    0.00140825  0.00000000   -0.00468406  0.00739008
  0.00140825  0.00000000    0.24246566  0.00000000   -0.00468406  0.00739008
 -0.00468406 -0.00739008   -0.00468406 -0.00739008    0.29808142  0.00000000

     Dynamical  Matrix in cartesian axes

     q = (    0.250000000   0.750000000   0.750000000 ) 

    1    1
  0.29808142  0.00000000    0.00468406 -0.00739008    0.00468406 -0.00739008
  0.00468406  0.00739008    0.24246566  0.00000000    0.00140825  0.00000000
  0.00468406  0.00739008    0.00140825  0.00000000    0.24246566  0.00000000
    1    2
  0.08654092 -0.05616160   -0.03977400  0.03572171   -0.03977400  0.03572171
 -0.03977400  0.03572171    0.06736890 -0.05761322   -0.12911657 -0.04057454
 -0.03977400  0.03572171   -0.12911657 -0.04057454    0.06736890 -0.05761322
    2    1
  0.08654092  0.05616160   -0.03977400 -0.03572171   -0.03977400 -0.03572171
 -0.03977400 -0.03572171    0.06736890  0.05761322   -0.12911657  0.04057454
 -0.03977400 -0.03572171   -0.12911657  0.04057454    0.06736890  0.05761322
    2    2
  0.29808142  0.00000000    0.00468406  0.00739008    0.00468406  0.00739008
  0.00468406 -0.00739008    0.24246566  0.00000000    0.00140825  0.00000000
  0.00468406 -0.00739008    0.00140825  0.00000000    0.24246566  0.00000000

     Dynamical  Matrix in cartesian axes

     q = (   -0.250000000  -0.750000000   0.750000000 ) 

    1    1
  0.29808142  0.00000000    0.00468406 -0.00739008   -0.00468406  0.00739008
  0.00468406  0.00739008    0.24246566  0.00000000   -0.00140825  0.00000000
 -0.00468406 -0.00739008   -0.00140825  0.00000000    0.24246566  0.00000000
    1    2
 -0.08654092  0.05616160    0.03977400 -0.03572171   -0.03977400  0.03572171
  0.03977400 -0.03572171   -0.06736890  0.05761322   -0.12911657 -0.04057454
 -0.03977400  0.03572171   -0.12911657 -0.04057454   -0.06736890  0.05761322
    2    1
 -0.08654092 -0.05616160    0.03977400  0.03572171   -0.03977400 -0.03572171
  0.03977400  0.03572171   -0.06736890 -0.05761322   -0.12911657  0.04057454
 -0.03977400 -0.03572171   -0.12911657  0.04057454   -0.06736890 -0.05761322
    2    2
  0.29808142  0.00000000    0.00468406  0.00739008   -0.00468406 -0.00739008
  0.00468406 -0.00739008    0.24246566  0.00000000   -0.00140825  0.00000000
 -0.00468406  0.00739008   -0.00140825  0.00000000    0.24246566  0.00000000

     Dynamical  Matrix in cartesian axes

     q = (    0.750000000   0.750000000   0.250000000 ) 

    1    1
  0.24246566  0.00000000    0.00140825  0.00000000    0.00468406  0.00739008
  0.00140825  0.00000000    0.24246566  0.00000000    0.00468406  0.00739008
  0.00468406 -0.00739008    0.00468406 -0.00739008    0.29808142  0.00000000
    1    2
  0.06736890 -0.05761322   -0.12911657 -0.04057454   -0.03977400  0.03572171
 -0.12911657 -0.04057454    0.06736890 -0.05761322   -0.03977400  0.03572171
 -0.03977400  0.03572171   -0.03977400  0.03572171    0.08654092 -0.05616160
    2    1
  0.06736890  0.05761322   -0.12911657  0.04057454   -0.03977400 -0.03572171
 -0.12911657  0.04057454    0.06736890  0.05761322   -0.03977400 -0.03572171
 -0.03977400 -0.03572171   -0.03977400 -0.03572171    0.08654092  0.05616160
    2    2
  0.24246566  0.00000000    0.00140825  0.00000000    0.00468406 -0.00739008
  0.00140825  0.00000000    0.24246566  0.00000000    0.00468406 -0.00739008
  0.00468406  0.00739008    0.00468406  0.00739008    0.29808142  0.00000000

     Dynamical  Matrix in cartesian axes

     q = (    0.250000000  -0.750000000  -0.750000000 ) 

    1    1
  0.29808142  0.00000000   -0.00468406  0.00739008   -0.00468406  0.00739008
 -0.00468406 -0.00739008    0.24246566  0.00000000    0.00140825  0.00000000
 -0.00468406 -0.00739008    0.00140825  0.00000000    0.24246566  0.00000000
    1    2
 -0.05616160 -0.08654092   -0.03572171 -0.03977400   -0.03572171 -0.03977400
 -0.03572171 -0.03977400   -0.05761322 -0.06736890   -0.04057454  0.12911657
 -0.03572171 -0.03977400   -0.04057454  0.12911657   -0.05761322 -0.06736890
    2    1
 -0.05616160  0.08654092   -0.03572171  0.03977400   -0.03572171  0.03977400
 -0.03572171  0.03977400   -0.05761322  0.06736890   -0.04057454 -0.12911657
 -0.03572171  0.03977400   -0.04057454 -0.12911657   -0.05761322  0.06736890
    2    2
  0.29808142  0.00000000   -0.00468406 -0.00739008   -0.00468406 -0.00739008
 -0.00468406  0.00739008    0.24246566  0.00000000    0.00140825  0.00000000
 -0.00468406  0.00739008    0.00140825  0.00000000    0.24246566  0.00000000

     Dynamical  Matrix in cartesian axes

     q = (    0.750000000  -0.750000000  -0.250000000 ) 

    1    1
  0.24246566  0.00000000   -0.00140825  0.00000000   -0.00468406 -0.00739008
 -0.00140825  0.00000000    0.24246566  0.00000000    0.00468406  0.00739008
 -0.00468406  0.00739008    0.00468406 -0.00739008    0.29808142  0.00000000
    1    2
 -0.06736890  0.05761322   -0.12911657 -0.04057454   -0.03977400  0.03572171
 -0.12911657 -0.04057454   -0.06736890  0.05761322    0.03977400 -0.03572171
 -0.03977400  0.03572171    0.03977400 -0.03572171   -0.08654092  0.05616160
    2    1
 -0.06736890 -0.05761322   -0.12911657  0.04057454   -0.03977400 -0.03572171
 -0.12911657  0.04057454   -0.06736890 -0.05761322    0.03977400  0.03572171
 -0.03977400 -0.03572171    0.03977400  0.03572171   -0.08654092 -0.05616160
    2    2
  0.24246566  0.00000000   -0.00140825  0.00000000   -0.00468406  0.00739008
 -0.00140825  0.00000000    0.24246566  0.00000000    0.00468406 -0.00739008
 -0.00468406 -0.00739008    0.00468406  0.00739008    0.29808142  0.00000000

     Diagonalizing the dynamical matrix

     q = (    0.750000000  -0.250000000   0.750000000 ) 

 **************************************************************************
     freq (    1) =       4.305002 [THz] =     143.599407 [cm-1]
 ( -0.043197  0.498131  0.000000 -0.000000  0.043197 -0.498131 ) 
 ( -0.500000  0.000000  0.000000  0.000000  0.500000  0.000000 ) 
     freq (    2) =       6.141301 [THz] =     204.851748 [cm-1]
 ( -0.400637 -0.144161 -0.333024  0.162819 -0.400637 -0.144161 ) 
 ( -0.425785 -0.000000 -0.258228 -0.265957 -0.425785  0.000000 ) 
     freq (    3) =       9.336707 [THz] =     311.439029 [cm-1]
 ( -0.078567  0.295836 -0.437108 -0.348645 -0.078567  0.295836 ) 
 (  0.306091 -0.000000 -0.224768 -0.511953  0.306091  0.000000 ) 
     freq (    4) =      11.904921 [THz] =     397.105436 [cm-1]
 ( -0.165042 -0.323223  0.400325  0.276252 -0.165042 -0.323223 ) 
 (  0.362922 -0.000000 -0.428086 -0.230907  0.362922  0.000000 ) 
     freq (    5) =      13.612597 [THz] =     454.067366 [cm-1]
 ( -0.043197  0.498131  0.000000  0.000000  0.043197 -0.498131 ) 
 (  0.500000 -0.000000 -0.000000 -0.000000 -0.500000  0.000000 ) 
     freq (    6) =      13.843967 [THz] =     461.785035 [cm-1]
 (  0.283639  0.113370  0.501834 -0.248104  0.283639  0.113370 ) 
 ( -0.305456  0.000000 -0.373906 -0.416638 -0.305456  0.000000 ) 
 **************************************************************************
