Dynamical matrix file
                                                                           
  1    2  2 10.3510000  0.0000000  0.0000000  0.0000000  0.0000000  0.0000000
           1  'Si  '    25598.822984527003     
    1    1      0.0000000000      0.0000000000      0.0000000000
    2    1      0.2500000000      0.2500000000      0.2500000000

     Dynamical  Matrix in cartesian axes

     q = (   -0.250000000   0.250000000  -0.250000000 ) 

    1    1
  0.27992650  0.00000000   -0.01074994  0.00000000    0.01074994  0.00000000
 -0.01074994  0.00000000    0.27992650  0.00000000   -0.01074994  0.00000000
  0.01074994  0.00000000   -0.01074994  0.00000000    0.27992650  0.00000000
    1    2
 -0.20473496 -0.06045006   -0.03595243  0.03673954    0.03595243 -0.03673954
 -0.03595243  0.03673954   -0.20473496 -0.06045006   -0.03595243  0.03673954
  0.03595243 -0.03673954   -0.03595243  0.03673954   -0.20473496 -0.06045006
    2    1
 -0.20473496  0.06045006   -0.03595243 -0.03673954    0.03595243  0.03673954
 -0.03595243 -0.03673954   -0.20473496  0.06045006   -0.03595243 -0.03673954
  0.03595243  0.03673954   -0.03595243 -0.03673954   -0.20473496  0.06045006
    2    2
  0.27992650  0.00000000   -0.01074994  0.00000000    0.01074994  0.00000000
 -0.01074994  0.00000000    0.27992650  0.00000000   -0.01074994  0.00000000
  0.01074994  0.00000000   -0.01074994  0.00000000    0.27992650  0.00000000

     Dynamical  Matrix in cartesian axes

     q = (    0.250000000  -0.250000000  -0.250000000 ) 

    1    1
  0.27992650  0.00000000   -0.01074994  0.00000000   -0.01074994  0.00000000
 -0.01074994  0.00000000    0.27992650  0.00000000    0.01074994  0.00000000
 -0.01074994  0.00000000    0.01074994  0.00000000    0.27992650  0.00000000
    1    2
 -0.20473496 -0.06045006   -0.03595243  0.03673954   -0.03595243  0.03673954
 -0.03595243  0.03673954   -0.20473496 -0.06045006    0.03595243 -0.03673954
 -0.03595243  0.03673954    0.03595243 -0.03673954   -0.20473496 -0.06045006
    2    1
 -0.20473496  0.06045006   -0.03595243 -0.03673954   -0.03595243 -0.03673954
 -0.03595243 -0.03673954   -0.20473496  0.06045006    0.03595243  0.03673954
 -0.03595243 -0.03673954    0.03595243  0.03673954   -0.20473496  0.06045006
    2    2
  0.27992650  0.00000000   -0.01074994  0.00000000   -0.01074994  0.00000000
 -0.01074994  0.00000000    0.27992650  0.00000000    0.01074994  0.00000000
 -0.01074994  0.00000000    0.01074994  0.00000000    0.27992650  0.00000000

     Dynamical  Matrix in cartesian axes

     q = (    0.250000000  -0.250000000   0.250000000 ) 

    1    1
  0.27992650  0.00000000   -0.01074994  0.00000000    0.01074994  0.00000000
 -0.01074994  0.00000000    0.27992650  0.00000000   -0.01074994  0.00000000
  0.01074994  0.00000000   -0.01074994  0.00000000    0.27992650  0.00000000
    1    2
 -0.20473496  0.06045006   -0.03595243 -0.03673954    0.03595243  0.03673954
 -0.03595243 -0.03673954   -0.20473496  0.06045006   -0.03595243 -0.03673954
  0.03595243  0.03673954   -0.03595243 -0.03673954   -0.20473496  0.06045006
    2    1
 -0.20473496 -0.06045006   -0.03595243  0.03673954    0.03595243 -0.03673954
 -0.03595243  0.03673954   -0.20473496 -0.06045006   -0.03595243  0.03673954
  0.03595243 -0.03673954   -0.03595243  0.03673954   -0.20473496 -0.06045006
    2    2
  0.27992650  0.00000000   -0.01074994  0.00000000    0.01074994  0.00000000
 -0.01074994  0.00000000    0.27992650  0.00000000   -0.01074994  0.00000000
  0.01074994  0.00000000   -0.01074994  0.00000000    0.27992650  0.00000000

     Dynamical  Matrix in cartesian axes

     q = (    0.250000000   0.250000000   0.250000000 ) 

    1    1
  0.27992650  0.00000000    0.01074994  0.00000000    0.01074994  0.00000000
  0.01074994  0.00000000    0.27992650  0.00000000    0.01074994  0.00000000
  0.01074994  0.00000000    0.01074994  0.00000000    0.27992650  0.00000000
    1    2
 -0.06045006  0.20473496   -0.03673954 -0.03595243   -0.03673954 -0.03595243
 -0.03673954 -0.03595243   -0.06045006  0.20473496   -0.03673954 -0.03595243
 -0.03673954 -0.03595243   -0.03673954 -0.03595243   -0.06045006  0.20473496
    2    1
 -0.06045006 -0.20473496   -0.03673954  0.03595243   -0.03673954  0.03595243
 -0.03673954  0.03595243   -0.06045006 -0.20473496   -0.03673954  0.03595243
 -0.03673954  0.03595243   -0.03673954  0.03595243   -0.06045006 -0.20473496
    2    2
  0.27992650  0.00000000    0.01074994  0.00000000    0.01074994  0.00000000
  0.01074994  0.00000000    0.27992650  0.00000000    0.01074994  0.00000000
  0.01074994  0.00000000    0.01074994  0.00000000    0.27992650  0.00000000

     Dynamical  Matrix in cartesian axes

     q = (   -0.250000000  -0.250000000  -0.250000000 ) 

    1    1
  0.27992650  0.00000000    0.01074994  0.00000000    0.01074994  0.00000000
  0.01074994  0.00000000    0.27992650  0.00000000    0.01074994  0.00000000
  0.01074994  0.00000000    0.01074994  0.00000000    0.27992650  0.00000000
    1    2
 -0.06045006 -0.20473496   -0.03673954  0.03595243   -0.03673954  0.03595243
 -0.03673954  0.03595243   -0.06045006 -0.20473496   -0.03673954  0.03595243
 -0.03673954  0.03595243   -0.03673954  0.03595243   -0.06045006 -0.20473496
    2    1
 -0.06045006  0.20473496   -0.03673954 -0.03595243   -0.03673954 -0.03595243
 -0.03673954 -0.03595243   -0.06045006  0.20473496   -0.03673954 -0.03595243
 -0.03673954 -0.03595243   -0.03673954 -0.03595243   -0.06045006  0.20473496
    2    2
  0.27992650  0.00000000    0.01074994  0.00000000    0.01074994  0.00000000
  0.01074994  0.00000000    0.27992650  0.00000000    0.01074994  0.00000000
  0.01074994  0.00000000    0.01074994  0.00000000    0.27992650  0.00000000

     Dynamical  Matrix in cartesian axes

     q = (   -0.250000000  -0.250000000   0.250000000 ) 

    1    1
  0.27992650  0.00000000    0.01074994  0.00000000   -0.01074994  0.00000000
  0.01074994  0.00000000    0.27992650  0.00000000   -0.01074994  0.00000000
 -0.01074994  0.00000000   -0.01074994  0.00000000    0.27992650  0.00000000
    1    2
 -0.20473496 -0.06045006    0.03595243 -0.03673954   -0.03595243  0.03673954
  0.03595243 -0.03673954   -0.20473496 -0.06045006   -0.03595243  0.03673954
 -0.03595243  0.03673954   -0.03595243  0.03673954   -0.20473496 -0.06045006
    2    1
 -0.20473496  0.06045006    0.03595243  0.03673954   -0.03595243 -0.03673954
  0.03595243  0.03673954   -0.20473496  0.06045006   -0.03595243 -0.03673954
 -0.03595243 -0.03673954   -0.03595243 -0.03673954   -0.20473496  0.06045006
    2    2
  0.27992650  0.00000000    0.01074994  0.00000000   -0.01074994  0.00000000
  0.01074994  0.00000000    0.27992650  0.00000000   -0.01074994  0.00000000
 -0.01074994  0.00000000   -0.01074994  0.00000000    0.27992650  0.00000000

     Dynamical  Matrix in cartesian axes

     q = (   -0.250000000   0.250000000   0.250000000 ) 

    1    1
  0.27992650  0.00000000   -0.01074994  0.00000000   -0.01074994  0.00000000
 -0.01074994  0.00000000    0.27992650  0.00000000    0.01074994  0.00000000
 -0.01074994  0.00000000    0.01074994  0.00000000    0.27992650  0.00000000
    1    2
 -0.20473496  0.06045006   -0.03595243 -0.03673954   -0.03595243 -0.03673954
 -0.03595243 -0.03673954   -0.20473496  0.06045006    0.03595243  0.03673954
 -0.03595243 -0.03673954    0.03595243  0.03673954   -0.20473496  0.06045006
    2    1
 -0.20473496 -0.06045006   -0.03595243  0.03673954   -0.03595243  0.03673954
 -0.03595243  0.03673954   -0.20473496 -0.06045006    0.03595243 -0.03673954
 -0.03595243  0.03673954    0.03595243 -0.03673954   -0.20473496 -0.06045006
    2    2
  0.27992650  0.00000000   -0.01074994  0.00000000   -0.01074994  0.00000000
 -0.01074994  0.00000000    0.27992650  0.00000000    0.01074994  0.00000000
 -0.01074994  0.00000000    0.01074994  0.00000000    0.27992650  0.00000000

     Dynamical  Matrix in cartesian axes

     q = (    0.250000000   0.250000000  -0.250000000 ) 

    1    1
  0.27992650  0.00000000    0.01074994  0.00000000   -0.01074994  0.00000000
  0.01074994  0.00000000    0.27992650  0.00000000   -0.01074994  0.00000000
 -0.01074994  0.00000000   -0.01074994  0.00000000    0.27992650  0.00000000
    1    2
 -0.20473496  0.06045006    0.03595243  0.03673954   -0.03595243 -0.03673954
  0.03595243  0.03673954   -0.20473496  0.06045006   -0.03595243 -0.03673954
 -0.03595243 -0.03673954   -0.03595243 -0.03673954   -0.20473496  0.06045006
    2    1
 -0.20473496 -0.06045006    0.03595243 -0.03673954   -0.03595243  0.03673954
  0.03595243 -0.03673954   -0.20473496 -0.06045006   -0.03595243  0.03673954
 -0.03595243  0.03673954   -0.03595243  0.03673954   -0.20473496 -0.06045006
    2    2
  0.27992650  0.00000000    0.01074994  0.00000000   -0.01074994  0.00000000
  0.01074994  0.00000000    0.27992650  0.00000000   -0.01074994  0.00000000
 -0.01074994  0.00000000   -0.01074994  0.00000000    0.27992650  0.00000000

     Diagonalizing the dynamical matrix

     q = (   -0.250000000   0.250000000  -0.250000000 ) 

 **************************************************************************
     freq (    1) =       3.398897 [THz] =     113.375010 [cm-1]
 (  0.116552 -0.021634 -0.426822 -0.075163 -0.543374 -0.053529 ) 
 (  0.113870 -0.032956 -0.432135 -0.032956 -0.546005  0.000000 ) 
     freq (    2) =       3.398897 [THz] =     113.375010 [cm-1]
 (  0.544769  0.150024  0.358024  0.131627 -0.186745 -0.018397 ) 
 (  0.556853  0.095893  0.369204  0.095893 -0.187649  0.000000 ) 
     freq (    3) =       6.905813 [THz] =     230.353113 [cm-1]
 ( -0.287483 -0.289862  0.287483  0.289862 -0.287483 -0.289862 ) 
 ( -0.408248 -0.000000  0.408248 -0.000000 -0.408248  0.000000 ) 
     freq (    4) =      14.394201 [THz] =     480.138856 [cm-1]
 ( -0.287483 -0.289862  0.287483  0.289862 -0.287483 -0.289862 ) 
 (  0.408248  0.000000 -0.408248  0.000000  0.408248  0.000000 ) 
     freq (    5) =      14.699001 [THz] =     490.305891 [cm-1]
 ( -0.173719  0.468892 -0.173421  0.468921  0.000298  0.000029 ) 
 (  0.126914 -0.483664  0.126614 -0.483664 -0.000300  0.000000 ) 
     freq (    6) =      14.699001 [THz] =     490.305891 [cm-1]
 ( -0.287194 -0.028544  0.287375  0.028058  0.574569  0.056602 ) 
 (  0.288609  0.000251 -0.288741  0.000251 -0.577350  0.000000 ) 
 **************************************************************************
