Dynamical matrix file
                                                                           
  1    2  2 10.4900000  0.0000000  0.0000000  0.0000000  0.0000000  0.0000000
           1  'Si  '    25598.822984527003     
    1    1      0.0000000000      0.0000000000      0.0000000000
    2    1      0.2500000000      0.2500000000      0.2500000000

     Dynamical  Matrix in cartesian axes

     q = (    0.750000000  -0.250000000   0.750000000 ) 

    1    1
  0.22168114  0.00000000   -0.00394394  0.00690467    0.00089306  0.00000000
 -0.00394394 -0.00690467    0.27429980  0.00000000   -0.00394394 -0.00690467
  0.00089306  0.00000000   -0.00394394  0.00690467    0.22168114  0.00000000
    1    2
 -0.04927459  0.07049103   -0.03700478  0.03579783   -0.03138021 -0.10881596
 -0.03700478  0.03579783   -0.04802924  0.08951988   -0.03700478  0.03579783
 -0.03138021 -0.10881596   -0.03700478  0.03579783   -0.04927459  0.07049103
    2    1
 -0.04927459 -0.07049103   -0.03700478 -0.03579783   -0.03138021  0.10881596
 -0.03700478 -0.03579783   -0.04802924 -0.08951988   -0.03700478 -0.03579783
 -0.03138021  0.10881596   -0.03700478 -0.03579783   -0.04927459 -0.07049103
    2    2
  0.22168114  0.00000000   -0.00394394 -0.00690467    0.00089306  0.00000000
 -0.00394394  0.00690467    0.27429980  0.00000000   -0.00394394  0.00690467
  0.00089306  0.00000000   -0.00394394 -0.00690467    0.22168114  0.00000000

     Dynamical  Matrix in cartesian axes

     q = (    0.750000000  -0.250000000  -0.750000000 ) 

    1    1
  0.22168114  0.00000000   -0.00394394 -0.00690467   -0.00089306  0.00000000
 -0.00394394  0.00690467    0.27429980  0.00000000    0.00394394 -0.00690467
 -0.00089306  0.00000000    0.00394394  0.00690467    0.22168114  0.00000000
    1    2
 -0.07049103  0.04927459   -0.03579783  0.03700478   -0.10881596 -0.03138021
 -0.03579783  0.03700478   -0.08951988  0.04802924    0.03579783 -0.03700478
 -0.10881596 -0.03138021    0.03579783 -0.03700478   -0.07049103  0.04927459
    2    1
 -0.07049103 -0.04927459   -0.03579783 -0.03700478   -0.10881596  0.03138021
 -0.03579783 -0.03700478   -0.08951988 -0.04802924    0.03579783  0.03700478
 -0.10881596  0.03138021    0.03579783  0.03700478   -0.07049103 -0.04927459
    2    2
  0.22168114  0.00000000   -0.00394394  0.00690467   -0.00089306  0.00000000
 -0.00394394 -0.00690467    0.27429980  0.00000000    0.00394394  0.00690467
 -0.00089306  0.00000000    0.00394394 -0.00690467    0.22168114  0.00000000

     Dynamical  Matrix in cartesian axes

     q = (   -0.750000000  -0.250000000  -0.750000000 ) 

    1    1
  0.22168114  0.00000000    0.00394394 -0.00690467    0.00089306  0.00000000
  0.00394394  0.00690467    0.27429980  0.00000000    0.00394394  0.00690467
  0.00089306  0.00000000    0.00394394 -0.00690467    0.22168114  0.00000000
    1    2
  0.07049103  0.04927459   -0.03579783 -0.03700478   -0.10881596  0.03138021
 -0.03579783 -0.03700478    0.08951988  0.04802924   -0.03579783 -0.03700478
 -0.10881596  0.03138021   -0.03579783 -0.03700478    0.07049103  0.04927459
    2    1
  0.07049103 -0.04927459   -0.03579783  0.03700478   -0.10881596 -0.03138021
 -0.03579783  0.03700478    0.08951988 -0.04802924   -0.03579783  0.03700478
 -0.10881596 -0.03138021   -0.03579783  0.03700478    0.07049103 -0.04927459
    2    2
  0.22168114  0.00000000    0.00394394  0.00690467    0.00089306  0.00000000
  0.00394394 -0.00690467    0.27429980  0.00000000    0.00394394 -0.00690467
  0.00089306  0.00000000    0.00394394  0.00690467    0.22168114  0.00000000

     Dynamical  Matrix in cartesian axes

     q = (   -0.750000000  -0.250000000   0.750000000 ) 

    1    1
  0.22168114  0.00000000    0.00394394  0.00690467   -0.00089306  0.00000000
  0.00394394 -0.00690467    0.27429980  0.00000000   -0.00394394  0.00690467
 -0.00089306  0.00000000   -0.00394394 -0.00690467    0.22168114  0.00000000
    1    2
 -0.07049103  0.04927459    0.03579783 -0.03700478   -0.10881596 -0.03138021
  0.03579783 -0.03700478   -0.08951988  0.04802924   -0.03579783  0.03700478
 -0.10881596 -0.03138021   -0.03579783  0.03700478   -0.07049103  0.04927459
    2    1
 -0.07049103 -0.04927459    0.03579783  0.03700478   -0.10881596  0.03138021
  0.03579783  0.03700478   -0.08951988 -0.04802924   -0.03579783 -0.03700478
 -0.10881596  0.03138021   -0.03579783 -0.03700478   -0.07049103 -0.04927459
    2    2
  0.22168114  0.00000000    0.00394394 -0.00690467   -0.00089306  0.00000000
  0.00394394  0.00690467    0.27429980  0.00000000   -0.00394394 -0.00690467
 -0.00089306  0.00000000   -0.00394394  0.00690467    0.22168114  0.00000000

     Dynamical  Matrix in cartesian axes

     q = (   -0.750000000   0.250000000  -0.750000000 ) 

    1    1
  0.22168114  0.00000000   -0.00394394 -0.00690467    0.00089306  0.00000000
 -0.00394394  0.00690467    0.27429980  0.00000000   -0.00394394  0.00690467
  0.00089306  0.00000000   -0.00394394 -0.00690467    0.22168114  0.00000000
    1    2
 -0.04927459 -0.07049103   -0.03700478 -0.03579783   -0.03138021  0.10881596
 -0.03700478 -0.03579783   -0.04802924 -0.08951988   -0.03700478 -0.03579783
 -0.03138021  0.10881596   -0.03700478 -0.03579783   -0.04927459 -0.07049103
    2    1
 -0.04927459  0.07049103   -0.03700478  0.03579783   -0.03138021 -0.10881596
 -0.03700478  0.03579783   -0.04802924  0.08951988   -0.03700478  0.03579783
 -0.03138021 -0.10881596   -0.03700478  0.03579783   -0.04927459  0.07049103
    2    2
  0.22168114  0.00000000   -0.00394394  0.00690467    0.00089306  0.00000000
 -0.00394394 -0.00690467    0.27429980  0.00000000   -0.00394394 -0.00690467
  0.00089306  0.00000000   -0.00394394  0.00690467    0.22168114  0.00000000

     Dynamical  Matrix in cartesian axes

     q = (   -0.250000000   0.750000000  -0.750000000 ) 

    1    1
  0.27429980  0.00000000   -0.00394394  0.00690467    0.00394394 -0.00690467
 -0.00394394 -0.00690467    0.22168114  0.00000000   -0.00089306  0.00000000
  0.00394394  0.00690467   -0.00089306  0.00000000    0.22168114  0.00000000
    1    2
 -0.08951988  0.04802924   -0.03579783  0.03700478    0.03579783 -0.03700478
 -0.03579783  0.03700478   -0.07049103  0.04927459   -0.10881596 -0.03138021
  0.03579783 -0.03700478   -0.10881596 -0.03138021   -0.07049103  0.04927459
    2    1
 -0.08951988 -0.04802924   -0.03579783 -0.03700478    0.03579783  0.03700478
 -0.03579783 -0.03700478   -0.07049103 -0.04927459   -0.10881596  0.03138021
  0.03579783  0.03700478   -0.10881596  0.03138021   -0.07049103 -0.04927459
    2    2
  0.27429980  0.00000000   -0.00394394 -0.00690467    0.00394394  0.00690467
 -0.00394394  0.00690467    0.22168114  0.00000000   -0.00089306  0.00000000
  0.00394394 -0.00690467   -0.00089306  0.00000000    0.22168114  0.00000000

     Dynamical  Matrix in cartesian axes

     q = (   -0.750000000   0.750000000  -0.250000000 ) 

    1    1
  0.22168114  0.00000000   -0.00089306  0.00000000    0.00394394  0.00690467
 -0.00089306  0.00000000    0.22168114  0.00000000   -0.00394394 -0.00690467
  0.00394394 -0.00690467   -0.00394394  0.00690467    0.27429980  0.00000000
    1    2
 -0.07049103  0.04927459   -0.10881596 -0.03138021    0.03579783 -0.03700478
 -0.10881596 -0.03138021   -0.07049103  0.04927459   -0.03579783  0.03700478
  0.03579783 -0.03700478   -0.03579783  0.03700478   -0.08951988  0.04802924
    2    1
 -0.07049103 -0.04927459   -0.10881596  0.03138021    0.03579783  0.03700478
 -0.10881596  0.03138021   -0.07049103 -0.04927459   -0.03579783 -0.03700478
  0.03579783  0.03700478   -0.03579783 -0.03700478   -0.08951988 -0.04802924
    2    2
  0.22168114  0.00000000   -0.00089306  0.00000000    0.00394394 -0.00690467
 -0.00089306  0.00000000    0.22168114  0.00000000   -0.00394394  0.00690467
  0.00394394  0.00690467   -0.00394394 -0.00690467    0.27429980  0.00000000

     Dynamical  Matrix in cartesian axes

     q = (    0.750000000   0.250000000   0.750000000 ) 

    1    1
  0.22168114  0.00000000    0.00394394  0.00690467    0.00089306  0.00000000
  0.00394394 -0.00690467    0.27429980  0.00000000    0.00394394 -0.00690467
  0.00089306  0.00000000    0.00394394  0.00690467    0.22168114  0.00000000
    1    2
  0.07049103 -0.04927459   -0.03579783  0.03700478   -0.10881596 -0.03138021
 -0.03579783  0.03700478    0.08951988 -0.04802924   -0.03579783  0.03700478
 -0.10881596 -0.03138021   -0.03579783  0.03700478    0.07049103 -0.04927459
    2    1
  0.07049103  0.04927459   -0.03579783 -0.03700478   -0.10881596  0.03138021
 -0.03579783 -0.03700478    0.08951988  0.04802924   -0.03579783 -0.03700478
 -0.10881596  0.03138021   -0.03579783 -0.03700478    0.07049103  0.04927459
    2    2
  0.22168114  0.00000000    0.00394394 -0.00690467    0.00089306  0.00000000
  0.00394394  0.00690467    0.27429980  0.00000000    0.00394394  0.00690467
  0.00089306  0.00000000    0.00394394 -0.00690467    0.22168114  0.00000000

     Dynamical  Matrix in cartesian axes

     q = (   -0.750000000   0.250000000   0.750000000 ) 

    1    1
  0.22168114  0.00000000   -0.00394394  0.00690467   -0.00089306  0.00000000
 -0.00394394 -0.00690467    0.27429980  0.00000000    0.00394394  0.00690467
 -0.00089306  0.00000000    0.00394394 -0.00690467    0.22168114  0.00000000
    1    2
 -0.07049103 -0.04927459   -0.03579783 -0.03700478   -0.10881596  0.03138021
 -0.03579783 -0.03700478   -0.08951988 -0.04802924    0.03579783  0.03700478
 -0.10881596  0.03138021    0.03579783  0.03700478   -0.07049103 -0.04927459
    2    1
 -0.07049103  0.04927459   -0.03579783  0.03700478   -0.10881596 -0.03138021
 -0.03579783  0.03700478   -0.08951988  0.04802924    0.03579783 -0.03700478
 -0.10881596 -0.03138021    0.03579783 -0.03700478   -0.07049103  0.04927459
    2    2
  0.22168114  0.00000000   -0.00394394 -0.00690467   -0.00089306  0.00000000
 -0.00394394  0.00690467    0.27429980  0.00000000    0.00394394 -0.00690467
 -0.00089306  0.00000000    0.00394394  0.00690467    0.22168114  0.00000000

     Dynamical  Matrix in cartesian axes

     q = (    0.750000000   0.250000000  -0.750000000 ) 

    1    1
  0.22168114  0.00000000    0.00394394 -0.00690467   -0.00089306  0.00000000
  0.00394394  0.00690467    0.27429980  0.00000000   -0.00394394 -0.00690467
 -0.00089306  0.00000000   -0.00394394  0.00690467    0.22168114  0.00000000
    1    2
 -0.07049103 -0.04927459    0.03579783  0.03700478   -0.10881596  0.03138021
  0.03579783  0.03700478   -0.08951988 -0.04802924   -0.03579783 -0.03700478
 -0.10881596  0.03138021   -0.03579783 -0.03700478   -0.07049103 -0.04927459
    2    1
 -0.07049103  0.04927459    0.03579783 -0.03700478   -0.10881596 -0.03138021
  0.03579783 -0.03700478   -0.08951988  0.04802924   -0.03579783  0.03700478
 -0.10881596 -0.03138021   -0.03579783  0.03700478   -0.07049103  0.04927459
    2    2
  0.22168114  0.00000000    0.00394394  0.00690467   -0.00089306  0.00000000
  0.00394394 -0.00690467    0.27429980  0.00000000   -0.00394394  0.00690467
 -0.00089306  0.00000000   -0.00394394 -0.00690467    0.22168114  0.00000000

     Dynamical  Matrix in cartesian axes

     q = (   -0.750000000   0.750000000   0.250000000 ) 

    1    1
  0.22168114  0.00000000   -0.00089306  0.00000000   -0.00394394  0.00690467
 -0.00089306  0.00000000    0.22168114  0.00000000    0.00394394 -0.00690467
 -0.00394394 -0.00690467    0.00394394  0.00690467    0.27429980  0.00000000
    1    2
 -0.07049103 -0.04927459   -0.10881596  0.03138021   -0.03579783 -0.03700478
 -0.10881596  0.03138021   -0.07049103 -0.04927459    0.03579783  0.03700478
 -0.03579783 -0.03700478    0.03579783  0.03700478   -0.08951988 -0.04802924
    2    1
 -0.07049103  0.04927459   -0.10881596 -0.03138021   -0.03579783  0.03700478
 -0.10881596 -0.03138021   -0.07049103  0.04927459    0.03579783 -0.03700478
 -0.03579783  0.03700478    0.03579783 -0.03700478   -0.08951988  0.04802924
    2    2
  0.22168114  0.00000000   -0.00089306  0.00000000   -0.00394394 -0.00690467
 -0.00089306  0.00000000    0.22168114  0.00000000    0.00394394  0.00690467
 -0.00394394  0.00690467    0.00394394 -0.00690467    0.27429980  0.00000000

     Dynamical  Matrix in cartesian axes

     q = (   -0.250000000   0.750000000   0.750000000 ) 

    1    1
  0.27429980  0.00000000   -0.00394394 -0.00690467   -0.00394394 -0.00690467
 -0.00394394  0.00690467    0.22168114  0.00000000    0.00089306  0.00000000
 -0.00394394  0.00690467    0.00089306  0.00000000    0.22168114  0.00000000
    1    2
 -0.04802924  0.08951988   -0.03700478  0.03579783   -0.03700478  0.03579783
 -0.03700478  0.03579783   -0.04927459  0.07049103   -0.03138021 -0.10881596
 -0.03700478  0.03579783   -0.03138021 -0.10881596   -0.04927459  0.07049103
    2    1
 -0.04802924 -0.08951988   -0.03700478 -0.03579783   -0.03700478 -0.03579783
 -0.03700478 -0.03579783   -0.04927459 -0.07049103   -0.03138021  0.10881596
 -0.03700478 -0.03579783   -0.03138021  0.10881596   -0.04927459 -0.07049103
    2    2
  0.27429980  0.00000000   -0.00394394  0.00690467   -0.00394394  0.00690467
 -0.00394394 -0.00690467    0.22168114  0.00000000    0.00089306  0.00000000
 -0.00394394 -0.00690467    0.00089306  0.00000000    0.22168114  0.00000000

     Dynamical  Matrix in cartesian axes

     q = (    0.250000000   0.750000000  -0.750000000 ) 

    1    1
  0.27429980  0.00000000    0.00394394  0.00690467   -0.00394394 -0.00690467
  0.00394394 -0.00690467    0.22168114  0.00000000   -0.00089306  0.00000000
 -0.00394394  0.00690467   -0.00089306  0.00000000    0.22168114  0.00000000
    1    2
 -0.08951988 -0.04802924    0.03579783  0.03700478   -0.03579783 -0.03700478
  0.03579783  0.03700478   -0.07049103 -0.04927459   -0.10881596  0.03138021
 -0.03579783 -0.03700478   -0.10881596  0.03138021   -0.07049103 -0.04927459
    2    1
 -0.08951988  0.04802924    0.03579783 -0.03700478   -0.03579783  0.03700478
  0.03579783 -0.03700478   -0.07049103  0.04927459   -0.10881596 -0.03138021
 -0.03579783  0.03700478   -0.10881596 -0.03138021   -0.07049103  0.04927459
    2    2
  0.27429980  0.00000000    0.00394394 -0.00690467   -0.00394394  0.00690467
  0.00394394  0.00690467    0.22168114  0.00000000   -0.00089306  0.00000000
 -0.00394394 -0.00690467   -0.00089306  0.00000000    0.22168114  0.00000000

     Dynamical  Matrix in cartesian axes

     q = (   -0.250000000  -0.750000000  -0.750000000 ) 

    1    1
  0.27429980  0.00000000    0.00394394  0.00690467    0.00394394  0.00690467
  0.00394394 -0.00690467    0.22168114  0.00000000    0.00089306  0.00000000
  0.00394394 -0.00690467    0.00089306  0.00000000    0.22168114  0.00000000
    1    2
  0.08951988  0.04802924   -0.03579783 -0.03700478   -0.03579783 -0.03700478
 -0.03579783 -0.03700478    0.07049103  0.04927459   -0.10881596  0.03138021
 -0.03579783 -0.03700478   -0.10881596  0.03138021    0.07049103  0.04927459
    2    1
  0.08951988 -0.04802924   -0.03579783  0.03700478   -0.03579783  0.03700478
 -0.03579783  0.03700478    0.07049103 -0.04927459   -0.10881596 -0.03138021
 -0.03579783  0.03700478   -0.10881596 -0.03138021    0.07049103 -0.04927459
    2    2
  0.27429980  0.00000000    0.00394394 -0.00690467    0.00394394 -0.00690467
  0.00394394  0.00690467    0.22168114  0.00000000    0.00089306  0.00000000
  0.00394394  0.00690467    0.00089306  0.00000000    0.22168114  0.00000000

     Dynamical  Matrix in cartesian axes

     q = (    0.750000000   0.750000000  -0.250000000 ) 

    1    1
  0.22168114  0.00000000    0.00089306  0.00000000   -0.00394394  0.00690467
  0.00089306  0.00000000    0.22168114  0.00000000   -0.00394394  0.00690467
 -0.00394394 -0.00690467   -0.00394394 -0.00690467    0.27429980  0.00000000
    1    2
 -0.04927459  0.07049103   -0.03138021 -0.10881596   -0.03700478  0.03579783
 -0.03138021 -0.10881596   -0.04927459  0.07049103   -0.03700478  0.03579783
 -0.03700478  0.03579783   -0.03700478  0.03579783   -0.04802924  0.08951988
    2    1
 -0.04927459 -0.07049103   -0.03138021  0.10881596   -0.03700478 -0.03579783
 -0.03138021  0.10881596   -0.04927459 -0.07049103   -0.03700478 -0.03579783
 -0.03700478 -0.03579783   -0.03700478 -0.03579783   -0.04802924 -0.08951988
    2    2
  0.22168114  0.00000000    0.00089306  0.00000000   -0.00394394 -0.00690467
  0.00089306  0.00000000    0.22168114  0.00000000   -0.00394394 -0.00690467
 -0.00394394  0.00690467   -0.00394394  0.00690467    0.27429980  0.00000000

     Dynamical  Matrix in cartesian axes

     q = (    0.750000000  -0.750000000   0.250000000 ) 

    1    1
  0.22168114  0.00000000   -0.00089306  0.00000000    0.00394394 -0.00690467
 -0.00089306  0.00000000    0.22168114  0.00000000   -0.00394394  0.00690467
  0.00394394  0.00690467   -0.00394394 -0.00690467    0.27429980  0.00000000
    1    2
 -0.07049103 -0.04927459   -0.10881596  0.03138021    0.03579783  0.03700478
 -0.10881596  0.03138021   -0.07049103 -0.04927459   -0.03579783 -0.03700478
  0.03579783  0.03700478   -0.03579783 -0.03700478   -0.08951988 -0.04802924
    2    1
 -0.07049103  0.04927459   -0.10881596 -0.03138021    0.03579783 -0.03700478
 -0.10881596 -0.03138021   -0.07049103  0.04927459   -0.03579783  0.03700478
  0.03579783 -0.03700478   -0.03579783  0.03700478   -0.08951988  0.04802924
    2    2
  0.22168114  0.00000000   -0.00089306  0.00000000    0.00394394  0.00690467
 -0.00089306  0.00000000    0.22168114  0.00000000   -0.00394394 -0.00690467
  0.00394394 -0.00690467   -0.00394394  0.00690467    0.27429980  0.00000000

     Dynamical  Matrix in cartesian axes

     q = (   -0.750000000  -0.750000000  -0.250000000 ) 

    1    1
  0.22168114  0.00000000    0.00089306  0.00000000    0.00394394 -0.00690467
  0.00089306  0.00000000    0.22168114  0.00000000    0.00394394 -0.00690467
  0.00394394  0.00690467    0.00394394  0.00690467    0.27429980  0.00000000
    1    2
  0.07049103  0.04927459   -0.10881596  0.03138021   -0.03579783 -0.03700478
 -0.10881596  0.03138021    0.07049103  0.04927459   -0.03579783 -0.03700478
 -0.03579783 -0.03700478   -0.03579783 -0.03700478    0.08951988  0.04802924
    2    1
  0.07049103 -0.04927459   -0.10881596 -0.03138021   -0.03579783  0.03700478
 -0.10881596 -0.03138021    0.07049103 -0.04927459   -0.03579783  0.03700478
 -0.03579783  0.03700478   -0.03579783  0.03700478    0.08951988 -0.04802924
    2    2
  0.22168114  0.00000000    0.00089306  0.00000000    0.00394394  0.00690467
  0.00089306  0.00000000    0.22168114  0.00000000    0.00394394  0.00690467
  0.00394394 -0.00690467    0.00394394 -0.00690467    0.27429980  0.00000000

     Dynamical  Matrix in cartesian axes

     q = (    0.250000000  -0.750000000   0.750000000 ) 

    1    1
  0.27429980  0.00000000   -0.00394394 -0.00690467    0.00394394  0.00690467
 -0.00394394  0.00690467    0.22168114  0.00000000   -0.00089306  0.00000000
  0.00394394 -0.00690467   -0.00089306  0.00000000    0.22168114  0.00000000
    1    2
 -0.08951988 -0.04802924   -0.03579783 -0.03700478    0.03579783  0.03700478
 -0.03579783 -0.03700478   -0.07049103 -0.04927459   -0.10881596  0.03138021
  0.03579783  0.03700478   -0.10881596  0.03138021   -0.07049103 -0.04927459
    2    1
 -0.08951988  0.04802924   -0.03579783  0.03700478    0.03579783 -0.03700478
 -0.03579783  0.03700478   -0.07049103  0.04927459   -0.10881596 -0.03138021
  0.03579783 -0.03700478   -0.10881596 -0.03138021   -0.07049103  0.04927459
    2    2
  0.27429980  0.00000000   -0.00394394  0.00690467    0.00394394 -0.00690467
 -0.00394394 -0.00690467    0.22168114  0.00000000   -0.00089306  0.00000000
  0.00394394  0.00690467   -0.00089306  0.00000000    0.22168114  0.00000000

     Dynamical  Matrix in cartesian axes

     q = (   -0.750000000  -0.750000000   0.250000000 ) 

    1    1
  0.22168114  0.00000000    0.00089306  0.00000000   -0.00394394 -0.00690467
  0.00089306  0.00000000    0.22168114  0.00000000   -0.00394394 -0.00690467
 -0.00394394  0.00690467   -0.00394394  0.00690467    0.27429980  0.00000000
    1    2
 -0.04927459 -0.07049103   -0.03138021  0.10881596   -0.03700478 -0.03579783
 -0.03138021  0.10881596   -0.04927459 -0.07049103   -0.03700478 -0.03579783
 -0.03700478 -0.03579783   -0.03700478 -0.03579783   -0.04802924 -0.08951988
    2    1
 -0.04927459  0.07049103   -0.03138021 -0.10881596   -0.03700478  0.03579783
 -0.03138021 -0.10881596   -0.04927459  0.07049103   -0.03700478  0.03579783
 -0.03700478  0.03579783   -0.03700478  0.03579783   -0.04802924  0.08951988
    2    2
  0.22168114  0.00000000    0.00089306  0.00000000   -0.00394394  0.00690467
  0.00089306  0.00000000    0.22168114  0.00000000   -0.00394394  0.00690467
 -0.00394394 -0.00690467   -0.00394394 -0.00690467    0.27429980  0.00000000

     Dynamical  Matrix in cartesian axes

     q = (    0.250000000   0.750000000   0.750000000 ) 

    1    1
  0.27429980  0.00000000    0.00394394 -0.00690467    0.00394394 -0.00690467
  0.00394394  0.00690467    0.22168114  0.00000000    0.00089306  0.00000000
  0.00394394  0.00690467    0.00089306  0.00000000    0.22168114  0.00000000
    1    2
  0.08951988 -0.04802924   -0.03579783  0.03700478   -0.03579783  0.03700478
 -0.03579783  0.03700478    0.07049103 -0.04927459   -0.10881596 -0.03138021
 -0.03579783  0.03700478   -0.10881596 -0.03138021    0.07049103 -0.04927459
    2    1
  0.08951988  0.04802924   -0.03579783 -0.03700478   -0.03579783 -0.03700478
 -0.03579783 -0.03700478    0.07049103  0.04927459   -0.10881596  0.03138021
 -0.03579783 -0.03700478   -0.10881596  0.03138021    0.07049103  0.04927459
    2    2
  0.27429980  0.00000000    0.00394394  0.00690467    0.00394394  0.00690467
  0.00394394 -0.00690467    0.22168114  0.00000000    0.00089306  0.00000000
  0.00394394 -0.00690467    0.00089306  0.00000000    0.22168114  0.00000000

     Dynamical  Matrix in cartesian axes

     q = (   -0.250000000  -0.750000000   0.750000000 ) 

    1    1
  0.27429980  0.00000000    0.00394394 -0.00690467   -0.00394394  0.00690467
  0.00394394  0.00690467    0.22168114  0.00000000   -0.00089306  0.00000000
 -0.00394394 -0.00690467   -0.00089306  0.00000000    0.22168114  0.00000000
    1    2
 -0.08951988  0.04802924    0.03579783 -0.03700478   -0.03579783  0.03700478
  0.03579783 -0.03700478   -0.07049103  0.04927459   -0.10881596 -0.03138021
 -0.03579783  0.03700478   -0.10881596 -0.03138021   -0.07049103  0.04927459
    2    1
 -0.08951988 -0.04802924    0.03579783  0.03700478   -0.03579783 -0.03700478
  0.03579783  0.03700478   -0.07049103 -0.04927459   -0.10881596  0.03138021
 -0.03579783 -0.03700478   -0.10881596  0.03138021   -0.07049103 -0.04927459
    2    2
  0.27429980  0.00000000    0.00394394  0.00690467   -0.00394394 -0.00690467
  0.00394394 -0.00690467    0.22168114  0.00000000   -0.00089306  0.00000000
 -0.00394394  0.00690467   -0.00089306  0.00000000    0.22168114  0.00000000

     Dynamical  Matrix in cartesian axes

     q = (    0.750000000   0.750000000   0.250000000 ) 

    1    1
  0.22168114  0.00000000    0.00089306  0.00000000    0.00394394  0.00690467
  0.00089306  0.00000000    0.22168114  0.00000000    0.00394394  0.00690467
  0.00394394 -0.00690467    0.00394394 -0.00690467    0.27429980  0.00000000
    1    2
  0.07049103 -0.04927459   -0.10881596 -0.03138021   -0.03579783  0.03700478
 -0.10881596 -0.03138021    0.07049103 -0.04927459   -0.03579783  0.03700478
 -0.03579783  0.03700478   -0.03579783  0.03700478    0.08951988 -0.04802924
    2    1
  0.07049103  0.04927459   -0.10881596  0.03138021   -0.03579783 -0.03700478
 -0.10881596  0.03138021    0.07049103  0.04927459   -0.03579783 -0.03700478
 -0.03579783 -0.03700478   -0.03579783 -0.03700478    0.08951988  0.04802924
    2    2
  0.22168114  0.00000000    0.00089306  0.00000000    0.00394394 -0.00690467
  0.00089306  0.00000000    0.22168114  0.00000000    0.00394394 -0.00690467
  0.00394394  0.00690467    0.00394394  0.00690467    0.27429980  0.00000000

     Dynamical  Matrix in cartesian axes

     q = (    0.250000000  -0.750000000  -0.750000000 ) 

    1    1
  0.27429980  0.00000000   -0.00394394  0.00690467   -0.00394394  0.00690467
 -0.00394394 -0.00690467    0.22168114  0.00000000    0.00089306  0.00000000
 -0.00394394 -0.00690467    0.00089306  0.00000000    0.22168114  0.00000000
    1    2
 -0.04802924 -0.08951988   -0.03700478 -0.03579783   -0.03700478 -0.03579783
 -0.03700478 -0.03579783   -0.04927459 -0.07049103   -0.03138021  0.10881596
 -0.03700478 -0.03579783   -0.03138021  0.10881596   -0.04927459 -0.07049103
    2    1
 -0.04802924  0.08951988   -0.03700478  0.03579783   -0.03700478  0.03579783
 -0.03700478  0.03579783   -0.04927459  0.07049103   -0.03138021 -0.10881596
 -0.03700478  0.03579783   -0.03138021 -0.10881596   -0.04927459  0.07049103
    2    2
  0.27429980  0.00000000   -0.00394394 -0.00690467   -0.00394394 -0.00690467
 -0.00394394  0.00690467    0.22168114  0.00000000    0.00089306  0.00000000
 -0.00394394  0.00690467    0.00089306  0.00000000    0.22168114  0.00000000

     Dynamical  Matrix in cartesian axes

     q = (    0.750000000  -0.750000000  -0.250000000 ) 

    1    1
  0.22168114  0.00000000   -0.00089306  0.00000000   -0.00394394 -0.00690467
 -0.00089306  0.00000000    0.22168114  0.00000000    0.00394394  0.00690467
 -0.00394394  0.00690467    0.00394394 -0.00690467    0.27429980  0.00000000
    1    2
 -0.07049103  0.04927459   -0.10881596 -0.03138021   -0.03579783  0.03700478
 -0.10881596 -0.03138021   -0.07049103  0.04927459    0.03579783 -0.03700478
 -0.03579783  0.03700478    0.03579783 -0.03700478   -0.08951988  0.04802924
    2    1
 -0.07049103 -0.04927459   -0.10881596  0.03138021   -0.03579783 -0.03700478
 -0.10881596  0.03138021   -0.07049103 -0.04927459    0.03579783  0.03700478
 -0.03579783 -0.03700478    0.03579783  0.03700478   -0.08951988 -0.04802924
    2    2
  0.22168114  0.00000000   -0.00089306  0.00000000   -0.00394394  0.00690467
 -0.00089306  0.00000000    0.22168114  0.00000000    0.00394394 -0.00690467
 -0.00394394 -0.00690467    0.00394394  0.00690467    0.27429980  0.00000000

     Diagonalizing the dynamical matrix

     q = (    0.750000000  -0.250000000   0.750000000 ) 

 **************************************************************************
     freq (    1) =       4.142635 [THz] =     138.183441 [cm-1]
 ( -0.049652  0.497529  0.000000  0.000000  0.049652 -0.497529 ) 
 ( -0.500000  0.000000 -0.000000  0.000000  0.500000  0.000000 ) 
     freq (    2) =       5.958060 [THz] =     198.739477 [cm-1]
 ( -0.390505 -0.071205 -0.377038  0.206672 -0.390505 -0.071205 ) 
 ( -0.396944  0.000000 -0.333849 -0.270954 -0.396944  0.000000 ) 
     freq (    3) =       9.203892 [THz] =     307.008779 [cm-1]
 ( -0.031045  0.346384 -0.417748 -0.289129 -0.031045  0.346384 ) 
 (  0.347772 -0.000000 -0.250684 -0.441890  0.347772  0.000000 ) 
     freq (    4) =      11.025885 [THz] =     367.783925 [cm-1]
 ( -0.188203 -0.332579  0.362556  0.276577 -0.188203 -0.332579 ) 
 (  0.382138 -0.000000 -0.419267 -0.179322  0.382138  0.000000 ) 
     freq (    5) =      13.020556 [THz] =     434.318986 [cm-1]
 ( -0.049652  0.497529 -0.000000  0.000000  0.049652 -0.497529 ) 
 (  0.500000 -0.000000  0.000000  0.000000 -0.500000  0.000000 ) 
     freq (    6) =      13.355586 [THz] =     445.494402 [cm-1]
 (  0.263168  0.078762  0.520304 -0.279932  0.263168  0.078762 ) 
 ( -0.274701  0.000000 -0.418197 -0.417360 -0.274701  0.000000 ) 
 **************************************************************************
