Dynamical matrix file
                                                                           
  1    2  2 10.4900000  0.0000000  0.0000000  0.0000000  0.0000000  0.0000000
           1  'Si  '    25598.822984527003     
    1    1      0.0000000000      0.0000000000      0.0000000000
    2    1      0.2500000000      0.2500000000      0.2500000000

     Dynamical  Matrix in cartesian axes

     q = (   -0.250000000   0.250000000  -0.250000000 ) 

    1    1
  0.25895496  0.00000000   -0.01003638  0.00000000    0.01003638  0.00000000
 -0.01003638  0.00000000    0.25895496  0.00000000   -0.01003638  0.00000000
  0.01003638  0.00000000   -0.01003638  0.00000000    0.25895496  0.00000000
    1    2
 -0.19695065 -0.05869497   -0.03018906  0.03296962    0.03018906 -0.03296962
 -0.03018906  0.03296962   -0.19695065 -0.05869497   -0.03018906  0.03296962
  0.03018906 -0.03296962   -0.03018906  0.03296962   -0.19695065 -0.05869497
    2    1
 -0.19695065  0.05869497   -0.03018906 -0.03296962    0.03018906  0.03296962
 -0.03018906 -0.03296962   -0.19695065  0.05869497   -0.03018906 -0.03296962
  0.03018906  0.03296962   -0.03018906 -0.03296962   -0.19695065  0.05869497
    2    2
  0.25895496  0.00000000   -0.01003638  0.00000000    0.01003638  0.00000000
 -0.01003638  0.00000000    0.25895496  0.00000000   -0.01003638  0.00000000
  0.01003638  0.00000000   -0.01003638  0.00000000    0.25895496  0.00000000

     Dynamical  Matrix in cartesian axes

     q = (    0.250000000  -0.250000000  -0.250000000 ) 

    1    1
  0.25895496  0.00000000   -0.01003638  0.00000000   -0.01003638  0.00000000
 -0.01003638  0.00000000    0.25895496  0.00000000    0.01003638  0.00000000
 -0.01003638  0.00000000    0.01003638  0.00000000    0.25895496  0.00000000
    1    2
 -0.19695065 -0.05869497   -0.03018906  0.03296962   -0.03018906  0.03296962
 -0.03018906  0.03296962   -0.19695065 -0.05869497    0.03018906 -0.03296962
 -0.03018906  0.03296962    0.03018906 -0.03296962   -0.19695065 -0.05869497
    2    1
 -0.19695065  0.05869497   -0.03018906 -0.03296962   -0.03018906 -0.03296962
 -0.03018906 -0.03296962   -0.19695065  0.05869497    0.03018906  0.03296962
 -0.03018906 -0.03296962    0.03018906  0.03296962   -0.19695065  0.05869497
    2    2
  0.25895496  0.00000000   -0.01003638  0.00000000   -0.01003638  0.00000000
 -0.01003638  0.00000000    0.25895496  0.00000000    0.01003638  0.00000000
 -0.01003638  0.00000000    0.01003638  0.00000000    0.25895496  0.00000000

     Dynamical  Matrix in cartesian axes

     q = (    0.250000000  -0.250000000   0.250000000 ) 

    1    1
  0.25895496  0.00000000   -0.01003638  0.00000000    0.01003638  0.00000000
 -0.01003638  0.00000000    0.25895496  0.00000000   -0.01003638  0.00000000
  0.01003638  0.00000000   -0.01003638  0.00000000    0.25895496  0.00000000
    1    2
 -0.19695065  0.05869497   -0.03018906 -0.03296962    0.03018906  0.03296962
 -0.03018906 -0.03296962   -0.19695065  0.05869497   -0.03018906 -0.03296962
  0.03018906  0.03296962   -0.03018906 -0.03296962   -0.19695065  0.05869497
    2    1
 -0.19695065 -0.05869497   -0.03018906  0.03296962    0.03018906 -0.03296962
 -0.03018906  0.03296962   -0.19695065 -0.05869497   -0.03018906  0.03296962
  0.03018906 -0.03296962   -0.03018906  0.03296962   -0.19695065 -0.05869497
    2    2
  0.25895496  0.00000000   -0.01003638  0.00000000    0.01003638  0.00000000
 -0.01003638  0.00000000    0.25895496  0.00000000   -0.01003638  0.00000000
  0.01003638  0.00000000   -0.01003638  0.00000000    0.25895496  0.00000000

     Dynamical  Matrix in cartesian axes

     q = (    0.250000000   0.250000000   0.250000000 ) 

    1    1
  0.25895496  0.00000000    0.01003638  0.00000000    0.01003638  0.00000000
  0.01003638  0.00000000    0.25895496  0.00000000    0.01003638  0.00000000
  0.01003638  0.00000000    0.01003638  0.00000000    0.25895496  0.00000000
    1    2
 -0.05869497  0.19695065   -0.03296962 -0.03018906   -0.03296962 -0.03018906
 -0.03296962 -0.03018906   -0.05869497  0.19695065   -0.03296962 -0.03018906
 -0.03296962 -0.03018906   -0.03296962 -0.03018906   -0.05869497  0.19695065
    2    1
 -0.05869497 -0.19695065   -0.03296962  0.03018906   -0.03296962  0.03018906
 -0.03296962  0.03018906   -0.05869497 -0.19695065   -0.03296962  0.03018906
 -0.03296962  0.03018906   -0.03296962  0.03018906   -0.05869497 -0.19695065
    2    2
  0.25895496  0.00000000    0.01003638  0.00000000    0.01003638  0.00000000
  0.01003638  0.00000000    0.25895496  0.00000000    0.01003638  0.00000000
  0.01003638  0.00000000    0.01003638  0.00000000    0.25895496  0.00000000

     Dynamical  Matrix in cartesian axes

     q = (   -0.250000000  -0.250000000  -0.250000000 ) 

    1    1
  0.25895496  0.00000000    0.01003638  0.00000000    0.01003638  0.00000000
  0.01003638  0.00000000    0.25895496  0.00000000    0.01003638  0.00000000
  0.01003638  0.00000000    0.01003638  0.00000000    0.25895496  0.00000000
    1    2
 -0.05869497 -0.19695065   -0.03296962  0.03018906   -0.03296962  0.03018906
 -0.03296962  0.03018906   -0.05869497 -0.19695065   -0.03296962  0.03018906
 -0.03296962  0.03018906   -0.03296962  0.03018906   -0.05869497 -0.19695065
    2    1
 -0.05869497  0.19695065   -0.03296962 -0.03018906   -0.03296962 -0.03018906
 -0.03296962 -0.03018906   -0.05869497  0.19695065   -0.03296962 -0.03018906
 -0.03296962 -0.03018906   -0.03296962 -0.03018906   -0.05869497  0.19695065
    2    2
  0.25895496  0.00000000    0.01003638  0.00000000    0.01003638  0.00000000
  0.01003638  0.00000000    0.25895496  0.00000000    0.01003638  0.00000000
  0.01003638  0.00000000    0.01003638  0.00000000    0.25895496  0.00000000

     Dynamical  Matrix in cartesian axes

     q = (   -0.250000000  -0.250000000   0.250000000 ) 

    1    1
  0.25895496  0.00000000    0.01003638  0.00000000   -0.01003638  0.00000000
  0.01003638  0.00000000    0.25895496  0.00000000   -0.01003638  0.00000000
 -0.01003638  0.00000000   -0.01003638  0.00000000    0.25895496  0.00000000
    1    2
 -0.19695065 -0.05869497    0.03018906 -0.03296962   -0.03018906  0.03296962
  0.03018906 -0.03296962   -0.19695065 -0.05869497   -0.03018906  0.03296962
 -0.03018906  0.03296962   -0.03018906  0.03296962   -0.19695065 -0.05869497
    2    1
 -0.19695065  0.05869497    0.03018906  0.03296962   -0.03018906 -0.03296962
  0.03018906  0.03296962   -0.19695065  0.05869497   -0.03018906 -0.03296962
 -0.03018906 -0.03296962   -0.03018906 -0.03296962   -0.19695065  0.05869497
    2    2
  0.25895496  0.00000000    0.01003638  0.00000000   -0.01003638  0.00000000
  0.01003638  0.00000000    0.25895496  0.00000000   -0.01003638  0.00000000
 -0.01003638  0.00000000   -0.01003638  0.00000000    0.25895496  0.00000000

     Dynamical  Matrix in cartesian axes

     q = (   -0.250000000   0.250000000   0.250000000 ) 

    1    1
  0.25895496  0.00000000   -0.01003638  0.00000000   -0.01003638  0.00000000
 -0.01003638  0.00000000    0.25895496  0.00000000    0.01003638  0.00000000
 -0.01003638  0.00000000    0.01003638  0.00000000    0.25895496  0.00000000
    1    2
 -0.19695065  0.05869497   -0.03018906 -0.03296962   -0.03018906 -0.03296962
 -0.03018906 -0.03296962   -0.19695065  0.05869497    0.03018906  0.03296962
 -0.03018906 -0.03296962    0.03018906  0.03296962   -0.19695065  0.05869497
    2    1
 -0.19695065 -0.05869497   -0.03018906  0.03296962   -0.03018906  0.03296962
 -0.03018906  0.03296962   -0.19695065 -0.05869497    0.03018906 -0.03296962
 -0.03018906  0.03296962    0.03018906 -0.03296962   -0.19695065 -0.05869497
    2    2
  0.25895496  0.00000000   -0.01003638  0.00000000   -0.01003638  0.00000000
 -0.01003638  0.00000000    0.25895496  0.00000000    0.01003638  0.00000000
 -0.01003638  0.00000000    0.01003638  0.00000000    0.25895496  0.00000000

     Dynamical  Matrix in cartesian axes

     q = (    0.250000000   0.250000000  -0.250000000 ) 

    1    1
  0.25895496  0.00000000    0.01003638  0.00000000   -0.01003638  0.00000000
  0.01003638  0.00000000    0.25895496  0.00000000   -0.01003638  0.00000000
 -0.01003638  0.00000000   -0.01003638  0.00000000    0.25895496  0.00000000
    1    2
 -0.19695065  0.05869497    0.03018906  0.03296962   -0.03018906 -0.03296962
  0.03018906  0.03296962   -0.19695065  0.05869497   -0.03018906 -0.03296962
 -0.03018906 -0.03296962   -0.03018906 -0.03296962   -0.19695065  0.05869497
    2    1
 -0.19695065 -0.05869497    0.03018906 -0.03296962   -0.03018906  0.03296962
  0.03018906 -0.03296962   -0.19695065 -0.05869497   -0.03018906  0.03296962
 -0.03018906  0.03296962   -0.03018906  0.03296962   -0.19695065 -0.05869497
    2    2
  0.25895496  0.00000000    0.01003638  0.00000000   -0.01003638  0.00000000
  0.01003638  0.00000000    0.25895496  0.00000000   -0.01003638  0.00000000
 -0.01003638  0.00000000   -0.01003638  0.00000000    0.25895496  0.00000000

     Diagonalizing the dynamical matrix

     q = (   -0.250000000   0.250000000  -0.250000000 ) 

 **************************************************************************
     freq (    1) =       2.931559 [THz] =      97.786271 [cm-1]
 (  0.564219  0.064498  0.192525  0.022401 -0.371695 -0.042097 ) 
 (  0.567894  0.000592  0.193823  0.000592 -0.374071  0.000000 ) 
     freq (    2) =       2.931559 [THz] =      97.786271 [cm-1]
 ( -0.103348 -0.012212 -0.540332 -0.061703 -0.436984 -0.049492 ) 
 ( -0.104066 -0.000503 -0.543843 -0.000503 -0.439778  0.000000 ) 
     freq (    3) =       6.308672 [THz] =     210.434653 [cm-1]
 (  0.301554  0.275194 -0.301554 -0.275194  0.301554  0.275194 ) 
 (  0.408248 -0.000000 -0.408248 -0.000000  0.408248  0.000000 ) 
     freq (    4) =      14.005136 [THz] =     467.161049 [cm-1]
 (  0.301554  0.275194 -0.301554 -0.275194  0.301554  0.275194 ) 
 ( -0.408248  0.000000  0.408248  0.000000 -0.408248  0.000000 ) 
     freq (    5) =      14.208770 [THz] =     473.953543 [cm-1]
 (  0.562824 -0.091305  0.274831 -0.123922 -0.287993 -0.032618 ) 
 ( -0.548973  0.154064 -0.259139  0.154064  0.289835  0.000000 ) 
     freq (    6) =      14.208770 [THz] =     473.953543 [cm-1]
 (  0.004971  0.090561 -0.491186  0.034367 -0.496157 -0.056194 ) 
 ( -0.015131 -0.089426  0.484198 -0.089426  0.499329  0.000000 ) 
 **************************************************************************
