Dynamical matrix file
                                                                           
  1    2  2 10.3530000  0.0000000  0.0000000  0.0000000  0.0000000  0.0000000
           1  'Si  '    25598.822984527003     
    1    1      0.0000000000      0.0000000000      0.0000000000
    2    1      0.2500000000      0.2500000000      0.2500000000

     Dynamical  Matrix in cartesian axes

     q = (   -0.250000000   0.250000000  -0.250000000 ) 

    1    1
  0.27961963  0.00000000   -0.01074153  0.00000000    0.01074153  0.00000000
 -0.01074153  0.00000000    0.27961963  0.00000000   -0.01074153  0.00000000
  0.01074153  0.00000000   -0.01074153  0.00000000    0.27961963  0.00000000
    1    2
 -0.20453103 -0.06038767   -0.03584984  0.03663874    0.03584984 -0.03663874
 -0.03584984  0.03663874   -0.20453103 -0.06038767   -0.03584984  0.03663874
  0.03584984 -0.03663874   -0.03584984  0.03663874   -0.20453103 -0.06038767
    2    1
 -0.20453103  0.06038767   -0.03584984 -0.03663874    0.03584984  0.03663874
 -0.03584984 -0.03663874   -0.20453103  0.06038767   -0.03584984 -0.03663874
  0.03584984  0.03663874   -0.03584984 -0.03663874   -0.20453103  0.06038767
    2    2
  0.27961963  0.00000000   -0.01074153  0.00000000    0.01074153  0.00000000
 -0.01074153  0.00000000    0.27961963  0.00000000   -0.01074153  0.00000000
  0.01074153  0.00000000   -0.01074153  0.00000000    0.27961963  0.00000000

     Dynamical  Matrix in cartesian axes

     q = (    0.250000000  -0.250000000  -0.250000000 ) 

    1    1
  0.27961963  0.00000000   -0.01074153  0.00000000   -0.01074153  0.00000000
 -0.01074153  0.00000000    0.27961963  0.00000000    0.01074153  0.00000000
 -0.01074153  0.00000000    0.01074153  0.00000000    0.27961963  0.00000000
    1    2
 -0.20453103 -0.06038767   -0.03584984  0.03663874   -0.03584984  0.03663874
 -0.03584984  0.03663874   -0.20453103 -0.06038767    0.03584984 -0.03663874
 -0.03584984  0.03663874    0.03584984 -0.03663874   -0.20453103 -0.06038767
    2    1
 -0.20453103  0.06038767   -0.03584984 -0.03663874   -0.03584984 -0.03663874
 -0.03584984 -0.03663874   -0.20453103  0.06038767    0.03584984  0.03663874
 -0.03584984 -0.03663874    0.03584984  0.03663874   -0.20453103  0.06038767
    2    2
  0.27961963  0.00000000   -0.01074153  0.00000000   -0.01074153  0.00000000
 -0.01074153  0.00000000    0.27961963  0.00000000    0.01074153  0.00000000
 -0.01074153  0.00000000    0.01074153  0.00000000    0.27961963  0.00000000

     Dynamical  Matrix in cartesian axes

     q = (    0.250000000  -0.250000000   0.250000000 ) 

    1    1
  0.27961963  0.00000000   -0.01074153  0.00000000    0.01074153  0.00000000
 -0.01074153  0.00000000    0.27961963  0.00000000   -0.01074153  0.00000000
  0.01074153  0.00000000   -0.01074153  0.00000000    0.27961963  0.00000000
    1    2
 -0.20453103  0.06038767   -0.03584984 -0.03663874    0.03584984  0.03663874
 -0.03584984 -0.03663874   -0.20453103  0.06038767   -0.03584984 -0.03663874
  0.03584984  0.03663874   -0.03584984 -0.03663874   -0.20453103  0.06038767
    2    1
 -0.20453103 -0.06038767   -0.03584984  0.03663874    0.03584984 -0.03663874
 -0.03584984  0.03663874   -0.20453103 -0.06038767   -0.03584984  0.03663874
  0.03584984 -0.03663874   -0.03584984  0.03663874   -0.20453103 -0.06038767
    2    2
  0.27961963  0.00000000   -0.01074153  0.00000000    0.01074153  0.00000000
 -0.01074153  0.00000000    0.27961963  0.00000000   -0.01074153  0.00000000
  0.01074153  0.00000000   -0.01074153  0.00000000    0.27961963  0.00000000

     Dynamical  Matrix in cartesian axes

     q = (    0.250000000   0.250000000   0.250000000 ) 

    1    1
  0.27961963  0.00000000    0.01074153  0.00000000    0.01074153  0.00000000
  0.01074153  0.00000000    0.27961963  0.00000000    0.01074153  0.00000000
  0.01074153  0.00000000    0.01074153  0.00000000    0.27961963  0.00000000
    1    2
 -0.06038767  0.20453103   -0.03663874 -0.03584984   -0.03663874 -0.03584984
 -0.03663874 -0.03584984   -0.06038767  0.20453103   -0.03663874 -0.03584984
 -0.03663874 -0.03584984   -0.03663874 -0.03584984   -0.06038767  0.20453103
    2    1
 -0.06038767 -0.20453103   -0.03663874  0.03584984   -0.03663874  0.03584984
 -0.03663874  0.03584984   -0.06038767 -0.20453103   -0.03663874  0.03584984
 -0.03663874  0.03584984   -0.03663874  0.03584984   -0.06038767 -0.20453103
    2    2
  0.27961963  0.00000000    0.01074153  0.00000000    0.01074153  0.00000000
  0.01074153  0.00000000    0.27961963  0.00000000    0.01074153  0.00000000
  0.01074153  0.00000000    0.01074153  0.00000000    0.27961963  0.00000000

     Dynamical  Matrix in cartesian axes

     q = (   -0.250000000  -0.250000000  -0.250000000 ) 

    1    1
  0.27961963  0.00000000    0.01074153  0.00000000    0.01074153  0.00000000
  0.01074153  0.00000000    0.27961963  0.00000000    0.01074153  0.00000000
  0.01074153  0.00000000    0.01074153  0.00000000    0.27961963  0.00000000
    1    2
 -0.06038767 -0.20453103   -0.03663874  0.03584984   -0.03663874  0.03584984
 -0.03663874  0.03584984   -0.06038767 -0.20453103   -0.03663874  0.03584984
 -0.03663874  0.03584984   -0.03663874  0.03584984   -0.06038767 -0.20453103
    2    1
 -0.06038767  0.20453103   -0.03663874 -0.03584984   -0.03663874 -0.03584984
 -0.03663874 -0.03584984   -0.06038767  0.20453103   -0.03663874 -0.03584984
 -0.03663874 -0.03584984   -0.03663874 -0.03584984   -0.06038767  0.20453103
    2    2
  0.27961963  0.00000000    0.01074153  0.00000000    0.01074153  0.00000000
  0.01074153  0.00000000    0.27961963  0.00000000    0.01074153  0.00000000
  0.01074153  0.00000000    0.01074153  0.00000000    0.27961963  0.00000000

     Dynamical  Matrix in cartesian axes

     q = (   -0.250000000  -0.250000000   0.250000000 ) 

    1    1
  0.27961963  0.00000000    0.01074153  0.00000000   -0.01074153  0.00000000
  0.01074153  0.00000000    0.27961963  0.00000000   -0.01074153  0.00000000
 -0.01074153  0.00000000   -0.01074153  0.00000000    0.27961963  0.00000000
    1    2
 -0.20453103 -0.06038767    0.03584984 -0.03663874   -0.03584984  0.03663874
  0.03584984 -0.03663874   -0.20453103 -0.06038767   -0.03584984  0.03663874
 -0.03584984  0.03663874   -0.03584984  0.03663874   -0.20453103 -0.06038767
    2    1
 -0.20453103  0.06038767    0.03584984  0.03663874   -0.03584984 -0.03663874
  0.03584984  0.03663874   -0.20453103  0.06038767   -0.03584984 -0.03663874
 -0.03584984 -0.03663874   -0.03584984 -0.03663874   -0.20453103  0.06038767
    2    2
  0.27961963  0.00000000    0.01074153  0.00000000   -0.01074153  0.00000000
  0.01074153  0.00000000    0.27961963  0.00000000   -0.01074153  0.00000000
 -0.01074153  0.00000000   -0.01074153  0.00000000    0.27961963  0.00000000

     Dynamical  Matrix in cartesian axes

     q = (   -0.250000000   0.250000000   0.250000000 ) 

    1    1
  0.27961963  0.00000000   -0.01074153  0.00000000   -0.01074153  0.00000000
 -0.01074153  0.00000000    0.27961963  0.00000000    0.01074153  0.00000000
 -0.01074153  0.00000000    0.01074153  0.00000000    0.27961963  0.00000000
    1    2
 -0.20453103  0.06038767   -0.03584984 -0.03663874   -0.03584984 -0.03663874
 -0.03584984 -0.03663874   -0.20453103  0.06038767    0.03584984  0.03663874
 -0.03584984 -0.03663874    0.03584984  0.03663874   -0.20453103  0.06038767
    2    1
 -0.20453103 -0.06038767   -0.03584984  0.03663874   -0.03584984  0.03663874
 -0.03584984  0.03663874   -0.20453103 -0.06038767    0.03584984 -0.03663874
 -0.03584984  0.03663874    0.03584984 -0.03663874   -0.20453103 -0.06038767
    2    2
  0.27961963  0.00000000   -0.01074153  0.00000000   -0.01074153  0.00000000
 -0.01074153  0.00000000    0.27961963  0.00000000    0.01074153  0.00000000
 -0.01074153  0.00000000    0.01074153  0.00000000    0.27961963  0.00000000

     Dynamical  Matrix in cartesian axes

     q = (    0.250000000   0.250000000  -0.250000000 ) 

    1    1
  0.27961963  0.00000000    0.01074153  0.00000000   -0.01074153  0.00000000
  0.01074153  0.00000000    0.27961963  0.00000000   -0.01074153  0.00000000
 -0.01074153  0.00000000   -0.01074153  0.00000000    0.27961963  0.00000000
    1    2
 -0.20453103  0.06038767    0.03584984  0.03663874   -0.03584984 -0.03663874
  0.03584984  0.03663874   -0.20453103  0.06038767   -0.03584984 -0.03663874
 -0.03584984 -0.03663874   -0.03584984 -0.03663874   -0.20453103  0.06038767
    2    1
 -0.20453103 -0.06038767    0.03584984 -0.03663874   -0.03584984  0.03663874
  0.03584984 -0.03663874   -0.20453103 -0.06038767   -0.03584984  0.03663874
 -0.03584984  0.03663874   -0.03584984  0.03663874   -0.20453103 -0.06038767
    2    2
  0.27961963  0.00000000    0.01074153  0.00000000   -0.01074153  0.00000000
  0.01074153  0.00000000    0.27961963  0.00000000   -0.01074153  0.00000000
 -0.01074153  0.00000000   -0.01074153  0.00000000    0.27961963  0.00000000

     Diagonalizing the dynamical matrix

     q = (   -0.250000000   0.250000000  -0.250000000 ) 

 **************************************************************************
     freq (    1) =       3.399072 [THz] =     113.380849 [cm-1]
 (  0.503898 -0.204840  0.373617 -0.217711 -0.130281 -0.012871 ) 
 (  0.481318 -0.253390  0.350402 -0.253390 -0.130915  0.000000 ) 
     freq (    2) =       3.399072 [THz] =     113.380849 [cm-1]
 (  0.177644  0.076831 -0.381944  0.021546 -0.559587 -0.055286 ) 
 (  0.184337  0.058993 -0.377975  0.058993 -0.562312  0.000000 ) 
     freq (    3) =       6.901611 [THz] =     230.212959 [cm-1]
 (  0.287771  0.289577 -0.287771 -0.289577  0.287771  0.289577 ) 
 (  0.408248 -0.000000 -0.408248  0.000000  0.408248  0.000000 ) 
     freq (    4) =      14.386707 [THz] =     479.888887 [cm-1]
 (  0.287771  0.289577 -0.287771 -0.289577  0.287771  0.289577 ) 
 ( -0.408248  0.000000  0.408248  0.000000 -0.408248  0.000000 ) 
     freq (    5) =      14.690373 [THz] =     490.018100 [cm-1]
 (  0.287705  0.028193 -0.286848 -0.028571 -0.574553 -0.056764 ) 
 ( -0.289083  0.000230  0.288267  0.000230  0.577350  0.000000 ) 
     freq (    6) =      14.690373 [THz] =     490.018100 [cm-1]
 ( -0.457256  0.201696 -0.457794  0.201643 -0.000538 -0.000053 ) 
 (  0.435210 -0.245676  0.435751 -0.245676  0.000541  0.000000 ) 
 **************************************************************************
