Dynamical matrix file
                                                                           
  1    2  2 10.3530000  0.0000000  0.0000000  0.0000000  0.0000000  0.0000000
           1  'Si  '    25598.822984527003     
    1    1      0.0000000000      0.0000000000      0.0000000000
    2    1      0.2500000000      0.2500000000      0.2500000000

     Dynamical  Matrix in cartesian axes

     q = (    0.750000000  -0.250000000   0.750000000 ) 

    1    1
  0.24216040  0.00000000   -0.00467624  0.00738425    0.00140436  0.00000000
 -0.00467624 -0.00738425    0.29774409  0.00000000   -0.00467624 -0.00738425
  0.00140436  0.00000000   -0.00467624  0.00738425    0.24216040  0.00000000
    1    2
 -0.05752978  0.06731529   -0.03561999  0.03967385   -0.04048087 -0.12881181
 -0.03561999  0.03967385   -0.05607974  0.08647647   -0.03561999  0.03967385
 -0.04048087 -0.12881181   -0.03561999  0.03967385   -0.05752978  0.06731529
    2    1
 -0.05752978 -0.06731529   -0.03561999 -0.03967385   -0.04048087  0.12881181
 -0.03561999 -0.03967385   -0.05607974 -0.08647647   -0.03561999 -0.03967385
 -0.04048087  0.12881181   -0.03561999 -0.03967385   -0.05752978 -0.06731529
    2    2
  0.24216040  0.00000000   -0.00467624 -0.00738425    0.00140436  0.00000000
 -0.00467624  0.00738425    0.29774409  0.00000000   -0.00467624  0.00738425
  0.00140436  0.00000000   -0.00467624 -0.00738425    0.24216040  0.00000000

     Dynamical  Matrix in cartesian axes

     q = (    0.750000000  -0.250000000  -0.750000000 ) 

    1    1
  0.24216040  0.00000000   -0.00467624 -0.00738425   -0.00140436  0.00000000
 -0.00467624  0.00738425    0.29774409  0.00000000    0.00467624 -0.00738425
 -0.00140436  0.00000000    0.00467624  0.00738425    0.24216040  0.00000000
    1    2
 -0.06731529  0.05752978   -0.03967385  0.03561999   -0.12881181 -0.04048087
 -0.03967385  0.03561999   -0.08647647  0.05607974    0.03967385 -0.03561999
 -0.12881181 -0.04048087    0.03967385 -0.03561999   -0.06731529  0.05752978
    2    1
 -0.06731529 -0.05752978   -0.03967385 -0.03561999   -0.12881181  0.04048087
 -0.03967385 -0.03561999   -0.08647647 -0.05607974    0.03967385  0.03561999
 -0.12881181  0.04048087    0.03967385  0.03561999   -0.06731529 -0.05752978
    2    2
  0.24216040  0.00000000   -0.00467624  0.00738425   -0.00140436  0.00000000
 -0.00467624 -0.00738425    0.29774409  0.00000000    0.00467624  0.00738425
 -0.00140436  0.00000000    0.00467624 -0.00738425    0.24216040  0.00000000

     Dynamical  Matrix in cartesian axes

     q = (   -0.750000000  -0.250000000  -0.750000000 ) 

    1    1
  0.24216040  0.00000000    0.00467624 -0.00738425    0.00140436  0.00000000
  0.00467624  0.00738425    0.29774409  0.00000000    0.00467624  0.00738425
  0.00140436  0.00000000    0.00467624 -0.00738425    0.24216040  0.00000000
    1    2
  0.06731529  0.05752978   -0.03967385 -0.03561999   -0.12881181  0.04048087
 -0.03967385 -0.03561999    0.08647647  0.05607974   -0.03967385 -0.03561999
 -0.12881181  0.04048087   -0.03967385 -0.03561999    0.06731529  0.05752978
    2    1
  0.06731529 -0.05752978   -0.03967385  0.03561999   -0.12881181 -0.04048087
 -0.03967385  0.03561999    0.08647647 -0.05607974   -0.03967385  0.03561999
 -0.12881181 -0.04048087   -0.03967385  0.03561999    0.06731529 -0.05752978
    2    2
  0.24216040  0.00000000    0.00467624  0.00738425    0.00140436  0.00000000
  0.00467624 -0.00738425    0.29774409  0.00000000    0.00467624 -0.00738425
  0.00140436  0.00000000    0.00467624  0.00738425    0.24216040  0.00000000

     Dynamical  Matrix in cartesian axes

     q = (   -0.750000000  -0.250000000   0.750000000 ) 

    1    1
  0.24216040  0.00000000    0.00467624  0.00738425   -0.00140436  0.00000000
  0.00467624 -0.00738425    0.29774409  0.00000000   -0.00467624  0.00738425
 -0.00140436  0.00000000   -0.00467624 -0.00738425    0.24216040  0.00000000
    1    2
 -0.06731529  0.05752978    0.03967385 -0.03561999   -0.12881181 -0.04048087
  0.03967385 -0.03561999   -0.08647647  0.05607974   -0.03967385  0.03561999
 -0.12881181 -0.04048087   -0.03967385  0.03561999   -0.06731529  0.05752978
    2    1
 -0.06731529 -0.05752978    0.03967385  0.03561999   -0.12881181  0.04048087
  0.03967385  0.03561999   -0.08647647 -0.05607974   -0.03967385 -0.03561999
 -0.12881181  0.04048087   -0.03967385 -0.03561999   -0.06731529 -0.05752978
    2    2
  0.24216040  0.00000000    0.00467624 -0.00738425   -0.00140436  0.00000000
  0.00467624  0.00738425    0.29774409  0.00000000   -0.00467624 -0.00738425
 -0.00140436  0.00000000   -0.00467624  0.00738425    0.24216040  0.00000000

     Dynamical  Matrix in cartesian axes

     q = (   -0.750000000   0.250000000  -0.750000000 ) 

    1    1
  0.24216040  0.00000000   -0.00467624 -0.00738425    0.00140436  0.00000000
 -0.00467624  0.00738425    0.29774409  0.00000000   -0.00467624  0.00738425
  0.00140436  0.00000000   -0.00467624 -0.00738425    0.24216040  0.00000000
    1    2
 -0.05752978 -0.06731529   -0.03561999 -0.03967385   -0.04048087  0.12881181
 -0.03561999 -0.03967385   -0.05607974 -0.08647647   -0.03561999 -0.03967385
 -0.04048087  0.12881181   -0.03561999 -0.03967385   -0.05752978 -0.06731529
    2    1
 -0.05752978  0.06731529   -0.03561999  0.03967385   -0.04048087 -0.12881181
 -0.03561999  0.03967385   -0.05607974  0.08647647   -0.03561999  0.03967385
 -0.04048087 -0.12881181   -0.03561999  0.03967385   -0.05752978  0.06731529
    2    2
  0.24216040  0.00000000   -0.00467624  0.00738425    0.00140436  0.00000000
 -0.00467624 -0.00738425    0.29774409  0.00000000   -0.00467624 -0.00738425
  0.00140436  0.00000000   -0.00467624  0.00738425    0.24216040  0.00000000

     Dynamical  Matrix in cartesian axes

     q = (   -0.250000000   0.750000000  -0.750000000 ) 

    1    1
  0.29774409  0.00000000   -0.00467624  0.00738425    0.00467624 -0.00738425
 -0.00467624 -0.00738425    0.24216040  0.00000000   -0.00140436  0.00000000
  0.00467624  0.00738425   -0.00140436  0.00000000    0.24216040  0.00000000
    1    2
 -0.08647647  0.05607974   -0.03967385  0.03561999    0.03967385 -0.03561999
 -0.03967385  0.03561999   -0.06731529  0.05752978   -0.12881181 -0.04048087
  0.03967385 -0.03561999   -0.12881181 -0.04048087   -0.06731529  0.05752978
    2    1
 -0.08647647 -0.05607974   -0.03967385 -0.03561999    0.03967385  0.03561999
 -0.03967385 -0.03561999   -0.06731529 -0.05752978   -0.12881181  0.04048087
  0.03967385  0.03561999   -0.12881181  0.04048087   -0.06731529 -0.05752978
    2    2
  0.29774409  0.00000000   -0.00467624 -0.00738425    0.00467624  0.00738425
 -0.00467624  0.00738425    0.24216040  0.00000000   -0.00140436  0.00000000
  0.00467624 -0.00738425   -0.00140436  0.00000000    0.24216040  0.00000000

     Dynamical  Matrix in cartesian axes

     q = (   -0.750000000   0.750000000  -0.250000000 ) 

    1    1
  0.24216040  0.00000000   -0.00140436  0.00000000    0.00467624  0.00738425
 -0.00140436  0.00000000    0.24216040  0.00000000   -0.00467624 -0.00738425
  0.00467624 -0.00738425   -0.00467624  0.00738425    0.29774409  0.00000000
    1    2
 -0.06731529  0.05752978   -0.12881181 -0.04048087    0.03967385 -0.03561999
 -0.12881181 -0.04048087   -0.06731529  0.05752978   -0.03967385  0.03561999
  0.03967385 -0.03561999   -0.03967385  0.03561999   -0.08647647  0.05607974
    2    1
 -0.06731529 -0.05752978   -0.12881181  0.04048087    0.03967385  0.03561999
 -0.12881181  0.04048087   -0.06731529 -0.05752978   -0.03967385 -0.03561999
  0.03967385  0.03561999   -0.03967385 -0.03561999   -0.08647647 -0.05607974
    2    2
  0.24216040  0.00000000   -0.00140436  0.00000000    0.00467624 -0.00738425
 -0.00140436  0.00000000    0.24216040  0.00000000   -0.00467624  0.00738425
  0.00467624  0.00738425   -0.00467624 -0.00738425    0.29774409  0.00000000

     Dynamical  Matrix in cartesian axes

     q = (    0.750000000   0.250000000   0.750000000 ) 

    1    1
  0.24216040  0.00000000    0.00467624  0.00738425    0.00140436  0.00000000
  0.00467624 -0.00738425    0.29774409  0.00000000    0.00467624 -0.00738425
  0.00140436  0.00000000    0.00467624  0.00738425    0.24216040  0.00000000
    1    2
  0.06731529 -0.05752978   -0.03967385  0.03561999   -0.12881181 -0.04048087
 -0.03967385  0.03561999    0.08647647 -0.05607974   -0.03967385  0.03561999
 -0.12881181 -0.04048087   -0.03967385  0.03561999    0.06731529 -0.05752978
    2    1
  0.06731529  0.05752978   -0.03967385 -0.03561999   -0.12881181  0.04048087
 -0.03967385 -0.03561999    0.08647647  0.05607974   -0.03967385 -0.03561999
 -0.12881181  0.04048087   -0.03967385 -0.03561999    0.06731529  0.05752978
    2    2
  0.24216040  0.00000000    0.00467624 -0.00738425    0.00140436  0.00000000
  0.00467624  0.00738425    0.29774409  0.00000000    0.00467624  0.00738425
  0.00140436  0.00000000    0.00467624 -0.00738425    0.24216040  0.00000000

     Dynamical  Matrix in cartesian axes

     q = (   -0.750000000   0.250000000   0.750000000 ) 

    1    1
  0.24216040  0.00000000   -0.00467624  0.00738425   -0.00140436  0.00000000
 -0.00467624 -0.00738425    0.29774409  0.00000000    0.00467624  0.00738425
 -0.00140436  0.00000000    0.00467624 -0.00738425    0.24216040  0.00000000
    1    2
 -0.06731529 -0.05752978   -0.03967385 -0.03561999   -0.12881181  0.04048087
 -0.03967385 -0.03561999   -0.08647647 -0.05607974    0.03967385  0.03561999
 -0.12881181  0.04048087    0.03967385  0.03561999   -0.06731529 -0.05752978
    2    1
 -0.06731529  0.05752978   -0.03967385  0.03561999   -0.12881181 -0.04048087
 -0.03967385  0.03561999   -0.08647647  0.05607974    0.03967385 -0.03561999
 -0.12881181 -0.04048087    0.03967385 -0.03561999   -0.06731529  0.05752978
    2    2
  0.24216040  0.00000000   -0.00467624 -0.00738425   -0.00140436  0.00000000
 -0.00467624  0.00738425    0.29774409  0.00000000    0.00467624 -0.00738425
 -0.00140436  0.00000000    0.00467624  0.00738425    0.24216040  0.00000000

     Dynamical  Matrix in cartesian axes

     q = (    0.750000000   0.250000000  -0.750000000 ) 

    1    1
  0.24216040  0.00000000    0.00467624 -0.00738425   -0.00140436  0.00000000
  0.00467624  0.00738425    0.29774409  0.00000000   -0.00467624 -0.00738425
 -0.00140436  0.00000000   -0.00467624  0.00738425    0.24216040  0.00000000
    1    2
 -0.06731529 -0.05752978    0.03967385  0.03561999   -0.12881181  0.04048087
  0.03967385  0.03561999   -0.08647647 -0.05607974   -0.03967385 -0.03561999
 -0.12881181  0.04048087   -0.03967385 -0.03561999   -0.06731529 -0.05752978
    2    1
 -0.06731529  0.05752978    0.03967385 -0.03561999   -0.12881181 -0.04048087
  0.03967385 -0.03561999   -0.08647647  0.05607974   -0.03967385  0.03561999
 -0.12881181 -0.04048087   -0.03967385  0.03561999   -0.06731529  0.05752978
    2    2
  0.24216040  0.00000000    0.00467624  0.00738425   -0.00140436  0.00000000
  0.00467624 -0.00738425    0.29774409  0.00000000   -0.00467624  0.00738425
 -0.00140436  0.00000000   -0.00467624 -0.00738425    0.24216040  0.00000000

     Dynamical  Matrix in cartesian axes

     q = (   -0.750000000   0.750000000   0.250000000 ) 

    1    1
  0.24216040  0.00000000   -0.00140436  0.00000000   -0.00467624  0.00738425
 -0.00140436  0.00000000    0.24216040  0.00000000    0.00467624 -0.00738425
 -0.00467624 -0.00738425    0.00467624  0.00738425    0.29774409  0.00000000
    1    2
 -0.06731529 -0.05752978   -0.12881181  0.04048087   -0.03967385 -0.03561999
 -0.12881181  0.04048087   -0.06731529 -0.05752978    0.03967385  0.03561999
 -0.03967385 -0.03561999    0.03967385  0.03561999   -0.08647647 -0.05607974
    2    1
 -0.06731529  0.05752978   -0.12881181 -0.04048087   -0.03967385  0.03561999
 -0.12881181 -0.04048087   -0.06731529  0.05752978    0.03967385 -0.03561999
 -0.03967385  0.03561999    0.03967385 -0.03561999   -0.08647647  0.05607974
    2    2
  0.24216040  0.00000000   -0.00140436  0.00000000   -0.00467624 -0.00738425
 -0.00140436  0.00000000    0.24216040  0.00000000    0.00467624  0.00738425
 -0.00467624  0.00738425    0.00467624 -0.00738425    0.29774409  0.00000000

     Dynamical  Matrix in cartesian axes

     q = (   -0.250000000   0.750000000   0.750000000 ) 

    1    1
  0.29774409  0.00000000   -0.00467624 -0.00738425   -0.00467624 -0.00738425
 -0.00467624  0.00738425    0.24216040  0.00000000    0.00140436  0.00000000
 -0.00467624  0.00738425    0.00140436  0.00000000    0.24216040  0.00000000
    1    2
 -0.05607974  0.08647647   -0.03561999  0.03967385   -0.03561999  0.03967385
 -0.03561999  0.03967385   -0.05752978  0.06731529   -0.04048087 -0.12881181
 -0.03561999  0.03967385   -0.04048087 -0.12881181   -0.05752978  0.06731529
    2    1
 -0.05607974 -0.08647647   -0.03561999 -0.03967385   -0.03561999 -0.03967385
 -0.03561999 -0.03967385   -0.05752978 -0.06731529   -0.04048087  0.12881181
 -0.03561999 -0.03967385   -0.04048087  0.12881181   -0.05752978 -0.06731529
    2    2
  0.29774409  0.00000000   -0.00467624  0.00738425   -0.00467624  0.00738425
 -0.00467624 -0.00738425    0.24216040  0.00000000    0.00140436  0.00000000
 -0.00467624 -0.00738425    0.00140436  0.00000000    0.24216040  0.00000000

     Dynamical  Matrix in cartesian axes

     q = (    0.250000000   0.750000000  -0.750000000 ) 

    1    1
  0.29774409  0.00000000    0.00467624  0.00738425   -0.00467624 -0.00738425
  0.00467624 -0.00738425    0.24216040  0.00000000   -0.00140436  0.00000000
 -0.00467624  0.00738425   -0.00140436  0.00000000    0.24216040  0.00000000
    1    2
 -0.08647647 -0.05607974    0.03967385  0.03561999   -0.03967385 -0.03561999
  0.03967385  0.03561999   -0.06731529 -0.05752978   -0.12881181  0.04048087
 -0.03967385 -0.03561999   -0.12881181  0.04048087   -0.06731529 -0.05752978
    2    1
 -0.08647647  0.05607974    0.03967385 -0.03561999   -0.03967385  0.03561999
  0.03967385 -0.03561999   -0.06731529  0.05752978   -0.12881181 -0.04048087
 -0.03967385  0.03561999   -0.12881181 -0.04048087   -0.06731529  0.05752978
    2    2
  0.29774409  0.00000000    0.00467624 -0.00738425   -0.00467624  0.00738425
  0.00467624  0.00738425    0.24216040  0.00000000   -0.00140436  0.00000000
 -0.00467624 -0.00738425   -0.00140436  0.00000000    0.24216040  0.00000000

     Dynamical  Matrix in cartesian axes

     q = (   -0.250000000  -0.750000000  -0.750000000 ) 

    1    1
  0.29774409  0.00000000    0.00467624  0.00738425    0.00467624  0.00738425
  0.00467624 -0.00738425    0.24216040  0.00000000    0.00140436  0.00000000
  0.00467624 -0.00738425    0.00140436  0.00000000    0.24216040  0.00000000
    1    2
  0.08647647  0.05607974   -0.03967385 -0.03561999   -0.03967385 -0.03561999
 -0.03967385 -0.03561999    0.06731529  0.05752978   -0.12881181  0.04048087
 -0.03967385 -0.03561999   -0.12881181  0.04048087    0.06731529  0.05752978
    2    1
  0.08647647 -0.05607974   -0.03967385  0.03561999   -0.03967385  0.03561999
 -0.03967385  0.03561999    0.06731529 -0.05752978   -0.12881181 -0.04048087
 -0.03967385  0.03561999   -0.12881181 -0.04048087    0.06731529 -0.05752978
    2    2
  0.29774409  0.00000000    0.00467624 -0.00738425    0.00467624 -0.00738425
  0.00467624  0.00738425    0.24216040  0.00000000    0.00140436  0.00000000
  0.00467624  0.00738425    0.00140436  0.00000000    0.24216040  0.00000000

     Dynamical  Matrix in cartesian axes

     q = (    0.750000000   0.750000000  -0.250000000 ) 

    1    1
  0.24216040  0.00000000    0.00140436  0.00000000   -0.00467624  0.00738425
  0.00140436  0.00000000    0.24216040  0.00000000   -0.00467624  0.00738425
 -0.00467624 -0.00738425   -0.00467624 -0.00738425    0.29774409  0.00000000
    1    2
 -0.05752978  0.06731529   -0.04048087 -0.12881181   -0.03561999  0.03967385
 -0.04048087 -0.12881181   -0.05752978  0.06731529   -0.03561999  0.03967385
 -0.03561999  0.03967385   -0.03561999  0.03967385   -0.05607974  0.08647647
    2    1
 -0.05752978 -0.06731529   -0.04048087  0.12881181   -0.03561999 -0.03967385
 -0.04048087  0.12881181   -0.05752978 -0.06731529   -0.03561999 -0.03967385
 -0.03561999 -0.03967385   -0.03561999 -0.03967385   -0.05607974 -0.08647647
    2    2
  0.24216040  0.00000000    0.00140436  0.00000000   -0.00467624 -0.00738425
  0.00140436  0.00000000    0.24216040  0.00000000   -0.00467624 -0.00738425
 -0.00467624  0.00738425   -0.00467624  0.00738425    0.29774409  0.00000000

     Dynamical  Matrix in cartesian axes

     q = (    0.750000000  -0.750000000   0.250000000 ) 

    1    1
  0.24216040  0.00000000   -0.00140436  0.00000000    0.00467624 -0.00738425
 -0.00140436  0.00000000    0.24216040  0.00000000   -0.00467624  0.00738425
  0.00467624  0.00738425   -0.00467624 -0.00738425    0.29774409  0.00000000
    1    2
 -0.06731529 -0.05752978   -0.12881181  0.04048087    0.03967385  0.03561999
 -0.12881181  0.04048087   -0.06731529 -0.05752978   -0.03967385 -0.03561999
  0.03967385  0.03561999   -0.03967385 -0.03561999   -0.08647647 -0.05607974
    2    1
 -0.06731529  0.05752978   -0.12881181 -0.04048087    0.03967385 -0.03561999
 -0.12881181 -0.04048087   -0.06731529  0.05752978   -0.03967385  0.03561999
  0.03967385 -0.03561999   -0.03967385  0.03561999   -0.08647647  0.05607974
    2    2
  0.24216040  0.00000000   -0.00140436  0.00000000    0.00467624  0.00738425
 -0.00140436  0.00000000    0.24216040  0.00000000   -0.00467624 -0.00738425
  0.00467624 -0.00738425   -0.00467624  0.00738425    0.29774409  0.00000000

     Dynamical  Matrix in cartesian axes

     q = (   -0.750000000  -0.750000000  -0.250000000 ) 

    1    1
  0.24216040  0.00000000    0.00140436  0.00000000    0.00467624 -0.00738425
  0.00140436  0.00000000    0.24216040  0.00000000    0.00467624 -0.00738425
  0.00467624  0.00738425    0.00467624  0.00738425    0.29774409  0.00000000
    1    2
  0.06731529  0.05752978   -0.12881181  0.04048087   -0.03967385 -0.03561999
 -0.12881181  0.04048087    0.06731529  0.05752978   -0.03967385 -0.03561999
 -0.03967385 -0.03561999   -0.03967385 -0.03561999    0.08647647  0.05607974
    2    1
  0.06731529 -0.05752978   -0.12881181 -0.04048087   -0.03967385  0.03561999
 -0.12881181 -0.04048087    0.06731529 -0.05752978   -0.03967385  0.03561999
 -0.03967385  0.03561999   -0.03967385  0.03561999    0.08647647 -0.05607974
    2    2
  0.24216040  0.00000000    0.00140436  0.00000000    0.00467624  0.00738425
  0.00140436  0.00000000    0.24216040  0.00000000    0.00467624  0.00738425
  0.00467624 -0.00738425    0.00467624 -0.00738425    0.29774409  0.00000000

     Dynamical  Matrix in cartesian axes

     q = (    0.250000000  -0.750000000   0.750000000 ) 

    1    1
  0.29774409  0.00000000   -0.00467624 -0.00738425    0.00467624  0.00738425
 -0.00467624  0.00738425    0.24216040  0.00000000   -0.00140436  0.00000000
  0.00467624 -0.00738425   -0.00140436  0.00000000    0.24216040  0.00000000
    1    2
 -0.08647647 -0.05607974   -0.03967385 -0.03561999    0.03967385  0.03561999
 -0.03967385 -0.03561999   -0.06731529 -0.05752978   -0.12881181  0.04048087
  0.03967385  0.03561999   -0.12881181  0.04048087   -0.06731529 -0.05752978
    2    1
 -0.08647647  0.05607974   -0.03967385  0.03561999    0.03967385 -0.03561999
 -0.03967385  0.03561999   -0.06731529  0.05752978   -0.12881181 -0.04048087
  0.03967385 -0.03561999   -0.12881181 -0.04048087   -0.06731529  0.05752978
    2    2
  0.29774409  0.00000000   -0.00467624  0.00738425    0.00467624 -0.00738425
 -0.00467624 -0.00738425    0.24216040  0.00000000   -0.00140436  0.00000000
  0.00467624  0.00738425   -0.00140436  0.00000000    0.24216040  0.00000000

     Dynamical  Matrix in cartesian axes

     q = (   -0.750000000  -0.750000000   0.250000000 ) 

    1    1
  0.24216040  0.00000000    0.00140436  0.00000000   -0.00467624 -0.00738425
  0.00140436  0.00000000    0.24216040  0.00000000   -0.00467624 -0.00738425
 -0.00467624  0.00738425   -0.00467624  0.00738425    0.29774409  0.00000000
    1    2
 -0.05752978 -0.06731529   -0.04048087  0.12881181   -0.03561999 -0.03967385
 -0.04048087  0.12881181   -0.05752978 -0.06731529   -0.03561999 -0.03967385
 -0.03561999 -0.03967385   -0.03561999 -0.03967385   -0.05607974 -0.08647647
    2    1
 -0.05752978  0.06731529   -0.04048087 -0.12881181   -0.03561999  0.03967385
 -0.04048087 -0.12881181   -0.05752978  0.06731529   -0.03561999  0.03967385
 -0.03561999  0.03967385   -0.03561999  0.03967385   -0.05607974  0.08647647
    2    2
  0.24216040  0.00000000    0.00140436  0.00000000   -0.00467624  0.00738425
  0.00140436  0.00000000    0.24216040  0.00000000   -0.00467624  0.00738425
 -0.00467624 -0.00738425   -0.00467624 -0.00738425    0.29774409  0.00000000

     Dynamical  Matrix in cartesian axes

     q = (    0.250000000   0.750000000   0.750000000 ) 

    1    1
  0.29774409  0.00000000    0.00467624 -0.00738425    0.00467624 -0.00738425
  0.00467624  0.00738425    0.24216040  0.00000000    0.00140436  0.00000000
  0.00467624  0.00738425    0.00140436  0.00000000    0.24216040  0.00000000
    1    2
  0.08647647 -0.05607974   -0.03967385  0.03561999   -0.03967385  0.03561999
 -0.03967385  0.03561999    0.06731529 -0.05752978   -0.12881181 -0.04048087
 -0.03967385  0.03561999   -0.12881181 -0.04048087    0.06731529 -0.05752978
    2    1
  0.08647647  0.05607974   -0.03967385 -0.03561999   -0.03967385 -0.03561999
 -0.03967385 -0.03561999    0.06731529  0.05752978   -0.12881181  0.04048087
 -0.03967385 -0.03561999   -0.12881181  0.04048087    0.06731529  0.05752978
    2    2
  0.29774409  0.00000000    0.00467624  0.00738425    0.00467624  0.00738425
  0.00467624 -0.00738425    0.24216040  0.00000000    0.00140436  0.00000000
  0.00467624 -0.00738425    0.00140436  0.00000000    0.24216040  0.00000000

     Dynamical  Matrix in cartesian axes

     q = (   -0.250000000  -0.750000000   0.750000000 ) 

    1    1
  0.29774409  0.00000000    0.00467624 -0.00738425   -0.00467624  0.00738425
  0.00467624  0.00738425    0.24216040  0.00000000   -0.00140436  0.00000000
 -0.00467624 -0.00738425   -0.00140436  0.00000000    0.24216040  0.00000000
    1    2
 -0.08647647  0.05607974    0.03967385 -0.03561999   -0.03967385  0.03561999
  0.03967385 -0.03561999   -0.06731529  0.05752978   -0.12881181 -0.04048087
 -0.03967385  0.03561999   -0.12881181 -0.04048087   -0.06731529  0.05752978
    2    1
 -0.08647647 -0.05607974    0.03967385  0.03561999   -0.03967385 -0.03561999
  0.03967385  0.03561999   -0.06731529 -0.05752978   -0.12881181  0.04048087
 -0.03967385 -0.03561999   -0.12881181  0.04048087   -0.06731529 -0.05752978
    2    2
  0.29774409  0.00000000    0.00467624  0.00738425   -0.00467624 -0.00738425
  0.00467624 -0.00738425    0.24216040  0.00000000   -0.00140436  0.00000000
 -0.00467624  0.00738425   -0.00140436  0.00000000    0.24216040  0.00000000

     Dynamical  Matrix in cartesian axes

     q = (    0.750000000   0.750000000   0.250000000 ) 

    1    1
  0.24216040  0.00000000    0.00140436  0.00000000    0.00467624  0.00738425
  0.00140436  0.00000000    0.24216040  0.00000000    0.00467624  0.00738425
  0.00467624 -0.00738425    0.00467624 -0.00738425    0.29774409  0.00000000
    1    2
  0.06731529 -0.05752978   -0.12881181 -0.04048087   -0.03967385  0.03561999
 -0.12881181 -0.04048087    0.06731529 -0.05752978   -0.03967385  0.03561999
 -0.03967385  0.03561999   -0.03967385  0.03561999    0.08647647 -0.05607974
    2    1
  0.06731529  0.05752978   -0.12881181  0.04048087   -0.03967385 -0.03561999
 -0.12881181  0.04048087    0.06731529  0.05752978   -0.03967385 -0.03561999
 -0.03967385 -0.03561999   -0.03967385 -0.03561999    0.08647647  0.05607974
    2    2
  0.24216040  0.00000000    0.00140436  0.00000000    0.00467624 -0.00738425
  0.00140436  0.00000000    0.24216040  0.00000000    0.00467624 -0.00738425
  0.00467624  0.00738425    0.00467624  0.00738425    0.29774409  0.00000000

     Dynamical  Matrix in cartesian axes

     q = (    0.250000000  -0.750000000  -0.750000000 ) 

    1    1
  0.29774409  0.00000000   -0.00467624  0.00738425   -0.00467624  0.00738425
 -0.00467624 -0.00738425    0.24216040  0.00000000    0.00140436  0.00000000
 -0.00467624 -0.00738425    0.00140436  0.00000000    0.24216040  0.00000000
    1    2
 -0.05607974 -0.08647647   -0.03561999 -0.03967385   -0.03561999 -0.03967385
 -0.03561999 -0.03967385   -0.05752978 -0.06731529   -0.04048087  0.12881181
 -0.03561999 -0.03967385   -0.04048087  0.12881181   -0.05752978 -0.06731529
    2    1
 -0.05607974  0.08647647   -0.03561999  0.03967385   -0.03561999  0.03967385
 -0.03561999  0.03967385   -0.05752978  0.06731529   -0.04048087 -0.12881181
 -0.03561999  0.03967385   -0.04048087 -0.12881181   -0.05752978  0.06731529
    2    2
  0.29774409  0.00000000   -0.00467624 -0.00738425   -0.00467624 -0.00738425
 -0.00467624  0.00738425    0.24216040  0.00000000    0.00140436  0.00000000
 -0.00467624  0.00738425    0.00140436  0.00000000    0.24216040  0.00000000

     Dynamical  Matrix in cartesian axes

     q = (    0.750000000  -0.750000000  -0.250000000 ) 

    1    1
  0.24216040  0.00000000   -0.00140436  0.00000000   -0.00467624 -0.00738425
 -0.00140436  0.00000000    0.24216040  0.00000000    0.00467624  0.00738425
 -0.00467624  0.00738425    0.00467624 -0.00738425    0.29774409  0.00000000
    1    2
 -0.06731529  0.05752978   -0.12881181 -0.04048087   -0.03967385  0.03561999
 -0.12881181 -0.04048087   -0.06731529  0.05752978    0.03967385 -0.03561999
 -0.03967385  0.03561999    0.03967385 -0.03561999   -0.08647647  0.05607974
    2    1
 -0.06731529 -0.05752978   -0.12881181  0.04048087   -0.03967385 -0.03561999
 -0.12881181  0.04048087   -0.06731529 -0.05752978    0.03967385  0.03561999
 -0.03967385 -0.03561999    0.03967385  0.03561999   -0.08647647 -0.05607974
    2    2
  0.24216040  0.00000000   -0.00140436  0.00000000   -0.00467624  0.00738425
 -0.00140436  0.00000000    0.24216040  0.00000000    0.00467624 -0.00738425
 -0.00467624 -0.00738425    0.00467624  0.00738425    0.29774409  0.00000000

     Diagonalizing the dynamical matrix

     q = (    0.750000000  -0.250000000   0.750000000 ) 

 **************************************************************************
     freq (    1) =       4.307690 [THz] =     143.689077 [cm-1]
 ( -0.043301  0.498122  0.000000 -0.000000  0.043301 -0.498122 ) 
 ( -0.500000 -0.000000  0.000000 -0.000000  0.500000  0.000000 ) 
     freq (    2) =       6.143432 [THz] =     204.922828 [cm-1]
 ( -0.400757 -0.143684 -0.333084  0.162948 -0.400757 -0.143684 ) 
 ( -0.425736 -0.000000 -0.258547 -0.265802 -0.425736  0.000000 ) 
     freq (    3) =       9.331969 [THz] =     311.280982 [cm-1]
 ( -0.077901  0.296070 -0.437692 -0.347812 -0.077901  0.296070 ) 
 (  0.306147 -0.000000 -0.224991 -0.511788  0.306147  0.000000 ) 
     freq (    4) =      11.896291 [THz] =     396.817547 [cm-1]
 ( -0.166005 -0.323087  0.400261  0.275509 -0.166005 -0.323087 ) 
 (  0.363239  0.000000 -0.427979 -0.230105  0.363239  0.000000 ) 
     freq (    5) =      13.602383 [THz] =     453.726648 [cm-1]
 ( -0.043301  0.498122 -0.000000  0.000000  0.043301 -0.498122 ) 
 (  0.500000  0.000000  0.000000  0.000000 -0.500000  0.000000 ) 
     freq (    6) =      13.833888 [THz] =     461.448834 [cm-1]
 (  0.283419  0.112932  0.502142 -0.248382  0.283419  0.112932 ) 
 ( -0.305090 -0.000000 -0.374532 -0.416612 -0.305090  0.000000 ) 
 **************************************************************************
