Dynamical matrix file
                                                                           
  1    2  2 10.2940000  0.0000000  0.0000000  0.0000000  0.0000000  0.0000000
           1  'Si  '    25598.822984527003     
    1    1      0.0000000000      0.0000000000      0.0000000000
    2    1      0.2500000000      0.2500000000      0.2500000000

     Dynamical  Matrix in cartesian axes

     q = (   -0.250000000   0.250000000  -0.250000000 ) 

    1    1
  0.27581494  0.00000000   -0.01190982  0.00000000    0.01190982  0.00000000
 -0.01190982  0.00000000    0.27581494  0.00000000   -0.01190982  0.00000000
  0.01190982  0.00000000   -0.01190982  0.00000000    0.27581494  0.00000000
    1    2
 -0.20512420 -0.05964663   -0.04007197  0.04169905    0.04007197 -0.04169905
 -0.04007197  0.04169905   -0.20512420 -0.05964663   -0.04007197  0.04169905
  0.04007197 -0.04169905   -0.04007197  0.04169905   -0.20512420 -0.05964663
    2    1
 -0.20512420  0.05964663   -0.04007197 -0.04169905    0.04007197  0.04169905
 -0.04007197 -0.04169905   -0.20512420  0.05964663   -0.04007197 -0.04169905
  0.04007197  0.04169905   -0.04007197 -0.04169905   -0.20512420  0.05964663
    2    2
  0.27581494  0.00000000   -0.01190982  0.00000000    0.01190982  0.00000000
 -0.01190982  0.00000000    0.27581494  0.00000000   -0.01190982  0.00000000
  0.01190982  0.00000000   -0.01190982  0.00000000    0.27581494  0.00000000

     Dynamical  Matrix in cartesian axes

     q = (    0.250000000  -0.250000000  -0.250000000 ) 

    1    1
  0.27581494  0.00000000   -0.01190982  0.00000000   -0.01190982  0.00000000
 -0.01190982  0.00000000    0.27581494  0.00000000    0.01190982  0.00000000
 -0.01190982  0.00000000    0.01190982  0.00000000    0.27581494  0.00000000
    1    2
 -0.20512420 -0.05964663   -0.04007197  0.04169905   -0.04007197  0.04169905
 -0.04007197  0.04169905   -0.20512420 -0.05964663    0.04007197 -0.04169905
 -0.04007197  0.04169905    0.04007197 -0.04169905   -0.20512420 -0.05964663
    2    1
 -0.20512420  0.05964663   -0.04007197 -0.04169905   -0.04007197 -0.04169905
 -0.04007197 -0.04169905   -0.20512420  0.05964663    0.04007197  0.04169905
 -0.04007197 -0.04169905    0.04007197  0.04169905   -0.20512420  0.05964663
    2    2
  0.27581494  0.00000000   -0.01190982  0.00000000   -0.01190982  0.00000000
 -0.01190982  0.00000000    0.27581494  0.00000000    0.01190982  0.00000000
 -0.01190982  0.00000000    0.01190982  0.00000000    0.27581494  0.00000000

     Dynamical  Matrix in cartesian axes

     q = (    0.250000000  -0.250000000   0.250000000 ) 

    1    1
  0.27581494  0.00000000   -0.01190982  0.00000000    0.01190982  0.00000000
 -0.01190982  0.00000000    0.27581494  0.00000000   -0.01190982  0.00000000
  0.01190982  0.00000000   -0.01190982  0.00000000    0.27581494  0.00000000
    1    2
 -0.20512420  0.05964663   -0.04007197 -0.04169905    0.04007197  0.04169905
 -0.04007197 -0.04169905   -0.20512420  0.05964663   -0.04007197 -0.04169905
  0.04007197  0.04169905   -0.04007197 -0.04169905   -0.20512420  0.05964663
    2    1
 -0.20512420 -0.05964663   -0.04007197  0.04169905    0.04007197 -0.04169905
 -0.04007197  0.04169905   -0.20512420 -0.05964663   -0.04007197  0.04169905
  0.04007197 -0.04169905   -0.04007197  0.04169905   -0.20512420 -0.05964663
    2    2
  0.27581494  0.00000000   -0.01190982  0.00000000    0.01190982  0.00000000
 -0.01190982  0.00000000    0.27581494  0.00000000   -0.01190982  0.00000000
  0.01190982  0.00000000   -0.01190982  0.00000000    0.27581494  0.00000000

     Dynamical  Matrix in cartesian axes

     q = (    0.250000000   0.250000000   0.250000000 ) 

    1    1
  0.27581494  0.00000000    0.01190982  0.00000000    0.01190982  0.00000000
  0.01190982  0.00000000    0.27581494  0.00000000    0.01190982  0.00000000
  0.01190982  0.00000000    0.01190982  0.00000000    0.27581494  0.00000000
    1    2
 -0.05964663  0.20512420   -0.04169905 -0.04007197   -0.04169905 -0.04007197
 -0.04169905 -0.04007197   -0.05964663  0.20512420   -0.04169905 -0.04007197
 -0.04169905 -0.04007197   -0.04169905 -0.04007197   -0.05964663  0.20512420
    2    1
 -0.05964663 -0.20512420   -0.04169905  0.04007197   -0.04169905  0.04007197
 -0.04169905  0.04007197   -0.05964663 -0.20512420   -0.04169905  0.04007197
 -0.04169905  0.04007197   -0.04169905  0.04007197   -0.05964663 -0.20512420
    2    2
  0.27581494  0.00000000    0.01190982  0.00000000    0.01190982  0.00000000
  0.01190982  0.00000000    0.27581494  0.00000000    0.01190982  0.00000000
  0.01190982  0.00000000    0.01190982  0.00000000    0.27581494  0.00000000

     Dynamical  Matrix in cartesian axes

     q = (   -0.250000000  -0.250000000  -0.250000000 ) 

    1    1
  0.27581494  0.00000000    0.01190982  0.00000000    0.01190982  0.00000000
  0.01190982  0.00000000    0.27581494  0.00000000    0.01190982  0.00000000
  0.01190982  0.00000000    0.01190982  0.00000000    0.27581494  0.00000000
    1    2
 -0.05964663 -0.20512420   -0.04169905  0.04007197   -0.04169905  0.04007197
 -0.04169905  0.04007197   -0.05964663 -0.20512420   -0.04169905  0.04007197
 -0.04169905  0.04007197   -0.04169905  0.04007197   -0.05964663 -0.20512420
    2    1
 -0.05964663  0.20512420   -0.04169905 -0.04007197   -0.04169905 -0.04007197
 -0.04169905 -0.04007197   -0.05964663  0.20512420   -0.04169905 -0.04007197
 -0.04169905 -0.04007197   -0.04169905 -0.04007197   -0.05964663  0.20512420
    2    2
  0.27581494  0.00000000    0.01190982  0.00000000    0.01190982  0.00000000
  0.01190982  0.00000000    0.27581494  0.00000000    0.01190982  0.00000000
  0.01190982  0.00000000    0.01190982  0.00000000    0.27581494  0.00000000

     Dynamical  Matrix in cartesian axes

     q = (   -0.250000000  -0.250000000   0.250000000 ) 

    1    1
  0.27581494  0.00000000    0.01190982  0.00000000   -0.01190982  0.00000000
  0.01190982  0.00000000    0.27581494  0.00000000   -0.01190982  0.00000000
 -0.01190982  0.00000000   -0.01190982  0.00000000    0.27581494  0.00000000
    1    2
 -0.20512420 -0.05964663    0.04007197 -0.04169905   -0.04007197  0.04169905
  0.04007197 -0.04169905   -0.20512420 -0.05964663   -0.04007197  0.04169905
 -0.04007197  0.04169905   -0.04007197  0.04169905   -0.20512420 -0.05964663
    2    1
 -0.20512420  0.05964663    0.04007197  0.04169905   -0.04007197 -0.04169905
  0.04007197  0.04169905   -0.20512420  0.05964663   -0.04007197 -0.04169905
 -0.04007197 -0.04169905   -0.04007197 -0.04169905   -0.20512420  0.05964663
    2    2
  0.27581494  0.00000000    0.01190982  0.00000000   -0.01190982  0.00000000
  0.01190982  0.00000000    0.27581494  0.00000000   -0.01190982  0.00000000
 -0.01190982  0.00000000   -0.01190982  0.00000000    0.27581494  0.00000000

     Dynamical  Matrix in cartesian axes

     q = (   -0.250000000   0.250000000   0.250000000 ) 

    1    1
  0.27581494  0.00000000   -0.01190982  0.00000000   -0.01190982  0.00000000
 -0.01190982  0.00000000    0.27581494  0.00000000    0.01190982  0.00000000
 -0.01190982  0.00000000    0.01190982  0.00000000    0.27581494  0.00000000
    1    2
 -0.20512420  0.05964663   -0.04007197 -0.04169905   -0.04007197 -0.04169905
 -0.04007197 -0.04169905   -0.20512420  0.05964663    0.04007197  0.04169905
 -0.04007197 -0.04169905    0.04007197  0.04169905   -0.20512420  0.05964663
    2    1
 -0.20512420 -0.05964663   -0.04007197  0.04169905   -0.04007197  0.04169905
 -0.04007197  0.04169905   -0.20512420 -0.05964663    0.04007197 -0.04169905
 -0.04007197  0.04169905    0.04007197 -0.04169905   -0.20512420 -0.05964663
    2    2
  0.27581494  0.00000000   -0.01190982  0.00000000   -0.01190982  0.00000000
 -0.01190982  0.00000000    0.27581494  0.00000000    0.01190982  0.00000000
 -0.01190982  0.00000000    0.01190982  0.00000000    0.27581494  0.00000000

     Dynamical  Matrix in cartesian axes

     q = (    0.250000000   0.250000000  -0.250000000 ) 

    1    1
  0.27581494  0.00000000    0.01190982  0.00000000   -0.01190982  0.00000000
  0.01190982  0.00000000    0.27581494  0.00000000   -0.01190982  0.00000000
 -0.01190982  0.00000000   -0.01190982  0.00000000    0.27581494  0.00000000
    1    2
 -0.20512420  0.05964663    0.04007197  0.04169905   -0.04007197 -0.04169905
  0.04007197  0.04169905   -0.20512420  0.05964663   -0.04007197 -0.04169905
 -0.04007197 -0.04169905   -0.04007197 -0.04169905   -0.20512420  0.05964663
    2    1
 -0.20512420 -0.05964663    0.04007197 -0.04169905   -0.04007197  0.04169905
  0.04007197 -0.04169905   -0.20512420 -0.05964663   -0.04007197  0.04169905
 -0.04007197  0.04169905   -0.04007197  0.04169905   -0.20512420 -0.05964663
    2    2
  0.27581494  0.00000000    0.01190982  0.00000000   -0.01190982  0.00000000
  0.01190982  0.00000000    0.27581494  0.00000000   -0.01190982  0.00000000
 -0.01190982  0.00000000   -0.01190982  0.00000000    0.27581494  0.00000000

     Diagonalizing the dynamical matrix

     q = (   -0.250000000   0.250000000  -0.250000000 ) 

 **************************************************************************
     freq (    1) =       2.762736 [THz] =      92.154969 [cm-1]
 ( -0.494924  0.248138 -0.258363  0.265453  0.236561  0.017315 ) 
 ( -0.475489  0.283606 -0.238296  0.283606  0.237194  0.000000 ) 
     freq (    2) =       2.762736 [THz] =      92.154969 [cm-1]
 ( -0.092765 -0.134929  0.432208 -0.096503  0.524972  0.038426 ) 
 ( -0.102367 -0.127797  0.424010 -0.127797  0.526377  0.000000 ) 
     freq (    3) =       6.809784 [THz] =     227.149942 [cm-1]
 ( -0.268609 -0.307434  0.268609  0.307434 -0.268609 -0.307434 ) 
 ( -0.408248 -0.000000  0.408248 -0.000000 -0.408248  0.000000 ) 
     freq (    4) =      14.387320 [THz] =     479.909344 [cm-1]
 ( -0.268609 -0.307434  0.268609  0.307434 -0.268609 -0.307434 ) 
 (  0.408248  0.000000 -0.408248 -0.000000  0.408248  0.000000 ) 
     freq (    5) =      14.680699 [THz] =     489.695423 [cm-1]
 ( -0.454179  0.011884 -0.535610  0.005924 -0.081431 -0.005960 ) 
 (  0.452100 -0.045008  0.533749 -0.045008  0.081649  0.000000 ) 
     freq (    6) =      14.680699 [THz] =     489.695423 [cm-1]
 (  0.355710  0.019590 -0.214313 -0.022134 -0.570023 -0.041724 ) 
 ( -0.356191  0.006430  0.215357  0.006430  0.571548  0.000000 ) 
 **************************************************************************
