Dynamical matrix file
                                                                           
  1    2  2 10.2940000  0.0000000  0.0000000  0.0000000  0.0000000  0.0000000
           1  'Si  '    25598.822984527003     
    1    1      0.0000000000      0.0000000000      0.0000000000
    2    1      0.2500000000      0.2500000000      0.2500000000

     Dynamical  Matrix in cartesian axes

     q = (    0.750000000  -0.250000000   0.750000000 ) 

    1    1
  0.25245758  0.00000000   -0.00647320  0.00779115    0.00607996  0.00000000
 -0.00647320 -0.00779115    0.30427543  0.00000000   -0.00647320 -0.00779115
  0.00607996  0.00000000   -0.00647320  0.00779115    0.25245758  0.00000000
    1    2
 -0.06186238  0.06302415   -0.04276047  0.04524060   -0.04314855 -0.14121715
 -0.04276047  0.04524060   -0.06017664  0.08150869   -0.04276047  0.04524060
 -0.04314855 -0.14121715   -0.04276047  0.04524060   -0.06186238  0.06302415
    2    1
 -0.06186238 -0.06302415   -0.04276047 -0.04524060   -0.04314855  0.14121715
 -0.04276047 -0.04524060   -0.06017664 -0.08150869   -0.04276047 -0.04524060
 -0.04314855  0.14121715   -0.04276047 -0.04524060   -0.06186238 -0.06302415
    2    2
  0.25245758  0.00000000   -0.00647320 -0.00779115    0.00607996  0.00000000
 -0.00647320  0.00779115    0.30427543  0.00000000   -0.00647320  0.00779115
  0.00607996  0.00000000   -0.00647320 -0.00779115    0.25245758  0.00000000

     Dynamical  Matrix in cartesian axes

     q = (    0.750000000  -0.250000000  -0.750000000 ) 

    1    1
  0.25245758  0.00000000   -0.00647320 -0.00779115   -0.00607996  0.00000000
 -0.00647320  0.00779115    0.30427543  0.00000000    0.00647320 -0.00779115
 -0.00607996  0.00000000    0.00647320  0.00779115    0.25245758  0.00000000
    1    2
 -0.06302415  0.06186238   -0.04524060  0.04276047   -0.14121715 -0.04314855
 -0.04524060  0.04276047   -0.08150869  0.06017664    0.04524060 -0.04276047
 -0.14121715 -0.04314855    0.04524060 -0.04276047   -0.06302415  0.06186238
    2    1
 -0.06302415 -0.06186238   -0.04524060 -0.04276047   -0.14121715  0.04314855
 -0.04524060 -0.04276047   -0.08150869 -0.06017664    0.04524060  0.04276047
 -0.14121715  0.04314855    0.04524060  0.04276047   -0.06302415 -0.06186238
    2    2
  0.25245758  0.00000000   -0.00647320  0.00779115   -0.00607996  0.00000000
 -0.00647320 -0.00779115    0.30427543  0.00000000    0.00647320  0.00779115
 -0.00607996  0.00000000    0.00647320 -0.00779115    0.25245758  0.00000000

     Dynamical  Matrix in cartesian axes

     q = (   -0.750000000  -0.250000000  -0.750000000 ) 

    1    1
  0.25245758  0.00000000    0.00647320 -0.00779115    0.00607996  0.00000000
  0.00647320  0.00779115    0.30427543  0.00000000    0.00647320  0.00779115
  0.00607996  0.00000000    0.00647320 -0.00779115    0.25245758  0.00000000
    1    2
  0.06302415  0.06186238   -0.04524060 -0.04276047   -0.14121715  0.04314855
 -0.04524060 -0.04276047    0.08150869  0.06017664   -0.04524060 -0.04276047
 -0.14121715  0.04314855   -0.04524060 -0.04276047    0.06302415  0.06186238
    2    1
  0.06302415 -0.06186238   -0.04524060  0.04276047   -0.14121715 -0.04314855
 -0.04524060  0.04276047    0.08150869 -0.06017664   -0.04524060  0.04276047
 -0.14121715 -0.04314855   -0.04524060  0.04276047    0.06302415 -0.06186238
    2    2
  0.25245758  0.00000000    0.00647320  0.00779115    0.00607996  0.00000000
  0.00647320 -0.00779115    0.30427543  0.00000000    0.00647320 -0.00779115
  0.00607996  0.00000000    0.00647320  0.00779115    0.25245758  0.00000000

     Dynamical  Matrix in cartesian axes

     q = (   -0.750000000  -0.250000000   0.750000000 ) 

    1    1
  0.25245758  0.00000000    0.00647320  0.00779115   -0.00607996  0.00000000
  0.00647320 -0.00779115    0.30427543  0.00000000   -0.00647320  0.00779115
 -0.00607996  0.00000000   -0.00647320 -0.00779115    0.25245758  0.00000000
    1    2
 -0.06302415  0.06186238    0.04524060 -0.04276047   -0.14121715 -0.04314855
  0.04524060 -0.04276047   -0.08150869  0.06017664   -0.04524060  0.04276047
 -0.14121715 -0.04314855   -0.04524060  0.04276047   -0.06302415  0.06186238
    2    1
 -0.06302415 -0.06186238    0.04524060  0.04276047   -0.14121715  0.04314855
  0.04524060  0.04276047   -0.08150869 -0.06017664   -0.04524060 -0.04276047
 -0.14121715  0.04314855   -0.04524060 -0.04276047   -0.06302415 -0.06186238
    2    2
  0.25245758  0.00000000    0.00647320 -0.00779115   -0.00607996  0.00000000
  0.00647320  0.00779115    0.30427543  0.00000000   -0.00647320 -0.00779115
 -0.00607996  0.00000000   -0.00647320  0.00779115    0.25245758  0.00000000

     Dynamical  Matrix in cartesian axes

     q = (   -0.750000000   0.250000000  -0.750000000 ) 

    1    1
  0.25245758  0.00000000   -0.00647320 -0.00779115    0.00607996  0.00000000
 -0.00647320  0.00779115    0.30427543  0.00000000   -0.00647320  0.00779115
  0.00607996  0.00000000   -0.00647320 -0.00779115    0.25245758  0.00000000
    1    2
 -0.06186238 -0.06302415   -0.04276047 -0.04524060   -0.04314855  0.14121715
 -0.04276047 -0.04524060   -0.06017664 -0.08150869   -0.04276047 -0.04524060
 -0.04314855  0.14121715   -0.04276047 -0.04524060   -0.06186238 -0.06302415
    2    1
 -0.06186238  0.06302415   -0.04276047  0.04524060   -0.04314855 -0.14121715
 -0.04276047  0.04524060   -0.06017664  0.08150869   -0.04276047  0.04524060
 -0.04314855 -0.14121715   -0.04276047  0.04524060   -0.06186238  0.06302415
    2    2
  0.25245758  0.00000000   -0.00647320  0.00779115    0.00607996  0.00000000
 -0.00647320 -0.00779115    0.30427543  0.00000000   -0.00647320 -0.00779115
  0.00607996  0.00000000   -0.00647320  0.00779115    0.25245758  0.00000000

     Dynamical  Matrix in cartesian axes

     q = (   -0.250000000   0.750000000  -0.750000000 ) 

    1    1
  0.30427543  0.00000000   -0.00647320  0.00779115    0.00647320 -0.00779115
 -0.00647320 -0.00779115    0.25245758  0.00000000   -0.00607996  0.00000000
  0.00647320  0.00779115   -0.00607996  0.00000000    0.25245758  0.00000000
    1    2
 -0.08150869  0.06017664   -0.04524060  0.04276047    0.04524060 -0.04276047
 -0.04524060  0.04276047   -0.06302415  0.06186238   -0.14121715 -0.04314855
  0.04524060 -0.04276047   -0.14121715 -0.04314855   -0.06302415  0.06186238
    2    1
 -0.08150869 -0.06017664   -0.04524060 -0.04276047    0.04524060  0.04276047
 -0.04524060 -0.04276047   -0.06302415 -0.06186238   -0.14121715  0.04314855
  0.04524060  0.04276047   -0.14121715  0.04314855   -0.06302415 -0.06186238
    2    2
  0.30427543  0.00000000   -0.00647320 -0.00779115    0.00647320  0.00779115
 -0.00647320  0.00779115    0.25245758  0.00000000   -0.00607996  0.00000000
  0.00647320 -0.00779115   -0.00607996  0.00000000    0.25245758  0.00000000

     Dynamical  Matrix in cartesian axes

     q = (   -0.750000000   0.750000000  -0.250000000 ) 

    1    1
  0.25245758  0.00000000   -0.00607996  0.00000000    0.00647320  0.00779115
 -0.00607996  0.00000000    0.25245758  0.00000000   -0.00647320 -0.00779115
  0.00647320 -0.00779115   -0.00647320  0.00779115    0.30427543  0.00000000
    1    2
 -0.06302415  0.06186238   -0.14121715 -0.04314855    0.04524060 -0.04276047
 -0.14121715 -0.04314855   -0.06302415  0.06186238   -0.04524060  0.04276047
  0.04524060 -0.04276047   -0.04524060  0.04276047   -0.08150869  0.06017664
    2    1
 -0.06302415 -0.06186238   -0.14121715  0.04314855    0.04524060  0.04276047
 -0.14121715  0.04314855   -0.06302415 -0.06186238   -0.04524060 -0.04276047
  0.04524060  0.04276047   -0.04524060 -0.04276047   -0.08150869 -0.06017664
    2    2
  0.25245758  0.00000000   -0.00607996  0.00000000    0.00647320 -0.00779115
 -0.00607996  0.00000000    0.25245758  0.00000000   -0.00647320  0.00779115
  0.00647320  0.00779115   -0.00647320 -0.00779115    0.30427543  0.00000000

     Dynamical  Matrix in cartesian axes

     q = (    0.750000000   0.250000000   0.750000000 ) 

    1    1
  0.25245758  0.00000000    0.00647320  0.00779115    0.00607996  0.00000000
  0.00647320 -0.00779115    0.30427543  0.00000000    0.00647320 -0.00779115
  0.00607996  0.00000000    0.00647320  0.00779115    0.25245758  0.00000000
    1    2
  0.06302415 -0.06186238   -0.04524060  0.04276047   -0.14121715 -0.04314855
 -0.04524060  0.04276047    0.08150869 -0.06017664   -0.04524060  0.04276047
 -0.14121715 -0.04314855   -0.04524060  0.04276047    0.06302415 -0.06186238
    2    1
  0.06302415  0.06186238   -0.04524060 -0.04276047   -0.14121715  0.04314855
 -0.04524060 -0.04276047    0.08150869  0.06017664   -0.04524060 -0.04276047
 -0.14121715  0.04314855   -0.04524060 -0.04276047    0.06302415  0.06186238
    2    2
  0.25245758  0.00000000    0.00647320 -0.00779115    0.00607996  0.00000000
  0.00647320  0.00779115    0.30427543  0.00000000    0.00647320  0.00779115
  0.00607996  0.00000000    0.00647320 -0.00779115    0.25245758  0.00000000

     Dynamical  Matrix in cartesian axes

     q = (   -0.750000000   0.250000000   0.750000000 ) 

    1    1
  0.25245758  0.00000000   -0.00647320  0.00779115   -0.00607996  0.00000000
 -0.00647320 -0.00779115    0.30427543  0.00000000    0.00647320  0.00779115
 -0.00607996  0.00000000    0.00647320 -0.00779115    0.25245758  0.00000000
    1    2
 -0.06302415 -0.06186238   -0.04524060 -0.04276047   -0.14121715  0.04314855
 -0.04524060 -0.04276047   -0.08150869 -0.06017664    0.04524060  0.04276047
 -0.14121715  0.04314855    0.04524060  0.04276047   -0.06302415 -0.06186238
    2    1
 -0.06302415  0.06186238   -0.04524060  0.04276047   -0.14121715 -0.04314855
 -0.04524060  0.04276047   -0.08150869  0.06017664    0.04524060 -0.04276047
 -0.14121715 -0.04314855    0.04524060 -0.04276047   -0.06302415  0.06186238
    2    2
  0.25245758  0.00000000   -0.00647320 -0.00779115   -0.00607996  0.00000000
 -0.00647320  0.00779115    0.30427543  0.00000000    0.00647320 -0.00779115
 -0.00607996  0.00000000    0.00647320  0.00779115    0.25245758  0.00000000

     Dynamical  Matrix in cartesian axes

     q = (    0.750000000   0.250000000  -0.750000000 ) 

    1    1
  0.25245758  0.00000000    0.00647320 -0.00779115   -0.00607996  0.00000000
  0.00647320  0.00779115    0.30427543  0.00000000   -0.00647320 -0.00779115
 -0.00607996  0.00000000   -0.00647320  0.00779115    0.25245758  0.00000000
    1    2
 -0.06302415 -0.06186238    0.04524060  0.04276047   -0.14121715  0.04314855
  0.04524060  0.04276047   -0.08150869 -0.06017664   -0.04524060 -0.04276047
 -0.14121715  0.04314855   -0.04524060 -0.04276047   -0.06302415 -0.06186238
    2    1
 -0.06302415  0.06186238    0.04524060 -0.04276047   -0.14121715 -0.04314855
  0.04524060 -0.04276047   -0.08150869  0.06017664   -0.04524060  0.04276047
 -0.14121715 -0.04314855   -0.04524060  0.04276047   -0.06302415  0.06186238
    2    2
  0.25245758  0.00000000    0.00647320  0.00779115   -0.00607996  0.00000000
  0.00647320 -0.00779115    0.30427543  0.00000000   -0.00647320  0.00779115
 -0.00607996  0.00000000   -0.00647320 -0.00779115    0.25245758  0.00000000

     Dynamical  Matrix in cartesian axes

     q = (   -0.750000000   0.750000000   0.250000000 ) 

    1    1
  0.25245758  0.00000000   -0.00607996  0.00000000   -0.00647320  0.00779115
 -0.00607996  0.00000000    0.25245758  0.00000000    0.00647320 -0.00779115
 -0.00647320 -0.00779115    0.00647320  0.00779115    0.30427543  0.00000000
    1    2
 -0.06302415 -0.06186238   -0.14121715  0.04314855   -0.04524060 -0.04276047
 -0.14121715  0.04314855   -0.06302415 -0.06186238    0.04524060  0.04276047
 -0.04524060 -0.04276047    0.04524060  0.04276047   -0.08150869 -0.06017664
    2    1
 -0.06302415  0.06186238   -0.14121715 -0.04314855   -0.04524060  0.04276047
 -0.14121715 -0.04314855   -0.06302415  0.06186238    0.04524060 -0.04276047
 -0.04524060  0.04276047    0.04524060 -0.04276047   -0.08150869  0.06017664
    2    2
  0.25245758  0.00000000   -0.00607996  0.00000000   -0.00647320 -0.00779115
 -0.00607996  0.00000000    0.25245758  0.00000000    0.00647320  0.00779115
 -0.00647320  0.00779115    0.00647320 -0.00779115    0.30427543  0.00000000

     Dynamical  Matrix in cartesian axes

     q = (   -0.250000000   0.750000000   0.750000000 ) 

    1    1
  0.30427543  0.00000000   -0.00647320 -0.00779115   -0.00647320 -0.00779115
 -0.00647320  0.00779115    0.25245758  0.00000000    0.00607996  0.00000000
 -0.00647320  0.00779115    0.00607996  0.00000000    0.25245758  0.00000000
    1    2
 -0.06017664  0.08150869   -0.04276047  0.04524060   -0.04276047  0.04524060
 -0.04276047  0.04524060   -0.06186238  0.06302415   -0.04314855 -0.14121715
 -0.04276047  0.04524060   -0.04314855 -0.14121715   -0.06186238  0.06302415
    2    1
 -0.06017664 -0.08150869   -0.04276047 -0.04524060   -0.04276047 -0.04524060
 -0.04276047 -0.04524060   -0.06186238 -0.06302415   -0.04314855  0.14121715
 -0.04276047 -0.04524060   -0.04314855  0.14121715   -0.06186238 -0.06302415
    2    2
  0.30427543  0.00000000   -0.00647320  0.00779115   -0.00647320  0.00779115
 -0.00647320 -0.00779115    0.25245758  0.00000000    0.00607996  0.00000000
 -0.00647320 -0.00779115    0.00607996  0.00000000    0.25245758  0.00000000

     Dynamical  Matrix in cartesian axes

     q = (    0.250000000   0.750000000  -0.750000000 ) 

    1    1
  0.30427543  0.00000000    0.00647320  0.00779115   -0.00647320 -0.00779115
  0.00647320 -0.00779115    0.25245758  0.00000000   -0.00607996  0.00000000
 -0.00647320  0.00779115   -0.00607996  0.00000000    0.25245758  0.00000000
    1    2
 -0.08150869 -0.06017664    0.04524060  0.04276047   -0.04524060 -0.04276047
  0.04524060  0.04276047   -0.06302415 -0.06186238   -0.14121715  0.04314855
 -0.04524060 -0.04276047   -0.14121715  0.04314855   -0.06302415 -0.06186238
    2    1
 -0.08150869  0.06017664    0.04524060 -0.04276047   -0.04524060  0.04276047
  0.04524060 -0.04276047   -0.06302415  0.06186238   -0.14121715 -0.04314855
 -0.04524060  0.04276047   -0.14121715 -0.04314855   -0.06302415  0.06186238
    2    2
  0.30427543  0.00000000    0.00647320 -0.00779115   -0.00647320  0.00779115
  0.00647320  0.00779115    0.25245758  0.00000000   -0.00607996  0.00000000
 -0.00647320 -0.00779115   -0.00607996  0.00000000    0.25245758  0.00000000

     Dynamical  Matrix in cartesian axes

     q = (   -0.250000000  -0.750000000  -0.750000000 ) 

    1    1
  0.30427543  0.00000000    0.00647320  0.00779115    0.00647320  0.00779115
  0.00647320 -0.00779115    0.25245758  0.00000000    0.00607996  0.00000000
  0.00647320 -0.00779115    0.00607996  0.00000000    0.25245758  0.00000000
    1    2
  0.08150869  0.06017664   -0.04524060 -0.04276047   -0.04524060 -0.04276047
 -0.04524060 -0.04276047    0.06302415  0.06186238   -0.14121715  0.04314855
 -0.04524060 -0.04276047   -0.14121715  0.04314855    0.06302415  0.06186238
    2    1
  0.08150869 -0.06017664   -0.04524060  0.04276047   -0.04524060  0.04276047
 -0.04524060  0.04276047    0.06302415 -0.06186238   -0.14121715 -0.04314855
 -0.04524060  0.04276047   -0.14121715 -0.04314855    0.06302415 -0.06186238
    2    2
  0.30427543  0.00000000    0.00647320 -0.00779115    0.00647320 -0.00779115
  0.00647320  0.00779115    0.25245758  0.00000000    0.00607996  0.00000000
  0.00647320  0.00779115    0.00607996  0.00000000    0.25245758  0.00000000

     Dynamical  Matrix in cartesian axes

     q = (    0.750000000   0.750000000  -0.250000000 ) 

    1    1
  0.25245758  0.00000000    0.00607996  0.00000000   -0.00647320  0.00779115
  0.00607996  0.00000000    0.25245758  0.00000000   -0.00647320  0.00779115
 -0.00647320 -0.00779115   -0.00647320 -0.00779115    0.30427543  0.00000000
    1    2
 -0.06186238  0.06302415   -0.04314855 -0.14121715   -0.04276047  0.04524060
 -0.04314855 -0.14121715   -0.06186238  0.06302415   -0.04276047  0.04524060
 -0.04276047  0.04524060   -0.04276047  0.04524060   -0.06017664  0.08150869
    2    1
 -0.06186238 -0.06302415   -0.04314855  0.14121715   -0.04276047 -0.04524060
 -0.04314855  0.14121715   -0.06186238 -0.06302415   -0.04276047 -0.04524060
 -0.04276047 -0.04524060   -0.04276047 -0.04524060   -0.06017664 -0.08150869
    2    2
  0.25245758  0.00000000    0.00607996  0.00000000   -0.00647320 -0.00779115
  0.00607996  0.00000000    0.25245758  0.00000000   -0.00647320 -0.00779115
 -0.00647320  0.00779115   -0.00647320  0.00779115    0.30427543  0.00000000

     Dynamical  Matrix in cartesian axes

     q = (    0.750000000  -0.750000000   0.250000000 ) 

    1    1
  0.25245758  0.00000000   -0.00607996  0.00000000    0.00647320 -0.00779115
 -0.00607996  0.00000000    0.25245758  0.00000000   -0.00647320  0.00779115
  0.00647320  0.00779115   -0.00647320 -0.00779115    0.30427543  0.00000000
    1    2
 -0.06302415 -0.06186238   -0.14121715  0.04314855    0.04524060  0.04276047
 -0.14121715  0.04314855   -0.06302415 -0.06186238   -0.04524060 -0.04276047
  0.04524060  0.04276047   -0.04524060 -0.04276047   -0.08150869 -0.06017664
    2    1
 -0.06302415  0.06186238   -0.14121715 -0.04314855    0.04524060 -0.04276047
 -0.14121715 -0.04314855   -0.06302415  0.06186238   -0.04524060  0.04276047
  0.04524060 -0.04276047   -0.04524060  0.04276047   -0.08150869  0.06017664
    2    2
  0.25245758  0.00000000   -0.00607996  0.00000000    0.00647320  0.00779115
 -0.00607996  0.00000000    0.25245758  0.00000000   -0.00647320 -0.00779115
  0.00647320 -0.00779115   -0.00647320  0.00779115    0.30427543  0.00000000

     Dynamical  Matrix in cartesian axes

     q = (   -0.750000000  -0.750000000  -0.250000000 ) 

    1    1
  0.25245758  0.00000000    0.00607996  0.00000000    0.00647320 -0.00779115
  0.00607996  0.00000000    0.25245758  0.00000000    0.00647320 -0.00779115
  0.00647320  0.00779115    0.00647320  0.00779115    0.30427543  0.00000000
    1    2
  0.06302415  0.06186238   -0.14121715  0.04314855   -0.04524060 -0.04276047
 -0.14121715  0.04314855    0.06302415  0.06186238   -0.04524060 -0.04276047
 -0.04524060 -0.04276047   -0.04524060 -0.04276047    0.08150869  0.06017664
    2    1
  0.06302415 -0.06186238   -0.14121715 -0.04314855   -0.04524060  0.04276047
 -0.14121715 -0.04314855    0.06302415 -0.06186238   -0.04524060  0.04276047
 -0.04524060  0.04276047   -0.04524060  0.04276047    0.08150869 -0.06017664
    2    2
  0.25245758  0.00000000    0.00607996  0.00000000    0.00647320  0.00779115
  0.00607996  0.00000000    0.25245758  0.00000000    0.00647320  0.00779115
  0.00647320 -0.00779115    0.00647320 -0.00779115    0.30427543  0.00000000

     Dynamical  Matrix in cartesian axes

     q = (    0.250000000  -0.750000000   0.750000000 ) 

    1    1
  0.30427543  0.00000000   -0.00647320 -0.00779115    0.00647320  0.00779115
 -0.00647320  0.00779115    0.25245758  0.00000000   -0.00607996  0.00000000
  0.00647320 -0.00779115   -0.00607996  0.00000000    0.25245758  0.00000000
    1    2
 -0.08150869 -0.06017664   -0.04524060 -0.04276047    0.04524060  0.04276047
 -0.04524060 -0.04276047   -0.06302415 -0.06186238   -0.14121715  0.04314855
  0.04524060  0.04276047   -0.14121715  0.04314855   -0.06302415 -0.06186238
    2    1
 -0.08150869  0.06017664   -0.04524060  0.04276047    0.04524060 -0.04276047
 -0.04524060  0.04276047   -0.06302415  0.06186238   -0.14121715 -0.04314855
  0.04524060 -0.04276047   -0.14121715 -0.04314855   -0.06302415  0.06186238
    2    2
  0.30427543  0.00000000   -0.00647320  0.00779115    0.00647320 -0.00779115
 -0.00647320 -0.00779115    0.25245758  0.00000000   -0.00607996  0.00000000
  0.00647320  0.00779115   -0.00607996  0.00000000    0.25245758  0.00000000

     Dynamical  Matrix in cartesian axes

     q = (   -0.750000000  -0.750000000   0.250000000 ) 

    1    1
  0.25245758  0.00000000    0.00607996  0.00000000   -0.00647320 -0.00779115
  0.00607996  0.00000000    0.25245758  0.00000000   -0.00647320 -0.00779115
 -0.00647320  0.00779115   -0.00647320  0.00779115    0.30427543  0.00000000
    1    2
 -0.06186238 -0.06302415   -0.04314855  0.14121715   -0.04276047 -0.04524060
 -0.04314855  0.14121715   -0.06186238 -0.06302415   -0.04276047 -0.04524060
 -0.04276047 -0.04524060   -0.04276047 -0.04524060   -0.06017664 -0.08150869
    2    1
 -0.06186238  0.06302415   -0.04314855 -0.14121715   -0.04276047  0.04524060
 -0.04314855 -0.14121715   -0.06186238  0.06302415   -0.04276047  0.04524060
 -0.04276047  0.04524060   -0.04276047  0.04524060   -0.06017664  0.08150869
    2    2
  0.25245758  0.00000000    0.00607996  0.00000000   -0.00647320  0.00779115
  0.00607996  0.00000000    0.25245758  0.00000000   -0.00647320  0.00779115
 -0.00647320 -0.00779115   -0.00647320 -0.00779115    0.30427543  0.00000000

     Dynamical  Matrix in cartesian axes

     q = (    0.250000000   0.750000000   0.750000000 ) 

    1    1
  0.30427543  0.00000000    0.00647320 -0.00779115    0.00647320 -0.00779115
  0.00647320  0.00779115    0.25245758  0.00000000    0.00607996  0.00000000
  0.00647320  0.00779115    0.00607996  0.00000000    0.25245758  0.00000000
    1    2
  0.08150869 -0.06017664   -0.04524060  0.04276047   -0.04524060  0.04276047
 -0.04524060  0.04276047    0.06302415 -0.06186238   -0.14121715 -0.04314855
 -0.04524060  0.04276047   -0.14121715 -0.04314855    0.06302415 -0.06186238
    2    1
  0.08150869  0.06017664   -0.04524060 -0.04276047   -0.04524060 -0.04276047
 -0.04524060 -0.04276047    0.06302415  0.06186238   -0.14121715  0.04314855
 -0.04524060 -0.04276047   -0.14121715  0.04314855    0.06302415  0.06186238
    2    2
  0.30427543  0.00000000    0.00647320  0.00779115    0.00647320  0.00779115
  0.00647320 -0.00779115    0.25245758  0.00000000    0.00607996  0.00000000
  0.00647320 -0.00779115    0.00607996  0.00000000    0.25245758  0.00000000

     Dynamical  Matrix in cartesian axes

     q = (   -0.250000000  -0.750000000   0.750000000 ) 

    1    1
  0.30427543  0.00000000    0.00647320 -0.00779115   -0.00647320  0.00779115
  0.00647320  0.00779115    0.25245758  0.00000000   -0.00607996  0.00000000
 -0.00647320 -0.00779115   -0.00607996  0.00000000    0.25245758  0.00000000
    1    2
 -0.08150869  0.06017664    0.04524060 -0.04276047   -0.04524060  0.04276047
  0.04524060 -0.04276047   -0.06302415  0.06186238   -0.14121715 -0.04314855
 -0.04524060  0.04276047   -0.14121715 -0.04314855   -0.06302415  0.06186238
    2    1
 -0.08150869 -0.06017664    0.04524060  0.04276047   -0.04524060 -0.04276047
  0.04524060  0.04276047   -0.06302415 -0.06186238   -0.14121715  0.04314855
 -0.04524060 -0.04276047   -0.14121715  0.04314855   -0.06302415 -0.06186238
    2    2
  0.30427543  0.00000000    0.00647320  0.00779115   -0.00647320 -0.00779115
  0.00647320 -0.00779115    0.25245758  0.00000000   -0.00607996  0.00000000
 -0.00647320  0.00779115   -0.00607996  0.00000000    0.25245758  0.00000000

     Dynamical  Matrix in cartesian axes

     q = (    0.750000000   0.750000000   0.250000000 ) 

    1    1
  0.25245758  0.00000000    0.00607996  0.00000000    0.00647320  0.00779115
  0.00607996  0.00000000    0.25245758  0.00000000    0.00647320  0.00779115
  0.00647320 -0.00779115    0.00647320 -0.00779115    0.30427543  0.00000000
    1    2
  0.06302415 -0.06186238   -0.14121715 -0.04314855   -0.04524060  0.04276047
 -0.14121715 -0.04314855    0.06302415 -0.06186238   -0.04524060  0.04276047
 -0.04524060  0.04276047   -0.04524060  0.04276047    0.08150869 -0.06017664
    2    1
  0.06302415  0.06186238   -0.14121715  0.04314855   -0.04524060 -0.04276047
 -0.14121715  0.04314855    0.06302415  0.06186238   -0.04524060 -0.04276047
 -0.04524060 -0.04276047   -0.04524060 -0.04276047    0.08150869  0.06017664
    2    2
  0.25245758  0.00000000    0.00607996  0.00000000    0.00647320 -0.00779115
  0.00607996  0.00000000    0.25245758  0.00000000    0.00647320 -0.00779115
  0.00647320  0.00779115    0.00647320  0.00779115    0.30427543  0.00000000

     Dynamical  Matrix in cartesian axes

     q = (    0.250000000  -0.750000000  -0.750000000 ) 

    1    1
  0.30427543  0.00000000   -0.00647320  0.00779115   -0.00647320  0.00779115
 -0.00647320 -0.00779115    0.25245758  0.00000000    0.00607996  0.00000000
 -0.00647320 -0.00779115    0.00607996  0.00000000    0.25245758  0.00000000
    1    2
 -0.06017664 -0.08150869   -0.04276047 -0.04524060   -0.04276047 -0.04524060
 -0.04276047 -0.04524060   -0.06186238 -0.06302415   -0.04314855  0.14121715
 -0.04276047 -0.04524060   -0.04314855  0.14121715   -0.06186238 -0.06302415
    2    1
 -0.06017664  0.08150869   -0.04276047  0.04524060   -0.04276047  0.04524060
 -0.04276047  0.04524060   -0.06186238  0.06302415   -0.04314855 -0.14121715
 -0.04276047  0.04524060   -0.04314855 -0.14121715   -0.06186238  0.06302415
    2    2
  0.30427543  0.00000000   -0.00647320 -0.00779115   -0.00647320 -0.00779115
 -0.00647320  0.00779115    0.25245758  0.00000000    0.00607996  0.00000000
 -0.00647320  0.00779115    0.00607996  0.00000000    0.25245758  0.00000000

     Dynamical  Matrix in cartesian axes

     q = (    0.750000000  -0.750000000  -0.250000000 ) 

    1    1
  0.25245758  0.00000000   -0.00607996  0.00000000   -0.00647320 -0.00779115
 -0.00607996  0.00000000    0.25245758  0.00000000    0.00647320  0.00779115
 -0.00647320  0.00779115    0.00647320 -0.00779115    0.30427543  0.00000000
    1    2
 -0.06302415  0.06186238   -0.14121715 -0.04314855   -0.04524060  0.04276047
 -0.14121715 -0.04314855   -0.06302415  0.06186238    0.04524060 -0.04276047
 -0.04524060  0.04276047    0.04524060 -0.04276047   -0.08150869  0.06017664
    2    1
 -0.06302415 -0.06186238   -0.14121715  0.04314855   -0.04524060 -0.04276047
 -0.14121715  0.04314855   -0.06302415 -0.06186238    0.04524060  0.04276047
 -0.04524060 -0.04276047    0.04524060  0.04276047   -0.08150869 -0.06017664
    2    2
  0.25245758  0.00000000   -0.00607996  0.00000000   -0.00647320  0.00779115
 -0.00607996  0.00000000    0.25245758  0.00000000    0.00647320 -0.00779115
 -0.00647320 -0.00779115    0.00647320  0.00779115    0.30427543  0.00000000

     Diagonalizing the dynamical matrix

     q = (    0.750000000  -0.250000000   0.750000000 ) 

 **************************************************************************
     freq (    1) =       4.177716 [THz] =     139.353613 [cm-1]
 (  0.045622 -0.497914 -0.000000  0.000000 -0.045622  0.497914 ) 
 (  0.500000  0.000000 -0.000000 -0.000000 -0.500000  0.000000 ) 
     freq (    2) =       5.863978 [THz] =     195.601236 [cm-1]
 ( -0.388777 -0.168142 -0.343077  0.153163 -0.388777 -0.168142 ) 
 ( -0.423580 -0.000000 -0.254090 -0.276765 -0.423580  0.000000 ) 
     freq (    3) =       9.464192 [THz] =     315.691455 [cm-1]
 (  0.122469 -0.284866  0.373125  0.410466  0.122469 -0.284866 ) 
 ( -0.310077  0.000000  0.229722  0.504909 -0.310077  0.000000 ) 
     freq (    4) =      12.250272 [THz] =     408.625079 [cm-1]
 (  0.066670  0.316985 -0.401134 -0.359504  0.066670  0.316985 ) 
 ( -0.323920  0.000000  0.434368  0.318552 -0.323920  0.000000 ) 
     freq (    5) =      13.815978 [THz] =     460.851423 [cm-1]
 (  0.045622 -0.497914  0.000000 -0.000000 -0.045622  0.497914 ) 
 ( -0.500000  0.000000 -0.000000 -0.000000  0.500000  0.000000 ) 
     freq (    6) =      14.208552 [THz] =     473.946277 [cm-1]
 ( -0.304043 -0.164518 -0.461552  0.218982 -0.304043 -0.164518 ) 
 (  0.345700 -0.000000  0.301721  0.412247  0.345700 -0.000000 ) 
 **************************************************************************
